1328
7
598
598
400
400
11
11
9
50
401
404
12
46
49
49
44
45
45
586
595
595
1
3
3
47
631
403
406
406
406
16
4
64
623
368
364
365
2
2
4
68
63
66
627
364
365
362
142
144
63
367
369
370
362
138
137
138
136
144
112
112
111
65
640
662
662
371
372
138
144
115
104
638
638
661
663
663
372
127
117
117
116
109
104
639
638
869
925
923
127
1059
868
869
869
925
923
923
1059
1010
868
856
848
927
1001
864
859
855
855
932
932
928
1067
1002
1002
1007
906
859
859
832
1078
1065
1065
1002
1015
1015
1015
1007
906
906
851
993
993
1078
1074
1072
1072
996
1015
1014
904
904
850
1074
1087
900
900
989
985
1073
1127
1088
1127
1088
1081
1082
1083
909
908
895
896
988
1140
1082
907
894
894
894
989
988
987
986
1139
1120
1093
1093
1093
1090
585
585
585
585
584
583
599
600
600
600
399
400
404
405
405
11
11
9
7
9
7
5
6
49
50
50
44
585
583
598
598
595
402
600
404
404
12
12
14
13
9
9
7
48
49
47
50
45
586
587
586
595
595
403
401
407
407
407
407
14
16
14
14
14
4
1
46
47
47
45
45
45
622
622
631
631
403
403
403
407
406
15
16
16
2
3
3
46
68
63
64
623
622
623
630
631
631
368
364
365
363
363
15
363
16
4
68
68
63
64
66
626
626
627
368
369
364
366
366
363
135
135
135
142
143
143
143
68
112
62
65
66
66
65
626
626
640
628
628
627
369
370
362
137
137
136
144
144
144
118
119
119
112
111
111
104
637
640
640
660
660
367
371
372
370
138
138
138
136
117
115
115
109
112
108
103
639
637
638
661
661
662
663
663
371
372
372
126
126
126
128
128
128
117
115
114
116
109
108
103
104
639
639
661
663
847
372
925
924
924
924
1058
128
117
116
116
114
114
1004
103
103
1010
867
867
870
869
856
870
848
848
848
847
925
926
927
927
1058
1061
1059
1059
1058
1064
1004
1064
1048
1005
1004
1010
1009
867
867
868
858
856
848
847
927
927
928
928
1062
1060
1061
1066
1066
1067
1002
1064
1003
1008
1007
1010
864
868
864
855
856
832
832
932
931
1060
1065
1066
1066
1067
1001
1008
1001
1013
1008
1007
864
859
855
850
832
932
993
932
929
928
1078
1065
1066
1067
997
996
1013
1015
1011
905
905
906
853
853
854
854
851
851
991
995
995
1078
1074
1071
996
996
1014
905
906
906
900
850
851
990
993
995
994
1073
1075
1075
1074
1072
1072
1088
1088
1088
1087
1083
1014
1080
904
904
909
903
900
896
896
990
991
994
985
1073
995
1075
1075
1073
1129
1127
1087
1083
1079
909
907
897
899
901
896
989
987
986
986
1140
1139
1139
1121
1127
1121
1081
1093
1081
1083
1083
908
909
897
897
898
895
895
894
989
988
988
986
1139
1139
1121
1093
1092
1082
1089
1089
1089
1090
907
599
6
584
585
583
599
600
600
399
399
405
409
405
413
10
10
8
8
5
49
50
50
44
58
584
590
589
583
594
594
594
402
596
400
402
399
394
408
408
12
10
13
1
8
6
48
48
42
43
43
587
590
593
593
594
403
401
401
408
19
19
18
19
18
13
17
13
0
46
69
42
43
43
622
587
588
589
624
593
592
408
407
19
16
17
0
0
71
71
71
70
41
41
624
624
630
631
629
629
629
333
336
336
365
339
135
142
141
2
67
67
67
70
62
64
625
630
627
368
333
369
366
366
362
134
142
140
120
120
65
66
642
642
660
369
370
361
134
136
141
118
140
119
120
120
110
642
642
641
628
659
659
660
659
658
367
356
125
125
139
139
140
130
113
119
123
123
112
108
110
107
639
638
633
659
659
658
371
663
361
360
360
125
125
124
127
128
131
133
113
114
109
108
106
633
870
662
845
847
360
924
922
127
128
1058
129
113
1005
105
1009
865
866
870
870
846
849
849
926
921
922
1062
1062
1063
1063
1048
1048
1047
1004
1003
1005
1009
867
867
866
866
858
849
849
926
927
920
1062
1062
1063
1064
1055
1047
1005
1008
1009
1009
864
863
861
863
859
858
858
857
834
833
930
931
928
1061
1066
1070
1057
1002
999
1001
1006
1013
864
863
852
854
930
932
931
929
1060
1069
1070
1070
997
999
1013
1006
902
853
854
833
992
992
992
951
994
1068
1068
1071
1000
1000
1013
997
1014
905
911
878
903
902
851
851
831
991
992
994
994
1078
1077
1076
1076
1071
1129
997
1087
1085
1014
1080
911
911
903
903
901
901
896
990
991
990
994
1136
1075
1128
1128
1129
1086
1079
1079
1080
1080
911
912
901
893
989
987
985
1138
1137
1137
1129
1137
1129
1123
1086
1081
1083
909
908
909
910
907
898
897
898
895
892
892
893
982
982
987
1138
1140
1138
1120
1140
1120
1121
1123
1123
1092
1092
1091
1090
1089
1120
1091
1092
581
597
6
584
582
582
582
581
599
597
597
596
394
395
409
414
413
413
28
8
8
5
60
61
61
60
59
59
58
58
590
581
597
591
596
394
394
411
409
413
410
413
21
13
5
60
61
56
587
590
589
589
593
591
591
396
397
396
411
19
18
21
17
21
1
39
71
69
42
60
42
41
590
588
588
592
588
592
592
336
336
335
339
19
18
23
38
0
38
69
71
70
41
80
624
630
629
647
336
335
339
340
157
17
157
67
69
70
78
81
80
625
625
643
645
333
332
354
366
134
155
141
141
162
162
118
161
120
70
62
88
89
625
642
641
648
628
645
654
355
356
356
354
359
134
139
141
140
120
123
91
110
635
642
641
641
654
355
352
361
361
125
359
124
131
139
130
118
123
123
110
106
107
107
637
633
633
653
659
654
658
352
352
360
360
124
124
133
129
113
122
105
106
107
632
636
632
653
632
846
845
845
914
922
922
133
133
133
132
1051
1050
121
1016
1016
1029
1030
865
865
870
846
846
914
914
913
921
922
1045
1046
1051
1051
1048
1047
1016
1016
1030
1021
1009
861
861
857
857
849
913
913
921
920
921
1062
1045
1055
1051
1057
1047
998
1021
1021
1027
1027
863
862
834
833
930
930
931
952
920
920
1044
929
1060
1044
1055
1057
1057
999
1021
1026
1006
862
857
862
854
834
833
953
953
951
1078
1042
1069
1057
1000
999
1012
1011
878
880
877
880
853
831
831
953
992
951
1077
943
1069
1069
1071
1070
1000
1000
1012
1012
1011
878
878
902
902
874
901
830
830
831
979
991
975
1077
1076
1068
1126
1084
1085
1097
912
912
888
901
901
888
979
984
1077
1135
1136
1137
1126
1128
1125
1086
1086
1079
882
912
912
899
899
893
980
984
984
983
1136
1136
1137
1126
1128
1126
1091
1125
1095
1095
910
910
910
898
892
893
984
981
982
983
1138
1140
1134
1131
1124
1122
1124
1123
1123
1123
1091
1094
1095
1095
892
1090
613
582
614
581
609
597
607
596
398
395
409
414
412
414
414
29
29
32
32
33
33
61
59
61
58
614
614
591
610
610
602
398
395
395
411
411
410
410
413
20
26
29
32
39
40
60
56
57
617
617
616
602
602
398
397
397
411
396
20
20
21
23
24
21
39
39
74
74
55
56
56
617
618
617
605
605
601
335
341
24
24
38
23
40
74
79
81
81
651
651
618
643
605
647
647
333
335
334
340
334
340
22
23
36
161
162
38
161
73
77
78
78
80
82
650
651
651
651
643
647
647
332
332
332
339
338
157
159
157
162
161
98
100
100
77
77
91
89
89
635
648
648
645
646
355
355
356
359
155
155
156
163
164
163
164
99
100
91
100
92
88
635
648
653
654
355
353
359
156
130
99
99
94
91
107
636
636
656
657
657
423
352
353
360
358
152
131
131
132
130
121
122
122
105
107
106
636
634
632
653
840
840
353
357
357
357
152
133
132
132
129
1051
1050
121
1020
122
121
87
1029
776
776
775
842
846
840
841
915
914
921
919
1045
1046
1046
1046
1050
1050
1018
1017
1017
1030
1030
767
776
860
842
844
844
843
917
915
915
919
1046
1046
1056
1018
1017
1017
1022
1030
1026
1028
861
860
768
852
834
842
844
844
844
843
948
913
1044
1044
1043
1055
1057
1022
1026
1026
1033
1031
1027
880
877
862
852
833
833
952
953
952
952
943
944
944
1043
1069
1056
1056
998
1022
1023
1033
1033
1032
880
877
836
953
947
946
1077
1043
1069
1158
1054
1054
998
1084
1084
1033
1012
1098
880
880
874
874
887
835
837
975
951
975
946
946
1156
1158
1158
1158
1152
1152
1152
1084
1097
1098
1098
871
875
875
888
887
888
835
979
976
975
1135
1158
1157
1151
1126
1111
1085
1096
1098
1096
1097
881
882
885
888
889
978
981
980
984
983
1135
1134
1135
1131
1126
1122
1085
1096
1094
1095
881
882
885
885
891
891
889
981
984
981
983
1132
1134
1131
1130
1124
1124
1111
1094
1095
891
609
57
613
613
612
609
606
606
607
388
392
393
393
393
391
391
412
412
374
28
29
33
52
52
52
52
55
53
57
615
615
614
610
610
607
388
398
392
373
28
26
29
31
32
40
33
54
54
55
57
615
618
616
610
602
601
398
397
396
389
389
380
20
22
36
40
40
74
76
79
81
617
620
618
618
616
604
605
604
601
603
334
334
341
341
341
410
22
24
40
37
73
76
76
82
652
652
652
619
604
604
344
337
340
159
22
37
160
36
76
76
79
82
82
651
644
644
646
344
344
337
338
338
159
159
159
162
162
160
73
101
77
78
92
650
650
649
646
354
337
338
155
156
156
165
165
99
102
98
102
101
92
92
92
89
635
649
645
657
646
423
355
354
358
358
163
149
152
163
164
99
93
93
93
86
87
88
85
636
634
657
656
657
353
358
152
149
145
99
145
146
93
94
86
87
85
634
775
656
423
840
431
841
357
154
153
146
1040
146
1040
1049
1020
87
1029
776
775
775
775
787
917
917
916
915
154
1038
1041
1040
1041
1049
1020
1019
1020
1020
1019
1030
1029
776
768
776
767
780
842
780
781
843
841
917
916
916
919
919
1045
1040
1053
1018
1019
1028
1028
768
767
860
780
781
843
950
943
944
1043
1042
1056
1056
1022
1023
1026
1033
1035
1031
1032
876
830
836
836
953
950
949
950
944
944
1043
1043
1054
998
1033
1032
1036
879
879
877
877
836
836
837
837
949
949
947
947
945
1155
1054
1103
1102
1101
1102
1032
879
871
875
874
874
887
838
838
838
977
838
977
976
946
1156
1156
1157
1151
1152
1106
1101
1101
1098
872
872
871
874
887
887
835
979
978
976
976
1156
1160
1157
1157
1151
1105
1105
1105
1098
882
881
884
884
889
889
980
978
978
983
963
962
1132
1160
1145
1146
1111
1112
1113
1096
881
884
885
883
885
884
891
891
890
890
980
963
963
963
1132
1134
1133
1134
1133
1130
1130
1122
1112
1112
1110
1110
1110
1130
613
612
611
609
606
579
608
606
385
392
392
393
391
374
27
29
27
34
34
51
51
53
51
55
53
53
248
615
615
612
610
608
607
388
388
390
390
393
391
373
25
31
34
30
30
51
55
242
242
621
620
620
620
608
601
608
389
389
380
373
380
25
25
35
30
35
75
54
55
81
242
621
621
619
604
512
603
349
351
381
380
345
270
25
35
36
37
37
75
75
76
79
82
241
652
619
619
644
604
512
603
349
351
351
350
351
338
345
345
158
160
37
37
73
72
79
194
194
82
518
650
649
644
646
511
350
350
350
342
338
158
158
165
158
160
102
102
72
72
90
89
193
521
649
520
502
421
344
421
428
342
342
148
165
165
164
102
102
101
90
84
90
521
526
527
527
499
501
421
430
429
429
150
148
149
149
145
97
93
96
86
86
83
526
656
655
423
424
423
431
433
431
430
150
154
151
147
145
97
95
95
96
86
634
773
655
655
655
787
424
787
431
433
432
152
154
153
153
153
147
146
1041
1019
95
1316
85
772
773
774
782
785
786
841
432
916
918
918
153
1039
1041
1049
1028
1315
774
774
768
774
769
781
787
787
917
941
918
941
918
1039
1041
1052
1018
1025
1052
1025
1025
1019
1035
1035
1035
768
771
780
779
761
948
938
939
944
1038
1037
1053
1025
1024
1035
1036
768
771
770
770
778
781
779
948
934
950
950
939
939
1037
1054
1023
1102
1036
876
879
770
839
837
949
945
945
1037
1054
1155
1155
1103
1103
1099
1100
872
871
873
873
839
886
839
838
954
954
977
934
947
945
1159
1153
1151
1155
1106
1103
1102
1107
1101
1100
696
872
696
875
873
886
886
886
955
977
956
954
968
1161
1160
1160
1106
1106
1107
1105
1104
1104
1104
696
883
883
883
890
956
963
961
962
968
1132
1160
1161
1145
1145
1146
1111
1113
1113
1109
1109
1109
694
694
681
681
681
890
960
956
956
961
963
962
1133
1142
1133
1145
1145
1148
1113
1112
1110
1110
960
579
375
572
612
612
579
580
580
385
390
393
384
374
374
27
27
34
34
207
207
244
244
247
248
247
615
611
570
571
570
580
578
385
387
390
375
377
282
282
30
279
215
216
240
244
240
242
248
621
621
621
508
571
385
390
378
377
381
281
283
281
281
30
279
216
216
240
240
242
241
534
509
508
509
509
509
514
349
348
381
270
273
273
215
216
195
518
518
508
511
512
349
350
348
343
346
345
270
270
272
271
318
72
194
195
193
193
522
518
522
520
510
512
512
350
428
342
343
347
343
346
319
320
320
320
318
101
204
194
194
522
521
502
501
501
421
428
429
429
331
319
320
97
204
96
90
527
521
527
527
499
502
420
420
430
429
150
149
148
330
311
97
96
84
84
83
84
83
526
526
527
498
424
424
430
434
434
151
149
147
311
312
95
84
87
83
773
772
798
498
783
784
785
424
786
434
434
434
432
151
154
147
1176
312
1049
1311
1314
1314
1316
1316
1315
793
773
782
798
783
783
784
785
787
786
757
764
941
942
151
941
1175
1177
1176
1309
1311
1314
1310
1314
1315
1316
793
794
782
785
786
761
942
1175
1039
1176
1177
1039
1309
1322
797
794
797
769
778
778
781
761
761
938
938
939
939
1176
1174
1038
1052
1233
1025
1024
1309
1024
1034
1036
795
797
796
771
771
721
779
779
760
936
1173
1037
1225
1037
1053
1232
1024
1034
1034
1036
795
795
770
720
721
721
839
722
934
933
933
934
936
936
1159
1153
1154
1154
1103
1099
1099
1099
700
702
702
702
839
720
955
955
955
954
937
937
937
1161
1159
1153
1155
1154
1147
1107
1103
1100
696
702
680
957
958
968
937
968
1161
1161
1153
1147
1107
1108
1107
1108
1114
698
698
702
698
682
957
958
962
967
1161
1144
1146
1150
1119
1119
1117
1114
698
695
682
682
683
680
681
960
960
961
966
967
1142
1144
1141
1143
1148
1144
1148
1119
1117
1117
1117
1116
694
961
1110
375
280
572
572
570
579
580
387
387
384
387
384
375
376
377
280
282
282
208
208
207
244
247
245
247
248
573
572
570
577
578
387
383
384
376
376
377
377
286
282
283
282
208
279
207
245
247
534
570
576
578
578
379
379
379
382
286
285
283
281
283
214
216
215
214
216
239
239
241
535
535
508
515
514
514
348
378
378
382
382
382
273
272
272
273
271
204
214
212
239
195
195
241
519
534
533
510
513
514
512
348
348
348
343
346
382
272
272
271
206
206
194
193
191
519
522
536
510
511
511
347
442
442
346
440
346
269
331
320
317
320
205
205
206
204
192
191
522
520
519
502
500
500
500
419
443
443
427
331
331
319
316
318
201
315
202
201
192
191
525
524
525
499
499
501
418
419
428
427
330
324
319
311
311
201
181
525
525
498
498
418
422
420
427
425
322
321
324
312
324
312
315
182
182
799
799
783
784
422
422
422
434
433
432
425
425
425
322
323
1178
1307
1307
1310
1312
1310
1316
798
802
784
784
757
764
764
764
942
1175
1175
1178
1307
1311
1310
1313
1316
794
794
782
777
757
758
765
762
764
942
940
942
1173
1173
1175
1178
1309
1311
1321
1322
1324
1323
1324
794
794
796
778
796
777
777
760
761
762
940
1172
1172
1174
1174
1319
1321
1317
1323
797
796
777
722
722
760
760
933
935
936
1224
1232
1232
1232
1268
1317
1268
1318
1036
1317
790
797
700
701
704
720
721
723
717
933
936
936
1224
1239
1224
1225
1229
1154
1229
1268
1269
1269
1268
1274
1273
700
700
704
704
722
718
718
965
1241
1224
1240
1229
1267
1267
1108
1272
1100
697
699
703
703
680
718
957
958
958
965
965
964
1241
1241
1144
1147
1147
1235
1107
1108
1114
1270
698
703
698
683
683
680
679
957
679
958
965
968
967
1142
1141
1218
1143
1240
1150
1147
1118
1118
1116
1114
694
695
683
683
683
679
960
959
959
959
970
966
970
966
967
1142
1141
1141
1143
1148
1143
1150
1150
1149
1119
1149
1115
1115
1116
1115
1116
280
245
573
574
575
575
575
386
387
384
457
456
456
376
287
280
208
210
210
210
210
211
245
243
246
246
246
575
577
577
576
386
386
383
376
286
460
285
285
288
288
209
211
209
211
213
243
248
238
573
574
577
577
576
576
386
379
379
286
286
286
284
285
289
289
289
209
213
239
238
238
535
533
535
515
515
517
517
517
484
379
382
284
277
272
214
212
199
199
212
190
188
535
536
535
538
515
533
516
517
484
496
442
492
269
269
274
277
271
276
199
206
189
190
188
536
537
500
538
516
506
513
510
484
444
444
442
441
441
441
331
317
316
205
206
203
189
192
192
191
536
519
507
506
506
419
444
443
444
440
440
331
330
329
328
319
316
316
205
203
201
181
177
523
524
524
503
419
417
419
443
437
426
329
330
324
325
315
314
315
315
202
181
181
185
183
524
524
503
418
418
435
427
426
426
322
322
325
325
313
314
313
314
313
182
182
185
185
799
801
802
503
416
415
426
426
321
321
323
1308
1310
1313
1312
1313
799
802
801
801
808
808
821
757
765
766
766
766
763
1164
942
1166
1180
1178
1177
1307
1308
1310
1327
1327
1324
791
791
791
802
790
805
804
758
758
765
763
763
940
1173
1175
1180
1179
1177
1319
1321
1322
1324
1325
791
792
805
805
805
758
759
762
763
940
1202
1172
1172
1174
1233
1180
1233
1319
1321
1321
1323
1318
1323
792
797
790
792
796
804
804
759
717
741
935
935
1201
1200
1201
1201
1202
1225
1228
1232
1232
1320
1318
701
684
704
725
725
725
725
718
723
935
741
1201
1226
1225
1226
1230
1230
1229
1231
1269
1269
1268
1274
1273
1273
701
701
704
724
723
719
719
718
965
964
964
1239
1241
1226
1226
1230
1269
1274
1274
1270
1270
701
699
701
703
703
678
677
716
719
718
972
965
974
974
1241
1241
1240
1237
1252
1267
1272
1272
1270
697
697
674
678
678
678
677
714
971
971
974
969
1218
1220
1234
1237
1236
1150
1118
1251
1115
1250
695
667
695
664
676
676
679
714
971
971
970
969
1218
1218
1219
1234
1150
1149
1149
1236
1118
1115
1115
562
562
564
563
564
473
472
457
460
456
287
257
252
209
210
211
245
243
246
573
562
574
577
567
476
474
475
472
457
459
459
287
288
252
221
210
213
243
232
232
574
574
569
569
568
476
475
475
474
458
284
287
288
289
213
221
212
239
232
229
541
516
497
497
494
274
284
278
277
276
198
200
199
219
190
187
188
229
537
537
537
533
538
517
484
496
497
492
274
278
278
277
276
200
200
200
190
189
189
537
538
506
516
485
485
496
444
441
492
438
326
327
327
327
317
203
176
188
529
529
532
507
506
507
417
444
436
439
439
440
326
326
327
328
328
328
328
317
202
203
177
177
529
532
532
532
507
507
417
435
437
329
329
325
314
299
202
292
179
183
185
183
523
530
524
504
503
416
417
416
415
437
455
325
325
292
177
178
184
184
800
801
800
800
807
821
416
415
415
435
1164
324
1165
313
1308
1312
1313
184
1312
184
802
807
807
808
823
766
753
752
1184
1164
1166
1166
1179
1300
1308
1326
1326
801
808
808
805
823
822
765
765
752
752
1185
1164
1180
1166
1180
1179
1298
1321
1327
1327
1327
792
792
803
805
822
765
759
1200
1200
1202
1202
1181
1181
1181
1233
1297
1320
1320
1327
1325
788
788
803
759
741
1200
1202
1227
1181
1181
1231
1266
1318
1320
1325
688
684
725
724
723
717
742
717
742
1228
1228
1228
1230
1231
1231
1265
1265
1274
1266
1273
688
688
684
685
724
724
717
740
973
1239
1227
1228
1242
1236
1265
1274
1273
1271
1271
666
686
674
677
678
712
716
719
974
973
973
973
1211
1220
1222
1242
1238
1242
1238
1252
1251
1271
1271
667
668
674
674
675
677
678
714
712
713
714
972
974
972
974
1220
1222
1223
1238
1238
1238
1236
1238
1252
1250
1251
1250
1249
1249
667
667
667
664
676
714
714
971
970
969
1220
1219
1219
1219
1234
1237
1234
1254
1254
1250
1249
969
257
561
563
562
564
564
564
567
473
473
472
457
460
257
258
252
252
252
252
218
218
217
233
231
232
231
563
564
568
567
472
476
474
458
458
459
459
258
253
253
217
217
230
230
231
541
542
563
568
569
569
568
476
476
458
459
251
250
249
250
220
221
219
230
232
229
541
542
543
543
559
568
476
483
475
497
493
494
494
494
274
251
263
276
250
250
198
221
197
219
186
228
228
541
540
538
559
486
497
493
492
494
275
275
275
278
198
200
197
186
186
187
186
187
187
529
558
505
485
486
495
495
496
489
278
326
302
278
306
307
299
268
200
180
176
175
531
531
531
505
505
504
486
439
438
303
303
304
307
307
299
299
299
198
203
180
176
176
530
532
532
504
505
436
436
436
439
438
438
304
304
305
305
307
298
292
180
179
180
178
183
800
814
448
446
448
435
453
455
453
454
323
290
290
292
294
293
179
184
800
819
819
449
449
449
449
753
455
753
455
1185
455
455
1163
1163
1165
290
1162
294
1299
1299
1299
1290
1289
184
806
807
821
449
756
753
1185
1165
1166
1166
1171
1300
1299
1299
1298
1326
789
806
806
808
825
823
823
823
822
756
756
755
755
755
1186
1185
1186
1169
1169
1170
1297
1298
1293
1326
1294
789
788
806
825
823
824
754
755
752
1186
1186
1197
1198
1170
1169
1169
1306
1297
1320
1295
1294
789
788
803
824
743
743
743
741
1199
1198
1297
1296
1295
1325
1295
1295
687
687
687
684
687
690
685
730
729
743
742
742
742
742
1207
1206
1207
1227
1198
1227
1243
1275
1266
1266
1279
1282
688
688
685
685
730
734
739
739
740
740
1207
1206
1212
1227
1244
1243
1256
1279
1280
1281
1282
686
686
669
675
675
712
711
740
972
1212
1212
1212
1211
1244
1242
1244
1243
1255
1253
1256
1265
1256
1280
1281
666
668
669
675
669
713
712
709
1221
1222
1223
1235
1223
1235
1252
1253
1251
1248
1248
1247
668
668
664
665
676
713
713
711
711
708
709
1221
1221
1223
1223
1235
1254
1254
1254
1254
1248
1248
1249
665
561
254
560
560
561
561
466
473
471
471
465
460
257
258
258
258
255
218
218
227
233
233
234
544
560
544
560
566
468
467
473
467
466
464
459
256
251
255
253
221
217
227
227
230
231
542
543
543
547
568
468
468
467
475
464
464
461
251
253
249
224
220
221
228
228
543
559
556
483
495
467
493
493
263
263
261
220
219
197
236
229
540
540
559
558
485
483
482
495
490
493
275
275
263
268
196
174
540
528
557
558
558
554
486
490
302
301
302
265
268
196
197
174
174
173
529
549
528
557
505
481
486
479
486
489
438
303
306
299
298
180
174
175
175
531
531
504
446
479
438
454
452
303
304
306
309
306
297
297
298
298
180
170
170
169
169
169
530
818
817
446
448
453
453
454
454
452
309
310
305
290
294
294
293
169
178
818
818
817
446
449
447
1187
1163
1162
291
294
293
1290
178
1289
818
818
820
821
820
756
747
1187
1184
1188
1191
1163
1191
1171
1300
1299
1300
1290
1290
1290
1288
812
813
825
825
822
754
754
755
1186
1191
1191
1171
1171
1305
1298
1293
1294
1294
789
813
826
825
826
828
754
755
744
746
1186
1199
1197
1170
1170
1306
1305
1296
1293
1295
1293
1295
810
810
824
828
729
744
745
746
1207
1199
1198
1197
1196
1306
1296
1291
1292
691
692
690
692
728
730
729
729
745
746
1207
1205
1207
1206
1199
1195
1195
1195
1275
1279
1278
1278
1283
1282
1283
1282
691
693
690
728
729
739
739
739
1212
1205
1212
1244
1243
1244
1256
1279
1283
1281
1282
686
666
693
669
733
735
735
735
734
739
1209
1211
1210
1244
1213
1264
1255
1280
1247
1280
1281
668
666
669
670
735
735
707
707
1209
1209
1215
1222
1223
1255
1253
1259
1248
1247
1245
665
666
665
710
710
711
708
709
709
709
708
709
1222
1217
1261
1260
1261
1259
1247
1248
1245
1216
471
544
561
256
258
255
256
255
254
226
223
223
226
227
234
234
544
566
566
466
469
464
465
465
256
255
224
224
227
225
234
234
548
548
566
556
468
469
463
461
462
259
261
222
222
225
237
539
539
542
543
556
483
470
491
462
461
263
260
267
237
236
539
540
558
558
556
482
491
490
461
262
261
268
265
197
171
171
173
549
549
557
554
480
482
490
491
489
301
267
266
267
174
174
550
553
551
552
554
481
481
480
487
479
489
302
306
306
268
295
170
175
550
553
481
479
447
451
300
309
308
297
295
170
553
552
445
445
452
452
452
309
291
296
296
168
170
169
816
818
814
820
749
751
747
452
310
310
1162
310
291
1303
294
1290
166
811
812
817
820
751
750
747
1188
1187
1190
1171
1168
1167
1303
1288
1289
1288
812
812
820
750
747
1188
1190
1191
1171
1303
1306
1304
1287
1286
809
813
813
825
826
827
829
829
829
1183
1182
1182
1197
1189
1196
1305
1304
1287
1292
809
810
826
829
828
726
746
746
1199
1182
1192
1192
1196
1196
1304
1306
1291
1292
1292
692
690
728
729
746
1205
1203
1193
1195
1195
1275
1276
1276
1278
1283
1282
693
692
730
737
737
1208
1204
1205
1210
1213
1262
1279
1278
1285
671
672
689
733
734
737
734
737
1208
1208
1210
1213
1255
1258
1258
1285
1285
1284
671
735
732
707
736
1209
1215
1217
1216
1216
1264
1257
1258
1258
1246
1246
671
670
670
710
706
1215
1217
1217
1216
1261
1261
1259
1246
1246
1245
708
548
565
466
465
226
235
548
465
223
225
547
546
469
470
224
491
462
262
261
237
236
539
557
482
262
265
266
171
555
488
262
172
173
549
552
480
487
301
297
305
266
166
552
445
445
478
487
451
300
308
296
168
168
816
553
749
447
450
296
817
814
452
291
1286
166
811
815
750
748
1190
1167
1167
1167
813
829
829
750
751
748
1183
1189
1305
1302
810
1192
1189
1194
1194
1306
1304
1301
1286
827
744
1203
1193
1301
1292
689
726
745
1193
1196
1275
1277
693
728
727
1204
1210
1264
1277
1285
691
673
733
736
1208
1214
1264
1262
1258
1285
671
732
706
1214
1263
1259
673
736
1260
1257
548
249
224
226
259
555
556
470
222
301
265
267
551
551
488
480
167
447
166
1288
814
1287
827
811
748
1190
1302
1183
1302
726
1292
1276
693
1203
1264
1262
1263
1257
705
706
254
237
255
226
548
469
236
259
171
488
555
491
266
550
308
296
168
749
748
1188
1287
827
828
1301
1301
691
1203
1194
727
1204
1284
727
1214
1214
731
736
1215
1263
1259
1245
565
223
463
261
222
225
547
262
488
172
554
265
167
553
478
451
487
310
450
748
1190
1189
1182
1193
689
1194
732
1264
1284
732
1216
1260
565
463
462
259
237
470
462
555
172
551
477
300
167
296
816
816
450
1168
1303
1286
811
751
1183
809
726
744
809
689
727
1276
731
673
673
706
1217
1263
565
463
715
715
235
546
546
571
738
477
260
260
172
478
550
478
749
167
814
1168
815
815
1168
1303
1183
1302
1189
1194
545
1204
1277
1277
1263
672
672
731
1262
1284
731
705
545
513
715
264
235
235
738
738
477
264
477
716
711
716
623
300
772
769
545
31
1131
705
26
1003
672
1003
26
720
94
