1664
350
740
739
792
792
356
353
350
375
780
784
353
344
374
374
371
372
372
744
738
737
342
343
343
411
743
717
724
727
727
359
338
369
746
717
721
721
359
339
339
415
415
369
719
715
723
722
294
293
415
694
693
690
722
296
295
296
293
292
254
254
254
258
626
692
701
690
691
296
307
243
257
634
634
701
701
700
691
300
306
246
245
244
257
633
634
1377
1278
1283
301
1212
1374
1374
1377
1274
1284
1283
1213
1158
1375
1373
1371
1274
1165
1352
1358
1358
1371
1264
1266
1265
1240
1238
1165
1168
1357
1357
1359
1269
1224
1225
1226
1238
1163
1167
1167
1169
1355
1357
1360
1267
1321
1224
1048
1230
1228
1150
1166
1166
1354
1353
1306
1047
1139
1443
1445
1311
1317
1046
1137
1137
1118
1138
1138
1133
1132
1441
1441
1447
1448
1317
1040
1133
1436
1446
1446
1310
1310
1317
1318
1318
1040
1121
1120
1119
1136
1136
733
732
733
732
732
730
740
739
791
791
792
792
785
783
783
356
356
350
349
349
346
345
346
374
375
371
370
731
730
740
740
740
791
739
785
784
353
353
351
355
350
350
350
373
376
374
376
372
731
744
744
743
737
786
786
724
780
784
780
352
360
352
352
358
342
347
411
410
411
367
372
367
744
746
742
743
738
716
725
724
727
360
358
359
339
343
338
411
413
414
368
746
745
746
741
742
719
720
717
725
727
726
360
726
359
340
413
415
414
414
369
627
628
719
715
692
715
721
723
723
295
298
298
294
294
288
340
340
415
414
258
368
258
258
627
625
625
626
719
692
694
689
722
295
296
294
292
287
293
234
234
236
255
257
255
257
627
625
626
697
694
693
690
687
687
299
299
300
299
236
234
243
243
254
249
256
636
636
635
701
642
701
698
699
691
691
688
302
303
301
307
301
307
246
243
242
246
249
248
248
256
633
633
701
700
1278
688
1276
1284
1284
1284
1214
306
245
246
246
246
244
1162
248
256
1160
1365
1384
1376
1376
1372
1377
1371
1377
1277
1279
1278
1275
1276
1283
1212
1214
1213
1213
1214
1239
1236
1240
1237
1236
1162
1157
1158
1365
1365
1375
1375
1373
1372
1279
1274
1266
1266
1265
1209
1223
1223
1245
1245
1240
1240
1239
1161
1157
1159
1158
1389
1374
1352
1373
1372
1269
1268
1266
1265
1224
1223
1227
1240
1240
1165
1165
1164
1164
1169
1168
1352
1357
1360
1360
1269
1268
1263
1264
1262
1265
1222
1227
1227
1226
1152
1150
1169
1163
1167
1356
1354
1356
1359
1362
1363
1360
1364
1306
1308
1319
1263
1225
1225
1229
1228
1151
1166
1353
1356
1355
1362
1360
1307
1306
1320
1321
1319
1046
1048
1048
1047
1061
1230
1137
1139
1139
1141
1133
1166
1131
1353
1441
1440
1443
1443
1448
1311
1320
1320
1320
1318
1048
1324
1047
1047
1061
1060
1061
1139
1132
1132
1441
1438
1445
1445
1445
1448
1312
1316
1318
1318
1046
1042
1061
1121
1123
1118
1138
1119
1143
1133
1134
1442
1438
1436
1444
1437
1448
1448
1309
1310
1310
1313
1318
1041
1041
1123
1120
1136
1136
1135
1135
1135
1136
1436
735
346
733
732
729
735
739
789
789
785
785
816
783
815
354
356
348
348
345
373
375
375
370
370
733
752
730
729
730
737
734
790
790
791
790
790
788
782
784
353
356
352
347
348
345
396
376
376
366
365
753
753
747
747
737
787
787
782
781
361
363
363
362
363
358
357
351
341
344
341
367
364
365
745
753
750
748
750
743
718
725
727
361
360
357
342
343
413
410
410
409
365
364
745
745
741
742
639
720
720
720
716
725
727
704
297
298
288
339
340
338
413
412
406
369
629
624
720
720
712
716
712
723
703
297
293
288
238
238
259
259
629
629
697
694
689
685
297
295
288
235
287
236
239
239
253
625
635
635
626
640
696
640
697
697
694
694
302
304
310
307
307
308
235
242
239
240
255
249
255
252
636
634
642
642
698
699
689
699
688
688
688
304
304
303
300
305
311
308
309
242
241
249
251
648
1376
699
1296
1279
688
1285
1285
301
305
1214
305
241
1182
248
1160
1384
1385
1375
1376
1297
1291
1279
1276
1285
1286
1210
1213
1247
1244
1247
1235
1237
1236
1160
1161
1159
1389
1385
1385
1367
1373
1370
1277
1275
1275
1280
1211
1244
1245
1245
1243
1237
1161
1161
1159
1158
1390
1389
1390
1390
1367
1367
1358
1370
1370
1273
1268
1261
1209
1223
1243
1229
1242
1238
1154
1164
1157
1164
1390
1399
1362
1363
1270
1261
1263
1262
1224
1231
1227
1234
1228
1153
1149
1169
1356
1361
1364
1269
1267
1271
1271
1263
1263
1232
1232
1229
1155
1153
1150
1151
1167
1399
1398
1398
1353
1362
1364
1308
1308
1307
1321
1319
1321
1050
1049
1052
1049
1230
1060
1152
1151
1141
1148
1145
1439
1440
1440
1433
1454
1455
1452
1312
1308
1324
1324
1052
1052
1059
1060
1118
1142
1143
1141
1131
1131
1439
1440
1455
1312
1312
1314
1316
1045
1045
1042
1060
1045
1122
1130
1142
1143
1134
1442
1442
1442
1438
1438
1437
1444
1444
1447
1448
1453
1309
1312
1314
1315
1315
1041
1045
1121
1041
1123
1123
1119
1122
1119
1130
1143
1136
1135
1123
1130
1129
728
736
346
729
771
728
772
729
736
735
798
796
782
796
812
815
818
817
324
354
348
329
373
378
379
378
379
379
379
366
752
749
736
734
797
789
781
808
815
816
818
818
324
355
345
402
378
366
753
752
749
749
749
801
801
787
788
782
807
363
363
314
357
313
347
402
396
402
410
380
366
366
751
748
751
747
657
718
801
787
713
704
704
362
363
317
333
332
333
397
401
409
366
406
750
655
657
714
714
711
703
704
273
315
290
332
398
409
408
407
406
628
628
639
639
714
711
712
703
273
273
290
291
290
291
238
289
238
412
412
210
259
629
630
624
631
638
638
695
677
712
676
702
702
274
286
286
287
239
237
212
253
630
635
631
641
695
678
680
685
686
303
685
278
310
310
309
236
237
239
247
250
252
259
636
648
643
641
696
679
698
680
680
685
686
304
303
309
309
242
241
247
251
251
649
649
649
642
648
1297
1296
1276
1281
1286
1286
311
311
311
308
1247
1235
241
1182
1182
1195
1195
1386
1386
1367
1366
1297
1275
1282
1281
1286
1286
1216
1211
1247
1246
1246
1237
1181
1182
1191
1182
1159
1385
1388
1367
1370
1291
1282
1249
1280
1210
1210
1210
1211
1244
1246
1242
1246
1181
1181
1190
1191
1191
1388
1387
1369
1292
1272
1272
1272
1250
1209
1249
1211
1199
1224
1241
1243
1242
1154
1154
1171
1189
1149
1401
1368
1400
1363
1369
1273
1273
1270
1250
1222
1231
1231
1242
1154
1148
1149
1149
1399
1398
1397
1401
1362
1305
1270
1271
1271
1257
1050
1248
1232
1232
1230
1233
1156
1153
1148
1146
1145
1398
1399
1399
1361
1435
1454
1364
1305
1305
1304
1304
1325
1051
1049
1055
1155
1151
1124
1145
1433
1433
1435
1455
1455
1452
1305
1325
1052
1052
1052
1049
1065
1126
1126
1125
1142
1140
1430
1431
1431
1454
1452
1303
1312
1300
1315
1323
1043
1045
1062
1062
1059
1126
1130
1125
1140
1117
1439
1432
1432
1451
1453
1302
1300
1301
1315
1315
1045
1044
1045
1063
1123
1128
1127
1127
1130
1130
1129
1116
1117
1117
1453
1116
771
771
772
772
776
736
798
797
797
812
812
818
815
818
817
323
324
329
330
383
329
377
377
378
382
768
771
734
775
779
800
796
806
812
808
808
814
814
818
321
322
324
322
331
399
377
381
381
769
769
773
800
801
799
805
805
808
808
314
314
313
317
314
321
331
399
402
401
386
380
380
751
650
751
748
658
801
781
807
317
316
333
316
399
402
391
403
404
654
654
652
655
657
658
656
714
713
708
705
708
706
315
317
332
336
291
333
289
398
397
392
407
407
405
631
653
655
654
654
661
661
710
714
711
703
707
274
280
274
290
291
221
398
221
398
408
212
210
209
632
631
655
638
661
678
677
676
707
275
277
275
277
284
286
285
222
221
212
223
213
210
632
643
641
678
677
681
682
278
284
227
223
211
212
252
647
647
643
645
637
679
679
681
684
683
278
262
276
262
260
227
228
240
250
252
251
649
646
644
641
1298
1296
681
683
684
683
268
262
261
260
260
1218
1218
229
1180
229
229
219
1194
1386
1386
1380
1380
1297
1299
1299
1281
1282
1281
1208
1216
1217
1217
1215
1219
1219
1180
1179
1180
1195
1195
1387
1379
1380
1366
1290
1292
1292
1295
1249
1282
1207
1216
1215
1170
1177
1180
1179
1172
1191
1189
1193
1388
1388
1379
1395
1369
1392
1369
1292
1292
1291
1252
1249
1201
1200
1200
1241
1242
1172
1184
1190
1185
1186
1191
1403
1400
1401
1394
1368
1273
1252
1251
1252
1250
1250
1202
1199
1200
1231
1234
1156
1171
1171
1174
1184
1184
1185
1401
1400
1434
1260
1260
1258
1054
1055
1233
1055
1233
1155
1156
1156
1146
1185
1145
1146
1402
1397
1404
1435
1434
1303
1338
1304
1259
1257
1257
1057
1053
1055
1055
1065
1233
1064
1155
1124
1146
1144
1113
1408
1430
1404
1435
1434
1303
1305
1300
1325
1325
1051
1065
1065
1064
1126
1125
1140
1112
1113
1113
1144
1408
1432
1451
1450
1450
1302
1301
1301
1325
1322
1323
1090
1043
1063
1062
1128
1124
1112
1111
1117
1430
1432
1431
1449
1451
1450
1302
1302
1315
1350
1322
1322
1044
1044
1074
1127
1127
1096
1116
1117
1449
777
382
770
772
777
777
776
798
798
826
826
826
826
827
825
825
813
814
813
323
323
330
385
385
389
385
389
388
381
768
767
770
779
774
797
795
799
827
814
323
321
322
322
330
330
385
383
387
386
381
769
761
779
775
775
800
804
804
805
804
806
808
314
312
337
400
400
402
400
390
403
769
651
773
652
652
657
775
656
803
803
805
809
807
810
811
811
312
316
337
335
394
395
390
405
667
650
650
652
658
658
710
706
706
280
316
337
336
337
391
392
391
405
407
653
662
662
662
709
710
705
618
707
280
280
281
279
285
226
398
226
392
392
213
632
666
675
662
676
707
707
275
275
277
283
285
222
226
223
223
225
213
213
210
209
632
674
637
645
637
597
678
681
682
684
276
276
278
284
284
222
228
233
211
220
218
217
218
646
647
645
645
592
681
683
267
262
263
227
264
263
228
229
220
220
218
647
1378
644
592
1298
596
1299
684
267
268
261
1220
261
1219
1219
1176
219
1194
1383
1378
1380
1394
1298
1294
1294
1295
1295
268
1208
1221
1221
1221
1218
1177
1178
1178
1178
1176
1195
1195
1382
1382
1379
1379
1393
1392
1391
1290
1290
1299
1294
1293
1253
1208
1208
1201
1221
1198
1177
1178
1192
1193
1381
1387
1396
1391
1289
1287
1252
1248
1207
1201
1200
1198
1170
1172
1172
1189
1187
1186
1188
1186
1403
1396
1394
1288
1251
1256
1260
1259
1204
1201
1196
1197
1198
1174
1184
1185
1188
1403
1402
1406
1395
1410
1337
1337
1337
1260
1254
1258
1202
1054
1055
1175
1175
1104
1183
1183
1183
1402
1409
1406
1406
1406
1415
1415
1336
1337
1338
1338
1338
1328
1258
1058
1058
1065
1067
1067
1104
1104
1103
1144
1409
1409
1408
1406
1416
1416
1334
1334
1326
1328
1323
1057
1087
1065
1063
1068
1103
1102
1111
1113
1422
1421
1427
1429
1451
1333
1339
1326
1326
1350
1350
1348
1091
1090
1073
1095
1097
1096
1112
1113
1421
1420
1427
1421
1427
1428
1449
1428
1450
1341
1340
1341
1351
1351
1348
1091
1091
1090
1088
1074
1074
1095
1097
1096
1115
1114
1114
1074
770
767
778
779
777
754
776
794
795
831
831
827
822
822
319
320
319
326
384
384
384
389
389
388
388
388
10
762
767
779
779
774
795
830
802
829
828
831
827
820
320
327
327
325
384
387
386
9
10
761
762
763
766
774
803
774
809
828
820
820
811
318
318
320
325
337
400
387
387
403
9
667
762
763
763
764
803
804
809
810
811
620
312
318
334
334
335
335
394
395
395
390
404
16
668
652
668
660
660
659
659
600
708
607
608
708
706
620
618
281
279
334
335
393
395
391
18
18
405
666
651
666
660
662
601
602
609
610
618
618
281
282
283
281
224
224
226
393
393
208
208
16
675
675
675
659
594
710
595
595
617
619
282
283
283
285
226
225
225
208
216
209
672
673
673
674
674
568
594
595
595
619
272
272
265
265
265
233
233
233
220
217
216
672
644
593
592
592
597
585
589
590
585
272
268
271
264
264
232
231
230
230
220
646
1383
591
591
593
1539
597
1542
596
589
590
267
266
266
266
270
270
263
1220
973
231
975
218
1383
1474
1383
1534
1392
1541
1294
590
1293
1205
1205
269
1206
1217
974
1192
980
1382
1383
1382
1484
1393
1393
1541
1541
1295
1559
1206
1205
1206
1217
1221
1221
1177
972
972
971
970
1192
1193
1193
1187
1381
1396
1393
1289
1287
1253
1253
1207
1203
1203
1197
1198
1170
1173
1187
1188
1403
1490
1396
1410
1411
1289
1289
1254
1256
1253
1255
1204
1204
1197
1175
1175
1173
1188
1403
1403
1411
1335
1335
1256
1255
1058
1056
1197
1066
1068
1175
1174
1005
1005
1409
1405
1414
1414
1412
1415
1336
1336
1332
1331
1327
1327
1259
1057
1058
1071
1068
1068
1067
1104
1101
1104
1101
1106
1419
1405
1419
1405
1414
1416
1415
1333
1334
1334
1327
1328
1346
1086
1058
1087
1104
1100
1100
1102
1098
1112
1101
1422
1420
1427
1426
1429
1333
1351
1343
1345
1347
1091
1087
1087
1072
1073
1072
1093
1097
1115
1105
1106
1114
1421
1420
1428
1429
1429
1423
1341
1340
1339
1343
1351
1349
1088
1089
1088
1073
1073
1097
1092
1096
1107
1114
1341
756
823
758
757
778
754
793
794
793
831
831
824
822
819
320
319
327
327
3
3
5
8
10
7
7
758
757
755
756
755
756
802
795
830
829
823
821
52
54
326
53
1
1
12
12
11
9
10
762
761
760
765
755
598
828
828
821
613
55
54
57
53
325
53
1
2
2
12
21
20
760
766
766
763
764
766
802
608
616
613
56
56
57
0
2
21
668
668
766
602
600
603
607
608
621
621
620
116
57
109
109
108
394
17
18
18
17
665
664
668
668
660
601
603
610
609
610
621
609
623
619
116
105
108
107
108
225
188
13
17
665
665
569
569
571
603
610
617
619
116
105
105
232
188
233
216
673
672
670
670
568
569
571
595
586
585
272
282
271
114
127
233
230
216
215
215
216
214
669
673
670
567
593
597
587
586
588
271
271
265
127
128
230
215
215
214
1473
1474
1473
593
1538
1538
1539
597
1542
587
590
590
590
269
269
270
903
127
903
974
973
977
976
976
980
1483
1474
1482
1474
1535
1538
1538
1539
1542
1542
1540
1559
1559
893
270
1206
906
904
907
972
973
975
965
975
980
980
1484
1484
1536
1536
1541
1546
1558
892
907
908
904
909
968
979
1488
1484
1488
1488
1534
1536
1546
1546
1553
1553
1553
1204
1203
892
908
909
971
875
969
970
969
970
968
981
1493
1493
1490
1490
1489
1288
1288
1545
1545
1255
1203
1196
882
909
874
1009
969
1006
1005
1004
1493
1492
1410
1411
1411
1611
1335
1611
1254
1625
1625
1256
1255
1056
1056
1071
873
1066
1008
1006
1006
1006
1492
1413
1414
1413
1336
1412
1330
1332
1331
1331
1347
1331
1346
1085
1085
1071
1070
1070
1066
1100
1101
1098
1419
1405
1416
1333
1330
1347
1346
1347
1086
1086
1071
1069
1094
1099
1100
1099
1106
1418
1419
1426
1418
1426
1344
1329
1349
1349
1086
1079
1078
1077
1093
1093
1106
1110
1418
1417
1428
1425
1424
1425
1423
1342
1344
1343
1348
1345
1089
1089
1084
1082
1077
1077
1077
1093
1092
1105
1109
1109
1417
1343
1107
819
67
759
759
756
754
473
473
471
831
472
824
823
824
819
67
68
52
58
63
3
5
7
8
11
7
758
758
755
467
793
470
470
824
823
822
821
821
69
54
70
52
58
60
5
12
11
760
757
467
467
469
616
615
615
611
76
76
70
55
54
60
1
0
2
2
21
20
20
459
457
766
461
600
598
605
616
616
616
612
611
56
56
75
57
59
192
24
24
25
25
23
21
663
765
456
559
599
600
599
608
607
606
623
622
613
116
115
109
191
192
17
16
14
663
664
456
570
603
602
609
604
621
623
582
622
116
115
106
109
107
191
191
189
189
13
15
665
671
565
568
570
570
571
601
604
583
623
113
114
105
106
108
183
184
182
189
13
15
671
671
671
569
567
571
549
572
574
582
117
117
126
126
128
182
203
669
670
567
567
551
551
586
573
576
119
118
118
127
126
129
183
203
205
1471
1472
1537
1537
550
550
587
587
589
588
576
575
575
119
117
903
967
967
967
976
966
980
1473
1472
1535
1539
1540
1557
1557
1559
893
894
906
905
974
967
965
977
978
1483
1482
1535
1536
1546
1543
1556
1554
1558
895
895
893
892
891
907
907
972
974
963
983
979
981
979
1485
1482
1486
1536
1485
1543
1543
1543
1554
1555
895
892
891
908
909
969
970
983
981
1494
1490
1544
1611
1610
1545
1555
1630
1629
890
877
874
873
876
1009
1004
1007
1007
1004
1001
1494
1493
1492
1491
1489
1606
1605
1611
1625
1630
1629
1633
878
877
882
881
872
872
872
1008
1009
1008
1008
1013
1003
1491
1492
1572
1605
1611
1627
1608
1632
878
878
880
880
999
999
1099
1003
1003
1560
1560
1569
1413
1604
1601
1329
1330
1627
1627
1631
1633
879
1083
1079
1070
1070
838
1094
1099
1105
1003
1562
1569
1418
1424
1425
1340
1604
1342
1601
1329
1622
1621
1631
1084
1082
1083
1080
1079
1078
1069
1094
1094
1110
1110
1417
1561
1424
1424
1425
1340
1342
1344
1344
1344
1622
1349
1621
1345
1621
1089
1084
1080
1080
1078
1081
1075
1076
1076
1108
1075
1109
1108
1109
1110
1110
66
8
450
465
464
473
464
473
472
471
508
508
509
509
67
67
63
64
63
62
61
62
4
46
8
49
6
466
464
467
469
470
468
508
509
69
510
69
69
70
60
64
64
64
4
4
45
6
48
459
466
467
467
479
469
470
507
615
77
77
70
77
73
71
68
59
60
62
23
19
41
459
456
460
462
462
461
600
479
468
616
613
77
72
72
59
24
25
192
25
23
19
460
458
460
455
457
456
559
564
605
606
614
612
76
111
75
112
112
110
192
193
22
23
14
458
421
559
427
457
560
562
599
562
606
606
584
580
622
578
115
106
184
194
194
190
190
15
201
15
424
424
565
561
560
572
584
574
584
581
581
114
114
113
111
106
125
124
194
182
189
201
201
423
423
567
566
549
549
556
573
582
577
121
120
120
124
128
125
183
187
184
202
203
205
207
422
422
567
551
574
573
577
577
577
119
119
120
123
129
187
129
196
196
203
205
204
204
1471
1471
1480
566
551
548
576
575
118
118
129
967
966
976
987
978
1469
1470
1470
1471
1477
1518
1517
1540
1550
1556
1556
1557
1557
894
894
902
902
905
905
967
963
965
987
986
978
1469
1487
1485
1477
1485
1512
1513
1513
1551
1552
1554
1558
893
894
906
901
897
904
964
964
986
984
985
1487
1486
1499
1511
1513
1508
1551
1555
1555
895
896
891
891
908
876
876
875
963
964
983
983
982
984
1487
1494
1494
1486
1489
1511
1511
1544
1652
1630
1630
896
888
888
890
889
885
883
883
876
1009
1010
1010
1491
1500
1572
1607
1607
1606
1607
1611
1610
1632
1630
889
877
882
883
873
871
873
871
999
1011
1011
1013
1011
1002
1565
1572
1572
1606
1608
1609
1627
1608
1626
1634
1632
1633
879
882
881
872
999
1012
1013
1002
1002
1565
1565
1565
1570
1570
1602
1604
1601
1601
1626
1635
1635
1636
1635
1633
879
880
843
1014
1015
1023
1013
1024
1560
1560
1570
1569
1603
1604
1603
1600
1624
1623
1622
1621
1083
855
1081
1080
843
1076
1023
1026
1026
1026
1562
1561
1562
1567
1567
1603
1599
1600
1623
1623
1622
1618
1084
1083
1081
1081
1076
1078
1075
842
1026
1025
1026
450
453
454
454
475
472
516
508
510
510
66
103
65
63
61
61
47
47
49
450
450
465
464
477
478
516
517
517
508
512
512
66
65
65
88
62
46
46
49
48
462
462
463
480
479
496
495
495
499
507
74
73
72
71
86
90
42
44
48
41
459
463
605
499
579
75
75
72
71
59
86
86
42
44
22
39
19
39
460
460
420
457
441
564
564
614
614
580
75
141
140
112
110
194
194
193
44
190
22
420
421
560
564
563
563
605
583
580
579
578
138
111
140
112
110
194
166
14
424
424
425
427
561
561
558
572
556
584
584
582
137
138
138
104
104
124
125
187
186
190
165
166
423
426
428
427
552
561
555
574
584
122
122
124
187
187
186
197
202
206
202
207
423
426
428
428
553
555
556
548
547
531
529
121
123
197
197
195
207
207
1471
1479
1471
1480
1480
1517
548
547
547
530
935
121
901
129
962
962
987
205
987
204
1475
1476
1477
1477
1517
1550
1549
1548
934
935
902
901
898
948
962
945
986
1475
1477
1513
1513
1513
1508
1552
1552
1549
1549
933
935
902
900
898
897
948
964
986
985
985
1487
1486
1499
1512
1509
1551
1551
887
888
888
884
885
900
886
876
951
952
952
984
985
1496
1500
1499
1509
1653
889
884
883
886
886
867
1000
982
992
1001
1497
1500
1607
1607
1609
1609
1653
1626
1648
883
883
867
868
871
867
1000
998
1013
1011
1010
1565
1571
1571
1571
1602
1609
1652
1634
1636
1632
865
880
870
838
1000
1012
1013
1020
1002
1563
1564
1571
1602
1570
1591
1591
1626
1635
1637
1635
1637
864
855
854
865
844
870
844
1016
1015
1023
1024
1564
1564
1566
1568
1568
1603
1567
1601
1589
1590
1590
1624
1620
1620
1637
855
855
853
851
844
844
841
844
1014
1017
1019
1020
1025
1024
1561
1582
1583
1567
1599
1600
1588
1623
1620
1620
857
857
856
857
851
843
842
842
1019
1026
1022
1618
103
448
454
453
454
454
476
475
474
518
518
514
511
93
103
93
102
97
97
88
78
37
47
49
51
51
454
477
478
477
516
496
517
517
513
511
511
103
93
87
88
37
47
45
50
449
449
452
480
463
480
478
478
496
512
512
93
91
85
84
90
90
42
45
50
41
447
447
445
463
441
479
495
486
498
499
506
506
506
506
74
91
91
84
85
86
86
89
89
43
44
44
40
447
420
455
441
563
498
499
579
579
142
142
142
139
177
177
175
43
162
164
44
164
164
420
440
439
563
558
526
538
580
538
141
138
142
140
140
140
145
177
175
165
165
168
425
419
427
438
439
438
558
527
528
137
137
137
136
145
144
185
185
177
186
169
168
167
425
426
426
552
557
555
556
526
527
527
528
136
135
154
154
155
144
200
187
197
165
157
207
1481
1481
548
555
520
532
532
532
532
529
121
154
125
199
197
195
160
206
1478
1518
1520
553
546
546
547
1547
532
1548
529
934
529
530
930
930
931
198
899
199
947
948
946
945
942
207
1479
1481
1519
546
1547
1548
934
931
930
901
899
947
946
947
946
936
1476
1476
1477
1462
1462
1520
1517
1510
1508
1529
1550
1547
1528
1552
933
934
932
899
898
899
951
953
945
940
939
1472
1496
1462
1463
1510
1510
1529
1528
1549
933
933
932
885
900
898
886
951
950
954
941
941
1496
1497
1503
1501
1654
1653
1656
1656
887
884
951
954
952
982
940
992
1496
1495
1495
1500
1497
1507
1501
1594
1594
1654
1652
1653
1647
1640
1638
1638
889
866
866
866
870
868
1000
997
998
993
1495
1497
1506
1581
1592
1594
1650
1649
1648
1648
1640
1638
860
866
869
870
840
998
997
1038
1038
1564
1563
1581
1581
1580
1591
1615
1648
1636
1637
858
859
854
865
852
869
839
840
1015
1016
1015
1016
1037
1038
1566
1583
1580
1589
1580
1587
1589
1615
1619
857
852
852
853
841
1019
1018
1020
1022
1021
1037
1582
1582
1583
1585
1587
1587
1588
1588
1616
1617
1619
1619
856
853
853
841
1018
1019
1018
1017
1021
1021
1022
1585
476
98
451
452
476
476
488
519
519
519
515
515
103
101
103
102
99
80
78
37
38
51
51
449
452
452
452
490
492
492
519
494
519
519
511
101
92
99
97
87
88
35
36
51
51
446
445
445
480
490
485
496
494
494
505
501
504
92
92
79
87
90
89
40
40
446
437
485
497
498
497
505
506
96
84
83
26
28
28
27
41
447
435
441
441
486
486
484
538
538
536
142
142
139
148
181
164
419
439
435
439
440
439
541
537
133
133
133
148
181
176
175
168
162
163
419
418
433
433
433
557
557
542
540
538
528
134
145
145
176
176
168
168
167
417
428
433
554
545
528
531
521
135
135
135
155
155
144
155
143
170
169
161
157
158
157
156
417
1478
1461
553
542
527
532
523
523
523
135
152
154
200
200
199
170
158
158
1478
1481
1459
554
520
522
925
931
922
198
200
195
944
160
944
1479
1458
1520
1520
1520
1531
1532
925
934
925
929
931
929
922
947
946
947
943
942
939
936
1468
1463
1464
1458
1519
1529
1527
1527
924
923
929
922
921
957
949
953
941
939
1468
1464
1464
1520
1464
1529
1528
1528
1655
1656
933
910
917
918
918
959
949
954
953
941
954
940
1468
1467
1503
1509
1593
1655
1655
1655
1639
910
910
917
867
950
950
994
989
1504
1505
1507
1506
1501
1593
1594
1654
1651
1656
1640
1639
1640
860
912
863
860
863
862
998
996
996
997
993
989
993
1504
1505
1581
1592
1593
1649
1650
1647
1642
1639
860
866
869
863
1016
1035
1036
1039
1039
1579
1584
1577
1579
1595
1596
1595
1591
1650
1650
1642
864
850
869
839
839
840
1036
1029
1037
1039
1582
1583
1580
1584
1586
1596
1616
1645
1619
1642
850
854
852
840
1018
1032
1029
1029
1027
1576
1584
1585
1587
1587
1586
1616
1616
1617
1617
1617
1612
856
847
838
835
836
1030
1030
1022
1027
845
488
451
489
100
101
101
100
99
98
35
80
32
38
38
30
30
448
491
489
488
493
501
513
515
100
95
80
80
36
36
31
31
444
443
490
485
492
492
501
505
503
96
96
83
36
28
27
444
444
446
443
483
486
497
498
503
504
94
83
180
28
31
435
436
437
440
482
541
537
537
503
131
82
181
147
181
179
172
163
416
436
437
430
541
541
537
535
536
134
181
179
181
179
163
417
418
431
434
434
539
540
540
534
545
535
134
131
147
148
171
156
168
418
434
542
542
545
524
134
153
151
144
171
157
417
434
543
554
521
521
524
153
150
143
150
160
161
158
1460
1461
1514
1516
1516
1531
1533
521
152
152
919
152
150
957
199
943
159
1460
1458
1459
1514
1530
1531
1532
924
925
927
922
919
922
957
943
944
938
1468
1468
1526
1531
1532
924
927
922
921
956
958
957
937
938
1465
1468
1467
1463
1463
1456
1524
1526
1526
1663
923
923
917
913
918
959
958
960
937
1466
1466
1503
1524
1525
1659
1659
1656
912
1663
912
911
918
862
960
958
988
990
989
1507
1507
1503
1593
1661
1639
1661
911
863
862
959
995
996
994
989
993
1505
1506
1595
1649
1647
1641
1641
860
863
862
833
996
1035
1039
1577
1577
1598
1598
1596
1645
1646
1645
1643
1643
859
849
833
1032
1035
1036
1034
1039
1576
1596
1597
1614
1646
1642
846
850
849
845
837
836
1029
1032
1031
1029
1576
1575
1579
1586
1613
1612
846
846
845
837
836
1032
1031
1028
1027
1614
442
489
488
514
38
30
442
515
80
33
490
491
493
502
79
502
500
96
83
27
27
436
431
484
94
178
180
172
483
536
131
173
163
418
432
539
535
132
143
146
171
156
434
554
543
544
534
525
130
153
146
171
174
1461
432
1516
520
525
150
1461
1516
525
149
938
159
1460
1522
1522
1533
927
919
920
920
1458
1526
1526
1526
1530
1662
924
928
956
961
1466
915
916
916
915
959
961
961
937
1502
1662
1661
912
960
991
1502
1659
1659
911
915
832
988
1578
1598
1657
911
863
832
996
1034
1577
1578
1598
1646
1643
850
834
995
1035
1034
1578
1644
1613
849
837
1032
1575
1646
837
1031
442
79
32
34
95
437
482
484
26
132
147
178
416
431
533
545
161
522
159
944
1514
943
1457
1457
1533
928
955
1663
955
1524
990
995
1505
1661
833
833
837
1033
1614
1612
98
34
99
35
443
493
31
96
172
533
430
533
178
429
151
149
171
1530
1533
928
937
1456
1525
961
960
1504
1661
915
1658
1660
1034
1657
848
848
1597
1643
848
834
1032
1028
489
32
500
79
33
33
444
94
535
173
430
146
174
418
544
525
535
153
525
1533
928
916
913
913
1578
861
1644
834
1033
1597
847
835
487
502
500
95
34
493
503
483
173
431
539
132
174
149
1460
1461
525
920
957
938
1457
1522
1663
1466
1658
1659
1465
1502
1659
995
1573
1575
1575
1613
846
836
487
502
1628
1628
29
481
481
663
1407
483
81
81
174
544
429
544
1515
174
1515
926
1523
1523
926
949
1663
955
914
914
474
1660
991
991
861
1574
1574
1644
834
1033
1573
1614
474
468
1628
81
29
29
1407
1407
481
81
483
1498
1261
1498
471
130
1521
1267
552
331
1521
1523
328
1147
1574
1147
328
1523
328
