1632
722
211
394
387
387
733
733
720
766
405
403
738
765
767
767
787
788
789
219
383
383
718
719
719
767
218
386
315
315
315
729
718
555
220
351
308
308
582
582
717
557
558
556
260
306
308
317
582
580
557
352
344
344
307
573
574
575
580
581
559
559
559
541
259
352
355
347
345
574
581
534
541
258
261
262
263
356
347
569
530
530
529
533
543
269
268
1151
1059
1063
569
1267
1147
1148
1150
1062
1063
1061
1266
1292
1147
1155
1155
1061
1283
1138
1153
1154
1154
1053
1046
1046
1269
1279
1279
1290
1126
1125
1130
1052
1224
1224
1226
1279
1299
1299
1296
1299
1127
1127
1131
1053
1105
1050
1228
1236
1237
1278
1297
1297
1122
1125
1112
1228
1379
1131
1194
1110
1103
1102
1377
1378
1377
1379
1396
1397
1397
1174
1177
1194
1193
1117
1414
1396
1174
1191
1192
1109
1109
1117
1117
1115
1414
1413
1387
1388
1396
1393
214
214
213
210
214
212
394
394
387
392
387
401
402
401
733
734
736
720
722
722
721
722
722
766
775
787
787
215
212
212
394
385
386
387
403
403
734
735
738
736
720
723
722
767
776
786
787
789
214
219
219
212
383
384
404
405
405
403
403
737
727
738
738
738
718
719
767
770
770
789
789
789
219
220
217
351
384
382
405
316
316
727
731
731
718
719
717
768
558
555
556
221
220
216
216
218
217
311
310
306
317
316
729
317
729
717
557
560
558
555
556
275
274
351
351
352
306
307
308
317
573
585
585
584
580
583
527
524
560
560
554
555
556
554
275
260
259
260
256
352
350
346
312
573
574
584
581
527
580
526
522
526
560
543
542
543
275
258
261
263
353
353
345
348
346
578
574
575
575
528
530
534
534
546
547
546
269
268
268
262
263
263
356
356
347
349
348
578
578
569
572
569
570
530
534
534
532
547
547
547
543
269
269
262
356
1059
349
1059
1062
1063
1068
1267
572
529
529
529
531
534
1286
547
543
1292
1137
1137
1148
1152
1152
1151
1150
1150
1169
1060
1059
1058
1062
1063
1267
1263
1267
1266
1265
1273
1286
1269
1272
1286
1286
1292
1292
1138
1138
1148
1158
1152
1155
1060
1058
1047
1047
1047
1263
1262
1263
1266
1270
1269
1284
1269
1284
1290
1290
1291
1138
1147
1135
1154
1155
1055
1056
1056
1047
1049
1226
1226
1226
1248
1283
1299
1280
1293
1291
1298
1125
1129
1153
1154
1055
1052
1053
1046
1050
1046
1050
1225
1225
1236
1280
1280
1299
1296
1298
1126
1126
1127
1130
1129
1133
1132
1132
1112
1113
1105
1106
1229
1228
1238
1238
1278
1296
1122
1126
1127
1130
1131
1112
1111
1106
1103
1108
1102
1227
1227
1228
1409
1237
1378
1379
1378
1401
1397
1297
1401
1178
1177
1178
1178
1196
1196
1111
1110
1110
1103
1104
1102
1103
1410
1408
1409
1410
1409
1379
1397
1401
1177
1173
1194
1195
1196
1196
1111
1116
1115
1104
1100
1414
1409
1413
1388
1388
1379
1387
1399
1401
1395
1174
1175
1173
1195
1191
1193
1193
1192
1120
1117
1117
1100
1414
1413
1388
1387
1392
1396
1394
1393
1394
1393
1174
393
721
213
213
211
393
394
390
389
401
402
764
734
761
732
732
725
723
724
776
775
776
783
785
215
215
215
212
212
385
394
384
388
387
389
404
406
407
403
734
736
735
725
723
774
768
776
786
786
783
215
228
204
382
383
384
397
404
407
728
726
728
728
728
737
731
738
716
765
768
781
788
789
221
220
228
228
227
218
309
314
316
728
730
731
716
716
769
770
769
782
780
782
221
221
216
217
255
309
311
319
311
310
314
313
585
585
583
583
523
768
524
558
549
781
274
260
256
318
320
310
307
307
314
584
584
527
524
560
549
549
278
276
256
350
345
346
576
575
579
526
525
526
524
522
544
276
278
276
257
264
264
257
355
354
350
354
577
576
571
581
527
571
532
532
522
513
544
545
545
545
268
261
264
266
355
356
353
356
349
349
348
578
577
568
569
572
572
572
528
531
533
546
539
267
1151
265
1169
1060
331
1068
1068
569
572
1265
570
531
1285
547
1287
1142
1142
1148
1152
1170
1169
1060
1066
1070
1067
1264
1266
1274
1268
1273
1271
1272
1286
1285
1285
1291
1139
1139
1139
1149
1156
1156
1056
1058
1061
1069
1264
1264
1268
1273
1270
1272
1283
1282
1289
1287
1139
1139
1135
1135
1158
1158
1153
1157
1157
1054
1056
1045
1045
1262
1225
1248
1248
1279
1275
1283
1291
1293
1135
1136
1128
1132
1054
1051
1045
1049
1224
1234
1225
1238
1238
1280
1293
1298
1129
1133
1133
1055
1053
1113
1051
1051
1108
1235
1229
1241
1240
1276
1277
1276
1298
1199
1176
1199
1180
1129
1133
1114
1114
1114
1106
1108
1106
1107
1234
1107
1229
1229
1406
1238
1276
1398
1297
1294
1176
1179
1178
1181
1197
1197
1197
1111
1114
1119
1108
1098
1423
1410
1407
1378
1381
1398
1400
1400
1401
1179
1184
1197
1109
1117
1121
1100
1411
1411
1408
1410
1412
1407
1385
1380
1399
1395
1175
1175
1175
1184
1173
1184
1195
1195
1191
1192
1193
1120
1120
1121
1116
1100
1411
1412
1413
1412
1402
1386
1388
1384
1387
1385
1399
1392
1394
1386
1383
1392
205
391
774
205
207
205
207
205
392
392
390
390
407
375
377
764
764
762
762
725
725
743
774
773
773
772
773
773
785
783
209
206
392
388
390
389
407
407
764
764
760
761
759
736
724
771
773
779
209
224
206
228
204
400
388
397
397
406
381
728
735
759
731
715
714
811
769
812
770
771
779
777
223
228
228
227
225
309
400
397
320
314
313
726
730
748
715
716
715
812
769
782
778
780
223
226
226
319
320
320
314
327
597
731
597
523
813
782
548
782
550
273
274
255
255
318
319
321
314
592
592
583
586
588
588
523
519
523
553
553
550
550
273
278
259
276
256
257
257
343
341
341
334
312
593
579
588
587
552
511
552
542
278
277
277
266
354
342
337
335
335
577
336
567
571
571
561
525
512
513
545
545
539
538
267
267
277
266
266
342
354
337
339
335
332
567
568
565
561
532
513
540
540
539
271
272
272
265
271
1170
1171
1066
1064
1068
1067
566
566
565
566
1274
1271
515
1325
1325
1306
1306
1141
1142
1149
1164
1170
1066
1066
1070
1070
1067
1250
1264
1274
1274
1274
1272
1324
1325
1289
1285
1287
1142
1140
1159
1156
1167
1065
1069
1069
1263
1250
1264
1251
1268
1274
1245
1271
1281
1281
1282
1289
1289
1136
1134
1157
1168
1054
1024
1056
1035
1249
1049
1251
1254
1249
1251
1247
1248
1246
1275
1282
1288
1288
1134
1159
1136
1133
1157
1054
1023
1036
1035
1235
1233
1247
1248
1240
1277
1295
1294
1136
1200
1199
1198
1129
1077
1055
1036
1106
1036
1050
1034
1235
1233
1241
1240
1240
1277
1277
1294
1294
1200
1199
1180
1180
1205
1185
1133
1079
1078
1078
1113
1108
1107
1423
1234
1241
1276
1382
1373
1181
1181
1186
1186
1187
1187
1079
1098
1107
1098
1423
1422
1406
1406
1382
1381
1398
1401
1182
1181
1184
1185
1187
1079
1120
1119
1119
1098
1419
1419
1402
1402
1407
1407
1383
1382
1399
1391
1182
1183
1184
1190
1189
1093
1121
1092
1121
1118
1420
1412
1420
1404
1386
1404
1385
1385
1384
1385
1389
1390
1390
1391
1189
1389
208
209
207
205
365
392
365
364
360
377
377
762
763
763
762
758
758
744
743
774
743
772
784
773
785
209
208
391
235
237
398
396
376
376
377
381
381
760
761
759
742
744
744
714
811
771
779
785
224
209
206
400
400
396
395
396
407
381
759
760
749
749
748
749
810
810
811
815
799
779
779
224
222
224
225
400
399
326
324
751
751
749
751
810
813
815
779
777
223
222
226
226
225
246
323
319
320
325
330
330
327
750
750
715
586
586
813
516
813
812
553
548
780
548
273
299
300
300
300
305
305
323
323
321
329
330
598
598
598
588
587
516
519
521
520
552
552
535
550
279
301
301
304
305
343
343
341
336
594
593
594
592
591
587
587
510
519
553
511
551
537
279
277
266
342
343
338
335
593
561
510
512
511
536
538
270
272
272
293
298
338
339
337
333
332
609
564
564
565
563
510
515
514
540
540
539
271
270
271
266
1165
1171
339
331
332
332
609
566
565
563
563
1261
1320
515
1322
514
515
540
1307
1141
1141
1140
1165
1170
1172
1065
1064
1066
1070
1069
1250
1259
1259
1259
1261
1320
1321
1325
1325
1308
1308
1144
1144
1159
1163
1166
1166
1065
1025
1025
1031
1254
1251
1259
1321
1322
1324
1325
1301
1308
1301
1308
1146
1146
1146
1159
1159
1161
1168
1167
1168
1167
1024
1035
1253
1249
1253
1258
1245
1313
1302
1301
1302
1303
1288
1202
1145
1145
1128
1168
1023
1024
1037
1037
1037
1033
1033
1254
1232
1233
1248
1246
1313
1302
1300
1275
1305
1303
1203
1198
1209
1036
1033
1033
1235
1231
1239
1232
1244
1241
1242
1242
1372
1300
1295
1374
1201
1200
1205
1206
1210
1210
1078
1096
1032
1032
1034
1041
1421
1422
1425
1426
1239
1427
1241
1370
1373
1374
1374
1200
1179
1206
1188
1210
1079
1078
1071
1096
1098
1423
1422
1427
1405
1405
1382
1370
1375
1376
1375
1373
1212
1183
1190
1186
1187
1095
1093
1092
1119
1097
1097
1419
1419
1418
1405
1404
1380
1390
1389
1391
1212
1182
1183
1190
1190
1189
1093
1093
1118
1092
1118
1101
1420
1418
1403
1404
1385
1380
1390
1391
1190
236
785
233
239
236
236
363
365
364
376
361
373
375
376
370
371
370
763
757
757
744
743
797
797
801
801
801
801
784
229
233
239
237
365
365
360
360
378
754
757
755
742
740
744
740
797
796
800
792
793
229
254
237
235
368
398
396
399
366
379
380
381
760
751
747
809
810
811
809
799
778
253
254
253
254
245
247
247
247
399
399
395
325
326
324
324
754
752
751
747
746
808
806
815
814
251
222
251
254
247
246
323
328
327
597
751
746
589
807
815
806
814
791
476
300
303
246
305
322
323
330
328
328
595
598
595
589
590
516
520
521
520
479
551
299
281
301
302
340
330
329
594
594
593
591
591
518
517
518
517
521
551
466
537
535
280
282
304
298
305
298
340
340
333
333
601
600
600
601
601
518
512
470
467
536
536
537
460
270
289
293
295
297
339
333
609
611
562
510
562
563
468
514
468
460
538
270
1124
293
296
1171
338
1171
333
606
608
611
1260
562
1260
1320
1319
468
1307
1124
1124
1163
1165
1172
1029
1029
1031
1031
606
1252
1257
1261
1261
1321
1320
1323
1323
1322
1323
1307
1307
1144
1143
1140
1146
1161
1164
1160
1164
1166
1172
1020
1025
1031
1028
1252
1252
1258
1258
1321
1323
1310
1311
1144
1145
1145
1162
1162
1021
1025
1035
1254
1253
1253
1245
1245
1313
1315
1301
1304
1312
1304
1305
1202
1160
1162
1022
1024
1039
1037
1040
1044
1232
1232
1232
1244
1242
1302
1305
1304
1203
1203
1204
1205
1209
1077
1022
1082
1038
1038
1041
1041
1041
1426
1244
1353
1353
1371
1371
1305
1203
1203
1206
1205
1206
1207
1209
1082
1080
1075
1082
1075
1073
1032
1425
1425
1426
1356
1351
1351
1372
1376
1374
1214
1213
1212
1206
1217
1210
1082
1075
1073
1071
1097
1421
1416
1427
1424
1351
1370
1376
1376
1376
1213
1212
1218
1219
1188
1095
1095
1094
1094
1088
1088
1085
1097
1417
1358
1363
1363
1368
1369
1375
1211
1219
1218
1213
1219
1219
1190
1220
1188
1095
1095
1095
1088
1088
1101
1415
1417
1420
1415
1415
1404
1363
1363
1368
1366
1366
1365
1403
239
233
239
237
236
357
363
357
361
373
373
373
371
371
757
756
756
739
798
798
798
802
802
802
794
795
795
230
229
238
238
368
365
361
362
378
378
374
380
370
755
741
741
803
798
800
800
792
793
231
231
254
248
368
367
368
379
379
127
753
754
754
753
740
740
803
804
800
799
791
792
249
250
254
245
242
368
366
366
380
117
117
752
752
745
746
807
747
808
804
806
814
792
791
251
252
252
252
243
243
244
322
325
175
174
325
328
167
165
595
590
746
807
807
808
814
475
475
476
284
252
281
301
244
244
322
174
330
167
165
596
596
590
596
590
517
521
521
479
476
474
471
282
282
282
303
305
322
153
155
166
165
599
601
591
591
518
465
466
467
461
474
280
292
292
291
303
302
298
154
158
158
600
599
601
602
602
465
467
470
466
461
461
289
289
295
297
297
338
160
164
164
158
607
609
604
610
602
409
469
469
470
470
290
1124
295
295
294
925
297
927
160
161
162
606
608
611
610
608
610
611
1260
1319
470
1546
460
1123
988
988
990
1165
929
1172
164
1031
1027
1027
608
1255
1257
1316
1310
1547
1123
1124
1143
988
973
1161
927
929
1031
1030
1028
1028
1027
1257
1256
1318
1318
1318
1317
1317
1315
1310
1310
1311
1311
973
974
1161
1021
1021
1020
1030
1028
1230
1255
1256
1243
1318
1315
1312
1312
1143
972
1160
969
969
1162
1022
1022
1039
1040
1044
1044
1044
1232
1243
1315
1342
1304
1202
1202
1208
1081
1074
1039
1042
1230
1231
1244
1356
1355
1352
1353
1342
1341
1215
1201
1204
1208
1208
1207
1080
1082
1076
1076
1073
1072
1042
1042
1424
1424
1356
1356
1352
1353
1371
1360
1371
1367
1215
1216
1216
1217
1217
1223
1208
1081
1076
1076
1086
1072
1083
1421
1425
1424
1361
1360
1361
1369
1367
1369
1367
1213
1216
1218
1223
1223
1090
1088
1087
1087
1085
1416
1417
1416
1358
1359
1358
1362
1363
1369
1364
1365
1365
1211
1215
1220
1221
1222
1221
1089
1090
1091
1089
1087
1085
1415
1416
1417
1359
1359
1363
1362
1368
1365
1366
1089
357
369
234
240
239
359
358
358
358
374
374
372
369
757
756
756
739
739
627
629
629
802
794
795
795
234
240
241
241
241
359
368
362
362
374
371
129
692
691
741
741
805
796
790
639
641
793
642
230
231
231
250
241
150
379
127
127
117
692
693
747
693
803
707
805
805
796
790
792
645
249
248
250
248
245
242
367
177
177
118
710
711
709
805
804
792
285
285
250
244
84
88
175
176
167
170
118
596
745
711
709
412
808
475
475
476
473
283
285
284
284
242
243
88
175
171
166
167
174
170
168
432
413
413
412
412
478
479
479
473
281
281
303
302
85
87
155
166
168
432
411
411
410
478
467
471
291
292
291
288
294
92
99
155
154
158
604
600
604
430
408
465
469
461
462
462
459
459
292
290
291
286
296
153
161
161
163
605
604
602
409
409
469
462
460
459
290
987
290
294
990
925
926
153
929
161
164
162
164
605
606
603
1566
408
1316
1572
1568
1568
1546
1546
1547
989
987
991
988
991
990
924
925
926
929
929
942
1026
1026
610
1027
1567
1576
1567
1571
1568
1570
1569
1570
1547
1547
989
989
991
925
929
928
941
1630
1257
1567
1574
1256
1570
1309
975
989
972
973
974
920
928
928
936
936
936
1026
1625
1627
1567
1256
1317
1574
1317
1314
1314
1314
1309
1311
976
976
977
974
972
831
1021
920
937
1043
1625
1230
1491
1243
1243
1350
1350
1338
1338
1312
975
977
969
883
831
832
1074
833
1038
838
840
1039
1043
1043
1491
1491
1503
1355
1343
1343
1342
1341
977
884
884
1208
1081
883
837
1076
1076
1072
1072
1072
1043
1494
1494
1500
1355
1500
1354
1352
1343
1341
896
1214
1222
1081
1090
1086
1042
1083
1526
1496
1356
1354
1361
1360
1336
1332
1326
896
897
1216
1216
1223
1091
838
1084
1084
1526
1529
1357
1357
1337
1361
1369
1328
1215
893
1220
1222
1221
1222
1221
885
1091
1087
1085
1084
1527
1529
1527
1528
1359
1529
1357
1335
1335
1331
1364
1328
893
1091
1366
128
689
232
232
240
359
359
151
152
372
152
372
369
131
129
689
690
689
633
633
629
637
638
638
639
642
234
234
240
49
358
151
152
132
129
131
129
129
700
693
692
690
627
691
629
639
641
230
230
47
48
48
132
132
115
115
700
700
692
693
693
636
627
624
626
628
648
649
641
11
11
250
83
82
82
176
115
177
116
118
118
708
711
710
708
709
625
626
648
646
646
647
645
285
250
7
84
83
82
88
175
176
177
176
170
119
711
713
709
418
626
472
472
472
285
285
7
86
87
87
88
172
169
169
169
170
710
431
413
417
412
417
417
419
482
480
473
283
288
94
94
85
87
86
98
171
171
168
432
432
413
415
415
414
414
483
479
477
473
287
287
288
288
93
94
99
98
155
157
429
429
411
408
410
464
463
287
287
90
92
95
95
154
157
607
430
424
424
409
422
422
456
463
463
986
286
993
924
95
97
161
161
163
163
159
163
605
424
420
1575
1576
1573
1573
1530
1572
1546
986
993
992
926
926
942
940
941
1631
1630
1567
1566
1576
1573
1572
1570
1545
982
992
991
919
928
919
940
942
942
1628
1628
1631
1630
1626
1567
1564
1578
1571
1578
1569
1544
1544
1543
983
973
980
974
970
920
920
937
937
938
1629
1627
1626
1563
1563
1578
1314
1340
1309
980
972
971
833
833
937
938
818
818
1625
1493
1503
1503
1577
1349
1339
1342
1340
1338
1340
978
977
978
977
977
883
831
830
835
817
816
816
1492
1492
1493
1501
1502
1501
1503
1350
1350
1350
1350
1348
1339
895
895
881
884
833
840
839
816
1496
1496
1495
1500
1347
1348
1343
1332
1341
897
896
899
884
891
840
837
837
837
838
855
856
1496
1523
1529
1518
1355
1519
1337
1334
1326
1329
894
892
892
892
889
890
890
885
891
838
860
860
855
1527
1526
1524
1529
1523
1519
1518
1337
1337
1327
1328
894
893
889
889
889
890
886
887
886
886
860
1084
864
863
864
863
1527
1529
1528
1520
1520
1522
1337
1522
1335
1522
1327
1327
1328
1327
1328
688
637
41
41
41
49
50
151
152
152
130
130
139
128
688
689
635
633
636
634
634
631
628
639
638
662
642
50
50
50
48
149
150
131
131
699
138
700
699
695
696
636
634
636
634
628
638
642
640
9
50
50
47
47
48
150
132
116
700
698
700
698
697
695
696
708
636
636
649
645
644
9
8
11
6
45
76
84
80
149
116
119
697
701
712
624
626
626
626
649
648
645
11
10
11
8
8
7
83
80
80
173
172
119
119
713
713
713
713
712
625
481
647
647
472
10
10
85
76
76
86
84
86
81
173
173
172
196
169
196
195
416
416
419
419
482
481
480
480
477
59
59
94
78
94
98
173
156
190
196
195
194
429
431
428
411
415
416
419
483
482
507
507
58
59
93
90
99
100
101
156
186
194
423
429
421
422
457
458
456
456
450
483
463
509
507
57
90
91
97
156
185
157
159
425
425
425
421
422
458
458
457
455
455
464
509
509
508
986
985
993
91
97
96
184
1611
425
424
420
1573
1572
1545
1530
1545
986
985
982
985
992
993
922
922
931
939
939
940
941
1611
1631
1610
1565
1565
1576
1575
1580
1569
1542
1543
1543
981
981
982
983
983
992
922
922
933
931
940
1628
1631
1631
1564
1564
1562
1574
1579
1580
1550
1544
1542
982
983
970
970
918
919
933
938
938
1629
1629
1627
1626
1563
1563
1562
1577
1578
1578
1549
1544
1550
1549
979
980
979
980
970
971
918
829
836
817
818
1629
1620
1621
1627
1621
1623
1499
1499
1503
1432
1441
1340
980
980
881
828
880
829
830
832
830
818
817
1621
1493
1493
1498
1498
1502
1503
1432
1433
1348
1349
1346
1346
1344
899
900
881
880
828
834
835
839
835
817
856
1496
1495
1495
1501
1501
1347
1348
1345
1344
1329
895
900
899
898
881
881
879
839
839
840
857
857
859
856
855
1495
1523
1518
1517
1336
1334
1334
1330
897
897
903
904
888
891
891
887
861
862
857
864
1524
1524
1525
1518
1519
1519
1334
1333
1331
1333
894
902
894
902
888
888
890
887
887
862
862
864
863
1524
1525
1520
1522
1521
1522
1522
1337
1331
1330
42
42
39
43
40
151
147
139
139
138
688
685
694
635
631
632
637
659
662
1
43
43
39
44
148
148
146
146
136
138
137
698
694
696
630
632
632
649
660
662
43
45
45
46
44
149
150
144
116
137
698
694
695
705
672
613
613
649
661
658
1
6
114
124
123
701
697
706
705
705
672
613
613
643
647
644
644
658
5
5
3
8
4
79
80
114
124
126
702
702
706
706
706
418
419
612
647
481
481
10
3
77
78
81
81
114
190
190
191
193
192
713
427
427
416
419
496
477
59
59
61
77
77
78
101
188
187
190
189
196
193
192
428
428
427
426
426
416
450
482
496
495
59
61
62
89
89
101
101
187
185
194
426
421
450
451
483
455
503
506
505
507
58
57
90
91
91
100
100
96
96
186
179
421
445
458
504
505
509
508
1000
1000
1000
1002
1001
921
97
96
184
184
1611
423
1565
458
1580
1531
1545
509
1530
509
985
1003
1002
1005
923
931
932
1615
1617
1610
1610
1609
1565
1580
1580
1531
1552
1003
1004
1005
1005
923
923
932
932
1615
1615
1616
1618
1610
1609
1561
1579
1579
1548
1548
1549
1552
981
1004
1015
1015
918
935
933
1619
1620
1620
1623
1624
1562
1561
1562
1557
1579
1441
1549
1554
1019
1014
1013
935
819
1621
1623
1499
1622
1622
1497
1442
1550
1442
1553
1019
1013
829
868
829
830
819
835
820
1498
1499
1489
1497
1433
1432
1433
1442
1345
1346
1441
900
898
898
868
880
828
836
820
859
1492
1486
1498
1490
1489
1430
1345
1346
1345
1344
903
900
904
879
881
876
834
834
859
858
858
856
1482
854
1482
1490
1511
1490
1512
1465
1465
1333
1329
901
901
903
904
904
878
888
876
878
877
861
862
858
866
854
854
1513
1513
1511
1512
1511
1512
1517
1463
1462
1464
1464
1331
1330
901
914
902
902
877
877
875
862
866
865
1525
1525
865
1514
1510
1512
1521
1463
1463
1462
1471
865
686
37
38
42
39
38
40
40
141
148
147
133
139
685
685
685
684
675
684
630
630
632
653
662
662
662
38
40
44
29
148
145
147
133
133
136
138
684
683
675
631
618
659
660
660
1
34
43
46
46
26
26
145
145
136
137
682
696
674
704
673
615
656
656
660
658
2
2
2
4
24
46
144
19
107
124
123
123
126
126
703
704
703
705
674
672
673
673
614
614
643
657
658
5
5
4
24
64
124
126
125
126
191
703
702
706
669
614
614
643
492
492
657
492
491
60
21
78
79
81
188
105
125
189
702
192
191
706
439
427
446
447
485
496
495
495
62
61
53
89
53
52
63
190
189
193
193
192
428
444
451
451
449
447
485
494
496
495
62
62
62
54
52
101
72
187
187
186
186
431
200
445
445
444
451
453
450
504
503
505
506
1001
1001
74
72
74
185
178
179
178
180
423
433
458
453
454
454
499
505
996
1002
953
73
75
75
74
930
178
1612
179
1617
179
180
1608
1608
1607
452
1560
452
1532
1532
1532
1531
1537
506
995
1002
921
75
930
1612
1616
1608
1608
1610
1560
1559
1532
1534
1534
1552
1004
1003
1006
1005
1006
962
923
964
934
934
931
930
934
932
1618
1617
1618
1560
1560
1560
1556
1535
1535
1551
1552
1010
1010
1004
1015
963
963
935
935
1616
1616
1618
1624
1624
1624
1557
1557
1557
1557
1550
1554
1554
1010
1018
1015
1015
956
819
958
1619
1619
1623
1431
1442
1444
1553
1554
1444
1019
1019
910
1019
1019
1017
1013
826
826
823
820
821
824
821
1592
1591
1591
1486
1593
1487
1487
1431
1433
1441
1440
1446
910
910
909
869
827
826
824
823
824
820
1592
1592
1483
1486
1490
1489
1430
1430
1440
1448
1448
909
909
869
868
867
853
853
824
859
1484
1484
1483
1482
1490
1516
1488
1489
1460
1465
1460
1465
1472
1467
1448
903
917
917
878
873
878
876
853
858
1513
1516
1516
1514
1510
1464
1464
1469
1471
1470
1468
914
916
916
916
878
875
875
875
850
851
866
866
865
1514
1514
1510
1459
1463
1459
1462
1470
1470
1471
873
32
676
37
35
32
32
142
141
140
140
134
687
687
687
686
681
675
676
618
621
653
653
655
34
35
35
35
29
30
143
141
145
140
135
137
682
683
679
677
674
618
620
621
659
661
0
34
26
26
30
30
145
143
145
106
135
120
682
683
674
615
673
615
657
658
4
24
24
107
107
107
106
120
668
668
670
616
617
617
651
658
2
5
22
21
79
65
65
106
107
126
120
703
667
670
669
492
17
53
22
53
64
66
65
109
202
203
203
446
448
448
485
493
492
490
60
51
53
51
52
66
64
63
64
112
202
203
439
446
448
485
494
493
494
61
54
52
73
113
182
180
181
200
200
445
443
442
444
434
438
449
503
499
497
500
494
500
60
996
998
73
72
182
182
200
180
181
443
435
443
452
454
453
454
499
500
995
996
997
73
75
183
1613
1608
1605
1558
453
498
1538
499
1537
996
1006
952
952
953
944
1612
1614
1614
1613
1607
1608
1606
1559
1559
1533
1533
1534
1538
1538
1536
994
994
1006
962
964
951
944
945
1614
1597
1607
1599
1603
1560
1534
1535
1551
1551
1012
1012
1014
964
968
964
956
945
945
1582
1618
1599
1600
1601
1601
1555
1556
1444
1535
1554
1445
1554
1011
1012
1015
963
956
958
958
958
1592
1591
1588
1600
1431
1428
1428
1445
1451
908
1018
1017
1017
965
827
826
827
822
957
1590
1590
1592
1591
1588
1485
1487
1487
1429
1430
1428
1445
1440
1447
1452
1446
908
910
869
868
827
825
823
823
1484
1592
1483
1486
1488
1487
1430
1477
1447
1447
1448
909
917
906
906
869
841
825
825
842
853
848
1484
1504
1488
1516
1458
1460
1478
1467
1467
1448
914
917
867
912
874
844
853
852
848
1504
1504
1507
1515
1461
1461
1473
1469
1467
1468
915
915
916
873
875
846
851
850
851
852
851
848
1507
1508
1461
1454
1454
1459
1470
1471
1468
1515
142
37
33
687
687
681
680
679
676
620
676
619
619
621
655
655
37
27
29
142
30
135
135
687
680
683
677
620
623
622
650
650
36
31
29
28
28
143
103
121
122
682
668
670
623
617
652
0
15
0
23
24
19
103
107
122
121
668
663
670
617
651
16
22
21
24
18
105
111
110
121
668
667
671
671
616
489
489
491
17
16
22
66
65
65
113
109
110
203
448
488
487
488
492
17
14
13
56
67
68
68
113
112
113
110
202
439
440
441
448
486
493
12
56
70
71
183
201
201
443
434
444
437
497
12
56
71
70
183
182
201
442
434
438
438
499
499
502
999
998
953
953
955
948
948
181
201
435
1605
435
433
1539
452
1538
501
995
995
997
952
955
943
947
1614
1613
1606
1605
1605
1604
1558
1541
1537
1536
1008
1008
951
944
1584
1584
1597
1605
1604
1603
1555
1541
1541
1540
1008
1011
1012
962
1012
967
968
968
968
1585
1582
1582
1599
1598
1601
1436
1436
1443
1450
1007
1012
1016
965
965
961
957
957
1583
1583
1593
1588
1600
1437
1436
1436
1452
1452
1449
1016
1017
966
960
957
1589
1589
1581
1485
1479
1438
1439
1435
1445
1451
1451
907
905
827
843
822
1505
1589
1589
1481
1480
1439
1429
1478
1447
907
907
867
870
841
842
842
852
1505
1506
1480
1480
1458
1472
1478
1478
1476
1468
915
844
845
846
852
848
1508
1509
1509
1515
1458
1461
1477
1473
1474
1476
915
912
870
874
849
849
1507
1508
1453
1454
1455
1474
1474
1466
1466
846
33
33
142
134
622
655
36
134
677
623
26
27
28
104
663
103
122
666
667
652
651
16
56
104
668
671
671
489
20
110
667
489
490
17
14
68
113
202
438
441
487
502
56
70
70
71
113
199
198
442
437
486
498
998
14
955
71
199
438
998
955
197
436
1540
502
999
950
950
948
1597
1605
1602
1603
1009
968
951
951
947
1585
1584
1598
1555
1434
1009
1595
1598
1594
1595
1601
1436
1443
1450
966
1586
1586
1581
1435
1450
1016
961
959
1583
1595
1439
1452
906
960
843
1589
1481
1439
1438
1478
907
913
841
843
1505
1506
1458
1457
1478
1476
913
845
849
1509
1455
1473
912
847
1453
1472
36
677
620
622
678
23
19
104
616
440
440
441
13
13
111
68
502
183
501
1536
954
1541
967
1009
948
1596
1602
1586
1603
966
1449
1437
905
1587
1458
1439
1455
1476
846
849
679
655
679
622
15
27
652
678
489
109
18
111
487
55
438
437
498
955
946
1596
1540
967
961
1434
1436
908
1586
1595
960
1587
1475
959
1506
1480
871
847
1506
1458
1474
1466
33
619
102
664
664
623
15
666
110
489
67
441
484
14
69
197
108
435
199
948
1597
1598
1583
1581
905
1479
845
1456
1475
870
1509
1454
31
102
680
680
652
104
122
18
484
13
67
198
486
436
999
999
199
1602
1539
1540
1009
950
1585
1007
961
943
1007
966
959
1439
871
913
912
849
1508
1455
31
102
1099
1099
654
25
25
872
1057
20
665
665
484
69
55
69
954
501
954
1596
949
949
1596
1539
948
1434
1594
1594
640
1586
1438
1449
1456
913
911
872
1457
1475
871
846
707
732
1099
665
654
654
1057
1057
20
665
20
882
612
882
943
198
949
984
984
707
946
344
872
1048
911
1048
334
946
334
