2928
550
1420
1449
1443
1444
572
575
553
502
862
831
575
536
535
500
493
493
493
1365
1454
1453
561
560
562
483
1367
745
860
740
832
581
563
487
1370
1333
744
742
566
697
564
401
401
486
1332
751
741
736
699
698
400
752
753
767
736
694
691
696
701
700
401
410
409
391
1317
1321
1320
772
771
694
721
386
396
1293
1293
1318
1315
1316
773
709
721
378
381
385
398
1294
1296
2039
1998
2010
710
2620
2054
2054
2038
2000
2012
2011
2623
2728
2053
2044
2043
2000
2691
2048
2014
2045
2045
1973
1983
1979
2645
2641
2690
2677
2017
2017
2014
1976
2564
2566
2566
2642
2680
2686
2686
2680
2023
2016
2027
1973
1908
2832
2823
2815
2817
2689
2685
2685
2023
2021
1885
2821
2920
2128
2130
1905
1900
2820
2889
2889
2888
2921
2918
2915
2915
2117
2117
2143
2142
1913
2820
2917
2146
2141
2141
1920
1919
1914
1909
1910
2802
2805
2892
2892
2890
2912
1425
1427
1423
1428
1426
1421
1449
1451
1445
1442
1443
861
827
827
824
573
572
553
550
552
534
535
532
502
501
502
494
1428
1427
1455
1456
1457
1445
1442
831
824
573
574
575
555
552
553
553
536
500
492
502
495
1426
1360
1365
1457
1457
1452
860
833
833
833
832
578
584
577
580
580
560
549
481
482
484
484
493
490
1367
1362
1368
1333
1454
745
746
742
739
583
582
593
561
562
564
525
481
484
488
1369
1371
1370
1371
1368
1336
1333
747
744
742
739
583
741
582
563
404
401
485
485
486
1350
1350
1333
753
1322
749
750
750
741
692
705
705
698
702
699
697
403
402
407
392
487
389
388
1301
1302
1304
1304
1306
1322
752
750
736
693
693
705
702
722
700
722
402
387
409
390
390
392
1302
1302
1304
1321
1320
766
773
775
735
696
695
696
696
722
387
387
375
410
376
397
1295
1298
1299
1318
1319
1318
1325
1316
771
772
774
687
687
710
712
712
713
377
379
386
380
376
374
397
396
1294
1295
1318
1315
1994
776
1998
2012
2012
2011
2619
711
377
378
380
379
381
2652
374
398
2728
2051
2050
2054
2037
2038
2039
2043
2036
1994
1993
1999
1997
2000
2012
2620
2581
2619
2622
2620
2622
2652
2649
2651
2652
2719
2732
2729
2051
2048
2054
2057
2037
2042
1994
2000
1983
1982
1983
2582
2583
2581
2623
2646
2646
2644
2646
2732
2731
2729
2729
2049
2047
2048
2041
2044
1975
1977
1971
1983
2583
2565
2563
2646
2645
2692
2678
2691
2678
2679
2677
2017
2014
2025
2024
1977
1976
1974
1980
1980
1979
2832
2566
2570
2643
2690
2689
2680
2686
2684
2017
2022
2016
2026
2034
2028
2026
2028
1884
1885
1908
1907
2835
2822
2571
2643
2688
2686
2023
2023
2020
2029
2027
1884
1904
1907
1906
1899
2819
2822
2821
2823
2817
2817
2889
2920
2919
2916
2917
2683
2927
2119
2117
2116
2131
2128
2128
1916
1904
1905
1902
1902
2819
1901
2814
2820
2813
2816
2813
2920
2925
2927
2117
2146
2130
2131
2131
2143
1920
1912
1911
1901
2820
2804
2814
2806
2884
2891
2888
2892
2918
2926
2914
2122
2123
2145
2149
2147
2142
2143
2140
1919
1914
1913
1909
2802
2806
2883
2892
2912
2915
2912
2911
2914
2912
2146
1450
531
1424
1424
1420
1419
1450
1451
866
826
827
827
824
835
557
557
559
559
533
534
497
499
497
494
1423
1440
1422
1422
1457
1456
1463
1452
1442
1444
863
861
859
830
830
575
578
579
558
559
532
522
498
498
496
496
1438
1363
1462
1460
1453
1459
858
862
829
587
578
586
585
585
581
577
556
570
522
521
484
495
489
1361
1360
1364
1364
1363
1368
1460
744
739
586
584
593
568
569
525
483
472
471
489
490
1361
1371
1371
1368
1335
1336
1336
819
747
746
742
738
705
592
567
567
569
525
403
473
470
488
1353
1350
1336
1329
818
751
749
736
733
708
701
729
404
407
391
389
1301
1351
1307
770
769
765
692
691
727
730
731
729
384
408
408
1302
1299
1299
1307
1305
1305
1306
1323
1325
767
770
687
689
717
724
724
725
384
384
367
370
376
376
395
394
1296
1293
1313
1313
1323
1324
766
1325
776
775
774
688
690
690
709
712
718
716
725
369
375
373
371
1291
2035
1319
1991
1994
760
2009
2009
716
712
2621
713
383
2721
372
2726
2060
2059
2056
2035
1962
1991
1992
1997
2008
2009
2580
2621
2626
2628
2626
2649
2650
2652
2730
2721
2732
2050
2051
2058
2057
2041
2040
1992
1996
1997
1989
2580
2575
2627
2649
2631
2651
2709
2709
2723
2729
2048
2090
2103
2103
2055
2057
2024
2057
2042
1931
1975
1986
2579
2582
2563
2634
2631
2641
2695
2692
2732
2708
2091
2088
2034
2025
1970
1974
1980
1986
2565
2572
2566
2572
2642
2689
2683
2680
2020
2031
2030
1928
1974
1882
1974
1986
1888
2835
2572
2571
2697
2698
2689
2696
2682
2088
2119
2087
2021
2031
2030
1885
1883
1883
1908
1906
1908
2832
2835
2827
2833
2817
2799
2696
2920
2916
2683
2683
2118
2120
2120
2131
2134
2136
2137
1915
1881
1902
1899
2826
2828
2794
2793
2889
2921
2923
2926
2927
2906
2123
2125
2137
1920
1917
1911
1902
2803
2803
2792
2793
2792
2800
2903
2901
2924
2915
2123
2122
2123
2126
2146
2148
2149
2149
2140
2139
2140
1918
1917
1912
1910
2807
2803
2807
2805
2804
2886
2885
2884
2885
2890
2895
2924
2909
2908
2886
2895
2894
1419
1448
531
1425
1433
1419
1432
1421
1446
1447
1447
867
865
868
826
838
837
834
622
558
559
527
528
530
461
529
460
499
461
460
1439
1431
1448
1463
866
864
864
830
838
836
836
835
627
555
533
519
467
467
1440
1440
1439
1436
1462
1459
1463
859
865
859
842
587
578
589
579
556
522
519
522
515
465
466
465
464
1440
1338
1359
1339
1339
1460
1460
858
822
791
739
590
593
591
568
570
613
525
516
473
469
470
1362
1338
1341
1330
820
821
733
793
590
593
592
567
524
472
471
470
479
1352
1352
1344
1330
819
819
818
733
706
707
567
567
599
599
731
601
406
407
427
424
388
1353
1300
1282
1351
1335
1345
1329
1330
811
770
734
734
707
728
726
726
407
447
427
395
1284
1299
1283
1312
1309
770
755
769
761
688
761
685
719
728
725
730
369
367
373
373
395
395
1298
1289
1283
1313
1311
1309
1325
756
758
761
760
689
719
717
725
384
370
368
371
394
1291
1287
1290
1313
1290
1961
1963
1995
2002
2009
2003
718
715
716
716
2625
2608
368
2720
2717
2724
2725
2061
2062
2080
2036
1963
1997
2006
2004
2003
2003
2573
2574
2629
2626
2626
2650
2721
2718
2725
2721
2723
2060
2059
2103
2056
1929
1987
1988
1989
2580
2574
2577
2576
2627
2607
2640
2649
2700
2709
2706
2709
2735
2091
2090
2040
1931
1970
1930
1971
1987
2580
1989
2577
2604
2577
2577
2631
2634
2638
2695
2709
2708
2735
2091
2033
2100
2034
1927
1931
1925
1925
1986
2835
2569
2570
2634
2698
2695
2693
2668
2088
2082
2100
2082
2034
1882
1922
1922
1888
1897
2832
1985
2568
2568
2797
2634
2698
2695
2694
2669
2668
2110
2088
2112
2029
2113
2134
2031
1876
1882
1881
1882
1888
2826
2829
2834
2796
2697
2901
2669
2120
2114
2133
2134
2137
2137
1876
1887
2826
2825
2829
2828
2798
2800
2904
2904
2924
2927
2108
2114
2126
2134
2137
1834
1916
1876
1879
1890
2810
2812
2791
2790
2794
2904
2895
2903
2924
2906
2124
2126
2125
2149
2148
1832
1915
1838
1879
1879
2808
2809
2812
2791
2883
2902
2898
2897
2896
2897
2895
2909
2909
2908
2140
2909
1434
1434
1432
1431
1388
1446
1386
868
867
850
844
839
838
838
839
624
622
639
639
530
527
530
545
529
459
1433
1431
1463
1373
1385
1372
863
849
850
844
843
845
842
834
626
625
623
637
637
518
530
467
464
1437
1430
1431
1372
1376
853
852
856
830
847
626
590
625
613
616
623
612
519
518
516
548
467
464
1437
1401
1437
1436
1376
1375
821
789
616
615
613
616
517
517
507
469
475
1358
1357
1342
1342
1342
1348
1347
819
822
802
793
802
792
589
595
600
602
604
613
600
515
524
425
479
478
479
1356
1355
1357
1356
1346
1345
1330
816
820
814
799
793
706
596
708
595
601
659
446
450
447
426
427
424
422
1356
1355
1344
1327
1343
813
812
811
799
682
683
682
684
661
727
659
652
448
446
449
427
430
1285
1282
1310
1327
812
754
761
685
654
653
651
448
433
430
1285
1286
1290
1310
1310
754
755
757
762
763
685
678
641
647
646
645
436
437
433
432
429
1288
1288
1290
1311
1966
1966
756
763
764
763
678
650
650
646
647
2607
2610
437
2715
437
438
431
2724
2062
2061
2077
2079
1962
1965
1958
2005
2004
2002
2585
2585
2629
2617
2628
2609
2611
2608
2718
2717
2726
2723
2066
2067
2080
2080
1961
1947
1959
1955
1988
2006
2585
2573
2617
2639
2713
2711
2702
2703
2705
2705
2743
2068
2103
2068
2102
2102
2071
1927
1951
1930
1929
1924
1989
2604
2576
2597
2640
2640
2700
2703
2706
2736
2734
2735
2085
2099
2089
2100
1928
1931
1925
1924
1943
1942
1985
2606
2606
2597
2569
2640
2638
2674
2703
2672
2707
2735
2736
2082
2100
2174
1922
1894
1894
2834
2600
2572
2746
2746
2797
2673
2671
2672
2666
2664
2665
2111
2111
2174
2114
2193
1873
1874
1897
1896
1896
1895
2753
2755
2833
2747
2748
2797
2760
2796
2901
2837
2665
2839
2111
2110
2112
2113
2193
1871
1871
1888
1891
1889
2827
2749
2749
2760
2799
2904
2923
2840
2840
2837
2837
2107
2108
2169
2171
2172
1833
1833
1837
1889
1891
2825
2811
2812
2812
2798
2902
2901
2846
2846
2844
2108
2105
2105
2169
2172
2170
1834
1832
1879
1840
1878
2810
2809
2808
2790
2896
2898
2875
2845
2842
2168
1385
459
1407
1408
1408
1384
1387
1386
879
850
878
871
870
850
870
883
845
845
884
630
638
639
541
542
545
542
548
545
545
1399
1399
1414
1387
1378
1379
879
849
876
841
627
620
624
634
639
636
541
542
548
463
464
1398
1405
1403
1382
1377
1379
853
853
856
855
847
842
621
621
609
510
510
519
510
507
476
1400
1402
1402
1401
1403
1341
1373
1374
1376
1376
855
804
856
790
790
842
618
616
608
605
513
511
506
476
1400
1358
1359
1342
1348
1348
815
793
789
597
598
606
603
610
504
511
504
476
479
1196
1346
1348
1347
815
816
798
795
788
598
681
597
595
604
604
452
454
452
453
425
1356
1196
1209
1280
797
799
799
682
681
682
662
662
656
659
651
449
454
447
423
424
424
1284
1210
1343
1212
1327
991
813
796
796
764
641
676
684
641
661
653
450
435
442
433
433
430
415
1287
1208
1212
1216
1212
757
763
685
644
649
652
654
645
438
438
438
415
430
1286
2077
1214
992
1966
1001
1960
758
670
671
649
2616
649
2615
2611
2715
414
2742
2064
2077
2079
2078
1966
1960
1956
1957
2005
670
2586
2613
2617
2612
2610
2714
2715
2711
2712
2710
2744
2744
2065
2067
2077
2078
2073
2070
2070
1965
1948
1960
1959
1955
1939
2589
2587
2588
2617
2637
2609
2712
2718
2743
2066
2089
2097
2071
1948
1947
1940
1941
2605
2597
2597
2636
2639
2700
2703
2703
2738
2739
2738
2737
2096
2094
1951
1950
1925
1940
1942
1943
2606
2606
2599
2598
2636
2675
2672
2738
2738
2085
2085
2095
2095
2187
1951
1953
1872
1897
1935
1894
2603
2603
2746
2675
2675
2671
2672
2656
2666
2083
2181
2177
2174
2177
2195
2194
1874
1872
1870
1873
1869
1897
1895
2754
2754
2748
2759
2760
2863
2862
2839
2664
2182
2181
2108
2176
2195
2195
1871
1871
1866
1861
1890
2755
2786
2757
2747
2759
2863
2863
2840
2840
2107
2106
2163
2163
2172
1830
1837
1836
1837
1837
1840
1856
2787
2785
2771
2873
2875
2863
2846
2846
2106
2157
2162
2153
2163
2166
2169
2169
2171
1831
1831
1839
1840
1840
2787
2789
2788
2789
2789
2768
2768
2874
2875
2843
2843
2842
2844
2768
1408
1407
1414
1385
1385
1391
1388
1393
878
876
875
872
888
885
630
630
631
633
537
539
539
540
538
546
547
544
80
1399
1399
1413
1381
1380
1394
879
877
876
873
873
872
885
620
632
635
636
539
539
548
84
79
1396
1405
1404
1405
1380
1378
1381
856
873
882
882
911
618
619
619
636
610
510
542
548
475
84
1192
1254
1405
1382
1277
1377
852
803
910
910
780
617
618
607
609
608
607
513
508
509
507
476
60
1195
1199
1197
1198
1277
1278
1276
1271
803
810
808
804
788
785
780
596
604
606
605
512
513
507
57
58
477
1196
1198
1196
1199
1279
1279
801
801
801
782
781
679
679
662
679
603
658
455
453
453
420
419
59
1211
1211
1211
1280
985
814
987
984
796
781
676
675
662
659
655
456
453
421
416
419
1208
1207
1210
1220
1220
1262
986
1004
795
778
676
666
644
643
656
441
442
443
444
420
418
1208
1215
1215
993
993
984
1003
1005
1002
1005
663
669
664
644
648
655
440
441
444
413
1208
2076
1214
1216
1213
1488
991
1471
1002
1002
1001
669
670
671
673
665
672
649
2614
2541
435
2522
415
2064
1608
2076
2072
2074
1470
1960
994
1957
2591
2590
672
2588
2614
2543
2742
2524
2065
2065
2065
1608
2074
2073
1471
1948
1956
1945
2590
2593
2589
2586
2613
2612
2715
2545
2546
2546
2529
2712
2741
2740
2740
2096
2094
2071
1948
1944
1940
1940
2594
2602
2587
2596
2637
2713
2654
2741
2739
2084
2097
2093
2094
2187
1954
1954
1936
1937
1939
1941
2592
2592
2599
2675
2675
2657
2660
2085
2085
2189
1951
1953
1935
2603
2603
2600
2598
2763
2758
2654
2657
2662
2661
2183
2175
2177
2189
2188
2195
1864
1863
1868
1867
1866
1859
1894
2753
2752
2752
2760
2765
2758
2655
2657
2869
2860
2855
2183
2183
2179
2177
2192
2192
2194
1851
1865
1867
1859
1861
1862
2751
2752
2782
2862
2867
2869
2860
2860
2855
2866
2152
2153
2157
2163
2172
1851
1855
1842
1860
1862
2786
2785
2786
2757
2771
2770
2872
2873
2856
2854
2854
2856
2154
2153
2165
2165
2166
2170
1830
1850
1841
1841
1842
1856
2788
2786
2789
2771
2770
2875
2872
2843
2857
2858
1849
1391
888
1411
1414
1413
1391
1390
1394
894
876
871
887
886
884
629
630
631
632
69
69
69
90
85
81
81
1409
1414
1415
1417
1416
1393
1392
877
901
873
883
882
145
147
633
144
75
77
86
87
83
83
79
1396
1396
1254
1253
1417
902
904
904
881
911
167
146
166
144
635
143
75
78
78
87
56
48
1254
1257
1256
1255
1239
1255
1272
809
807
914
170
170
168
74
78
56
1191
1193
1256
1277
1274
1271
809
807
784
787
787
353
166
351
344
346
513
58
57
61
61
1190
1193
1189
1197
1278
1277
1270
810
973
783
782
805
783
781
352
350
347
345
347
456
355
66
59
1211
1189
1259
1261
1261
986
984
784
778
353
349
345
455
365
444
416
1203
1204
1205
1222
1219
1262
985
987
1004
999
664
676
667
336
328
440
443
417
421
412
417
418
1205
1204
1203
1221
992
990
1003
999
998
667
666
644
330
330
441
412
415
412
1609
1609
1602
1219
1611
1496
1488
989
1472
997
996
995
995
663
670
665
2244
329
2541
2542
2550
2552
2523
2523
2524
1607
1610
1611
1610
1495
1490
1490
1490
1471
1472
1473
1483
1483
2277
673
2591
2244
2542
2245
2546
2554
2522
2553
2517
2526
2526
1608
1608
1489
1490
1474
1465
1482
2279
2242
2245
2545
2548
2555
2516
1620
1620
1638
1620
2072
1487
1470
1465
1945
1937
2272
2594
2593
2248
2249
2247
2547
2549
2549
2529
2547
2528
2529
2659
1637
1636
1640
2094
1640
1954
1954
1465
1936
2274
2268
2246
2246
2247
2548
2531
2529
2660
2660
2659
1636
1639
2189
2189
2185
1731
1865
1730
1932
1933
1932
1934
1934
2273
2268
2259
2260
2764
2654
2663
2663
2662
1646
2186
2186
2186
1864
2185
1774
1863
1868
1859
1862
1858
2356
2368
2266
2766
2766
2765
2764
2868
2656
2865
2180
2182
2192
1851
1851
1859
2369
1862
2369
2752
2763
2766
2869
2867
2869
2866
2855
2180
2180
2179
2152
2156
1844
1782
1855
1856
2783
2777
2775
2877
2876
2872
2855
2849
2153
2151
2157
2157
2158
2164
2164
1848
1845
1843
1856
1853
2780
2783
2778
2777
2771
2776
2773
2880
2872
2849
2858
2848
2154
1843
2857
889
140
1410
1410
1416
1391
1390
896
897
897
895
888
888
890
891
138
140
139
157
151
72
88
90
89
90
80
1409
1411
1417
1171
1392
895
902
898
891
908
882
890
182
146
180
145
157
144
72
86
85
1249
1415
1237
1238
1236
904
908
903
914
173
169
180
167
147
159
78
75
75
77
51
49
83
1251
1250
1257
1239
1238
1236
806
904
905
912
913
912
170
168
170
144
143
354
55
53
54
52
52
47
1192
1254
1248
1272
1274
1273
1273
808
807
807
785
786
914
352
351
344
359
356
67
60
64
1191
1190
1246
1260
1274
1270
978
974
974
787
964
787
353
350
350
358
346
356
359
355
247
67
67
1202
1201
1226
1262
1259
1261
1268
979
973
975
778
336
333
350
361
365
364
365
245
245
67
64
1202
1228
1201
1221
1218
1262
990
979
980
968
333
332
333
327
323
242
238
1202
1222
1219
1219
954
990
990
968
970
335
340
342
330
339
330
321
235
235
1604
1602
1495
1496
954
955
989
999
994
996
999
966
967
341
339
2540
2539
2560
2555
2551
2550
2526
1605
1611
1496
1496
1474
1485
1485
1484
2277
2280
2234
2245
2543
2561
2554
2551
2526
1617
1623
1621
1490
1467
1468
1466
1485
1482
2276
2277
2278
2280
2279
2242
2245
2546
2555
2558
2517
2520
2519
2520
1619
1620
1622
1638
1621
1487
1505
1466
1468
1481
2286
2283
2283
2248
2251
2532
2535
2537
2519
1637
1640
1633
1729
1729
1728
1724
1933
2272
2273
2267
2250
2263
2251
2532
2538
2536
2536
2660
2538
1642
1639
1646
1644
1640
1631
1735
1737
1727
1768
2269
2274
2268
2270
2268
2260
2263
2261
2262
2532
2532
2396
2397
2398
2393
1645
1646
1644
1631
1730
1775
1777
1768
2371
2372
2370
2259
2380
2396
2866
2394
2661
1577
1573
1572
2192
1806
1773
1772
1772
1773
1782
1767
2368
2372
2370
2775
2762
2766
2349
2878
2865
2849
2394
1577
1575
2151
2160
2159
1847
1804
1847
1805
1774
1783
1783
1762
2779
2782
2334
2777
2334
2774
2762
2878
2876
2849
2850
2151
1562
2158
2159
2160
1848
1848
1848
1845
1844
1783
1853
1781
1853
1752
2779
2780
2778
2777
2773
2774
2879
2880
2881
2871
2881
2852
2851
2851
2852
2850
138
89
1151
1153
1170
1172
1173
896
899
899
1091
1094
1090
889
138
141
153
152
152
150
151
150
72
38
89
42
82
1174
1174
1175
1171
900
900
898
907
181
1093
182
182
179
156
159
158
159
72
71
35
83
39
1144
1153
1176
1176
1176
1237
901
908
908
172
173
181
172
182
161
179
156
156
159
51
49
33
1249
1247
1144
1245
1245
1243
1241
1242
1020
905
914
173
164
163
155
54
55
354
53
47
48
1250
1251
1251
1247
1245
1248
1244
1242
1020
1022
961
1049
169
311
164
312
311
310
357
250
52
45
63
1232
1234
1268
1246
1243
1267
1274
978
1018
973
976
976
963
961
964
299
362
362
359
358
250
246
67
246
64
1234
1233
1268
1267
1267
979
976
982
976
964
964
336
336
300
316
349
364
362
365
248
247
236
238
1231
1230
1227
1225
952
951
953
981
969
970
335
333
338
327
323
324
321
363
243
244
235
237
238
1231
1228
1225
956
980
935
970
969
967
342
342
339
326
322
324
324
244
241
244
235
229
231
1602
1605
1528
1224
956
955
970
966
341
340
329
2561
2552
2523
2485
2525
1605
1605
1617
1604
1492
1493
1502
1473
1479
1477
1485
1478
1482
2235
2277
2231
2234
2233
2540
2560
2559
2555
2492
2492
2520
1615
1616
1615
1612
1622
1623
1493
1501
1467
1478
1482
1482
2278
2240
2231
2230
2251
2559
2558
2557
2489
2520
2491
1617
1617
1632
1634
1505
1504
1725
1476
1665
2284
2282
2283
2231
2251
2254
2253
2250
2558
2535
2535
2534
2538
2490
1643
1643
1642
1628
1634
1633
1505
1728
1728
1679
2269
2271
2285
2286
2265
2286
2283
2252
2260
2256
2531
2535
2537
1646
1630
1631
1736
1631
1737
1737
1731
1734
2271
1679
2270
2265
2265
2374
2253
2263
2263
2255
2380
2399
2400
2400
2400
2391
1572
1569
1570
1806
1734
1733
1776
1777
1768
1770
2358
2360
2359
2375
2375
2261
2380
2397
2394
2393
2394
1574
1574
1573
1571
1571
1806
1805
1800
1777
1777
1769
1768
1764
1765
2358
2371
2347
2348
2455
2457
2461
2398
2462
1576
1577
1568
1566
1803
1806
1803
1791
1780
1780
1765
1765
2341
2343
2334
2348
2346
2877
2463
2461
2459
2463
1562
1562
1577
1561
1802
1803
1791
1790
1779
1780
1783
1752
2342
2343
2337
2337
2881
2774
2881
2346
2458
2460
2460
1149
1150
1170
1148
1167
896
1072
1091
1089
1092
141
101
141
153
149
150
38
36
44
1145
1153
1153
1173
1172
1071
1074
1073
1073
1093
1094
1095
178
179
178
114
150
37
38
35
43
1146
1144
1175
1179
1177
1068
1068
1067
1068
1096
176
176
179
161
123
122
30
31
39
23
1147
1245
1021
1042
1050
175
176
164
163
156
124
124
30
29
46
23
46
23
1142
1135
1133
1245
1133
1241
1019
1021
1051
1051
164
313
313
308
309
359
190
192
32
249
45
1232
1132
1265
1264
1018
1028
1022
975
962
1049
927
301
312
316
309
308
248
261
64
1234
1234
1117
1264
1268
1265
953
973
950
972
962
963
301
299
315
315
310
327
276
361
241
250
258
257
1231
1119
1118
1226
1266
952
951
981
982
298
298
327
212
212
244
241
241
237
234
238
1230
1231
1227
1225
1225
948
949
957
958
934
932
339
281
223
243
229
232
232
1524
1525
1528
1527
1527
1500
959
959
936
936
2237
342
2234
324
2504
2506
2486
232
2486
231
1528
1528
1531
1531
1500
1477
1666
1668
2238
2239
2232
2234
2221
2507
2505
2485
2482
1614
1530
1492
1506
1505
1501
1479
1476
1667
1667
1665
2240
2231
2220
2220
2558
2511
2489
2489
2492
2492
1613
1613
1552
1508
1507
1476
1724
1665
2286
2285
2240
2225
2227
2228
2257
2511
2512
2476
2489
2491
1627
1627
1632
1725
1678
1676
2282
2252
2254
2228
2257
2382
2488
2475
2488
1627
1625
1736
1829
1737
1734
1677
1679
1679
2378
2377
2376
2352
2255
2256
2383
2382
2400
2399
2391
1591
1593
1570
1596
1799
1734
1728
1771
1771
2359
2377
2374
2375
2352
2383
2397
2391
2446
2445
1567
1569
1567
1798
1797
1799
1794
1776
1771
1764
1770
2360
2365
2363
2362
2375
2348
2352
2354
2456
2455
2462
2445
1563
1564
1568
1566
1797
1796
1803
1800
1792
1794
1793
1763
1765
1751
1762
2343
2340
2336
2337
2353
2348
2355
2349
2456
2447
2457
2467
2459
2466
1562
1565
1565
1558
1802
1791
1791
1780
1750
1749
2343
2342
2339
2339
2337
2346
2345
2346
2448
2458
2466
1750
101
1154
1150
1149
1168
1169
1169
1167
1071
1071
1072
1088
1090
100
101
97
98
133
98
118
116
5
19
43
42
44
1148
1168
1181
1182
1069
1063
1074
1089
1097
1087
1092
100
108
116
115
6
38
34
41
1145
1147
1152
1182
1179
1182
1182
1065
1066
1097
1096
111
109
119
110
120
115
28
35
40
40
1141
1142
1146
1134
1133
1179
1067
1017
1042
1041
1044
1042
1047
1048
176
110
103
160
121
119
121
122
123
32
32
32
25
1142
1141
1136
1127
1025
1017
1042
1046
1046
307
307
317
318
191
193
193
29
260
261
31
259
252
1115
1129
1127
1028
1028
1025
1025
1050
1035
317
306
307
319
319
316
190
189
192
258
258
261
1119
1116
1113
1113
1110
1112
1028
928
927
306
301
301
316
277
278
190
212
190
250
271
254
257
1119
1119
1118
1111
1113
949
950
928
929
930
930
301
294
281
280
275
206
224
212
240
271
269
270
1525
1529
958
940
938
936
934
933
929
933
281
283
283
224
223
222
272
229
1524
1529
1519
941
959
939
959
1659
935
1668
933
1660
932
933
2237
2236
2214
225
2219
226
2509
2508
2508
2506
2481
232
1522
1531
1502
937
1708
1668
1668
2237
2237
2222
2222
2515
2506
2507
2505
2483
1612
1531
1554
1554
1553
1550
1499
1498
1498
1708
1709
1711
1710
1710
1664
2239
2215
2222
2222
2219
2513
2512
2474
2480
2483
1614
1628
1554
1552
1508
1508
1707
1709
1665
1665
2240
2224
2225
2227
2221
2228
2403
2512
2477
2480
2479
1626
1624
1624
1508
1716
1725
1689
1676
1675
2224
2422
2423
2476
2475
2480
2388
1627
1591
1591
1625
1598
1597
1596
1719
1716
1688
1690
1678
1691
1676
1676
1670
2357
2364
2309
2376
2293
2293
2419
2381
2420
2387
1591
1594
1597
1828
1827
1818
1691
1686
1691
1690
1671
2357
2366
2378
2367
2352
2295
2420
2389
2443
2443
1594
1594
1593
1797
1797
1794
1769
1691
1744
2363
2363
2366
2363
2364
2355
2288
2351
2351
2454
2454
2453
2454
2446
2442
1559
1563
1559
1798
1787
1788
1792
1759
1742
2340
2331
2331
2336
2354
2451
2450
2467
2469
2468
2444
1565
1556
1559
1557
1788
1785
1785
1785
1794
1758
1751
1749
2340
2332
2330
2353
2451
2448
2449
2447
2469
2469
2466
1787
1188
132
1158
1157
1186
1188
1055
1056
1054
1056
1088
1087
101
99
99
97
95
133
117
7
19
20
21
1154
1157
1159
1159
1185
1064
1058
1071
1063
1059
1088
1095
112
108
95
133
117
118
5
2
35
41
1161
1162
1162
1180
1181
1065
1064
1059
1067
1081
1082
1083
113
109
130
129
120
114
26
26
1136
1128
1126
1016
1045
1043
1045
1048
104
104
126
3
28
4
26
25
1142
1135
1134
1128
1019
1013
1014
1024
1044
1047
304
303
318
187
193
259
1108
1133
1130
1130
1127
1123
1027
1036
307
304
303
187
186
193
195
260
261
253
1114
1108
1110
1100
1112
946
1027
945
1025
1037
927
295
278
185
186
215
273
255
255
1115
1116
1113
947
1039
923
923
925
296
294
275
289
275
276
284
213
212
211
215
273
270
269
266
1114
1523
1512
941
940
922
925
916
924
924
288
289
281
227
225
222
217
270
270
1522
1523
1511
939
938
921
1661
2213
2203
227
226
218
2503
263
2503
1521
1551
1549
1497
1519
1704
1659
1662
2214
2217
2214
2216
2217
2201
2515
2509
2514
2497
2502
2482
2481
1539
1542
1554
1551
1499
1707
1714
1711
1662
2217
2217
2199
2197
2515
2513
2494
2479
2473
1538
1540
1540
1549
1547
1708
1713
1714
1714
1653
1654
2198
2198
2200
2228
2403
2405
2512
2477
2478
2474
2480
1539
1533
1546
1507
1717
1712
1712
1685
1672
1670
2308
2225
2301
2423
2423
2421
2386
1590
1599
1597
1600
1828
1718
1718
1716
1687
1684
1673
1682
1673
2309
1670
2309
2309
2298
2294
2419
2423
2420
2381
2389
2388
2387
1581
1598
1827
1829
1719
1687
1688
1686
1740
1672
2291
2291
2294
2294
2452
2432
2439
2442
2443
1594
1588
1579
1588
1821
1822
1819
1820
1818
1744
1741
2365
2329
2288
2318
2296
2295
2440
2426
2444
2443
1564
1559
1826
1588
1823
1823
1745
1745
1741
1742
2323
2362
2332
2319
2450
2454
2469
2428
2428
1556
1556
1558
1788
1788
1817
1760
1760
1760
1759
1760
1754
2323
2325
2320
2316
2317
2449
2468
2466
2427
2332
1054
1158
1188
92
92
94
93
95
132
9
136
10
8
7
21
20
1155
1188
1186
1055
1062
1079
1082
1082
92
113
135
135
6
0
18
18
1165
1164
1184
1185
1060
1058
1081
1085
1084
113
107
129
1
4
18
1165
1165
1161
1162
1121
1016
1060
1015
1085
1085
103
130
201
2
26
1139
1139
1130
1129
1121
1016
1036
1032
1085
304
105
200
187
199
197
198
252
1107
1108
1130
1124
1012
1012
1036
1033
1031
293
203
204
204
195
254
1105
1105
1100
1102
1099
1010
1010
1009
1038
1037
1036
296
293
293
187
214
265
267
1105
1101
946
945
944
916
287
284
284
277
215
272
1104
1102
944
943
922
925
916
289
282
219
221
218
263
266
1509
1513
1518
1519
1517
1696
1693
925
290
290
2202
284
219
2497
217
2494
264
1522
1522
1511
1519
1705
1704
1696
1661
2213
2214
2203
2202
2201
2515
2497
2503
2499
1538
1541
1708
1714
1659
1662
2210
2216
2200
2402
2404
2497
2501
2500
1536
1542
1542
1550
1543
1545
1548
1702
1544
1656
1654
1654
2199
2208
2197
2405
2405
2494
2473
1536
1535
1533
1548
1701
1702
1713
1683
1649
1653
2306
2306
2303
2303
2423
2404
2414
2386
2385
1600
1597
1546
1717
1684
1671
1651
2305
2308
2298
2413
2416
2413
2414
2386
2385
1582
1599
1821
1814
1681
1738
1681
2290
2289
2294
2297
2415
2440
2437
1585
1579
1825
1826
1820
1812
1813
1745
1739
1739
2291
2328
2314
2434
2433
2437
2439
2436
1584
1819
1817
1756
1745
1740
2326
2324
2327
2332
2320
2320
2432
2434
2430
2426
1585
1583
1826
1816
1757
1757
2323
2326
2315
2319
2317
2431
2425
2425
2428
1756
1156
1052
1052
1079
15
14
1155
1079
136
1
1180
1184
1062
1079
130
1043
1076
107
126
15
17
1139
1124
1016
107
200
201
198
1013
1031
292
197
253
1108
1102
1009
1038
295
206
184
202
267
1099
947
944
944
1039
917
287
293
213
215
208
1513
1101
1515
944
919
221
1512
1516
918
221
2500
264
1509
1698
1705
1696
2209
2206
2205
2205
1542
1547
1697
1702
1696
1657
1655
2210
2402
2411
1534
2306
2208
2303
2303
2405
2411
2410
2472
1543
1648
1685
2306
2411
2472
1533
1722
1683
1651
2300
2300
2414
1582
1825
1813
1651
2291
2297
2417
2438
1581
1584
1822
1812
1738
2329
2318
2415
2433
2437
1585
1814
1757
2327
2311
2431
1810
1747
2315
2429
1155
130
10
13
112
1124
1013
1062
3
293
184
203
1105
1122
1029
1010
265
921
264
2503
1516
2501
1544
1541
1695
2209
2408
1657
2408
1701
2386
2417
1582
1682
2296
2314
2311
2429
1817
1754
95
13
95
8
1164
1061
18
106
198
1033
1124
1015
202
1137
206
220
218
1694
1693
2211
2500
1545
1702
2411
2409
1580
1648
2299
1722
1650
2438
1721
2322
2328
1811
1747
2322
2314
2430
2428
1187
9
1076
128
128
0
1165
107
1032
196
1124
184
209
1105
1030
917
1036
290
918
1692
2211
2197
1655
1651
1587
2299
1817
2313
2437
1810
2324
2316
1052
1078
1076
102
15
1062
1084
1121
196
1106
1010
287
209
221
1510
1510
919
2206
2497
2499
1534
1698
1656
1536
1722
1722
1536
1587
1722
2416
1811
1583
1810
1757
2325
2311
1053
1078
1748
1748
14
1183
1183
909
2019
1007
127
127
209
1029
1137
1030
1515
208
1516
2204
1699
1699
2204
2496
1695
2408
2208
2302
893
1648
2409
2406
2287
1579
1808
1809
2314
2406
1811
1815
1235
892
1748
134
12
12
2019
2019
1007
134
1007
2471
1968
2471
893
285
1969
1968
846
503
1680
1723
458
2632
1808
2632
458
1967
457
