272
6
73
75
75
75
5
5
6
13
93
93
5
7
13
13
13
13
13
73
74
74
7
7
7
13
71
74
96
96
93
4
7
12
71
74
95
96
7
7
7
10
10
12
70
95
96
96
33
33
10
78
79
79
96
32
32
32
33
33
17
17
19
12
82
78
78
79
79
32
33
17
19
84
84
82
82
78
79
31
17
18
18
18
19
84
84
223
210
211
31
165
223
223
223
210
211
211
165
136
223
222
222
210
137
224
222
222
222
206
210
210
163
138
138
136
221
221
221
206
163
163
163
138
139
139
139
139
221
221
221
206
215
159
159
158
158
144
139
145
230
230
214
160
144
232
232
215
215
160
158
144
144
144
145
145
145
229
229
231
231
212
158
145
229
231
231
212
212
212
213
213
158
158
147
147
147
146
73
73
73
73
73
73
75
75
75
75
75
93
93
93
93
5
5
6
6
6
6
6
6
13
13
13
13
73
73
73
75
74
74
75
93
93
5
5
5
5
6
6
6
13
13
13
13
13
73
71
71
74
74
74
93
93
93
93
93
5
4
5
5
5
7
7
13
13
13
12
13
12
71
71
71
74
74
74
95
96
96
4
4
4
7
7
7
10
10
12
12
71
71
70
70
70
70
74
95
95
96
96
4
96
4
7
10
10
10
12
12
70
70
79
79
79
95
95
95
96
32
32
32
32
33
33
33
10
17
10
12
12
12
12
70
70
83
82
82
78
79
79
96
32
32
32
33
33
33
17
17
17
19
19
19
19
83
83
83
82
78
78
79
79
79
31
31
31
32
17
17
17
17
19
19
19
84
84
84
82
82
82
78
78
78
79
79
31
31
31
31
31
29
18
18
18
18
19
19
19
19
84
84
82
78
210
79
210
211
211
211
165
29
18
18
18
18
18
137
19
19
136
224
224
223
223
223
223
223
223
210
210
210
210
210
211
165
165
165
165
165
162
137
162
162
137
137
136
136
224
224
223
223
223
222
210
210
210
210
210
165
163
163
163
163
163
137
162
137
136
136
136
224
224
224
222
222
206
206
206
206
163
163
163
163
163
137
137
138
139
136
139
224
221
222
222
206
206
206
206
206
206
159
163
163
163
138
138
139
139
139
221
221
221
221
221
221
221
221
214
214
215
215
159
159
163
138
138
139
230
230
230
232
221
214
215
215
215
215
159
160
159
159
158
158
144
144
144
144
145
145
145
230
229
229
232
232
232
214
215
215
215
213
160
215
160
160
158
158
158
144
145
145
229
231
232
232
232
231
212
212
213
213
160
158
158
158
158
147
144
147
147
145
145
229
229
231
231
231
231
231
231
212
212
212
213
158
158
157
147
146
146
146
146
146
146
229
75
6
73
73
73
72
75
75
94
93
93
106
93
106
5
5
6
6
6
15
15
15
14
14
73
73
73
73
73
75
75
74
75
75
94
93
94
93
93
5
5
5
6
6
6
15
15
15
14
14
71
71
74
74
74
74
94
93
93
4
4
4
4
4
4
4
5
7
7
8
12
12
12
71
71
71
71
71
74
74
96
96
4
4
4
7
7
10
13
10
11
12
12
71
70
70
70
70
70
68
77
95
95
96
96
32
32
33
7
10
10
10
10
11
12
70
70
79
77
95
79
95
95
96
32
33
33
17
17
12
12
83
83
82
79
79
76
32
32
33
33
33
17
17
17
19
83
83
83
83
82
82
82
78
78
78
78
31
31
31
33
30
29
17
17
20
18
19
20
19
20
84
84
84
82
78
78
78
78
79
76
76
31
31
31
31
29
29
29
29
18
18
20
20
84
223
82
208
210
76
211
211
29
29
165
29
18
137
20
136
224
224
223
223
208
208
208
210
211
211
165
165
162
162
162
162
162
137
137
137
136
224
224
224
224
222
222
210
210
210
211
165
165
162
162
162
162
137
137
136
136
224
224
224
224
222
223
222
222
222
207
206
206
165
165
163
164
164
138
138
138
136
139
224
221
221
222
207
206
206
206
163
164
163
164
138
138
139
139
230
221
221
207
206
214
206
206
215
159
164
164
138
138
139
144
139
230
230
230
230
230
232
214
214
214
215
215
215
159
159
159
159
159
158
144
144
144
145
145
230
230
230
230
232
232
232
212
214
213
215
160
160
157
157
158
144
145
145
145
145
229
229
232
212
212
212
213
160
160
157
158
157
157
147
147
146
145
229
229
229
229
231
231
231
231
231
231
231
212
212
212
213
160
160
160
157
157
157
157
147
157
147
147
146
146
146
157
147
146
72
72
6
73
72
72
72
72
75
75
75
94
94
94
106
106
106
106
0
6
6
1
15
15
15
15
14
15
14
14
71
72
75
72
94
94
94
94
106
106
106
106
2
5
6
15
15
14
71
71
72
69
72
72
74
94
94
94
107
4
4
2
4
3
7
8
8
8
15
15
14
14
71
69
69
68
68
68
94
94
95
96
96
4
4
2
3
3
3
8
8
11
14
11
71
70
68
77
95
95
96
97
25
2
25
10
10
11
11
11
11
70
70
70
81
77
95
95
95
32
25
33
33
26
26
33
26
17
10
11
22
22
70
83
83
83
83
83
82
77
77
77
95
95
32
32
32
30
20
20
20
19
83
83
83
83
78
77
77
76
76
31
76
31
29
30
30
30
18
20
20
20
20
20
84
84
83
82
82
77
78
77
76
76
76
31
31
29
30
18
18
20
20
20
84
84
84
82
84
208
208
208
211
211
211
29
29
29
29
162
161
18
143
142
142
142
228
228
223
226
208
209
209
209
211
211
166
166
162
162
162
162
143
142
136
137
136
228
228
224
223
207
209
209
209
165
166
165
166
162
161
161
162
138
137
137
136
136
228
228
222
207
207
207
207
205
165
209
166
165
165
166
164
164
164
138
139
136
136
227
222
227
222
222
207
207
207
205
159
164
164
164
138
139
139
139
227
227
230
227
221
214
207
207
215
205
159
205
164
164
159
164
138
138
144
150
150
230
227
230
230
230
232
221
214
214
214
214
215
159
159
159
156
144
144
150
229
230
232
232
232
232
214
213
159
160
160
160
156
157
144
147
144
145
234
229
229
232
232
214
212
213
213
213
160
160
157
157
157
157
147
147
146
146
229
229
229
236
231
212
212
212
213
213
160
157
153
157
157
157
147
147
147
147
146
146
146
146
231
146
127
72
127
72
130
72
129
94
94
106
106
106
106
106
106
0
0
1
1
15
1
15
15
15
14
127
127
72
72
130
72
94
109
106
106
107
106
107
106
2
1
1
1
3
8
15
14
14
69
69
72
72
99
99
99
99
94
107
2
2
2
2
2
2
3
8
8
8
16
14
14
69
69
69
68
68
99
97
98
2
2
3
2
8
8
9
11
11
69
69
69
69
68
68
68
99
97
97
97
97
98
2
2
3
26
26
3
26
8
8
9
11
11
11
69
69
69
69
69
81
81
77
97
97
97
97
25
25
25
26
26
26
24
24
10
10
22
22
22
81
81
81
81
81
77
77
77
97
25
27
25
25
26
30
26
30
24
22
24
22
22
81
83
82
77
77
77
76
27
30
30
24
24
22
20
81
80
84
80
80
77
77
76
76
76
27
29
29
29
30
30
23
18
20
20
20
80
80
80
82
226
208
76
76
76
76
28
29
30
30
30
161
161
23
143
23
23
21
142
228
228
226
226
208
208
208
209
209
211
166
166
166
166
162
161
161
161
142
143
142
142
228
228
226
226
225
207
208
209
209
209
166
166
166
161
143
143
143
143
142
142
142
228
228
228
227
225
225
225
207
207
207
204
209
166
166
166
161
164
143
143
143
140
140
142
227
227
227
225
225
207
205
205
205
205
205
167
166
168
164
164
164
138
143
141
143
140
140
227
227
225
205
205
205
159
168
164
156
156
156
138
152
152
140
150
150
227
234
234
234
235
218
218
214
205
205
205
154
154
154
154
156
156
156
151
151
150
150
150
234
234
234
236
236
218
218
219
213
213
154
154
156
156
156
151
150
150
150
150
150
234
234
236
236
236
219
212
219
213
213
153
153
153
156
156
151
151
150
151
146
234
234
236
236
236
236
219
219
213
216
213
153
153
153
155
157
147
151
149
146
236
130
14
127
127
130
130
130
129
129
109
109
109
109
109
108
108
106
106
107
0
1
1
16
16
16
16
16
16
14
127
127
127
130
129
129
109
109
109
107
0
0
1
1
1
1
16
16
16
14
14
127
128
128
129
129
99
99
99
99
109
109
107
2
2
3
8
8
8
8
9
11
128
128
69
128
68
68
68
68
99
99
99
97
98
98
98
107
2
2
3
3
9
9
9
11
121
69
69
68
68
68
99
97
98
25
2
3
26
3
9
9
9
11
11
69
81
68
81
99
97
97
98
98
25
25
25
26
26
26
8
24
9
9
22
81
122
81
81
97
97
97
25
27
27
25
26
26
24
24
24
24
22
22
22
22
81
81
81
80
81
90
97
92
92
76
27
27
27
27
26
24
24
23
23
21
21
21
21
80
80
80
80
80
76
76
27
27
30
23
30
30
23
23
21
21
21
80
226
80
90
208
92
208
76
28
28
30
169
30
161
161
161
21
142
226
226
226
226
208
208
209
209
209
28
166
169
169
169
161
161
143
143
143
143
142
142
228
228
226
226
225
226
225
225
208
208
209
209
209
166
167
166
169
161
161
143
142
142
228
228
228
225
207
204
205
205
166
168
168
161
161
143
143
143
140
140
140
140
227
225
225
207
204
204
205
205
167
167
168
168
168
141
140
140
140
227
227
227
227
225
218
204
218
205
204
205
167
167
156
164
141
152
152
140
140
227
234
234
235
234
235
235
218
218
218
218
218
217
205
154
154
156
156
156
152
152
150
150
234
234
234
235
236
236
218
218
216
216
213
154
153
156
156
156
151
152
150
150
234
234
236
237
236
219
219
219
219
216
216
216
153
153
155
151
151
151
151
150
234
233
236
233
236
237
236
236
236
219
219
219
216
216
153
153
153
153
153
155
155
151
151
151
149
149
149
155
127
127
130
130
130
130
129
129
109
109
109
108
108
107
0
0
0
1
16
16
16
16
16
16
16
14
41
127
127
130
129
129
129
109
109
109
109
108
108
107
0
1
1
1
16
16
16
41
41
128
128
128
128
129
129
129
99
108
108
107
107
0
0
0
1
3
8
16
16
11
41
121
128
128
129
101
99
99
100
108
107
98
67
0
3
3
3
3
9
9
9
9
11
41
121
128
121
121
68
101
99
100
100
100
100
98
98
98
98
25
25
3
3
9
9
9
39
39
11
121
121
121
68
68
101
100
100
97
98
98
25
25
25
25
24
24
24
9
9
22
22
39
122
122
122
101
101
99
90
92
98
86
27
27
26
26
24
24
24
22
22
22
122
122
122
80
81
101
90
92
92
92
27
27
27
27
26
23
23
23
21
21
21
122
80
80
90
90
92
92
92
92
92
28
28
28
28
30
23
23
23
23
21
80
226
80
80
80
259
90
242
92
92
92
28
28
28
28
28
28
28
169
161
23
179
21
226
270
226
259
226
242
208
91
209
167
167
28
169
169
169
142
179
226
226
228
259
226
225
242
242
209
244
167
167
167
169
169
169
169
169
169
168
141
143
140
142
140
228
225
225
204
204
204
204
167
167
168
168
168
168
141
140
140
228
260
225
225
225
204
204
204
204
204
204
167
167
168
168
141
141
140
227
227
235
218
204
204
217
167
168
168
155
156
141
141
141
141
233
234
235
235
235
235
218
218
218
220
217
217
217
154
154
155
155
155
152
152
152
152
152
148
233
233
233
235
235
237
235
219
218
218
216
217
217
154
154
155
151
152
152
151
152
150
152
233
233
237
237
236
219
216
220
216
216
153
153
154
155
155
151
151
151
149
149
148
149
233
233
237
237
237
236
219
219
219
219
216
216
153
153
153
155
155
151
149
149
149
149
219
130
108
127
130
130
129
135
129
105
109
108
108
107
107
0
0
0
1
60
60
40
40
41
41
41
127
127
130
130
130
129
129
109
105
108
108
107
67
67
1
59
59
40
40
40
41
41
41
127
128
128
128
129
105
108
108
108
107
67
67
67
67
1
59
40
40
40
41
41
41
128
128
128
128
129
128
99
100
100
104
67
67
67
59
40
39
121
121
128
101
100
100
100
100
98
98
98
54
67
53
59
53
9
39
39
39
39
121
121
121
121
121
101
101
100
85
98
98
100
86
86
54
53
53
53
53
24
38
39
39
122
121
121
101
101
101
92
86
86
54
54
53
24
50
23
22
122
122
122
122
90
101
90
92
92
91
27
27
27
54
52
23
23
21
21
21
21
21
122
122
122
119
90
90
92
92
91
28
27
28
52
52
23
21
21
21
271
270
270
80
271
259
259
90
242
91
91
91
91
28
28
28
169
52
169
178
178
178
179
179
179
270
271
271
271
259
259
259
259
242
242
242
242
244
170
28
167
169
175
169
178
178
179
178
179
179
179
270
270
259
259
242
242
244
171
169
175
175
169
178
179
260
260
260
259
259
259
242
242
244
244
244
167
167
171
175
168
169
175
168
141
180
141
141
140
260
260
260
259
259
204
204
245
244
217
167
168
195
168
168
180
141
141
140
140
260
260
235
235
235
245
218
245
204
217
244
217
217
154
167
155
201
155
141
141
141
141
260
235
235
235
218
235
220
218
217
217
217
217
217
154
154
201
155
201
152
152
152
148
233
233
237
220
220
217
217
217
154
154
155
155
152
152
152
148
148
233
233
237
233
237
220
220
216
216
154
203
202
190
149
149
148
148
233
233
237
237
237
237
219
220
220
220
216
216
203
153
203
203
155
202
149
149
149
149
149
148
233
220
149
107
65
132
130
130
135
135
105
105
105
105
108
108
103
107
65
65
65
60
60
40
40
41
40
40
41
127
127
130
135
135
105
105
105
108
104
107
103
66
67
67
67
60
59
40
40
41
132
127
131
131
105
104
104
104
104
66
66
67
67
67
59
40
59
40
40
40
41
41
132
132
131
131
131
105
104
104
104
104
104
104
67
67
66
67
59
38
38
38
38
38
38
41
121
131
121
124
131
100
101
100
100
100
100
86
104
54
54
67
45
38
39
39
39
121
121
121
101
101
101
100
85
86
86
86
86
54
54
53
53
53
45
45
45
49
39
39
122
122
119
101
123
101
101
89
85
85
86
54
54
53
53
53
50
50
50
49
39
39
122
119
122
119
119
90
89
89
92
86
54
54
54
52
52
50
48
119
119
119
90
90
90
90
91
91
54
51
51
52
52
52
50
50
48
270
271
271
271
90
90
90
91
91
91
91
91
91
51
52
175
175
178
178
178
178
179
270
271
271
263
242
242
243
243
170
171
171
175
175
178
178
179
179
270
271
271
263
242
242
242
242
243
170
170
170
170
171
171
175
178
178
180
180
179
180
179
270
259
260
259
271
259
263
245
242
244
196
196
195
175
175
180
180
181
180
260
260
259
245
245
244
244
244
196
196
195
175
201
175
180
181
181
181
141
181
260
260
260
261
261
261
245
245
244
252
217
217
154
196
195
201
201
201
201
180
180
189
181
181
181
262
262
261
261
245
252
252
252
154
195
203
201
189
189
152
194
148
262
262
262
235
249
252
220
220
252
252
254
254
203
203
202
202
189
189
189
189
148
194
262
262
233
237
237
220
249
220
249
220
253
253
254
203
203
203
202
203
190
189
190
149
148
148
233
257
237
237
237
220
220
220
220
220
253
216
253
216
253
216
203
203
202
202
202
190
190
190
149
190
148
148
148
148
148
65
36
132
135
135
135
135
105
105
105
103
103
103
103
65
65
60
60
60
60
60
60
40
36
36
36
36
135
135
135
135
105
105
103
103
66
103
66
65
65
59
60
60
60
60
40
36
41
36
132
135
135
131
131
131
105
104
104
66
66
66
66
66
66
66
59
59
60
38
41
37
132
131
132
131
131
131
131
131
105
104
104
66
66
67
59
38
38
38
38
38
38
120
120
120
124
131
124
124
131
118
118
86
111
66
54
56
56
53
53
45
45
38
38
39
120
120
124
124
124
124
124
101
118
85
85
85
86
86
86
54
53
45
45
45
49
49
39
49
39
120
120
123
123
123
85
85
85
85
86
86
54
54
54
53
53
53
53
45
49
49
48
48
120
119
119
119
89
89
89
85
85
91
51
54
51
52
52
52
50
50
50
50
48
48
48
119
119
119
89
89
88
91
91
91
51
51
51
52
52
50
52
50
50
50
48
48
48
270
270
271
119
90
89
91
91
51
51
52
178
178
179
179
179
270
270
270
270
271
271
264
242
243
243
243
243
243
170
170
171
171
175
175
175
178
178
179
179
179
270
270
270
270
271
271
263
263
243
243
243
243
170
170
171
174
174
175
180
180
180
180
185
270
270
271
263
263
263
244
243
243
196
196
196
170
175
175
174
175
180
180
180
180
181
180
260
260
260
260
260
263
263
245
245
244
244
196
196
196
196
196
195
195
195
201
180
181
181
262
261
261
245
261
245
245
245
245
252
241
196
195
195
195
195
201
201
201
201
181
181
181
181
181
262
261
261
249
245
252
252
252
252
252
254
252
203
195
201
201
189
189
194
194
194
262
262
262
262
262
249
249
249
252
252
254
254
254
254
254
203
202
189
189
189
194
194
194
262
262
262
262
249
249
249
248
252
253
253
253
203
203
202
202
189
190
194
194
148
194
257
257
262
257
249
249
249
248
253
253
253
253
253
203
202
202
190
190
190
190
190
148
148
134
134
135
134
135
105
102
102
103
103
65
65
65
60
60
60
36
36
36
132
134
135
135
135
113
102
102
102
103
103
103
65
65
65
60
60
36
36
36
36
132
132
135
131
113
105
104
111
104
103
66
66
65
59
59
62
37
37
36
37
132
131
118
118
111
66
66
56
66
59
62
45
37
37
38
37
38
37
124
124
124
132
124
131
118
118
118
111
56
56
55
55
55
45
45
45
37
49
38
120
124
123
124
118
118
118
85
85
111
86
56
56
55
55
55
45
47
39
120
120
120
123
123
123
118
85
85
85
85
86
56
56
55
55
55
52
52
45
49
49
49
48
120
120
120
119
123
123
123
85
85
51
51
51
50
43
50
50
49
48
48
48
119
120
119
119
119
123
89
89
89
88
88
51
51
50
50
48
48
48
269
269
269
269
269
264
89
89
89
88
171
51
171
52
183
183
179
48
183
48
269
269
269
269
264
243
243
243
170
171
171
171
174
174
183
183
183
269
269
269
263
263
263
243
243
243
243
170
170
171
174
174
174
183
183
185
185
185
270
269
263
263
263
243
244
170
170
196
196
195
174
174
174
174
186
186
185
185
261
261
261
245
241
196
196
195
195
197
197
186
181
185
181
261
261
245
261
245
245
241
252
251
195
195
195
201
201
201
201
186
181
181
181
262
261
261
261
249
249
251
252
254
252
195
195
195
189
188
194
181
191
191
257
262
258
249
258
249
248
252
254
254
254
254
199
254
199
202
202
202
189
188
190
194
191
257
257
258
258
258
249
249
249
248
248
248
253
253
253
254
254
199
202
202
202
189
189
189
190
190
194
194
194
194
257
257
257
258
249
248
248
253
253
253
203
203
253
202
202
189
190
190
190
194
194
253
63
134
134
134
134
134
134
113
113
102
102
102
103
65
63
65
63
63
63
61
61
61
34
36
36
34
134
134
113
112
102
113
102
102
102
103
103
63
65
59
61
35
36
36
36
132
134
134
113
132
134
113
113
113
103
103
64
65
59
65
62
62
37
36
36
37
124
133
132
132
132
117
113
117
111
111
111
111
111
111
56
64
56
59
59
59
62
62
62
37
37
37
37
124
124
124
124
118
118
111
111
111
56
56
56
55
62
45
45
37
47
47
37
37
37
126
126
123
117
118
118
118
118
116
56
56
56
55
55
55
55
43
45
49
47
47
120
125
123
123
123
123
118
85
88
56
56
56
55
55
55
43
43
43
49
49
47
47
120
120
120
123
123
118
88
88
88
88
88
51
57
51
51
58
43
42
49
49
49
47
48
269
268
89
115
87
88
88
88
88
88
51
51
52
42
50
49
46
48
268
269
264
115
89
89
89
239
88
239
88
170
88
88
171
171
171
42
176
42
183
183
183
183
182
48
268
269
264
89
238
239
173
171
171
171
174
176
183
183
183
182
269
269
269
269
263
264
264
263
264
238
238
238
238
238
170
170
173
174
174
176
174
183
183
185
185
267
261
269
266
263
263
238
238
239
173
170
170
197
174
174
174
177
186
185
185
185
255
255
263
263
238
241
241
241
196
197
174
186
186
185
185
185
255
255
255
261
255
255
255
246
246
241
251
241
251
241
241
241
196
197
197
197
197
197
186
186
186
191
256
255
255
255
246
246
251
251
251
251
251
241
197
197
197
201
188
188
191
191
191
256
256
258
258
258
248
251
251
254
254
199
197
199
199
199
199
199
188
188
188
191
192
191
191
258
257
258
248
258
248
248
250
254
199
199
199
199
189
190
193
193
194
193
191
257
257
257
258
248
248
248
248
248
250
250
250
254
200
200
188
188
190
193
193
193
193
193
258
134
63
134
134
112
134
113
113
102
113
102
102
63
63
63
63
63
61
61
35
34
34
34
134
134
133
133
112
113
113
113
113
113
102
103
64
64
63
63
61
61
61
35
34
34
133
133
133
132
112
112
113
110
111
110
110
110
64
64
62
61
62
61
34
34
133
132
117
116
116
110
111
111
64
64
62
44
35
44
34
37
124
126
126
126
117
117
117
116
116
111
56
56
55
55
44
47
126
126
126
126
117
115
117
116
57
57
57
55
43
44
44
47
47
47
125
126
125
126
123
115
117
115
118
116
88
57
55
43
43
43
47
47
47
125
125
123
115
114
88
88
87
57
57
58
58
58
58
58
43
43
49
46
46
47
47
46
120
268
268
115
115
87
87
87
87
87
58
58
58
42
42
42
42
46
46
268
268
268
115
87
87
173
173
176
42
42
46
182
46
182
268
268
265
264
264
239
239
173
173
173
173
173
173
176
176
183
183
183
182
182
182
267
267
265
265
265
265
238
239
173
172
172
176
176
176
183
186
185
185
267
267
266
265
266
265
238
238
238
241
172
198
172
176
177
177
177
186
186
185
186
185
267
267
266
266
238
238
241
241
241
198
198
197
197
177
186
186
185
256
255
255
255
266
246
246
246
241
241
241
240
241
197
198
198
197
197
187
186
186
186
186
191
186
191
256
255
255
255
246
246
251
251
250
241
197
197
199
197
188
192
191
191
191
256
257
256
256
246
246
246
246
246
251
251
199
199
199
199
187
188
192
192
191
191
257
257
258
258
247
246
247
250
250
250
200
199
200
188
188
192
193
193
191
257
257
258
248
248
247
248
250
250
250
250
250
200
200
188
188
188
193
193
193
193
200
113
133
134
63
63
63
63
63
63
61
61
61
35
35
34
34
133
112
112
113
112
110
110
102
64
64
61
61
35
35
34
34
133
133
112
112
112
112
110
110
110
64
64
61
35
35
34
133
133
133
133
117
117
110
116
110
110
64
62
44
35
34
126
126
126
126
117
117
116
116
110
57
62
44
57
44
44
44
47
126
126
126
117
117
117
116
116
116
57
44
44
44
44
47
125
125
125
125
115
115
115
114
114
114
116
57
57
57
43
43
46
47
125
125
115
115
114
87
57
58
58
58
42
46
125
125
115
115
87
87
87
58
58
42
42
46
46
46
268
268
264
264
264
239
239
87
58
58
173
58
42
176
42
182
46
268
268
268
265
265
239
239
173
173
173
176
176
176
176
182
182
182
267
267
265
239
239
173
173
172
176
177
177
182
182
182
267
267
267
265
266
266
265
265
266
240
172
172
172
172
177
177
177
184
184
267
267
266
266
266
238
240
240
198
240
198
198
177
177
186
177
184
184
184
255
255
266
266
240
240
240
198
198
198
184
187
184
186
184
184
256
255
246
246
251
251
240
198
198
199
187
187
192
191
256
256
255
247
246
247
247
251
251
250
199
199
187
192
192
192
192
191
257
246
247
247
247
250
200
200
200
200
187
188
192
192
193
192
257
258
258
247
250
250
200
200
200
188
188
193
193
193
193
248
133
112
112
102
35
35
133
102
61
35
133
112
112
110
61
116
110
64
62
35
34
126
126
116
64
62
44
44
117
116
57
44
47
125
125
114
114
57
43
43
43
46
125
115
115
114
114
87
57
58
43
42
46
268
125
264
114
87
42
268
264
87
42
182
46
268
265
265
239
173
176
176
176
267
265
265
265
239
239
173
172
177
177
267
172
172
177
177
177
184
184
182
266
240
240
198
184
184
266
240
240
198
198
187
184
256
266
246
198
198
187
184
192
256
256
247
247
251
200
187
187
192
192
256
247
250
200
187
192
258
247
188
193
133
64
61
35
64
126
117
110
44
57
57
43
125
125
114
114
46
87
46
182
265
182
265
267
239
172
176
240
177
266
184
184
256
240
187
187
187
192
247
250
63
35
64
35
133
112
34
64
44
116
117
116
44
115
58
42
42
264
239
173
182
266
266
184
184
256
240
198
246
240
192
240
200
200
247
251
200
187
193
193
112
61
110
62
61
35
133
64
116
44
115
43
46
125
114
87
116
58
87
239
172
172
172
198
256
198
247
187
192
247
200
188
112
110
110
64
35
112
110
117
44
125
114
57
43
42
268
268
87
176
177
182
267
265
239
267
266
240
267
266
240
187
247
256
258
250
200
187
112
110
137
137
35
111
111
114
214
114
62
62
44
114
115
114
264
46
264
172
264
264
172
177
239
177
172
172
108
240
184
184
187
256
256
247
187
192
247
247
102
109
137
62
34
34
214
214
114
62
114
238
244
238
104
57
244
211
104
0
268
211
0
238
256
238
0
244
19
