3712
1429
845
867
830
829
1436
1441
1430
1761
825
814
1437
1787
1789
1789
1766
1768
1768
727
847
847
1405
1403
1780
1782
550
852
825
821
820
1404
1403
1657
538
635
593
589
1398
1396
1393
1677
1675
1659
544
590
582
584
1397
1560
1677
658
591
654
581
1555
1556
1557
1561
1559
1675
1679
1662
1666
564
657
656
653
672
1557
1559
1650
1628
566
566
640
639
660
653
1539
1517
1643
1642
1633
1630
570
571
3361
3372
2480
1539
2484
3357
3358
3361
3375
3365
2481
2467
2696
3359
3293
3384
3375
2752
3343
3285
3292
3292
3438
2476
2476
2510
2750
2752
2727
3277
3286
3286
3423
2473
2496
2520
2750
2729
2732
2730
2730
3278
3279
3297
3430
2420
2409
2435
2509
2509
2735
2738
2739
3281
3283
3435
2434
2657
3491
3491
3431
2406
2404
2622
2658
2623
2657
2655
2641
2640
3481
3482
3502
3504
2400
2384
2654
3486
3488
3506
3636
3637
2399
2402
2402
2382
2619
2636
2636
2661
2650
751
753
750
747
753
746
869
867
863
862
829
830
813
813
1441
1439
1436
1430
1785
1429
1784
1784
1797
1789
1741
1762
1766
753
726
845
865
847
843
862
818
814
1439
1437
1427
1422
1422
1432
1785
1789
1762
1764
1761
1766
726
734
727
731
847
854
823
820
825
816
818
1445
1448
1426
1425
1404
1405
1787
1781
1782
1781
1768
1768
1756
537
537
548
547
853
852
823
824
821
1418
1414
1397
1394
1403
1777
1782
1668
1656
1659
538
540
545
546
550
547
635
593
588
586
586
1416
586
1416
1401
1669
1677
1657
1659
1654
574
546
635
637
636
591
590
589
584
1555
1416
1563
1396
1565
1398
1394
1669
1675
1661
1661
1655
1664
1664
575
573
561
564
523
656
636
669
581
1556
1555
1565
1565
1521
1561
1673
1680
1650
1681
1666
1662
1666
575
578
562
639
657
658
654
671
669
1538
1543
1542
1543
1517
1650
1644
1632
1679
1635
1630
569
569
567
640
642
644
662
644
660
673
670
1545
1546
1539
1541
1536
1534
1639
1644
1646
1643
1632
1626
1630
1628
571
570
644
660
3373
670
3376
3366
3366
2488
2485
1533
1640
1640
1639
1642
1633
2702
1626
1630
2690
3341
3340
3359
3363
3362
3363
3384
3382
3379
3377
3377
3376
3365
2481
2480
2483
2467
2485
2484
2512
2699
2511
2536
2699
2703
2690
2695
3339
3337
3357
3354
3362
3384
3373
3375
2478
2478
2478
2470
2471
2469
2522
2522
2522
2752
2512
2691
2692
2694
2695
3339
3351
3346
3293
3295
3423
3438
3440
2478
2474
2469
2520
2522
2515
2754
2754
2754
2754
2728
2727
3344
3285
3297
3295
3423
3442
2420
2411
2413
2476
2412
2520
2516
2510
2748
2748
2729
2736
2732
3288
3281
3279
3305
3305
3303
3297
3299
3434
3433
2419
2412
2495
2433
2499
2748
2775
2737
3281
3282
3278
3305
3305
3434
3433
2418
2420
2416
2409
2433
2434
2435
2431
2620
2659
2659
2658
2657
2641
2739
2643
3282
3482
3481
3491
3496
3502
3503
2418
3431
2419
2406
2425
2409
2429
2428
2428
2621
2620
2654
2640
2645
3537
3484
3493
3493
3496
3503
3638
2406
2406
2404
2387
2384
2429
2619
2623
2638
2655
2638
2663
2641
2647
3486
3486
3488
3493
3488
3502
3504
3506
3636
3637
2400
2404
2384
2382
2630
2638
2661
2648
2652
2649
2648
2650
3486
868
1796
751
749
746
868
867
861
832
828
826
1478
1441
1478
1433
1434
1434
1432
1792
1795
1749
1752
1741
1742
753
738
729
747
729
842
865
853
859
863
834
832
840
838
818
1441
1444
1426
1432
1791
1796
1795
1753
1764
1744
1746
736
733
730
850
843
854
835
825
818
1449
1446
1449
1447
1448
1425
1444
1427
1400
1780
1778
1758
1755
1755
541
734
733
730
542
731
848
825
816
1420
1418
1414
1400
1778
1771
1770
1770
1758
1756
1759
540
542
545
548
523
524
631
626
629
588
586
600
1418
1414
1407
1393
1671
1777
1670
1668
1655
1654
540
544
633
630
627
637
624
582
598
1553
1565
1520
1673
1680
1666
1664
579
555
649
625
673
669
1552
1563
1521
1519
1521
1652
1652
1679
1681
574
579
555
562
651
651
649
651
664
666
663
1546
1548
1542
1560
1521
1514
1652
1652
1636
1637
1634
1637
1634
1694
569
567
577
644
651
662
666
662
672
671
678
1545
1548
1550
1543
1536
1530
1531
1510
1648
1636
1635
1695
577
3363
642
3390
3372
680
2489
2489
1532
1533
2485
1534
1647
2703
1626
2706
3336
3336
3358
3363
3390
3379
3379
3367
2488
2491
2483
2467
2529
2527
2524
2535
2535
2533
2702
2701
2690
3339
3341
3337
3351
3355
3382
3384
3368
3368
2493
2471
2462
2528
2528
2518
2532
2700
2692
2694
2696
3344
3346
3348
3348
3355
3352
3297
3354
3417
3421
3442
3437
2474
2470
2516
2515
2514
2750
2773
2746
2691
2746
3343
3264
3303
3303
3442
3442
2411
2413
2473
2498
2496
2500
2775
2773
2734
2728
3288
3300
3301
3426
3424
3428
3450
3450
2410
2495
2498
2500
2775
2775
2735
2770
2736
3266
3268
3263
3283
3290
3299
3435
3427
3433
3430
2416
2420
2425
2427
2426
2422
2431
2612
2771
2771
2665
2738
2737
3268
3529
3528
3527
3496
3498
3499
3628
3629
2394
2416
2389
2423
2423
2614
2622
2667
2667
2645
2642
2645
3537
3525
3500
3636
3638
2393
2395
2386
2390
2380
2621
2380
2616
2634
2667
2667
2647
3537
3535
3537
3535
3484
3523
3493
3489
3506
3508
3507
3634
3634
3634
2402
2396
2384
2387
2619
2379
2614
2629
2638
2630
2636
2632
2663
2652
2652
2630
2632
2663
741
856
1797
749
743
745
744
739
869
857
860
860
839
828
828
1476
1475
1472
1471
1433
1503
1793
1795
1750
1751
1753
1749
1749
1743
1743
737
744
857
707
859
839
840
838
1478
1478
1468
1474
1468
1423
1793
1774
1752
1744
737
736
729
709
709
849
849
836
836
834
905
1447
1445
1443
1412
1423
1791
1850
1773
1845
1775
1775
1760
1760
738
705
705
704
705
848
850
923
835
599
600
1446
1420
1410
1412
1401
1855
1847
1774
1773
1760
1759
541
524
528
630
629
599
600
606
1420
1412
1410
1670
1847
1771
1705
1816
1818
535
535
528
631
627
626
596
598
1552
1619
1408
1408
1407
1512
1515
1515
1671
1706
1704
1700
1699
531
553
560
534
526
560
633
615
625
624
595
595
1553
1563
1512
1520
1710
1724
1709
1702
557
556
555
561
649
663
676
675
680
1550
679
1550
1514
1514
1510
1519
1720
1713
1691
1690
1695
1702
579
567
556
513
646
647
664
675
689
680
680
1550
1548
1526
1524
1646
1647
1690
1693
1692
517
521
516
577
515
3392
3388
3370
3370
2486
2487
1530
1532
1526
1531
2525
2534
1648
2717
2706
2710
2709
3329
3328
3351
3392
3390
3367
3462
3462
2491
2487
2458
2462
2524
2529
2536
2534
2717
2713
2706
2706
2694
3330
3348
3353
3353
3414
3464
3463
2493
2491
2460
2464
2464
2527
2532
2532
2533
2777
2715
2701
2686
2686
3346
3332
3415
3420
3380
3464
3440
3459
2452
2493
2464
2456
2455
2464
2514
2518
2779
2777
2688
2687
2679
3270
3296
3261
3301
3417
3419
3448
3448
3460
2455
2506
2505
2773
2781
2746
2744
2744
3263
3269
3259
3272
3290
3426
3427
3448
3450
3444
2426
2346
2503
2507
2499
2505
2783
2781
2741
2742
2744
3268
3264
3266
3288
3257
3290
3300
3620
3428
3616
3450
3443
2427
2423
2326
2609
2770
2603
2565
3528
3526
3518
3498
3500
3519
3628
2398
2425
2389
2391
2422
2615
2611
2612
2634
2665
2643
3533
3526
3525
3527
3499
3626
3631
3629
2396
2398
2391
2390
2353
2615
2616
2614
2634
2605
2645
2579
3535
3531
3530
3515
3507
3627
3631
3627
2393
2395
2386
2379
2365
2351
2630
2628
2626
2629
2624
2632
2574
2576
2580
2580
3508
2574
742
745
742
741
799
856
858
861
919
889
890
1471
1476
1474
1472
1452
1501
1502
1505
1792
1807
1751
1800
1750
1742
697
743
707
707
799
917
919
915
890
900
901
901
1470
1470
1466
1499
1501
1502
1503
1851
1811
1820
1746
698
698
709
711
925
919
920
914
905
903
1465
1465
1498
1488
1487
1498
1852
1848
1851
1843
1824
1822
1820
700
699
702
709
712
921
903
905
1466
1487
1488
1490
1855
1845
1832
1826
1822
533
531
705
527
714
713
712
921
923
907
604
604
608
1420
1491
1412
1480
1492
1847
1481
1847
1843
1706
1815
1815
1818
535
531
535
533
528
528
615
620
618
617
602
608
1617
1616
1619
1610
1608
1608
1719
1719
1705
1708
1710
1699
1698
552
553
534
614
613
615
611
611
596
1623
1623
1621
1611
1611
1610
1606
1601
1720
1710
1724
1709
1700
553
557
647
610
647
685
676
1621
1514
1599
1599
1724
1710
1692
519
521
511
513
646
687
685
691
695
695
1594
1528
1527
1527
1523
1510
1715
1713
1691
1694
1693
516
521
517
513
3392
3387
685
689
693
693
1594
1528
1526
1523
1524
2549
2549
1713
2717
1714
1717
1688
2708
3330
3328
3319
3319
3392
3386
3386
3455
3463
2486
2444
2457
2457
2458
2525
2550
2551
2716
2713
2715
2709
2710
3332
3329
3317
3317
3415
3412
3413
3452
3464
3457
2452
2460
2543
2779
2720
2717
2713
2684
2705
2684
2672
3334
3348
3334
3260
3352
3409
3414
3413
3419
3419
3469
3460
2454
2462
2456
2542
2514
2779
2687
2688
2679
2681
2686
3269
3261
3272
3260
3420
3421
3472
3473
3475
3473
3459
2348
2452
2502
2507
2506
2781
2777
2767
2768
2768
2680
2681
3270
3261
3256
3446
3477
2345
2343
2344
2505
2322
2322
2782
2782
2783
2766
2741
2742
2766
3276
3266
3259
3518
3520
3620
3624
3446
3443
3444
2346
2342
2344
2323
2324
2326
2608
2607
2602
2602
2561
2561
2564
3585
3529
3513
3521
3522
3617
3618
3649
3648
2389
2324
2323
2352
2607
2608
2603
2599
2562
2563
2563
2565
3589
3530
3513
3522
3519
3643
3626
3652
2394
2377
2375
2375
2364
2352
2611
2589
2605
2576
2576
2580
3590
3533
3531
3515
3515
3511
3645
3645
3653
3653
2377
2377
2365
2355
2349
2628
2626
2592
2574
2579
3510
798
1799
787
788
785
789
811
917
881
880
883
888
888
889
886
884
886
1470
1454
1451
1507
1507
1806
1809
1802
1808
1804
1802
1800
697
787
789
799
803
917
880
914
874
1459
1451
1497
1499
1497
1507
1494
1807
1810
1811
1826
1820
782
770
769
803
801
925
919
927
911
915
900
905
1470
1490
1497
1849
1849
1850
1848
1824
1826
699
767
702
765
716
713
716
711
925
926
920
912
912
910
910
1461
1462
1490
1853
1483
1838
1837
1833
1816
767
700
767
765
714
720
622
606
606
1461
1492
1482
1481
1853
1831
1829
1831
1814
1813
475
505
719
614
621
620
604
292
608
1616
1617
1614
1491
1608
1608
1836
1726
1727
1828
1708
552
472
501
506
617
602
602
1623
1621
1623
1615
1604
1601
1606
1601
1729
1731
1724
1722
1697
1697
473
473
502
502
615
682
611
691
694
695
1613
1570
1594
1574
1596
1599
1720
1735
1722
1722
1686
1684
1686
521
483
511
509
513
691
695
1594
1574
1579
1601
1597
1577
1714
1715
1717
1687
1687
519
3318
511
497
3387
686
3388
689
1592
1588
1578
2546
1576
2551
2550
2723
1688
2708
3322
3321
3319
3319
3404
3401
3453
3457
3455
1587
2445
2547
2545
2545
2549
2721
2719
2717
2725
2723
2710
2710
3333
3324
3326
3315
3315
3409
3405
3406
3404
3402
3402
3453
3457
2447
2447
2454
2543
2541
2721
2725
2725
2674
3334
3332
3250
3396
3397
3413
3475
3477
2454
2442
2502
2542
2756
2757
2757
2672
2669
2670
2677
2681
3254
3248
3409
3412
3468
3468
3472
3477
2438
2441
2335
2503
2541
2761
2767
2681
2677
3274
3273
3252
3261
3256
3407
3411
3624
3470
3471
2347
2348
2342
2331
2759
2760
2601
2766
2763
2680
3276
3584
3586
3257
3549
3551
3622
3621
3622
3624
3618
3613
3614
3632
2343
2338
2322
2328
2609
2601
2599
2561
2564
3587
3585
3587
3549
3518
3520
3617
3616
3614
3705
2371
2338
2373
2353
2333
2607
2601
2555
2558
2553
3591
3589
3554
3556
3521
3643
3643
3647
3648
3649
3651
3704
2375
2364
2362
2586
2594
2592
2568
2562
3591
3553
3553
3590
3515
3558
3510
3557
3511
3645
3645
3652
3651
3653
2377
2367
2368
2369
2367
2355
2351
2589
2593
2593
2570
2578
2578
2360
788
787
785
799
809
811
809
811
883
874
875
897
896
894
1456
1452
1455
1507
1807
1806
1072
1810
1802
1804
1804
1799
1053
780
782
785
800
801
879
881
879
876
876
876
892
892
1454
1495
1505
1101
1097
1072
1804
1057
1046
782
769
758
770
803
926
803
911
872
189
1458
1463
1459
1458
1495
1494
1852
1089
1809
1824
1822
1045
763
763
760
760
722
723
927
908
910
306
305
1463
1462
1485
1485
1835
1485
1839
1840
1840
1833
1826
1045
762
765
763
763
718
719
724
724
908
321
325
907
608
305
291
1461
1480
1485
1483
1836
1839
1832
1331
1331
1813
468
767
477
506
720
503
621
324
618
293
291
1615
1229
1615
1231
1603
1607
1731
1837
1829
1828
1814
1329
474
474
475
504
613
622
683
252
296
294
1572
1614
1604
1607
1603
1731
1727
1733
1327
1698
472
484
481
501
505
504
683
252
250
296
1592
1572
1572
1567
1596
1729
1733
1739
1733
1684
1280
479
508
498
497
497
686
247
258
260
252
1582
1592
1581
1578
1577
1597
1737
1739
1738
1735
480
3321
508
509
499
3199
687
2880
248
260
257
1590
1590
1575
1587
1584
1575
1579
2547
1866
1738
2072
1686
3322
3225
3325
3315
3406
2879
3401
255
3457
2448
2444
1588
2445
2546
1864
2723
2068
3325
3326
3324
3212
3312
3396
3405
3404
3452
2855
2449
2851
2449
2539
2538
2538
2720
1867
1865
1869
2087
2725
2674
2674
2674
3324
3312
3312
3399
3395
3467
3478
2447
2441
2440
2539
2541
2756
2764
2670
2669
3253
3254
3250
3310
3308
3398
3394
3469
3467
3479
3479
3478
2438
2442
2760
2759
2764
2677
3273
3274
3609
3608
3600
3471
2347
2336
2336
2329
2331
2329
2761
2763
2043
2036
3583
3586
3550
3550
3608
3551
3607
3624
3612
3611
3613
3677
3709
2339
2340
2333
2333
2328
2596
2597
2599
2601
2556
2554
3582
3582
3593
3549
3547
3546
3605
3604
3611
3612
3707
3704
3711
2340
2338
2356
2585
2587
2583
2556
2554
2558
2555
3595
3593
3554
3546
3562
3640
3703
3703
3705
3711
2370
2373
2371
2361
2361
2587
2586
2594
2567
2567
2553
2572
3594
3594
3556
3557
3559
3560
3641
3641
3640
3699
3700
3701
2369
2373
2368
2360
2360
2590
2590
2592
2572
2572
3641
795
898
791
794
796
805
807
806
878
876
898
898
894
1454
1456
966
966
1095
1094
1075
1072
1070
1057
1052
1052
779
774
796
796
774
806
809
879
871
871
897
190
961
959
1097
1101
1100
1088
1070
1070
1057
1055
1057
778
780
775
774
772
120
872
316
190
313
960
962
964
959
1101
1099
1091
1088
1066
1066
1046
1048
776
771
760
758
772
760
723
330
330
316
969
970
968
1101
1091
1068
468
466
756
718
262
263
321
331
323
308
306
1229
970
1231
1205
1207
1838
1332
1311
1331
1333
469
470
470
465
755
722
263
321
324
325
322
322
294
292
1231
1222
1207
1208
1209
1726
1309
1327
1327
477
468
492
503
274
269
270
323
293
1229
1219
1222
1731
1213
1735
1329
484
482
490
492
495
273
270
248
252
250
1581
1570
1572
1244
1265
1737
1739
1282
1278
1282
1282
1282
482
483
481
495
499
682
247
260
254
1585
1568
1567
1267
1267
1739
1277
1280
1300
479
3223
480
498
3196
3199
3198
233
2882
260
258
256
256
1586
1584
1568
1891
1267
1887
1862
2061
2065
2072
2071
2067
3225
3194
3192
3225
3196
3194
3199
3199
2880
2879
2882
2874
2853
2855
1586
2448
1891
1886
1889
1867
1866
2063
2064
2063
2067
2068
3211
3227
3192
3203
2884
2884
2855
1913
1907
1891
1865
1876
2085
2077
3211
3212
3218
3216
3310
3397
3398
2884
2855
2860
2860
2851
2438
1912
1909
1909
1864
1874
1871
2087
1868
2085
2087
2076
3253
3214
3218
3312
3308
3597
3395
3399
3467
3681
2440
2440
1901
1909
1872
1872
2039
2034
2036
2034
3051
3569
3542
3544
3609
3598
3601
3602
3470
3678
3677
3680
3682
2339
2335
2099
1900
2329
2041
2040
2043
2036
3569
3544
3542
3540
3607
3607
3602
3601
3600
3707
3709
3682
3682
2116
2116
2099
2331
2097
2358
2596
2597
2035
3573
3583
3539
3604
3688
3711
3709
3711
2152
2112
2333
2358
2585
2582
2297
2307
2311
3571
3573
3547
3595
3562
3689
3698
3701
2152
2151
2161
2174
2300
2297
2583
2568
2315
3593
3579
3558
3564
3566
3560
3559
3694
3691
3698
2150
2148
2164
2165
2166
2164
2362
2173
2172
2302
2590
2318
2572
2314
3578
3699
2570
194
972
792
792
795
805
118
122
120
875
122
898
896
191
194
975
976
977
1094
1074
1064
1064
1062
1062
1064
1053
778
791
794
144
807
120
196
198
192
192
189
191
980
963
963
977
1095
1099
1089
1066
1055
776
775
139
127
129
327
318
318
318
979
962
960
961
959
1093
1092
1092
1093
1091
1068
1050
1050
107
107
756
33
128
128
328
316
332
312
314
314
968
969
954
964
1099
1205
1068
1117
1118
1311
1311
1048
466
756
100
35
35
262
267
330
328
332
331
310
313
1231
1227
1205
1217
1217
1333
1332
1324
466
469
36
265
265
267
267
334
343
299
302
310
1226
1226
1224
1209
1224
1208
1210
1211
1317
1311
1329
486
492
36
272
273
274
272
269
340
341
299
1246
1220
1224
1224
1207
1271
1268
1316
1314
1321
1323
486
488
490
492
287
288
283
238
238
299
1244
1248
1220
1269
1271
1277
1299
488
490
38
285
285
234
238
243
1582
1255
1259
1258
1265
1249
1267
1274
1278
1302
3223
488
3196
3202
234
233
236
236
254
255
241
240
1585
1260
1249
1887
1860
1862
2061
2064
2060
2072
3225
3228
3196
3203
2882
2877
2875
2853
2848
1894
1891
1889
1859
1862
2060
2063
2070
3232
3228
3192
3201
2884
2873
2875
2874
2846
2846
2848
2851
1912
1911
1907
1886
1868
1869
2083
2081
2074
2079
2079
3231
3216
3218
3216
3208
3201
3201
2889
2873
2862
2862
1913
1910
1900
1873
1871
2087
2050
2077
3214
3218
3308
2981
2982
2888
2889
3681
2863
2864
2114
1876
1884
1873
2038
2050
2040
2048
2036
2046
3051
3049
3049
3051
3544
3544
3597
2984
2980
3676
3680
3682
2113
2866
2113
2101
2101
2100
2097
2038
1884
2097
2039
2056
2045
3573
3569
3017
3539
3598
3678
2976
3674
2110
2114
2109
2100
2292
2293
2041
2032
2032
3571
3573
3568
3540
3605
2978
3687
3687
3687
3672
3674
3670
2112
2155
2162
2094
2092
2093
2296
2306
2310
2031
3580
3576
3580
3566
3564
3694
3696
3694
3695
3688
3672
3656
2152
2152
2166
2155
2173
2162
2174
2092
2297
2307
2313
2311
3577
3578
3566
3566
3564
3695
3691
3692
3689
3685
3684
3700
3658
2147
2147
2148
2165
2161
2168
2172
2169
2299
2303
2304
2317
2302
2319
2316
2314
2313
2315
973
1059
111
109
142
142
142
118
197
196
187
187
185
183
973
977
976
1074
1077
1084
1075
1085
1060
1060
1062
1153
1053
144
144
138
118
126
197
196
183
981
183
983
981
984
985
1077
1077
1079
1086
1086
1159
1055
1149
109
105
140
140
139
127
129
198
318
956
979
980
956
983
948
985
946
1079
1086
1120
1050
1148
106
99
107
105
33
31
33
125
125
327
312
954
952
943
1079
1118
1117
1215
1122
1122
1050
98
98
99
100
35
40
35
30
339
339
335
309
310
1227
951
944
1246
1204
1215
1318
1309
1307
1325
95
96
41
42
40
289
265
267
277
335
334
345
345
310
303
303
1234
1210
1211
1217
1318
1314
1325
1321
1323
47
49
289
281
289
279
341
245
347
343
301
302
1244
1239
1233
1219
1269
1234
1213
1318
1314
1298
1320
47
56
51
53
281
283
279
340
300
300
1256
1240
1248
1253
1268
1273
1275
1273
1289
1288
1302
1304
1300
55
50
287
236
244
243
240
243
1260
1260
1255
1251
1253
1263
1275
1274
1285
1285
1284
1304
1302
1292
3219
3220
3243
38
285
459
241
2839
1260
1259
1262
1862
2065
2072
1976
2070
3221
3221
3220
3219
3234
3241
3159
2872
2895
2872
2877
2887
2843
2841
2848
1896
1895
1894
1857
1860
1858
2085
1975
2075
2075
3230
3230
3227
3237
3235
3207
3202
3160
2890
2886
2886
2846
2848
2839
1894
1895
1905
1858
2082
2082
2010
2074
2014
3231
3232
3210
3207
3206
3154
2891
2891
2857
2862
2868
1910
1911
1903
1902
1902
1874
1882
2081
2083
2079
2050
2079
3239
3051
3047
3238
3208
3210
3205
2986
2982
2964
2860
2864
2868
2869
2866
2870
2107
1901
2108
1883
1884
2053
2050
3047
3027
3026
3125
3018
3125
2984
2981
2986
2863
2962
2870
2108
2106
2106
2101
1880
1884
1878
1879
2058
2058
2056
2054
2045
3046
3028
3020
3034
2977
2973
2976
2977
3674
2961
3669
3669
2109
2104
2089
2101
2293
2058
2056
2032
2032
3046
3057
3056
3022
3019
3017
3036
2974
2978
2976
3664
3672
3666
3667
2154
2110
2090
2090
2292
2297
2309
2309
2309
3576
3576
3056
3019
3032
3036
3032
3692
3684
3656
3665
3658
2159
2155
2170
2168
2093
2300
2306
2271
2318
2310
3577
3054
3579
3053
3031
3032
3696
3692
3685
3655
3658
3660
2157
2159
2170
2169
2304
2171
2299
2290
2303
2317
2319
111
134
136
136
132
122
186
186
185
180
972
988
997
999
1081
1082
1059
1157
1154
109
111
113
144
131
212
211
205
187
187
180
178
983
984
999
1026
1084
1085
1159
1159
1155
115
102
138
124
125
211
209
209
205
176
955
956
948
948
1020
1126
1120
1128
1149
1151
115
103
337
378
381
956
954
944
948
946
1019
1021
1128
1124
1122
1130
1122
1151
93
98
92
107
91
30
125
337
337
382
950
952
940
943
936
1217
1195
1215
1130
1305
1307
95
96
42
31
276
277
339
347
347
403
404
405
1246
1236
1238
1202
1195
1385
1324
49
49
45
41
289
276
281
339
417
347
345
301
401
405
1237
1236
1237
1233
1234
1201
1316
1317
1389
1320
49
47
57
50
288
279
455
244
245
366
1240
1253
1273
1200
1288
1287
1287
1304
1304
1299
55
55
51
53
450
455
461
461
458
371
370
1253
1251
1285
1285
1290
1295
1294
3247
3247
3246
3245
3240
3158
463
459
457
372
2841
1258
1898
1262
1981
1974
1977
1296
1974
1292
3245
3243
3240
3241
3160
2893
2894
2844
2837
2839
2841
1897
1898
1940
1976
1978
1977
3237
3235
3234
3205
3156
3153
2894
2887
2844
2843
2829
2831
1896
1925
1897
1857
1985
1975
2012
2013
2013
3238
3239
3145
3206
3153
2897
2890
2858
2858
2868
2830
1926
1905
1927
1882
1962
2017
2021
2012
2014
3075
3080
3127
2986
2964
2998
2869
2121
1903
1923
1927
2019
2048
2020
2046
3078
3129
3125
3131
2984
2986
2960
2961
2962
2107
2106
2103
1879
1878
1880
1959
2015
2058
2052
2053
3058
3029
3027
3029
3018
2974
2971
2968
2967
2995
2141
2103
2145
2094
2220
2295
2054
2244
2241
3058
3056
3028
3033
3020
3034
2973
2969
3663
3661
3667
3670
2139
2176
2200
2104
2193
2089
2195
2283
2286
2270
2270
3054
3066
3053
3022
3042
3036
3032
3036
3039
2915
2916
3665
3664
3663
3666
2157
2201
2201
2193
2195
2195
2191
2195
2288
2290
2288
2266
2271
2269
3067
3069
3067
3042
3042
3040
2916
3655
3659
3659
2159
2159
2157
2203
2191
2193
2190
2290
2290
2266
2263
3660
988
69
134
171
136
169
168
132
214
216
215
219
179
988
990
997
992
999
997
1037
1036
1082
1142
1153
1155
1154
173
136
131
160
214
212
215
205
204
180
180
992
995
999
1081
1139
1157
1159
1157
115
115
113
158
102
172
158
154
209
205
176
987
994
1017
929
1016
1028
1126
1147
1146
1151
88
89
113
103
80
157
207
154
209
379
379
378
383
381
951
930
937
936
1016
1017
1021
1020
1019
1126
1129
1129
1146
89
92
91
80
427
433
381
402
383
403
939
939
941
1193
1195
1364
1130
1364
1365
1130
1365
1371
44
84
20
20
415
419
432
432
392
941
404
399
940
1188
1238
1202
1191
1367
1369
1390
1387
44
28
21
22
22
20
415
419
352
398
401
398
1236
1182
1200
1200
1198
1201
1318
1389
1391
1386
45
57
56
451
453
455
461
417
419
376
376
1239
365
1242
1242
1188
1197
1356
1289
1287
1391
1390
1296
3247
3170
463
455
444
376
374
376
374
365
1256
1178
1263
1360
1356
1358
1347
1294
3247
3169
3169
451
462
463
458
2808
372
2808
371
2834
368
370
2841
2822
2821
1362
1942
1360
1980
1980
1981
1974
1992
1295
3182
3187
3159
463
2893
2806
2835
2821
2826
1938
1935
1942
1983
1983
1984
1992
3237
3187
3141
3140
3145
3143
3158
3156
3154
2897
2895
2899
2899
2897
2832
2837
2833
1940
1925
1935
1963
1984
1978
2007
2005
3076
3080
3140
3145
3143
3145
3147
2899
2857
2829
2830
2831
2119
1926
1925
1927
1971
1963
2010
2002
2007
3076
3080
3127
3131
3007
2959
3007
3009
2829
2120
1962
2021
2021
2010
2006
2027
3078
3075
3085
3080
3082
3083
3130
3131
2970
3006
2959
2960
3009
2999
2997
2998
2996
2120
2118
2121
2145
1960
1961
2021
2019
2242
3085
3083
3117
3129
3129
2957
2970
2971
2969
2966
3000
2996
2988
2145
2143
2143
2219
2223
2246
2245
2241
3057
3085
3025
3024
3024
2956
2968
2967
2904
2995
2906
2141
2139
2145
2199
2132
2143
2284
2284
2224
2220
2224
2244
2237
3072
3071
3073
3038
3044
3040
2955
2926
2906
2200
2197
2199
2203
2191
2286
2281
2268
2268
2268
2234
3066
3071
3073
3061
3044
2915
2920
2919
2918
2928
2926
2901
2176
2179
2197
2191
2282
2288
2282
2281
2264
2266
2264
3044
167
1039
170
171
167
168
221
222
219
223
218
1012
1012
1013
992
992
990
1036
1037
1140
1142
1144
1144
69
172
69
173
161
152
227
216
225
225
230
175
1014
995
1002
1039
1026
1028
1106
1140
1142
1137
67
67
63
158
158
154
206
227
207
230
231
175
1004
995
1024
1028
1026
1028
1135
1147
64
86
80
428
434
229
388
390
930
929
1024
1022
1124
1104
1133
1132
88
93
84
86
82
82
428
434
432
382
389
939
937
1195
1193
1372
1
24
86
20
82
18
414
392
395
397
396
1190
1191
1191
1369
1385
1369
1372
6
5
28
24
21
453
415
415
417
419
399
396
1184
1197
1198
1367
1389
1386
1387
4
28
26
439
412
364
366
364
350
350
1188
1186
1188
1184
1180
1349
1350
1358
1345
1381
1380
1379
1383
4
3179
3181
450
443
446
374
367
368
367
1186
1178
1186
1361
1361
1356
1358
1379
1379
3183
3185
3180
443
444
448
2835
2822
1938
1942
1362
1347
1995
1347
1992
3185
3187
3172
3158
3173
2811
2805
2805
2834
2817
2825
2824
2824
1936
1942
1983
2000
2000
1998
1998
1992
3183
3189
3141
3138
3152
3148
2810
2812
2795
2819
2825
1936
1932
1940
1985
2000
2007
2005
3096
3090
3089
3143
3138
3148
3005
2899
3005
2795
2832
2833
1923
1920
1923
1971
1966
2017
2003
2003
2002
2007
3097
3089
3127
3147
2937
3007
3007
3003
3000
2991
2118
2119
1969
1960
1961
2026
2026
3087
3092
3117
3082
3131
3123
2938
2941
3003
3002
2999
3011
2993
2993
2991
2126
2126
2126
2228
1959
1959
1947
2020
2245
2027
2242
3087
3087
3119
3118
2937
2938
2933
2935
2989
2993
2989
2141
2133
2133
2223
2221
2246
2239
2239
3111
3071
3112
3115
3039
2952
2955
2956
2957
2911
2904
2139
2181
2132
2199
2228
2222
2244
2235
2235
2237
3069
3072
3025
3065
2951
2955
2918
2911
2906
2906
2178
2177
2197
2219
2283
2222
2268
2251
2234
3063
3062
3061
3044
2919
2920
2928
2928
2926
2913
2928
2901
2177
2179
2215
2217
2217
2213
2249
2263
2251
2184
223
165
169
1014
1013
1010
1008
1010
1043
1111
1043
1042
1110
1139
1144
1144
70
160
161
222
151
231
231
1012
1008
1002
1041
1043
1106
1108
1136
1136
71
165
151
149
146
227
231
390
386
1006
1003
1024
1107
1103
1135
60
62
64
63
73
146
229
433
390
389
932
1030
1172
1104
1132
61
61
86
84
74
427
426
388
390
934
931
1173
1161
1173
1169
1376
1371
2
2
15
74
408
430
421
423
392
397
1170
1171
1172
1369
1374
5
6
8
26
18
407
410
412
422
412
352
395
1187
1165
1164
1350
1382
1382
10
28
441
410
446
354
350
1180
1180
1182
1349
1380
4
26
441
439
448
357
359
1176
1180
1354
1352
1347
1345
1381
3177
3180
3170
3174
3167
2804
2802
364
359
1174
1929
1178
1351
1954
1360
2000
1336
3182
3189
3189
3174
3165
2810
2812
2801
2816
2824
1932
1930
1934
1934
1996
1995
1990
3098
3097
3151
2811
2806
2793
2819
2826
1918
1951
1967
1956
1998
1988
3102
3098
3096
3136
3090
3134
3138
3151
3133
2797
2795
2797
1917
2786
1920
1971
1967
1999
2023
3101
3093
3094
3133
3150
2940
3003
3003
2788
2796
2130
2129
1917
1969
1965
1966
2025
2025
2025
3094
3118
3121
3123
3008
2993
3015
2790
2130
2128
1969
2230
1949
1948
2029
2029
3112
3111
2942
2935
2935
2908
3012
2988
2129
2135
2226
2225
2257
2239
3114
3114
3119
2947
2953
2933
2952
2909
2909
2904
2135
2135
2226
2221
2255
2255
2257
2239
3065
2951
2946
2921
2911
2912
2186
2188
2181
2183
2210
2215
2248
2248
2249
2253
3063
3065
3061
2946
2924
2902
2178
2186
2184
2215
2217
2212
2249
2252
2251
2922
165
163
221
219
1110
1113
71
219
1043
1107
149
151
147
202
1031
426
386
1003
1032
1103
1133
62
15
430
932
1161
1171
1374
74
393
931
1376
1374
1
13
408
422
354
1166
1166
1169
1383
16
441
441
436
421
360
355
1176
1354
1342
1342
3179
13
3167
448
359
1351
3181
3173
361
1352
1988
1335
3177
3162
3165
2802
2816
1929
1934
1934
3189
3138
3152
3150
2800
2799
2797
2814
1965
1956
3100
1916
2786
1918
1916
1971
1945
1956
1988
3120
2931
3011
2789
1948
2023
3093
2940
2931
2789
2127
2229
1947
3116
3121
2941
3015
2137
2229
1949
2256
3108
3116
2953
2935
3012
2187
2208
2232
2256
2261
3109
2949
2913
2187
2210
2213
3065
2912
2208
2253
70
1032
1041
1111
1004
78
147
202
1104
1162
1161
1170
11
8
424
412
1335
448
1336
1994
3172
1996
3136
3100
2800
2814
1952
2797
1951
3105
2023
1949
3092
3013
2228
2230
2210
2261
2922
2902
1009
1113
1002
1106
58
151
1137
1006
1375
423
78
424
1167
9
1165
1343
1345
3167
2801
2817
1988
3134
3150
1945
1949
3087
3011
2127
2942
3013
2259
2930
2137
2137
2944
2908
2188
2205
2212
2252
162
1042
200
1031
1030
1108
60
934
354
1375
16
1164
1340
10
437
357
354
1176
361
2804
2793
1914
2790
2788
3115
2128
2949
2206
2260
2947
2183
2217
163
200
1008
1000
1113
202
386
73
1340
11
407
349
1340
1343
3176
3176
360
1930
1954
1987
3100
3162
2791
3101
3105
2931
3102
3120
2940
2232
2945
3109
3109
2924
2186
2210
162
200
2278
2278
1115
156
156
3436
2275
76
1033
1033
1340
437
9
436
3167
1338
3172
2815
3163
3163
2815
1954
2800
1952
2786
1916
1841
2788
1945
2259
2206
3108
3107
2945
2205
2259
2944
2921
1306
1291
2278
1035
1115
1114
2275
2275
77
1035
76
2123
1711
2123
2273
355
2357
3313
2272
1337
2276
885
2350
2280
3107
2280
559
2849
558
