1440
291
528
528
469
471
277
276
290
267
476
487
276
254
254
254
269
269
269
523
529
465
285
284
283
247
523
464
476
475
475
278
284
250
526
406
440
473
281
281
282
203
202
250
409
439
473
472
343
344
203
438
439
443
438
339
341
341
340
345
202
204
216
213
447
438
445
443
442
341
345
204
213
368
368
449
449
446
442
353
347
212
212
207
219
368
370
994
927
932
352
1084
995
993
994
929
928
932
1082
1190
990
991
904
928
1173
996
999
1015
991
926
926
926
1087
1172
1173
1183
1022
999
1019
908
1101
1101
1099
1172
1171
1184
1185
1183
1021
1022
1016
957
959
1168
1168
1091
1091
1170
1184
1228
1020
1020
1012
1167
1217
1053
1053
949
950
1160
1153
1217
1153
1217
1226
1227
1227
1049
1046
1037
1037
952
1160
1226
1049
1035
1035
1036
947
952
951
951
1159
1151
1223
1224
1232
1232
539
539
539
538
538
537
528
528
471
470
471
469
487
488
486
277
277
291
291
291
289
289
289
264
264
268
268
539
537
530
530
530
471
470
488
487
276
277
278
290
290
290
291
254
264
267
268
269
537
527
527
529
529
464
463
475
476
474
474
279
274
278
279
280
284
285
254
253
248
248
267
258
526
527
524
522
465
464
464
475
474
273
280
270
284
283
252
253
247
248
251
525
526
523
524
523
407
406
440
473
472
481
274
472
274
282
203
202
250
250
251
367
367
406
406
405
440
439
440
472
338
338
338
343
343
344
344
203
202
216
213
251
215
215
367
366
365
409
408
405
439
438
429
341
341
338
345
347
344
346
204
206
216
213
216
215
366
366
365
448
441
443
442
429
429
339
341
340
340
347
204
212
207
221
221
220
369
369
370
447
449
449
445
446
443
442
433
350
349
353
353
352
357
211
210
207
212
220
220
219
219
370
370
449
446
927
433
929
928
932
932
1084
352
211
211
211
210
210
1186
220
219
1190
995
997
993
993
990
994
904
900
903
924
929
929
928
932
1084
1111
1082
1084
1083
1088
1186
1087
1089
1188
1188
1189
1190
997
997
993
1000
991
903
904
924
925
925
926
1112
1099
1100
1082
1081
1087
1173
1087
1187
1189
1191
1191
996
999
1000
990
991
909
908
925
926
1100
1100
1099
1087
1086
1174
1187
1173
1171
1189
1183
996
1019
1015
1015
909
908
957
926
923
923
1101
1100
1097
1091
1172
1171
1185
1184
1185
1022
1022
1021
1019
1019
1016
1016
1016
1012
956
959
958
1101
1101
1092
1172
1170
1184
1022
1022
1021
1018
1012
1013
949
957
959
960
1168
1169
1169
1169
1152
1092
1217
1218
1218
1218
1226
1229
1230
1020
1047
1047
1053
1053
1038
1038
949
956
960
950
1169
950
1167
1160
1152
1154
1154
1218
1229
1230
1046
1055
1052
1052
1052
1039
949
952
952
950
1160
1159
1152
1152
1153
1223
1223
1224
1223
1227
1231
1049
1050
1056
1056
1056
1035
1037
1036
947
947
952
951
1159
1148
1151
1224
1233
1232
1232
1231
1231
1232
1049
532
289
535
539
534
532
530
470
469
488
488
486
486
490
275
275
288
288
286
264
266
266
268
263
539
520
537
538
530
530
531
465
470
471
468
469
466
484
483
276
277
280
287
287
255
253
265
267
263
262
519
521
531
465
465
465
463
476
483
272
272
273
272
273
279
280
285
283
253
252
248
260
259
527
527
517
517
526
522
461
476
475
273
274
280
285
283
256
247
256
249
260
259
525
525
524
524
407
522
410
411
464
428
473
482
337
342
342
281
282
252
205
249
249
251
367
409
409
410
411
410
431
430
428
337
343
346
206
205
215
214
367
360
408
410
431
430
337
340
346
346
347
206
206
205
218
366
369
365
408
448
448
408
445
444
441
441
350
349
351
347
359
357
207
209
217
209
221
222
221
223
369
378
378
448
445
444
441
446
433
434
434
350
349
350
353
351
351
356
357
209
208
224
223
378
994
446
902
927
433
931
930
352
351
1083
357
208
1188
224
1190
1005
1004
992
992
900
903
903
933
931
932
1111
1083
1083
1081
1089
1089
1089
1186
1188
1188
1191
997
997
1005
1000
990
900
904
935
925
922
1112
1110
1080
1088
1086
1088
1174
1187
1191
1191
997
1004
998
1000
999
998
1015
998
905
909
909
922
1112
1110
1096
1093
1086
1174
1179
1174
1189
1182
996
1025
1018
1016
909
922
923
923
1101
1097
1098
1093
1091
1171
1182
1183
1017
1014
1014
910
957
962
961
958
958
1098
1098
1092
1180
1180
1171
1219
1185
1024
1023
1023
1020
1018
1013
1013
1013
956
958
960
959
1168
1169
1165
1167
1092
1155
1219
1219
1215
1228
1230
1046
1047
1047
1053
1053
1039
1038
948
962
948
960
1161
1169
1156
1156
1153
1219
1228
1230
1229
1230
1048
1055
1039
1038
948
948
954
1158
1158
1154
1154
1150
1155
1225
1221
1221
1227
1050
1050
1048
1050
1055
1056
1056
1056
1037
1036
1039
1036
945
947
951
954
1159
1158
1151
1148
1150
1151
1224
1149
1225
1225
1233
1236
1231
1151
1225
1233
534
533
255
536
535
535
535
534
532
532
533
467
485
467
485
489
491
491
297
288
288
286
255
266
265
265
266
265
263
263
521
536
533
509
467
468
468
484
490
491
490
491
298
288
286
257
261
262
521
521
519
521
531
461
462
462
468
466
483
272
279
271
280
287
287
232
257
232
257
261
259
260
520
517
518
518
518
461
461
459
463
482
482
271
270
305
311
282
311
232
257
256
259
260
527
517
413
411
411
412
482
482
334
270
334
310
237
256
245
246
241
362
362
407
413
411
412
431
428
332
332
342
310
312
326
309
310
205
217
218
214
214
360
360
365
360
407
414
415
413
412
431
431
430
332
345
334
359
217
217
218
218
379
376
361
377
424
425
432
431
434
349
435
331
348
359
359
358
209
222
222
224
223
214
379
378
376
377
444
425
444
432
432
434
436
348
348
356
354
209
208
222
224
223
381
380
381
378
378
901
915
933
933
931
930
348
356
356
355
1089
1090
208
1208
1208
1205
1205
1005
1005
992
901
902
935
933
935
931
930
1104
1109
1080
1080
1090
1090
1210
1208
1207
1207
1191
1005
1004
998
992
902
935
935
934
1112
1112
1111
1108
1081
1090
1085
1090
1213
1213
1207
1206
1206
1001
1001
905
907
909
906
943
944
1112
939
1112
1107
1110
1109
1085
1085
1179
1178
1213
1198
1182
1025
1031
1031
1016
905
910
910
944
942
1097
1096
1097
1086
1179
1178
1182
1181
1025
1023
1031
1025
1018
981
910
963
963
961
1165
965
1098
1098
1095
1095
1180
1180
1178
1181
1181
1023
1024
1024
1017
1030
1017
1014
1042
962
962
963
964
1166
1165
1098
1095
1215
1216
1246
1051
1051
1041
1042
1041
1041
946
954
1165
1161
1164
1164
1157
1157
1155
1222
1221
1230
1072
1051
1054
1051
1044
1042
946
946
954
953
1162
1162
1156
1147
1156
1157
1222
1222
1234
1234
1048
1048
1054
1054
1044
1044
946
945
955
955
1163
1163
1162
1150
1150
1150
1222
1220
1220
1225
1235
1235
1236
1236
1044
1235
496
536
496
536
512
533
513
467
457
485
494
489
489
489
492
299
293
293
293
230
230
229
229
229
263
499
496
531
510
512
509
468
455
485
485
484
494
494
490
299
299
297
292
311
231
229
228
262
499
499
508
509
460
460
459
456
484
455
297
271
298
305
304
298
306
232
231
246
227
261
262
520
383
521
509
459
459
450
481
305
304
303
304
230
237
246
243
243
363
363
382
362
518
388
415
450
451
451
481
451
477
271
305
311
314
314
311
310
237
246
245
245
241
242
364
363
364
364
386
414
415
412
412
421
428
479
335
336
334
326
314
309
199
199
199
180
184
182
184
361
361
362
415
414
426
426
426
427
332
333
333
326
329
326
328
358
200
201
200
180
182
361
376
424
426
426
425
435
333
358
315
200
201
181
181
379
380
377
375
424
417
425
435
437
436
331
327
327
355
354
358
191
191
181
181
181
381
380
381
416
914
914
417
436
437
436
322
355
355
354
354
1120
1119
191
1211
192
192
190
1205
1003
1003
1011
1011
901
915
915
936
934
934
1105
1106
1109
1104
1120
1120
1119
1210
1208
1211
1207
1205
1002
1005
1011
1009
901
919
902
937
934
936
1106
1108
1109
1214
1211
1214
1214
1214
1206
1206
1202
1002
1001
1008
1029
1009
921
907
907
907
906
943
942
1108
1108
1107
1123
1085
1214
1198
1197
1199
1202
1198
1028
1031
1026
1031
907
906
943
944
944
944
942
1113
1107
1115
1094
1093
1177
1175
1197
1175
1199
1198
1200
1026
1031
1067
961
965
966
1166
1114
1095
1094
1094
1095
1175
1175
1252
1199
1181
1245
1027
1024
1030
1070
1067
1042
982
963
961
966
965
1166
1164
1164
1145
1133
1095
1135
1216
1215
1247
1246
1247
1073
1070
1069
1070
1040
1040
981
964
966
966
1166
1145
1133
1135
1155
1216
1215
1247
1247
1246
1246
1072
1072
1078
1041
1040
975
946
977
955
953
1161
1162
1161
1147
1157
1149
1221
1234
1244
1234
1072
1077
1077
1078
1043
1045
1045
975
955
976
953
1163
1163
1147
1147
1149
1220
1256
1235
1236
1043
511
226
495
496
511
511
513
513
457
456
645
645
643
494
643
651
492
493
492
302
293
293
235
235
229
234
229
225
226
498
495
496
512
513
457
457
456
645
493
299
299
299
292
292
292
235
234
228
228
226
499
498
508
510
510
460
457
458
450
456
455
494
298
303
306
231
238
231
238
244
243
498
383
508
382
382
389
510
389
460
458
451
453
450
481
477
493
300
303
306
307
240
239
244
242
383
363
383
386
388
389
422
479
479
335
304
308
314
307
237
239
245
242
241
386
392
388
422
423
423
479
478
478
335
335
336
314
312
313
199
197
236
236
184
364
398
392
392
421
427
427
333
333
333
329
329
328
198
198
198
198
201
183
184
182
373
374
374
375
424
419
421
421
435
437
328
323
327
327
328
198
200
195
201
189
190
182
188
380
373
374
375
419
417
437
322
317
316
315
316
315
192
191
190
190
188
373
1011
375
420
915
417
915
437
322
320
317
1120
317
1121
1119
1211
190
1204
1006
1011
1010
1011
914
913
937
938
936
321
1106
1121
1121
1121
1209
1211
1209
1210
1211
1203
1204
1204
1003
1008
1007
1007
1010
921
921
914
913
915
911
937
940
1105
1106
1106
1124
1124
1209
1212
1203
1201
1002
1002
1029
921
920
918
943
942
1104
1115
1123
1123
1177
1212
1214
1197
1202
1202
1202
1200
1028
1034
920
919
906
939
944
987
1118
1115
1115
1115
1123
1177
1199
1200
1194
1028
1027
1030
1030
1067
981
982
983
987
987
965
1118
1113
1134
1177
1176
1253
1252
1192
1200
1027
1071
1070
1067
1068
1066
1067
1059
982
983
983
983
964
966
1146
1146
1133
1134
1216
1253
1253
1252
1245
1071
1073
1073
1069
1069
1059
981
980
980
971
966
1145
1144
1135
1133
1135
1253
1251
1244
1245
1077
1073
1077
1079
1040
1045
977
977
977
977
976
971
1143
1141
1128
1254
1256
1256
1243
1244
1074
1079
1079
1074
1079
1079
1043
1078
1043
1045
975
976
976
968
968
1143
1143
1142
1142
1129
1129
1255
1255
1256
1243
1242
1242
1129
495
495
514
512
515
516
516
516
702
644
644
643
650
651
302
302
296
296
235
233
233
234
233
225
225
226
6
498
497
514
514
507
516
645
704
641
641
644
642
651
301
295
295
294
235
233
228
7
6
497
502
508
500
507
458
507
453
642
647
646
493
301
301
301
295
306
238
234
227
243
5
395
501
385
507
387
458
454
454
453
480
480
300
300
303
308
307
308
240
238
239
244
243
16
393
385
385
385
389
387
387
452
454
454
452
453
478
477
477
336
313
308
307
240
239
244
16
17
242
393
386
398
386
388
392
422
423
452
665
478
336
330
330
313
313
312
196
236
236
183
183
16
397
398
398
392
423
422
418
558
664
664
323
330
330
329
198
197
197
187
187
183
397
403
403
404
392
391
418
558
558
664
323
323
318
318
316
193
195
195
189
189
186
404
374
371
420
419
418
557
558
557
558
324
321
325
319
316
193
193
194
194
189
373
1006
371
371
420
837
419
912
557
556
556
322
321
320
320
324
319
317
1119
1411
192
1399
190
1006
844
1007
1010
921
912
911
560
938
1102
1105
320
1106
1122
1413
1204
1398
1006
1007
1008
842
1010
921
912
912
937
941
1102
1103
1103
1122
1122
1124
1209
1413
1413
1416
1416
1203
1201
1201
1201
1008
1034
1033
918
917
940
940
1102
1118
1116
1124
1124
1212
1192
1194
1194
1028
1034
1034
1034
1062
920
918
918
986
939
984
1117
1118
1115
1176
1176
1193
1196
1027
1028
1062
1064
978
987
984
1118
1114
1114
1130
1134
1176
1192
1195
1195
1071
1068
1065
1067
1064
1066
1064
982
979
979
980
989
989
1146
1146
1130
1134
1131
1251
1253
1252
1249
1249
1245
1071
1068
1076
1069
1061
1060
1063
1059
979
980
972
970
970
1144
1145
1127
1251
1248
1248
1248
1250
1244
1249
1075
1075
1076
1061
1060
972
971
973
971
971
1141
1141
1144
1127
1127
1128
1258
1256
1243
1243
1244
1244
1074
1075
1079
1057
1060
1058
975
1058
973
974
974
968
1142
1143
1142
1129
1128
1254
1259
1256
1237
1237
1058
515
649
504
505
515
516
706
702
706
644
643
650
651
651
302
296
296
296
1
1
0
10
8
6
9
505
505
503
514
503
516
704
702
702
642
651
646
84
71
295
70
2
4
8
10
7
7
6
502
501
502
501
506
704
641
642
648
656
85
71
68
71
294
70
4
4
3
8
7
11
501
506
500
500
506
384
704
669
671
656
68
67
67
3
3
12
395
394
384
387
585
585
452
670
663
663
655
105
67
104
101
101
240
18
17
18
18
393
395
394
396
384
390
592
669
673
663
663
673
665
665
104
103
102
102
102
197
148
17
17
398
397
390
391
592
591
591
664
665
105
100
102
196
111
195
186
403
397
404
400
399
391
591
554
558
559
325
318
325
98
91
194
194
187
187
185
186
185
402
403
404
400
420
418
557
559
561
325
318
319
91
94
193
185
186
185
844
844
844
371
840
838
838
552
808
561
560
561
560
324
321
319
1317
90
1408
1406
1407
1397
1399
1399
1399
854
840
842
844
840
839
839
837
837
911
809
941
941
1310
324
1103
1317
1408
1317
1413
1411
1397
1406
1397
1398
1398
854
854
842
837
809
917
941
1309
1317
1319
1413
1412
1416
1401
883
854
883
842
1033
920
916
917
941
986
986
1103
1117
1308
1320
1320
1412
1412
1415
1415
1416
1415
1401
1196
884
883
884
1033
882
916
918
916
917
986
1116
1116
1296
1320
1411
1414
1415
1196
1196
1196
884
882
1066
1062
1064
1062
978
978
988
989
988
988
984
1137
1118
1130
1298
1131
1193
1193
1193
1195
884
1065
1063
1063
1064
1063
720
979
988
989
970
989
984
1136
1137
1132
1132
1132
1131
1249
1249
1250
874
1068
1060
1059
972
970
969
969
1139
1136
1130
1132
1258
1250
1257
1250
1241
874
875
1076
1076
1061
973
721
971
967
1144
1127
1125
1258
1259
1259
1241
1241
1075
867
1074
1061
1057
1058
1057
733
973
974
968
967
1138
1141
1138
1138
1128
1125
1125
1259
1259
1239
1238
1237
867
974
1237
649
89
497
504
503
698
706
707
707
705
705
650
650
649
648
89
88
87
73
72
1
10
9
10
10
9
504
504
503
700
706
707
705
647
648
647
648
648
86
84
85
87
73
70
1
8
9
502
505
701
700
703
653
647
653
648
86
85
84
68
71
74
4
2
4
4
14
12
5
611
610
500
589
703
703
670
653
671
656
656
656
68
67
80
70
69
106
13
15
15
13
15
12
395
394
609
589
587
585
585
671
671
670
670
666
655
104
104
101
108
108
18
16
20
394
396
609
594
590
592
590
674
674
666
667
666
105
104
104
106
102
106
108
111
148
21
21
396
401
396
391
594
592
595
591
673
674
667
98
100
103
109
110
111
110
150
146
21
20
402
401
401
400
399
595
554
553
553
667
99
99
100
91
94
146
152
402
401
399
399
555
554
554
559
544
99
96
97
91
95
92
94
152
152
845
845
839
838
552
552
552
551
561
560
559
542
542
96
90
1408
1408
1407
1407
1396
1407
1398
844
852
839
838
808
800
800
800
1311
1309
1316
1316
1410
1410
1406
1396
1397
854
852
841
841
809
809
809
799
799
1310
1312
1312
1309
1309
1319
1318
1412
1416
1414
1402
1403
1401
1405
853
842
853
841
833
841
832
805
804
799
1310
1308
1308
1320
1320
1414
1402
1402
1401
883
882
881
740
740
804
804
985
985
1117
1307
1296
1296
1293
1365
1366
1364
1361
1196
1366
886
884
886
886
882
881
736
740
772
772
985
985
1137
1299
1299
1298
1298
1297
1298
1364
1365
1364
1364
1371
1371
872
871
877
877
739
724
724
775
1137
1299
1304
1297
1363
1363
1249
1369
1241
874
874
871
876
736
724
720
721
722
721
775
774
1136
1139
1125
1297
1131
1271
1258
1257
1241
1369
875
876
876
876
735
734
734
733
734
720
721
730
765
1139
1140
1140
1126
1140
1272
1272
1257
1258
1240
1240
867
867
735
735
735
734
733
726
726
726
727
967
730
729
729
729
1138
1140
1126
1126
1126
1273
1273
1274
1239
1273
1239
1239
1238
1240
1240
89
43
708
710
698
697
698
707
678
705
635
636
637
637
89
87
72
76
77
77
77
77
0
44
42
41
42
698
699
699
700
678
676
635
636
86
636
86
88
88
74
73
73
74
0
4
42
5
40
710
710
699
700
701
701
703
635
652
79
79
85
79
82
81
83
69
74
77
14
12
35
611
609
610
610
701
589
589
692
676
653
656
80
81
69
74
13
13
107
14
14
11
611
608
610
608
589
609
589
587
669
672
672
654
80
120
80
120
120
120
108
149
15
19
19
612
614
593
614
588
594
587
590
586
673
674
674
668
666
668
105
109
110
108
107
149
148
21
147
20
612
612
593
594
595
553
674
540
540
668
667
98
99
113
122
103
110
109
111
150
146
151
151
629
628
401
627
595
555
567
540
541
543
97
100
95
95
93
92
93
93
142
153
153
152
151
628
401
627
555
553
541
544
544
544
97
97
95
90
92
93
94
141
141
153
153
156
155
845
843
847
627
555
551
543
543
96
96
90
1410
1406
1396
1395
1396
843
845
850
843
852
835
835
809
807
808
798
800
798
1311
1311
1323
1322
1316
1409
1409
1410
1400
1404
1404
1404
850
850
853
851
852
833
836
834
805
807
799
801
1312
1312
1319
1322
1326
1409
1400
1400
1403
1405
1404
853
851
833
833
834
805
806
804
802
1315
1315
1308
1307
1319
1318
1326
1318
1414
1400
1402
1403
1403
1405
885
887
887
885
880
881
832
741
806
771
771
1314
1315
1314
1314
1315
1307
1296
1300
1293
1365
1362
1366
886
880
878
736
880
881
741
740
741
773
771
1314
1301
1300
1301
1294
1294
1293
1294
1363
1365
1371
1371
1368
1368
873
873
877
738
739
739
723
724
772
771
775
774
1299
1301
1303
1297
1363
1371
1370
1369
1369
872
873
873
869
871
738
737
737
723
724
722
770
767
765
775
1304
1304
1271
1388
1387
1394
1370
1394
875
875
869
869
731
738
735
725
727
728
728
730
1139
1278
1278
1272
1272
1274
1392
1394
1394
1394
866
866
866
870
731
732
733
725
727
727
730
730
729
1140
1278
1275
1273
1274
1274
1275
1392
1393
1393
708
711
712
710
697
679
677
635
637
637
88
62
87
76
77
75
43
43
39
708
708
709
697
697
678
678
675
677
636
640
640
83
83
83
75
76
44
44
39
41
709
709
699
692
692
676
676
675
652
639
78
82
83
83
55
53
36
36
40
35
611
588
657
662
652
79
78
82
81
69
55
55
36
38
11
37
19
35
615
608
613
607
604
588
691
657
657
659
78
118
119
121
121
108
161
158
37
148
19
613
613
593
588
586
586
657
672
659
654
654
112
122
118
121
121
150
179
20
614
612
614
601
593
601
567
563
562
563
564
668
113
112
122
122
122
134
134
109
150
149
147
147
629
626
626
625
601
595
567
541
540
113
134
134
142
140
142
142
147
156
153
154
629
629
628
624
627
569
569
568
551
543
549
132
133
141
141
144
155
156
846
848
848
848
847
811
568
551
542
542
1306
97
1321
92
1432
1431
1396
156
1423
155
847
848
847
835
836
803
803
801
1311
1306
1323
1323
1322
1433
1395
1424
1423
851
851
836
836
836
834
807
802
801
801
1336
1306
1323
1322
1325
1409
1430
1424
1424
1405
1424
850
849
831
833
828
805
806
1313
1310
1313
1305
1305
1326
1326
1326
1430
1430
1362
1426
1426
887
885
880
806
776
1313
1313
1300
1307
1305
1295
1362
1361
1362
1367
887
879
879
879
741
741
778
772
780
1301
1300
1303
1295
1295
1294
1351
1362
1370
1368
1368
873
878
878
878
737
741
723
770
773
773
1301
1304
1303
1302
1351
1370
1368
1377
1377
870
873
861
738
862
755
753
723
770
767
775
774
1292
766
1292
1304
1280
1303
1280
1387
1388
1394
1377
870
864
870
869
862
732
731
737
760
759
722
728
767
768
767
766
1276
1277
1281
1281
1280
1279
1271
1388
1384
1387
1389
1393
1393
866
864
865
860
732
732
759
725
728
769
1278
1278
766
1277
1277
1280
1275
1275
1384
1389
1389
766
62
718
711
711
712
713
713
679
679
677
680
638
638
62
63
66
64
49
66
47
47
31
43
41
41
39
712
712
694
696
679
675
677
638
639
640
640
66
60
49
75
31
44
33
41
717
717
709
693
693
694
693
691
675
639
639
66
60
51
60
54
53
38
35
40
35
615
615
607
607
598
693
691
691
662
662
662
662
658
658
78
60
58
50
54
54
54
55
55
38
38
38
34
617
617
608
600
573
662
658
659
658
114
119
118
119
161
161
158
37
178
179
37
179
175
613
605
603
603
562
562
575
659
565
119
112
116
118
117
117
160
160
158
178
179
179
626
625
625
603
602
602
573
563
566
114
112
113
134
130
131
159
159
159
149
145
177
177
626
626
626
624
603
567
568
566
563
566
564
132
124
133
133
130
140
140
140
144
145
154
154
846
811
568
569
572
541
548
549
548
550
132
133
133
139
144
145
144
156
846
835
811
569
571
571
571
788
548
788
550
1335
550
550
1334
1332
1333
139
1321
138
1433
1432
1431
1419
1423
156
815
817
826
571
803
787
1336
1323
1334
1323
1324
1433
1432
1433
1428
1422
849
816
831
831
831
827
828
828
826
792
803
793
792
802
1336
1337
1334
1324
1324
1324
1430
1429
1425
1427
1422
849
898
831
831
828
827
792
793
802
1336
1337
1337
1305
1325
1325
1325
1434
1430
1425
1426
1426
898
898
892
879
795
778
778
777
1346
1345
1350
1357
1357
1367
1367
1355
898
897
897
898
899
892
890
758
757
779
780
778
779
777
776
776
1345
1284
1344
1284
1288
1295
1350
1357
1356
1367
897
899
892
890
758
755
753
779
780
770
783
782
1291
1302
1288
1302
1351
1351
1355
1379
1379
859
899
861
862
861
755
753
780
768
775
1291
1292
1290
1292
1281
1289
1288
1265
1386
1386
1387
1386
1378
1378
862
864
862
760
862
760
760
747
769
1278
1276
1279
1281
1281
1388
1385
1390
1391
1390
1378
863
865
865
860
761
761
761
759
759
752
768
769
766
1260
1277
1279
1385
1384
1385
1384
1391
1390
1391
860
713
48
719
711
684
713
684
685
680
685
634
638
62
63
63
65
64
49
47
32
24
24
24
718
719
719
719
696
696
680
680
682
682
681
634
65
65
65
49
49
47
31
32
39
41
716
715
715
693
695
693
686
682
682
632
681
633
59
59
51
46
53
53
33
34
617
598
600
686
661
660
661
630
58
59
51
27
38
27
34
34
617
617
604
604
600
599
575
575
661
659
115
116
117
161
164
175
616
605
606
605
600
602
575
582
114
116
116
160
163
157
158
178
179
175
620
618
623
605
602
576
573
577
573
566
566
124
131
160
159
157
172
177
177
620
624
602
577
580
565
549
547
124
124
129
126
130
131
129
157
145
145
171
173
173
173
172
624
812
810
569
572
566
550
547
550
547
127
128
129
139
139
139
137
171
154
817
817
810
572
572
570
1335
1333
1342
138
139
143
1421
143
1420
816
816
825
821
821
788
788
1335
1334
1332
1334
1332
1334
1341
1433
1432
1428
1421
1419
1423
1422
815
816
830
829
828
792
793
793
1330
1330
1332
1341
1341
1433
1429
1429
1427
1427
819
820
830
827
830
826
794
794
794
787
1337
1344
1338
1338
1340
1434
1436
1429
1425
1427
1425
1427
819
819
889
828
757
794
795
785
783
1346
1345
1344
1285
1434
1350
1356
1360
895
898
893
893
890
757
758
757
786
777
777
783
782
1345
1348
1286
1286
1286
1285
1350
1354
1356
1357
1355
1355
1358
894
899
891
890
758
754
779
786
783
782
1291
1292
1288
1289
1386
1375
1381
1381
1379
859
859
894
858
763
763
754
755
754
747
781
1292
1290
1289
1270
1265
1265
1381
1376
1378
1379
864
865
858
858
764
764
747
748
768
769
1261
1260
1281
1270
1385
1383
1390
1373
1372
863
865
860
761
761
764
751
752
752
752
752
752
1260
1260
1270
1268
1268
1383
1383
1391
1372
1262
685
719
713
61
63
65
61
61
48
30
48
30
31
32
25
24
718
695
696
685
695
681
633
634
61
65
46
46
32
28
25
25
716
715
696
695
686
690
632
633
633
57
59
51
29
29
26
714
716
716
716
598
688
690
661
631
631
58
51
163
26
25
616
617
606
599
598
575
584
630
630
115
58
164
166
162
162
176
175
618
618
606
599
574
574
584
583
582
125
164
162
164
174
176
620
620
622
623
602
576
576
574
580
581
582
116
125
123
166
167
172
172
619
623
577
577
581
580
125
126
126
131
135
173
620
623
578
578
570
565
547
128
126
137
135
143
170
171
813
812
811
822
822
791
791
547
127
128
1343
128
138
1437
138
1421
168
815
816
810
825
789
790
791
1329
1328
1333
1343
1342
1343
1438
1421
1421
1420
815
818
824
790
787
1329
1329
1343
1340
1438
1436
1437
1417
1418
818
820
820
829
830
823
826
824
824
1331
1330
1330
1338
1346
1340
1436
1435
1417
1417
896
896
892
823
796
797
797
785
1346
1347
1344
1348
1340
1285
1435
1436
1359
1359
1360
893
893
889
756
786
1347
1347
1349
1286
1286
1354
1352
1354
1356
1360
1358
894
893
756
746
786
783
783
1347
1286
1287
1265
1352
1380
1382
859
856
891
763
754
748
746
748
781
781
1291
1289
1267
1375
1375
1382
1381
1382
857
764
764
748
749
749
1263
1263
1264
1264
1270
1269
1376
1376
1376
1376
855
857
858
762
751
750
1261
1262
1268
1270
1269
1383
1376
1373
1372
751
719
684
684
681
30
23
717
634
46
29
694
687
690
689
46
660
632
56
52
23
26
616
606
688
56
163
164
176
599
631
115
174
176
619
622
574
584
125
165
165
167
171
623
578
578
581
580
546
127
123
167
167
170
812
623
822
570
545
136
812
822
546
136
1420
168
813
824
789
791
1328
1343
1341
1343
820
824
824
796
790
787
1331
1328
1435
1439
819
1349
1339
1339
1282
1434
1435
1439
1418
888
797
785
1349
1353
1358
889
797
786
1348
1283
1283
1359
894
888
745
1348
1287
1285
1353
1382
894
857
763
746
781
1264
1266
1352
1375
1382
855
746
750
1264
1269
1374
857
749
1269
1374
718
45
29
28
57
597
688
690
27
123
166
164
619
621
583
581
170
570
170
1420
825
1421
825
818
790
1328
1438
1331
1438
888
1360
1354
896
786
1266
1267
1266
1374
746
750
48
23
64
28
716
687
25
57
174
583
597
584
162
621
165
136
135
822
791
1328
1418
823
796
1439
1353
895
785
1282
756
784
1380
745
1287
1287
762
749
1263
1267
1374
1372
683
30
689
45
29
28
714
56
583
174
597
166
169
619
579
546
582
128
545
791
1331
1339
1349
1349
891
1283
742
1266
1382
762
1262
1268
683
689
632
57
23
690
631
597
169
622
576
123
169
136
813
813
546
1342
1437
1418
818
796
1331
896
756
797
896
889
745
1352
744
855
855
750
1263
1267
683
689
1032
1032
22
687
687
416
868
596
52
52
169
579
621
579
814
170
814
1327
814
814
1327
1437
789
1439
1339
1282
372
784
1353
1360
1283
856
856
744
1267
1380
744
746
372
416
1032
50
22
22
868
868
596
50
596
938
743
938
405
127
742
743
372
258
742
743
255
798
856
798
249
743
258
