1216
458
273
278
277
277
466
466
459
606
233
236
467
586
586
584
607
605
605
266
282
283
463
463
462
584
190
232
234
235
235
471
464
599
192
181
231
230
461
521
461
549
549
599
191
231
230
229
521
521
549
180
180
168
230
525
525
524
524
520
549
548
537
539
185
184
184
169
170
525
513
548
538
199
186
185
183
183
170
527
513
542
541
543
538
199
199
835
802
806
528
1187
833
833
835
803
806
805
1187
1072
833
826
827
799
1067
843
841
826
826
798
798
800
1193
1179
1067
1116
869
841
866
828
1189
1189
1178
1066
1117
1117
1117
1116
870
869
829
797
796
1158
1158
1171
1171
1112
1120
1120
870
870
793
1155
1115
865
905
793
779
1154
1172
1172
1172
1115
1105
1102
1105
903
871
909
909
780
1145
1102
903
902
910
910
782
781
781
1145
1144
1164
1166
1166
1109
1103
272
272
272
273
274
273
278
279
279
279
277
243
243
243
466
466
459
459
458
458
586
588
588
606
606
607
607
274
274
278
278
278
277
279
243
242
467
467
459
459
459
457
458
586
606
605
607
607
272
266
266
282
284
232
232
235
236
236
236
469
472
468
467
468
464
462
584
584
600
598
605
602
192
192
191
190
283
232
233
235
235
474
471
471
464
464
585
585
585
598
599
192
192
191
191
190
191
181
233
231
230
234
472
229
471
464
550
549
598
598
599
202
193
181
181
180
231
231
230
229
525
526
526
521
520
521
521
550
550
536
537
599
539
539
202
202
203
187
187
180
160
168
166
525
526
526
524
519
520
546
548
546
537
539
537
539
202
202
189
189
184
184
169
170
170
528
525
528
524
516
546
541
543
537
535
538
199
200
200
185
186
188
183
183
169
169
170
530
530
528
527
528
513
542
541
543
541
535
535
535
538
200
200
185
183
802
170
803
806
806
806
1187
513
542
542
542
544
543
1069
535
538
1070
842
842
833
835
834
835
827
835
827
802
803
803
803
806
1187
1188
1187
1187
1188
1193
1069
1193
1195
1069
1069
1071
1070
842
843
833
831
834
832
827
798
799
799
799
1190
1190
1191
1191
1192
1193
1067
1193
1071
1071
1072
1072
843
841
843
832
826
830
828
798
798
1189
1191
1191
1191
1179
1067
1067
1067
1112
1071
1116
843
866
829
829
830
828
796
800
800
801
1158
1191
1178
1179
1066
1112
1117
1119
1117
869
870
869
868
868
868
829
829
794
797
796
796
1156
1155
1179
1171
1112
1119
870
869
873
865
865
794
793
797
796
795
1158
1157
1157
1157
1170
1172
1172
1172
1115
1114
1105
1120
1120
872
873
873
873
865
909
793
780
795
795
779
1157
779
1155
1154
1155
1170
1172
1115
1104
1104
871
903
905
905
905
909
782
780
780
779
1145
1144
1155
1164
1164
1166
1167
1167
1109
1105
1103
898
903
902
905
902
910
910
910
782
782
781
1145
1144
1144
1163
1166
1109
1102
1103
1103
1103
1103
903
276
588
271
273
273
276
279
275
246
243
242
465
465
465
456
456
456
457
588
587
606
606
607
603
272
267
274
274
282
283
284
283
275
277
246
246
245
245
242
466
469
469
457
457
587
587
604
604
604
600
267
267
284
284
283
284
244
245
237
474
469
474
474
474
468
469
463
462
586
579
602
601
602
192
266
196
268
196
282
281
234
235
474
472
470
463
462
579
585
580
571
601
602
193
193
191
195
195
195
160
159
233
228
229
234
472
470
461
460
460
579
550
571
570
599
193
194
181
158
159
160
159
228
229
523
520
519
550
550
539
540
201
201
187
160
168
166
522
524
518
519
519
546
547
548
536
202
203
203
189
189
189
187
188
182
168
156
530
531
527
520
516
516
543
545
547
545
534
534
540
532
200
186
186
188
182
182
169
183
167
167
167
531
531
530
527
514
529
514
516
545
544
535
532
206
835
188
818
802
167
806
804
530
514
1188
514
544
1068
533
1070
839
839
834
834
818
832
818
810
805
805
1207
1188
1194
1192
1195
1196
1195
1069
1068
1068
1072
842
842
839
841
832
832
827
807
799
801
1208
1190
1192
1195
1185
1195
1064
1064
1072
1072
843
844
844
840
841
831
830
831
830
822
828
801
1208
1190
1180
1185
1186
1066
1065
1065
1071
1078
844
866
868
830
822
800
800
789
1189
1181
1178
1181
1179
1111
1119
1116
866
867
864
821
797
792
791
789
789
1156
1181
1179
1183
1111
1112
1114
1119
872
871
859
872
867
865
794
794
794
796
795
795
1158
1156
1152
1156
1155
1170
1171
1114
1114
1120
1119
871
872
872
873
905
908
908
784
792
787
787
1147
1157
1174
1170
1172
1114
1108
1105
1104
1104
897
906
908
911
782
784
787
1148
1147
1154
1164
1160
1160
1167
1108
1108
1104
898
898
898
898
902
904
906
904
911
911
911
911
783
782
781
1148
1145
1148
1164
1146
1160
1164
1167
1163
1166
1167
1110
1110
1107
1163
1165
1110
270
276
587
271
271
271
271
270
276
276
275
265
245
251
252
479
480
480
480
456
457
591
587
590
590
589
603
604
593
603
269
269
275
280
265
246
245
242
479
465
481
480
481
456
588
583
589
600
267
269
268
269
280
281
280
244
244
245
237
473
469
473
469
489
581
583
580
583
580
589
602
601
267
268
196
281
195
281
257
244
244
238
237
473
473
485
490
460
490
581
580
571
602
570
196
195
195
158
159
238
228
240
472
470
470
460
579
571
571
570
570
197
197
194
158
159
159
157
228
522
522
517
460
486
518
518
486
547
547
536
559
540
201
201
203
201
194
175
176
158
156
157
157
166
523
523
517
518
547
560
561
536
204
204
204
189
187
156
165
166
167
531
161
529
529
518
515
516
545
534
534
533
532
540
208
208
206
179
188
178
182
164
164
165
162
531
531
515
515
545
545
533
533
532
208
208
208
186
206
817
818
810
810
805
804
529
514
511
515
1194
1196
544
1101
1073
1074
1073
839
839
834
817
818
810
811
811
805
804
1206
1207
1194
1194
1195
1196
1100
1082
1073
1068
1070
838
839
840
831
824
809
808
808
1208
1207
1207
1210
1192
1194
1186
1196
1065
1064
1064
1079
1079
844
838
823
824
822
822
807
807
1208
808
1209
1209
1210
1210
1185
1186
1186
1065
1081
1078
1078
860
866
856
868
823
822
821
791
789
1156
1180
1180
1186
1183
1080
1118
1118
860
859
858
860
867
864
821
791
791
790
1152
789
1181
1181
1173
1183
1183
1111
1111
1118
1118
859
859
857
867
858
867
864
883
792
792
792
790
1152
1153
1151
1173
1114
1168
1113
857
857
884
908
908
884
784
787
1152
1147
1153
1153
1174
1169
1169
1168
1108
1113
899
897
906
906
907
907
783
784
787
786
1148
1147
1174
1160
1174
1169
1165
1168
1109
1106
897
897
904
904
907
907
784
783
785
785
1148
1146
1148
1159
1159
1160
1159
1165
1165
1167
1110
1110
1107
1107
911
1110
295
271
296
270
287
276
287
265
265
252
252
480
479
479
482
476
475
478
478
591
591
590
596
590
593
296
296
280
290
288
290
264
251
252
252
237
255
483
483
476
476
475
478
490
583
589
594
594
298
298
269
289
257
265
260
259
237
253
483
483
475
489
491
476
490
582
582
576
595
594
594
225
225
269
281
257
257
238
240
485
489
489
491
581
583
578
573
573
198
198
220
197
220
222
152
257
238
238
241
241
239
473
486
486
488
488
490
488
581
580
577
570
572
572
198
198
198
198
221
175
152
152
155
155
241
241
523
484
523
517
488
504
562
564
562
561
561
559
559
205
205
197
176
175
153
156
157
154
522
498
498
506
506
518
507
509
562
561
562
561
559
205
204
179
176
178
164
165
498
508
508
509
561
555
556
208
207
179
179
178
178
164
165
162
161
502
512
512
511
508
509
566
566
555
555
556
208
207
207
179
820
818
164
162
162
162
502
512
511
511
511
1203
1098
566
1101
566
566
556
1074
837
837
854
854
817
820
809
811
811
811
1206
1207
1205
1205
1205
1203
1097
1100
1101
1101
1073
1074
838
837
854
823
825
824
824
809
808
811
1209
1207
1205
1184
1100
1100
1081
1081
1079
1082
1075
838
840
850
840
823
825
825
825
824
824
815
808
1209
1210
1209
1184
1186
1081
1081
1082
1082
1076
1079
861
855
860
856
823
821
807
790
773
788
788
1211
1209
1197
1180
1185
1183
1065
1080
1138
1080
1078
1076
860
856
856
770
770
788
1152
1198
1181
1151
1182
1182
1182
1138
1139
1136
1118
1136
863
862
858
858
884
883
886
792
770
790
788
1149
1150
1151
1151
1174
1173
1177
1173
1137
1113
1136
1135
862
862
857
884
884
883
887
778
786
786
1153
1153
1176
1177
1169
1168
1113
1126
1135
1106
1135
899
901
874
884
877
766
783
767
786
786
1142
1142
1147
1175
1175
1162
1126
1106
1126
1106
900
900
901
875
874
877
877
767
785
767
785
1143
1146
1146
1161
1159
1162
1125
1125
1107
875
288
593
295
295
288
288
287
287
263
251
250
247
251
255
254
255
254
482
482
482
478
591
591
592
597
592
597
596
593
298
295
296
290
290
265
264
264
250
483
482
476
476
477
478
477
592
592
597
595
594
297
298
297
290
289
263
264
260
259
259
253
253
483
491
493
582
582
583
576
576
573
298
226
298
226
220
220
289
289
256
256
259
258
259
258
239
481
485
491
493
493
574
578
578
573
225
225
226
221
222
222
153
241
240
485
485
492
487
493
577
577
578
572
572
221
221
222
153
153
155
241
67
239
484
499
484
487
487
488
564
563
564
577
558
205
217
215
219
154
154
154
499
499
499
507
507
504
504
504
563
563
560
558
558
559
205
215
175
177
178
174
155
163
161
161
506
501
501
505
505
503
567
568
567
555
556
558
554
207
214
177
177
177
163
162
502
512
510
509
508
510
565
565
565
554
556
207
854
177
172
820
163
812
165
502
502
511
1204
510
1204
1098
1098
553
1090
854
854
854
847
820
812
812
809
813
500
1206
1204
1204
1203
1098
1100
1099
1101
1101
1099
1074
1074
851
850
853
853
848
819
819
820
820
812
815
813
813
1215
1215
1205
1204
1203
1097
1099
1082
1075
851
850
845
849
819
815
773
773
1213
1197
1197
1184
1184
1097
1080
1082
1077
1077
1076
1076
861
849
849
816
814
772
772
772
1211
1211
1198
1198
1199
1138
1080
1076
1077
863
863
855
856
846
886
814
886
770
771
769
1211
1211
1176
1182
1138
1139
1139
1134
1136
863
863
862
856
858
889
886
887
886
887
887
778
778
770
1150
1150
1176
1177
1177
1139
1139
1136
1136
862
894
899
889
889
885
885
778
778
778
1142
1149
1141
1175
1176
1177
1137
1137
1126
1135
901
899
901
874
874
877
766
766
766
768
768
764
1142
1140
1162
1124
1123
1126
1129
1128
900
901
901
900
875
875
876
875
876
877
766
767
767
768
1143
1143
1140
1143
1140
1161
1162
1162
1123
1125
1128
1127
1128
1161
294
294
300
288
288
286
286
286
261
250
250
247
254
254
385
384
388
388
592
592
424
597
596
597
597
596
422
297
297
300
292
292
263
262
262
249
249
250
255
254
384
388
477
431
430
424
595
421
421
297
303
291
302
292
263
292
259
249
39
381
381
483
384
386
477
493
430
595
595
573
421
227
303
226
293
293
256
260
258
253
38
38
380
380
492
493
493
493
574
575
576
578
573
357
227
226
227
227
222
218
218
256
258
46
46
258
239
38
67
484
487
492
492
574
575
578
357
356
572
217
226
217
221
222
218
153
60
155
66
67
499
312
507
311
487
504
563
574
575
557
557
557
217
215
216
219
174
153
174
60
59
66
499
506
507
507
503
563
564
551
551
558
213
213
215
211
211
174
174
58
59
59
501
495
505
505
503
568
567
569
567
554
552
214
214
172
173
173
174
63
65
65
59
494
502
494
496
510
503
568
568
569
553
214
853
171
171
171
702
173
638
57
65
63
500
500
500
496
496
496
510
1202
1098
565
1088
554
852
852
853
847
847
638
812
65
813
1215
1215
497
1214
1202
1093
1090
1090
852
853
851
852
848
848
640
640
813
627
1215
1215
1214
1201
1202
1201
1093
1093
1092
1094
1096
1099
1075
1090
1075
850
848
849
816
815
815
773
1215
1213
1197
1200
1199
1095
1096
1077
1077
851
845
845
846
846
849
816
816
771
772
772
1213
1212
1198
1199
1095
1132
1077
861
861
846
892
814
772
769
1212
1198
1199
1056
1199
1132
1138
1130
1131
894
863
888
888
892
888
891
886
777
777
777
775
770
1149
1150
1176
1177
1056
1132
1132
1139
1133
1134
1131
894
894
893
889
888
889
890
885
885
777
760
777
774
1149
1150
1049
1124
1122
1122
1121
1121
1129
1133
895
894
882
882
876
885
768
762
764
774
1141
1141
1141
1047
1047
1124
1124
1124
1129
1129
1128
1129
896
896
880
878
880
876
763
878
763
763
768
764
1140
1141
1140
1047
1162
1124
1123
1125
1128
1127
878
285
248
294
300
300
286
285
261
261
250
247
248
254
385
385
385
388
428
427
427
424
424
424
422
422
301
302
299
300
302
285
262
261
261
249
248
98
384
387
387
387
431
430
419
426
420
421
423
301
303
303
302
292
86
260
40
98
39
381
386
380
383
431
382
431
430
419
419
421
420
301
293
291
291
293
293
262
46
45
39
380
383
383
431
430
419
224
224
223
218
44
44
46
46
45
69
69
311
380
311
309
309
575
357
356
357
359
216
224
217
223
219
219
56
44
60
60
70
45
70
67
311
312
309
308
309
563
346
358
356
216
217
219
211
56
56
60
66
66
305
312
308
569
348
569
557
213
216
212
212
172
48
51
58
58
64
495
495
495
305
313
569
569
551
551
552
552
552
210
214
209
211
172
173
58
64
65
495
495
505
314
314
568
553
553
552
214
688
209
171
700
701
701
57
638
65
63
65
64
497
497
496
1202
314
1098
1086
1086
1085
1088
1088
1088
690
700
700
688
702
702
702
701
638
638
639
629
629
989
496
1214
993
1084
1202
1093
1094
1091
1085
1091
1090
1091
690
690
699
702
640
640
627
988
1202
1004
1092
1201
1094
1091
740
690
740
847
848
698
640
639
627
633
633
1214
1214
1005
1004
1200
1092
1002
1095
1095
1096
1096
1096
1089
740
739
739
845
738
892
816
645
632
633
1212
1200
1006
1200
1199
1059
1096
1130
1130
1089
737
737
846
892
892
644
892
645
771
631
631
771
769
1212
1212
1057
1063
1056
1133
1134
1131
1131
737
888
890
891
891
891
776
776
776
776
775
775
775
1055
1055
1057
1057
1057
1056
1133
1133
1134
893
893
881
890
760
775
774
774
1049
1054
1058
1058
1122
1121
1122
1121
1127
895
893
882
895
881
762
760
764
765
1049
1047
1048
1048
928
1122
1129
925
895
896
882
881
880
879
878
879
763
762
765
765
1050
1050
1050
1046
1048
1048
1048
930
923
923
923
924
896
762
1127
97
398
294
299
299
285
88
89
95
247
95
248
248
97
97
385
398
388
387
427
426
426
423
425
426
423
301
299
302
88
261
89
96
96
98
96
98
98
395
386
386
386
428
387
427
425
423
301
302
87
87
86
40
41
41
41
394
395
395
383
382
428
429
431
429
429
419
447
420
138
138
291
140
86
86
42
41
40
41
39
39
383
383
393
383
382
345
418
418
448
418
447
420
224
223
141
140
140
44
55
46
45
45
45
69
69
311
310
310
344
345
359
357
360
224
216
139
55
55
56
56
75
75
70
70
69
311
304
310
309
308
345
345
348
346
346
359
210
212
124
54
54
56
54
53
74
74
70
305
305
312
307
308
348
313
349
346
359
359
210
210
210
212
48
51
51
50
58
72
319
319
304
313
313
348
358
209
209
124
49
51
51
58
62
494
319
319
321
314
320
314
316
351
354
688
209
700
701
49
49
57
62
65
64
61
61
497
318
320
1084
1083
1083
1086
1085
1086
1088
688
692
702
701
639
630
630
630
989
988
993
1084
1084
1083
1086
1085
1087
691
692
699
698
639
639
636
629
630
628
628
989
988
988
1004
1004
1092
1094
955
955
1091
1091
1091
692
699
739
699
699
698
693
642
642
627
635
1005
1005
1006
1004
1002
955
951
1089
740
739
698
644
645
645
632
632
634
634
1006
1006
1063
1003
950
951
950
951
1130
951
736
739
736
737
738
733
644
644
632
631
634
634
1055
634
1055
1063
1063
1063
1063
1059
1059
1059
920
919
951
736
737
734
734
644
631
680
660
1054
1055
1055
1057
915
918
1133
919
1131
731
731
735
881
890
682
761
760
680
657
660
661
1054
1052
1052
1058
1058
1060
928
918
925
918
731
731
895
881
881
879
676
761
681
761
659
657
656
1050
1049
1051
1046
1052
1045
1058
928
923
924
925
896
726
880
880
879
879
761
761
762
762
659
765
656
765
656
1050
1051
1053
1046
1046
1045
929
930
930
923
930
924
924
924
925
924
398
425
92
92
90
88
88
89
95
95
100
100
100
97
398
398
396
435
435
434
434
434
425
425
423
455
453
90
90
87
88
85
96
99
97
394
103
395
397
397
396
435
435
435
434
429
453
423
453
138
91
91
87
87
85
86
96
41
392
394
394
392
395
390
397
390
436
435
449
447
446
138
137
138
137
133
136
136
136
85
42
39
393
393
390
428
429
418
342
449
447
447
151
151
138
141
141
141
140
136
42
43
68
68
68
310
393
329
310
326
344
347
347
446
360
151
150
141
139
141
54
54
55
52
53
75
75
71
68
71
68
307
307
344
344
349
347
360
358
360
126
125
48
53
47
53
75
74
74
71
71
72
305
304
306
306
307
306
348
349
346
353
358
126
127
124
123
50
50
50
74
72
72
321
304
321
322
316
315
317
317
350
352
351
354
354
127
125
48
50
62
62
61
62
318
319
318
322
320
315
317
316
317
316
351
351
354
354
689
689
685
123
49
6
61
990
318
320
320
1083
1085
1087
960
1087
689
689
691
689
686
695
697
636
636
636
630
637
630
990
989
994
993
993
1084
961
961
954
958
957
1087
691
691
692
687
686
694
696
697
641
637
629
628
989
989
993
992
1003
1003
954
955
956
958
957
692
691
694
694
693
696
642
642
628
633
1000
1005
1000
1005
1002
998
1003
1003
955
956
958
956
957
743
739
743
743
738
693
693
645
642
632
633
635
635
635
1000
622
1000
1006
1042
1003
1061
952
953
736
738
735
733
733
733
643
645
643
634
626
622
1040
1042
1042
1062
1062
1063
1062
914
920
950
919
953
951
732
735
734
682
682
679
680
679
660
664
661
661
1041
1042
1060
1062
915
920
919
917
917
732
727
732
735
734
734
683
682
679
680
659
664
657
660
661
1052
1052
1060
915
918
918
919
922
731
731
727
725
677
681
677
676
658
659
657
656
1051
1053
1053
1045
1060
929
922
926
922
922
726
726
727
727
677
677
676
676
658
658
659
656
1051
1053
1053
1046
930
1045
929
929
928
921
921
92
94
94
94
93
89
99
100
103
103
398
410
396
436
434
433
425
454
454
148
92
91
93
88
113
113
99
99
100
103
102
397
397
396
436
436
433
449
455
455
148
133
91
133
85
113
111
111
101
101
392
392
389
390
404
433
449
449
455
452
148
134
42
30
32
392
393
391
390
390
404
404
342
449
446
448
446
452
151
150
150
137
139
136
135
43
43
31
391
329
330
329
326
342
343
342
448
347
347
151
150
139
136
52
52
43
75
35
31
37
37
329
330
329
326
349
379
360
125
126
132
124
47
47
52
53
12
73
73
72
37
36
327
327
326
306
324
307
350
349
379
379
126
126
127
125
48
47
5
73
73
27
322
322
317
323
350
317
350
355
352
353
127
127
123
123
4
5
8
6
8
24
27
322
322
315
352
352
355
355
684
684
684
685
685
697
7
6
6
24
996
321
995
315
961
963
960
355
960
355
685
685
685
695
697
637
616
616
990
996
996
994
992
986
961
962
960
687
686
695
694
697
696
637
637
616
615
615
991
994
994
998
985
984
954
956
957
957
687
687
703
694
720
641
641
615
615
622
1000
1001
998
997
997
983
983
954
958
957
743
744
758
641
624
624
1001
999
998
999
997
973
952
952
953
742
758
759
759
643
643
626
626
625
1042
1042
1043
1062
1061
1061
914
914
919
952
953
732
741
735
758
683
682
679
664
663
622
1040
1044
1044
1060
914
920
916
916
917
728
728
724
683
725
683
679
679
664
662
662
661
1041
1041
1041
1044
1033
1043
1033
913
913
916
917
727
730
725
725
724
678
678
683
678
674
674
658
657
655
662
1029
1029
1030
1033
1034
1034
1034
1034
927
927
926
926
922
921
726
730
730
722
678
678
674
658
655
655
1029
1051
1029
1030
1032
1034
1032
927
927
926
921
655
411
142
94
94
94
83
93
81
110
110
110
108
103
410
410
410
410
401
409
432
432
433
439
455
454
454
93
93
81
81
113
112
113
101
106
102
103
411
414
406
433
442
453
451
455
148
148
91
80
134
84
80
80
112
101
102
414
414
406
389
406
405
450
451
451
452
147
147
147
134
134
135
111
77
111
30
30
30
32
32
391
414
391
389
406
404
407
406
404
450
450
450
452
149
151
150
134
13
10
32
31
32
37
331
331
331
343
343
365
448
376
376
448
376
375
131
118
118
135
13
12
9
10
35
331
37
36
330
330
330
324
364
342
377
379
379
132
131
132
116
116
116
11
12
35
37
36
36
327
328
324
323
323
364
350
377
378
379
132
132
132
5
5
11
8
12
12
23
23
327
27
328
328
328
339
341
350
352
377
371
355
684
709
8
5
8
23
23
23
23
27
321
335
341
340
340
370
371
355
684
695
716
4
7
7
8
614
24
614
24
990
26
26
996
995
995
341
987
340
986
963
963
962
959
353
707
709
697
7
613
616
1020
995
995
995
992
987
963
986
962
959
687
704
704
703
703
721
720
720
719
613
613
613
612
613
991
991
1020
987
992
987
985
984
962
965
965
687
744
704
706
720
721
719
612
616
615
991
1001
1001
997
997
997
985
984
956
964
965
744
744
757
759
619
619
619
624
624
1001
983
973
970
953
964
969
741
742
742
741
741
757
758
670
670
620
626
625
625
625
625
624
622
1040
1010
999
1043
974
974
973
974
949
742
741
756
758
669
673
672
672
663
663
623
623
1036
1044
1043
1043
912
912
916
948
948
728
742
755
723
724
671
663
663
663
662
1035
1036
1035
1041
1033
1038
1043
912
913
912
913
931
944
948
725
730
724
681
723
675
671
646
662
1030
1030
1032
1030
1034
927
933
943
944
942
944
730
729
729
722
678
675
674
674
674
646
648
648
1029
1030
1031
1032
934
927
933
933
942
942
940
722
83
401
84
84
83
83
110
110
108
108
108
411
412
411
411
409
409
401
432
441
439
440
440
142
84
142
84
82
81
109
112
112
107
108
102
412
413
409
401
406
432
441
442
439
440
145
144
144
134
81
79
112
106
111
106
106
106
416
414
407
405
407
442
438
451
149
144
122
9
10
104
28
32
417
417
407
405
442
369
437
452
147
149
149
118
135
122
9
10
10
31
29
331
325
326
367
376
130
119
119
119
118
122
13
34
34
33
33
325
367
364
365
378
376
375
131
131
117
117
116
11
11
11
13
12
35
36
325
323
364
363
378
378
378
132
132
116
1
17
25
27
25
20
19
328
334
334
324
335
338
363
377
370
373
373
373
373
130
710
710
4
4
2
25
26
26
26
336
336
336
341
340
340
363
371
371
707
709
709
1
1
2
1017
1018
1024
987
340
370
967
371
959
709
704
716
716
716
614
609
1020
1020
1019
1018
1024
1019
987
986
962
986
967
962
967
959
708
705
706
703
720
713
609
616
1020
1019
1017
1025
982
987
984
984
964
965
705
706
706
721
721
719
612
612
611
611
1017
1009
1015
1011
1014
981
982
984
970
965
969
964
754
754
757
721
670
619
620
620
623
1009
1010
1015
1014
981
974
973
972
746
754
757
756
759
669
670
670
620
620
625
621
623
1010
1010
1010
1015
1014
970
974
975
975
973
949
969
949
746
746
755
759
670
673
651
651
653
623
1036
1036
1038
1038
931
931
947
949
948
756
728
745
756
671
668
673
671
673
651
653
1036
1035
1038
1038
938
931
947
943
944
948
730
729
723
723
667
671
647
650
648
653
1028
1029
1031
938
934
932
943
943
940
729
729
722
675
675
667
647
646
646
648
647
648
1028
1027
938
937
937
934
933
942
940
1031
109
143
83
412
412
408
408
408
401
445
402
402
441
441
440
440
143
82
82
109
79
107
107
412
412
413
400
402
444
445
439
438
143
145
81
79
79
78
104
28
104
416
416
405
444
444
438
145
146
145
145
121
79
78
9
29
29
417
399
367
437
438
146
146
119
121
122
15
15
28
29
415
415
367
325
369
369
365
375
129
129
119
122
18
15
16
14
34
33
368
368
368
365
375
130
128
115
117
116
18
18
17
16
17
34
34
332
332
333
363
374
374
128
115
0
17
2
20
19
336
335
333
338
373
128
117
1
0
2
22
22
336
335
339
338
370
374
373
711
710
715
716
714
608
608
25
22
334
1024
335
339
979
339
967
372
707
707
710
715
716
609
609
1020
1018
1018
1025
1024
1025
980
968
968
968
708
708
713
611
611
1019
1019
1025
1025
980
982
979
967
966
753
708
705
706
706
717
719
719
718
1016
1016
1016
1011
1022
1011
981
982
969
972
753
753
757
718
718
617
620
621
1009
1007
1015
1013
1015
1014
975
981
969
972
972
752
756
751
751
621
1007
1007
1009
1015
1013
976
976
977
975
971
971
745
756
669
672
652
654
654
1010
1013
1039
936
976
946
949
745
745
755
668
673
651
665
651
654
653
1035
1039
936
932
947
947
946
949
748
668
668
647
650
653
1027
1027
1026
1026
938
934
943
932
943
941
748
749
723
667
649
649
1028
1027
1031
939
939
934
941
941
940
647
143
82
109
107
445
443
143
107
400
444
144
76
79
105
400
14
104
416
399
437
437
146
115
15
417
367
368
366
122
29
415
366
366
129
115
18
16
20
338
333
361
374
114
0
0
3
16
20
19
334
338
361
361
710
115
714
2
21
337
710
715
21
337
968
372
711
712
712
608
1024
1025
1023
1023
705
717
718
712
609
610
1016
1022
982
979
753
1012
1022
1012
1012
982
978
978
966
750
618
621
1008
977
972
750
617
618
1008
1013
976
977
745
751
672
1007
1039
936
977
946
745
749
666
650
654
1039
938
935
946
946
748
665
649
1026
939
932
749
650
939
941
143
399
400
445
416
121
76
78
369
332
332
368
129
114
14
17
372
2
372
968
715
968
717
708
610
1021
980
1016
980
751
972
976
754
652
936
936
939
945
667
649
401
443
408
445
146
77
438
416
366
14
121
15
368
114
334
337
361
714
608
1019
966
717
718
978
977
746
618
1012
672
652
945
618
1039
1039
666
654
1028
935
932
941
82
402
105
399
400
444
146
415
34
366
114
333
362
128
3
22
20
336
21
608
1022
1023
1008
1008
752
1013
668
935
945
668
1026
937
77
105
413
413
445
78
29
121
362
129
18
19
362
337
711
711
21
1023
979
966
752
712
1022
753
751
617
753
750
617
977
666
749
749
649
1027
939
77
105
1037
1037
443
76
76
752
915
120
403
403
362
3
114
3
714
362
713
1021
713
713
1021
979
1022
978
1011
1012
560
652
977
971
935
748
747
665
935
945
666
665
554
364
1037
403
443
443
915
915
120
403
120
747
600
747
837
19
836
836
836
603
836
176
750
610
747
610
157
855
176
