2048
348
958
435
601
399
402
937
917
919
904
904
343
342
308
314
313
940
915
349
311
316
937
947
915
906
349
342
337
310
311
318
318
947
913
911
910
336
337
265
268
946
913
911
378
337
269
266
268
1017
992
985
366
357
365
268
259
1016
993
978
986
989
358
365
506
1022
1023
1023
1005
977
977
359
355
364
510
504
504
507
1023
1001
1001
976
981
354
469
566
582
543
542
539
354
468
498
583
566
565
554
541
473
467
465
500
565
554
523
521
473
466
447
500
581
559
548
555
522
525
463
462
442
443
434
581
598
548
551
694
691
436
436
600
597
620
623
419
423
420
437
601
603
597
621
621
695
688
422
437
635
630
630
698
700
701
399
632
625
610
614
697
392
394
402
405
633
614
610
697
703
701
385
405
941
919
348
340
342
314
319
943
940
905
342
310
956
947
907
349
347
347
338
315
317
959
958
913
909
911
985
316
256
945
987
987
382
366
264
1017
979
987
989
366
365
271
258
1018
992
988
356
367
364
271
1004
978
990
1005
1005
977
980
990
991
355
354
469
510
1009
1001
542
475
474
468
498
498
507
567
554
541
473
497
503
581
583
564
523
523
525
466
443
433
577
521
521
521
466
447
601
599
558
549
462
690
423
442
441
598
620
623
691
420
440
439
631
618
621
693
689
399
420
403
602
618
623
699
399
414
403
632
701
703
614
610
611
696
703
392
385
405
937
941
919
904
904
340
312
313
943
916
907
348
341
319
958
943
928
915
914
909
317
317
945
947
910
379
337
307
266
952
959
945
913
986
378
378
339
257
257
1019
944
979
984
366
1019
979
990
358
357
354
270
270
261
506
1016
1006
1000
978
980
991
359
358
361
361
511
510
505
1023
469
511
1009
1007
981
541
537
474
470
498
583
566
567
561
552
543
538
475
465
502
580
554
540
477
463
433
432
599
558
555
522
525
462
466
599
599
550
512
440
433
434
601
619
694
691
437
603
622
695
423
414
402
602
628
621
699
700
397
402
400
633
625
630
610
697
397
385
415
633
696
703
392
407
937
940
917
917
900
351
343
328
308
939
942
915
907
906
346
311
315
314
319
957
940
912
906
347
339
310
295
921
909
347
339
265
288
949
964
986
985
382
264
258
953
985
382
367
360
269
989
358
365
271
262
259
1019
1004
976
971
352
282
508
507
1006
1001
980
980
537
352
511
469
507
1009
1003
1003
538
475
471
499
502
582
565
561
553
539
475
473
464
503
583
577
565
540
523
467
464
447
443
577
525
461
443
596
549
550
462
421
442
441
435
600
597
597
550
460
423
422
414
439
439
603
631
618
619
695
688
688
419
400
635
628
620
693
397
398
412
414
625
630
699
702
393
395
387
407
401
632
624
625
608
609
696
698
384
406
406
939
942
917
905
334
351
308
314
313
939
928
918
898
350
341
311
908
350
338
307
307
291
288
935
378
345
256
959
945
949
946
922
975
975
381
383
339
267
1019
948
1018
967
376
381
271
269
262
258
258
1017
993
989
363
361
494
994
990
352
362
361
261
1010
1006
983
529
542
536
478
352
509
505
497
502
566
560
552
526
526
472
478
502
556
553
553
526
476
447
581
557
520
690
460
461
452
440
433
594
559
558
549
512
690
421
432
550
689
418
438
602
593
693
679
688
413
400
623
675
401
634
626
615
609
699
395
415
406
615
611
686
392
394
385
405
936
929
916
898
900
839
328
341
308
309
309
293
943
928
929
918
898
351
329
328
305
289
934
897
899
345
346
307
289
957
949
909
306
267
948
920
383
383
285
266
257
952
992
964
964
381
381
380
267
1021
993
966
967
974
356
363
282
261
261
1022
1020
994
1002
982
970
529
362
282
509
1009
1008
1006
982
471
508
508
505
1010
1007
1003
530
542
537
537
479
508
561
531
538
477
477
464
497
501
501
577
562
563
557
540
527
459
501
485
579
580
563
547
515
524
459
458
594
558
544
512
461
607
606
595
547
551
694
678
418
420
440
439
606
628
618
544
419
425
425
617
693
673
397
635
627
609
685
674
674
412
400
634
634
627
627
615
608
686
393
395
406
942
918
328
312
312
294
939
928
930
900
295
935
921
920
921
350
304
305
957
951
921
899
379
345
330
329
285
295
288
953
975
377
377
955
948
965
370
283
267
263
1020
995
960
974
970
262
1021
998
999
1002
982
982
363
260
489
494
1003
529
353
481
490
490
538
529
532
470
499
494
1010
530
530
476
496
497
563
477
464
482
563
557
546
515
515
527
453
446
445
579
594
547
512
513
456
427
617
545
679
425
607
593
593
617
616
692
678
418
417
408
413
411
629
685
680
679
396
413
411
639
626
673
395
404
627
612
687
686
674
682
387
386
387
938
931
930
897
900
293
293
934
931
896
897
897
344
331
305
302
957
933
923
304
290
289
293
956
922
899
377
345
301
291
955
951
949
925
922
973
376
995
965
964
973
974
970
281
284
262
263
1021
995
994
970
370
370
283
283
996
962
969
362
489
999
528
971
375
353
481
490
1010
983
530
533
535
478
483
482
486
1011
561
568
531
532
519
526
479
482
485
484
578
562
519
452
452
487
485
576
579
556
557
517
514
459
426
445
444
547
546
513
678
457
457
458
445
444
592
594
595
547
545
677
456
424
425
605
593
617
679
417
416
638
629
628
613
677
417
411
639
612
685
674
675
387
410
685
682
673
391
410
932
932
930
903
902
901
335
333
303
303
292
299
923
334
302
932
933
930
902
835
330
301
290
291
954
951
925
923
369
330
291
955
925
972
973
368
369
281
284
284
287
955
1015
995
966
961
281
963
960
969
371
280
493
1015
998
962
968
373
495
495
1014
998
998
996
962
481
491
494
1011
568
533
535
535
479
480
491
1013
570
568
568
535
454
487
487
485
570
570
569
517
450
455
453
579
575
516
514
453
445
444
585
514
456
459
431
426
584
589
591
545
663
456
427
426
607
605
605
590
681
677
417
409
411
637
613
590
591
681
683
677
408
637
590
687
684
680
391
388
388
410
638
639
637
687
682
673
391
389
389
903
335
332
333
303
299
932
926
903
902
901
839
839
332
299
926
835
835
331
330
322
298
950
925
924
842
833
273
301
294
973
369
828
960
833
371
368
274
286
825
963
961
371
373
280
275
493
1015
997
997
963
960
969
969
373
480
488
493
492
1014
711
375
375
375
491
492
1013
997
710
534
534
448
483
492
1012
571
518
518
449
448
455
483
150
486
586
1013
573
570
569
141
487
586
586
575
516
516
451
450
454
430
431
586
585
663
451
451
430
431
429
428
584
588
430
429
429
181
649
591
657
676
191
605
604
683
672
162
409
636
653
683
669
162
163
388
637
647
653
652
669
163
390
792
927
927
927
838
838
332
332
303
299
792
788
838
836
322
323
298
793
950
842
834
321
322
322
297
829
841
320
273
59
829
828
825
844
844
832
833
368
272
273
273
287
58
831
825
844
845
833
274
287
831
830
827
827
824
856
846
372
274
275
820
821
827
846
374
373
276
823
710
826
711
129
480
276
1014
1013
711
534
129
818
823
571
449
448
142
143
151
575
516
449
450
142
150
151
151
573
573
705
663
139
141
151
587
587
585
589
706
139
141
181
584
656
658
661
660
191
191
181
649
643
643
589
641
657
657
429
182
643
657
160
162
388
648
643
653
667
645
646
653
669
668
163
390
390
794
794
789
784
854
836
836
836
324
323
298
789
785
837
837
327
324
297
297
298
793
796
797
788
788
841
321
63
797
842
843
835
320
51
296
59
829
829
825
845
50
51
51
59
58
831
830
840
845
847
50
98
287
58
830
826
856
857
846
846
275
821
826
856
111
98
277
276
820
821
894
128
110
104
277
276
279
819
823
710
709
129
143
144
147
145
279
819
818
574
129
130
131
142
143
144
144
145
731
704
709
133
140
149
735
573
575
705
705
133
138
141
151
572
662
662
660
191
188
186
642
642
658
661
189
190
180
187
649
641
658
659
660
161
190
180
182
182
648
650
643
644
646
670
665
161
179
183
650
644
644
646
654
666
667
165
161
183
645
645
666
668
668
183
794
784
854
326
325
325
54
795
785
786
854
855
11
324
297
63
796
789
785
853
325
60
60
798
791
791
841
843
49
327
49
60
61
62
61
812
791
841
843
847
103
96
814
815
811
859
858
50
51
102
96
56
814
811
810
848
857
862
111
111
98
96
57
822
857
111
110
99
99
278
279
817
822
894
104
817
817
823
894
707
130
128
131
105
819
731
731
708
708
709
707
146
147
145
818
714
133
130
146
149
733
733
713
157
139
149
733
735
705
662
159
188
186
187
655
724
706
660
174
188
735
735
659
665
160
189
179
178
179
640
640
670
671
664
164
167
655
650
651
671
671
666
667
170
165
177
650
651
646
647
667
165
166
795
795
795
773
773
786
855
855
11
326
54
773
787
786
855
852
11
55
54
787
850
118
327
55
61
798
790
850
853
327
48
798
790
790
849
858
117
117
103
102
101
57
56
815
811
849
862
862
117
97
97
814
814
858
107
106
97
57
816
811
859
861
109
106
99
894
892
861
707
108
108
105
104
278
817
728
809
135
105
66
278
758
758
730
718
715
715
130
137
146
732
731
713
715
157
146
155
149
148
732
724
713
714
712
156
136
136
138
155
733
722
726
706
159
174
188
187
724
725
659
158
174
175
187
734
734
725
172
178
734
766
741
740
173
170
178
177
767
742
746
664
164
167
177
655
746
171
166
654
772
773
775
851
10
53
53
55
44
44
771
774
775
787
10
52
769
769
851
852
118
48
47
771
769
768
849
46
47
62
804
116
101
62
813
888
849
863
117
102
103
62
813
888
848
859
863
125
112
107
74
70
813
809
889
860
109
109
78
70
802
813
809
892
893
861
860
78
78
893
132
132
79
729
718
715
134
134
134
67
758
759
729
718
157
137
727
157
138
155
723
712
158
159
175
239
754
722
721
725
737
738
173
175
185
725
740
173
168
252
185
767
741
744
172
176
767
766
742
744
170
167
177
742
746
746
171
171
169
167
776
775
8
9
10
53
42
45
45
770
775
9
15
52
47
42
45
770
774
870
871
119
41
771
769
878
119
118
46
46
47
806
804
805
806
870
119
116
114
101
803
805
883
100
68
802
807
807
804
883
863
73
72
74
68
802
807
889
860
125
124
72
78
71
70
801
809
889
893
126
127
127
71
808
719
126
135
135
79
66
801
728
719
729
717
717
153
238
76
759
723
716
153
153
197
154
67
67
723
721
727
727
238
154
185
759
721
726
152
158
199
197
736
198
239
252
185
755
754
765
720
737
737
737
736
195
194
192
252
253
755
761
765
764
744
745
194
168
255
254
253
767
743
745
747
194
251
762
762
743
250
250
251
777
865
8
0
41
40
42
777
781
776
866
8
41
42
770
778
879
879
879
8
6
114
41
43
39
778
878
870
5
114
32
32
46
39
881
883
870
871
113
804
880
122
122
112
803
807
868
123
113
75
68
887
891
125
124
124
73
68
800
886
890
891
77
71
801
801
719
890
126
223
67
1274
1273
716
221
223
222
76
1274
717
716
238
759
152
215
197
232
65
721
739
199
236
239
232
184
752
753
1221
738
736
198
192
237
752
753
195
192
237
253
761
764
764
748
204
204
244
254
763
761
749
745
204
204
169
255
249
251
762
756
743
751
750
747
206
169
250
781
781
864
864
865
866
0
3
780
877
877
866
15
1
43
23
22
782
879
867
13
6
6
1
3
39
778
876
5
33
779
869
869
4
5
34
33
33
39
779
882
881
881
868
868
123
113
100
35
36
803
880
881
887
121
122
82
75
1279
1279
886
885
895
120
75
69
1265
891
77
69
1272
891
127
121
223
73
77
1275
1275
1273
212
221
221
223
219
65
1274
1223
1229
215
215
92
65
64
1222
1229
1229
210
196
235
65
1221
739
210
214
199
232
226
1220
1221
208
195
237
236
227
752
1239
1239
739
205
192
236
245
227
763
765
751
748
203
193
247
248
760
757
756
751
749
205
201
244
248
763
757
750
750
206
193
247
247
242
249
867
15
0
17
23
20
781
875
867
13
12
3
23
782
877
1902
13
13
1
16
22
782
779
1897
7
7
2
38
779
872
1899
1898
5
37
37
882
869
1899
123
81
82
35
36
882
884
885
1898
895
80
82
83
1278
887
121
121
80
82
93
94
1279
1279
1265
1917
1919
80
94
1276
1272
1230
1918
212
84
1231
1228
1230
212
220
92
92
92
1275
1222
1229
1228
1231
1230
213
221
219
219
95
1222
1223
211
216
218
235
234
1223
1219
1225
211
214
196
235
226
752
1220
1221
211
208
228
231
227
1237
1225
211
209
203
228
245
225
224
1237
1238
207
202
203
245
245
248
1237
1239
760
1205
246
246
243
248
1236
1232
1234
1234
1204
1205
201
242
1844
874
875
14
14
1878
1886
17
17
20
877
873
875
1891
1879
1886
19
18
782
783
873
1902
1894
1915
2
22
783
873
1915
2
19
16
30
872
1903
1914
2040
34
30
1810
884
1897
1898
1898
35
37
1811
1811
885
1913
1913
81
1265
1265
1916
1919
80
90
1278
1916
1919
1918
1918
87
87
90
89
1267
1266
85
93
88
1276
1276
1267
85
217
86
95
95
1275
1269
1271
1270
1231
213
216
233
1219
213
216
218
233
235
95
1217
1218
1227
214
1104
216
231
1218
1224
211
209
1104
226
1247
1238
1224
202
225
1238
207
207
202
246
243
225
224
1237
1232
1234
1235
201
243
240
1242
1235
1204
1205
200
201
242
241
1844
874
1895
1878
18
21
1844
874
1895
1879
1887
1887
19
18
21
1894
1888
21
799
799
1903
1903
1897
1891
1915
30
1810
1812
1890
2041
2037
30
1810
1812
1813
1813
1813
1905
1913
1915
2040
2036
2038
2039
1811
1904
1913
1973
83
90
2039
1819
1264
1906
1904
1919
1912
1973
87
1817
1917
1909
1955
91
91
89
1277
1268
1267
1266
1266
1911
1952
87
91
88
1269
1270
1911
1953
1953
1955
85
84
1038
1276
1271
1270
1200
1201
1201
217
1039
1277
1217
1270
1214
1214
1215
1201
1217
1218
1202
218
230
1217
1218
1203
1203
1107
1106
230
230
1247
1227
1206
1107
1105
1105
231
1246
1247
1206
1207
1112
1105
229
1242
1233
1235
1207
1207
1113
1099
1233
1233
1204
1113
1098
240
241
241
1846
1858
1877
1876
1887
2028
27
1846
1845
1859
1859
1895
1889
1876
28
28
799
1859
1889
1888
1873
2043
31
799
1856
1891
1873
2042
2043
31
28
1808
1809
1808
1903
1903
1897
1890
1970
2041
2037
1808
1815
1905
1896
1970
1970
2036
2039
1816
1814
1907
1907
1969
1972
2045
2045
1817
1816
1816
1906
1907
1973
1975
2034
1817
1906
1952
1973
2045
89
1268
1909
1953
1909
1955
1954
1975
1975
1262
1037
1042
1043
1255
1255
1269
1031
1253
1260
1215
1200
1036
1037
1039
1031
1261
1214
1215
1202
1106
1034
1039
1030
1244
1216
1244
1227
1226
1212
1203
1107
1034
1035
1035
1030
1244
1247
1227
1212
1107
1114
1029
1032
1177
1206
1207
1114
1115
1099
229
1243
1243
1179
1178
1118
1112
229
1243
1243
1178
1178
1119
1118
1118
1099
1096
1101
1842
1845
1841
1858
1877
1877
1875
1875
2028
2029
25
1859
1863
1876
1874
2028
27
1845
1859
1857
1889
1872
1872
2043
2029
2029
29
1809
1854
1856
1900
1873
2042
2043
29
1809
1815
1890
1901
1893
2042
2037
2035
2038
1822
1907
1969
1969
1971
2033
1823
1822
1814
1969
1807
1971
2047
2044
2044
2034
1819
1821
1800
1968
1974
2044
2034
2035
1818
1818
1807
1957
1974
1975
1251
1908
1958
1961
1042
1042
1254
1262
1909
1908
1959
1954
1960
1038
1961
1044
1043
1043
1254
1263
1263
1911
1967
1967
1954
1038
1031
1255
1261
1910
1910
1036
1039
1031
1253
1208
1209
1213
1109
1034
1033
1024
1245
1245
1260
1208
1208
1212
1109
1034
1032
1029
1245
1245
1176
1109
1115
1029
1240
1182
1177
1176
1119
1114
1115
1090
1028
1241
1179
1176
1119
1117
1116
1099
1097
1241
1179
1183
1116
1091
1091
1091
1841
1841
1863
1863
1875
25
1840
1862
1864
1875
2030
27
1843
1866
1864
1874
1874
2026
26
29
1843
1854
1857
1893
1983
2031
1900
1901
1893
1983
1983
2027
1822
1855
1815
1804
1982
2047
2033
2033
2038
1823
1819
1822
1821
1806
1982
1979
2033
2035
1819
1821
1797
1805
1806
1807
1957
1971
2046
1251
1798
1797
1797
1800
1958
1957
1978
1985
1041
1799
1908
1958
1959
1961
1985
1040
1254
1262
1795
1966
1958
1045
1040
1253
1263
1192
1966
1967
1967
1026
1263
1192
1966
1110
1110
1080
1026
1211
1210
1111
1110
1083
1024
1027
1211
1210
1213
1108
1092
1033
1033
1025
1167
1213
1108
1092
1092
1027
1163
1157
1176
1180
1181
1117
1093
1089
1028
1163
1240
1156
1117
1095
1090
1089
1101
1241
1182
1156
1156
1183
1183
1119
1116
1091
1097
1096
1101
24
1842
1841
1862
1863
1885
1885
2030
2030
25
1861
1866
1865
1865
25
1843
1847
1867
1865
1884
2031
26
1853
1855
1861
1866
2026
2024
26
1851
1855
1982
1980
2027
2025
2024
2032
1854
1805
1804
1892
2046
1991
1851
1820
1821
1805
1806
1981
1979
2046
1991
1797
1964
1979
1985
1799
1793
1964
1960
1041
1251
1798
1796
1794
1965
1963
1962
1987
1045
1984
1041
1258
1795
1963
1962
1960
1044
1252
1259
1193
1193
1199
1962
1084
1080
1081
1047
1047
1166
1259
1190
1087
1087
1047
1046
1026
1166
1166
1211
1191
1151
1110
1083
1083
1082
1025
1164
1188
1188
1111
1149
1027
1164
1164
1174
1191
1181
1093
1093
1094
1025
1163
1146
1094
1088
1066
1163
1157
1180
1095
1088
1088
1156
1183
1175
1130
1095
1088
1101
1860
1869
1885
2022
2017
1719
1861
1868
1880
1885
2023
2022
2018
2030
2015
1853
1847
1884
2022
2026
2006
1853
1847
1892
2023
1852
1835
1835
1892
1980
2027
2025
1989
1989
1851
1851
1837
1837
1941
1980
2025
1989
1833
1792
1981
1981
2046
1986
1988
1828
1828
1799
1793
1964
1945
1978
1977
1987
1986
1991
1990
1251
1828
1793
1965
1964
1987
1251
1248
1794
1795
1963
1977
1250
1258
1195
1795
1086
1086
1081
1052
1047
1052
1055
1250
1195
1193
1198
1084
1086
1081
1052
1258
1252
1259
1199
1087
1083
1053
1166
1191
1190
1148
1148
1073
1082
1067
1071
1165
1189
1188
1190
1151
1149
1072
1067
1064
1164
1165
1167
1187
1151
1149
1066
1155
1158
1158
1174
1171
1147
1146
1121
1094
1126
1161
1155
1158
1158
1168
1170
1146
1121
1121
1125
1126
1100
1161
1159
1168
1168
1175
1175
1130
1130
1120
1120
1125
1718
1718
1860
1868
1868
1869
1881
1880
2019
2017
2015
2020
2019
2017
2013
1718
1719
1867
1871
1880
2023
2021
2018
2006
2012
1849
1852
1867
1940
1940
2020
2021
2012
1848
1852
1941
1937
1936
2021
2005
2007
1848
1848
1850
1837
1836
1837
1839
1936
2005
1988
1829
1833
1947
1945
2005
1990
1829
1829
1833
1792
1801
1801
1944
1990
1826
1793
1802
1977
1977
1995
1987
1993
1248
1194
1825
1803
1802
1993
1054
1055
1257
1257
1198
1976
1992
1054
1055
1461
1257
1195
1085
1052
1055
1458
1257
1256
1196
1087
1053
1071
1189
1082
1065
1071
1189
1187
1185
1075
1073
1082
1162
1187
1186
1151
1145
1073
1073
1067
1064
1160
1153
1171
1147
1144
1122
1123
1126
1102
1161
1161
1152
1159
1171
1173
1147
1131
1122
1126
1102
1103
1154
1170
1173
1131
1103
1713
1868
1870
1870
1881
1882
2019
2017
2011
2014
1716
1719
1715
1871
1880
2016
2015
1716
1727
1871
1883
2019
2006
2013
2013
1726
1834
1940
1942
1942
1937
2002
1848
1849
1726
1835
1930
1930
1940
1943
2000
2012
1850
1839
1832
1835
1931
1943
2005
2007
2000
1998
1829
1831
1838
1838
1832
1931
1945
2004
1998
1831
1826
1825
1935
1945
1946
1993
1826
1824
1802
1948
1947
1997
1048
1249
1249
1457
1825
1803
1948
1948
1992
1051
1048
1456
1457
1195
1803
1992
1049
1055
1459
1458
1196
1196
1197
1085
1062
1051
1049
1469
1196
1078
1075
1063
1063
1459
1459
1470
1469
1184
1185
1185
1079
1075
1074
1063
1063
1070
1462
1471
1469
1187
1184
1079
1060
1065
1059
1065
1462
1471
1422
1185
1150
1145
1162
1152
1434
1171
1145
1122
1123
1169
1169
1173
1122
1127
1124
1135
1154
1153
1169
1427
1173
1131
1127
1125
1102
1714
1715
1711
1870
1882
1882
1883
2011
1714
1715
1725
1725
1883
2010
2010
2014
1716
1724
1725
1707
1634
1634
1937
1717
1717
1727
1707
1930
1634
2001
1722
1726
1929
1938
1938
2003
2001
1839
1929
1929
1939
2003
1998
1830
1831
1839
1931
1939
1946
2007
1996
1999
115
1831
1827
1827
1935
1947
1946
1999
1694
1827
1825
1935
1949
1995
1997
1048
1452
1803
1949
1050
1456
1465
1445
1197
1948
1402
1051
1049
1456
1464
1455
1453
1359
1359
1458
1470
1464
1453
1079
1078
1078
1074
1057
1468
1185
1057
1070
1463
1471
1468
1061
1462
1422
1434
1141
1142
1139
1061
1068
1423
1423
1423
1433
1434
1435
1142
1142
1145
1139
1135
1068
1153
1172
1124
1135
1154
1154
1437
1424
1424
1427
1427
1129
1133
1103
1713
1713
1699
1711
1711
1543
1623
2014
1713
1714
1711
1710
1621
1621
2010
2009
1717
1725
1710
1635
1927
1926
1620
2001
2010
2008
1723
1723
1727
1635
2002
2002
1601
1721
1721
1722
1708
1602
1601
1601
1690
1928
1923
1939
1939
1938
2003
1602
1600
1670
1687
1687
1934
1934
1995
1994
1999
1694
1682
1682
1933
1925
1994
1996
1997
1050
1694
1686
1445
1950
1950
1403
1050
1456
1465
1445
1452
1932
1951
1951
1402
1402
1464
1465
1452
1451
1450
1359
1062
1056
1461
1467
1466
1455
1451
1358
1057
1470
1454
1454
1076
1076
1358
1077
1060
1062
1057
1058
1461
1463
1468
1454
1141
1060
1059
1463
1423
1418
1143
1061
1068
1433
1435
1142
1140
1139
1139
1129
1069
1408
1437
1433
1432
1425
1143
1138
1138
1129
1134
1069
1437
1425
1425
1426
1129
1133
1133
1134
1706
1697
1633
1632
115
1543
1623
1623
2009
1696
1709
1709
1633
1633
1621
1623
1712
1697
1697
1700
1635
1620
1541
2008
2009
1721
1723
1708
1689
1926
1927
1658
1603
1603
1603
1669
1723
1688
1927
1658
1602
1603
1601
1721
1670
1669
1688
1923
1606
1613
1669
1690
1668
1928
1922
1922
1923
1925
1612
1612
1674
1686
1687
1687
1922
1925
1619
1695
1695
1683
1682
1934
1933
1924
1994
1693
1695
1686
1682
1933
1951
1950
1403
1693
1695
1445
1403
1692
1692
1467
1467
1446
1444
1452
1451
1356
1354
1407
1405
1460
1467
1455
1448
1450
1382
1382
1460
1466
1417
1417
1448
1449
1449
1357
1357
1358
1390
1058
1414
1420
1418
1141
1141
1347
1077
1077
1390
1391
1059
1409
1419
1435
1490
1350
1388
1391
1423
1137
1137
1376
1134
1391
1409
1437
1433
1430
1429
1132
1069
1408
1436
1436
1439
1426
1426
1138
1128
1706
1699
1641
1543
1541
1539
1539
1622
1698
1697
1641
1632
1541
1605
1703
1701
1709
1632
1540
1604
1720
1700
1689
1689
1637
1604
1609
1665
1691
1921
1921
1658
1607
1610
1608
1671
1690
1691
1920
1921
1607
1608
1671
1670
1669
1684
1681
1617
1613
1610
1613
1674
1681
1920
1626
1626
1627
1619
1613
1679
1675
1683
1681
1933
1924
1401
1404
1693
1675
1441
1441
1446
1447
1367
1401
1400
1401
1392
1441
1447
1361
1400
1405
1475
1480
1446
1447
1361
1360
1407
1407
1503
1412
1480
1417
1440
1356
1356
1397
1382
1421
1346
1390
1384
1414
1421
1416
1495
1490
1351
1388
1386
1409
1419
1491
1490
1350
1347
1388
1387
1411
1411
1418
1419
1416
1430
1429
1350
1136
1137
1377
1438
1438
1438
1430
1429
1136
1376
1380
1408
1439
1439
1431
1431
1429
1136
1133
1706
1698
1641
1640
1636
1636
1541
1539
1536
1698
1698
1647
1647
1640
1636
1538
1538
1666
1667
1703
1701
1700
1647
1646
1637
1663
1605
1701
1647
1656
1657
1663
1604
1609
1667
1703
1691
1654
1659
1662
1607
1611
1665
1665
1650
1651
1655
1606
1611
1609
1678
1671
1678
1664
1651
1920
1618
1627
1617
1614
1679
1679
1674
1673
1684
1681
1627
1617
1675
1366
1367
1626
1617
1614
1442
1443
1367
1625
1396
1404
1443
1363
1361
1400
1405
1503
1503
1475
1475
1481
1481
1440
1362
1396
1406
1503
1480
1482
1363
1362
1356
1397
1397
1407
1412
1413
1483
1489
1346
1398
1385
1386
1420
1483
1489
1346
1344
1344
1345
1388
1389
1384
1386
1386
1415
1415
1488
1489
1491
1491
1351
1348
1389
1387
1491
1350
1348
1377
1380
1410
1410
1411
1431
1310
1379
1381
1381
1413
1428
1310
1379
1381
1704
1704
1643
1639
1638
1636
1542
1536
1537
1546
1755
1705
1645
1639
1638
1538
1537
1546
1547
1666
1702
1645
1656
1663
1547
1666
1667
1702
1702
1645
1644
1654
1656
1662
1747
1742
1654
1657
1663
1611
1665
1744
1749
1685
1650
1648
1655
1662
1615
1678
1749
1649
1648
1618
1618
1616
1616
1615
1673
1685
1787
1366
1625
1617
1614
1672
1673
1442
1680
1365
1366
1625
1625
1624
1392
1392
1500
1672
1791
1365
1629
1395
1395
1501
1502
1474
1474
1443
1363
1370
1367
1396
1393
1501
1475
1487
1476
1362
1368
1369
1360
1394
1498
1498
1487
1481
1477
1354
1399
1399
1399
1482
1482
1482
1477
1346
1385
1415
1413
1485
1355
1345
1398
1533
1488
1349
1377
1385
1532
1533
1514
1305
1304
1349
1383
1343
1410
1534
1535
1535
1515
1307
1311
1379
1383
1534
1515
1515
1307
1310
1308
1378
1378
1383
1758
1732
1642
1642
1643
1639
1542
1536
1705
1735
1643
1638
1590
1546
1755
1705
1735
1584
1661
1545
1753
1645
1585
1660
1661
1550
1547
1746
1747
1748
1742
1742
1655
1655
1657
1660
1745
1745
1747
1742
1651
1662
1611
1744
1744
1749
1748
1649
1649
1615
1677
1677
1787
1787
1628
1630
1630
1631
1676
1791
1786
1364
1373
1372
1629
1628
1631
1500
1791
1364
1364
1629
1393
1479
1479
1371
1370
1369
1395
1501
1474
1479
1375
1371
1370
1369
1395
1498
1486
1476
1368
1369
1399
1319
1499
1498
1487
1355
1353
1318
1318
1496
1513
1485
1485
1477
1352
1355
1352
1327
1319
1319
1497
1496
1533
1512
1305
1353
1349
1336
1532
1513
1514
1305
1305
1309
1309
1339
1339
1343
1343
1534
1535
1519
1306
1309
1308
1339
1531
1530
1306
1307
1307
1311
1311
1308
1378
1342
1758
1759
1732
1586
1590
1590
1590
1594
1595
1595
1537
1544
1758
1733
1587
1584
1595
1544
1545
1753
1752
1734
1735
1735
1585
1592
1550
1545
1753
1753
1731
1743
1740
1584
1551
1550
1550
1549
1746
1751
1743
1660
1573
1551
1549
1768
1747
1750
1750
1573
1548
1549
1774
1748
1784
1573
1572
1631
1677
1677
1774
1785
1787
1778
1373
1760
1761
1774
1373
1372
1628
1791
1785
1788
1374
1374
1583
1629
1582
1761
1473
1790
1375
1375
1583
1317
1764
1473
1472
1478
1479
1280
1583
1315
1317
1316
1496
1499
1486
1486
1478
1281
1371
1327
1316
1497
1353
1329
1330
1337
1318
1484
1512
1329
1329
1337
1327
1497
1528
1513
1291
1336
1339
1338
1531
1513
1505
1512
1282
1338
1531
1298
1296
1301
1341
1342
1531
1530
1519
1299
1341
1340
1757
1733
1586
1588
1559
1757
1759
1759
1732
1733
1733
1586
1588
1594
1593
1598
1558
1587
1592
1553
1553
1754
1754
1731
1730
1740
1585
1769
1751
1737
1776
1569
1573
1555
1549
1770
1751
1776
1569
1555
1563
1768
1771
1750
1778
1571
1574
1565
1775
1775
1784
1778
1778
1571
1571
1578
1578
1564
1564
1567
1763
1763
1785
1579
1579
1566
1567
1760
1761
1761
1775
1788
1583
1767
1374
1287
1583
1582
1765
1472
1295
1281
1280
1280
1317
1494
1295
1284
1315
1315
1316
1494
1484
1517
1289
1281
1283
1283
1330
1326
1516
1517
1289
1283
1331
1330
1323
1326
1325
1325
1528
1526
1517
1282
1282
1338
1322
1325
1529
1518
1505
1298
1297
1301
1334
1324
1528
1529
1529
1519
1519
1505
1298
1297
1296
1341
1342
1530
1519
1508
1508
1299
1299
1341
1653
1729
1593
1597
1559
1558
1757
1588
1589
1599
1593
1597
1597
1558
1756
1759
1731
1729
1591
1599
1598
1557
1557
1769
1754
1731
1730
1587
1591
1569
1554
1552
1553
1769
1770
1741
1580
1575
1770
1736
1737
1777
1776
1571
1575
1575
1555
1562
1771
1773
1773
1737
1777
1574
1561
1563
1763
1773
1782
1783
1781
1779
1578
1561
1565
1781
1781
1789
1577
1561
1567
1764
1781
1789
1579
1566
1566
1567
1760
1767
1767
1293
1293
1789
1313
1314
1765
1765
1293
1294
1287
1287
1284
1285
1521
1521
1295
1294
1285
1313
1313
1494
1522
1288
1332
1326
1325
1495
1522
1289
1331
1331
1333
1492
1527
1518
1516
1516
1289
1290
1291
1302
1335
1333
1322
1322
1526
1505
1291
1302
1302
1322
1507
1506
1511
1297
1334
1321
1320
1504
1509
1300
1301
1321
1321
1320
1652
1653
1652
1728
1596
1597
1559
1556
1728
1589
1589
1599
1556
1556
1739
1739
1731
1729
1557
1738
1739
1741
1581
1599
1554
1738
1739
1736
1741
1581
1568
1554
1580
1568
1574
1552
1562
1562
1771
1783
1782
1570
1561
1563
1773
1783
1777
1779
1772
1782
1570
1577
1560
1762
1762
1766
1779
1576
1767
1780
1292
1576
1577
1312
1313
1314
1493
1520
1293
1285
1314
1493
1520
1294
1286
1493
1521
1523
1290
1286
1328
1492
1522
1523
1523
1290
1333
1332
1328
1527
1335
1524
1524
1507
1507
1511
1335
1323
1525
1525
1511
1511
1303
1335
1524
1525
1506
1506
1509
1510
1303
1301
1334
