3520
132
1317
1141
1148
1149
138
141
134
31
1103
1108
140
40
38
38
45
47
45
1303
1131
1138
119
122
121
36
1076
1128
1105
1101
1102
155
121
109
1081
885
920
916
154
115
115
100
100
108
1077
920
916
909
376
373
100
943
943
975
915
369
370
370
366
379
248
249
230
105
946
944
939
974
972
368
380
270
227
1056
1053
937
938
940
966
333
380
272
274
269
228
1052
1055
2496
2348
2345
335
3159
2449
2498
2497
2349
2346
2339
3152
3205
2499
2494
2492
2350
3130
2458
2450
2483
2482
2353
2352
2357
3132
3134
3134
3214
2438
2451
2446
2381
3137
3137
3147
3133
3462
3464
3462
3464
2435
2439
2479
2382
2373
2371
3372
3393
3392
3460
3459
3456
2434
2435
2477
3352
3448
2558
2559
2228
2238
2201
3305
3304
3302
3449
3441
3443
3443
2541
2540
2580
2580
2238
2212
3441
2542
2579
2575
2577
2232
2240
2240
2239
3354
3350
3310
3312
3434
3433
1311
1310
1312
1319
1307
1319
1317
1145
1141
1147
1150
1148
1107
1111
1107
143
138
135
134
136
132
127
125
32
31
33
43
1312
1308
1317
1140
1139
1138
1139
1110
1110
140
143
148
146
136
136
132
39
33
35
32
47
1308
1296
1295
1303
1130
1129
1129
1104
1104
1108
1102
150
153
149
150
150
120
118
38
35
36
47
45
47
1080
1081
1080
1094
1131
1128
1103
1105
1102
164
156
154
120
122
111
40
102
98
109
1081
1085
1078
1078
1076
1095
885
918
918
911
913
153
911
155
112
101
101
97
104
109
1074
1078
884
885
945
920
916
920
908
361
359
363
377
377
374
373
112
249
97
107
108
106
107
1074
1074
1062
947
947
945
971
973
909
370
363
363
366
380
373
258
248
260
253
232
231
231
1057
1057
1060
946
944
943
973
963
964
368
369
365
366
259
259
270
266
230
224
230
1054
1054
1056
937
936
937
940
939
974
966
968
338
337
334
331
334
348
271
270
263
274
225
221
222
227
1052
1053
937
938
2360
968
2347
2348
2346
2339
3161
333
274
272
274
262
269
3118
222
228
3205
2456
2456
2501
2499
2498
2497
2491
2497
2359
2360
2350
2362
2349
2345
3159
3161
3159
3152
3161
3116
3118
3116
3120
3120
3118
3205
3207
2456
2455
2449
2490
2494
2491
2359
2362
2352
2355
2357
3157
3140
3140
3147
3145
3115
3134
3116
3215
3215
3209
3206
2459
2449
2451
2489
2492
2487
2364
2364
2357
3139
3140
3146
3147
3132
3130
3211
3130
3212
3216
3214
2457
2444
2483
2487
2383
2384
2373
2353
2370
2357
3137
3147
3390
3395
3387
3460
3464
3459
3464
2439
2434
2437
2445
2446
2485
2487
2480
2477
2381
2377
2375
3370
3369
3392
3395
3388
3462
2435
2438
2437
2445
2479
2480
2380
2377
2376
2375
2202
2202
3372
3372
3343
3393
3305
3305
3450
3448
3443
3457
3455
2554
2551
2552
2552
2559
2558
2576
2228
2380
2377
2207
2205
2201
3343
3352
3342
3343
3343
3450
3443
3438
2537
2542
2582
2552
2563
2580
2233
2235
2240
2211
2210
3353
3352
3350
3302
3312
3304
3310
3446
3441
3432
2540
2542
2582
2582
2584
2580
2576
2575
2233
2232
2240
2211
2212
3354
3312
3310
3433
3434
3435
3436
3431
3436
2541
1146
125
1312
1312
1319
1315
1145
1146
1152
1112
1112
1205
1111
1201
139
139
136
135
124
28
29
31
43
43
1310
1293
1307
1319
1305
1140
1304
1135
1136
1150
1136
1149
1121
1126
1110
141
145
149
129
129
125
39
29
54
52
50
1294
1296
1304
1132
1138
1133
1124
1126
1125
163
161
162
163
160
150
159
148
117
127
117
53
51
52
1085
1298
1297
1297
1084
1305
1133
1126
1101
164
153
157
119
118
57
98
56
94
51
95
1083
1085
1078
1095
1099
1094
882
892
880
918
911
913
359
375
375
115
115
111
102
98
93
109
1083
1078
881
882
891
885
891
916
908
363
376
382
257
253
105
106
1064
1062
954
892
972
964
361
370
382
260
384
258
251
253
239
1064
1064
1064
1059
952
954
954
952
949
975
971
337
340
366
379
383
349
255
256
253
267
225
225
232
242
1055
1050
1050
957
952
950
971
950
966
968
968
338
342
341
332
332
332
347
349
267
266
224
245
1049
2496
957
2320
2360
981
2341
2341
335
331
3154
347
262
3202
221
3204
2472
2472
2500
2500
2529
2320
2322
2334
2341
2339
3156
3153
3152
3153
3108
3109
3109
3120
3205
3200
3208
2460
2456
2470
2452
2489
2525
2364
2363
2362
2338
3155
3142
3149
3116
3113
3120
3130
3212
3208
3207
2458
2460
2453
2453
2450
2490
2483
2511
2511
2504
2364
2355
3136
3140
3145
3391
3126
3134
3132
3211
3216
3242
2459
2431
2444
2487
2390
2384
2370
2370
3137
3381
3369
3390
3386
3388
3453
3216
2442
2484
2485
2513
2383
2389
2389
2370
2366
3377
3381
3391
3383
3388
3460
3453
3457
2430
2553
2430
2437
2441
2480
2477
2480
2380
2382
2376
2377
2203
3374
2204
3373
3370
3345
3387
3448
3439
3456
3454
2553
2554
2551
2545
2563
2563
2561
2229
2245
2229
2204
2208
2203
3345
3347
3305
3449
3446
3439
3454
3455
2531
2535
2563
2577
2231
2236
2208
2208
2210
3347
3345
3347
3324
3326
3445
3446
3432
2538
2538
2537
2532
2535
2534
2584
2583
2584
2575
2573
2572
2231
2231
2236
2219
2210
2219
3350
3353
3315
3302
3312
3315
3307
3308
3425
3428
3435
3314
3308
3307
1315
1301
125
1311
1290
1315
1287
1315
1145
1147
1143
1154
1122
1154
1205
1202
1199
1198
219
145
128
174
28
2
2
5
1
2
8
50
1291
1289
1300
1266
1154
1152
1122
1207
1204
1197
1209
1198
210
146
129
4
3
9
1294
1298
1295
1268
1267
1267
1135
1115
1115
1126
1209
162
159
194
156
180
129
189
57
60
53
3
54
50
1293
1269
1276
1270
1270
888
1132
1115
1124
922
913
161
160
195
184
114
184
189
56
57
89
95
1085
1099
1099
888
890
923
923
932
387
157
390
183
63
66
65
94
93
1091
1092
1099
895
888
889
925
922
387
390
374
382
404
399
308
306
251
67
104
235
234
1087
1070
1062
1097
1097
1059
895
897
898
899
925
925
396
362
389
383
239
251
237
237
1071
1071
1070
1060
954
989
989
963
980
340
980
341
352
384
344
256
255
244
239
246
242
235
1046
1050
1069
956
959
961
949
987
987
982
982
342
340
354
345
263
265
244
246
241
1047
1046
1047
957
1050
2317
2321
2321
2334
2343
2342
352
354
354
348
3108
3111
265
3201
3193
3195
3194
2474
2474
2501
2528
2320
2336
2335
2334
2342
2343
3172
3150
3154
3150
3113
3112
3201
3199
3197
3202
3209
2472
2470
2452
2525
2506
2335
2332
2332
3156
3173
3157
3175
3149
3113
3124
3113
3123
3199
3200
3198
3198
2470
2469
2510
2503
2315
2404
2364
2404
3155
2331
3164
3164
3143
3142
3127
3127
3123
3228
3228
3242
3240
2428
2425
2424
2513
2511
2503
2391
2391
2369
3376
3143
3379
3384
3384
3242
3243
3418
2432
2430
2422
2432
2441
2515
2389
2390
2386
2387
2367
2367
3376
3381
3380
3383
3405
3407
3453
3418
3418
2556
2431
2545
2442
2544
2545
2513
2568
2243
2243
2387
2387
2366
3373
3381
3386
3388
3322
3418
2547
2545
2570
2561
2566
2570
2245
2207
2205
2225
2222
3374
3335
3324
3326
3325
3446
3438
2556
2549
2535
2549
2565
2568
2247
2247
2235
2226
2224
2222
3338
3339
3347
3326
3322
3326
3427
3427
2532
2531
2535
2548
2584
2572
2247
2246
2236
2249
2219
2219
2217
3340
3315
3315
3319
3318
3318
3319
3424
3425
3429
3429
2573
3424
1284
1291
1287
1287
1260
1300
1260
1143
1154
1165
1205
1202
1201
1200
1200
208
173
175
174
15
177
4
8
2
11
1291
1290
1301
1267
1289
1262
1121
1166
1205
1208
1209
1208
1209
1199
212
208
179
179
180
190
5
10
12
1272
1291
1266
1264
1262
1117
1119
1118
1207
1169
212
212
209
196
197
207
191
191
60
59
25
10
9
1275
1277
1273
1268
1250
1116
1119
1177
193
196
182
198
191
60
65
87
88
1088
1092
1277
1089
1269
998
906
889
890
929
930
930
934
194
195
184
402
404
184
306
63
67
65
72
84
84
1091
1087
1090
1088
1090
1097
895
906
904
901
926
933
388
390
390
400
403
307
306
304
63
66
294
234
299
1066
1067
1089
895
998
897
899
898
927
397
397
395
394
409
400
399
307
308
294
303
292
235
1067
1069
959
897
961
989
984
396
345
327
329
294
239
242
1069
1016
1012
1012
961
961
989
987
980
978
435
351
352
356
344
328
328
265
244
242
245
1016
1014
1011
959
2527
2318
985
981
978
977
439
352
356
356
356
3106
3105
324
3221
325
325
277
3192
2474
2474
2462
2526
2528
2318
2322
2327
2336
2332
3185
3173
3170
3171
3171
3103
3104
3111
3218
3223
3194
3195
2465
2465
2467
2525
2529
2508
2315
2327
2324
2325
3163
3172
3170
3123
3222
3222
3219
3226
3197
3225
3237
2470
2467
2467
2424
2511
2520
2506
2507
2506
2507
2418
2332
3168
3166
3166
3125
3126
3230
3226
3225
3239
3233
3239
2428
2421
2427
2425
2514
2504
2403
2404
2401
2402
2401
2393
3164
3357
3379
3405
3404
3230
3228
3409
3244
3244
3240
2428
2422
2514
2405
2398
2394
3377
3360
3381
3365
3398
3405
3409
3408
3473
3422
3421
3420
2596
2593
2587
2549
2569
2568
2274
2386
2396
2395
2395
2393
3367
3364
3367
3362
3397
3397
3407
3407
3421
3422
3413
2593
2547
2587
2549
2570
2269
2270
2254
2253
2226
2222
3365
3336
3336
3324
3322
3412
3414
3415
3415
3417
2603
2600
2632
2570
2566
2264
2247
2252
2252
2226
2226
2224
2222
3338
3338
3317
3412
3414
3412
3429
2604
2602
2632
2630
2630
2565
2263
2263
2250
2250
2249
2215
2217
3340
3339
3317
3317
3504
3428
3429
2627
1227
11
1279
1280
1227
1287
1229
1259
1163
1167
1162
1158
1165
1165
1188
1188
1188
1186
1186
219
173
176
14
17
19
14
24
22
8
1284
1284
1284
1229
1260
1260
1162
1167
1166
1184
212
208
208
173
175
190
176
15
26
26
12
1282
1218
1211
1263
1263
1262
1118
1117
1172
1174
1170
1179
210
200
201
187
187
60
79
69
88
1273
1245
1272
1246
1248
1250
1250
1250
1264
1255
1119
1172
1169
1176
1178
1177
193
198
191
204
77
79
70
86
1275
1275
1276
1244
1248
1001
906
932
932
387
197
205
403
187
74
74
72
88
84
1020
999
1000
1002
906
904
930
1542
933
392
393
407
404
404
311
76
315
72
74
292
1067
1028
1023
1000
902
927
926
393
393
395
410
411
311
311
303
314
314
294
290
292
298
1066
1040
994
992
894
991
902
1545
1544
978
409
416
434
414
414
327
327
317
290
289
280
278
279
1015
1014
1012
1007
1007
984
978
434
418
421
329
420
421
318
324
276
276
279
1016
2463
1012
1005
2317
1548
2318
985
439
435
423
3094
422
3095
3105
3269
277
3192
1927
2463
2462
2526
2314
2312
2329
2327
2328
438
3184
3098
3099
3097
3106
3104
3269
3223
3221
3280
3193
3192
1930
1930
1929
2467
2517
2527
2522
2522
2311
2314
2311
2325
2324
3185
3189
3175
3099
3102
3103
3219
3218
3236
1930
2465
2423
2520
2522
2419
2402
2401
3164
3167
3166
3125
3124
3230
3230
3226
3234
3235
3235
3232
2428
2517
2518
2508
2417
2408
2403
2394
3181
3168
3356
3357
3101
3409
3243
3233
3232
2597
2597
2589
2423
2615
2515
2275
2274
2397
2417
2397
2394
3359
3363
3405
3409
3472
3473
3486
3420
2595
2592
2588
2590
2590
2625
2616
2273
2274
2272
2273
2272
2254
2396
3359
3360
3362
3402
3400
3475
3475
3476
3420
2592
2610
2603
2587
2621
2625
2270
2270
2277
2293
2226
3367
2287
3335
3363
3400
3477
3477
3501
3483
2604
2604
2600
2635
2628
2265
2267
2265
2253
2254
2307
2288
2214
3331
3329
3499
3499
3505
3503
3413
2604
2600
2632
2602
2632
2635
2627
2630
2628
2263
2266
2309
2309
2307
2214
2215
3330
3332
3333
3331
3328
3329
3505
3504
3515
3515
3514
3328
1280
1279
1232
1229
1227
1225
1229
1225
1163
1159
1160
1160
1193
1186
219
219
217
167
177
19
17
19
19
22
24
22
720
1217
1282
1232
1231
1256
1253
1157
1156
1157
1156
1159
1180
1188
215
167
170
170
169
17
26
741
740
1218
1217
1244
1219
1257
1255
1257
1173
1170
1181
1184
1178
215
215
214
170
187
80
25
26
88
739
1218
1221
1246
1241
1240
1257
1173
1172
1181
1179
1568
815
215
201
200
203
203
81
79
81
70
87
737
1030
1245
1019
1018
1243
1002
1243
1712
904
1585
1586
929
934
1569
1571
407
402
205
204
77
80
69
478
479
86
1030
1021
1021
1020
998
1001
1713
1583
1587
1571
1571
392
406
407
407
310
311
312
76
74
301
298
476
1022
1022
1023
999
991
901
1552
1552
1541
1541
416
409
411
410
313
315
304
290
297
299
1040
1040
1044
1043
994
992
1550
1551
1545
1542
430
431
417
413
413
322
318
320
290
278
285
1041
1016
1007
1004
1004
1547
1547
1561
1563
1544
432
437
430
424
422
322
322
319
297
282
1014
1927
1009
1008
1008
2174
1005
2174
1548
1564
1564
439
439
437
437
432
425
423
3095
3269
317
3299
280
1926
1935
1927
1964
2520
2177
2312
1565
2328
3188
3187
427
3187
3094
3247
3285
3297
1930
1927
1935
1936
1975
2522
2178
2176
2329
2181
3188
3186
3189
3098
3097
3102
3271
3271
3267
3270
3263
3280
3236
3285
3237
1974
1979
2518
2415
2415
2419
2412
3182
3180
3179
3101
3102
3271
3264
3273
3234
1968
1967
2618
1979
1978
2518
2415
2418
2407
2411
2410
2411
3181
3167
3267
3262
3487
3274
2597
2597
2618
2616
2280
2408
2410
3360
3360
3398
3401
3401
3487
3487
3491
3480
2595
2596
2589
2615
2613
2624
2614
2274
2281
2277
2300
2299
2398
2291
2958
3363
3400
3402
3467
3472
3473
3476
3484
3484
2611
2607
2607
2588
2620
2625
2625
2269
2279
2277
2299
2293
2291
2969
3367
2947
3475
3470
3469
3501
3483
3517
3482
2611
2610
2634
2621
2637
2264
2298
2309
2293
2295
2287
2968
2290
2948
2946
3498
3495
3505
3503
3518
3517
3519
2609
2609
2635
2638
2639
2639
2266
2260
2267
2309
2307
2286
3333
2288
3332
2945
3329
3498
3496
3505
3519
3515
2262
1224
1192
1215
1232
1232
1225
1535
1252
1421
1157
1158
1191
1192
1183
216
217
166
167
746
748
744
726
727
719
719
1212
1211
1236
1234
1236
1234
1256
1253
1422
1180
1194
1195
808
823
167
822
758
761
727
724
725
740
720
1222
1220
1222
1220
1236
1429
1174
1367
1370
1372
809
824
813
824
170
820
760
762
760
736
741
739
1221
1238
1239
1240
1241
1239
1255
1584
1594
1371
817
817
813
758
762
736
1030
1025
1238
1715
1713
1712
1584
1585
1576
1569
1568
592
815
619
812
624
77
478
480
476
475
1026
1026
1030
1019
1018
1714
1717
1587
1583
1586
1575
1590
1580
1573
595
620
624
622
622
313
540
480
479
1028
1028
1731
995
1716
1716
1552
1576
1573
597
657
612
312
629
297
301
1043
1042
1033
1032
995
1729
1757
1552
1545
1554
430
416
417
659
643
322
283
285
283
287
286
285
1042
1041
1044
1032
1754
1550
1557
1559
1562
431
418
425
645
641
320
282
286
287
1933
1932
1950
1009
1963
1961
2173
1755
2174
1562
1563
1566
1566
428
428
424
3085
640
3085
3257
3290
3292
3299
3298
3299
1937
1932
1963
1933
1965
1965
1964
1960
2174
2176
2183
2198
2181
3027
427
3187
3090
3084
3085
3254
3255
3291
3290
3291
3297
3299
1935
1937
1958
1954
2178
2176
2199
3179
3090
3091
3246
3092
3253
3285
1967
1936
1972
1974
1975
1957
2177
2182
2181
2150
2150
3182
3180
3088
3092
3088
3271
3260
3259
3262
3264
3264
3276
3277
1968
1972
1972
1979
1977
2164
2415
2162
2157
2412
3042
3087
2932
3088
3267
3259
3264
3278
3274
3273
1844
1843
1979
1977
2614
2161
2278
2164
2407
2037
2156
2408
2410
2956
2957
2934
2939
3466
3489
3490
3491
3480
1844
1855
2613
2623
2623
2160
2279
2281
2280
2300
2294
2294
2291
2957
2958
2936
2937
2940
3466
3467
3486
3482
1857
2606
2623
2259
2258
2302
2291
2295
2967
2968
2948
2937
3470
3469
3470
3482
3508
1867
1869
2607
2607
2620
2305
2298
2298
2288
2969
2945
2946
2705
3496
3495
3517
3510
2609
1868
2635
2637
2639
2637
2638
2257
2303
2304
2288
2284
2954
2955
2953
2953
2944
2944
2703
2695
3493
3494
3518
3510
1865
2304
3515
1189
802
1214
1214
1234
1535
1535
1418
1422
1420
1419
1191
1193
1411
1195
803
800
799
745
748
744
723
717
723
726
717
1212
1215
1236
1537
1535
1421
1429
1425
1194
1425
1183
1411
806
810
809
808
748
822
748
725
724
1473
1219
1530
1534
1523
1428
1367
1367
1370
806
810
810
816
823
757
760
758
769
761
732
730
739
1472
1480
1483
1524
1525
1523
1592
1367
1594
1373
1374
1371
817
817
777
813
819
769
768
767
734
767
734
737
1475
1482
1484
1731
1707
1707
1706
1593
1593
1594
1594
1578
1372
592
593
813
631
627
478
476
472
1475
1025
1484
1709
1714
1715
1710
1590
1579
1577
1579
1577
595
596
609
624
620
622
630
631
540
469
476
1035
1035
1726
1728
1729
1717
1710
1710
1583
1575
1573
595
658
619
609
624
613
613
538
540
470
471
1036
1037
1035
1033
1748
1758
1759
1741
1559
1580
659
659
657
642
642
482
485
1037
1036
1748
1748
1759
1755
1557
1559
1555
650
648
650
643
657
645
615
487
486
1951
1947
1961
1961
1755
1754
1557
1559
1561
1565
1554
1626
1555
647
648
3085
3250
3250
3256
3288
3290
3295
1950
1947
1963
1954
2185
2197
2195
2199
3036
3032
3082
3081
3247
3255
3256
3292
3295
1944
1943
1958
1958
2182
2183
2195
2195
2198
3027
3035
3034
3033
3033
3090
3081
3254
3257
3252
3283
3282
3283
3285
1943
1975
1970
1979
1970
1954
1956
2155
2155
2149
3043
3044
3039
3088
3091
3260
3263
3278
3276
1940
1972
1955
2161
2162
2157
2156
2150
2150
3042
3042
2922
2927
2923
2714
2810
3491
2809
3277
2809
1848
1848
1846
1846
1853
1854
2160
2171
2157
2036
2036
2037
2956
3050
2934
2932
2941
2939
2941
3489
2714
2712
2712
2659
2664
1858
1843
1852
1854
2160
2089
2089
2040
2962
2961
2934
2939
2710
2709
3490
2654
3480
1858
1857
1853
1855
2071
2088
2258
2302
2089
2047
2046
2040
2960
2967
2947
2936
2937
2702
2707
2654
3508
2664
1869
1869
1867
1868
2068
2259
2067
2260
2070
2080
2052
2052
2050
2965
2951
2950
2953
2950
2703
2705
2706
3494
3512
3508
1865
1865
2064
2064
2065
2257
2257
2080
2303
2305
2054
2286
2049
2284
2050
2284
2955
2954
2943
2944
2944
2696
2707
2697
3493
2697
3511
3512
3512
3512
3511
803
723
1510
1531
1532
1539
1539
1418
1419
1420
1413
1415
1415
1410
802
799
755
754
754
750
744
751
744
722
723
699
716
1532
1531
1537
1539
1427
1429
1425
1411
805
1411
806
801
801
818
753
746
753
743
765
691
716
687
1472
1530
1530
1537
1518
1525
1429
1425
1365
778
772
806
771
772
771
810
820
753
764
732
730
693
1473
1483
1479
1528
1521
1520
1524
1523
1427
1365
1374
778
781
794
769
765
767
769
732
734
730
1475
1476
1484
1479
1482
1484
1721
1720
1707
1592
1589
1373
778
593
777
586
586
610
627
542
734
729
473
1477
1477
1731
1727
1722
1722
1707
1709
1719
1590
1590
1640
1642
1578
1641
596
607
630
631
631
541
542
473
470
472
1476
1699
1726
1719
1746
1741
1649
1648
1649
1640
1624
597
659
602
589
609
612
606
629
538
469
469
471
1704
1702
1727
1751
1757
1759
1741
1649
1628
1624
652
658
654
655
641
638
617
614
614
485
485
492
490
1702
1702
1752
1759
1633
1633
1628
1628
1625
651
650
651
638
636
633
634
615
634
486
487
490
490
1949
1948
1896
1750
1758
1745
1627
1626
647
648
640
3250
3288
3294
3288
3295
1948
1947
1951
1949
1889
1892
1917
2185
2192
2190
2197
2188
2199
3037
3037
3065
3063
3082
3249
3250
3252
3253
2829
2826
3295
1941
1942
1944
1889
1887
1920
1917
1917
2153
2192
2195
2199
3036
3035
3032
3065
3058
3246
2813
2813
2827
2831
2830
1942
1941
1920
1955
1924
2152
2151
2155
2147
3049
3044
3040
3040
3055
2923
3056
2922
2772
2812
2813
2828
2810
2828
1939
1848
1847
1940
1970
1956
1923
2171
2166
2146
2146
3051
3049
3047
3043
3049
3039
2920
2919
2925
2927
2815
2807
1848
1768
1851
2169
1777
2169
2169
2167
2167
2039
2147
3051
3050
2932
2934
2920
2925
2927
2927
2714
2714
2657
2659
2657
2666
1860
1850
1851
2074
2087
2087
2085
2089
2046
2043
2040
2960
2961
2930
2929
2940
2712
2659
2666
2664
2666
1862
1860
1861
1840
1850
2073
2075
2075
2078
2085
2047
2044
2061
2045
2965
2962
2929
2875
2709
2710
2652
2654
2651
1861
1862
1839
1841
2066
2071
2068
2081
2080
2053
2052
2050
2965
2867
2877
2879
2702
2705
2650
2650
2650
2651
1865
1827
1869
1839
2064
2066
2067
2082
2082
2053
2054
2049
2965
2951
2877
2879
2696
2700
2699
2699
2695
2647
2648
1508
1509
1495
1506
1497
1418
1401
1413
1415
1415
800
787
799
755
751
664
663
700
695
1511
1510
1527
1539
1516
1400
1401
1396
1399
1413
1406
1406
789
784
788
879
750
665
689
699
698
1527
1528
1518
1518
1518
1397
1394
1397
1363
1370
780
780
785
792
872
712
713
714
693
702
1465
1520
1362
1349
1351
782
782
796
794
792
872
764
712
712
703
702
703
692
1463
1461
1461
1480
1459
1521
1331
1362
1363
1353
781
579
588
794
792
627
627
626
709
541
442
1458
1459
1723
1721
1720
1733
1645
1645
1640
1351
1638
602
603
587
586
610
538
452
442
1700
1700
1695
1724
1724
1738
1736
1645
1647
1646
1641
1642
600
604
602
590
590
607
606
607
545
542
450
451
1704
1700
1692
1699
1752
1738
1738
1646
1648
600
655
655
617
496
544
518
549
491
483
491
1704
1704
1750
1750
1751
1740
1740
1745
1745
1628
1624
654
638
633
482
483
494
492
1894
1895
1896
1896
1896
1913
1743
1745
1633
1635
3071
652
3063
636
2847
2850
3287
493
2852
490
1888
1889
1892
1892
1915
2190
2188
2187
3028
3077
3063
3065
3061
2783
2850
2851
2826
1885
1889
1924
1924
1922
1917
2190
2192
2188
2188
3029
3068
3065
3061
3057
2772
2772
2813
2827
2830
2831
1939
1884
1920
1920
1921
2152
2151
3030
3027
3047
3046
3054
3056
3058
2923
2776
2775
2814
2829
2822
1772
1769
1776
2153
2140
3047
3047
3002
3055
3005
2916
2774
2806
2814
2806
1768
1779
2171
1779
2171
2166
2139
2084
1996
2919
2920
2917
2917
2925
2916
2731
2730
2659
2657
2662
1860
1761
1851
1777
2074
2077
2085
2042
2042
2998
2905
2930
2912
2881
2730
2655
2662
2661
2666
1823
1822
1841
2073
1841
2016
2077
2085
2045
2061
2044
2040
2907
2870
2870
2875
2875
2882
2882
2734
2719
2652
2641
1827
1825
1839
1840
1837
2018
2065
2070
2018
2015
2081
2059
2059
2057
2061
2871
2870
2868
2879
2883
2884
2884
2883
2720
2721
2719
2645
2648
2642
1826
1827
1827
1837
2063
2012
2009
2056
2056
2059
2872
2868
2872
2865
2877
2879
2700
2721
2720
2647
2644
2057
849
1504
1507
1509
1495
1495
1496
1496
1376
1400
1378
1408
1407
787
849
787
830
830
846
826
827
665
663
696
697
695
1507
1497
1515
1486
1401
1397
1401
1399
1381
1408
1406
849
788
827
664
684
700
689
698
1466
1511
1506
1516
1514
1487
1514
1394
1396
1358
1358
789
784
875
791
875
879
714
691
697
693
1468
1466
1465
1432
1450
1514
1394
1332
1359
1348
1360
1359
1352
1360
780
785
796
796
875
792
872
878
872
713
709
705
705
1463
1462
1461
1452
1332
1324
1348
1352
1351
582
579
583
796
870
870
710
710
447
448
705
442
443
1694
1455
1723
1734
1734
1645
1325
1349
1638
579
604
580
587
588
589
572
526
545
547
451
450
1694
1695
1693
1738
1660
1661
1733
1637
1638
599
600
603
576
574
572
497
497
545
544
548
450
452
1696
1693
1697
1668
1658
1736
1630
1631
1647
1618
1638
600
555
575
575
574
500
514
549
549
549
462
454
1895
1871
1743
1669
1631
1630
1619
1620
1619
1616
555
568
638
514
513
517
462
493
1894
1891
1912
1669
1743
1665
1635
2112
1635
2111
1617
3071
1617
1621
3077
3079
3078
510
2778
509
2848
2848
2847
2851
2852
494
1877
1892
1912
1665
2116
2111
3067
3078
3077
3060
2779
2783
2850
2782
2859
2818
1884
1885
1900
1903
1901
1899
1915
1915
2102
2113
2192
2114
2114
2133
3030
3067
3068
2781
3061
2778
2782
2857
2855
2824
2818
1771
1770
1902
1901
1921
1922
2101
2142
2133
3029
3028
3054
3003
3054
2781
3057
2802
2775
2815
2824
2822
1771
1770
1784
1779
2144
2143
2144
2137
2999
3003
2776
2769
2816
2807
2822
2817
1769
1772
1765
1768
1765
1764
1779
1992
1990
2144
1994
2139
1997
2140
3020
3020
2999
3001
3002
3006
2914
2774
2774
2817
2764
2662
1762
1762
1775
1775
1991
1991
1995
1998
1999
2043
3019
2998
3024
2913
2914
2912
2731
2735
2662
2690
2689
1822
1761
1809
1832
1837
2015
2078
1996
2061
2903
2903
2904
2903
2904
2885
2912
2881
2723
2733
2735
2734
2733
2676
2689
1836
1823
1837
2019
1832
2020
2020
2032
2895
2867
2865
2886
2864
2886
2719
2717
2679
2642
2645
2675
1825
1817
1817
1834
2013
2013
2012
2008
2009
2033
2031
2895
2871
2865
2865
2873
2717
2716
2717
2717
2644
2645
2641
1834
1493
829
1504
1502
1492
1492
1377
1379
1380
1378
1403
1404
851
851
847
846
830
826
835
686
669
669
672
1508
1502
1503
1502
1487
1392
1383
1380
1383
1387
1384
1407
844
839
840
830
877
879
686
686
671
696
1441
1431
1431
1435
1487
1394
1392
1386
1386
1358
1387
1356
840
839
875
877
878
879
707
693
1432
1454
1451
1323
1325
1337
1336
1356
861
860
858
867
710
674
707
707
1463
1463
1456
1451
1330
1330
1331
1323
1324
1353
583
582
857
856
870
443
1682
1685
1456
1660
1452
1660
1328
1342
581
581
580
527
528
526
530
448
447
445
1679
1683
1686
1686
1662
1661
1658
1667
1605
1605
1597
552
572
500
499
547
466
465
466
1697
1692
1662
1669
1607
1606
1621
1612
551
551
554
554
574
571
569
500
496
548
503
462
464
466
465
1696
1878
1875
1668
1667
1610
1618
1616
1620
1612
555
569
576
512
513
514
517
455
454
1882
1878
1872
1669
1665
1609
3072
3079
2788
510
514
517
2858
455
2845
1877
1902
1908
1913
1899
2116
2112
3072
3070
3070
3074
3075
3075
2779
2783
2859
2859
2857
2859
2841
2844
1882
1903
1900
1908
1906
2101
2113
2133
2975
2975
3074
3061
2800
2783
2771
2855
2824
2840
1798
1800
1784
1906
1905
2102
2128
2142
2137
2137
2974
2984
2996
2996
2800
2804
2803
2768
2855
2854
2855
2824
1798
1800
1784
1906
2127
2143
2144
2135
3020
2999
3001
3006
3005
2769
2767
2768
2816
1812
1765
1774
1765
1775
1990
1992
2125
2135
2135
3020
3022
3024
3001
3023
3008
3009
3010
2753
2767
2769
2765
2765
2693
2764
2692
1813
1814
1810
1775
1990
1994
1999
1998
3024
3024
2902
2905
2914
2913
2735
2735
2694
2691
2691
1810
1816
1814
1810
2019
1988
1988
2016
1995
1997
3015
2907
2898
2914
2885
2749
2724
2685
2678
2676
2690
1819
1817
1832
1830
2020
2020
2030
2028
2900
2897
2897
2896
2861
2723
2724
2727
2680
2679
2669
1820
1820
1834
2011
2011
2008
2029
2034
2034
2032
2033
2023
2896
2889
2740
2739
2739
2726
2672
2673
2668
2862
1379
1504
1493
851
851
847
847
833
833
682
835
835
684
686
672
669
1504
1488
1488
1376
1389
1385
1384
1403
842
843
832
837
684
677
668
671
1437
1438
1486
1448
1392
1390
1336
1355
1346
843
860
874
679
679
675
1442
1441
1442
1439
1449
1330
1339
1322
1344
1356
861
854
868
674
707
1440
1440
1454
1455
1449
1322
1322
1342
1356
865
858
856
857
868
534
535
444
1681
1681
1685
1447
1328
1327
1603
1342
1342
562
526
531
528
530
444
1683
1679
1687
1654
1655
1657
1657
1605
1606
1607
1603
552
562
561
527
503
466
464
1679
1690
1673
1676
1607
1597
558
569
567
572
503
462
1678
1654
1674
1674
1610
1614
1614
565
568
505
505
517
457
459
1880
1881
1871
2095
2095
2108
2105
1612
565
565
2790
569
509
2795
512
2843
459
1882
1882
1872
2099
2099
2109
2109
2981
3070
3075
2787
2787
2788
2794
2858
2845
2844
1797
1796
2100
2107
2106
2975
2982
2978
2800
2796
2804
2794
2840
2841
1795
1800
1800
1910
1786
1910
1906
2100
1782
2972
2975
2972
2996
2977
2800
2804
2803
2834
2838
1789
1788
1786
1782
2129
2128
2123
2137
2987
2987
2984
2985
2994
2752
2769
2752
2760
2836
2836
1791
1793
1786
2130
2119
3022
3012
2989
3010
3008
2752
2754
2760
2760
2694
2692
1813
1810
1987
2004
2005
3017
3016
3023
3009
2910
2748
2755
2687
2693
1807
1806
1809
1982
1988
2002
2002
2005
3014
2898
2909
2910
2747
2728
2685
2678
2685
2675
1819
1988
1981
2030
2006
3015
2889
2892
2891
2862
2738
2728
2678
2671
2680
2671
1820
1830
1829
2011
2027
2900
2888
2889
2861
2741
2740
2726
2673
2672
2668
2027
1500
1490
1377
1385
681
670
1500
1404
836
679
1435
1435
1390
1339
853
1337
1346
862
858
677
668
1439
1655
1321
863
858
867
533
1449
1344
865
534
445
1682
1688
1327
1602
560
500
524
524
458
1652
1673
1676
1672
1603
1596
558
562
505
503
521
1875
1690
2094
1675
1600
506
1874
2095
1614
507
2845
459
1880
2097
2098
2106
2980
2790
2785
2793
1897
1910
2098
2098
2108
2123
2971
2982
2804
2796
1796
2985
2978
2994
2799
2802
2758
2756
2838
1782
2123
2119
2989
2762
2838
1786
2125
2121
2989
2994
2753
2761
1807
1793
2002
3016
2909
2748
2761
2687
1807
1803
1985
2006
3017
2893
2749
2747
2687
2687
1807
2004
2025
2891
2738
2727
1830
2006
2742
2671
1500
832
836
682
844
1454
1448
1338
674
562
523
524
1681
1687
1598
1676
459
1609
457
2845
1908
2843
1910
1796
2107
2980
2796
2972
2793
2130
2838
2755
1791
3013
2749
2747
2742
2682
2027
2023
833
681
842
682
1438
1389
668
863
535
1341
1447
1322
531
1652
561
507
502
2095
2105
2981
2834
1781
2129
2758
2758
1812
3012
2991
2126
3013
2683
2121
2893
2910
1985
2006
2892
2744
2726
2669
1489
837
1335
853
854
679
1437
862
1603
533
1653
524
521
1679
1671
1614
1596
567
1600
2105
2980
2977
2987
2989
1791
2991
1981
2745
2682
1982
2891
2741
1490
1335
1346
842
677
1338
1346
1449
519
1688
1653
560
521
506
1875
1875
1600
2785
2795
2839
1795
2097
2972
1788
2126
2122
1789
1793
2121
2754
1985
1803
1803
2025
2889
2738
1489
1335
3178
3178
662
1434
1434
1470
3281
1445
775
775
519
1671
1651
1672
2092
521
2092
2786
2091
2091
2786
2797
2103
2793
2992
2992
1470
2983
2762
2837
2745
1806
1805
1984
2744
2683
1985
2025
1512
1468
3178
774
662
662
3281
3281
1445
774
1445
2117
2179
2117
1469
558
2158
2021
1467
91
2241
2022
41
2820
1805
2820
90
2131
295
