1840
503
244
444
439
440
489
490
504
608
385
386
491
576
575
575
606
603
604
230
437
437
509
502
512
584
238
375
373
376
373
510
509
664
235
375
359
377
515
515
516
669
668
665
237
361
364
363
515
558
668
368
361
367
363
551
550
552
550
559
674
674
661
663
324
368
338
371
372
552
557
687
662
320
320
344
337
338
372
574
557
689
688
686
662
319
320
1758
1822
1823
573
1067
1754
1759
1758
1824
1824
1823
1066
1132
1754
1771
1770
1812
1128
1762
1755
1773
1772
1811
1817
1816
1043
1042
1128
1133
1614
1753
1753
1782
1051
1050
1054
1040
1095
1098
1098
1098
1616
1614
1621
1782
1787
1024
1023
1053
1041
1094
1093
1093
1616
1615
1696
1021
942
1617
1630
1698
1704
1022
941
943
941
942
922
920
924
1633
1633
1630
1629
1704
1015
922
1631
1624
1626
1700
1698
1705
1705
1013
1014
1017
934
935
922
928
250
250
249
249
249
246
444
443
439
443
439
440
383
383
489
489
493
503
503
507
580
577
580
609
609
608
606
250
245
244
434
435
436
443
386
383
490
494
492
506
504
507
503
576
609
605
607
604
250
232
231
238
434
436
381
386
386
384
386
492
497
491
492
510
509
502
575
583
584
604
605
604
230
235
239
238
437
374
374
376
376
496
500
514
510
512
670
583
670
584
664
236
236
236
240
239
241
390
375
374
377
377
497
377
497
512
670
668
665
665
667
236
236
237
360
360
361
365
365
364
546
495
547
514
559
514
516
669
672
661
667
666
667
667
327
323
325
324
325
330
361
362
362
551
549
550
559
557
559
556
672
684
673
662
661
662
321
323
324
343
368
368
371
370
362
551
552
552
549
557
687
687
684
674
678
681
322
322
321
344
344
343
338
338
372
372
371
565
565
574
574
574
568
689
687
685
689
678
679
681
681
322
319
344
337
1822
370
1821
1824
1824
1818
1067
574
688
689
689
689
686
1121
678
681
1132
1763
1764
1756
1758
1759
1758
1770
1767
1767
1811
1822
1813
1824
1824
1067
1069
1068
1066
1067
1046
1045
1046
1046
1045
1121
1134
1131
1763
1765
1754
1755
1771
1770
1770
1812
1812
1817
1816
1069
1068
1069
1068
1044
1044
1042
1043
1130
1134
1133
1131
1761
1755
1762
1773
1773
1780
1772
1817
1817
1050
1050
1054
1043
1044
1129
1129
1128
1096
1133
1097
1762
1613
1773
1772
1783
1784
1784
1817
1814
1814
1024
1054
1055
1040
1040
1094
1097
1096
1098
1614
1615
1614
1622
1622
1623
1620
1621
1621
1784
1786
1787
1051
1052
1052
1041
1100
1095
1616
1616
1611
1617
1620
1621
1697
1788
1788
1785
1024
1021
1021
1021
1018
1053
943
943
943
925
925
1093
926
1610
1610
1632
1611
1617
1630
1698
1697
1788
1785
1703
1023
1785
1020
1022
1018
1018
1018
942
924
923
1632
1635
1628
1628
1630
1629
1698
1703
1705
1704
1031
1015
1013
1017
1019
934
942
936
922
926
924
1633
1632
1635
1630
1635
1625
1626
1626
1700
1699
1705
1032
1015
1014
1016
935
929
922
928
928
927
928
1631
444
580
248
247
246
441
444
442
438
438
383
488
490
486
493
493
508
507
579
581
609
608
606
606
248
255
245
245
246
434
434
436
433
440
433
440
412
386
384
490
493
492
506
507
578
577
611
607
613
614
255
254
251
432
435
433
381
385
382
498
499
500
499
501
501
501
505
511
576
585
616
603
613
231
232
231
242
231
238
390
379
376
498
497
501
510
512
586
584
587
616
615
615
233
234
241
241
241
243
390
393
392
393
378
378
496
495
514
513
516
670
671
584
666
664
233
240
330
391
392
392
365
365
364
547
547
555
672
672
663
666
318
327
330
366
369
362
546
550
553
553
554
554
684
674
673
326
321
326
325
341
341
331
341
339
367
366
566
564
571
558
555
568
685
684
675
676
675
677
680
681
322
320
317
342
339
340
366
339
370
369
370
566
566
565
574
571
572
567
567
683
678
680
681
317
1756
340
1769
1822
352
1818
1820
573
572
1063
568
682
1122
679
1125
1764
1765
1757
1756
1768
1768
1768
1821
1818
1820
1072
1069
1064
1063
1065
1047
1048
1048
1123
1123
1134
1764
1763
1765
1766
1776
1775
1767
1837
1813
1813
1073
1074
1063
1046
1044
1048
1130
1129
1131
1131
1762
1760
1766
1760
1755
1757
1777
1776
1776
1780
1783
1815
1815
1074
1055
1062
1035
1042
1146
1130
1134
1102
1761
1659
1622
1780
1791
1783
1814
1814
1051
1055
1055
1062
1040
1100
1096
1098
1612
1623
1623
1781
1784
1791
1790
1795
1795
1049
1052
1062
1039
1100
1096
1099
1098
1661
1662
1661
1612
1612
1618
1689
1689
1696
1788
1786
1788
1024
1025
1025
1020
1052
1006
1038
1099
945
1093
1092
1662
1653
1611
1611
1627
1630
1667
1697
1688
1709
1785
1032
1020
1008
1008
941
944
921
925
923
926
1638
1636
1627
1700
1699
1707
1708
1031
1031
1008
1019
1011
1010
939
944
921
924
1633
1632
1638
1636
1635
1637
1627
1634
1624
1626
1625
1700
1701
1707
1707
1033
1015
1031
1016
1011
1009
1016
935
939
935
936
930
931
927
1016
940
929
253
441
581
248
248
247
253
246
442
441
442
409
414
415
414
487
486
485
485
506
508
579
581
611
610
612
610
611
610
614
254
252
442
455
409
412
413
382
487
488
483
484
484
506
579
588
611
614
255
256
256
256
251
431
433
407
412
381
380
499
494
470
511
472
577
578
588
588
582
612
616
613
255
256
234
243
242
432
432
405
393
379
378
499
500
473
473
511
472
585
588
587
616
615
234
243
243
391
393
388
378
400
495
513
461
671
585
586
593
617
618
233
234
243
335
391
389
351
365
546
537
513
513
465
545
554
544
658
657
655
650
650
327
327
329
328
325
329
335
336
351
351
350
350
548
548
548
554
656
659
656
655
318
326
328
329
332
345
353
352
358
566
358
563
563
571
569
553
683
677
676
677
647
649
316
317
317
342
341
332
339
354
354
352
358
564
563
569
569
683
683
677
647
647
288
293
288
342
288
1732
1738
1769
1838
1819
1820
563
572
562
568
1065
1090
682
1139
1122
1125
1126
1743
1743
1756
1775
1769
1839
1838
1839
1819
1820
1072
1072
1064
1065
1065
1048
1141
1142
1124
1123
1124
1742
1766
1766
1774
1779
1837
1839
1826
1825
1825
1073
1075
1076
1091
1037
1047
1147
1147
1123
1144
1124
1760
1744
1776
1778
1837
1836
1837
1828
1825
1831
1074
1830
1074
1076
1061
1036
1037
1146
1147
1144
1105
1660
1777
1663
1623
1781
1781
1789
1791
1830
1051
1058
1061
1039
1039
1102
1103
1104
1661
1660
1659
1664
1619
1691
1790
1791
1792
1793
1026
1795
1058
1057
1059
1062
1039
1101
1103
1104
1104
1661
1659
1654
1612
1657
1618
1619
1689
1688
1688
1792
1792
1026
1026
1057
1059
1101
946
951
1653
1652
1619
1618
1668
1669
1702
1709
1026
1029
1028
1028
1007
1006
947
946
944
926
1640
1654
1636
1627
1667
1668
1702
1709
1709
1708
1034
1030
1008
1010
1009
937
938
947
930
933
1640
1644
1636
1637
1624
1701
1702
1701
1706
1706
1034
1012
1034
1012
1011
1010
937
939
940
939
931
930
932
933
1667
931
270
252
271
253
458
458
458
409
410
415
421
487
486
487
485
477
477
468
469
578
627
624
625
625
628
270
271
455
454
266
454
412
415
415
414
382
421
483
485
482
478
467
469
469
599
624
631
621
267
266
252
454
408
408
408
406
382
413
482
482
471
473
471
467
600
602
588
588
631
621
620
276
276
257
257
402
407
388
398
470
471
473
464
601
602
595
623
622
275
278
273
277
279
280
387
389
388
396
398
397
400
462
465
465
466
465
601
544
601
586
592
592
618
619
278
278
278
278
277
335
335
387
389
349
348
401
537
462
534
534
545
544
658
660
657
656
656
649
650
291
301
328
333
333
334
345
351
349
536
536
536
534
533
535
545
540
659
658
659
654
650
291
329
331
334
332
345
357
518
561
540
541
654
655
647
292
292
289
294
332
298
354
353
358
356
517
562
562
561
569
570
639
641
646
648
648
293
293
289
342
1734
1738
354
355
355
356
523
562
560
560
570
1088
1089
641
1141
640
641
646
1126
1743
1742
1751
1733
1732
1737
1738
1835
1839
1838
1826
1071
1072
1071
1070
1090
1089
1141
1139
1140
1125
1126
1744
1743
1741
1775
1775
1731
1736
1832
1836
1834
1826
1076
1072
1037
1141
1141
1142
1149
1142
1145
1143
1744
1740
1740
1741
1774
1726
1778
1779
1778
1731
1833
1831
1075
1076
1075
1091
1035
1149
1145
1145
1118
1118
1144
1666
1663
1663
1658
1778
1781
1828
1789
1828
1795
1830
1806
1830
1058
1058
1061
1036
1148
1149
1110
1102
1105
1105
1666
1663
1658
1801
1799
1794
1025
1056
1060
1056
1060
1059
1109
1109
948
1103
1105
952
1665
1659
1657
1654
1683
1690
1690
1792
1799
1793
1794
1806
1027
1028
978
1007
1059
986
1101
945
951
951
951
1639
1653
1654
1652
1669
1692
1691
1713
1713
1794
1027
1028
1007
986
947
947
945
953
954
954
954
1639
1642
1642
1668
1669
1719
1702
1718
1709
1716
1029
1030
1029
1030
1007
937
946
932
967
932
1643
1644
1642
1673
1673
1670
1720
1717
1706
1718
1716
1033
1034
1012
1012
937
938
966
967
933
1672
457
628
269
271
457
271
459
459
411
410
428
422
422
422
419
419
420
481
479
480
477
468
627
626
625
625
624
629
628
267
268
270
456
453
411
411
410
425
481
480
474
478
478
468
469
627
627
631
621
621
265
259
266
452
454
408
408
408
406
406
423
421
483
471
473
600
600
602
602
623
623
265
274
266
272
282
279
281
280
402
402
405
396
399
398
399
483
475
463
599
596
597
590
594
617
274
276
276
279
280
284
394
400
398
462
462
464
466
598
594
594
593
618
618
278
286
286
336
395
395
401
110
401
460
537
460
461
545
543
598
589
592
592
653
291
303
302
300
349
349
348
537
518
519
535
532
541
542
541
660
660
654
653
652
652
291
301
333
299
333
297
347
347
357
357
531
519
519
531
533
541
639
645
645
654
648
652
633
293
290
287
296
294
346
355
519
528
538
540
539
538
639
641
634
634
648
292
1752
289
298
1737
346
1738
355
522
521
528
1084
528
1089
1089
1138
632
1127
1752
1751
1752
1733
1734
1735
1835
1835
1835
521
1077
1084
1090
1085
1088
1140
1136
1141
1138
1138
1127
1127
1745
1739
1751
1740
1726
1734
1725
1734
1735
1736
1735
1832
1832
1826
1077
1077
1085
1091
1136
1139
1142
1127
1745
1745
1741
1727
1727
1731
1829
1829
1827
1080
1081
1036
1037
1148
1149
1145
1120
1120
1120
1117
1664
1726
1727
1731
1801
1800
1799
1799
1805
1080
1080
1056
1083
1109
1110
1118
1117
1666
1666
1656
1658
1683
1690
1798
1695
1802
1801
1806
1806
979
985
1036
1109
950
950
1116
1117
1665
1646
1656
1658
1655
1682
1683
1692
1690
1695
1693
1802
1802
1809
979
979
984
985
985
949
949
948
952
1647
1647
1639
1657
1673
1693
1692
1694
1713
1713
1809
978
1001
984
981
986
948
955
953
954
1643
1639
1641
1674
1671
1670
1720
1719
1714
1716
1718
1715
1001
999
997
962
965
966
967
954
1643
1641
1641
1643
1673
1674
1672
1672
1670
1720
1720
1718
1717
1716
1000
1000
1000
1030
995
995
994
962
966
967
968
971
971
995
269
269
451
456
457
447
459
459
428
425
427
416
418
420
480
480
776
711
713
626
713
626
626
630
629
629
701
265
268
456
453
453
430
428
429
426
426
426
419
419
474
717
712
715
712
710
631
700
701
260
259
262
262
452
403
453
424
423
95
476
475
475
476
474
717
600
714
630
630
622
697
260
264
281
282
283
404
404
424
423
99
99
875
476
464
463
597
717
597
590
590
595
622
694
274
273
273
281
285
285
284
404
396
91
91
396
401
98
110
460
464
862
596
598
591
594
695
696
619
304
274
303
286
286
284
395
108
397
110
110
535
873
532
873
543
543
598
591
591
651
651
693
303
303
302
286
300
395
347
65
108
109
530
532
533
543
542
643
637
638
638
652
301
314
314
309
309
300
300
65
64
109
518
524
529
529
539
642
645
645
637
634
635
315
289
295
297
297
347
66
70
70
64
522
522
524
527
538
539
642
645
644
634
290
1749
295
296
295
1486
298
1579
66
69
70
523
520
520
521
526
527
528
1084
1135
640
1324
634
1749
1750
1752
1752
1733
1580
1735
67
1834
1558
1558
521
1078
1085
1086
1143
1323
1749
1749
1745
1750
1748
1725
1580
1580
1832
1555
1558
1557
1557
1078
1085
1086
1136
1135
1087
1135
1137
1137
1119
1119
1119
1747
1748
1727
1729
1729
1833
1829
1827
1080
1078
1082
1087
1136
1112
1120
1120
1739
1747
1746
1746
1728
1729
1729
1798
1797
1800
1804
1805
1803
1081
1083
1112
1111
1113
1666
1666
1681
1687
1796
1798
1803
979
982
1083
989
989
1111
1112
1115
1115
1646
1656
1656
1683
1687
1684
1687
1695
1798
1694
1802
1808
1810
1810
982
981
986
988
987
950
950
958
955
957
1647
1647
1648
1645
1680
1679
1685
1692
1695
1694
1714
1808
1809
977
978
980
960
961
961
958
956
956
959
1648
1649
1680
1680
1671
1719
1715
1724
1715
1711
1001
999
998
984
997
996
964
965
968
969
970
969
1650
1650
1676
1675
1675
1670
1721
1722
1721
1724
1724
1712
1000
1001
995
997
997
962
963
966
972
971
1722
447
418
450
451
451
446
446
430
427
425
416
416
417
479
479
776
711
713
712
713
707
707
701
702
703
268
448
449
449
448
447
429
430
429
426
417
221
782
782
716
717
715
704
710
709
698
700
701
260
259
260
264
449
188
424
95
220
99
781
780
779
780
717
717
715
705
706
699
699
697
263
261
262
262
403
282
404
92
90
98
874
864
863
715
704
692
304
306
264
284
79
78
92
92
91
114
99
874
875
864
862
867
591
695
696
694
693
305
307
304
306
285
283
80
92
107
108
114
90
114
109
872
873
868
868
867
589
807
696
696
305
304
308
309
82
80
63
108
109
872
873
866
643
805
645
635
315
312
310
310
299
82
82
63
65
64
524
529
530
870
876
643
644
638
638
636
635
636
313
315
315
311
298
297
66
69
68
525
529
527
876
877
642
638
633
636
315
1489
315
295
1484
1483
1485
60
1579
69
70
68
67
525
522
527
1217
876
1217
1334
1327
1328
1328
1324
1324
1489
1480
1482
1489
1484
1486
1485
1486
1580
1579
1577
1555
1556
1556
526
1558
1216
1217
1219
1334
1332
1328
1328
1328
1322
1323
1494
1494
1482
1486
1577
1578
1555
1216
1078
1219
1220
1086
1333
1345
1404
1494
1405
1747
1748
1385
1578
1577
1555
1561
1560
1557
1079
1227
1219
1082
1087
1232
1107
1107
1329
1107
1107
1114
1404
1404
1405
1748
1406
1728
1729
1570
1571
1804
1079
1082
1224
1083
1087
1270
1112
1114
1113
1114
1402
1403
1681
1686
1686
1546
1687
1572
1798
1559
1572
1797
1803
1803
982
982
989
988
1111
1116
1115
1115
1403
1684
1684
1684
1687
1687
1548
1695
1796
1808
1807
1808
1810
983
983
990
989
990
988
961
955
956
1645
1645
1679
1685
1723
1807
1810
1807
1002
981
981
987
960
958
961
958
956
1648
1649
1678
1648
1680
1723
1523
1712
1711
999
991
992
992
964
964
969
970
1651
1651
1674
1677
1676
1675
1675
1722
1721
1724
1712
1712
1005
999
1005
991
997
993
992
964
963
976
969
972
1650
1724
972
219
778
445
450
451
447
189
191
215
427
191
418
418
219
221
777
778
776
768
769
708
707
703
709
710
702
258
450
449
199
430
191
215
218
220
220
221
221
783
782
782
782
716
768
707
709
703
258
258
200
186
187
94
95
95
96
783
783
781
779
780
771
706
714
705
706
699
699
698
142
142
263
135
188
188
87
94
95
93
97
96
863
864
916
780
763
816
704
720
719
692
692
691
307
264
140
134
134
79
79
89
90
89
90
113
96
874
916
863
815
816
695
694
690
306
306
138
84
78
81
81
101
114
114
111
112
874
871
865
868
868
817
815
806
806
807
693
312
310
137
83
84
80
85
81
101
101
111
870
870
866
866
867
805
879
806
806
840
840
313
313
313
309
83
82
71
63
63
106
870
888
869
881
879
838
842
312
310
166
72
73
72
60
59
525
884
886
884
888
887
877
880
833
833
1490
311
1484
1483
72
60
60
61
68
68
59
57
525
885
887
1217
1335
1335
1332
1325
1327
1324
1489
1481
1484
1485
1575
1573
1573
1554
1553
1216
1214
1218
1335
1335
1333
1328
1350
1494
1493
1482
1482
1577
1576
1576
1566
1552
1553
1565
1553
1226
1227
1215
1220
1333
1332
1330
1345
1350
1345
1347
1494
1494
1407
1407
1407
1385
1386
1570
1571
1561
1563
1226
1227
1233
1220
1329
1346
1346
1347
1404
1407
1385
1546
1570
1571
1572
1559
1560
1562
1224
1232
1235
1232
1271
1268
1269
1268
1114
1272
1402
1403
1403
1402
1406
1382
1546
1547
1572
1608
1559
1607
983
1606
1199
1234
1234
1235
1235
1271
1271
1271
1269
1275
1278
1401
1401
1382
1380
1547
1549
1551
1607
983
1199
1201
1201
1279
1286
959
1275
957
1420
1420
1416
1678
1537
1548
1541
1549
1549
1530
1531
1607
1202
1003
1003
1192
988
1279
1280
1286
976
1274
1419
1415
1651
1678
1678
1541
1542
1541
1541
1548
1527
1527
1531
1005
1002
1002
993
1003
1280
1279
1281
975
976
976
1651
1419
1677
1413
1543
1542
1540
1525
1523
1523
1526
1710
1529
1710
1529
1004
1005
1005
991
992
1194
1282
1281
1283
975
1283
974
973
974
976
974
777
743
195
195
197
192
197
189
216
215
225
226
226
219
777
778
769
769
770
774
774
775
708
743
744
746
744
200
200
200
189
190
216
216
219
785
227
789
788
789
771
768
770
771
706
723
746
702
746
141
200
200
199
190
187
188
217
93
784
784
785
786
786
787
789
763
771
770
724
697
731
142
140
141
131
130
135
135
129
186
88
96
784
919
918
763
722
720
816
724
718
691
142
138
142
139
135
139
134
133
87
88
113
112
97
917
916
919
918
918
816
810
720
718
691
136
138
132
137
132
85
79
81
76
86
102
102
104
112
104
112
865
865
813
817
811
809
690
841
840
138
171
85
84
75
76
101
62
102
104
105
106
871
871
910
869
881
882
805
811
809
841
842
169
169
167
166
74
73
74
106
106
105
883
871
889
889
880
882
879
880
838
837
833
844
843
168
167
73
71
62
58
59
59
886
886
883
887
890
878
880
877
838
839
834
834
845
845
1490
1488
1477
166
73
61
57
1249
886
885
887
1335
1326
1325
1325
1350
1488
1487
1488
1488
1473
1478
1453
1575
1576
1574
1573
1574
1552
1249
1246
1248
1214
1214
1218
1335
1330
1333
1349
1350
1350
1491
1492
1492
1491
1493
1481
1481
1451
1567
1568
1566
1554
1553
1247
1215
1208
1207
1220
1331
1330
1343
1348
1349
1492
1492
1395
1386
1451
1451
1569
1568
1561
1564
1565
1227
1226
1215
1233
1231
1232
1331
1344
1344
1347
1346
1347
1396
1396
1396
1395
1407
1384
1384
1570
1569
1604
1560
1563
1565
1563
1562
1563
1225
1224
1225
1231
1270
1265
1278
1397
1395
1382
1380
1382
1386
1545
1547
1544
1608
1609
1609
1200
1224
1199
1230
1230
1235
1230
1267
1269
1268
1276
1278
1273
1417
1417
1381
1538
1547
1544
1551
1551
1530
1608
1606
1607
1200
1199
1203
1234
1291
1276
1277
1273
1273
1421
1421
1416
1416
1415
1539
1538
1550
1550
1551
1532
1530
1534
1531
1184
1202
1192
1192
1292
1288
1288
1275
1274
1421
1420
1415
1411
1543
1537
1542
1524
1524
1527
1532
1531
1005
1181
1193
1193
1280
1280
1288
1287
976
1287
1418
1419
1419
1414
1413
1543
1543
1525
1525
1526
1527
1529
1004
1003
1182
1194
1283
1282
1285
1285
1283
973
974
196
196
197
193
192
191
223
225
226
227
788
797
800
773
775
775
743
743
745
117
195
198
197
190
213
223
223
225
224
229
228
789
789
799
775
775
723
724
745
746
117
131
198
130
186
217
217
224
217
229
784
786
787
766
764
762
724
721
746
731
127
131
87
48
47
917
786
914
919
763
764
762
722
722
718
731
731
731
128
141
125
139
139
130
133
88
88
45
913
912
912
919
905
815
813
813
719
808
809
138
138
132
132
77
77
86
102
100
56
56
56
916
909
910
905
811
860
841
171
170
171
145
85
75
76
76
23
100
104
106
55
55
911
911
910
881
906
882
811
811
855
841
168
171
164
167
75
74
1
62
103
35
889
890
882
907
837
836
837
843
834
844
169
169
167
165
2
2
6
5
4
40
36
890
890
878
838
834
843
846
1476
1476
1476
1479
1479
1452
6
4
3
36
1249
883
1245
878
1326
1326
1338
846
1338
845
1477
1479
1479
1478
1452
1574
1590
1590
1246
1248
1248
1209
1207
1375
1330
1337
1338
1474
1475
1473
1454
1456
1453
1574
1567
1552
1588
1583
1247
1209
1209
1209
1207
1378
1344
1337
1348
1342
1491
1475
1454
1383
1457
1568
1568
1583
1565
1564
1222
1223
1208
1211
1231
1364
1363
1344
1340
1339
1399
1399
1384
1569
1604
1609
1222
1221
1221
1221
1229
1266
1343
1265
1272
1397
1391
1384
1390
1545
1544
1605
1605
1602
1200
1204
1204
1228
1228
1228
1267
1266
1276
1278
1278
1417
1381
1381
1381
1538
1544
1551
1536
1536
1609
1200
1201
1203
1198
1267
1276
1278
1277
1273
1409
1417
1411
1539
1412
1511
1511
1551
1536
1535
1536
1535
1159
1183
1181
1201
1193
1198
1197
1292
1291
1288
1321
1410
1409
1412
1411
1412
1514
1413
1538
1515
1515
1511
1533
1534
1534
1535
1184
1183
1179
1193
1195
1196
1196
1196
1284
1290
1290
1287
1321
1321
1408
1410
1408
1414
1514
1515
1512
1524
1528
1534
1181
1182
1184
1178
1178
1196
1285
1284
1285
1289
1320
1528
802
196
194
193
194
180
179
184
208
208
207
207
227
797
801
797
800
773
800
773
773
772
742
745
742
740
194
184
185
184
222
214
223
224
229
229
227
804
798
765
775
757
741
727
741
117
117
193
185
124
185
185
214
214
229
229
798
799
766
767
765
761
723
730
741
731
128
127
127
122
123
129
214
211
211
48
47
48
45
47
914
794
915
767
767
766
764
764
762
722
721
728
729
126
128
125
150
14
15
48
46
45
56
914
913
915
830
813
831
719
809
860
729
861
859
158
149
145
150
23
23
16
46
49
912
56
53
912
908
908
907
830
810
854
855
861
164
158
165
144
144
144
21
22
39
54
54
53
911
909
906
814
907
829
811
854
856
857
170
165
165
2
1
0
5
22
22
38
39
911
35
892
892
893
904
904
836
837
854
855
843
1476
1468
6
1
11
41
41
41
38
35
883
903
903
901
839
853
852
846
1472
1479
1442
6
4
6
4
1589
40
1590
36
1238
37
37
1249
1244
1244
903
1259
902
1374
1379
1379
1379
1368
846
1472
1479
1452
6
1588
1590
1238
1248
1247
1245
1213
1375
1379
1379
1378
1338
1475
1475
1455
1455
1454
1457
1452
1457
1448
1593
1593
1594
1594
1593
1236
1236
1242
1213
1213
1210
1375
1376
1377
1340
1341
1474
1400
1462
1465
1454
1456
1448
1594
1588
1583
1241
1242
1222
1210
1211
1210
1362
1364
1336
1340
1341
1400
1400
1392
1391
1592
1604
1600
1601
1583
1222
1364
1363
1355
1339
1340
1293
1400
1397
1398
1399
1398
1393
1393
1521
1522
1600
1605
1605
1598
1603
1602
1603
1176
1176
1164
1204
1205
1228
1267
1265
1305
1297
1435
1398
1392
1390
1522
1522
1505
1505
1505
1602
1602
1174
1174
1204
1205
1205
1308
1306
1298
1298
1299
1434
1433
1423
1423
1424
1511
1506
1505
1533
1159
1159
1157
1158
1206
1197
1206
1198
1198
1292
1308
1291
1309
1298
1299
1412
1409
1424
1509
1422
1515
1510
1500
1158
1181
1179
1189
1179
1195
1292
1319
1317
1321
1318
1316
1408
1410
1414
1414
1514
1513
1513
1512
1500
1498
1528
1150
1183
1180
1180
1188
1312
1290
1313
1290
1318
1320
1321
1422
179
754
180
181
179
180
209
210
207
210
206
802
802
802
803
804
803
756
758
737
737
740
739
116
181
116
182
183
176
212
213
214
204
207
228
804
798
804
755
755
758
758
738
742
739
118
119
124
124
183
175
211
212
214
205
204
205
794
799
752
753
753
753
729
730
126
124
151
15
42
211
42
44
795
767
747
753
727
726
728
729
128
125
123
149
150
152
16
15
15
45
44
914
908
828
831
859
162
148
148
149
152
143
14
49
51
51
51
826
829
829
822
860
860
858
159
162
146
146
143
0
21
25
23
27
54
54
908
907
829
820
855
857
856
158
164
144
9
27
39
38
32
33
32
893
893
895
891
899
900
820
853
850
850
857
857
848
159
1471
1468
2
11
10
41
32
37
31
893
897
892
904
904
901
853
850
835
1472
1471
1468
7
10
10
1238
1244
1260
1259
901
852
1370
835
1368
1472
1469
1443
1442
1442
1589
1584
1238
1237
1240
1240
1244
1240
1259
1374
1379
1374
1377
1368
1368
1369
1472
1463
1465
1465
1450
1449
1591
1594
1237
1240
1242
1264
1263
1375
1376
1377
1342
1341
1462
1464
1462
1457
1464
1448
1592
1592
1591
1582
1241
1242
1264
1264
1210
1361
1362
1363
1376
1377
1354
1341
1458
1463
1393
1448
1521
1592
1597
1601
1599
1177
1176
1223
1229
1361
1364
1354
1355
1435
1387
1393
1387
1390
1521
1522
1519
1598
1600
1599
1598
1174
1177
1177
1168
1170
1170
1169
1306
1356
1306
1293
1297
1293
1297
1435
1435
1423
1390
1519
1519
1508
1507
1160
1175
1157
1168
1205
1170
1308
1306
1304
1299
1299
1434
1427
1433
1431
1517
1517
1517
1511
1506
1508
1507
1159
1158
1167
1189
1187
1308
1306
1316
1316
1299
1426
1427
1423
1428
1509
1510
1500
1501
1160
1161
1152
1161
1180
1189
1312
1313
1319
1317
1314
1426
1427
1427
1513
1513
1497
1499
1500
1498
1498
1498
1152
1150
1150
1188
1191
1191
1313
1318
1318
1314
1180
210
116
180
792
801
803
790
790
755
759
754
760
759
737
739
734
115
183
183
210
176
204
204
792
792
793
755
760
757
738
738
739
118
119
176
175
176
178
203
44
203
793
793
752
757
726
735
121
120
118
118
154
178
202
16
43
44
795
751
832
726
735
120
126
149
152
151
16
18
50
43
795
747
832
828
832
823
822
858
162
163
148
152
19
19
26
18
49
52
832
823
832
822
858
161
161
163
146
143
19
24
25
27
27
49
51
894
895
828
820
848
856
161
158
9
25
12
33
29
897
897
900
819
849
160
146
13
7
10
31
32
896
899
899
898
852
850
849
1470
1469
1440
1441
1441
1587
1585
31
30
896
1260
897
902
1373
901
1370
847
1472
1469
1469
1443
1441
1587
1584
1237
1237
1239
1260
1258
1257
1372
1370
1371
1369
1458
1458
1449
1586
1584
1256
1252
1264
1263
1360
1362
1372
1367
1366
1460
1458
1463
1465
1465
1444
1450
1449
1445
1254
1253
1254
1264
1256
1262
1362
1358
1367
1367
1461
1461
1388
1446
1447
1597
1596
1601
1177
1254
1164
1166
1261
1261
1356
1358
1354
1294
1295
1388
1389
1389
1445
1598
1175
1172
1171
1170
1170
1353
1351
1356
1354
1294
1294
1436
1431
1520
1508
1507
1163
1163
1175
1168
1169
1307
1305
1304
1297
1434
1432
1431
1518
1519
1504
1504
1508
1162
1160
1157
1155
1307
1309
1303
1303
1302
1296
1426
1504
1497
1501
1502
1160
1154
1154
1155
1189
1187
1312
1317
1311
1317
1315
1426
1428
1422
1497
1499
1151
1152
1153
1190
1191
1191
1311
1310
1315
1314
1497
182
174
209
206
733
734
115
206
756
750
182
172
178
202
751
18
203
796
747
736
735
120
147
20
795
827
832
824
151
52
747
824
858
162
157
19
26
34
900
828
821
848
147
9
13
13
26
33
29
895
821
821
851
1467
157
1440
13
30
898
1468
1440
31
898
1371
847
1470
1439
1439
1585
1252
1258
1258
1257
1465
1450
1450
1449
1587
1582
1256
1252
1360
1360
1461
1262
1255
1261
1262
1358
1357
1357
1366
1444
1596
1601
1171
1357
1295
1388
1597
1597
1172
1165
1165
1304
1432
1389
1503
1172
1168
1169
1352
1304
1436
1429
1518
1503
1163
1156
1186
1307
1302
1300
1429
1504
1151
1155
1185
1311
1425
1502
1190
1310
115
751
760
733
791
156
178
178
726
894
827
828
163
155
17
24
848
12
847
1371
1443
1371
1443
1459
1586
1252
1359
1254
1360
1446
1294
1353
1436
1163
1186
1351
1186
1302
1497
1151
754
733
790
759
121
177
735
793
824
18
156
20
823
155
895
819
851
1438
1585
1251
1367
1444
1445
1357
1352
1436
1173
1165
1520
1173
1302
1595
1156
1156
1518
1162
1154
1185
1311
1314
173
760
203
751
750
736
121
796
50
824
155
828
818
161
8
33
34
897
30
1587
1256
1263
1253
1173
1431
1166
1495
1186
1300
1495
1153
1191
174
202
791
791
734
177
43
154
825
163
24
29
825
819
1466
1466
30
1258
1373
1365
1459
1439
1256
1461
1445
1595
1460
1389
1595
1352
1516
1429
1425
1496
1154
1185
173
201
1243
1243
734
172
172
1394
1212
154
749
749
818
8
156
8
1437
818
1437
1250
1438
1438
1250
1365
1586
1359
1255
1255
725
1173
1352
1301
1166
1429
1430
1504
1351
1301
1516
1496
812
748
1243
749
732
732
1212
1212
153
749
153
1581
814
1581
1108
28
1108
1394
1730
812
927
445
1336
1106
1430
1106
394
1336
251
