960
49
380
386
387
387
57
57
49
14
415
390
57
12
12
11
9
10
10
377
384
384
59
47
46
11
446
413
415
414
414
54
46
17
449
472
418
419
54
54
46
20
20
17
473
418
419
419
112
112
20
473
458
458
419
117
117
117
113
113
68
68
62
15
474
473
476
458
460
117
113
73
60
438
479
479
479
476
460
106
106
74
74
73
60
439
439
650
625
624
106
919
651
651
650
624
624
622
918
841
651
649
648
624
845
634
635
648
648
621
619
619
928
846
845
842
636
636
632
615
921
921
929
846
850
850
850
849
698
636
631
604
604
952
956
948
928
892
850
897
698
698
602
956
892
683
683
602
605
957
948
893
949
893
893
898
898
693
694
688
687
679
958
898
693
688
687
687
680
679
678
678
958
945
889
889
889
899
381
381
381
380
380
380
386
386
387
387
387
390
390
391
390
56
56
48
49
48
49
51
49
14
14
14
9
381
380
380
383
384
385
386
391
390
57
57
59
58
48
48
49
12
14
11
14
9
377
377
377
377
384
385
413
415
415
414
414
58
52
59
59
59
47
50
12
11
11
10
10
10
449
449
446
472
385
413
413
415
414
52
55
54
47
47
46
12
20
17
16
449
449
447
446
446
472
472
418
418
419
417
52
417
54
46
20
20
17
17
16
447
447
472
473
473
418
418
419
419
116
116
116
112
112
115
114
46
68
21
17
16
16
15
447
447
437
474
474
473
457
457
460
119
117
117
113
114
112
71
68
71
68
60
62
61
438
438
478
474
475
458
457
460
460
119
119
119
119
72
72
72
69
66
66
65
438
439
438
479
479
479
476
476
458
459
459
118
119
107
106
106
109
72
73
73
74
66
65
65
60
439
439
479
476
621
459
625
624
625
622
919
106
74
74
74
73
73
844
65
60
840
641
641
651
651
649
650
649
650
646
620
620
620
625
624
919
919
919
918
919
924
844
924
924
844
844
842
840
634
633
651
633
649
649
621
620
619
619
619
920
920
920
920
929
929
845
924
843
841
842
841
634
633
633
648
648
615
615
619
619
921
921
929
929
928
845
843
845
846
842
842
634
636
631
631
615
615
604
618
618
618
952
929
929
928
846
846
849
850
849
636
698
636
632
632
632
632
631
602
601
603
604
952
956
928
846
853
850
698
698
697
683
632
602
602
603
603
605
957
957
957
956
948
948
893
893
892
892
897
897
897
697
690
690
690
682
683
683
603
603
605
678
957
605
956
957
956
948
949
892
897
896
694
693
688
692
688
687
680
679
679
678
959
958
958
945
949
889
893
889
888
898
899
694
693
689
688
689
687
687
687
680
680
679
678
958
958
945
889
888
898
899
899
899
899
693
389
51
379
381
378
389
386
388
397
391
391
391
390
396
56
56
48
48
51
13
13
14
9
9
381
376
376
378
378
384
382
385
385
387
397
397
398
398
392
57
56
58
50
50
51
12
13
8
7
7
376
376
383
383
384
385
412
415
392
52
53
52
53
53
58
55
59
45
51
45
8
10
8
449
377
448
376
448
383
383
415
414
53
52
55
47
45
21
21
21
19
8
18
448
448
446
446
444
472
450
451
412
416
417
417
116
115
115
47
45
45
21
21
19
16
448
447
473
451
452
451
452
419
417
116
112
114
67
67
15
16
437
437
475
451
457
460
116
117
115
71
114
71
67
68
62
437
437
437
474
478
475
475
476
475
458
457
118
119
108
113
108
108
72
69
70
70
66
66
66
63
439
479
478
478
477
477
457
477
459
459
459
118
118
107
107
109
107
109
109
69
69
66
64
471
650
477
646
621
463
622
623
107
109
918
109
74
844
65
840
641
641
651
650
646
646
621
625
622
623
916
918
918
918
924
925
925
844
840
843
841
634
642
642
633
649
647
647
620
625
622
915
917
920
924
922
925
843
843
841
841
634
642
642
633
635
635
631
645
645
617
617
618
915
921
926
926
922
845
854
843
842
847
634
635
630
631
617
621
618
618
921
927
927
927
928
854
849
849
700
630
630
616
604
601
601
604
606
953
927
927
854
854
850
853
849
700
697
700
699
699
683
602
601
601
604
606
603
952
953
955
953
948
950
853
892
894
897
896
695
691
690
692
682
682
685
680
685
676
605
954
955
950
951
951
894
894
896
896
896
695
696
682
686
680
679
676
959
959
949
949
946
951
891
891
888
898
694
694
694
696
693
696
689
689
689
686
686
686
681
681
678
675
959
959
946
946
947
945
890
947
888
891
888
885
899
945
890
888
378
389
51
379
379
378
379
378
389
389
388
388
398
400
391
395
395
396
43
56
50
37
4
4
3
4
7
13
5
7
375
375
388
382
388
397
398
392
395
396
396
396
43
58
50
4
3
7
375
375
376
375
382
382
382
397
398
398
392
53
58
32
55
30
50
34
27
27
8
3
8
7
375
445
445
444
445
450
412
412
412
416
417
53
55
32
30
45
34
34
25
18
18
18
448
444
444
450
412
416
416
406
90
55
95
30
26
19
19
18
23
443
442
442
467
451
452
452
416
90
92
115
115
96
95
87
87
67
21
19
61
61
443
437
436
435
467
467
467
451
452
452
461
461
91
113
95
114
67
70
62
62
436
436
436
478
475
455
462
462
462
118
461
105
108
108
108
71
70
70
64
64
64
61
441
441
436
471
477
470
477
462
463
462
464
105
107
111
110
72
69
64
63
63
441
441
441
471
471
655
654
626
626
623
623
105
111
111
111
923
925
69
863
869
868
868
641
641
647
647
646
626
626
627
623
623
916
916
923
923
923
925
863
867
869
869
840
642
642
643
647
646
627
627
627
915
916
916
917
922
923
922
925
865
867
867
867
869
644
644
645
658
617
617
617
613
915
627
915
905
915
917
926
926
852
852
867
847
847
644
635
643
630
645
616
616
614
613
952
926
926
927
854
854
847
847
700
702
699
703
630
616
616
600
606
608
952
607
912
912
950
912
853
852
848
848
848
702
702
699
699
699
692
684
685
600
600
601
606
955
955
953
950
853
894
895
691
692
692
682
684
684
685
676
955
954
954
955
950
951
951
891
894
896
695
691
696
692
684
685
685
676
676
677
954
954
949
947
951
951
891
887
899
885
695
696
696
716
689
686
681
681
681
677
959
946
934
947
946
947
891
890
890
890
887
886
885
885
686
887
364
379
364
379
373
389
372
388
399
400
394
395
395
395
393
44
38
38
37
4
37
4
3
3
5
364
364
382
369
373
370
399
400
400
394
392
394
394
396
44
44
38
38
34
33
3
6
6
366
366
366
369
370
399
409
399
392
399
43
43
44
32
32
44
34
34
27
27
6
6
6
445
426
366
445
420
409
408
406
32
31
30
31
33
27
25
22
22
443
443
445
442
445
420
453
409
408
408
406
408
406
32
31
30
96
96
34
87
26
26
24
24
23
23
443
443
443
443
442
467
450
453
408
454
406
407
92
95
92
95
96
87
87
89
26
19
78
61
80
435
435
442
467
466
453
455
456
461
91
91
92
92
94
95
94
86
87
78
89
78
61
435
436
470
466
455
455
461
91
110
86
86
78
62
63
441
440
471
470
470
468
455
462
464
464
104
105
105
110
110
83
83
70
64
63
63
440
440
440
471
655
654
456
463
464
464
104
111
111
110
110
902
902
82
863
82
82
76
868
638
638
640
655
655
654
629
629
626
626
906
906
916
900
923
902
902
865
863
863
869
868
644
640
640
647
658
658
658
629
627
628
905
917
917
865
865
863
866
866
869
866
861
644
643
640
643
645
659
658
659
658
659
614
627
905
917
911
922
922
865
866
867
859
859
859
704
703
644
643
659
616
614
614
613
613
607
607
905
911
912
912
851
852
852
852
852
859
859
704
703
705
614
608
607
953
911
912
912
910
910
851
851
871
848
848
881
702
702
702
691
711
668
667
600
608
606
608
610
931
953
931
932
950
932
851
895
895
881
881
701
691
691
710
710
668
668
661
677
606
954
935
932
930
951
887
895
886
882
895
881
690
695
716
710
684
669
681
661
677
677
675
935
934
933
930
930
887
886
886
886
695
717
716
716
715
684
674
674
676
662
677
675
934
934
933
947
890
887
886
885
715
373
5
363
364
374
373
372
372
372
400
401
404
404
404
404
403
393
393
393
42
38
37
0
0
2
1
2
2
5
366
363
364
373
370
370
402
399
401
394
43
44
44
38
38
33
39
1
1
6
6
365
365
365
369
369
370
399
409
411
402
403
394
43
41
35
33
33
27
28
25
22
366
426
425
426
425
420
425
420
369
409
409
411
410
410
405
405
41
31
33
35
28
28
28
22
426
426
426
425
420
421
453
407
406
90
31
36
96
36
26
28
24
23
23
427
420
421
453
454
454
407
407
407
90
92
93
96
96
88
26
89
24
24
80
435
427
428
466
456
456
461
91
98
91
94
94
86
88
86
89
89
78
79
80
80
435
428
466
465
466
468
455
456
464
464
97
98
98
97
97
86
83
85
79
78
76
80
76
440
432
470
469
468
456
464
104
97
100
83
100
100
82
82
79
76
76
440
637
470
468
654
456
654
463
104
104
100
901
100
902
902
862
76
861
638
637
637
655
654
656
629
629
629
103
906
900
901
901
902
862
862
863
862
862
868
861
638
640
637
640
653
655
652
652
656
656
656
628
628
906
906
906
901
901
864
864
866
861
639
639
643
653
659
657
613
613
905
911
911
909
864
864
865
866
858
860
858
858
704
653
659
659
614
612
614
607
610
913
913
911
909
851
859
858
858
704
704
703
703
705
667
611
667
608
611
607
610
610
910
909
851
871
871
856
858
704
701
701
711
711
711
711
667
667
668
668
600
608
608
931
931
932
910
910
872
871
881
881
701
719
701
711
710
710
668
668
661
665
675
935
935
930
932
930
872
882
882
882
717
718
717
714
710
674
674
669
661
661
662
665
675
935
930
870
870
882
882
882
717
717
716
718
716
717
715
715
715
674
674
662
662
662
666
936
936
934
934
933
933
870
870
880
880
879
879
933
363
363
374
374
373
371
371
372
372
401
401
404
403
393
42
42
40
40
39
0
0
1
2
2
2
2
231
365
363
374
368
368
370
401
402
402
402
403
403
393
42
40
39
39
39
0
1
231
230
365
365
425
361
368
367
368
411
402
244
240
405
41
41
41
35
35
29
1
1
22
230
429
424
424
368
422
367
411
411
410
405
405
165
41
31
36
36
35
29
29
28
25
22
219
429
423
423
423
422
421
422
422
411
248
248
411
407
410
405
90
93
36
36
29
29
25
219
220
23
429
423
427
423
421
421
454
249
410
253
407
93
93
93
93
88
88
88
29
29
81
81
218
427
427
428
421
466
454
354
350
249
253
98
98
94
94
88
89
79
79
81
81
431
431
431
432
428
465
465
351
350
345
102
101
97
99
99
84
85
85
79
79
75
432
432
469
465
468
456
351
348
348
350
102
104
102
99
99
84
84
85
85
77
432
637
469
469
469
537
468
539
351
348
348
104
104
103
103
101
103
100
900
834
82
827
77
638
507
637
652
652
539
656
349
628
903
903
103
903
900
834
861
827
638
638
639
500
652
652
539
539
628
526
903
904
904
900
900
901
864
835
835
835
832
862
860
861
860
639
653
653
657
657
612
612
904
914
904
909
909
864
856
860
860
639
496
705
705
706
657
657
611
612
612
609
612
914
913
907
856
856
855
704
704
706
706
670
611
609
914
913
909
908
910
856
856
857
857
709
701
709
711
707
708
707
667
670
664
664
664
610
610
931
932
932
908
907
871
871
872
884
883
719
719
719
709
708
708
708
669
670
669
661
663
665
942
931
937
872
872
874
884
884
883
884
718
719
719
713
715
669
662
660
665
665
936
941
941
937
937
938
874
870
880
880
883
879
718
718
714
714
713
714
673
673
673
660
660
666
936
936
936
937
938
870
876
880
879
879
673
371
242
360
362
374
371
281
371
284
401
404
242
240
240
42
42
40
40
223
226
226
226
231
229
229
360
362
362
374
362
371
367
367
284
245
242
240
205
205
40
200
224
224
231
227
231
230
231
361
361
361
361
368
283
402
246
244
244
203
202
202
202
39
195
224
224
223
231
230
230
424
368
424
424
367
424
367
248
247
244
203
202
171
224
221
219
429
429
424
422
279
311
248
247
250
254
243
167
165
170
170
170
29
219
220
220
218
430
429
430
430
423
422
311
248
249
249
249
250
254
253
166
168
170
168
170
89
140
220
218
430
430
428
428
312
311
357
249
253
166
168
168
84
140
85
81
431
431
433
433
465
309
354
354
350
350
102
98
101
174
176
84
85
77
77
75
75
75
431
432
434
433
355
354
351
348
349
101
99
99
177
177
84
77
77
75
506
506
506
469
505
536
537
355
538
348
349
349
349
102
102
101
766
176
766
837
839
839
827
825
827
507
506
505
506
505
537
537
537
539
538
538
526
526
741
101
903
771
766
766
834
834
838
839
838
826
827
507
507
500
537
539
538
526
771
769
769
767
768
832
826
497
500
497
500
653
532
539
535
525
525
525
904
904
769
769
769
835
768
835
832
833
832
832
860
496
497
496
500
501
706
657
533
535
609
914
913
779
768
768
796
832
855
855
855
497
496
706
706
707
533
670
533
611
542
542
611
609
914
914
908
775
907
796
857
857
857
599
709
707
707
707
707
670
670
664
664
663
663
609
942
908
940
908
908
907
874
872
884
599
709
708
672
672
663
663
665
942
942
940
938
874
874
873
884
883
596
596
713
719
713
672
660
666
666
941
937
938
876
874
874
883
877
718
597
713
713
712
712
714
671
673
660
666
666
943
941
943
943
938
938
938
876
876
877
880
878
597
660
879
240
204
360
360
362
282
281
281
284
284
284
242
242
241
241
204
205
204
201
201
226
226
229
227
227
229
360
360
362
282
281
283
283
242
241
245
240
241
209
205
205
205
201
200
223
227
229
270
361
277
277
283
246
245
246
244
209
203
203
203
203
200
223
224
222
223
221
228
230
270
272
272
279
279
279
247
246
246
243
243
243
203
165
167
202
195
222
222
221
216
221
219
219
270
272
272
314
314
279
311
248
247
247
250
254
243
167
165
171
139
139
220
217
217
324
430
325
312
311
312
311
250
250
254
254
254
167
166
171
170
169
139
139
140
141
220
218
434
433
325
312
314
312
312
357
357
357
254
166
166
168
169
169
140
140
141
140
218
218
434
434
434
433
309
309
354
353
357
345
174
174
168
177
177
135
145
434
433
309
355
355
355
354
347
346
174
173
173
176
176
177
135
144
144
506
505
505
536
355
355
351
351
349
349
346
346
346
173
176
766
837
837
839
839
839
827
507
505
504
536
538
527
527
526
741
771
766
767
837
836
838
838
826
508
504
501
532
535
534
530
525
527
740
740
740
771
770
771
767
835
834
833
838
826
830
826
508
500
501
501
501
532
532
535
535
525
740
770
770
769
768
833
833
830
830
497
501
532
533
533
535
525
541
541
776
776
768
775
773
796
830
800
831
855
831
497
496
599
599
496
498
562
562
542
542
541
541
776
776
779
775
774
775
775
796
796
797
796
798
799
599
599
584
584
562
565
565
544
777
777
777
774
797
797
873
799
857
596
598
598
709
579
565
672
664
565
542
543
543
777
944
937
940
908
750
873
873
877
799
596
597
597
713
712
672
579
672
579
672
545
549
543
941
943
944
940
944
940
940
873
873
878
877
597
593
712
712
712
671
671
671
671
672
549
666
549
547
547
547
943
943
939
939
939
875
876
875
876
875
878
878
878
877
878
204
227
275
274
274
282
282
281
284
242
261
261
261
241
206
204
201
199
199
198
198
198
227
225
229
228
228
274
274
277
282
283
259
259
241
209
260
206
206
207
200
201
201
199
223
221
225
228
228
270
275
277
277
278
278
283
245
245
209
209
209
208
206
203
207
195
200
199
212
228
215
270
272
271
271
278
280
279
280
280
246
244
208
208
171
195
222
222
222
212
216
217
270
324
271
323
272
307
314
313
280
251
251
252
167
167
164
161
171
171
138
141
216
216
217
324
324
314
325
307
314
314
312
313
356
250
359
252
254
345
166
169
169
138
139
141
141
217
149
217
324
327
308
313
308
356
356
357
359
359
345
174
174
175
179
169
169
179
141
141
144
145
145
326
326
309
310
353
353
353
358
347
347
175
175
175
179
177
178
136
136
136
144
144
145
145
326
327
310
353
358
358
347
347
346
173
172
172
178
178
137
177
137
135
135
143
142
142
506
502
503
310
352
352
346
347
173
173
176
837
836
825
836
825
509
502
509
509
504
504
536
536
530
530
527
530
527
741
741
743
742
767
767
837
836
836
829
828
826
509
508
508
503
504
499
536
534
534
531
527
526
741
741
771
742
765
767
833
838
829
829
828
508
508
499
499
499
534
534
531
528
739
739
770
770
770
773
773
765
765
833
829
830
831
828
495
495
495
495
499
498
498
533
566
566
541
739
739
739
776
739
778
779
778
773
773
801
831
599
583
583
562
583
498
563
562
563
541
566
739
778
779
779
774
774
775
772
797
800
800
798
800
799
598
584
584
580
562
564
565
565
542
545
544
544
777
779
774
774
797
798
799
799
799
598
598
598
584
584
579
580
564
564
565
545
545
546
543
543
777
752
752
788
788
789
798
789
596
596
592
578
579
580
579
550
550
549
545
547
942
764
944
939
750
875
789
789
790
790
593
593
597
593
578
577
579
550
550
550
549
548
547
944
944
939
875
939
875
787
790
790
790
273
273
273
274
273
281
258
261
261
260
206
193
207
199
198
198
225
236
236
276
275
275
274
282
291
259
259
259
261
260
260
206
207
207
199
199
225
225
238
238
276
275
278
278
278
265
265
265
265
269
208
208
207
197
196
196
212
212
238
215
271
271
251
265
252
164
208
164
195
195
197
196
212
212
215
213
215
215
322
323
323
271
323
280
280
251
251
252
164
164
161
162
162
138
124
138
216
216
216
323
323
307
313
313
305
356
359
359
252
336
159
159
160
162
162
141
149
213
327
327
328
307
308
308
305
356
335
359
359
345
159
159
160
160
162
179
179
136
136
149
149
149
326
327
329
327
308
308
301
358
358
175
175
179
137
124
137
137
148
143
143
145
326
326
310
310
310
353
341
352
352
339
339
172
172
137
135
143
142
142
502
502
502
503
503
492
352
352
358
340
743
172
742
178
810
811
825
143
825
142
503
503
503
491
492
530
529
528
737
743
743
743
742
810
836
811
829
509
493
494
494
494
521
530
531
528
528
737
737
743
745
744
765
812
833
829
829
828
509
493
493
499
522
531
531
738
740
738
738
745
745
744
773
765
818
818
829
828
495
493
498
534
566
738
738
778
778
730
772
801
831
801
831
591
583
498
571
563
563
566
567
567
778
779
756
772
772
772
795
795
800
801
801
590
583
583
582
580
563
564
567
546
544
755
779
756
750
795
798
798
803
803
592
592
582
580
580
576
564
564
545
546
546
544
761
543
764
756
752
756
752
781
788
789
803
592
592
592
578
581
577
578
580
576
576
553
550
549
552
546
548
764
764
752
751
752
750
750
788
788
788
790
790
793
593
593
594
578
577
577
553
550
549
548
764
944
548
763
751
751
787
787
787
790
793
548
193
299
273
299
273
297
297
290
290
258
255
256
260
193
193
194
194
181
194
181
181
181
236
236
236
237
296
296
291
291
258
264
258
261
258
261
260
194
194
181
198
233
236
239
238
276
276
293
291
292
296
291
291
264
269
268
193
190
182
190
197
196
211
238
239
238
322
276
276
292
292
289
264
289
262
265
269
269
269
269
164
190
163
197
190
197
197
196
196
211
211
211
214
322
322
323
318
305
263
263
252
269
164
163
163
161
125
123
210
211
213
213
211
213
214
328
318
307
306
305
336
335
251
336
163
157
158
161
160
161
162
124
123
149
149
147
329
329
329
302
302
302
305
336
336
157
157
160
160
154
154
124
124
124
138
148
146
146
328
329
329
301
301
302
342
336
344
344
344
159
157
153
154
153
133
132
136
148
148
146
143
502
492
342
301
341
344
344
340
340
339
172
156
178
132
132
132
130
143
481
491
492
341
342
342
342
529
340
529
340
735
339
340
748
748
748
131
742
131
810
811
811
811
816
142
481
491
521
342
529
529
737
748
749
742
744
724
811
812
812
816
484
493
494
494
494
491
521
521
521
519
531
529
522
531
736
737
736
744
744
724
724
818
812
819
819
484
484
493
490
494
490
522
522
528
736
736
745
730
745
744
723
724
818
818
820
819
485
485
490
490
522
566
516
568
738
730
772
818
817
820
820
802
591
591
591
591
591
589
571
572
563
568
567
568
568
569
569
569
728
755
730
755
756
753
795
801
804
802
590
591
582
571
571
576
561
560
567
567
569
728
761
755
756
756
781
795
803
803
802
590
590
582
582
581
561
561
561
546
544
762
761
761
756
752
754
754
781
781
781
797
782
808
803
595
594
582
581
581
574
576
554
552
764
763
751
763
751
787
794
793
793
794
808
594
594
595
595
577
574
574
553
553
554
552
552
548
763
763
751
784
787
794
794
794
793
791
578
297
182
297
296
297
297
290
255
256
255
257
257
193
191
192
194
192
182
181
233
233
237
237
295
296
299
296
290
291
286
255
264
256
256
257
191
194
192
182
183
185
185
232
237
239
295
293
292
292
291
288
264
262
264
268
262
268
188
190
183
185
183
185
239
239
293
292
289
263
263
262
268
268
187
190
189
210
210
210
214
214
322
322
318
318
289
306
289
263
263
269
163
163
161
125
126
214
320
319
319
319
306
306
306
334
158
158
158
152
126
123
123
147
149
147
328
320
320
319
302
302
306
300
335
336
336
158
154
124
124
123
147
146
147
328
329
301
300
331
330
339
338
157
151
153
153
154
154
156
133
133
129
129
127
146
146
127
328
481
482
301
341
344
340
338
339
338
153
155
153
131
132
132
129
130
130
481
481
491
341
341
343
735
748
749
131
132
130
814
130
816
481
491
488
519
492
514
514
735
737
747
749
749
749
722
810
812
810
814
814
816
816
486
486
487
487
521
519
519
516
736
747
749
745
722
724
812
824
819
819
485
485
490
487
487
522
524
515
516
516
736
730
730
720
723
723
822
817
817
819
817
820
485
485
490
522
524
515
515
516
569
728
729
729
723
822
822
817
820
588
589
570
589
571
572
572
560
559
568
569
559
728
728
727
727
729
725
753
795
821
804
804
802
804
802
588
588
570
571
572
560
560
559
762
728
762
755
754
753
782
807
809
809
802
590
587
588
587
575
575
575
575
561
561
558
761
762
754
754
753
782
808
808
808
809
594
595
581
587
574
575
556
556
552
762
760
764
763
783
781
782
793
792
791
594
595
595
574
574
555
553
554
554
551
554
552
759
759
784
784
784
782
794
792
791
757
255
299
297
191
191
192
191
192
182
186
182
186
186
233
237
237
294
299
290
286
286
256
257
257
191
188
183
185
232
232
233
239
295
293
288
288
288
286
267
268
266
188
187
183
185
232
234
295
295
295
293
288
289
287
262
266
266
189
184
126
234
239
321
321
318
318
288
335
333
266
266
187
189
126
150
126
122
210
214
320
321
319
303
304
304
334
334
334
152
125
121
126
122
147
315
315
320
319
300
304
304
335
330
331
334
158
152
152
125
125
127
147
315
317
300
331
331
330
151
156
156
154
134
127
315
316
332
300
343
338
338
155
156
133
134
130
127
128
480
482
492
517
517
514
514
338
155
155
747
156
131
813
131
814
128
482
482
482
517
519
520
514
735
746
747
720
722
722
722
813
816
815
486
486
519
513
513
735
747
747
720
721
724
813
814
815
483
486
486
487
489
488
523
523
523
733
733
733
729
734
723
822
824
824
820
483
483
489
489
523
524
515
516
732
732
729
727
725
725
822
822
824
805
805
589
570
489
572
559
731
732
727
729
726
821
786
821
821
805
805
588
589
572
560
559
558
731
727
727
754
786
786
807
809
586
586
570
573
575
556
556
558
558
760
762
758
786
782
807
809
807
809
587
556
555
556
556
558
759
760
757
757
783
784
792
780
792
807
586
585
573
573
551
551
759
759
757
783
784
780
792
792
791
554
299
298
298
256
233
235
294
257
186
184
293
285
286
287
184
267
267
187
189
234
234
321
319
287
187
121
121
122
303
266
189
122
122
315
317
304
333
151
133
150
121
128
316
300
332
332
331
337
151
152
134
129
127
480
317
518
343
337
134
482
517
337
134
815
128
482
520
520
513
747
720
722
721
486
488
523
520
520
513
733
746
721
823
484
734
734
725
725
723
824
824
815
489
511
512
732
824
805
489
511
511
732
725
726
804
586
570
557
731
758
753
821
807
586
587
575
557
760
758
758
786
807
806
586
557
551
758
783
780
573
557
783
780
294
184
186
232
188
321
285
287
210
152
150
121
317
316
333
331
128
343
128
816
488
814
488
484
513
746
721
733
721
524
805
821
589
559
786
785
783
806
555
551
182
235
192
186
294
286
234
188
234
333
321
333
121
316
150
134
129
517
514
746
815
488
524
823
823
588
512
726
560
731
806
511
760
758
540
558
760
785
780
791
298
186
267
184
184
232
295
187
334
122
316
150
120
317
332
337
330
155
337
514
734
720
734
732
587
726
555
785
806
555
757
784
298
287
267
188
235
287
266
303
120
317
304
151
120
134
480
480
337
721
813
815
484
520
733
483
524
511
483
570
511
823
540
585
573
551
759
785
298
287
510
510
235
285
285
330
512
303
180
180
120
332
316
332
518
120
518
746
518
518
746
813
513
823
734
725
450
731
823
806
726
585
585
540
785
806
540
557
325
325
510
180
235
235
512
512
303
180
303
700
515
700
325
151
512
540
343
15
518
510
13
697
585
697
15
510
81
