2224
952
341
340
331
332
963
960
953
847
388
389
961
944
848
849
845
842
843
437
338
339
941
943
942
850
432
397
390
391
391
964
940
837
420
398
377
378
967
1064
939
886
888
836
430
376
378
380
1066
1064
885
374
373
370
381
1047
1048
1046
1050
1051
986
989
989
835
478
374
483
365
367
1047
1051
1004
975
477
481
483
484
368
364
1057
995
1001
999
1004
974
462
461
1283
1315
1328
1056
1798
1269
1280
1284
1336
1335
1329
1799
1679
1281
1294
1293
1334
1744
1272
1275
1294
1294
1368
1368
1366
1755
1755
1743
1682
1149
1274
1152
1299
1917
1914
1754
1760
1738
1738
1740
1740
1148
1148
1155
1300
1375
1364
1913
1924
1924
1831
1737
1831
1134
1133
1161
1912
1831
1157
1171
1160
1387
1387
1908
1836
1908
1840
1830
1822
1823
1144
1135
1180
1179
1386
1905
1822
1143
1178
1178
1175
1175
1385
1385
1389
1905
1903
1816
1815
1818
1819
449
448
450
448
450
447
346
344
331
345
330
329
385
385
960
962
963
953
952
954
946
947
947
847
847
845
844
449
447
340
341
339
332
339
389
385
959
961
956
958
953
954
954
848
848
849
844
845
446
441
436
437
338
394
395
389
388
384
389
956
965
955
956
956
941
945
849
849
850
843
842
840
419
420
432
433
397
397
394
391
393
970
966
967
940
942
943
892
887
839
838
420
420
419
430
432
431
398
397
390
392
392
965
392
964
939
885
888
888
837
837
418
418
426
376
374
376
378
377
380
1049
1066
1067
1066
1066
1063
1064
886
986
880
837
836
835
834
458
480
480
480
480
479
376
381
380
1047
1046
1049
1051
992
1064
993
985
996
988
975
987
975
460
477
478
482
372
370
366
367
379
1045
1047
1051
1053
997
995
998
989
989
977
973
462
459
460
482
482
485
369
485
370
367
365
1044
1044
1057
1058
1057
1055
1001
998
1006
1000
977
978
978
975
462
462
485
484
1315
364
1332
1336
1336
1328
1798
1056
1001
1000
1001
1003
999
1747
973
974
1679
1268
1268
1282
1284
1284
1284
1295
1284
1317
1317
1316
1316
1336
1335
1798
1803
1802
1799
1798
1750
1747
1746
1749
1747
1747
1678
1679
1269
1270
1281
1276
1284
1296
1316
1367
1368
1368
1365
1329
1804
1806
1804
1756
1746
1746
1750
1748
1682
1683
1679
1271
1274
1272
1277
1296
1298
1301
1371
1371
1366
1805
1756
1757
1755
1744
1743
1744
1742
1684
1684
1272
1153
1298
1298
1301
1301
1369
1370
1364
1366
1364
1806
1756
1755
1760
1742
1739
1738
1740
1147
1147
1149
1152
1153
1157
1155
1155
1154
1299
1374
1375
1913
1914
1923
1837
1759
1738
1133
1148
1148
1156
1157
1155
1160
1375
1373
1377
1377
1912
1913
1913
1924
1924
1837
1837
1840
1839
1827
1826
1827
1136
1134
1130
1171
1170
1180
1173
1373
1372
1373
1383
1376
1377
1912
1912
1911
1907
1907
1840
1827
1825
1135
1166
1169
1169
1171
1180
1172
1386
1389
1388
1388
1904
1905
1910
1910
1909
1836
1816
1816
1822
1821
1144
1145
1166
1165
1166
1179
1180
1177
1175
1175
1386
1388
1905
1903
1910
1815
1818
1822
1820
1820
1821
1819
1143
346
946
450
448
445
346
346
334
329
330
385
934
960
936
962
962
951
950
949
846
847
865
845
858
450
439
447
447
436
339
346
336
336
329
333
329
281
387
383
960
962
958
951
954
949
864
866
851
853
854
439
440
435
337
337
337
395
387
386
970
971
972
972
972
957
968
958
945
944
892
839
841
841
424
441
440
434
424
433
396
387
393
972
965
966
941
945
893
887
889
884
841
841
417
418
429
433
430
433
411
411
396
416
392
415
1061
1065
1065
938
939
892
891
882
881
840
418
430
426
411
414
411
375
381
415
1062
1067
992
991
986
835
835
457
457
476
372
366
379
1042
1048
1069
993
992
990
996
986
988
458
460
456
473
476
476
475
476
371
372
372
1042
1043
1053
1050
992
1055
996
1005
981
1005
988
982
976
979
461
481
471
469
474
369
371
368
367
354
353
1045
1043
1043
1057
1054
1058
1106
997
1006
1002
980
979
471
1283
485
1319
1316
353
1333
1331
1056
1055
1801
1055
1003
1669
978
1673
1255
1256
1280
1282
1319
1318
1318
1333
1333
1330
1803
1802
1800
1800
1801
1752
1753
1753
1671
1671
1677
1271
1271
1255
1279
1277
1296
1295
1311
1334
1325
1803
1806
1804
1750
1757
1749
1748
1680
1681
1677
1270
1253
1273
1273
1275
1278
1277
1276
1296
1286
1301
1371
1365
1806
1756
1766
1764
1760
1762
1741
1684
1681
1272
1117
1153
1298
1285
1370
1371
1366
1805
1921
1922
1765
1762
1761
1739
1684
1147
1150
1159
1287
1300
1288
1359
1369
1379
1920
1922
1925
1759
1762
1742
1838
1740
1119
1136
1118
1130
1151
1157
1162
1162
1161
1374
1373
1375
1377
1918
1380
1918
1925
1927
1838
1839
1833
1826
1825
1136
1129
1130
1151
1171
1170
1168
1173
1162
1382
1380
1384
1916
1926
1907
1909
1840
1834
1827
1824
1825
1145
1142
1168
1172
1173
1220
1384
1892
1889
1906
1907
1902
1894
1897
1835
1813
1823
1144
1145
1145
1142
1166
1164
1164
1163
1177
1176
1177
1174
1222
1223
1389
1382
1890
1892
1903
1903
1900
1910
1899
1901
1816
1814
1813
1812
1820
1900
1814
1812
445
343
948
443
443
444
443
445
346
345
343
334
281
279
279
935
935
937
937
950
951
949
864
867
867
866
865
865
857
857
438
442
342
335
333
334
280
382
934
934
930
937
932
958
949
864
867
854
438
439
434
434
435
337
337
287
281
387
382
969
969
932
966
911
945
895
890
890
851
860
852
853
439
434
423
428
427
410
286
412
413
416
404
971
968
908
914
939
914
892
890
883
852
884
424
428
428
410
413
416
415
405
1062
967
1076
891
893
884
884
884
871
424
421
425
426
408
414
360
416
1061
1059
1068
1069
1069
1069
991
1019
991
882
880
881
871
457
457
473
456
472
473
475
490
358
358
360
359
1060
1071
1068
990
984
983
983
984
455
455
456
473
475
358
355
360
354
1042
352
1099
1052
1070
1105
997
1005
982
981
982
979
976
459
466
464
468
474
474
369
356
348
354
353
1099
1052
1103
1105
1005
1002
982
980
979
467
466
467
471
471
1310
1319
1312
1332
1331
1331
1104
1104
1104
1106
1791
1753
1003
1668
1669
1674
1673
1257
1255
1279
1309
1319
1312
1322
1321
1331
1330
1794
1790
1789
1792
1751
1753
1669
1668
1673
1669
1677
1255
1256
1279
1279
1290
1311
1321
1327
1326
1327
1794
1793
1792
1792
1764
1752
1769
1670
1670
1680
1676
1253
1254
1289
1290
1286
1286
1320
1354
1324
1324
1797
1351
1797
1796
1766
1764
1771
1761
1700
1692
1683
1116
1278
1115
1159
1289
1286
1288
1349
1352
1919
1796
1765
1764
1762
1742
1691
1692
1117
1119
1115
1117
1153
1159
1287
1360
1360
1362
1378
1357
1920
1921
1927
1763
1768
1758
1829
1829
1828
1119
1118
1131
1151
1112
1150
1159
1162
1226
1225
1359
1379
1379
1915
1919
1927
1839
1832
1828
1130
1132
1158
1167
1168
1215
1226
1383
1380
1882
1915
1918
1927
1896
1896
1835
1834
1825
1137
1132
1141
1167
1168
1227
1227
1220
1382
1384
1891
1892
1889
1894
1893
1896
1813
1896
1808
1810
1139
1142
1142
1164
1164
1230
1223
1222
1221
1221
1892
1890
1892
1901
1901
1894
1898
1900
1899
1897
1814
1808
1809
1810
1177
1812
548
443
549
445
322
343
343
283
282
278
296
937
934
937
937
925
925
915
916
863
916
864
862
867
858
550
549
325
325
324
325
285
279
279
280
383
296
929
936
932
919
919
917
912
894
862
856
856
555
554
553
325
289
288
289
284
399
280
932
931
919
913
909
918
912
894
895
899
859
852
854
552
552
554
534
286
287
413
404
931
908
911
910
897
896
883
873
875
422
422
530
427
530
522
521
409
412
400
404
402
405
922
908
914
1023
1076
914
1022
896
889
877
879
870
868
453
451
421
453
530
425
492
409
408
361
405
406
1060
1075
1060
1075
1023
1022
1020
1020
877
876
1036
871
869
452
454
454
492
493
492
358
361
360
1060
1102
1059
1070
1096
1071
1021
1009
1019
1036
1008
1034
1041
452
454
468
491
491
356
362
1102
1107
1010
1008
1036
1036
1041
465
464
470
499
499
494
356
355
354
352
1098
1099
1103
1111
1111
1009
1031
1032
1039
1040
1040
467
466
467
469
1310
1308
349
351
352
347
1084
1104
1110
1110
1111
1788
1787
1032
1696
1032
1032
1039
1675
1258
1258
1259
1264
1310
1308
1312
1323
1321
1323
1327
1794
1789
1776
1791
1788
1787
1751
1694
1696
1673
1674
1254
1257
1267
1263
1310
1304
1314
1313
1321
1323
1326
1794
1790
1770
1696
1693
1701
1701
1672
1700
1686
1253
1266
1266
1267
1265
1303
1290
1292
1292
1292
1348
1325
1795
1797
1797
1792
1771
1699
1700
1698
1690
1690
1692
1127
1115
1114
1113
1292
1285
1349
1349
1353
1354
1352
1351
1351
1940
1921
1766
1771
1769
1698
1698
1698
1692
1689
1116
1115
1113
1362
1358
1358
1920
1940
1921
1944
1934
1936
1768
1852
1850
1854
1854
1853
1120
1119
1124
1125
1213
1214
1205
1361
1361
1355
1357
1358
1943
1918
1944
1926
1936
1935
1935
1833
1855
1857
1857
1123
1131
1132
1132
1215
1215
1225
1224
1355
1380
1916
1944
1933
1932
1936
1832
1833
1874
1856
1807
1855
1137
1138
1207
1214
1215
1229
1227
1230
1220
1217
1384
1882
1888
1888
1894
1895
1835
1808
1808
1810
1137
1140
1140
1208
1208
1209
1230
1231
1221
1218
1216
1216
1891
1892
1887
1901
1898
1860
1809
1810
1210
321
858
548
547
320
321
323
323
282
284
305
309
295
296
298
298
297
929
927
926
919
915
861
671
862
861
862
683
855
550
548
547
326
328
283
285
285
309
923
928
925
919
918
919
917
916
860
859
856
856
555
554
553
327
328
289
288
293
292
292
307
296
930
910
910
894
897
894
899
873
872
555
542
553
529
534
524
534
523
289
293
293
400
399
403
403
922
921
909
904
906
902
900
898
873
551
552
552
530
523
522
489
407
407
1072
1076
906
1023
905
899
901
879
875
869
511
522
522
492
488
401
406
133
407
1073
1073
1074
1076
1075
1023
1022
1017
877
878
877
451
511
510
493
363
362
362
1102
1101
1102
1075
1097
1010
1016
1007
1008
1017
1034
1033
1034
869
452
509
499
499
490
487
487
363
362
352
1095
1100
1100
1095
1096
1010
1008
1025
1029
1034
1041
1041
1037
465
518
500
501
500
349
347
1099
1095
1111
1010
1107
1108
1031
1031
1030
1038
1040
464
1260
502
494
1307
349
1307
348
1083
1078
1109
1786
1109
1787
1787
1695
1039
1675
1261
1260
1264
1264
1306
1314
1313
1322
1323
1084
1778
1777
1788
1788
1784
1696
1709
1696
1693
1720
1674
1675
1252
1262
1259
1266
1263
1309
1303
1302
1304
1307
1314
1344
1345
1327
1779
1777
1785
1784
1711
1701
1694
1686
1252
1254
1267
1303
1305
1305
1354
1354
1351
1775
1795
1770
1771
1699
1699
1701
1688
1687
1688
1690
1128
1267
1291
1291
1349
1347
1348
1353
1339
1940
1940
1937
1767
1768
1691
1690
1688
1126
1128
1128
1112
1203
1206
1205
1206
1362
1347
1358
1339
1942
1934
1768
1852
1851
1849
1846
1854
1121
1123
1125
1125
1124
1212
1204
1204
1206
1244
1206
1242
1362
1356
1941
1945
1933
1934
1936
1851
1850
1857
1854
1122
1123
1123
1211
1213
1213
1229
1225
1243
1247
1356
1945
1876
1933
1930
1932
1850
1856
1874
1857
1138
1137
1189
1192
1207
1228
1232
1229
1224
1219
1219
1236
1883
1883
1884
1863
1859
1861
1875
1873
1139
1192
1191
1190
1192
1191
1210
1182
1209
1232
1232
1232
1219
1218
1217
1880
1883
1881
1881
1886
1886
1885
1861
1861
1869
1870
1870
1887
548
539
313
320
321
316
322
323
306
310
306
300
302
297
928
926
665
666
670
671
671
684
684
685
685
682
682
541
539
313
328
326
290
305
290
311
311
311
298
298
927
666
661
661
671
670
685
694
693
543
542
533
537
327
294
328
308
311
137
923
920
923
924
924
903
903
673
672
691
874
687
544
546
535
534
527
294
294
308
307
137
130
920
921
910
904
905
904
901
673
899
873
875
686
545
532
531
532
524
526
528
528
401
119
117
402
407
130
133
1072
1074
906
906
902
902
879
622
624
875
506
531
510
532
521
526
528
117
402
131
132
1101
782
1097
717
1016
1015
1018
902
902
879
868
621
511
511
508
526
488
489
487
82
117
133
1086
1097
1096
1016
1016
1017
1029
1029
621
869
509
519
520
512
498
486
486
85
82
121
1081
1085
1088
1087
1013
1012
1027
1026
1025
1038
558
519
502
502
495
495
487
83
83
85
81
1082
1082
1081
1079
1108
1014
1012
1026
1024
1025
518
1261
502
501
497
1556
494
1525
84
78
77
1084
1084
1077
1078
1078
1077
1109
1786
1709
1030
1731
1037
1261
1592
1559
1560
1303
1525
1307
80
1345
1342
1779
1078
1779
1785
1708
1719
1719
1261
1262
1252
1562
1561
1560
1525
1523
1344
1345
1778
1342
1779
1776
1782
1710
1709
1711
1710
1717
1716
1720
1686
1721
1687
1613
1613
1607
1520
1522
1344
1345
1341
1939
1774
1775
1713
1714
1716
1725
1688
1126
1614
1607
1606
1607
1521
1305
1346
1338
1343
1338
1337
1339
1938
1715
1715
1843
1724
1128
1128
1607
1203
1203
1347
1340
1942
1938
1937
1928
1929
1841
1844
1847
1848
1121
1120
1211
1201
1201
1201
1202
1205
1245
1245
1243
1250
1356
1942
1941
1945
1931
1931
1842
1851
1849
1851
1847
1872
1196
1194
1193
1194
1200
1212
1199
1198
1244
1242
1246
1249
1249
1878
1945
1879
1865
1862
1866
1864
1871
1874
1845
1197
1196
1192
1189
1212
1229
1247
1240
1246
1247
1877
1879
1877
1930
1884
1863
1863
1861
1875
1875
1872
1875
1197
1195
1187
1182
1188
1182
1231
1184
1239
1239
1236
1235
1881
1876
1880
1884
1885
1859
1858
1860
1869
1869
1181
317
301
538
312
313
318
318
303
304
310
300
301
302
928
928
664
664
667
660
669
668
684
694
682
685
539
315
315
313
314
317
290
303
303
311
301
159
699
665
661
663
662
674
692
680
692
694
693
541
543
543
546
314
195
311
111
159
138
700
702
701
701
661
662
675
674
672
691
694
687
546
537
536
535
291
537
294
111
110
137
719
717
712
673
675
690
506
545
536
527
92
94
120
120
116
131
135
719
716
717
713
770
902
624
622
623
623
504
505
506
507
525
526
94
119
113
117
113
118
131
133
782
784
770
768
768
1017
614
620
624
508
506
507
512
87
92
73
112
121
781
783
773
1018
769
1025
621
520
520
513
512
496
89
88
84
82
82
1086
1088
1085
1086
1014
1027
1026
557
557
559
558
558
520
519
517
513
496
495
85
85
80
1091
1088
1087
1013
1011
1026
556
558
559
516
1592
516
497
1558
1555
1557
75
1528
78
77
78
79
1080
1083
1090
1783
1014
1782
1707
1734
1733
1730
1731
1730
1593
1559
1562
1591
1558
1559
1555
1557
1525
1524
1528
1514
1342
2106
1079
2107
1773
1783
1782
1706
1709
1735
1736
1736
1721
1731
1593
1594
1561
1556
1528
1523
1517
2103
1772
1783
1706
1712
1736
1726
1612
1593
1613
1562
1561
1547
1521
1523
1523
1518
1485
1341
2103
2105
1772
1774
1712
1718
1717
1714
1718
1716
1727
1725
1614
1612
1611
1613
1611
1470
1520
1473
1522
1338
2102
1938
2174
1713
1712
1718
1717
1724
1723
1724
1600
1610
1609
1609
1470
1470
1203
1474
1347
1460
1460
1338
1340
2172
2172
2173
2179
1929
1844
1848
1848
1848
1599
1608
1609
1201
1199
1469
1463
1245
1245
1248
1250
1250
1340
2172
2172
2179
1928
2176
1862
1842
1846
1848
1629
1193
1198
1199
1238
1250
1250
1250
2200
2173
1931
1931
1866
1866
1866
1864
1871
1629
1629
1194
1196
1188
1241
1241
1236
1234
1878
2202
2202
2074
2079
1865
1872
1868
1197
1195
1190
1185
1187
1184
1182
1183
1240
1241
1236
1233
2198
1879
2197
2198
1884
2201
2073
2077
1858
1867
1867
1868
1195
1240
1869
157
698
319
319
315
316
193
196
163
304
162
300
302
156
156
698
696
696
667
667
668
679
678
680
680
677
540
319
315
193
303
197
163
163
158
161
159
159
708
700
699
696
663
662
669
691
689
541
541
190
193
194
111
109
109
136
704
707
700
700
702
662
676
675
675
674
691
689
687
233
233
537
238
195
194
105
108
111
109
138
136
715
715
719
715
713
591
591
590
595
610
618
686
544
546
230
237
238
91
93
120
120
118
105
134
138
717
718
712
766
610
624
619
616
503
503
229
86
94
93
94
112
113
123
124
135
719
783
784
771
771
769
766
764
614
612
617
504
508
236
87
87
89
87
88
114
113
124
782
782
783
775
769
772
775
614
611
621
617
517
514
515
512
99
103
101
74
73
121
792
1088
794
794
772
563
557
517
515
248
103
102
75
75
71
1091
1093
1090
1089
1014
795
797
780
561
557
1592
514
1554
1555
102
76
76
76
80
80
70
69
1080
1092
1090
1781
1705
1704
1734
1733
1732
1729
1592
1594
1554
1555
1528
1513
1514
1514
2109
2107
1781
1780
1705
1705
1736
1735
1728
1596
1594
1549
1549
1526
1527
1512
1519
1514
2109
2108
2106
2105
2104
1773
1781
1703
1707
1703
1736
1722
1727
1722
1595
1562
1595
1546
1549
1547
1546
1527
1519
1519
2103
2105
2104
2174
1712
1718
1727
1727
1726
1600
1611
1547
1475
1475
1473
1518
1486
1486
2103
2183
2156
2159
2154
2070
1949
1843
1948
1724
1949
1600
1598
1599
1599
1611
1609
1467
1475
1462
1461
1486
1488
2183
2182
2183
2178
2176
2179
2176
1841
2070
2069
2070
2066
2059
1628
1599
1618
1617
1470
1461
1465
1488
2181
2183
2173
2179
2068
2068
1845
2062
1848
1629
1632
1619
1619
1408
1464
1464
1463
1464
1460
1479
1488
2171
2200
2202
2177
2175
2067
2075
2063
2051
2059
1630
1627
1627
1186
1186
1184
1412
1238
1407
1464
1481
1478
1479
2199
2200
2200
2204
2202
2075
2075
2079
2079
2053
2051
1626
1627
1186
1186
1185
1184
1238
1237
1238
1241
1481
1233
1478
1234
1478
2197
2198
2205
2205
2204
2205
2073
2076
2072
2076
2077
2053
2052
2053
2051
2053
697
679
213
213
202
192
200
197
162
163
170
170
169
157
698
696
656
659
657
658
658
659
680
634
678
640
677
202
201
193
193
198
161
161
160
708
169
711
708
710
695
656
657
655
658
654
634
689
688
208
215
191
191
190
198
195
161
109
703
703
708
706
711
709
711
714
656
657
594
689
597
231
229
233
232
241
241
239
242
198
104
136
704
705
715
676
593
591
591
592
594
619
231
227
233
230
237
234
239
239
90
105
105
134
135
722
724
722
723
723
767
614
610
619
619
228
228
237
234
235
86
91
91
98
115
115
128
126
123
125
123
786
771
765
766
615
613
618
612
616
227
246
99
97
100
96
114
74
128
129
124
124
793
793
787
783
773
785
774
615
612
565
564
244
244
248
250
96
101
95
127
127
122
793
793
792
795
780
798
775
777
777
563
562
570
572
243
250
103
76
74
72
71
70
1093
1093
1093
796
798
778
780
780
779
779
562
561
570
568
1590
1589
1588
248
103
56
69
2092
1092
1090
796
1704
1733
1728
1733
1729
1589
1590
1597
1583
1581
1551
1544
1527
1509
1512
1511
1512
1513
2092
2109
2085
2097
1781
1702
1705
1703
1736
1960
1955
1722
1597
1596
1597
1583
1581
1551
1548
1548
1516
1516
1519
1517
2109
2090
2098
2101
2155
1703
1957
1957
1958
1959
1960
1595
1597
1550
1550
1550
1506
1515
1516
1503
2111
2116
2105
2096
2098
2157
2157
2154
2154
1951
1959
1959
1948
1958
1603
1602
1603
1603
1604
1553
1552
1475
1472
1462
1485
2116
2117
2110
2117
2118
2117
2185
2185
2156
2159
1953
1949
1598
1605
1618
1468
1617
1552
1468
1474
1472
1488
1487
2118
2180
2184
2185
2161
2158
2159
2160
2070
2066
2064
2065
2065
2058
1631
1618
1618
1407
1467
1471
1466
1466
1461
1491
1493
2181
2181
2188
2178
2176
2068
2066
2061
2059
2059
1632
1632
1631
1622
1620
1408
1410
1410
1466
1465
1482
1491
1483
1493
2190
2187
2177
2170
2068
2079
2063
2062
2056
1630
1632
1622
1620
1413
1408
1413
1412
1481
1482
1484
1479
2190
2190
2203
2205
2075
2074
2050
2078
2051
2054
1626
1625
1627
1624
1413
1414
1412
1418
1480
1481
1484
1476
2191
2189
2194
2204
2073
2072
2071
2072
2079
2055
2054
213
205
205
202
204
197
155
172
172
168
698
749
751
656
652
652
633
634
639
209
213
215
202
200
155
152
152
154
171
172
171
711
710
751
653
658
654
634
641
641
214
215
200
242
198
152
148
148
148
167
706
706
709
721
734
654
593
597
638
596
208
241
107
19
22
705
706
728
721
720
734
733
593
593
608
600
597
597
228
225
226
232
234
242
240
107
106
21
728
726
726
723
721
766
765
767
595
613
608
228
226
234
235
90
97
107
107
128
21
41
40
722
789
789
765
764
601
608
246
246
257
274
100
95
96
98
13
128
125
126
39
41
788
789
788
785
786
775
776
615
565
564
245
245
249
250
100
96
57
72
129
39
791
798
777
826
563
777
567
572
565
571
244
244
250
249
58
59
57
55
56
67
64
795
798
778
563
561
571
572
1584
1585
1588
1587
1586
1543
55
56
66
67
2092
790
2086
798
2004
2004
1954
569
1956
568
1588
1587
1588
1586
1545
1512
1504
1505
2090
2087
2087
2086
2100
2000
1957
1956
1954
1583
1581
1538
1538
1545
1544
1509
1516
1505
1505
2112
2089
2097
2100
2101
2155
2002
1957
1961
1962
1962
1582
1581
1539
1551
1541
1508
1502
2113
2113
2111
2094
2096
2095
2099
2154
1982
1983
1950
1962
1962
1603
1605
1604
1502
1446
2118
2118
2185
2096
2096
2161
1950
1952
1953
1947
1602
1615
1553
1657
1472
1472
1448
1462
1446
2186
2188
2163
2160
2159
2161
2048
2066
2066
1953
1952
1621
1616
1616
1615
1409
1434
1452
1489
1490
2180
2188
2188
2165
2162
2047
2066
2061
2060
2061
1621
1623
1623
1410
1620
1423
1423
1466
1491
1492
1493
1492
2214
2192
2196
2187
2170
2163
2169
2048
2083
2061
2057
1624
1646
1622
1622
1641
1414
1414
1410
1421
1423
1417
1484
1484
1483
1493
2191
2196
2195
2168
2168
2170
2166
2169
2084
2083
2082
2081
2057
2057
1625
1646
1648
1642
1414
1418
1418
1482
1477
1477
2191
2190
2191
2193
2194
2170
2072
2084
2084
2081
2055
1476
749
180
207
207
206
207
204
204
153
155
155
146
169
748
749
753
751
751
754
652
651
652
636
641
641
639
207
206
199
186
155
152
155
150
149
172
169
746
754
732
653
643
636
635
640
209
209
215
200
217
178
189
189
147
149
167
761
754
732
729
731
735
643
636
638
637
211
211
210
219
217
242
147
188
148
20
20
19
23
24
724
759
725
721
730
730
734
735
735
592
605
605
599
211
211
225
268
14
29
22
21
21
41
727
728
727
734
820
606
602
603
601
605
600
598
258
265
266
268
16
13
31
30
26
728
41
36
728
815
789
823
823
602
575
579
580
258
255
256
274
274
274
15
12
35
40
38
39
787
815
812
826
825
820
615
567
579
578
259
256
245
58
59
15
52
13
62
63
65
791
39
815
811
815
802
830
826
566
567
578
572
1584
1573
52
57
51
66
63
68
68
65
791
810
812
830
831
833
586
569
1578
1585
1574
58
53
54
52
1501
67
1501
68
2091
64
68
2092
2088
2088
829
1998
830
2005
2005
2004
1969
1970
569
1568
1585
1545
54
1510
1500
2090
2087
2087
2085
2100
2000
2004
2003
2001
1955
1583
1580
1537
1538
1540
1542
1545
1542
1507
1510
1510
1510
1510
1510
2112
2090
2150
1999
2101
1999
2000
2002
1968
1961
1976
1569
1665
1538
1540
1540
1540
1506
1508
1503
2113
2113
2093
2093
2101
2100
2099
2006
1983
1951
1978
1946
1660
1665
1654
1539
1427
1449
1449
1445
2110
2094
1983
1981
1979
1946
1947
1978
1667
1666
1667
1665
1667
1655
1658
1433
1435
1449
1449
1448
1447
1446
2115
2115
2114
2186
2131
2164
2163
1984
1983
1953
1984
2026
1663
1666
1655
1658
1435
1434
1451
1450
1453
1447
2115
2115
2213
2186
2164
2162
2048
2049
2025
2024
2024
1640
1664
1643
1644
1644
1423
1452
1453
1489
2214
2210
2214
2212
2212
2165
2209
2163
2045
2046
2049
2047
2049
2022
2023
1648
1645
1643
1420
1644
1420
1423
1404
1490
2196
2209
2208
2196
2166
2083
2044
2019
2056
2080
2022
1646
1649
1647
1647
1415
1416
1417
1418
1404
1405
1406
1398
2192
2223
2193
2166
2033
2084
2044
2081
2081
2020
2057
1642
203
740
179
178
204
177
142
140
139
142
146
756
749
746
747
753
750
739
649
647
632
632
631
212
178
180
178
186
189
187
154
151
140
145
167
756
753
752
737
732
642
649
643
636
638
222
223
216
217
185
189
189
144
150
144
144
167
762
754
732
736
735
643
628
638
218
217
267
32
30
143
27
18
761
729
744
736
605
604
599
599
221
218
219
265
268
267
31
30
29
24
23
728
725
824
822
599
254
276
264
266
268
273
14
26
36
37
36
824
823
821
603
576
603
576
258
257
276
277
277
8
16
15
15
13
35
35
814
823
821
827
579
577
579
258
255
277
9
2
49
50
50
50
45
815
808
814
812
811
828
826
567
586
587
578
578
589
259
1578
1577
59
52
62
66
46
47
50
807
810
815
803
830
833
832
586
584
1568
1578
1577
54
53
61
2153
2151
2148
1997
831
833
1969
586
1969
1578
1579
1536
1543
1574
1501
1501
2153
2152
2152
2150
2149
2150
1997
1998
2003
2001
1968
1967
1969
1970
1569
1566
1536
1535
1541
1507
1495
1504
2142
2142
2150
2146
2007
2000
2002
2008
1975
1975
1570
1530
1530
1536
1529
1427
1427
1425
1425
1444
2142
2133
2125
2125
2126
2006
2009
1981
1979
1979
1979
1976
1569
1570
1530
1531
1433
1426
1425
1444
2128
2132
2135
2126
2126
1982
1981
1977
1973
1660
1660
1658
1655
1658
1432
1432
1439
1443
1444
1446
1441
2132
2132
2134
2131
2122
2122
1990
1984
1981
1993
1977
2025
1974
2026
1663
1667
1656
1657
1433
1451
1450
1458
2211
2128
2211
2213
2207
2207
2048
2049
2030
2023
2024
1664
1649
1664
1639
1421
1422
1422
1423
1451
1453
1458
2214
2211
2206
2209
2040
2045
2029
2021
2022
2024
1646
1648
1644
1635
1420
1420
1403
1456
1398
2219
2220
2219
2221
2033
2046
2041
2020
2022
2018
1637
1648
1641
1416
1415
1402
1403
1406
1406
1406
1405
1398
2220
2223
2033
2035
2032
2043
2044
2020
2018
2222
141
179
174
755
756
747
757
747
739
648
740
650
649
646
632
632
180
173
173
142
187
145
145
756
758
763
737
650
647
645
627
628
224
223
186
186
188
182
144
18
167
763
762
743
645
644
626
222
222
220
223
262
181
182
33
17
18
759
745
818
604
627
220
221
265
265
262
33
33
27
18
760
745
822
824
819
817
606
598
253
253
270
260
7
7
25
26
28
37
819
816
817
575
576
254
252
270
277
275
6
9
3
3
3
26
36
813
801
824
828
588
580
252
277
11
8
3
50
45
808
804
802
828
589
252
277
10
11
60
49
50
810
804
804
805
585
589
587
1576
1579
1573
1574
1572
1494
1498
47
46
809
2147
810
803
2011
833
1968
584
1568
1565
1577
1534
1495
1495
1497
2153
2153
2151
2148
2012
2146
2013
2010
1966
1966
1569
1566
1428
1496
1498
2143
2143
2148
2146
2014
2006
2010
1968
1964
1563
1566
1566
1536
1530
1532
1531
1431
1531
2141
2144
2143
2124
2139
2123
2009
2008
1964
1972
1662
1662
1654
1531
1427
1440
1425
1444
2135
2141
2135
2134
2126
2126
1980
1996
1973
1974
1973
1650
1651
1653
1433
1441
2127
2130
2135
2121
2122
1991
1988
1992
1993
1974
1974
1659
1656
1439
1455
1458
1458
2128
2128
2122
2207
1991
1990
2030
2031
1640
1639
1651
1396
1438
1455
1395
1458
1457
2216
2210
2209
2038
2042
2029
2030
2030
2017
1638
1395
1395
1403
1455
1457
2218
2218
2223
2223
2040
2033
2021
2042
2019
2015
1637
1636
1635
1397
1399
1399
2220
2222
2223
2034
2034
2044
2016
2016
2018
1402
174
176
142
145
646
630
176
139
738
645
216
184
184
165
738
33
166
762
745
625
626
224
269
32
760
745
818
573
260
28
744
574
573
253
270
7
0
45
802
800
816
587
272
10
11
5
2
45
43
808
805
827
588
1576
272
1572
60
44
806
1575
1572
47
806
1966
584
1564
1429
1428
1497
2147
2147
2013
2013
1565
1533
1428
1428
1497
1424
2143
2139
2007
2014
1563
2124
2139
2124
2123
2006
1995
1995
1964
1653
1436
1442
2133
1996
1972
1652
1440
1437
2130
2120
1988
1993
1639
1651
1438
2130
2207
1989
1992
2031
1639
1638
1394
1455
2215
2216
2036
2037
2029
2027
1638
1395
1400
2217
2040
2038
1635
1454
2035
2015
180
738
650
648
763
261
181
182
604
799
799
817
253
270
0
7
589
61
584
1965
1534
1966
1533
1564
1496
2137
2014
2141
2014
1653
1972
1988
1662
1442
2040
1989
2040
2027
1397
1399
740
630
757
649
224
184
628
763
574
1
261
1
817
272
801
806
832
1494
1498
2136
1964
1532
1431
1995
1996
1659
1442
2120
1439
2129
2028
1437
2216
2216
1393
1457
2218
2037
2041
2018
175
650
165
743
743
645
224
760
28
574
272
800
581
252
5
48
2
810
44
1497
2138
2139
2144
2130
1650
2120
1397
2036
2028
1396
2223
2035
176
165
758
758
625
184
17
261
582
251
4
43
581
806
1576
1576
44
2012
2011
1963
1564
1429
2141
1661
1440
1436
1662
1653
1437
1988
1393
1636
1636
1400
2218
2039
175
164
1986
1986
630
183
183
1390
1987
263
741
741
582
5
271
5
1571
583
1571
2137
1430
1430
2137
2011
1499
1994
2138
2120
994
2140
1996
1971
2119
1634
1634
1393
2037
2028
1393
1400
1035
681
1986
742
629
629
1987
1985
263
742
263
2167
609
2167
1390
43
1830
1817
1392
609
1817
350
1401
1391
1634
1391
538
1601
357
