1296
168
349
347
433
433
172
172
168
216
426
427
176
213
214
213
218
217
217
382
346
346
166
164
164
212
375
456
429
428
428
177
164
208
379
476
463
464
177
163
163
206
206
208
374
463
464
462
321
322
206
479
478
478
462
315
319
319
323
322
281
282
268
272
483
479
484
477
449
315
322
282
269
366
366
483
484
482
449
314
277
277
276
274
269
364
364
826
928
930
314
1179
828
825
826
929
930
930
1180
1145
827
834
832
930
1134
820
821
830
830
924
924
925
1177
1136
1136
1139
824
821
821
891
1187
1187
1186
1137
1143
1143
1143
1141
823
824
836
893
894
956
957
1184
1184
1134
1143
1221
823
823
968
952
1222
878
879
968
961
961
1238
1238
1238
1222
1222
1217
1217
883
883
879
877
966
954
1217
884
876
876
971
971
969
965
965
954
1252
1218
1252
1218
1216
352
352
352
352
353
351
349
344
433
344
433
433
436
436
436
173
172
168
167
168
167
170
171
216
216
216
218
353
353
350
347
347
433
348
435
436
176
176
175
174
166
168
168
214
216
212
216
217
353
382
382
350
347
455
426
429
429
427
427
175
178
175
175
175
166
166
213
212
212
217
220
221
382
383
375
375
456
455
456
428
427
178
178
177
163
165
164
203
205
207
208
379
383
374
374
375
374
476
456
463
464
460
178
460
177
162
205
206
207
207
208
379
379
476
479
479
463
463
463
462
320
318
320
318
321
321
163
206
206
210
272
208
272
272
371
369
369
475
475
475
478
462
461
317
319
319
323
322
322
280
282
280
281
268
268
272
369
366
366
484
478
478
477
449
447
315
315
313
323
275
277
275
282
267
267
266
365
365
365
483
484
484
482
482
477
449
448
316
317
314
313
314
305
277
276
274
276
266
266
266
269
364
365
483
482
928
448
929
930
929
926
1180
305
277
276
276
273
274
1147
265
269
1144
828
829
825
826
834
826
834
833
832
922
928
922
929
930
1179
1183
1179
1180
1179
1175
1146
1177
1175
1148
1147
1145
1145
829
828
827
827
833
834
921
922
924
925
925
1182
1181
1183
1178
1178
1177
1136
1177
1148
1144
1145
1145
829
828
820
830
831
831
921
924
924
1181
1186
1186
1185
1185
1135
1134
1138
1142
1141
1139
820
822
835
835
891
921
895
924
923
925
956
1186
1185
1185
1138
1138
1142
1142
1141
824
823
824
838
839
839
836
836
891
891
894
895
1187
1184
1184
1138
1138
1143
886
824
822
838
836
836
968
894
894
961
956
951
957
952
1237
1239
1239
1238
1239
1224
1221
1221
1221
888
883
890
888
878
878
968
966
967
962
962
957
961
952
951
1235
1237
1235
1222
1220
1220
880
883
879
879
879
878
966
966
965
965
955
954
952
1252
1254
1252
1238
1218
1218
1217
1215
880
884
882
879
875
877
877
876
971
971
969
964
954
954
1254
1218
1219
1215
1216
1216
1215
1216
884
344
171
360
351
351
349
347
434
432
436
435
444
444
444
173
173
169
169
171
214
215
215
218
218
358
358
353
351
350
348
348
455
348
434
434
434
425
435
435
176
173
175
169
170
171
214
215
215
219
219
358
381
350
346
348
455
457
426
438
180
180
181
181
181
174
179
174
165
213
203
220
221
221
383
383
381
376
383
375
457
429
428
181
178
179
166
165
205
203
202
209
221
221
380
380
378
377
377
377
473
474
459
459
460
460
318
318
309
162
162
204
205
210
209
208
380
378
476
474
459
474
459
464
461
320
321
312
280
281
271
271
372
373
475
474
453
447
320
320
312
312
312
280
279
282
270
373
373
372
370
485
485
485
485
480
478
477
316
317
313
322
311
306
275
282
279
279
267
267
267
264
365
368
368
485
481
481
480
482
448
448
448
316
316
316
313
306
307
307
304
273
274
266
264
368
826
481
846
928
448
926
927
307
305
1180
305
273
1147
265
1151
819
819
825
833
846
832
920
919
926
927
1182
1183
1176
1178
1175
1174
1175
1146
1147
1148
1144
829
829
819
827
834
833
832
918
922
922
1182
1183
1178
1178
1177
1146
1148
1135
1152
1145
829
812
810
811
821
825
830
831
831
844
918
923
1181
1183
1188
1189
1164
1136
1165
1135
1139
1140
820
822
839
835
918
923
923
893
1188
1193
1187
1191
1137
1138
1142
1139
822
839
837
835
892
892
892
895
893
1192
1192
1191
1166
1137
1142
1223
1141
887
887
886
889
838
838
968
837
967
895
894
894
957
957
960
1192
1191
1237
1239
1223
1223
1221
1231
885
890
889
889
872
872
873
967
967
962
960
960
959
1237
1250
1238
1224
1224
1220
1220
1231
890
890
872
971
970
969
964
953
953
951
1254
1251
1250
1249
1224
1224
1215
881
880
880
881
884
875
879
875
879
876
870
971
970
970
964
964
955
955
1254
955
1253
1253
1253
1253
1218
1219
1219
1229
1229
1253
1247
1219
360
345
171
360
359
360
360
349
344
345
345
432
437
432
437
443
443
442
187
169
170
171
235
235
236
236
234
236
234
219
357
357
345
354
432
432
439
439
444
444
442
442
190
174
170
235
236
219
358
357
357
357
354
355
346
425
425
425
438
180
180
200
179
198
165
230
203
231
202
238
220
221
381
376
381
376
376
355
457
457
459
458
438
181
181
200
198
162
193
204
231
202
220
209
383
378
377
473
459
458
461
408
292
179
290
204
204
211
211
209
222
380
380
378
473
474
458
454
461
290
290
308
309
309
308
312
309
281
210
210
271
271
371
373
370
370
370
370
474
468
469
453
454
454
288
323
308
311
278
279
270
270
372
373
373
370
468
469
453
453
447
317
451
288
306
311
311
312
279
278
265
264
264
271
365
368
372
367
481
466
480
480
445
447
446
294
317
304
304
275
278
265
263
263
388
387
386
367
367
845
846
920
919
926
927
307
307
307
304
1174
1209
273
1151
1151
1150
1149
819
818
818
849
846
920
919
919
927
927
1197
1176
1176
1176
1175
1146
1153
1153
1152
1153
1152
819
818
810
849
844
920
916
916
1182
1197
1182
1194
1178
1210
1164
1164
1165
1153
1153
1153
1152
812
812
843
843
918
917
917
917
1181
916
1194
1188
1188
1190
1190
1189
1165
1165
1159
1159
1140
812
811
811
839
843
844
897
897
897
1188
1190
1190
1165
1166
1135
1140
1140
886
886
887
853
839
837
896
896
893
900
956
900
1193
1193
1192
1191
1166
1168
1230
1231
1231
887
887
889
888
856
872
837
873
896
896
892
898
960
958
1192
1243
1223
1242
1234
890
888
874
873
874
873
932
962
960
959
959
958
1243
1243
1249
1249
1224
1230
885
890
885
874
870
873
970
932
963
963
953
953
1251
1251
1250
1249
1248
1249
1228
1228
880
890
881
871
871
933
970
931
969
963
953
955
947
1251
1253
1250
1249
1247
1247
1247
1226
1228
1228
1229
870
1229
362
359
363
360
328
345
327
431
431
437
440
443
443
441
440
191
183
183
184
235
184
236
234
234
237
361
363
354
355
363
332
431
439
437
439
441
441
441
442
191
191
183
182
192
192
236
239
237
356
357
354
332
332
431
430
426
438
439
190
197
190
200
200
182
192
230
231
231
240
238
239
399
399
356
355
331
430
438
408
201
201
193
199
193
231
226
238
222
400
401
399
401
402
403
472
473
458
412
408
412
408
200
201
199
199
285
193
251
230
202
211
224
222
223
401
400
401
401
402
402
472
472
470
452
454
409
292
292
292
286
309
250
251
251
211
211
257
262
261
371
391
393
468
467
467
469
452
454
289
289
289
288
287
308
287
310
252
251
252
257
262
371
386
466
468
469
465
450
289
310
310
252
257
270
263
387
388
386
384
466
465
465
450
445
446
294
294
299
299
303
310
244
255
256
264
263
388
388
388
367
848
845
465
446
446
446
293
299
303
303
303
1211
1209
255
1173
244
255
253
1150
817
817
818
849
846
845
912
913
919
919
1197
1197
1195
1195
1211
1210
1209
1173
1172
1173
1149
1149
813
818
815
849
849
842
911
915
917
913
1197
1195
1195
1170
1173
1172
1170
1170
1152
1160
1161
813
811
815
810
841
840
843
842
844
844
914
916
1194
1200
1199
1200
1164
1170
1160
1160
1162
1162
1160
853
852
813
841
843
844
897
897
909
900
900
907
1199
1202
1193
1189
1167
1167
1159
1168
1159
1162
1162
854
852
856
899
899
900
958
1202
1193
1193
1189
1166
1168
1168
1230
1232
1232
1232
851
850
850
855
856
873
905
898
899
899
900
942
942
958
1241
1240
1242
1243
1242
1242
1234
1233
1233
851
890
855
855
856
903
903
932
940
960
959
946
1244
1244
1243
1248
1230
1225
1233
1234
1234
869
869
862
874
870
935
933
931
963
940
946
950
946
1244
1244
1245
1226
1228
1226
1228
869
868
862
861
860
871
933
933
931
931
940
946
947
947
1246
1245
1248
1248
1227
1227
871
328
237
362
363
338
363
328
327
327
418
418
419
419
419
417
417
440
441
422
187
186
184
232
233
232
232
242
242
237
361
362
363
328
333
332
418
431
419
405
191
191
191
182
183
182
184
233
241
239
239
361
342
343
333
332
332
430
430
414
414
411
411
190
190
196
229
229
231
229
240
239
356
396
356
399
343
403
331
331
331
412
414
413
413
413
407
405
188
201
192
195
227
228
225
225
396
400
400
402
403
403
471
409
408
292
201
196
199
195
226
226
225
222
223
393
404
404
472
470
470
409
407
409
291
291
285
285
286
250
227
249
224
224
261
391
392
393
385
452
452
451
291
289
289
286
287
250
251
252
252
249
257
257
262
262
391
393
385
385
468
466
469
450
451
451
284
284
294
284
287
243
244
246
256
256
254
262
254
387
389
385
384
384
450
446
294
301
299
244
298
298
244
255
256
253
254
388
816
384
578
845
600
912
445
295
294
301
1211
298
1211
1209
1171
253
1150
817
816
816
848
847
911
915
915
913
293
1197
1213
1211
1214
1210
1173
1171
1173
1172
1171
1150
1150
817
815
816
815
840
848
847
847
911
912
914
914
915
1198
1198
1194
1210
1210
1169
1172
1161
1156
814
813
813
840
840
914
909
908
1199
1202
1200
1200
1167
1170
1170
1161
1163
1163
1163
1162
853
841
841
842
901
910
910
909
908
1201
1202
1202
1200
1167
1161
1162
1163
854
854
852
852
857
841
901
905
910
901
907
907
907
1241
1167
1277
1277
1267
1267
1232
854
851
850
857
857
859
858
904
905
904
905
905
898
899
942
1241
1240
1280
1242
1278
1278
1233
1233
851
869
869
856
855
858
903
904
939
939
950
942
949
1244
1241
1279
1226
1264
1225
1233
869
869
862
863
860
935
934
934
932
940
936
940
950
949
1293
1287
1287
1263
1263
1225
868
863
862
868
862
863
861
863
860
935
934
934
936
937
950
948
950
947
947
1246
1246
1245
1287
1263
1261
1227
1227
1246
335
335
338
338
328
324
328
327
326
418
415
417
421
422
187
189
186
186
185
232
233
241
242
242
242
242
51
342
361
338
338
333
327
418
410
416
419
415
417
422
189
186
185
194
233
241
241
54
53
342
342
343
343
330
330
333
414
411
411
405
405
188
189
189
194
194
229
240
240
239
54
398
342
343
329
329
330
414
414
411
406
406
188
188
196
196
195
196
228
228
228
225
225
53
396
395
395
395
403
404
329
567
412
505
504
413
409
406
407
291
285
196
195
227
228
226
59
58
223
397
395
395
394
404
571
570
503
504
502
407
291
283
286
285
248
250
248
227
226
261
223
56
392
392
393
404
467
471
601
601
502
502
283
284
287
287
248
248
249
261
260
261
391
389
390
390
393
581
601
601
602
501
297
296
300
300
243
246
246
247
256
260
260
390
386
577
578
578
600
604
605
605
604
297
297
297
301
298
243
245
247
247
253
389
795
577
577
578
744
600
747
600
605
605
293
295
301
301
297
302
301
1212
1212
245
1121
254
794
794
807
804
848
748
912
605
913
1196
1198
295
1196
1214
1208
1156
1121
807
807
807
808
804
746
748
748
915
1023
1196
1022
1196
1213
1214
1214
1171
1208
1208
1154
1154
1156
1158
1156
1158
809
805
806
742
732
914
908
1198
1203
1203
1203
1206
1169
1155
1158
1157
814
809
857
806
806
742
742
901
661
909
910
908
1013
1203
1206
1167
1268
1157
854
854
806
706
659
910
907
1201
1201
1203
1281
1280
1277
1267
1265
1265
865
850
859
859
706
859
706
905
902
902
902
906
906
941
1241
1281
1280
1280
1279
1277
1267
1278
1266
1266
866
866
866
859
859
858
858
903
904
902
938
939
943
941
941
1294
1278
1279
1279
1264
1262
1264
1262
867
867
864
864
860
935
938
936
939
944
950
949
944
1294
1295
1293
1289
1263
1263
1261
1260
1261
867
867
863
861
864
861
934
702
934
936
937
937
948
949
948
1295
1293
1287
1289
1263
1261
1261
701
324
421
335
337
338
325
325
326
326
416
415
421
423
422
189
187
186
185
47
47
42
42
51
50
51
335
337
337
337
336
325
330
326
416
416
423
424
13
19
186
12
45
44
42
44
54
54
51
340
339
340
339
336
543
410
411
424
406
13
13
12
12
194
45
46
44
44
52
54
53
339
341
341
341
330
341
329
505
499
496
11
12
10
45
43
57
398
398
394
570
567
570
505
505
504
497
497
105
10
105
107
106
227
59
58
59
59
397
397
397
394
394
571
570
504
503
503
503
504
502
501
104
104
107
106
106
249
146
58
59
392
397
582
581
581
570
599
502
502
103
104
108
245
146
246
260
390
390
584
584
580
581
580
601
602
602
296
283
296
101
116
247
247
259
258
259
259
259
585
389
585
584
578
600
604
604
603
296
302
300
116
119
245
258
259
259
795
795
795
577
798
745
745
598
747
604
605
606
606
297
295
302
1213
116
1212
1110
1108
1122
1122
1121
1121
794
795
798
795
798
798
744
745
748
747
747
729
1023
1023
302
1022
1214
1205
1214
1208
1154
1122
1109
1122
1119
1122
808
797
804
744
748
732
1022
1012
1213
1205
1208
1207
1109
1158
808
808
809
809
804
743
748
732
732
733
660
1012
1012
1017
1204
1204
1207
1207
1207
1155
1154
1155
1158
1157
802
802
803
805
805
705
742
742
732
661
1013
1203
1017
1206
1206
1282
1269
1271
1265
1157
803
803
806
707
707
705
705
659
659
662
661
661
906
1001
1013
1281
1283
1282
1268
1266
1266
1265
803
703
707
707
706
707
658
658
659
658
943
662
943
1000
1001
1284
1284
1284
1282
1275
1268
1266
712
865
702
702
656
938
943
944
944
1281
1281
1284
1275
1262
1275
1262
1260
712
712
866
866
864
698
657
938
945
941
1295
1294
1289
1289
1264
1260
1257
866
709
863
697
697
701
701
701
698
698
945
945
948
1295
1292
1292
1295
1295
1293
1289
1257
1257
1257
1257
709
698
1261
420
17
334
334
336
324
539
544
545
415
545
421
420
420
424
17
17
19
19
47
41
41
40
40
40
50
340
334
336
539
325
544
545
423
423
423
424
424
2
13
13
19
46
19
44
42
51
340
340
538
538
543
500
498
498
498
2
14
14
13
14
46
46
45
46
43
43
52
54
623
625
626
568
541
541
499
500
499
500
496
496
11
10
11
12
15
150
43
67
65
57
57
53
398
626
626
568
568
567
567
505
499
499
499
497
497
105
105
107
149
149
58
59
55
619
397
624
571
570
571
569
494
494
490
489
490
105
104
107
107
106
150
150
147
146
57
55
586
586
582
579
574
569
574
569
495
495
490
103
104
108
110
108
118
108
147
146
56
56
586
586
586
584
579
580
599
597
599
488
101
111
102
118
119
145
144
585
586
583
580
598
597
599
603
518
113
113
115
114
111
119
119
144
144
789
796
796
745
598
598
597
603
606
606
603
518
518
113
114
1112
1112
1110
1109
1120
1108
1121
789
797
798
745
746
729
729
1023
1026
1029
1029
1205
1112
1111
1109
1120
1118
792
797
798
740
746
746
730
733
729
1023
1026
1022
1018
1018
1018
1112
1111
1109
1111
1115
1119
1115
1119
792
809
800
805
800
743
743
731
732
733
1016
1012
1017
1204
1204
1205
1155
1271
1270
802
809
743
664
664
731
733
661
1016
1013
1013
1207
1102
1102
1269
1271
1268
1271
1270
1271
801
803
801
801
803
704
707
663
660
662
662
662
1001
1001
997
997
1101
1283
1283
1269
1269
1282
1269
1273
1271
710
710
703
703
664
658
666
648
1001
1000
1000
1283
1276
1276
1268
1274
1272
712
711
715
703
700
666
700
656
656
657
649
649
1000
993
1294
1284
1284
1276
1275
1274
1255
1272
711
716
712
697
697
702
693
702
700
656
657
657
649
945
1292
992
1292
1292
1290
1290
1288
1256
1258
1255
709
709
697
696
696
701
700
699
699
699
657
937
654
945
654
945
992
1292
1291
1291
1290
1286
1288
1286
1258
1288
1259
1259
1259
1259
1259
1
41
611
609
537
539
539
544
544
545
566
565
566
420
3
17
18
48
48
48
47
49
41
75
40
79
50
536
540
540
539
544
543
566
564
2
565
3
3
4
18
19
48
48
49
49
78
50
78
623
622
538
538
538
542
543
564
498
5
2
4
6
4
14
4
16
16
49
67
52
66
623
626
623
625
622
575
568
542
542
500
496
5
6
11
16
67
67
148
68
66
52
621
621
626
626
626
626
576
575
492
491
491
490
5
94
6
97
97
97
149
149
65
65
55
619
620
576
624
624
576
575
569
573
493
493
494
489
490
489
103
110
110
148
149
147
142
55
142
55
619
630
579
576
574
572
494
495
495
488
488
101
101
102
109
109
110
110
150
143
143
152
152
631
630
583
583
572
596
596
495
517
520
115
102
111
111
119
118
118
120
145
145
144
154
153
631
585
583
595
599
516
520
520
518
115
113
115
112
117
120
119
120
120
144
154
155
153
790
790
796
583
595
594
519
519
115
114
114
1110
1108
1120
1120
1118
790
790
789
789
796
764
739
745
738
730
730
730
1024
1028
1026
1030
1030
1029
1112
1112
1111
1109
1117
1118
1119
793
793
792
793
791
797
739
740
737
738
731
1024
1026
1026
1029
1030
1095
1111
1105
1114
1116
1117
1117
792
792
791
741
740
740
737
731
1033
1016
1015
1018
1021
1018
1100
1100
1100
1095
1114
1116
1116
1116
1117
799
799
799
799
800
741
741
743
664
660
660
1015
1016
1015
1015
1014
1019
1017
998
1102
1102
1114
1113
801
800
715
704
704
704
663
667
664
648
1033
1014
998
997
997
1101
1101
1102
1101
1098
1273
1273
1273
1061
1061
710
714
715
704
667
667
665
667
648
648
649
999
999
998
1007
1101
1075
1274
1274
1272
1272
710
711
716
717
715
693
693
666
666
665
650
652
651
651
993
1000
1005
1006
1076
1276
1256
1274
1255
711
711
717
716
696
693
693
689
657
655
652
654
993
994
993
1291
1285
1286
1256
1080
1258
1256
708
708
708
716
696
695
695
689
699
655
654
654
992
992
996
1291
1286
1285
1286
1285
1288
1258
1259
611
537
536
537
536
544
560
566
565
565
1
1
18
18
35
77
77
79
80
610
611
609
540
540
535
557
557
560
566
563
561
4
4
0
33
48
77
75
79
80
610
622
540
537
542
557
556
556
564
564
5
9
8
16
34
33
68
68
78
73
623
625
492
491
487
6
9
8
15
16
34
34
68
69
66
66
62
66
621
620
621
625
617
575
542
492
491
487
6
92
99
97
96
149
127
148
69
142
62
621
620
576
576
573
573
492
494
486
489
486
95
94
100
96
96
147
159
62
630
629
629
628
574
573
572
493
513
517
517
488
95
94
100
100
100
109
109
110
141
142
152
152
631
630
628
628
579
572
596
516
516
93
102
112
117
137
145
136
143
154
154
152
631
631
583
628
595
596
596
596
594
520
519
112
112
117
145
151
154
155
786
787
786
788
788
765
595
594
594
519
1028
115
1030
117
1106
1106
1118
154
1126
155
788
788
788
764
765
736
736
1024
1026
1028
1031
1031
1096
1107
1105
1126
1125
793
791
764
768
767
739
738
738
1024
1032
1032
1025
1031
1031
1097
1095
1105
1115
1115
1116
1130
793
791
767
766
766
738
737
1032
1026
1014
1019
1021
1021
1097
1095
1094
1094
1114
1117
1128
773
773
741
737
1036
1036
1019
1008
1021
1020
1100
1098
1113
1113
1113
770
771
663
694
663
667
686
665
686
998
1008
1007
1099
1099
1099
1098
1062
1062
1062
1061
713
714
714
714
694
667
687
650
652
999
1008
1007
1011
1075
1075
1062
1061
1086
1087
713
714
714
694
717
692
685
665
651
651
652
999
994
994
995
1007
1006
1011
1006
1077
1076
1086
1086
716
722
717
717
727
692
695
692
692
692
680
655
651
653
651
995
995
995
1005
1005
1006
1004
1006
1076
1081
1082
1082
1085
1085
708
722
721
720
695
689
689
655
653
653
996
996
996
996
1003
1006
1285
1004
1081
1082
1085
653
29
608
530
611
530
530
529
530
558
560
559
562
562
1
27
0
27
36
27
35
36
77
76
80
79
80
530
530
535
534
560
557
560
563
563
562
561
29
0
36
32
76
77
75
79
610
610
609
534
622
534
535
535
556
563
561
9
0
32
8
32
33
75
78
73
73
621
615
615
617
617
533
556
533
554
552
555
548
487
548
9
9
7
8
31
15
31
34
34
69
69
73
73
618
621
618
642
512
511
487
486
487
91
92
92
98
127
127
123
69
142
125
69
62
125
629
644
644
640
573
513
512
486
515
92
94
91
99
99
99
96
127
123
141
159
159
627
627
628
647
647
647
588
513
515
95
95
95
100
100
98
126
137
127
141
141
160
161
629
627
627
587
587
588
593
513
517
523
517
93
93
85
83
85
137
137
136
145
159
161
153
786
753
593
587
593
516
523
525
523
525
93
84
117
139
138
136
156
155
786
765
752
592
592
593
593
735
524
1046
524
1046
525
524
1028
1027
1027
140
1103
140
1107
1107
1107
1126
1126
153
787
788
765
592
736
1044
1046
1027
1031
1031
1096
1103
1106
1107
1105
1125
772
782
768
768
768
768
765
766
754
756
736
735
735
735
1032
1025
1052
1096
1096
1096
1094
1132
1133
1130
1130
772
773
773
768
767
767
754
735
1033
1032
1025
1020
1020
1020
1096
1097
1093
1094
1132
1129
1130
769
773
771
766
671
687
686
1035
1035
1019
1093
1132
1128
1128
1128
1060
770
769
769
771
770
771
759
672
671
687
687
686
686
1036
1036
1036
989
989
989
1008
1010
1099
1098
1062
1056
1060
769
770
777
728
677
677
685
687
684
684
991
991
988
1008
1011
1010
1075
1055
1062
1087
1087
719
713
728
727
727
680
680
684
650
987
981
988
987
1011
1005
1009
1011
1004
1077
1077
1077
1074
1086
1087
721
722
726
691
727
691
692
681
981
995
1009
1002
1003
1004
1076
1082
1080
1086
1082
1086
722
721
721
720
691
690
690
690
680
678
678
980
996
973
1003
1002
1078
1081
1079
1081
1082
1080
1085
720
529
26
608
608
529
529
558
559
559
559
562
562
29
29
29
27
26
36
35
76
71
71
71
611
611
608
613
534
535
551
559
552
551
563
561
28
24
25
24
32
33
39
72
79
70
615
612
612
533
534
533
554
551
552
555
552
550
24
24
31
30
30
33
74
74
615
612
637
554
511
555
555
548
7
7
31
30
63
63
74
74
615
618
617
644
640
641
553
512
511
487
91
92
98
128
130
125
636
643
643
644
640
646
640
507
91
90
90
128
130
127
123
160
123
125
634
635
633
643
647
647
640
588
513
515
510
90
98
126
126
135
160
160
160
634
627
647
591
514
515
525
522
90
88
85
84
84
83
83
135
137
136
131
158
161
161
158
634
784
785
587
590
523
524
525
525
521
85
82
85
140
139
138
138
158
151
784
787
753
587
592
522
1045
1027
1051
140
140
138
1127
151
1127
787
764
753
751
752
758
1046
1046
1046
1045
1052
1051
1052
1103
1103
1107
1104
1127
1127
1127
1125
782
783
762
762
756
754
757
734
1044
1048
1052
1050
1069
1104
1104
1133
1130
1129
772
783
773
763
762
754
755
734
734
1035
1037
1037
1020
1050
1097
1069
1104
1132
1133
1129
1133
1129
779
779
759
763
671
668
668
668
1035
1037
989
1020
1093
1093
1055
1056
1058
776
778
777
778
759
672
671
671
683
1034
1036
1034
991
991
991
983
983
983
1067
1055
1056
1057
1060
1060
1059
1059
774
778
728
672
672
685
683
684
987
991
988
988
1010
982
1074
1074
1091
1089
1088
726
719
774
726
728
676
677
676
685
682
977
988
981
1011
1009
1010
1067
1091
1090
1089
1089
719
721
728
725
691
676
682
682
981
981
980
980
1003
1002
1077
1073
1080
1084
1083
718
721
720
690
690
679
679
681
678
681
678
979
980
975
1002
972
1078
1078
1079
1084
1083
973
558
607
529
28
28
29
25
25
26
39
35
39
39
76
70
71
607
532
528
558
532
546
549
549
28
24
37
39
64
64
70
72
614
613
532
532
531
551
547
550
549
23
23
30
38
64
72
614
616
615
612
637
553
554
554
550
550
7
31
130
63
74
616
616
644
642
637
512
506
507
550
86
21
130
128
130
122
124
124
636
636
643
641
641
641
514
506
507
90
129
122
130
124
124
635
635
633
646
646
641
639
514
514
514
510
90
89
87
128
135
157
160
635
632
591
590
514
510
89
84
82
83
134
158
635
633
591
591
522
522
521
81
82
139
134
131
158
158
784
784
753
752
751
758
1043
522
81
81
1051
82
140
1123
139
1127
156
781
783
753
751
758
758
758
1045
1045
1052
1051
1071
1072
1072
1123
1127
1127
782
782
756
757
1044
1045
1048
1052
1050
1072
1069
1123
1133
1131
780
783
783
762
761
761
763
755
761
1041
1041
1041
1050
1048
1069
1068
1068
1133
1131
780
779
778
763
755
670
669
1034
1038
1041
986
985
986
1068
1056
1068
1054
1059
1058
778
777
760
672
1034
990
1039
985
983
982
1065
1066
1057
1056
1059
1059
776
777
677
683
683
978
990
990
983
982
1067
1057
1092
1088
719
775
728
725
677
682
675
682
977
978
988
976
1067
1073
1091
1091
1091
1089
718
676
675
681
682
978
974
975
975
975
1063
1078
1074
1073
1079
1090
718
723
726
688
679
979
979
973
972
972
1064
1079
1084
1084
1083
679
613
528
526
546
61
60
607
546
37
38
613
532
531
547
37
555
549
22
21
64
72
616
646
553
22
129
129
124
637
507
86
121
124
636
632
639
509
90
133
87
122
157
646
591
591
589
509
510
88
89
135
135
131
785
632
749
590
508
133
785
752
521
133
1124
156
781
749
757
1042
1049
1047
1071
1072
783
762
756
757
757
1040
1042
1048
1069
1070
779
986
1048
984
984
1069
1054
1054
1131
761
1040
1040
1038
1054
1058
760
669
669
1038
986
1065
1057
776
670
675
990
982
1066
1057
1092
774
725
675
674
978
976
976
1066
1092
1092
718
673
978
976
1064
1073
725
674
972
1090
607
24
38
61
23
642
531
553
63
89
86
129
636
645
509
639
157
522
156
1124
753
1124
762
781
1043
1049
1071
1040
1072
760
1058
1065
776
1039
1067
1066
1064
1090
673
979
26
61
25
38
614
526
70
23
121
506
645
506
122
645
87
134
134
749
1042
1042
1131
761
755
1054
1053
776
1039
984
670
1039
1092
674
974
976
724
978
974
1063
1079
1083
528
39
547
21
37
64
614
22
509
121
645
87
132
632
589
508
510
81
508
1043
1048
1047
1041
1038
777
985
673
1063
1090
725
975
972
526
547
549
23
61
526
550
638
132
633
639
89
132
133
785
785
508
1071
1070
1124
781
749
1040
780
670
669
780
760
669
1065
724
723
723
673
974
1064
526
547
814
814
60
527
527
618
882
638
20
20
132
589
645
589
750
132
750
1049
750
750
1049
1070
1043
1070
1047
984
541
1039
1053
1053
985
775
775
724
1063
1088
724
673
527
471
814
20
60
60
882
882
638
20
638
1236
1245
1236
471
88
1236
1236
471
197
1235
1149
198
688
775
688
198
1134
197
