2176
803
489
317
329
329
808
807
804
648
332
334
800
625
625
646
651
653
653
485
306
309
777
775
776
656
435
312
337
338
338
765
776
576
439
398
379
379
769
770
774
562
562
576
436
381
375
374
770
717
566
351
349
348
375
729
730
727
727
716
568
567
568
573
419
350
352
370
373
728
716
557
572
410
410
354
356
353
370
734
714
560
559
556
572
411
410
1915
2094
2096
733
1133
1935
1937
1914
2098
2096
2095
1133
1215
1937
1920
1919
2097
1200
1930
1924
1922
1921
2085
2090
2086
1094
1110
1200
1203
1957
1929
1924
2084
1090
1090
1094
1109
1206
1206
1205
1202
1956
1957
1925
2084
2169
2173
1330
1329
1095
1199
1205
1204
1956
1955
2013
1332
1250
2019
2019
2151
2155
2148
1344
1252
1344
1250
1249
1247
1248
2037
2037
2009
2006
2156
1338
1244
2025
2026
2007
2007
2152
2155
2155
2154
1339
1355
1238
1238
1239
1241
492
492
492
489
491
488
314
317
316
320
327
328
334
333
807
808
801
804
803
804
626
626
628
647
649
649
650
492
487
487
315
315
309
317
332
334
807
802
799
802
799
805
804
624
646
652
649
651
485
484
485
487
307
308
328
339
339
339
339
810
768
800
767
766
778
778
625
657
657
652
653
653
441
441
440
307
306
312
335
337
339
768
767
770
774
776
775
615
617
656
577
438
441
439
434
435
436
397
380
380
376
377
768
377
771
776
617
562
561
575
577
421
438
398
381
350
380
379
379
375
730
771
723
772
722
769
773
566
565
562
576
577
577
574
421
420
419
418
436
351
349
372
374
730
730
730
722
715
717
719
566
554
568
570
570
569
421
419
419
354
349
349
371
372
372
728
729
727
727
715
557
557
544
568
550
571
408
409
409
354
355
356
353
356
353
369
370
732
731
734
746
734
747
560
557
554
560
551
551
548
572
411
411
356
352
2094
370
2093
2098
2096
2067
1133
746
560
560
560
558
559
1220
551
572
1216
1932
1931
1937
1915
1914
1915
1920
1913
2107
2093
2094
2092
2098
2096
1132
1136
1133
1131
1131
1114
1115
1114
1116
1116
1220
1216
1215
1931
1932
1936
1936
1920
1919
2092
2092
2090
2089
2087
2072
1134
1134
1135
1093
1113
1115
1114
1220
1217
1218
1217
1930
1935
1929
1921
1920
2075
2085
2088
2090
2087
1090
1093
1092
1110
1201
1200
1200
1198
1202
1203
1958
1924
1922
1922
2075
2085
2082
2090
2086
2090
2173
1091
1093
1094
1109
1199
1205
1206
1204
1958
1956
1957
1926
1926
1926
1925
1927
2012
2084
2170
2174
1089
1332
1095
1095
1112
1206
1956
1957
1960
2019
2018
2012
2151
2170
2170
2175
2175
1331
1331
1330
1333
1343
1252
1252
1252
1253
1248
1204
1246
1960
2034
2034
2033
2019
2008
2013
2150
2168
2167
2147
2175
2175
1332
1331
1332
1345
1343
1250
1247
1248
2038
2024
2023
2024
2009
2009
2151
2157
2155
2148
2148
1341
1333
1356
1344
1356
1250
1240
1240
1248
1243
2039
2039
2025
2023
2026
2008
2006
2007
2152
2156
2158
2149
1339
1339
1356
1240
1240
1244
1242
1241
1242
1241
2025
321
628
490
490
489
321
317
320
327
327
334
811
807
815
812
801
806
805
627
627
647
648
649
650
491
491
486
489
487
315
314
309
320
316
326
328
326
331
331
809
812
802
805
805
628
620
655
654
659
659
485
509
477
311
309
311
324
323
336
753
809
753
752
753
765
766
777
780
625
614
657
658
662
441
502
509
509
440
477
313
335
339
754
768
766
779
779
613
657
612
660
661
661
437
440
433
434
433
313
397
391
397
380
376
385
771
771
772
774
774
616
617
617
575
575
438
434
396
396
394
397
378
375
385
725
723
718
566
564
573
574
424
424
347
395
373
372
725
730
721
719
720
719
545
567
564
421
409
423
417
344
345
347
345
341
348
342
731
738
744
714
720
747
555
555
545
544
547
546
570
549
408
415
415
345
340
341
340
341
371
366
365
732
737
738
734
747
745
747
743
552
551
550
549
414
1913
355
2107
2094
366
2068
2066
733
747
1131
747
553
1219
548
1210
1940
1937
1937
1912
2107
2104
2103
2091
2067
2066
1136
1138
1131
1135
1119
1121
1121
1120
1216
1220
1217
1931
1931
1941
1934
1918
1918
2104
2092
2097
2072
1138
1137
1135
1114
1118
1116
1220
1221
1217
1218
1930
1939
1938
1934
1933
1934
1924
1917
1917
2080
2083
2089
2072
1138
1093
1100
1107
1110
1108
1201
1198
1190
1966
1965
1928
1927
2077
2083
2090
2048
1090
1104
1091
1102
1111
1112
1197
1196
1962
1928
1927
2075
2083
2076
2076
2082
2172
1088
1104
1102
1112
1112
1199
1256
1195
1963
1964
1963
1961
1960
2022
2013
2022
2168
2170
2167
2169
2174
1327
2172
1326
1329
1346
1257
1256
1256
1195
1194
2036
2034
2034
2032
2021
2020
2022
2151
2168
2147
2171
2149
1327
1326
1346
1344
1257
1254
1245
1246
1245
2036
2032
2021
2010
2157
2158
2149
1340
1342
1342
1345
1342
1350
1357
1233
1233
1243
2039
2039
2038
2036
2025
2030
2024
2027
2009
2011
2011
2010
2153
2157
2158
2145
1338
1342
1355
1341
1359
1359
1358
1358
1239
1237
1237
1236
1242
1359
1237
1237
478
322
628
479
480
479
481
478
322
321
322
319
325
295
296
814
814
812
792
806
787
623
622
671
673
671
674
674
673
659
483
479
318
505
319
326
283
280
815
811
813
813
793
783
621
622
674
659
501
509
477
507
477
310
311
324
326
323
281
753
810
755
781
780
621
620
614
612
655
670
662
662
502
508
509
508
496
310
311
272
324
336
336
754
754
749
780
781
780
615
612
654
662
661
441
431
432
392
392
384
385
389
754
748
760
618
618
613
619
660
596
426
431
431
396
392
394
382
382
725
698
761
762
761
761
718
762
563
619
564
597
598
425
424
416
428
432
417
396
407
403
393
383
382
725
724
724
721
564
545
581
570
422
423
423
417
347
343
368
368
365
738
367
736
736
721
743
720
555
546
546
547
606
598
413
413
413
415
344
343
342
368
359
368
366
738
737
744
742
555
553
546
606
605
451
455
454
415
451
2106
2105
2105
2068
2067
2065
736
745
739
740
1117
1121
552
1214
1209
1210
1209
1940
1940
1913
1913
2107
2103
2063
2071
2066
2066
1125
1137
1130
1117
1119
1120
1219
1222
1212
1214
1212
1940
1941
1934
1916
2104
2064
2071
2071
2069
2070
1138
1127
1101
1118
1118
1121
1108
1223
1223
1223
1212
1945
1939
1917
2079
2081
2080
2088
2047
2072
2073
1127
2049
1126
1127
1101
1099
1106
1105
1223
1221
1191
1965
1923
1945
1927
1917
2081
2077
2076
2048
1089
1103
1103
1111
1105
1197
1191
1190
1966
1963
1962
1968
1962
2074
2075
2076
2165
2164
2172
2048
1104
1104
1328
1102
1106
1105
1197
1195
1195
1964
1963
1961
1962
2016
2020
2016
2017
2115
2115
2165
2165
2162
1327
1328
1347
1257
1257
1229
2032
2031
2017
2022
2014
2015
2115
2147
2172
1335
1335
1326
1349
1347
1348
1232
1253
1246
2005
2032
2029
2030
2015
2015
2153
2143
2143
2144
1334
1335
1340
1350
1350
1350
1233
1348
1227
1224
2035
2036
2029
2029
2030
2135
2153
2136
2158
2145
1337
1337
1336
1357
1359
1357
1354
1354
1353
1354
1235
1226
1225
1225
2011
1235
483
481
480
479
521
322
318
300
300
296
296
815
815
814
793
783
787
786
789
623
623
672
672
674
664
482
483
476
519
523
519
279
282
283
282
281
281
796
793
798
785
787
788
787
638
672
666
664
501
506
506
518
274
275
275
284
280
283
797
797
783
749
798
784
638
637
640
632
669
667
665
503
504
509
505
273
273
285
286
749
749
751
750
638
639
629
670
668
426
426
496
430
496
495
405
391
394
394
390
387
390
755
748
762
764
763
642
764
642
612
635
601
601
602
426
425
431
427
430
430
407
405
402
404
382
389
698
759
697
761
764
711
618
636
618
579
579
598
596
424
428
430
406
429
407
403
403
383
700
699
698
702
708
721
708
711
585
578
584
580
598
422
416
347
406
343
359
364
700
706
713
713
580
581
606
458
458
452
453
346
358
360
359
362
363
694
735
736
740
742
741
594
593
593
606
604
454
457
451
450
1911
2106
360
362
361
362
694
740
739
742
742
1155
1151
594
1159
592
593
604
1208
1948
1954
1954
1911
2106
2102
2101
2063
2063
2068
2070
1125
1125
1125
1124
1154
1155
1119
1156
1158
1210
1208
1939
1954
1953
1909
1909
2102
2101
2062
2064
2057
2069
1129
1129
1107
1158
1157
1162
1163
1212
1163
1165
1939
1944
1949
1943
1909
1905
1909
2079
2080
2079
2045
2073
1128
1129
1127
1099
1098
1161
1160
1222
1164
1164
1211
1970
1945
1945
1943
1908
2080
2046
2044
2047
2046
2048
2051
2049
1140
1103
1100
1096
1105
1160
1160
1197
1193
1192
1968
1967
2016
2164
2160
2162
1312
1312
1104
1310
1325
1323
1097
1255
1255
1193
1192
1229
1968
1968
1995
1996
1973
2016
2109
2165
2163
2166
2160
2162
1311
1309
1310
1325
1325
1325
1323
1255
1228
1229
1229
1990
1996
1996
1996
1972
2112
2113
2114
2166
2162
1311
1310
1324
1320
1348
1282
1254
1227
1231
1230
1230
2005
2003
2001
2014
1981
2135
2135
2136
2143
2144
2144
1295
1335
1315
1349
1352
1233
1227
1235
1227
2004
2003
2002
1982
1981
1983
2135
2134
2143
2134
2142
2145
1337
1337
1351
1352
1354
1281
1226
1224
1983
526
664
534
524
525
526
520
520
300
298
298
297
295
296
294
294
293
790
791
792
788
789
677
675
679
679
679
679
664
483
532
524
521
518
279
300
279
298
795
793
798
785
784
789
789
676
676
678
669
665
531
536
523
519
519
275
279
275
285
278
284
286
797
798
785
640
640
640
639
669
667
504
536
507
538
494
494
493
494
274
273
272
288
287
288
286
796
794
750
638
643
645
631
630
630
504
504
503
496
494
498
401
390
390
759
757
756
764
644
635
635
630
602
602
475
449
498
405
400
402
387
387
388
758
698
759
760
763
709
642
634
636
635
579
427
474
448
448
404
387
386
700
700
699
704
707
712
710
711
712
585
579
580
597
596
456
456
453
447
407
358
404
364
364
364
701
687
696
701
708
712
585
591
584
580
604
603
608
455
457
453
452
444
359
363
695
683
680
713
706
681
592
593
591
608
604
458
1952
451
443
2099
357
2100
362
695
696
683
1153
681
1155
1151
1159
607
1207
1954
1954
1953
1910
2100
2061
2062
2063
2058
693
1123
1150
1154
1155
1152
1158
1174
1158
1156
1156
1208
1208
1946
1947
1954
1949
1907
1911
1905
1904
2102
2102
2061
2062
2058
2057
1123
1129
1153
1152
1174
1157
1156
1165
1947
1949
1943
1905
1906
2040
2047
2050
1128
1140
1139
1099
1099
1173
1161
1162
1171
1170
1172
1171
1969
1905
1907
2041
2044
2045
2045
2050
2051
1140
1142
1140
1144
1097
1160
1172
1172
1970
1971
1969
1943
1979
2110
2111
2108
2164
2042
2159
2056
1312
1322
1096
1267
1267
1266
1258
1193
1971
1990
1995
1994
1994
1973
1978
2109
2110
2109
2109
2111
2164
2160
1312
1314
1325
1322
1321
1267
1269
1268
1231
1989
1990
1990
1993
1972
1973
2113
2114
2124
2118
2161
1309
1299
1320
1315
1319
1268
1268
1268
1230
2005
2005
2002
1987
1980
2141
2134
2140
2114
2132
2131
2127
1295
1292
1319
1282
1281
1279
1280
1230
2004
1997
2002
1999
2001
1988
1983
1982
1981
2133
2141
2134
2131
2128
2128
1294
1295
1295
1293
1293
1351
1352
1281
1280
1283
1286
1285
1293
534
534
522
526
526
511
517
510
299
298
304
290
292
294
791
1029
1029
1027
1027
677
993
678
679
679
666
663
1014
531
532
523
523
516
516
303
302
305
302
304
289
294
790
1026
1027
1025
990
991
666
1013
1014
535
536
538
541
517
276
515
288
301
190
795
794
795
1036
1035
1024
645
991
675
669
668
1006
536
543
538
514
499
514
277
285
287
189
189
1050
1036
756
751
645
1023
645
631
632
630
668
821
469
538
537
537
497
500
499
277
401
271
271
288
388
265
239
759
757
1023
643
642
633
629
821
820
602
470
471
475
471
498
498
399
267
402
239
238
704
703
704
704
710
709
641
634
633
600
600
599
475
473
475
449
399
400
245
245
241
239
686
702
708
710
710
589
582
583
610
600
473
466
464
446
446
447
358
243
243
241
695
687
686
684
705
589
583
588
582
608
611
466
458
445
443
442
358
248
253
254
242
691
695
691
682
680
705
590
587
587
591
457
1950
445
445
444
1715
443
1701
249
254
252
692
692
682
693
690
683
683
1148
1184
591
1360
608
1951
1711
1952
1709
1911
1702
2099
253
2058
2059
1122
693
1150
1149
1183
1167
1360
1951
1950
1946
1732
1727
1907
1701
1700
2058
2060
1123
2060
1123
1150
1149
1152
1174
1176
1176
1175
1180
1167
1166
1166
1166
1949
1728
1907
2040
2040
2043
2053
2053
1142
1141
1146
1143
1174
1179
1170
1171
1947
1719
1942
1725
1726
1906
2040
2043
2054
2052
2055
2053
2056
1142
1144
1179
1259
1172
1971
1970
1979
1979
2121
2054
2056
1313
1316
1144
1322
1322
1274
1259
1260
1261
1992
1992
1994
1979
1978
1975
1977
2108
2122
2124
2123
2122
2160
1314
1313
1316
1318
1318
1273
1267
1269
1272
1265
1265
1991
1992
1998
1994
1975
1974
1975
2112
2121
2123
2124
2124
2119
1297
1314
1306
1271
1273
1270
1271
1264
1265
1265
1999
1998
1997
1986
1981
2140
2132
2129
2119
2118
1299
1298
1299
1319
1301
1319
1278
1281
1280
1284
1285
1286
2000
1999
1988
1985
1988
1985
2138
2141
2141
2131
2131
2128
1294
1299
1292
1301
1301
1278
1276
1279
1283
1283
2137
511
292
533
528
525
513
513
510
303
304
290
290
291
1034
1028
1029
1029
1027
992
992
993
1019
1014
1016
1016
534
527
528
517
528
511
516
303
305
302
290
195
1034
1031
1026
1025
1024
991
1012
1018
1011
1014
1013
542
542
542
543
517
182
302
194
196
190
1036
1036
1035
1033
1025
1021
987
987
990
1011
1012
1005
543
540
543
540
515
540
276
270
271
188
1049
1033
1023
1022
986
816
469
468
541
499
126
124
268
271
271
260
260
1050
1050
1051
1023
928
644
821
817
821
823
470
468
469
472
500
499
124
268
264
267
264
269
256
239
932
932
927
929
929
634
838
818
823
474
470
472
446
134
123
244
241
240
931
934
926
589
844
588
600
463
464
463
461
446
130
134
245
243
243
691
687
685
931
948
589
586
611
610
609
610
611
464
465
465
462
443
249
248
254
253
689
685
684
948
947
587
587
611
609
465
1711
465
445
1708
1714
1714
249
1703
247
254
252
250
690
688
685
1148
948
1184
1186
1186
1362
1363
1363
1361
1710
1711
1709
1711
1716
1715
1715
1715
1701
1703
1702
1752
2059
1532
689
1533
1147
1181
1148
1188
1189
1189
1189
1367
1361
1360
1732
1733
1728
1716
1703
1703
1756
1626
1150
1148
1183
1145
1189
1166
1718
1733
1718
1728
1726
1707
1701
1706
1757
1755
1826
2053
1620
1625
1145
1145
1176
1177
1178
1179
1177
1178
1180
1169
1717
1718
1720
1728
1720
1804
2041
1706
1758
2055
1619
1142
1622
1146
1143
1613
1179
1168
1169
1168
1722
1720
1720
1872
1977
1803
2120
1802
2042
1818
1818
2054
2056
1616
1621
1601
1606
1274
1259
1260
1260
1260
1722
1870
1976
1977
1977
1872
1811
2121
2121
2122
2117
2116
2116
1615
1615
1609
1317
1608
1273
1273
1258
1262
1883
1992
1975
2139
2140
2117
2116
2117
1296
1296
1318
1318
1270
1271
1272
1263
1289
1881
1880
1998
1998
1987
2139
1813
2127
2125
1297
1308
1303
1278
1276
1275
1289
1290
1999
1879
1988
1986
1984
1985
1985
2137
2138
2130
2128
2126
1305
1306
1305
1306
1301
1302
1300
1278
1276
1287
1284
1290
2000
2130
1283
198
1041
529
530
530
512
513
185
184
304
184
292
292
198
198
1042
1042
1030
1031
999
995
1019
1019
1019
1018
1016
533
529
527
36
513
186
183
197
198
197
196
195
1043
1032
1042
1031
992
1021
992
1018
1016
533
528
35
34
39
194
193
193
187
1039
1037
1038
1033
1033
998
986
988
987
987
1008
1005
1006
13
8
540
39
38
39
270
194
194
191
188
188
1052
1053
1053
1020
1021
838
989
1008
1008
817
816
1005
467
543
11
126
126
125
125
269
271
266
265
259
260
1053
1053
1052
840
838
822
823
831
468
468
10
131
126
124
124
264
256
260
256
262
1049
934
927
929
927
839
837
840
849
817
823
460
459
129
130
132
135
135
135
263
255
256
931
933
932
926
928
844
923
847
847
818
828
460
459
461
461
105
134
109
108
245
241
941
936
934
951
949
844
829
460
461
105
104
109
109
246
247
691
942
940
940
948
936
951
946
841
852
1698
462
1712
1712
107
107
246
247
253
251
250
251
688
689
935
1182
1182
1185
1187
1362
1186
1360
1699
1708
1713
1714
1704
1752
1753
1751
1530
1533
1562
1181
1182
1188
1187
1366
1365
1695
1731
1730
1713
1705
1705
1752
1757
1752
1531
1531
1532
1624
1624
1626
1560
1176
1188
1375
1375
1366
1382
1367
1733
1733
1733
1727
1731
1707
1707
1764
1757
1756
1630
1623
1625
1625
1145
1370
1380
1377
1381
1724
1718
1725
1804
1803
1758
1757
1826
1826
1619
1620
1614
1613
1614
1429
1377
1430
1380
1169
1378
1724
1721
1722
1722
1719
1873
1805
1802
1817
1818
1825
1826
1619
1618
1621
1601
1607
1609
1607
1429
1428
1429
1429
1431
1438
1883
1882
1870
1873
1803
1818
1811
1820
1616
1617
1600
1601
1432
1431
1263
1443
1261
1883
1883
1875
1870
1836
1810
1812
1813
1813
1813
1820
1821
1617
1593
1308
1609
1609
1459
1461
1262
1289
1443
1879
1880
1881
1880
1837
1839
1838
2139
1845
1812
1834
1832
1822
1304
1307
1307
1303
1307
1461
1461
1277
1276
1291
1291
1878
1879
1842
1842
1838
1839
1844
1845
2130
2129
1833
2126
1832
2125
1832
1305
1305
1308
1302
1303
1590
1457
1461
1458
1288
1458
1287
1288
1291
1291
1290
1044
1017
5
50
48
37
37
186
185
184
176
200
200
199
1044
1041
1030
1002
1001
1002
995
994
995
1017
1017
975
1004
48
50
37
36
186
183
183
200
1040
203
1040
1044
1043
1054
999
1000
1002
996
997
1003
1004
1003
4
50
35
34
35
39
182
192
192
1039
1040
1040
1038
1037
1038
1038
1021
1000
998
1009
1005
1007
4
11
13
9
41
41
119
41
180
192
188
1047
1046
1052
989
988
835
836
1010
1008
831
13
13
10
16
9
11
120
120
121
266
258
261
262
1045
1046
1046
925
924
838
835
825
832
831
12
14
128
129
128
132
120
133
122
264
266
258
257
262
218
262
919
923
923
839
848
849
830
829
830
84
83
129
131
132
133
258
211
211
220
220
220
931
930
920
933
919
918
840
849
848
856
828
84
79
130
102
135
109
118
210
219
220
942
934
936
936
949
951
945
944
844
847
841
853
852
77
78
105
108
208
209
217
217
942
941
942
937
951
950
943
945
943
946
841
853
853
852
1697
1699
1694
105
107
106
216
1535
939
940
950
1186
1373
1365
1373
1364
1699
1697
1699
1698
1694
1712
1739
1704
1766
1754
1754
1753
1753
1535
1530
1563
1563
1561
1181
1560
1374
1376
1376
1365
1364
1696
1696
1696
1695
1685
1730
1713
1740
1765
1767
1753
1531
1531
1536
1562
1562
1559
1560
1374
1376
1384
1382
1383
1689
1690
1685
1730
1741
1741
1764
1765
1763
1631
1629
1624
1624
1625
1614
1605
1614
1612
1370
1384
1381
1379
1382
1690
1723
1724
1690
1730
1729
1741
1809
1807
1816
1824
1631
1630
1631
1619
1631
1629
1603
1602
1613
1611
1380
1378
1724
1663
1876
1805
1873
1805
1808
1807
1809
1824
1824
1628
1618
1622
1599
1605
1611
1606
1610
1435
1431
1430
1436
1436
1439
1884
1877
1874
1852
1806
1807
1815
1814
1817
1823
1821
1821
1618
1599
1601
1608
1434
1431
1443
1440
1440
1884
1885
1885
1875
1874
1837
1852
1850
1811
1811
1830
1819
1830
1820
1822
1617
1585
1584
1453
1432
1442
1444
1444
1886
1886
1885
1875
1836
1837
1837
1845
1835
1835
1829
1831
1595
1597
1589
1584
1460
1461
1444
1445
1445
1446
1879
1897
1880
1897
1843
1838
1838
1844
1835
1835
1834
1832
1594
1593
1589
1590
1461
1460
1457
1456
1454
1446
1446
47
47
46
50
45
186
176
175
203
202
1059
1061
1059
1002
1002
994
994
974
974
5
49
49
43
45
179
179
181
176
200
202
201
1061
1058
1061
1001
1002
996
1010
974
976
6
3
44
41
40
178
180
181
191
187
1048
1074
1074
1076
1076
997
1010
1010
976
984
6
9
164
168
169
1048
1047
1071
1072
1075
1077
835
835
1009
832
827
832
976
14
16
15
8
15
120
122
167
169
169
1046
1045
900
925
885
836
884
834
825
824
832
14
16
127
119
121
115
163
258
207
261
215
214
925
898
925
924
833
883
831
82
84
82
128
128
115
114
206
206
207
204
220
215
212
921
921
921
921
919
919
846
849
881
882
84
83
79
78
103
115
117
211
211
220
920
937
944
904
846
943
846
857
855
856
76
76
77
72
102
116
118
117
118
217
232
938
937
943
843
855
851
850
1692
1691
1692
1691
1693
1739
107
103
208
217
1534
940
1563
950
1408
1373
1365
851
1372
850
1694
1693
1694
1683
1738
1767
1761
1538
1535
1534
1549
1563
1561
1403
1376
1373
1386
1688
1685
1686
1685
1741
1740
1766
1767
1543
1543
1542
1537
1556
1555
1558
1560
1406
1375
1384
1383
1388
1690
1690
1665
1661
1734
1765
1764
1544
1543
1627
1537
1556
1556
1557
1612
1421
1422
1390
1384
1393
1644
1664
1664
1764
1789
1628
1627
1603
1602
1504
1605
1389
1380
1389
1378
1647
1663
1808
1851
1809
1807
1792
1816
1792
1598
1603
1604
1605
1611
1611
1435
1434
1437
1436
1438
1884
1877
1877
1876
1851
1808
1814
1784
1781
1824
1599
1599
1586
1588
1435
1442
1436
1441
1441
1895
1885
1890
1852
1890
1851
1850
1815
1830
1827
1820
1821
1575
1596
1597
1586
1583
1586
1582
1433
1454
1444
1441
1898
1898
1889
1890
1889
1849
1843
1852
1849
1847
1847
1829
1830
1828
1827
1596
1597
1591
1583
1581
1584
1581
1582
1454
1455
1452
1452
1445
1447
1897
1898
1900
1891
1843
1846
1847
1835
1835
1828
1596
1595
1594
1592
1592
1584
1456
1455
1456
1451
1448
1828
1062
53
47
47
43
42
43
45
170
177
175
174
203
1060
1059
1061
1059
1055
1055
966
966
968
969
973
974
972
43
45
66
66
177
179
177
175
146
201
203
1069
1061
1054
967
968
971
983
975
6
6
49
66
65
64
67
179
181
139
139
1069
1073
1076
1072
1078
961
982
984
985
985
1
7
2
2
24
67
164
62
152
168
152
138
166
139
1084
1074
1083
1072
1078
1076
1078
1077
961
982
982
983
985
1
0
16
24
91
164
169
166
165
213
1083
898
899
885
833
834
825
825
827
827
827
877
81
23
74
91
115
206
163
169
154
898
213
212
900
900
900
885
885
834
883
883
876
81
71
75
72
74
86
92
206
205
215
215
214
895
897
897
884
904
842
845
880
883
882
81
79
79
72
73
116
118
205
205
204
219
938
223
895
894
894
902
902
846
854
879
855
857
1692
1671
113
116
113
209
230
230
229
232
938
917
901
906
908
907
859
855
1679
1670
1672
111
112
111
113
1762
230
1539
230
1541
231
231
1535
1553
1554
902
1547
906
1408
1410
1410
1409
1386
851
1679
1673
1739
112
1762
1539
1538
1554
1552
1549
1550
1402
1409
1410
1406
1385
1687
1684
1684
1683
1686
1673
1739
1734
1737
1736
1767
1760
1759
1760
1544
1536
1545
1550
1558
1548
1421
1407
1407
1388
1387
1688
1687
1684
1662
1662
1662
1735
1760
1543
1546
1545
1551
1499
1558
1558
1557
1418
1422
1391
1393
1393
1646
1645
1665
1661
1799
1797
1791
1790
1546
1499
1422
1419
1392
1393
1393
1392
1648
1648
1648
1644
1645
1658
1659
1799
1801
1798
1792
1791
1792
1789
1789
1789
1628
1575
1498
1605
1579
1478
1422
1390
1426
1439
1648
1648
1658
1660
1865
1865
1784
1798
1783
1783
1781
1786
1574
1578
1578
1588
1478
1478
1437
1487
1488
1895
1647
1888
1888
1887
1866
1784
1784
1780
1781
1573
1575
1575
1578
1585
1580
1588
1475
1450
1475
1433
1476
1489
1489
1900
1899
1890
1848
1888
1849
1867
1771
1769
1597
1576
1587
1592
1581
1453
1450
1452
1448
1452
1489
1901
1901
1900
1900
1849
1847
1854
1853
1854
1771
1769
1768
1596
1565
1591
1581
1471
1450
1449
1450
1451
1451
1447
1891
58
1057
51
52
57
58
171
173
173
172
174
1063
1065
1063
1062
1070
1057
966
968
955
970
969
972
54
52
54
52
63
66
144
173
145
145
175
143
1070
1068
1070
1055
963
968
967
981
971
972
7
2
3
65
67
67
150
151
145
152
146
142
1070
1074
1078
963
960
961
984
985
2
20
20
164
161
152
152
139
1087
1071
1082
961
982
870
978
977
1
1
24
24
89
90
89
162
161
166
166
1084
899
887
874
877
26
75
22
86
91
87
92
154
221
222
221
886
886
874
870
883
883
876
81
26
71
71
73
87
92
92
157
160
224
221
897
887
904
880
879
875
875
70
70
72
101
159
237
232
237
224
223
892
893
892
896
917
912
904
880
866
861
861
860
860
80
1682
1681
99
110
237
236
232
233
234
895
916
895
902
905
905
907
858
857
1678
1679
1670
111
111
235
1540
1554
1547
1547
906
908
1397
858
1400
1679
1673
1669
1737
1672
1761
1539
1540
1541
1540
1552
1554
1551
1547
1402
1410
1408
1407
1395
1386
1386
1676
1666
1667
1669
1736
1737
1750
1759
1545
1526
1552
1548
1520
1403
1406
1395
1388
1388
1677
1667
1665
1650
1650
1735
1735
1760
1796
1522
1546
1497
1505
1505
1504
1417
1417
1420
1394
1391
1427
1393
1642
1642
1665
1650
1799
1797
1796
1796
1788
1497
1499
1511
1510
1420
1419
1426
1368
1646
1646
1659
1658
1659
1801
1800
1801
1798
1788
1790
1785
1785
1499
1500
1511
1512
1512
1465
1478
1425
1426
1426
1488
1427
1487
1633
1648
1660
1659
1801
1800
1782
1782
1779
1786
1573
1580
1580
1580
1478
1477
1495
1488
1488
1634
1902
1632
1635
1867
1868
1869
1869
1866
1782
1781
1573
1572
1579
1576
1467
1475
1492
1491
1489
1490
1903
1902
1888
1892
1867
1869
1866
1770
1769
1774
1567
1564
1587
1475
1474
1485
1485
1482
1482
1901
1902
1892
1856
1856
1853
1854
1770
1771
1771
1860
1769
1564
1567
1471
1473
1470
1471
1486
1481
1482
1565
173
51
58
1065
1065
1069
1064
1057
1057
959
965
965
959
955
970
970
53
58
57
170
61
147
146
1065
1065
1070
964
965
957
957
980
979
30
29
64
61
62
144
151
142
143
1066
1080
962
962
956
980
31
32
33
33
19
62
150
152
141
142
1085
1080
888
978
980
32
33
23
20
20
162
158
153
142
1087
1082
888
889
873
868
870
877
25
26
22
86
90
90
160
156
154
222
874
872
872
870
876
28
27
22
69
86
88
88
157
160
160
154
221
893
891
890
903
866
876
27
69
101
100
159
225
228
916
915
897
910
861
28
68
101
99
236
237
234
914
917
911
912
859
859
861
1682
1682
1671
1743
1742
1747
1524
236
233
913
1518
917
915
1405
906
1396
864
1680
1676
1668
1743
1750
1747
1746
1524
1540
1554
1520
1518
1519
1404
1397
1397
1400
1674
1674
1748
1746
1522
1526
1525
1514
1520
1416
1418
1404
1395
1401
1643
1677
1677
1667
1652
1652
1649
1748
1651
1529
1528
1528
1505
1514
1506
1417
1414
1395
1371
1643
1643
1657
1650
1655
1656
1796
1787
1497
1527
1509
1509
1510
1510
1424
1417
1427
1369
1369
1641
1658
1654
1656
1788
1500
1502
1501
1511
1512
1424
1465
1424
1427
1369
1369
1633
1634
1864
1777
1777
1779
1778
1500
1512
1577
1465
1477
1494
1495
1633
1632
1653
1864
1869
1862
1862
1776
1779
1774
1573
1577
1467
1477
1491
1492
1495
1490
1902
1868
1861
1858
1773
1772
1567
1569
1569
1568
1466
1471
1484
1484
1485
1479
1903
1893
1892
1856
1857
1775
1566
1567
1565
1473
1473
1485
1480
1480
1482
1860
54
56
171
147
955
953
30
147
965
957
63
60
60
137
963
149
140
1086
1080
978
978
32
85
149
1087
889
874
868
18
141
1085
868
878
26
69
88
158
227
912
890
872
865
96
101
100
98
159
227
228
914
912
872
866
1682
69
1742
100
228
911
1681
1742
234
909
1400
864
1680
1749
1750
1524
1515
1518
1517
1520
1666
1669
1749
1749
1750
1522
1529
1515
1416
1412
1642
1506
1514
1506
1506
1415
1411
1411
1401
1652
1795
1788
1501
1411
1371
1654
1794
1794
1500
1508
1465
1425
1635
1654
1862
1502
1577
1464
1424
1495
1633
1639
1863
1777
1779
1571
1468
1463
1484
1494
1636
1862
1775
1571
1467
1483
1893
1773
1472
1479
30
1079
958
954
1066
17
60
149
869
891
890
889
27
96
156
97
865
235
864
1397
1668
1396
1669
1675
1521
1516
1416
1529
1416
1656
1368
1462
1640
1777
1467
1463
1469
1484
1858
1775
1056
954
1067
959
30
55
979
1086
867
156
17
158
871
96
914
910
910
1742
1524
1526
1398
1652
1655
1412
1414
1640
1503
1507
1864
1502
1494
1794
1570
1571
1863
1772
1571
1469
1486
1480
56
959
137
1080
962
957
31
1087
156
868
96
890
862
27
98
225
155
914
226
1523
1526
1514
1528
1502
1639
1508
1855
1468
1493
1855
1569
1473
56
137
1067
1067
953
148
140
18
863
21
93
227
862
909
1680
1681
226
1518
1405
1401
1675
1749
1529
1643
1656
1793
1641
1654
1794
1462
1859
1638
1638
1857
1569
1469
56
136
1841
1841
953
59
59
1213
1894
93
1081
1081
863
97
95
98
1745
865
1745
1516
1744
1744
1516
1405
1521
1412
1513
1507
826
1503
1413
1413
1496
1636
1637
1859
1463
1493
1859
1858
782
819
1841
1081
952
952
1894
1894
94
1081
94
1896
819
1896
1871
228
1251
1234
1234
819
2028
412
1316
1399
1637
1399
330
2028
330
