544
90
221
221
228
228
86
86
90
105
210
211
86
92
105
105
102
102
102
266
225
225
91
91
92
113
263
225
210
211
211
88
91
112
264
246
247
248
88
97
97
113
113
112
264
247
248
248
78
78
113
250
247
250
248
77
79
77
78
78
126
126
122
121
253
250
254
251
251
77
78
123
122
262
262
253
252
252
251
80
83
124
124
123
122
262
262
405
521
519
80
512
407
405
405
519
519
519
512
476
407
392
392
519
477
404
407
392
392
523
523
525
478
483
483
493
387
407
386
378
524
524
510
483
493
493
493
493
387
387
380
378
526
524
524
541
495
496
494
494
387
387
379
537
495
380
377
379
536
535
527
495
527
495
498
497
497
382
382
376
375
536
536
498
382
376
375
374
374
536
536
536
531
527
498
500
498
498
224
224
224
224
224
223
221
227
228
227
228
228
206
206
206
86
86
90
90
90
90
90
89
105
105
105
102
224
224
221
221
225
225
227
206
206
86
86
85
85
90
90
90
105
105
102
102
102
224
266
266
222
225
225
225
211
211
211
211
85
88
85
85
85
91
92
105
113
113
112
102
102
264
266
263
263
225
225
210
211
211
87
88
88
91
91
91
92
113
113
112
264
264
264
264
264
263
246
247
247
248
248
88
248
88
91
113
113
112
112
112
255
255
246
246
246
247
247
248
248
79
79
79
78
78
78
83
97
126
112
121
112
121
121
255
255
255
253
246
250
247
249
249
77
79
79
78
83
78
83
126
126
126
122
122
121
255
262
253
254
250
250
250
251
249
77
77
77
77
83
124
124
126
122
119
122
262
261
262
253
253
254
252
252
251
251
251
76
76
77
80
80
82
124
124
123
124
119
119
119
122
262
262
253
252
521
251
521
519
519
519
512
80
124
124
124
123
123
478
119
122
476
404
404
405
405
405
405
392
391
391
521
521
521
519
519
519
512
512
512
513
478
478
478
479
478
476
476
476
404
404
407
407
405
391
392
521
523
523
523
523
512
512
510
510
478
478
478
477
477
476
476
404
407
407
407
392
392
392
523
523
524
510
510
510
483
477
477
477
477
477
493
404
386
380
380
378
378
526
525
525
525
524
510
510
483
483
496
493
493
493
387
387
386
386
386
380
380
381
379
378
526
525
524
537
541
495
496
494
387
387
387
380
380
380
379
526
526
526
525
537
537
537
528
528
495
495
495
495
495
494
494
385
385
385
385
377
375
375
526
379
526
535
537
535
537
537
528
528
528
498
497
497
382
382
376
385
377
377
374
536
536
536
535
531
528
527
527
500
498
500
498
497
497
382
382
376
376
376
375
375
375
374
374
536
536
531
531
527
498
498
497
501
497
501
497
382
221
89
224
224
223
221
227
227
228
206
206
206
206
205
86
86
89
89
89
105
104
104
102
102
223
223
223
223
222
225
222
225
227
228
226
228
207
207
207
86
85
85
89
89
89
92
104
103
103
103
223
266
222
226
226
226
210
210
207
87
87
87
87
87
85
85
91
92
92
92
111
103
103
266
266
266
265
266
263
243
210
211
87
88
88
91
92
110
113
111
111
103
111
266
264
264
263
263
263
243
243
247
247
248
248
79
88
97
97
97
97
110
111
111
112
255
264
246
243
241
247
241
249
249
79
78
83
126
126
121
121
255
256
254
243
250
249
79
79
84
83
83
83
125
126
122
255
261
261
254
254
254
254
254
254
250
241
76
76
82
83
83
82
124
125
125
125
119
119
122
120
261
262
253
253
254
252
250
252
251
251
251
76
76
76
76
80
80
80
82
123
123
119
120
262
405
252
391
521
239
518
518
80
80
513
82
123
478
119
490
403
403
406
405
391
391
391
520
518
518
513
513
513
513
479
479
479
479
476
477
476
404
404
403
406
406
391
392
521
521
523
512
511
513
479
483
479
478
477
492
476
404
403
403
406
407
406
407
406
394
393
392
522
523
512
511
510
483
483
482
482
477
491
404
389
386
381
393
378
525
525
524
511
510
541
483
482
493
493
386
381
381
381
378
378
378
361
525
541
541
541
482
482
496
496
493
389
385
389
387
386
381
379
381
379
378
526
526
525
537
538
541
541
528
496
496
496
494
494
385
385
385
384
377
377
377
379
379
364
535
538
537
528
528
527
499
499
494
494
494
383
383
377
374
374
364
535
531
531
528
528
530
530
500
499
499
497
382
382
383
383
383
383
376
376
376
375
375
374
374
374
536
532
531
531
527
531
530
527
500
530
500
499
499
501
501
527
500
499
221
221
89
223
223
223
236
222
221
227
227
227
207
213
206
205
205
205
96
89
89
93
104
104
104
104
104
104
103
103
236
236
222
222
227
228
207
207
205
205
204
205
95
85
89
109
104
103
265
265
222
265
222
226
226
226
207
207
204
87
85
95
88
95
92
94
110
116
111
107
103
103
265
265
265
263
269
269
226
212
210
210
210
87
87
100
98
98
94
94
111
111
115
115
266
263
269
243
243
241
249
210
68
98
98
97
110
111
111
115
115
255
256
256
243
243
241
241
249
68
68
98
98
98
84
84
98
126
110
111
133
121
256
256
256
256
256
256
243
244
241
241
241
249
68
84
84
84
125
125
133
121
261
261
256
261
244
244
238
241
239
76
239
69
82
84
82
84
125
125
119
120
120
121
261
261
259
253
254
245
252
238
238
238
239
76
76
81
82
123
125
120
120
120
260
260
259
253
259
395
395
520
520
518
518
81
80
81
81
479
487
123
485
485
490
490
403
403
406
391
391
520
520
520
518
518
514
513
513
513
479
479
485
485
490
485
490
403
403
406
406
394
393
520
518
523
517
513
517
511
487
481
479
482
484
492
491
492
403
403
394
394
393
393
393
357
522
522
517
522
511
511
511
481
481
482
484
491
491
389
406
388
381
394
393
393
361
522
524
511
511
483
482
482
491
508
389
389
389
389
386
381
378
361
361
362
524
525
543
541
541
543
481
482
496
508
508
389
389
384
386
388
384
381
381
364
364
364
364
538
538
541
543
496
505
508
384
384
384
377
377
348
349
535
538
538
538
538
529
529
529
499
499
494
383
384
383
384
377
348
374
364
535
535
532
531
530
530
530
529
499
505
501
501
383
383
383
345
376
349
349
349
364
532
532
532
532
530
530
530
500
500
500
500
502
502
501
501
375
501
236
236
236
237
230
222
230
227
213
213
204
205
205
204
205
96
96
93
93
108
93
109
109
109
107
236
236
222
232
237
232
213
213
213
204
204
204
204
205
95
95
95
94
94
94
109
107
107
265
236
236
232
232
226
212
212
207
213
95
95
95
100
100
95
94
116
116
116
106
107
107
265
267
265
269
269
226
212
208
100
100
99
100
94
116
118
114
115
257
257
269
269
269
270
242
212
215
215
209
215
209
100
100
98
101
101
98
98
117
110
118
118
115
115
257
257
257
257
270
256
243
242
242
240
240
209
68
71
68
71
98
101
110
129
110
110
133
131
131
257
258
258
244
244
244
244
240
240
68
69
68
68
70
84
70
84
129
133
129
133
133
257
259
245
244
244
238
240
69
82
75
129
129
133
120
260
259
259
245
245
245
238
238
239
239
69
69
81
81
81
82
127
125
120
120
120
260
260
259
245
398
395
238
239
239
239
72
81
81
81
81
487
487
127
487
127
127
134
490
402
401
401
400
395
395
395
520
520
518
516
517
514
514
514
487
487
487
485
485
490
492
402
402
400
400
394
398
394
396
357
520
517
514
514
486
486
484
484
484
492
491
492
402
400
400
400
400
398
394
394
394
394
357
522
517
511
517
511
481
484
491
491
491
492
491
390
390
390
388
394
393
357
361
357
361
522
522
522
543
543
543
481
480
484
480
491
491
488
390
388
388
361
362
362
540
540
543
543
542
543
480
480
506
508
508
508
390
389
388
384
354
352
352
362
362
362
362
540
540
540
540
542
543
542
505
505
508
508
509
343
384
342
342
348
348
348
363
363
538
538
540
529
529
529
505
505
509
509
509
509
343
343
345
348
348
349
349
349
364
532
532
534
533
533
529
529
502
502
502
502
343
343
345
345
345
348
349
349
364
363
363
532
532
533
533
530
502
502
502
501
345
237
107
235
237
237
237
230
230
230
213
220
219
219
219
219
219
219
204
217
96
96
93
108
108
109
109
109
109
107
236
235
237
232
232
232
213
213
220
204
96
96
96
93
93
94
108
109
106
106
107
236
267
237
232
232
232
212
212
212
212
213
204
95
100
99
116
116
116
116
114
115
267
267
267
268
269
269
269
271
232
214
212
215
212
208
208
208
208
100
99
99
117
117
118
115
267
267
267
268
270
270
242
209
209
71
100
101
101
99
118
118
118
115
131
258
270
270
242
242
242
209
209
209
71
71
71
101
101
101
117
130
118
118
133
257
258
258
270
240
240
240
68
69
69
70
70
70
129
129
129
129
133
133
133
131
258
258
258
245
244
245
244
240
240
239
70
69
69
70
70
129
129
127
128
134
134
134
134
260
260
259
259
245
238
239
69
74
75
75
75
75
127
127
127
134
134
260
401
259
145
395
146
395
238
72
72
74
515
75
515
487
487
134
490
401
401
400
398
395
396
396
396
520
72
516
515
514
515
486
487
486
485
485
485
490
490
402
402
401
400
400
398
398
398
396
395
396
396
357
516
516
514
514
486
486
484
492
492
402
402
400
397
397
397
357
357
517
517
514
481
481
486
484
488
488
488
488
488
390
399
397
397
361
357
361
357
522
517
539
543
542
480
488
488
488
390
390
388
388
388
352
353
352
362
361
362
360
540
542
480
480
506
506
507
508
390
343
342
388
342
354
352
352
352
352
352
361
362
362
540
539
542
542
505
506
506
508
508
342
343
343
342
354
354
350
349
363
363
538
540
534
529
539
529
506
506
509
509
343
343
342
344
348
350
350
350
349
363
370
369
534
534
533
503
503
503
503
502
343
341
345
341
345
344
345
345
348
350
350
350
370
370
534
534
534
534
534
533
533
503
503
503
504
504
504
533
235
235
235
237
230
229
230
230
230
220
220
219
219
217
48
48
48
93
108
108
108
109
109
106
106
107
25
235
235
237
231
231
230
220
214
220
220
220
219
217
46
93
93
93
108
108
106
106
114
233
233
268
233
231
231
231
214
220
216
216
208
96
46
46
93
99
116
106
106
114
114
267
268
268
231
271
231
214
215
215
208
208
208
46
99
99
99
47
117
117
117
118
114
114
267
268
268
268
271
271
271
214
215
215
215
215
209
208
209
71
101
47
99
117
117
118
114
132
114
178
268
258
270
270
271
242
242
215
137
209
71
71
71
42
101
101
130
117
131
131
131
131
258
258
182
270
245
242
145
137
137
137
73
70
70
70
130
130
130
135
135
131
258
183
183
183
152
152
145
146
137
137
73
73
74
75
75
130
128
128
135
134
135
183
259
150
145
145
146
146
147
146
146
73
72
73
74
75
130
128
128
128
134
260
401
150
150
145
277
145
396
146
146
146
72
72
74
72
73
74
74
515
471
127
456
134
401
275
401
399
398
396
396
147
358
516
516
72
515
515
472
492
456
401
401
402
278
399
397
398
396
396
358
516
358
516
515
515
486
486
471
472
471
471
484
489
489
489
399
399
397
397
358
358
358
516
517
515
515
481
486
488
489
489
402
399
399
399
355
397
353
358
359
357
360
360
360
539
480
480
507
489
390
390
355
353
353
359
360
539
539
542
539
542
480
480
507
507
340
342
356
356
355
356
352
352
363
372
363
359
360
540
539
539
542
426
506
506
506
506
507
509
340
342
340
342
356
354
356
354
352
363
372
371
371
432
539
432
505
413
413
505
509
509
506
341
341
344
344
354
350
370
370
369
369
534
432
432
425
425
412
412
503
503
504
504
504
341
341
344
344
344
347
350
350
350
370
370
369
534
534
533
425
425
412
412
503
504
504
346
229
217
234
234
235
229
229
229
218
220
219
219
217
217
48
48
48
21
21
24
26
26
25
25
25
235
233
234
234
234
229
229
229
218
220
217
216
48
48
21
47
21
21
106
26
25
25
25
233
233
233
233
231
214
214
218
216
216
46
46
46
46
21
47
21
22
21
28
114
28
233
231
233
268
231
271
214
214
142
141
42
46
47
22
22
117
178
178
268
271
271
149
214
142
143
140
140
42
42
42
47
64
117
132
132
132
132
182
178
182
178
271
271
149
143
143
143
143
143
143
137
58
64
64
64
64
130
15
132
132
182
182
152
152
152
151
139
137
137
58
63
64
130
15
128
131
183
182
183
183
152
152
151
144
137
137
73
74
73
58
67
128
128
135
135
135
135
135
183
183
183
150
145
145
146
147
147
73
74
74
67
67
128
135
135
135
275
275
275
150
278
277
277
145
276
147
147
147
147
73
72
74
468
67
468
457
456
456
456
456
456
275
278
278
275
278
277
277
277
277
276
276
339
339
333
73
516
467
468
468
471
457
456
457
456
454
456
275
275
278
277
276
339
339
469
469
469
472
472
457
454
297
275
297
278
399
397
397
358
358
359
359
359
470
469
469
469
472
472
471
471
471
471
454
489
297
297
300
399
300
353
353
353
358
360
470
469
474
472
472
475
475
489
489
489
297
298
356
355
355
355
353
353
359
372
359
359
360
360
431
431
474
426
475
507
507
507
298
356
356
356
355
355
372
353
372
372
371
371
360
431
431
426
426
426
425
413
507
507
340
340
356
354
372
371
371
371
432
432
425
425
413
413
413
408
409
340
340
340
341
344
373
373
369
369
432
429
425
412
412
412
504
410
341
341
344
344
347
347
347
346
346
370
369
369
429
429
429
429
425
428
428
412
412
410
504
410
341
370
504
217
50
234
234
234
229
229
218
218
218
218
218
217
216
217
50
50
48
24
24
23
26
25
26
25
25
234
234
234
203
229
201
191
218
216
216
216
216
49
49
49
49
21
47
21
26
25
180
233
202
202
201
141
141
141
141
44
49
49
46
47
22
22
22
22
22
27
28
28
180
181
181
202
201
201
142
141
141
141
140
44
43
42
42
47
47
15
22
27
27
15
27
28
178
181
181
149
149
149
149
142
142
142
142
140
140
42
42
43
15
15
132
132
12
178
182
178
149
149
149
143
143
143
140
138
140
42
58
64
64
64
15
15
15
14
13
132
182
182
184
152
152
152
151
151
139
139
138
58
58
64
63
64
14
63
14
14
132
12
183
184
183
152
150
152
144
144
139
138
58
65
65
67
67
1
2
184
183
150
150
144
144
144
139
136
57
57
57
67
65
67
66
2
2
272
272
278
277
144
144
144
147
147
136
136
136
73
57
67
468
468
457
457
458
457
454
275
278
278
276
276
339
339
339
333
467
467
468
472
457
457
458
454
274
274
279
277
337
276
338
339
339
336
336
333
470
470
469
468
471
457
458
458
454
454
454
274
279
279
279
279
276
279
337
337
339
336
470
470
469
472
475
450
450
454
297
300
279
317
317
337
337
359
336
360
470
474
474
474
475
453
453
450
489
450
297
297
298
298
300
300
300
317
372
372
371
371
431
366
431
426
474
426
474
475
475
475
475
453
453
298
298
299
299
355
372
316
366
431
431
431
426
413
413
408
409
409
303
298
299
356
355
354
354
372
373
373
366
366
431
432
432
426
426
427
413
408
408
409
303
303
340
344
347
347
347
346
346
373
373
369
365
429
429
429
428
429
428
427
413
408
410
410
341
303
347
347
347
347
346
346
373
373
373
369
367
369
367
429
429
429
428
428
428
414
414
414
410
414
410
410
410
410
410
50
26
199
199
199
203
203
201
191
218
194
194
194
194
50
50
24
24
24
23
23
23
26
26
25
31
28
203
203
203
203
201
191
191
194
194
194
49
50
49
49
24
24
24
23
27
31
28
28
180
203
203
202
202
202
201
192
141
44
44
49
44
49
43
49
43
24
23
27
28
32
180
181
180
181
202
202
149
202
201
141
141
44
45
43
22
22
15
16
27
27
28
180
179
181
179
181
181
148
148
142
142
140
140
44
42
45
43
43
43
16
16
13
12
12
178
179
148
178
181
148
148
149
148
142
142
138
138
140
138
58
63
63
16
16
14
14
12
12
12
185
185
151
148
151
151
139
139
139
138
138
58
58
56
55
63
63
63
15
14
14
2
2
184
184
184
158
151
144
158
139
138
136
57
58
65
65
66
66
66
66
1
1
2
2
2
184
184
150
144
139
156
136
136
136
57
57
65
65
66
66
66
66
66
1
3
3
3
272
272
273
150
144
160
136
136
57
57
67
457
457
455
458
455
272
272
274
272
273
278
280
276
338
338
338
338
339
331
333
467
467
467
468
468
458
458
455
455
454
274
274
274
273
274
279
281
281
337
338
338
339
333
331
467
467
473
472
458
458
451
454
455
274
274
279
279
281
281
337
337
335
336
336
470
470
469
473
473
473
473
450
450
451
451
451
297
297
297
297
300
279
281
317
317
335
335
336
336
335
336
336
470
473
441
474
474
452
453
298
299
299
300
299
300
316
317
317
366
335
335
441
441
441
473
474
474
474
475
453
453
453
453
453
298
299
299
322
316
316
316
316
366
366
366
366
441
441
426
426
415
408
409
409
409
298
305
305
304
299
299
322
316
316
373
368
366
368
365
365
431
427
427
415
415
408
408
409
303
303
304
304
321
321
321
346
373
368
368
368
430
430
430
427
427
414
408
411
411
411
303
303
303
304
321
321
346
346
373
368
368
367
430
430
430
428
414
428
414
414
414
411
411
199
199
199
200
199
201
191
194
194
194
50
39
41
24
23
23
26
31
31
180
200
200
203
203
191
191
192
191
193
193
193
50
50
41
20
23
23
33
31
31
180
180
203
202
201
192
192
192
192
193
44
45
45
36
20
20
27
33
32
32
180
181
163
163
164
44
45
45
43
43
8
16
13
33
12
13
12
32
179
179
179
181
179
148
166
163
163
164
45
45
37
43
36
16
16
16
13
13
12
179
179
148
148
166
166
163
161
161
44
162
56
56
55
55
61
16
0
12
185
185
186
157
151
157
158
161
161
161
161
138
56
56
55
55
55
63
61
63
14
14
0
2
185
186
186
186
158
151
158
161
161
56
55
65
66
61
1
60
1
2
3
2
184
185
184
158
158
158
160
160
160
155
155
65
65
60
1
3
3
3
272
272
272
273
273
280
160
160
156
155
331
57
467
66
446
446
455
3
455
3
273
273
273
283
280
338
333
333
333
331
331
467
467
459
458
447
455
273
283
283
283
281
281
338
338
333
334
334
331
461
461
461
473
446
450
451
451
455
274
273
282
282
281
337
337
334
334
335
331
462
461
461
473
466
450
450
451
451
294
294
296
317
335
335
335
441
473
462
465
452
451
452
451
293
294
296
296
317
317
314
314
313
441
441
440
465
465
465
465
452
452
452
452
305
293
299
296
322
316
314
314
365
366
441
441
440
427
422
408
452
416
409
305
305
304
322
304
322
316
314
365
365
365
365
439
365
439
440
427
440
435
422
415
408
416
305
305
304
304
304
321
321
322
322
322
320
368
368
367
365
430
436
436
427
435
427
435
427
415
415
415
411
411
411
303
305
305
301
321
321
320
368
368
367
430
430
430
436
436
427
428
415
414
411
411
367
39
171
200
200
199
200
199
198
190
191
191
190
194
39
39
41
41
40
41
19
19
19
30
31
31
31
200
199
197
198
191
192
192
193
193
193
193
39
41
41
19
19
33
33
31
172
171
200
197
197
197
197
197
192
193
193
39
41
36
36
20
20
33
32
32
32
172
172
172
173
173
197
192
196
192
163
164
164
164
164
45
36
37
36
36
36
8
20
8
8
13
33
32
172
172
179
173
166
163
163
164
164
45
37
37
37
8
8
8
13
13
10
10
10
10
185
174
157
166
166
161
168
163
162
37
56
54
37
54
55
61
9
16
0
5
5
186
186
186
157
157
157
166
161
162
54
56
56
55
55
61
61
61
9
14
0
5
5
185
186
186
158
157
158
160
162
161
162
162
56
51
51
62
51
61
60
1
1
0
5
3
272
280
160
159
156
156
156
155
155
155
56
62
61
60
60
0
7
3
285
280
280
159
160
160
156
330
155
333
155
331
155
155
331
332
332
60
459
60
446
446
446
446
448
3
285
283
280
160
330
330
334
332
332
459
459
459
446
446
447
448
273
283
283
283
282
283
280
281
281
330
338
330
330
330
334
331
332
459
461
459
466
447
447
448
448
290
294
283
282
282
282
330
330
334
334
334
462
462
461
461
461
466
466
450
442
442
294
294
294
282
315
314
329
334
334
462
465
444
442
451
442
442
293
293
293
294
293
294
296
315
315
315
314
313
312
313
313
313
313
441
438
440
440
465
465
452
444
452
293
293
295
296
318
318
314
314
314
312
313
313
310
440
440
440
422
422
452
419
419
305
293
295
296
304
320
314
312
367
365
311
439
439
439
435
439
440
422
422
422
422
422
416
419
304
305
301
322
301
322
322
309
367
436
436
435
436
435
415
424
416
416
416
417
302
302
301
301
321
320
320
320
320
309
367
367
436
436
436
435
423
415
424
415
416
416
417
301
198
40
200
200
198
198
190
190
190
190
188
188
39
39
39
41
40
19
19
17
30
30
30
171
200
171
198
198
197
189
190
189
189
189
188
39
41
40
40
20
19
17
33
33
32
170
170
173
197
197
196
189
189
189
189
189
187
41
41
34
20
20
20
32
32
173
173
173
168
163
189
164
164
37
36
34
8
33
10
29
32
172
172
173
173
166
165
166
168
168
164
37
37
37
36
8
10
172
174
174
174
166
165
166
169
54
54
54
53
9
9
10
5
10
5
185
176
177
174
157
157
165
165
165
162
162
54
53
61
9
0
5
5
5
186
186
157
159
167
162
155
154
54
51
51
51
51
61
62
62
0
0
7
4
4
4
4
185
285
284
159
159
156
156
154
154
154
51
52
51
60
60
60
6
7
7
285
285
284
159
156
156
326
332
459
59
60
7
448
7
448
285
285
287
280
286
328
328
326
332
326
332
332
332
459
459
446
447
447
447
448
448
285
285
287
287
280
330
330
329
324
325
332
459
460
459
447
447
442
448
290
290
294
282
287
281
329
329
329
329
324
462
462
462
461
466
466
444
447
448
442
442
290
290
282
282
315
329
306
329
313
313
438
462
465
466
465
444
442
291
294
295
295
296
315
315
315
312
312
313
312
313
310
310
438
438
438
437
465
444
444
442
443
443
443
291
293
295
296
315
315
312
312
310
310
310
439
439
437
422
423
418
419
419
295
302
291
291
318
318
318
318
318
307
311
439
433
439
435
437
423
418
416
416
419
302
302
301
301
318
318
309
309
308
311
434
436
435
423
423
424
416
417
417
302
302
301
320
320
320
309
309
309
309
309
308
434
434
420
420
420
424
424
417
417
434
190
171
198
38
39
39
38
40
40
17
18
18
17
17
30
30
171
198
198
190
195
188
188
188
38
38
19
18
17
17
29
29
171
170
198
195
196
195
187
187
187
38
34
20
18
17
29
170
170
170
170
175
195
195
168
187
187
34
34
8
29
29
172
172
174
174
175
168
168
169
187
35
34
9
34
9
11
10
10
176
176
174
175
165
165
169
169
169
54
9
11
9
11
5
176
176
177
177
157
165
165
168
167
167
169
54
53
53
53
6
4
4
176
177
159
165
153
153
52
51
62
62
59
4
176
177
159
159
153
153
154
52
62
59
59
7
7
4
284
284
286
286
286
328
328
154
52
52
326
62
59
464
59
449
7
285
285
284
288
327
327
328
326
326
326
460
460
460
460
449
449
448
290
290
288
328
328
326
326
325
460
464
466
447
449
449
289
290
290
287
287
287
288
288
288
323
324
324
462
325
463
466
463
445
443
289
289
295
288
288
306
329
329
324
323
438
438
463
466
444
466
444
443
443
295
295
296
315
312
310
310
324
438
437
466
421
444
444
443
443
291
295
318
307
312
311
311
310
437
437
421
423
418
419
291
291
295
319
318
307
307
307
311
311
437
433
423
423
418
418
418
419
302
318
319
309
307
308
434
433
433
433
420
423
424
424
424
417
302
302
301
319
308
308
434
434
435
420
420
424
424
417
417
309
171
196
190
190
17
30
171
188
18
18
170
195
195
188
18
168
187
35
34
29
29
170
174
168
35
34
9
11
175
35
34
11
11
176
177
168
169
54
62
53
11
4
177
159
153
153
167
153
52
52
59
6
6
284
177
286
153
154
59
284
286
154
59
449
7
284
288
327
328
326
460
460
460
287
288
288
327
327
328
324
325
464
464
289
463
325
463
463
463
445
445
449
289
323
323
324
445
443
289
306
306
324
438
437
444
291
292
306
310
437
437
445
418
291
291
319
307
311
433
433
421
418
418
291
307
308
433
420
423
302
307
420
424
171
40
18
17
38
174
195
195
8
53
53
9
176
177
169
167
4
153
7
449
288
449
287
290
328
325
464
323
464
292
443
445
292
311
421
421
420
418
308
308
40
30
38
17
170
195
29
38
11
169
175
168
11
177
53
59
7
286
328
326
449
287
306
445
445
291
323
438
306
311
418
306
433
433
319
307
434
421
424
417
196
18
188
34
18
17
170
35
169
11
175
53
6
176
167
153
167
52
154
328
325
463
324
324
292
438
319
421
419
319
433
420
196
188
187
38
29
195
187
175
6
177
167
52
6
59
284
284
154
460
464
449
289
327
323
289
306
323
289
292
306
445
319
292
292
308
434
420
196
188
351
351
30
196
196
47
351
175
35
35
6
167
177
167
286
6
286
325
286
286
325
464
327
464
325
463
48
323
445
443
421
292
292
319
421
419
319
308
130
261
351
35
30
30
351
351
175
35
175
412
351
412
249
52
385
351
97
260
380
385
246
327
292
327
246
351
246
