304
81
47
39
39
39
84
84
81
103
44
44
84
99
100
99
103
103
103
48
38
38
80
80
99
99
67
38
44
44
44
80
80
112
67
64
63
63
80
80
80
113
113
112
66
64
63
63
87
87
113
57
64
64
63
88
88
88
88
87
113
113
112
112
69
57
57
61
61
88
87
110
111
68
68
57
57
57
61
89
87
110
110
110
111
68
68
154
220
221
89
237
154
154
154
221
221
221
237
232
154
155
155
221
230
160
155
155
155
220
220
220
242
242
230
232
152
152
153
219
243
243
243
230
231
231
231
231
152
152
153
217
217
243
248
243
242
231
231
231
152
152
217
248
265
169
169
217
215
248
261
265
261
265
265
263
263
167
167
170
170
215
249
265
167
170
170
215
215
215
215
249
249
261
264
264
264
263
48
48
48
48
48
47
47
39
39
39
39
46
46
46
84
84
84
81
81
81
100
100
100
100
103
103
103
48
48
47
38
38
38
39
46
46
84
84
84
81
81
81
81
100
103
103
103
103
48
48
48
48
38
38
44
44
44
44
44
84
83
84
84
80
80
81
99
99
99
103
103
103
67
67
67
66
38
38
44
44
44
83
83
80
80
80
99
99
99
99
112
67
67
67
67
67
66
64
64
63
63
63
83
63
83
80
113
113
112
112
112
67
67
64
64
57
64
63
63
63
88
88
88
87
87
87
87
113
113
112
112
112
112
112
70
69
69
69
69
57
64
63
63
88
88
88
87
87
87
110
113
110
113
111
112
111
68
69
69
57
57
57
61
61
61
88
88
88
88
110
110
110
109
113
111
111
68
68
68
57
68
57
57
57
61
61
61
89
89
89
89
89
85
110
110
110
110
111
111
111
111
68
68
57
57
220
61
221
221
221
221
237
89
110
110
110
110
110
233
111
111
232
160
160
154
154
154
154
154
154
220
220
220
222
221
221
237
237
237
237
237
241
233
242
241
233
233
232
232
160
160
154
155
154
155
220
220
220
220
220
237
237
237
237
242
242
230
242
232
232
232
232
160
154
160
155
155
219
219
220
220
243
243
242
242
242
230
230
230
230
232
231
160
152
153
153
219
219
217
220
218
220
243
243
242
242
230
230
231
231
231
152
152
152
153
153
153
153
153
217
217
217
217
243
243
243
242
230
231
152
152
152
169
153
213
217
217
217
216
248
248
248
248
261
242
265
265
265
265
263
231
263
166
167
167
169
169
169
217
217
217
217
249
248
248
248
248
248
261
261
265
263
263
167
167
169
169
170
170
215
215
215
249
249
249
249
261
261
264
265
264
264
265
263
167
167
167
170
170
170
170
170
215
215
215
249
249
249
261
264
264
263
263
263
263
263
167
39
100
48
48
47
47
39
39
46
46
46
82
84
82
82
84
81
81
100
100
103
102
103
102
48
51
48
48
47
38
47
38
38
39
46
46
46
46
46
84
84
84
81
81
100
100
102
103
102
102
48
51
47
38
38
38
44
44
45
83
84
83
83
83
84
84
81
80
99
99
101
103
103
67
51
50
50
67
47
38
44
44
83
83
83
80
99
99
99
101
101
101
101
67
67
67
66
66
66
64
64
64
64
63
63
83
83
87
80
109
99
113
113
112
112
67
66
58
58
64
64
65
63
63
88
87
87
113
113
112
112
70
70
58
64
65
61
88
88
87
87
87
109
109
113
113
70
68
69
69
69
58
69
58
58
64
65
89
89
88
87
86
85
110
109
109
109
113
109
111
111
68
68
69
69
58
58
58
58
61
61
61
89
89
89
89
85
85
85
85
109
109
111
111
68
154
57
226
220
61
221
221
85
85
237
85
109
233
111
232
160
160
154
154
226
226
222
222
221
221
237
237
241
241
241
241
241
233
232
233
232
160
160
160
160
155
155
220
222
222
222
237
238
241
241
242
241
233
232
232
232
160
159
159
159
155
155
155
155
155
219
219
218
237
237
242
246
246
230
230
230
232
234
159
159
153
153
219
219
218
218
243
243
243
246
242
230
231
231
152
153
153
219
217
213
217
218
216
243
243
245
245
230
231
231
231
152
166
159
152
152
169
213
213
217
217
216
217
248
248
247
248
243
262
242
265
265
231
229
166
166
166
169
169
169
169
215
213
216
248
249
248
248
262
262
265
265
263
263
263
166
167
170
215
215
215
249
249
249
249
261
250
262
262
264
264
263
167
167
167
167
167
167
170
170
170
170
170
212
211
215
215
249
249
250
261
250
261
261
264
261
264
264
264
264
263
261
264
264
47
47
100
48
51
47
51
47
39
39
39
39
46
45
45
82
82
82
82
81
81
100
100
102
102
102
102
102
102
102
51
51
47
50
39
46
45
45
82
82
82
82
82
81
100
100
102
102
51
51
51
50
50
50
38
46
46
46
45
83
84
83
80
78
100
100
99
96
101
101
101
101
51
50
50
50
50
50
43
43
44
45
45
83
83
78
78
80
78
96
101
101
101
101
67
66
66
59
64
65
63
42
83
80
93
96
96
101
105
101
104
66
66
66
58
64
65
65
65
93
93
94
92
92
92
92
92
109
105
105
105
104
70
70
69
70
69
69
58
60
65
65
65
65
93
88
94
92
113
107
105
112
70
70
70
69
58
58
62
61
61
89
62
89
85
86
86
86
109
109
111
111
104
104
68
68
70
69
58
58
58
58
62
61
62
89
89
85
86
109
109
109
104
104
72
72
72
68
72
226
226
222
222
221
221
85
85
85
85
241
240
109
233
233
233
233
160
160
160
154
226
222
222
222
221
221
238
238
241
241
241
241
233
236
233
233
232
159
159
159
155
225
222
222
222
237
238
238
238
241
240
246
241
236
233
233
236
234
159
159
155
225
219
219
219
218
238
218
238
238
238
238
246
246
246
230
236
236
234
159
155
158
153
219
219
219
218
218
243
246
246
246
245
230
229
229
159
158
158
158
152
213
219
213
216
216
247
218
246
246
245
245
245
228
229
229
229
166
158
166
169
168
169
168
213
213
213
216
216
247
247
245
245
228
262
229
166
169
168
169
169
168
211
249
247
250
247
248
262
262
262
262
265
265
166
166
166
169
170
212
211
211
211
250
250
250
250
262
262
262
264
262
265
257
166
166
166
168
170
212
211
211
211
211
250
250
250
261
261
262
262
261
264
264
257
257
257
257
170
257
51
51
51
47
52
47
52
39
39
45
45
82
82
82
82
77
77
77
77
100
97
102
97
102
102
51
51
47
50
55
52
46
45
45
45
45
45
79
82
76
77
77
77
77
96
97
98
102
51
51
50
53
53
43
43
43
45
45
79
79
79
78
79
77
96
96
96
95
98
101
102
49
49
50
50
50
43
43
42
79
78
78
78
96
96
95
98
101
66
66
49
66
50
59
59
43
43
42
42
42
42
79
78
78
92
92
96
92
96
96
105
105
101
104
70
70
66
70
66
66
59
59
65
65
65
42
93
93
93
94
92
92
96
107
105
105
105
104
104
70
70
70
60
59
60
60
62
65
93
93
93
94
94
94
94
86
107
105
107
105
104
70
70
69
60
60
60
62
93
86
86
107
107
105
104
72
72
71
71
60
60
58
62
62
62
93
85
85
86
86
86
106
106
106
104
104
72
72
72
71
226
226
60
62
62
62
91
85
86
86
86
240
240
106
235
106
106
106
233
157
157
157
156
226
226
227
222
222
222
222
238
239
239
241
240
240
240
235
235
233
235
159
157
156
156
226
225
227
227
218
222
238
238
241
240
236
236
236
236
235
236
235
159
159
157
158
159
225
225
225
225
225
227
218
238
238
238
246
246
236
236
236
234
234
234
158
158
159
158
225
219
218
218
218
218
218
218
238
244
246
246
245
228
236
228
236
234
234
158
158
168
216
216
218
247
244
245
245
245
245
245
228
228
229
229
229
161
161
164
168
168
213
213
216
216
216
216
247
247
247
247
245
245
251
245
228
229
229
229
161
166
164
168
168
213
213
211
211
247
247
247
251
262
262
256
256
257
257
257
229
161
166
168
168
168
212
211
211
211
211
250
250
250
250
262
256
256
257
256
257
161
166
166
168
168
168
212
212
211
211
211
250
250
250
253
262
256
256
257
257
168
55
98
56
56
55
55
52
52
41
41
41
40
40
40
40
40
40
76
76
76
77
77
97
97
97
97
97
97
98
51
56
55
55
52
52
41
43
41
76
76
76
77
77
77
77
97
97
97
98
98
56
54
55
53
53
53
43
43
43
43
43
45
79
79
78
96
96
96
95
98
98
49
49
50
49
49
49
50
53
53
53
43
42
42
42
42
79
79
78
78
78
95
95
95
98
49
49
49
49
49
59
59
42
42
79
79
78
92
96
95
95
95
98
104
75
73
73
59
59
59
42
14
42
93
93
94
92
92
92
96
107
105
105
105
70
75
73
73
62
65
65
93
93
93
94
94
94
107
107
107
107
107
105
104
104
72
75
73
71
60
60
60
62
62
62
94
90
93
94
94
107
107
108
108
106
106
104
106
72
72
71
71
71
62
62
91
90
86
86
86
86
108
106
106
106
106
72
157
71
71
226
60
227
62
91
91
90
239
86
240
240
240
106
235
157
157
156
156
226
227
227
227
223
91
239
239
239
239
240
240
235
235
235
235
235
235
157
157
157
156
156
226
226
226
227
227
227
227
223
223
239
239
239
240
240
235
235
235
157
159
158
225
225
225
223
223
238
244
244
246
246
236
236
236
234
234
234
234
158
158
225
225
225
224
224
224
224
244
244
244
244
228
236
234
234
158
158
164
158
164
213
214
214
216
224
216
224
247
245
245
228
228
228
229
229
161
161
164
164
164
164
164
214
214
214
213
213
216
216
247
247
251
251
245
228
228
229
229
161
161
161
164
165
165
214
213
210
210
250
247
255
251
251
251
256
260
257
257
161
161
165
165
168
212
212
212
211
211
209
209
255
255
252
256
256
256
257
257
161
165
163
162
165
163
163
163
168
212
212
212
209
209
255
255
255
255
255
253
253
256
256
256
257
257
257
253
56
56
55
55
55
52
52
52
41
41
41
40
40
40
76
76
76
77
97
97
145
97
97
97
98
98
146
56
56
55
55
53
52
41
41
41
41
41
40
40
76
77
77
144
144
145
98
146
146
54
54
54
54
53
53
53
43
41
15
76
79
79
76
76
77
95
144
97
98
98
146
54
54
49
53
53
53
43
42
42
14
14
79
79
78
78
95
78
95
95
95
98
98
146
75
49
49
49
49
59
53
53
42
16
16
42
42
14
14
79
92
78
78
95
95
95
129
129
98
75
49
75
73
59
59
59
16
65
14
14
93
120
94
120
92
92
107
95
108
105
104
129
75
75
75
73
59
59
60
10
16
14
90
94
94
94
107
107
107
108
129
104
75
74
74
73
73
73
60
9
10
14
91
90
90
90
94
108
108
108
108
106
131
74
71
71
71
71
60
9
9
9
9
91
91
91
90
90
108
108
108
108
106
72
157
71
71
71
185
60
227
9
9
9
91
91
90
91
91
90
90
239
270
108
272
106
157
189
157
156
156
227
227
9
223
223
223
91
239
239
270
235
272
157
157
157
185
156
156
226
227
227
223
223
223
223
239
239
240
240
270
270
270
270
235
235
272
234
157
156
156
225
227
223
223
223
244
293
244
244
240
236
234
234
158
156
156
156
164
225
225
224
224
224
224
224
224
244
244
228
228
234
158
158
164
214
214
224
224
247
244
244
251
244
228
228
282
282
161
161
164
164
164
165
214
214
214
210
210
210
210
255
255
251
251
251
251
228
228
260
260
260
161
161
162
165
165
165
165
214
214
214
210
210
210
255
255
255
259
259
259
260
260
260
260
162
162
165
165
165
212
209
209
210
210
255
255
255
252
253
252
259
256
260
260
260
260
162
162
163
163
163
163
212
212
212
209
209
209
255
255
255
253
253
256
259
256
258
258
212
52
40
56
56
55
52
52
52
41
41
40
40
40
76
76
76
76
142
142
142
145
145
146
145
145
56
55
55
55
55
52
53
41
41
41
40
26
141
139
142
144
144
144
146
145
146
146
146
56
54
54
54
55
22
41
15
26
15
139
139
139
139
144
144
144
144
144
146
146
146
54
54
54
54
53
54
53
16
16
15
139
139
139
144
144
146
75
75
54
59
12
12
16
16
16
14
14
120
139
120
122
122
95
129
128
129
129
75
75
75
73
73
59
12
16
17
16
16
16
14
14
120
120
122
122
122
107
128
128
129
75
75
73
73
12
12
12
17
14
119
118
121
108
121
108
129
74
74
74
73
73
12
12
10
9
10
90
90
90
119
118
108
108
131
131
131
131
131
74
74
74
73
71
60
9
9
9
91
90
90
118
118
108
131
131
131
74
189
74
71
185
185
185
10
207
9
9
9
9
91
91
90
292
118
292
271
271
272
272
272
272
189
185
185
189
185
185
185
185
226
227
207
208
223
208
91
223
292
292
292
270
270
272
271
272
272
272
189
189
185
185
207
207
208
293
292
292
292
292
270
274
176
188
176
185
156
186
225
207
208
208
206
223
293
293
292
293
270
291
270
270
270
270
270
274
175
176
176
156
176
214
225
205
204
224
293
293
293
293
291
283
270
282
282
282
175
175
164
164
214
205
214
204
224
204
204
224
224
224
302
302
301
251
283
282
282
282
175
164
164
165
214
205
190
214
210
210
210
210
210
302
302
251
251
251
251
259
260
260
162
161
165
191
190
210
210
210
254
254
251
251
259
259
259
260
260
162
162
165
162
165
191
190
209
209
254
253
252
252
259
259
260
258
162
162
163
163
163
163
163
191
212
209
209
209
254
254
254
253
252
253
252
259
259
258
258
258
162
209
258
26
141
56
56
55
52
22
22
22
40
22
40
40
26
26
141
141
141
142
142
142
145
145
145
145
145
56
56
55
21
52
22
26
26
26
26
26
26
141
141
141
141
142
142
144
145
145
56
56
21
22
22
15
15
15
15
140
139
141
139
139
142
144
144
144
144
146
146
146
34
34
54
33
22
22
16
15
16
15
15
15
139
139
139
139
138
122
148
148
148
148
147
146
75
54
34
33
33
12
12
16
16
16
16
15
15
120
120
120
122
122
129
129
129
75
75
34
12
12
12
12
17
17
14
18
14
120
120
120
122
121
122
122
122
128
128
129
74
74
31
12
13
12
12
12
17
17
14
119
119
121
121
121
121
121
132
128
129
129
74
74
74
73
13
13
11
11
10
18
119
118
118
118
121
131
131
74
74
31
11
11
11
10
10
91
119
119
119
118
118
118
121
131
131
189
74
185
185
11
11
10
10
9
9
10
10
91
119
118
292
271
271
271
272
271
272
189
189
185
185
207
208
208
208
208
292
292
292
271
271
271
272
272
188
188
186
186
207
207
207
208
208
208
206
206
293
293
293
292
270
271
271
274
274
274
274
188
186
188
186
186
186
186
204
207
208
206
293
293
293
291
270
274
274
274
176
176
186
205
205
204
204
204
206
206
293
291
301
291
283
282
283
283
282
282
175
175
175
175
176
176
205
205
204
204
204
204
302
206
302
301
301
301
301
283
283
283
283
283
282
175
175
176
176
205
190
190
192
302
302
302
301
283
283
260
282
282
162
175
175
165
177
190
190
190
190
190
192
192
302
254
254
252
251
295
259
259
258
282
162
178
162
163
163
191
177
191
191
191
193
193
192
254
254
254
253
254
252
252
259
259
258
258
162
162
163
163
163
191
191
191
191
191
191
209
193
209
193
254
254
254
253
253
253
252
259
252
258
259
258
258
258
258
258
141
145
36
36
21
21
21
22
25
26
26
27
26
26
141
141
141
142
142
143
142
143
145
145
145
149
145
21
21
21
22
22
25
26
26
140
27
140
141
141
141
142
142
142
143
143
147
146
147
36
36
21
21
21
22
22
26
15
140
140
140
140
140
139
140
139
142
143
148
146
147
34
34
36
34
33
33
33
33
22
17
15
140
140
139
142
148
148
122
148
147
147
34
34
34
34
33
34
33
33
17
17
17
15
15
120
137
137
120
120
122
128
128
147
129
34
34
33
34
33
13
12
12
13
17
17
18
18
15
18
14
121
121
122
122
132
128
129
129
129
31
31
13
13
13
13
17
18
18
18
18
18
119
119
120
121
121
121
121
132
131
130
130
31
31
31
31
13
11
11
18
18
18
119
118
118
118
121
117
121
121
132
132
131
130
130
31
31
11
11
10
10
10
10
119
119
119
118
118
117
117
117
132
117
131
130
130
130
189
189
189
31
11
11
10
290
119
119
118
271
271
272
272
272
189
189
188
189
189
189
186
207
207
207
208
208
208
290
290
290
292
292
292
271
271
271
274
274
274
188
188
188
188
188
186
186
186
207
207
208
208
206
290
292
291
291
291
273
273
274
274
274
188
188
186
186
186
186
204
207
206
206
206
293
293
293
291
291
291
271
273
274
274
274
274
176
176
176
176
176
186
186
205
204
204
206
206
206
206
206
206
291
291
302
301
283
284
284
175
176
176
205
176
205
205
205
205
204
201
206
302
302
302
301
301
301
301
283
283
283
284
284
282
175
175
177
205
205
190
190
190
190
192
192
192
302
302
303
301
283
283
284
282
282
175
175
178
178
177
177
177
190
190
190
193
192
193
192
192
302
302
295
278
278
279
284
279
175
178
178
178
177
177
177
191
191
193
193
193
254
298
253
253
252
252
279
279
258
279
162
178
178
178
178
177
191
191
191
193
193
193
254
254
253
253
252
252
252
252
259
258
279
36
21
21
21
21
22
25
27
27
27
141
133
141
143
143
143
143
149
149
36
36
36
21
21
25
25
25
25
27
27
27
140
140
140
143
143
143
147
149
149
36
36
21
33
22
25
25
25
25
27
140
140
140
138
138
143
148
148
147
147
36
33
17
6
4
140
140
137
138
138
138
138
148
148
147
147
147
147
37
37
37
34
34
33
33
17
17
4
137
137
137
137
138
122
122
128
148
128
128
34
34
33
33
13
13
17
17
18
4
4
4
120
115
120
122
132
124
129
31
31
32
32
13
13
13
17
1
18
18
18
4
4
115
115
115
115
115
121
132
132
132
130
31
32
32
31
13
13
13
18
18
2
115
115
117
117
132
132
132
130
130
130
31
31
31
32
11
1
1
11
11
2
2
118
115
117
131
130
130
130
187
187
187
187
187
183
11
11
10
2
290
119
289
117
271
273
273
130
273
130
189
187
187
187
183
207
200
200
290
290
289
289
289
267
273
273
273
188
188
189
184
183
183
207
207
200
200
201
290
290
289
289
291
267
273
273
274
273
188
188
184
184
183
207
204
201
206
201
290
290
289
289
291
267
273
284
273
273
172
172
171
204
201
201
290
303
291
289
301
283
284
284
282
172
172
205
171
205
205
202
202
202
302
303
303
301
301
301
281
284
284
284
284
172
172
178
171
177
198
198
190
192
201
303
303
303
295
281
284
284
275
275
178
178
178
177
177
198
198
198
192
192
192
192
303
298
298
303
295
303
295
278
278
279
275
178
179
178
178
179
177
178
197
197
197
197
193
193
193
192
298
298
298
295
295
295
295
295
278
278
278
279
279
279
179
179
179
179
178
197
197
193
193
193
298
298
298
298
295
295
295
295
278
279
279
193
134
35
21
19
21
19
19
19
25
25
25
27
27
133
133
133
133
133
133
143
143
143
149
149
149
149
19
19
20
20
25
25
25
27
27
27
27
133
133
133
143
151
149
149
149
36
36
36
20
37
20
20
20
25
27
27
133
138
138
138
138
138
148
147
149
147
37
37
36
37
37
33
25
20
25
6
6
4
4
4
137
137
137
138
138
138
138
138
138
148
148
148
147
37
37
37
29
8
8
6
4
4
4
137
137
137
127
127
127
148
124
124
148
124
124
32
29
29
29
8
8
8
6
6
137
4
4
137
114
115
115
127
127
124
124
124
32
32
32
32
29
29
0
2
2
4
4
4
115
115
115
116
116
127
132
132
124
124
32
32
32
1
0
1
1
1
2
2
2
115
5
115
115
114
116
117
132
132
132
123
130
187
187
1
1
1
2
2
2
2
2
115
116
117
117
132
132
123
130
187
187
183
1
1
1
1
200
2
200
2
288
2
2
288
288
288
117
289
117
267
269
269
269
269
130
187
187
183
1
200
200
200
288
288
289
289
267
269
267
269
273
188
187
184
184
184
183
183
183
183
200
200
200
200
200
287
290
287
289
289
289
267
267
269
273
268
188
172
184
184
183
184
200
200
201
201
290
290
290
289
289
289
267
267
273
268
268
172
172
172
184
203
203
202
201
201
290
281
281
280
284
284
280
172
172
172
172
172
172
171
203
203
202
202
202
202
202
201
201
201
303
299
303
303
301
281
284
280
284
173
172
172
171
198
198
198
198
198
192
201
201
300
303
303
303
295
281
280
275
275
173
173
174
177
177
198
198
194
192
192
297
300
298
303
298
297
295
295
278
277
278
277
275
275
179
179
179
177
179
197
197
195
192
298
298
296
298
295
278
278
278
279
279
275
179
179
179
179
179
197
197
197
197
195
195
195
298
298
296
295
278
278
278
278
279
279
279
179
19
136
19
19
19
19
24
24
24
24
24
134
134
134
134
133
133
136
143
151
151
149
149
36
36
35
35
20
20
24
24
24
24
24
27
134
133
133
133
136
143
151
151
149
149
36
36
37
37
20
20
23
24
24
24
24
27
133
133
136
136
136
151
150
150
37
37
28
8
6
23
6
6
135
137
135
151
150
126
150
147
37
37
29
29
28
28
8
8
7
6
4
137
137
127
127
124
30
29
29
29
29
29
8
6
5
5
5
127
127
127
127
124
124
124
32
30
32
29
29
0
8
0
8
7
5
5
114
116
127
127
124
124
124
32
32
32
0
7
3
2
3
5
5
114
114
114
115
116
116
125
125
125
123
123
123
123
32
187
181
0
1
3
3
3
3
3
114
114
114
117
117
117
125
123
123
187
187
181
1
1
3
288
288
286
286
117
125
269
123
269
187
184
183
183
183
200
200
288
288
288
288
288
288
286
267
269
267
269
269
269
269
180
180
184
184
183
199
199
200
287
287
288
286
286
267
267
267
268
268
180
180
184
183
184
183
203
203
203
202
287
287
286
286
289
266
267
267
268
268
268
268
180
180
184
183
203
203
203
202
202
287
299
290
303
267
281
280
280
173
172
171
171
171
203
203
203
202
202
202
202
201
300
300
299
299
299
299
281
281
280
280
275
280
275
173
173
174
171
198
198
194
194
300
300
300
299
303
299
277
277
276
275
275
173
173
173
173
197
198
198
198
198
194
194
297
297
303
296
294
294
275
275
275
275
179
179
174
174
197
198
195
194
195
297
297
298
296
295
278
277
279
279
276
179
179
179
197
197
197
195
195
195
195
195
195
298
297
296
296
296
277
277
279
276
296
24
35
19
134
134
134
134
134
136
151
136
136
151
151
149
149
35
20
19
24
20
24
24
134
134
134
136
136
151
151
150
150
35
35
20
20
20
23
23
6
23
134
135
136
151
151
150
35
35
37
35
28
23
23
8
6
6
135
135
127
150
150
35
37
29
28
28
8
7
6
6
135
135
127
127
127
126
126
124
30
30
29
28
8
8
7
7
6
5
127
126
126
126
124
30
30
30
30
29
8
8
7
7
7
7
5
114
114
126
125
123
123
30
30
0
0
0
5
5
114
116
116
125
123
30
30
0
0
3
3
3
114
116
116
116
125
123
123
181
181
181
182
182
199
199
3
3
114
286
116
116
266
117
269
123
181
181
181
182
199
199
199
288
288
288
286
286
286
266
269
269
269
180
180
182
199
199
287
288
286
286
266
266
266
268
268
180
180
180
184
184
182
184
182
182
287
287
287
286
285
285
266
266
268
268
180
180
171
182
182
203
203
202
287
287
299
299
285
299
267
266
280
280
280
171
171
171
171
202
300
300
300
299
299
281
294
281
280
280
280
173
173
196
196
194
194
300
300
299
297
294
281
276
275
173
173
174
196
198
194
196
194
194
297
297
297
294
277
276
276
276
275
174
198
196
195
194
194
297
297
297
296
294
294
277
277
277
276
174
174
174
196
195
195
296
296
296
296
296
277
277
277
276
195
35
19
19
24
151
150
35
24
136
151
35
20
23
23
136
7
23
135
135
150
150
35
29
8
135
126
126
126
28
6
135
126
124
30
30
8
7
5
116
126
126
123
30
0
0
0
7
5
5
114
125
125
125
181
30
182
0
3
116
181
182
3
116
268
123
181
182
199
199
285
286
286
286
180
182
182
199
199
199
287
285
266
266
180
285
285
285
285
266
266
266
268
182
203
202
285
281
280
171
203
203
300
299
299
280
173
171
196
300
299
294
281
276
173
174
196
194
300
297
296
277
276
276
174
196
195
297
294
277
174
194
296
277
35
136
136
151
134
28
23
23
150
114
126
126
30
28
7
7
123
3
123
269
181
268
182
180
199
285
266
287
266
171
280
281
173
202
294
294
294
276
196
195
136
150
134
151
35
23
150
135
126
7
28
7
126
28
114
125
125
182
199
288
268
182
182
266
281
173
300
299
196
300
276
194
297
297
196
194
297
294
277
276
19
136
23
135
136
151
35
135
7
126
28
126
125
30
0
3
5
114
3
199
285
285
287
300
173
299
196
294
276
196
296
296
19
23
134
134
150
23
6
28
125
30
7
5
125
116
181
181
3
286
266
268
180
199
287
180
171
203
180
171
196
281
196
174
174
195
296
294
19
23
239
239
150
20
20
291
244
28
135
135
125
0
28
0
181
125
181
285
181
181
285
266
287
266
285
285
128
300
281
281
294
174
174
196
294
276
196
195
128
128
239
135
150
150
244
244
28
135
28
153
128
153
201
5
209
276
286
128
285
72
291
153
174
153
72
276
72
