2816
166
1085
1373
1382
1381
133
139
165
35
1338
1338
139
43
43
39
26
23
23
1071
1379
1378
162
164
163
40
1070
1384
1337
1339
1341
145
163
48
1213
1252
1299
1307
160
161
161
54
54
47
1217
1298
1306
1303
275
277
53
1302
1298
1302
1305
270
271
272
273
279
228
229
226
45
1223
1300
1312
1286
1284
271
278
263
224
1207
1207
1196
1311
1313
1285
294
253
259
258
261
223
1209
1208
1728
2109
2069
295
2405
1709
1731
1735
2071
2068
2068
2405
2318
1731
1734
1733
2098
2300
1707
1687
1734
1733
2100
2096
2097
2411
2307
2300
2328
1693
1687
1686
2104
2385
2384
2382
2307
2330
2329
2331
2328
1690
1692
1673
2102
1990
1981
2379
2377
2377
2243
2331
2242
1689
1690
1998
2378
2242
1662
1670
1997
1987
1986
2144
2239
2152
2240
2240
2218
2218
1643
1641
1669
1661
2023
2127
2232
1640
1668
1663
2017
2016
2021
2020
2019
2127
2152
2229
2229
2232
2231
1080
1082
1081
1085
1081
1085
1374
1371
1371
1371
1382
1382
1327
1327
1326
133
133
167
166
169
172
171
171
36
37
37
25
1082
1084
1085
1372
1374
1385
1374
1335
1327
138
139
140
135
168
169
169
43
36
40
35
25
1080
1074
1073
1071
1378
1376
1385
1338
1338
1340
1341
142
144
142
141
142
162
175
40
39
40
23
30
30
1212
1214
1211
1379
1378
1376
1384
1341
1340
150
145
147
161
164
155
43
53
50
48
1214
1212
1213
1217
1216
1217
1253
1251
1308
1305
1304
143
1305
143
155
54
54
50
51
48
1228
1231
1253
1252
1301
1243
1299
1308
1305
268
267
266
276
276
282
283
155
230
51
45
48
46
45
1229
1228
1227
1223
1225
1300
1302
1276
1277
270
274
266
277
283
278
255
230
256
229
224
221
222
1228
1227
1194
1319
1317
1310
1279
1285
1277
269
274
273
272
254
257
263
248
226
239
224
1209
1206
1206
1198
1195
1318
1313
1311
1313
1285
1286
289
290
296
296
295
299
253
262
263
260
240
241
241
224
1208
1209
1198
1312
2110
1285
2072
2070
2070
2069
2405
294
260
259
258
262
262
2310
240
223
2318
1706
1705
1730
1730
1736
1729
1737
1737
2111
2111
2111
2108
2072
2071
2404
2408
2405
2407
2408
2410
2299
2410
2419
2301
2311
2316
2320
1708
1709
1731
1685
1737
1737
2110
2099
2099
2099
2097
2424
2399
2399
2402
2413
2413
2300
2410
2314
2313
2317
2317
1708
1707
1715
1736
1734
2103
2104
2100
2097
2386
2386
2412
2413
2411
2303
2314
2302
2324
2314
2328
1690
1687
1674
1676
2105
2105
2094
2096
2093
2097
2384
2383
2381
2377
2309
2309
2328
2330
2327
1691
1690
1693
1673
1677
1682
1676
1675
1998
1999
1990
1990
2383
2380
2383
2308
2309
2329
1689
1693
1692
1681
1673
1998
1998
1988
1990
1985
1981
2379
2379
2379
2143
2144
2241
2241
2243
2233
2217
2217
2221
1637
1635
1635
1634
1669
1662
1997
1992
1992
1985
1986
1984
1987
2121
2124
2124
2142
2144
2240
2218
2221
1643
1640
1671
1671
1671
1664
2017
2022
2023
2019
2012
2125
2124
2152
2151
2152
2239
2228
2232
2218
2213
1642
1643
1667
1670
1667
1665
1665
1663
2016
2021
2022
2012
2126
2127
2153
2229
2232
2215
2214
2213
2214
2215
1642
1370
172
1079
1078
1088
1366
1373
1371
1382
1330
1330
1329
1327
1324
136
136
168
169
170
33
34
34
26
24
1078
1075
1084
1088
1087
1372
1365
1376
1365
1381
1383
1385
1395
1335
1334
139
136
141
175
175
174
42
33
32
28
29
1077
1074
1068
1378
1377
1377
1399
1331
1332
149
148
148
149
153
142
152
140
157
173
158
31
27
29
1074
1074
1073
1068
1219
1070
1250
1337
1341
150
144
146
159
158
58
57
59
65
27
65
1210
1211
1220
1216
1220
1253
1250
1246
1244
1244
1307
1275
267
282
282
160
156
158
56
60
64
47
1231
1217
1253
1249
1247
1243
1247
1306
1267
264
275
284
255
230
51
46
1230
1231
1319
1233
1280
1276
265
265
281
257
285
256
251
230
227
1228
1201
1200
1225
1195
1319
1224
1318
1319
1310
1279
269
288
292
279
285
300
254
249
247
247
227
239
222
232
1206
1198
1194
1195
1316
1315
1315
1313
1283
1282
1281
290
288
289
293
293
292
301
301
249
248
238
237
1197
1728
1314
2033
2109
1282
2078
2075
293
293
2408
299
243
2311
237
2319
1757
1759
1731
1730
2034
2033
2108
2078
2073
2074
2421
2408
2407
2402
2419
2418
2416
2416
2310
2313
2320
1705
1706
1713
1712
1724
1726
2107
2108
2099
2089
2422
2402
2402
2417
2413
2416
2301
2314
2320
2320
1713
1714
1712
1711
1687
1685
1676
1722
1723
2036
2105
2091
2423
2399
2392
2394
2409
2302
2306
2303
2316
2325
1715
1698
1679
1676
2105
2090
2094
2093
2385
2395
2382
2393
2309
2304
2325
2322
1691
1677
1680
2035
2102
2001
2102
2090
1982
2389
2388
2388
2293
2305
2324
2234
2327
1694
1636
1695
1635
1681
1682
2000
2000
2001
1994
1989
1990
1984
2391
1983
2387
2380
2143
2237
2234
2236
2233
2220
1637
1637
1635
1630
1658
1658
1659
1992
1999
1995
1984
2004
2120
2122
2141
2144
2237
2235
2219
2220
2221
1647
1646
1657
2017
2013
2022
2012
2125
2122
2120
2151
2131
2140
2148
2223
2224
2211
1643
1649
1649
1649
1640
1657
1666
1666
1668
1665
1664
2015
2014
2022
2020
2012
2127
2128
2154
2131
2155
2155
2153
2147
2229
2225
2226
2212
2212
2155
2226
2230
1086
1366
170
1079
1092
1088
1093
1088
1368
1368
1367
1396
1335
1396
1330
1328
1324
1323
125
136
175
119
18
17
20
18
21
21
20
24
1076
1091
1368
1062
1396
1395
1332
1335
1330
1322
1323
1324
123
135
174
18
21
15
1076
1076
1077
1063
1063
1398
1365
1400
1401
1331
1363
151
152
94
146
97
175
108
57
59
31
15
32
28
1076
1065
1057
1068
1066
1250
1398
1401
1399
1275
1274
151
153
89
88
157
106
107
58
63
63
65
1210
1220
1218
1250
1245
1268
1269
1275
323
147
323
156
55
62
61
65
79
1231
1219
1218
1242
1247
1247
1265
1269
268
325
282
281
313
318
219
219
250
60
61
185
184
1230
1202
1222
1222
1225
1225
1242
1241
1233
1235
1265
1267
326
264
326
284
227
250
178
221
1203
1201
1203
1195
1317
1296
1294
1280
1281
287
1290
286
298
297
297
252
252
251
238
238
233
231
1206
1199
1200
1191
1314
1295
1316
1296
1294
1283
1287
286
287
307
300
242
242
238
234
231
1189
1205
1189
1198
1192
2031
2031
2077
2078
2075
2075
305
307
307
303
2419
2414
246
2336
2340
2338
2337
1758
1758
1725
1725
2034
2086
2086
2085
2074
2075
2429
2428
2401
2417
2419
2414
2344
2335
2341
2342
2319
1759
1756
1712
1724
2034
2086
2089
2088
2423
2421
2421
2426
2402
2438
2415
2416
2348
2350
2342
2364
2355
1715
1714
1723
2039
2108
2038
2091
2046
2424
2089
2425
2457
2422
2427
2392
2393
2298
2296
2349
2363
2323
1698
1678
1700
1678
1722
2039
2035
2050
2067
2390
2396
2397
2304
2297
2306
2323
2322
1697
1695
1696
1698
1679
1936
2036
2048
1993
2065
1982
2066
2390
2397
2388
2394
2294
2297
2305
2321
2321
1636
1694
1631
1631
1632
1631
1680
1937
1937
1939
1995
1994
1983
2119
2391
2135
2237
2237
2201
1638
1631
1632
1660
1660
1659
1940
2002
1984
2006
2118
2121
2138
2139
2140
2222
2222
2221
1648
1629
1645
1657
1657
1938
2014
2003
2011
2005
2129
2117
2116
2133
2139
2141
2224
2137
2211
2209
1649
1645
1646
1651
1657
1968
2013
1966
2020
2009
2130
2128
2130
2132
2154
2146
2149
2149
2149
2149
2225
2205
2210
2210
1656
2208
1099
1093
1092
1093
1090
1368
1394
1393
1392
1342
1328
1321
1320
1320
1321
124
124
118
120
18
120
19
19
21
12
1096
1093
1061
1061
1091
1397
1392
1358
1333
1360
1359
1360
1363
1324
93
121
123
122
106
109
17
14
13
1060
1058
1062
1118
1402
1400
1407
1405
1359
1360
95
95
98
88
96
97
109
108
73
84
6
15
14
1059
1059
1060
1064
1119
1398
1354
1354
93
92
106
90
109
73
85
84
83
1154
1152
1066
1150
1065
1120
1240
1246
1262
1264
1275
1264
1271
91
91
89
315
314
107
217
69
55
70
78
79
80
1153
1154
1154
1154
1151
1151
1242
1233
1262
1256
1268
1272
322
323
326
317
316
218
219
217
56
62
178
186
182
1203
1153
1150
1242
1145
1239
1236
1235
1265
328
327
329
325
309
316
317
213
219
177
210
180
186
1202
1190
1190
1237
1236
1297
1293
329
298
211
212
180
179
232
1199
1186
1192
1183
1237
1297
1297
1294
1290
1290
344
306
307
304
302
243
245
244
235
233
235
1189
1187
1184
1191
2030
2031
1297
1288
1288
1287
343
307
302
304
303
2435
2431
245
2346
244
246
234
2339
1758
1758
1754
1748
2031
2027
2083
2083
2086
2078
2448
2430
2430
2428
2439
2434
2432
2343
2336
2343
2340
2339
1755
1755
1748
1726
2034
2028
2026
2082
2087
2087
2455
2429
2427
2351
2353
2349
2350
2352
2341
2359
2360
1756
1712
1754
1699
1723
1719
1723
2037
2038
2037
2049
2089
2457
2426
2454
2438
2438
2348
2364
2361
2361
2355
2360
1704
1701
1698
1701
1717
2039
2049
2048
2047
2066
2067
2059
2457
2458
2397
2396
2295
2298
2362
2296
2363
2356
2357
1702
1700
1604
2063
2064
2060
2389
2460
2395
2113
2112
2293
2295
2294
2272
2358
2356
2200
1594
1591
1586
1628
1601
1936
1942
1993
2064
2064
2065
2059
2173
2113
2174
2113
2134
2136
2134
2276
2200
2202
2201
1590
1628
1585
1629
1601
1938
1940
1973
2003
2004
2119
2114
2115
2137
2138
2264
2236
2206
2204
2203
2203
1621
1644
1650
1654
1652
1965
1967
1967
2002
2008
2005
2117
2118
2115
2136
2146
2223
2207
2207
2205
1621
1649
1644
1650
1653
1653
1965
1968
2009
1966
2008
2008
2129
2132
2133
2147
2149
2265
2208
2209
1651
1089
12
1098
1099
1097
1090
1125
1387
1389
1391
1390
1352
1351
1350
1346
1344
1346
1343
1343
125
122
119
3
2
4
4
9
10
8
1096
1095
1099
1129
1129
1393
1388
1391
1351
1362
127
129
121
113
118
114
117
2
5
7
14
1096
1108
1142
1128
1130
1402
1407
1404
1406
1405
1358
1363
94
98
102
112
109
72
73
87
82
1058
1109
1064
1110
1110
1121
1118
1118
1403
1403
1407
1355
1354
1355
1270
1363
98
90
106
101
76
73
87
86
1056
1056
1057
1110
1119
1121
1257
1272
1270
323
92
103
314
99
70
68
85
81
81
1152
1144
1120
1241
1258
1258
1263
868
1272
320
328
311
313
318
216
67
214
67
70
177
1163
1165
1144
1148
1255
1255
1266
329
329
328
312
308
212
215
209
210
199
179
180
185
183
1165
1164
1145
1183
1238
1238
1236
1255
1289
1290
324
332
345
334
334
211
200
201
202
180
191
190
191
1187
1185
1184
1184
1181
1294
1291
345
338
337
213
336
337
205
200
188
189
189
1187
1745
1184
1180
2024
851
2025
1291
341
344
338
2433
336
2434
2432
2347
188
2334
1753
1744
1747
1745
2025
2081
2083
2083
2080
342
2447
2441
2439
2435
2431
2347
2346
2344
2333
2333
2337
2338
1753
1752
1743
1748
1748
1718
1718
2028
2028
2027
2026
2081
2079
2449
2449
2425
2440
2438
2345
2353
2335
2355
1752
1750
1740
1720
2043
2042
2047
2046
2457
2455
2454
2438
2289
2353
2352
2359
2370
2375
2375
2354
1704
1717
1717
2042
2041
2053
2050
2061
2456
2456
2458
2461
2461
2291
2362
2358
2371
1703
1704
1587
1699
1605
1941
2042
1943
2063
2053
2061
2060
2459
2160
2289
2292
2273
2273
2372
2357
1594
1594
1588
1588
1588
1602
1604
1946
1943
1946
1943
1942
1971
2064
2174
2174
2114
2157
2135
2275
2273
2273
2202
1593
1590
1591
1586
1602
1602
1946
1939
1972
1971
2006
2174
2177
2116
2158
2157
2276
2269
2256
2204
1621
1621
1617
1613
1652
1964
1965
1964
1972
1973
1969
1976
2007
2175
2199
2263
2264
2262
2259
2206
1620
1618
1618
1620
1618
1613
1614
1612
1654
1965
1962
1959
1975
1974
2008
2191
2192
2190
2191
2190
2197
2265
2260
2261
2258
2248
2248
2190
1099
1098
1135
1129
1126
1126
1126
1125
1390
1349
1347
1352
1345
1346
128
128
128
117
117
0
1
3
1
10
9
10
399
1142
1096
1135
1129
1132
1388
1389
1386
1348
1350
1348
1344
1346
130
114
112
111
110
0
7
398
400
1143
1143
1110
1141
1131
1404
1130
1357
1356
718
717
716
131
131
129
113
100
75
5
6
82
397
1106
1101
1109
1118
1115
1117
1407
1357
1356
715
715
541
130
103
103
100
102
75
75
75
87
83
396
1107
1107
1106
1105
1113
1115
1112
1260
1264
1261
1261
1264
1271
747
747
320
315
103
99
74
76
87
426
426
80
1157
1105
1162
1146
1111
1111
1258
1258
1263
865
866
320
310
312
310
215
216
214
69
68
181
183
425
1161
1162
1161
1148
1239
1257
849
864
865
867
331
311
308
309
209
198
198
177
197
182
1165
1168
1173
1173
1147
1148
850
848
867
868
349
349
334
333
334
205
202
208
194
190
196
1170
1186
1179
1180
1179
851
853
854
857
854
351
343
350
340
337
204
205
207
206
194
1187
1744
1177
1178
1178
1428
1181
1845
851
852
857
342
341
347
348
348
340
339
2433
2671
206
2661
191
1751
1430
1745
1746
1746
1846
2024
856
2079
2450
2448
347
2447
2441
2670
2334
2658
1753
1753
1752
1431
1742
1720
1847
1847
2080
1833
2452
2451
2451
2441
2441
2440
2345
2672
2668
2667
2647
2333
2374
2373
2375
1742
1741
1719
2045
2044
2054
2055
2452
2444
2442
2462
2437
2353
2370
2374
2375
1750
1741
1741
1739
1739
2043
2044
2042
2052
2054
2056
2056
2445
2463
2292
2292
2366
2372
1704
1702
1603
1950
1948
2053
2058
2459
2460
2463
2159
2157
2292
2291
2369
2367
1593
1594
1587
1605
1605
1598
1949
1941
1947
1956
1957
1957
2057
2176
2170
2159
2160
2163
2274
2274
2272
2270
2266
2245
1627
1592
1626
1585
1599
1597
1602
1945
1946
1955
1970
1957
1954
2176
2173
2158
2275
2281
2279
2259
2267
2256
2270
1625
1626
1617
1610
1614
1960
1975
1970
1969
1979
2175
2177
2177
2198
2198
2280
2281
2261
2259
2258
2247
2248
1623
1624
1613
1615
1613
1616
1961
1962
1960
1958
1976
1978
2193
2193
2193
2199
2197
2263
2260
2262
2247
2248
1961
1122
725
1134
1137
1123
1124
922
1124
913
1349
1347
724
722
722
127
128
116
117
628
627
417
416
408
411
408
1138
1142
1137
1123
1136
1122
1131
1386
713
719
725
718
647
646
110
634
630
629
404
417
402
400
399
1140
1142
1139
1104
1132
714
1357
705
719
716
644
645
645
645
111
634
631
631
404
406
398
396
1104
1102
1103
1102
1114
1115
1386
727
729
746
543
539
540
634
435
405
1159
1156
1104
1112
1011
1002
1260
730
730
747
747
542
541
581
580
582
74
428
424
428
427
1159
1158
1159
1156
1113
1115
1002
728
874
864
865
730
861
866
576
574
582
578
578
199
434
424
428
1162
1165
1147
1148
1003
1005
870
865
862
575
572
573
204
513
201
197
1169
1170
1176
1175
1173
983
1004
850
848
844
351
332
331
606
595
205
207
197
194
193
197
195
1169
1170
1168
1173
979
851
848
853
855
350
333
340
598
457
208
194
196
195
1437
1437
1435
1177
1426
1427
1429
837
1843
852
855
857
857
351
346
340
2545
596
2677
2683
2660
2660
2661
2657
2658
1431
1436
1420
1437
1425
1429
1429
1429
1847
1844
1842
1831
1832
2490
346
2450
2544
2677
2543
2672
2671
2661
2681
2659
2658
2657
1430
1432
1425
1428
1847
1844
1832
2548
2545
2544
2670
2669
2647
2650
1542
1433
1550
1419
1742
1417
1846
1839
1830
1829
1768
2443
2444
2550
2542
2542
2669
2663
2668
2646
2663
2647
2650
2373
1550
1549
1546
1742
1545
1951
2045
1839
1830
2055
2446
2462
2621
2620
2662
2663
2647
2369
2368
2371
1544
1550
1595
1596
1951
1866
1950
1869
2053
1761
1760
2052
2057
2169
2446
2164
2622
2163
2290
2366
2366
2369
1548
1596
1595
1599
1949
1850
1867
1947
1948
1956
1954
1953
2058
2171
2171
2166
2165
2165
2161
2268
2269
2266
1560
1593
1597
1891
1889
1954
1953
1954
2168
2167
2164
2163
2280
2281
2278
2267
2245
1561
1561
1608
1625
1609
1885
1884
1979
1979
2167
2188
2196
2287
2277
2259
2245
2251
1627
1624
1609
1610
1607
1616
1615
1886
1959
1976
1979
1978
2182
2192
2181
2188
2196
2195
2196
2287
2257
2253
2254
2254
1624
1958
2246
722
638
1069
1134
1137
923
922
914
914
709
913
723
725
724
722
642
642
641
627
623
622
417
411
415
416
411
1138
1134
1137
928
917
915
710
711
725
708
717
721
656
648
648
647
628
633
629
414
408
1139
1140
926
916
916
714
704
705
708
658
659
655
644
646
637
630
637
636
413
405
403
397
938
939
1104
1011
1009
1009
727
733
733
740
746
745
540
539
547
634
637
584
436
439
437
436
431
406
1158
1101
936
1010
1010
1011
1008
728
730
727
729
744
743
542
546
580
587
435
427
428
422
1159
1156
976
1008
1008
1003
1002
876
876
744
860
744
543
575
581
579
579
584
584
514
515
419
425
1166
1174
978
983
977
1004
1005
872
875
878
862
606
576
574
579
579
512
452
516
516
420
422
1167
1167
1174
1175
982
983
870
871
870
861
602
597
573
594
458
512
518
1166
1176
985
983
980
837
839
840
845
603
602
601
598
595
461
458
517
517
1440
1437
1426
1426
979
838
837
839
840
846
844
846
845
604
597
2677
2676
2683
2681
2659
2682
2658
1439
1420
1426
1427
1842
1843
1831
1833
2488
2547
2545
2543
2675
2678
2679
2651
2653
1434
1408
1409
1414
1840
1841
1838
1828
1836
2489
2504
2489
2548
2551
2547
2541
2667
2680
2666
2640
2654
2649
2655
1434
1409
1541
1416
1408
1418
1418
1841
1830
1829
2506
2549
2551
2620
2542
2665
2649
2650
2650
1543
1545
1417
1866
1865
1827
1830
1763
1762
2445
2631
2622
2621
2628
2771
2757
2764
2764
2369
2757
1544
1550
1543
1547
1547
1554
1857
1857
1760
1761
1764
1764
2170
2633
2632
2622
2619
2619
2622
2769
2770
2767
2769
2763
2758
1559
1559
1552
1551
1866
1869
1859
1801
2169
2633
2635
2636
2768
2768
2268
2759
2367
1561
1560
1558
1598
1890
1860
1890
1867
1860
1801
1803
1802
2168
2178
2186
2166
2163
2768
2281
2278
2249
2760
1577
1581
1576
1609
1609
1891
1888
1889
1888
1885
1790
1792
1802
2180
2187
2179
2188
2186
2195
2162
2286
2278
2253
2250
1623
1576
1606
1606
1607
1887
1887
1882
1883
1885
1885
1977
1789
1977
1787
2181
2182
2188
2185
2196
2184
2284
2287
2283
2252
2282
2254
2252
2254
2250
2251
639
415
958
934
925
923
924
915
711
709
778
780
779
722
639
642
642
625
626
623
623
621
417
412
411
373
410
928
927
928
917
907
712
710
707
657
777
656
656
655
624
626
626
625
623
413
412
403
403
934
933
928
927
909
902
713
708
706
659
657
656
651
653
653
653
633
624
626
414
403
403
937
936
939
932
931
992
1011
903
903
733
745
658
545
546
637
438
438
586
438
430
430
939
943
937
944
930
976
993
994
990
732
733
743
548
549
549
546
546
593
587
434
433
432
420
943
1038
977
975
973
1007
1008
1008
991
874
876
877
859
744
858
548
592
588
593
587
516
419
421
419
422
1036
1037
978
998
972
873
876
873
879
858
860
609
607
609
611
572
451
588
513
515
516
520
519
1034
1035
986
986
998
980
872
879
878
843
609
607
600
613
461
461
454
453
455
510
518
521
521
1035
986
987
838
871
818
843
843
842
604
603
601
594
459
461
458
458
458
509
524
523
525
1438
1440
1444
987
980
815
843
842
601
601
596
2683
2683
2652
2652
2653
1439
1438
1440
1451
1423
1423
1422
1838
1822
1838
1834
1835
1835
2518
2490
2536
2537
2535
2677
2677
2674
2680
2641
2655
2654
1451
1449
1432
1450
1410
1412
1423
1415
1840
1820
1836
1836
2488
2534
2548
2540
2539
2673
2664
2679
2644
2640
2641
1433
1449
1412
1411
1413
1414
1827
1827
1836
2504
2504
2549
2534
2550
2627
2540
2628
2665
2666
2644
2643
2642
2644
1540
1544
1540
1541
1546
1416
1413
1854
1780
1780
1762
2507
2507
2505
2507
2506
2500
2629
2630
2627
2770
2765
2754
1557
1553
1555
1856
1554
1855
1858
1866
1855
1763
1777
2507
2631
2632
2639
2626
2624
2626
2625
2771
2764
2764
2763
2752
2756
1558
1558
1555
1850
1858
1862
1861
1863
1799
1798
1795
1797
2637
2638
2636
2619
2767
2762
2758
2760
2759
1557
1580
1579
1583
1551
1552
1852
1852
1863
1859
1800
1800
1785
1803
1797
2635
2636
2569
2800
2801
2809
2762
2808
1575
1575
1582
1583
1563
1888
1888
1871
1884
1791
1790
1791
2179
2593
2183
2184
2285
2287
2807
2807
2806
2808
1574
1573
1577
1573
1563
1877
1887
1882
1883
1788
1788
1787
2180
2178
2183
2185
2282
2283
2284
2573
2799
2805
2805
948
951
924
952
920
920
783
779
780
776
638
671
640
618
620
620
364
371
372
947
947
934
925
908
907
785
786
784
778
775
776
649
652
680
618
619
363
363
373
369
934
931
931
902
908
788
712
787
741
708
650
650
653
688
689
685
439
365
370
370
938
931
736
734
740
547
649
532
545
635
689
686
438
387
431
392
430
370
945
944
945
936
974
994
991
735
735
738
529
536
538
536
590
587
593
586
432
433
433
945
1041
974
993
990
1000
736
877
809
737
806
535
535
537
591
593
514
484
422
1037
1038
1040
973
970
971
1000
875
812
810
809
859
534
535
612
612
591
612
613
452
455
507
488
485
1036
1044
1043
986
989
972
971
808
810
609
614
615
454
450
510
453
510
520
524
519
1034
1042
985
989
989
988
815
815
818
835
833
615
614
460
509
524
526
527
1443
1443
1445
1445
1441
1459
817
816
816
835
2516
600
2537
460
2718
2702
2651
524
2702
525
1442
1448
1442
1441
1459
1822
1819
1816
2494
2517
2517
2536
2535
2721
2678
2702
2701
1451
1448
1423
1412
1462
1415
1821
1818
1816
1816
2496
2534
2538
2538
2540
2674
2727
2664
2685
2642
2684
1451
1448
1471
1412
1461
1825
1823
2503
2504
2504
2500
2534
2540
2539
2628
2723
2726
2746
2644
2684
1528
1520
1520
1823
1778
2498
2500
2629
2531
2531
2625
2746
2753
2745
2751
1524
1521
1856
1536
1854
1858
1780
1781
1776
2630
2638
2599
2600
2625
2624
2749
2744
2765
2753
2752
1580
1523
1553
1535
1851
1858
1863
1798
1794
1796
2639
2636
2617
2596
2747
2762
2756
2755
2756
1580
1580
1583
1852
1562
1851
1863
1862
1799
1794
1796
1797
2593
2594
2595
2637
2570
2600
2570
2804
2801
2809
2815
1579
1571
1582
1583
1564
1875
1563
1852
1875
1874
1870
1786
1792
1784
1794
2592
2595
2565
2569
2570
2570
2571
2573
2800
2799
2804
2811
2815
2814
1574
1572
1572
1566
1876
1876
1870
1871
1789
1786
2591
2592
2592
2565
2567
2573
2572
2573
2796
2806
2813
1783
674
949
953
951
953
952
919
920
920
784
784
772
775
672
675
681
673
678
681
619
617
620
361
373
372
362
954
910
909
911
785
787
791
790
791
770
777
673
681
678
620
358
364
366
373
946
947
954
912
905
910
911
912
786
791
758
672
680
687
692
687
682
367
367
369
370
940
965
940
941
906
904
788
890
766
765
757
758
739
758
532
679
531
691
691
688
690
686
685
389
388
366
365
942
945
942
1032
997
768
741
739
738
529
532
530
530
590
590
389
388
391
392
392
391
392
1040
1032
975
999
1000
811
767
734
807
538
535
568
537
557
538
592
465
463
486
487
494
1044
1039
1039
970
1030
1023
996
813
807
568
569
571
611
612
450
449
450
464
507
507
485
484
1043
1042
1044
989
969
969
818
813
810
813
804
608
570
615
615
557
450
447
448
510
487
488
527
1444
1495
817
969
821
827
829
834
834
832
608
445
446
440
442
443
502
523
1482
1495
1495
824
823
824
818
1810
835
1811
835
2495
831
830
2518
2515
2515
446
2523
441
2719
2717
2717
2702
2701
526
1483
1495
1458
824
1822
1817
2495
2516
2514
2514
2523
2721
2718
2720
2704
2699
1448
1475
1473
1473
1468
1460
1459
1460
1458
1825
1822
1817
1824
1820
2491
2496
2493
2523
2522
2523
2724
2727
2694
2685
2688
1447
1526
1473
1473
1461
1462
1825
1825
1818
2492
2492
2534
2531
2521
2520
2520
2724
2727
2694
2686
2687
1527
1527
1522
1453
1769
1781
1773
1774
2501
2500
2749
2746
2732
2754
2751
2729
1528
1525
1525
1526
1523
1522
1536
1931
1935
1779
1781
1781
1771
1778
1777
2498
2499
2614
2612
2613
2617
2598
2748
2746
2744
2751
1513
1524
1521
1535
1930
1935
1924
1921
1923
1776
1772
2585
2588
2613
2617
2599
2597
2747
2728
2776
2774
1513
1514
1539
1538
1537
1934
1923
1924
1785
1797
2587
2589
2595
2615
2563
2617
2597
2596
2804
2802
2803
2784
2772
2774
1565
1572
1564
1849
1537
1878
1849
1902
1784
2591
2564
2564
2566
2566
2802
2798
2804
2815
2812
2773
1572
1569
1568
1565
1877
1880
1880
1879
1874
1902
1782
1783
2592
2553
2567
2571
2797
2797
2798
2796
2812
2811
2815
1566
899
664
955
956
899
893
898
782
773
782
774
772
671
675
674
677
678
703
617
359
360
362
353
949
956
950
955
894
894
888
784
789
782
791
771
667
681
665
678
683
683
357
357
361
356
967
960
957
905
895
890
889
755
790
755
755
750
666
680
690
682
684
684
355
354
966
906
884
769
765
766
756
758
670
692
697
385
387
386
395
394
965
941
1033
1031
995
1027
995
769
767
757
531
532
559
559
472
395
1049
1041
1033
1030
1024
1024
997
760
568
567
567
466
466
462
462
492
491
494
1048
1048
1046
1030
1030
1022
1023
996
812
813
806
569
558
465
464
463
491
493
494
1047
1046
1018
1022
796
804
830
826
570
571
557
551
557
556
480
479
448
486
502
505
505
492
504
1047
1484
1491
1020
821
828
829
831
832
826
552
554
550
447
441
444
442
505
503
1484
1484
1492
824
823
821
2487
2515
2524
445
444
443
2703
501
2698
1484
1469
1470
1459
1493
1811
1810
2495
2495
2486
2512
2515
2512
2524
2721
2705
2720
2705
2704
2703
2699
1477
1472
1468
1470
1456
1805
1805
1819
2493
2465
2510
2522
2529
2721
2727
2692
2687
2688
1478
1472
1471
1454
1467
1454
1770
1770
1767
1775
2491
2468
2510
2527
2522
2712
2724
2726
2694
2693
2694
2686
1503
1502
1464
1453
1932
1769
1767
1767
2470
2501
2467
2533
2598
2723
2749
2731
2736
1517
1518
1533
1519
1536
1932
1932
1914
1921
1775
1772
1771
2469
2586
2471
2608
2612
2607
2605
2749
2743
2730
2731
2728
2732
2729
1517
1516
1538
1536
1932
1935
1920
1921
2588
2585
2589
2614
2616
2610
2784
2793
2793
2776
2775
1514
1514
1514
1511
1926
1929
1928
1928
1935
1892
1896
2587
2582
2616
2555
2606
2604
2793
2791
2772
2776
1571
1568
1539
1509
1927
1927
1900
1892
1893
2582
2575
2594
2563
2560
2795
2787
2810
2782
2782
1569
1569
1566
1880
1880
1904
1901
1902
1902
1897
1901
1898
2574
2577
2561
2562
2562
2795
2795
2810
2781
2553
897
950
900
661
660
663
660
664
703
383
703
701
359
358
353
360
950
893
894
897
889
754
771
770
661
665
698
702
382
381
355
353
961
960
894
882
890
886
755
753
752
666
670
696
379
380
380
962
964
966
967
883
890
885
766
751
752
670
697
470
386
354
963
963
1033
1032
884
768
761
756
752
562
697
472
559
471
467
393
395
1049
1052
1029
1025
1026
1026
804
762
760
564
472
469
470
491
491
1049
1055
1052
1019
1019
1021
1021
794
796
795
805
568
557
560
468
476
496
494
1051
1055
1022
792
793
793
565
550
480
480
477
504
1053
1018
801
1022
829
828
826
553
481
480
475
502
502
505
1480
1479
1490
1494
1489
1814
1813
829
552
553
2511
481
483
2710
440
2696
500
1483
1475
1491
1493
1808
1808
1814
2486
2487
2512
2528
2526
2529
2708
2695
2695
2698
1478
1477
1455
1808
1812
2482
2485
2512
2529
2711
2713
2710
2692
2690
1504
1478
1476
1466
1464
1466
1452
1455
1467
2482
2464
2482
2466
2483
2529
2713
2715
2691
2738
1501
1502
1519
1467
1452
1915
1767
1775
2464
2471
2468
2474
2476
2607
2714
2716
2738
2736
2738
1518
1533
1530
1931
1775
2469
2470
2467
2608
2611
2742
2740
2741
2730
2734
2734
1517
1533
1929
1921
1913
1894
2583
2586
2609
2611
2604
2742
2793
2776
1508
1511
1532
1926
1928
1910
1912
1895
1895
2584
2580
2581
2557
2784
2792
2791
2789
2773
1507
1928
1907
1900
1892
1896
2576
2578
2579
2556
2557
2561
2785
2786
2787
2778
1507
1499
1499
1904
1899
1898
2574
2577
2553
2562
2562
2787
2778
2780
2782
1903
961
900
898
774
384
377
961
773
703
379
895
892
887
881
700
761
749
669
697
381
394
964
1029
881
670
696
472
395
1027
751
560
490
489
1051
1054
1013
796
565
479
473
469
498
1016
1020
792
801
796
797
563
551
474
476
497
1479
1055
1486
821
798
482
1492
1489
799
483
2697
499
1480
1488
1807
1814
2484
2525
2525
2528
1469
1467
1456
1805
1808
1766
2482
2485
2713
2716
1503
2479
2478
2479
2476
2712
2715
2707
2690
1529
1922
1775
2466
2716
2737
1530
1918
1918
2473
2477
2603
2735
1510
1532
1914
2474
2610
2606
2743
2788
1515
1509
1926
1913
2583
2581
2555
2740
2790
2788
1508
1910
1897
2579
2559
2786
1499
1910
2556
2778
961
699
698
384
667
906
882
885
385
564
560
468
1052
1016
763
794
498
820
499
2697
1490
2696
1465
1476
1809
2484
2708
2481
2711
1529
2738
2741
1515
1913
2605
2603
2558
2789
1904
1899
664
378
663
383
959
887
356
668
393
762
1025
763
467
1016
473
475
477
1489
1812
2485
2691
1465
1916
2707
2716
1517
1922
2477
1915
2472
2790
1918
2584
2580
1907
1894
2575
2558
2787
2782
901
701
749
699
700
382
962
562
760
375
1016
474
496
1055
802
797
805
554
799
1813
2485
2478
2465
2473
1510
2609
1906
2603
2779
1907
2578
2556
898
880
749
662
378
886
752
883
375
1052
1013
565
496
482
1481
1481
798
2526
2710
2689
1504
1806
2481
1501
1916
1917
1504
1530
1918
2740
1905
1498
1498
1909
2576
2559
901
880
1684
1684
377
891
892
1221
1873
1013
693
693
374
802
1015
802
1486
497
1489
2509
1487
1487
2509
2709
1809
2707
2475
2475
992
2472
2735
2735
2602
1497
1497
1911
2603
2779
1905
1910
958
921
1684
694
376
376
1873
1873
1014
694
1014
1868
2443
1868
1171
563
1500
1506
921
77
1505
1506
41
2092
1497
2092
78
1584
184
