2864
405
784
795
765
766
440
440
404
504
747
739
438
414
409
413
513
511
513
788
804
801
426
422
421
500
804
717
750
752
753
427
418
496
846
717
755
755
428
428
420
497
498
495
1012
971
756
757
677
684
499
953
969
967
756
707
680
708
684
683
613
613
583
588
1021
953
957
979
978
709
704
616
587
1018
1018
1022
957
956
980
705
695
621
625
614
587
996
999
1450
1585
2765
706
2761
1453
1453
1444
1587
2767
2765
2759
2562
1452
1447
1446
1581
2582
1466
1434
1435
1435
1551
1577
1578
2704
2579
2580
2568
1630
1461
1460
1558
2755
2755
2703
2578
2557
2560
2559
2560
1629
1630
1565
1559
1548
2797
2799
2697
2697
2558
2559
2558
1628
1629
1557
2775
2642
1613
1614
1547
2816
2818
2663
2663
2666
2644
2641
2655
2653
1645
1645
1639
1639
1701
2776
2655
1646
1637
1641
1704
1704
1701
2814
2814
2778
2784
2680
2681
2659
2661
791
789
792
789
790
786
795
770
767
770
765
748
742
742
741
437
436
406
405
406
409
409
412
504
506
505
511
789
789
794
795
797
767
798
748
742
439
438
433
437
406
402
406
413
504
512
507
513
789
837
837
804
798
800
747
751
744
738
739
445
446
434
432
434
423
415
414
501
501
502
513
509
846
845
843
801
801
719
749
753
751
446
431
428
428
423
422
416
499
502
493
849
846
846
841
842
843
725
717
749
756
759
425
757
427
419
498
497
494
494
493
849
847
1011
970
953
970
967
756
758
681
678
681
677
679
690
682
420
612
584
588
495
591
590
989
1013
1014
1013
1016
1012
969
968
963
709
680
681
686
682
683
607
613
607
585
588
585
591
990
1020
1020
1022
953
954
980
983
982
708
707
706
704
606
606
624
615
583
596
594
998
997
998
1021
1019
958
957
960
979
978
982
711
712
705
695
697
696
622
624
615
625
595
595
596
592
996
996
1019
957
1583
983
1586
2766
2766
2763
2761
697
622
622
621
623
623
2576
594
592
2562
1472
1472
1450
1451
1445
1450
1446
1444
1584
1584
1585
1587
1586
2767
2760
2758
2759
2761
2761
2728
2574
2698
2720
2573
2574
2562
2564
1467
1469
1453
1433
1445
1447
1584
1587
1580
1580
1578
2756
2753
2754
2701
2706
2706
2581
2705
2572
2570
2568
2565
1465
1467
1469
1436
1436
1555
1556
1579
1579
2755
2754
2702
2705
2706
2581
2571
2582
2556
2568
2568
1465
1461
1434
1554
1556
1554
1553
1552
1552
1577
2796
2702
2703
2697
2578
2577
2555
2556
2560
1632
1629
1631
1560
1460
1562
1561
1565
1565
1558
1549
1552
2689
2687
2686
2579
2577
2555
1626
1631
1629
1613
1563
1565
1546
1548
1550
1550
2800
2798
2800
2798
2783
2685
2663
2643
2644
2641
2655
2554
2652
1625
1628
1612
1615
1615
1640
1640
1546
1547
1543
2818
2799
2817
2775
2777
2775
2781
2783
2644
2654
2654
1652
1648
1611
1612
1635
1640
1703
1702
2815
2816
2818
2778
2777
2784
2665
2666
2666
2679
2646
2655
2656
1645
1647
1647
1637
1634
1642
1643
1641
1704
1704
1701
2815
2778
2778
2674
2681
2659
2660
2660
2661
2657
2656
1648
761
411
792
790
786
785
796
770
768
746
740
1304
742
1301
435
436
403
403
412
409
507
506
505
530
791
835
783
782
795
798
796
800
770
766
768
748
724
745
740
439
437
434
402
412
412
417
533
510
526
525
836
837
803
801
797
769
726
748
744
442
443
446
443
445
432
431
433
393
417
416
502
508
510
831
837
831
830
831
804
722
750
752
443
425
431
430
421
454
501
453
456
509
508
848
848
843
843
840
721
723
723
725
731
758
759
678
678
690
418
609
419
610
457
457
496
849
842
1011
941
962
971
961
965
963
672
685
692
608
611
589
591
991
994
1015
941
968
968
672
681
692
607
691
607
604
613
585
989
990
992
1015
1024
1023
1016
958
951
954
940
712
714
694
685
692
703
604
616
611
617
593
601
593
599
999
1019
1025
1025
960
959
952
956
981
983
983
711
715
713
713
694
700
703
701
619
614
600
599
1028
1450
960
1511
1583
975
2762
2764
697
697
2757
696
619
2575
598
2563
1474
1473
1453
1449
1511
1444
1568
1576
2762
2764
2757
2758
2727
2726
2725
2722
2719
2722
2575
2576
2565
1472
1472
1475
1468
1436
1438
1584
1570
1581
2769
2752
2752
2727
2728
2706
2721
2573
2571
2569
2564
1469
1471
1469
1462
1461
1433
1436
1440
1442
1529
1555
1567
2770
2753
2701
2698
2700
2580
2587
2572
2570
2569
1466
1464
1463
1561
1531
1553
1552
1532
2755
2693
2688
2691
2583
2586
2552
2567
1632
1560
1562
1527
1559
1528
1522
1534
1536
2688
2689
2685
2583
2588
2557
2591
2553
1622
1624
1623
1625
1618
1564
1564
1528
1557
1544
1544
1549
2797
2805
2803
2806
2687
2781
2590
2643
2641
2553
2554
1624
1626
1619
1621
1614
1640
1748
1710
1524
1543
2818
2810
2804
2780
2781
2666
2644
2649
2651
2651
2652
1654
1651
1636
1709
1706
1707
2815
2794
2791
2781
2784
2786
2665
2677
2650
2650
2658
1652
1653
1654
1654
1646
1651
1636
1636
1637
1643
1642
1708
1708
1707
2815
2793
2792
2791
2784
2792
2673
2675
2675
2676
2680
2684
2650
2647
2658
2673
2684
2683
786
762
411
783
877
782
879
786
764
761
763
779
745
781
1303
1302
1300
1301
390
390
388
368
408
536
536
534
535
535
530
529
834
878
763
775
781
781
735
745
1303
1301
1305
1300
384
391
368
533
536
527
832
833
835
833
802
773
774
724
737
737
1306
442
444
399
431
392
415
379
532
377
533
533
527
526
832
813
830
839
821
721
726
736
737
731
729
443
444
401
395
395
395
376
452
453
449
455
831
839
821
722
733
728
731
730
675
401
675
608
375
456
457
457
473
847
838
840
1009
961
962
965
964
673
674
688
692
689
689
610
550
609
582
582
580
590
993
994
1014
993
1008
1007
1010
943
943
940
965
965
673
686
688
687
584
549
577
585
991
994
994
1024
942
948
944
973
974
715
974
715
699
687
702
604
618
602
602
600
597
591
997
1002
1002
1026
960
947
951
945
946
973
976
715
714
703
701
619
618
601
599
599
1001
1001
1002
1028
1028
1512
1510
1575
1574
2763
2773
699
700
700
703
2725
2719
619
2515
2516
2535
2533
1475
1474
1449
1509
1511
1575
1576
1574
2773
2772
2744
2733
2727
2727
2725
2722
2513
2516
2532
2530
2563
1473
1456
1462
1441
1438
1569
1567
2771
2770
2773
2756
2732
2726
2724
2721
2722
2524
2513
2530
2531
2531
1458
1458
1441
1439
1568
1603
1570
1601
2770
2769
2729
2736
2730
2733
2699
2699
2584
2588
2524
2529
2567
1457
1463
1455
1442
1442
1530
1531
1531
1533
2735
2693
2692
2585
2585
2587
2550
2551
1623
1690
1616
1688
1464
1528
1531
1522
1522
1535
2796
1533
2694
2690
2686
2692
2593
2586
2591
2552
2551
1622
1689
1617
1617
1616
1618
1527
1749
1525
1525
1524
1535
2803
2804
2806
2590
2591
2669
2631
1619
1620
1746
1747
1748
1749
1712
2810
2802
2812
2802
2805
2827
2671
2672
2669
2650
2648
1687
1620
1650
1621
1747
1749
1710
1715
2809
2809
2795
2787
2788
2785
2785
2672
2684
2672
2646
2657
1653
1654
1651
1651
1634
1709
1706
1719
1705
2809
2794
2792
2788
2786
2674
2678
2678
2677
2682
2679
2684
2637
2647
2647
1634
2637
881
877
878
879
854
764
778
780
780
1338
1304
1299
1298
1302
1299
389
390
388
367
368
368
534
516
536
530
880
882
762
851
851
775
781
1338
1337
1307
1307
1306
1305
1301
384
387
390
386
392
379
522
528
530
834
814
813
817
772
774
732
735
729
1328
383
384
398
400
398
391
378
379
377
448
451
450
525
828
811
815
817
820
773
737
1310
398
400
394
397
376
376
452
450
470
828
823
822
822
825
826
820
734
733
728
731
936
1313
401
401
395
654
650
376
556
375
454
460
461
471
473
988
987
838
988
823
1008
1010
926
926
929
938
937
675
651
675
658
655
557
552
548
552
551
579
578
472
988
988
986
1009
1007
924
943
949
929
674
662
663
665
667
658
657
547
552
552
548
577
578
985
986
1023
943
949
948
932
664
666
547
545
577
579
573
1002
1005
1027
1027
1073
947
946
944
977
977
660
638
637
646
647
543
544
559
570
571
571
1004
1003
1004
1028
1513
1514
945
976
977
977
635
637
647
645
647
2717
2715
560
2512
560
563
570
2534
1489
1494
1494
1517
1511
1514
1572
1573
1571
2773
2744
2729
2731
2743
2725
2716
2717
2513
2514
2516
2534
2533
1490
1491
1487
1517
1519
1520
1593
1597
1569
1571
2736
2731
2732
2527
2510
2513
2516
2523
2532
2528
2537
1458
1456
1488
1454
1442
1520
1439
1518
1518
1592
1604
1567
2736
2733
2736
2708
2700
2524
2540
2528
2547
2547
2529
1693
1454
1458
1455
1439
1530
1601
1602
1600
1534
1532
2739
2739
2695
2695
2690
2584
2525
2524
2518
2540
2540
2548
1689
1696
1768
1542
1538
1539
2803
2822
2691
2826
2840
2592
2594
2594
2591
2543
2550
2543
1690
1688
1697
1697
1767
1746
1789
1525
1541
1540
1536
2821
2820
2826
2819
2825
2825
2829
2593
2668
2632
2633
2631
1683
1682
1678
1678
1755
1753
1749
1715
1714
2811
2803
2826
2828
2828
2671
2669
2649
2630
2629
2633
2632
1687
1686
1679
1755
1754
1711
1711
1713
1705
2809
2811
2789
2788
2789
2829
2672
2669
2639
2638
2638
1687
1681
1680
1680
1751
1752
1717
1721
1720
1720
2808
2793
2795
2788
2852
2676
2682
2609
2596
2595
1752
853
515
874
882
854
854
852
870
778
1338
1334
1333
1338
1341
1339
1340
1297
1298
1309
385
385
365
524
521
523
524
517
518
516
880
872
881
852
868
778
777
777
1334
1311
381
381
386
387
365
362
365
520
522
476
514
873
815
858
851
862
772
780
732
1328
1320
1329
1312
384
398
360
361
370
379
468
451
451
812
808
814
805
824
826
817
819
861
820
734
1327
1329
1315
1314
1310
1318
397
370
370
468
467
468
448
812
812
811
825
826
820
926
938
1314
652
650
373
655
372
462
459
461
470
473
1033
1064
826
1059
924
926
938
934
1313
649
652
652
655
658
558
556
554
461
462
461
987
1030
1064
1051
929
938
937
664
663
662
658
669
546
558
547
545
555
549
576
580
472
985
1042
1072
1073
1072
919
923
932
935
931
665
661
661
666
667
547
544
563
561
577
574
574
574
1003
1040
1073
1069
1071
932
932
660
639
647
543
644
645
544
559
563
572
573
1005
1493
1071
903
1512
907
1598
975
634
638
641
2714
646
2717
2716
2507
562
2536
1496
1494
1493
1516
1513
1598
1598
1572
1573
635
2744
2741
2714
2714
2717
2509
2510
2515
2508
2507
2535
2536
1489
1488
1494
1487
1507
1517
1515
1519
1593
1597
1594
1596
1608
2747
2746
2729
2710
2711
2509
2510
2538
2538
1491
1490
1476
1504
1508
1595
1601
1610
2738
2737
2707
2711
2526
2526
2525
2544
2546
2545
2549
2549
1693
1505
1505
1592
1603
1605
1601
1539
2739
2739
2823
2694
2708
2520
2542
2549
2548
1692
1691
1695
1695
1772
1592
1592
1788
1541
1602
1539
1539
2823
2838
2521
2519
2627
2542
2543
2543
1692
1684
1699
1696
1699
1771
1768
1789
1788
1789
1788
1525
1542
1540
2821
2819
2826
2840
2592
2626
2627
2628
2628
1684
1684
1683
1698
1755
1767
1786
1712
1744
1733
2812
2820
2851
2827
2838
2839
2627
2624
2629
2630
1687
1685
1678
1763
1755
1753
1721
1713
1715
1715
1726
1736
2851
2849
2854
2607
2610
2622
2597
2639
1685
1660
1681
1663
1679
1656
1752
1766
1751
1718
1717
1721
1726
1738
2850
2847
2850
2848
2848
2853
2853
2608
2608
2610
2599
2595
2596
2852
876
874
860
854
853
857
871
871
778
1334
1334
1340
1339
1309
342
343
342
363
364
524
521
524
523
518
517
515
119
873
872
859
858
868
870
1332
1320
1331
1322
1335
1341
1309
344
363
365
362
520
521
476
476
477
888
886
805
894
868
861
862
1329
1323
1323
1312
1311
381
345
318
361
362
465
448
476
479
478
807
891
805
864
863
865
1326
1326
1329
1316
1318
1317
319
360
371
371
322
465
464
468
466
478
479
809
809
807
806
824
1061
865
925
927
1246
1246
1325
1315
1316
1318
651
654
317
372
373
465
458
482
481
473
1036
808
1031
1052
1060
1059
927
924
933
1237
1235
649
670
656
326
555
557
555
458
459
480
490
483
1032
1032
1033
1051
917
924
920
921
933
1236
668
670
669
657
538
541
555
569
489
491
1044
1043
1042
1064
1064
1055
918
910
935
934
661
628
668
644
643
541
540
566
568
567
488
1041
1069
1070
904
905
919
908
913
909
909
636
635
630
640
644
537
541
541
566
565
1041
1497
1070
1070
1070
1933
905
1934
906
906
907
636
635
639
632
627
640
641
2713
2283
563
2224
572
1497
1497
1495
1506
1517
1930
1598
913
1609
2747
2744
633
2741
2714
2291
2537
2224
1497
1496
1477
1480
1506
1508
1932
1931
1596
2132
2747
2126
2746
2741
2709
2709
2510
2292
2292
2290
2225
2508
2544
2216
2545
1479
1507
1505
1595
1594
1608
1609
2747
2749
2749
2711
2710
2527
2517
2213
2546
1484
1484
1505
1502
1502
1504
1591
1604
1606
1607
1607
1610
2116
2748
2521
2519
2517
2211
1692
1693
1774
1780
1779
1606
2118
2822
2837
2836
2835
2840
2520
2518
2210
2210
1675
1699
1698
1773
1774
1769
1780
1789
1741
1743
1742
1740
1538
2843
2842
2835
2840
2834
2618
2625
2626
2627
2623
2636
1665
1661
1662
1699
1770
1770
1771
1786
1786
1743
1742
1744
1734
2845
2843
2860
2618
2620
2621
2622
2636
2635
2623
1665
1660
1662
1763
1761
1723
1737
1726
1735
1733
2851
2849
2845
2855
2857
2606
2606
2609
2611
2599
2636
2598
1663
1656
1765
1765
1766
1764
1718
1723
1725
1726
1738
1738
2847
2851
2861
2856
2854
2607
2616
2612
2599
2599
1718
857
1273
875
875
859
869
1359
869
1330
1330
1335
1274
1271
1270
343
342
341
92
93
91
90
114
121
118
117
876
885
884
860
883
867
868
1331
1332
1323
1274
1267
345
342
93
322
98
94
476
115
120
121
121
888
886
888
891
868
1320
1322
1323
1267
1254
345
344
320
318
99
323
97
97
94
115
477
130
890
893
891
892
864
892
863
1326
1326
1253
325
320
314
99
96
475
1035
1038
893
1060
1058
1056
1245
1244
1240
1231
1318
328
325
327
316
317
465
485
481
485
485
1036
1036
1038
1039
1052
1061
1057
1246
1250
1240
1239
1244
1236
1235
242
253
317
254
317
554
42
480
482
1031
1030
1053
1055
1054
918
921
1240
1237
244
252
255
538
43
568
490
1043
1044
1047
1047
1066
1055
917
920
910
912
629
670
629
244
258
541
566
491
569
487
488
488
1049
1040
1047
1067
903
904
908
914
915
630
628
644
259
261
566
565
567
487
1968
1968
1967
1065
1942
1945
1934
901
1933
916
913
914
913
631
633
627
2295
260
2283
2235
2234
2220
2223
2221
2224
1953
1478
1478
1968
1941
1942
1945
1943
1934
1931
1928
2132
2131
2128
632
2750
2294
2285
2296
2292
2233
2222
2233
2218
2215
2223
1477
1947
1499
1932
1926
1931
2132
2301
2297
2297
2291
2288
2227
2217
1483
1480
1486
1479
1500
1499
1930
1925
2132
2124
2112
2104
2750
2300
2300
2299
2289
2287
2289
2226
2226
2227
2213
2213
1485
1486
1485
1500
1501
1779
1591
1925
2120
2116
2749
2749
2361
2300
2287
2195
2196
2213
2210
2212
1482
1674
1772
1774
1782
1783
1780
2119
1605
2123
2121
2123
2114
2117
2837
2837
2352
2831
2196
2199
2209
2210
1676
1775
1774
1773
1781
1783
1741
1787
1740
1741
1735
2115
2117
2841
2841
2833
2834
2832
2831
2621
2624
2199
1676
1675
1769
1786
1729
1734
2118
2057
2844
2845
2833
2834
2621
2621
2620
2617
2636
1664
1669
1661
1665
1763
1731
1729
1737
2037
2845
2860
2855
2616
2615
2613
2597
2603
1665
1659
1763
1759
1760
1757
1764
1732
1725
1724
1738
2036
2862
2859
2863
2861
2856
2857
2616
2616
2613
2612
2602
2602
1656
1725
2601
1270
336
856
856
857
1361
1360
1359
1260
1259
1260
1274
1274
1272
1271
338
339
339
91
103
90
112
117
113
114
118
887
884
883
1361
1360
1351
1259
1272
1273
1266
1268
1268
348
339
337
339
92
323
90
115
121
888
885
1356
1355
1354
1263
1256
1255
1257
357
357
348
319
321
101
95
98
95
96
125
133
130
1431
1430
894
1357
1354
1354
1241
1257
1242
1256
1253
356
314
325
332
323
315
33
127
126
127
127
132
129
1034
891
1037
1058
1128
1126
1126
1246
1243
1243
1242
1234
1234
326
331
314
37
34
484
485
30
1035
1038
1038
1122
1058
1056
1250
1252
1240
1233
1238
1231
327
242
329
316
253
43
36
43
41
24
483
1050
1048
1039
1054
1120
1055
1121
1206
1251
1239
1231
243
244
255
252
254
40
251
42
41
489
32
1050
1050
1048
1063
1067
1136
1204
1204
1204
1238
230
230
252
252
261
40
47
1049
1047
1065
1066
1136
902
900
896
895
233
230
231
260
258
261
265
45
45
1964
1966
1945
1945
902
902
901
916
915
913
895
898
631
232
230
2285
2285
2236
2236
2220
2236
2224
1968
1966
1942
1928
1927
2135
2133
2134
2129
2293
2294
2295
2286
2233
2233
2232
2215
1953
1950
1941
1938
1925
1928
2136
2133
2135
2129
2107
2126
2303
2302
2299
2284
2292
2228
2230
2230
2217
2218
2216
1947
1480
1949
1502
1950
1926
1939
2140
2137
2130
2104
2301
2302
2300
2296
2194
2225
2204
2204
1483
1486
1502
2014
2014
2121
2120
2124
2113
2110
2361
2288
2351
2307
2193
2207
2198
2205
2212
2206
1482
1486
1673
1671
1776
1777
1782
2017
2119
2122
2115
2114
2842
2110
2361
2353
2353
2349
2351
2196
2195
2457
2197
2199
2206
1672
1674
1777
1776
2014
2025
2021
2055
2365
2367
2366
2350
2457
2456
2199
2424
2210
1668
1667
1666
1775
1781
2022
1728
1729
2025
2025
2057
2056
2366
2404
2860
2350
2834
2460
2459
2423
2422
2425
1670
1666
1659
1760
1758
1756
1756
1732
2018
1729
2039
2039
2057
2863
2860
2405
2409
2406
2453
2460
2458
2613
2605
2605
1659
1659
1759
1760
1760
1757
1730
1732
1732
1731
2039
2038
2039
2037
2036
2862
2411
2409
2408
2407
2409
2453
2451
2452
2613
2451
2602
2604
2602
2605
2605
336
112
1387
1388
1397
1363
1362
1360
1349
1260
1287
1286
1286
1265
336
338
102
104
104
107
106
110
108
113
116
162
116
1396
1395
1363
1362
1352
1352
1262
1266
1268
1265
349
350
351
346
103
109
100
109
124
131
120
131
1431
1389
1390
1357
1355
1356
1351
1263
1255
357
354
347
353
348
330
348
323
100
110
123
130
133
1429
1428
1430
1426
1422
1127
1127
1353
1350
1241
1254
357
352
330
101
126
34
33
127
133
130
1429
1096
1427
1104
1426
1104
1119
1124
1125
1249
1249
1234
328
333
334
332
331
329
37
37
28
29
27
1098
1100
1118
1103
1103
1120
1128
1121
1123
1251
1248
1249
1222
1234
1220
241
249
249
35
37
26
26
31
32
31
1099
1100
1139
1122
1139
1207
1252
1207
1199
1221
1220
240
244
239
238
252
247
247
43
25
26
48
46
1113
1114
1046
1116
1135
1135
1206
1203
1200
897
224
239
225
245
261
262
266
267
40
60
48
48
48
1114
1047
1136
1192
1204
1201
896
898
899
232
233
227
257
264
267
263
267
263
60
50
51
51
1965
1963
1962
1115
1136
1192
899
897
231
229
257
2236
2235
2221
2149
2221
1963
1965
1953
1964
1961
1944
1913
1928
2147
2145
2135
2144
2135
2317
2128
2321
2322
2323
2286
2286
2228
2233
2188
2186
2215
1956
1956
1952
1954
1950
1935
1936
1937
2136
2146
2138
2134
2127
2326
2321
2311
2308
2286
2229
2230
2191
2189
2189
1953
1955
1950
1939
1936
1938
2141
2137
2138
2107
2107
2303
2326
2311
2308
2309
2308
2306
2192
2203
2204
2205
2191
1803
1805
1804
1804
1820
1820
1939
2015
2141
2122
2112
2113
2109
2113
2110
2106
2362
2364
2363
2357
2192
2200
2207
1672
1802
1844
1819
1822
1818
1819
2016
2015
2111
2111
2110
2362
2363
2370
2359
2356
2352
2359
2457
2202
2202
2201
2202
2417
1671
1842
1843
1838
2016
2023
2027
2023
2028
2046
2053
2054
2367
2370
2356
2349
2457
2421
2426
2426
2425
1673
1878
1667
1839
1835
1835
1837
2022
2020
2028
2048
2048
2047
2055
2057
2365
2400
2399
2459
2458
2421
2422
2424
1670
1668
1841
1840
1848
1836
1847
2019
2018
2042
2048
2045
2411
2404
2406
2400
2460
2453
2423
2433
2434
2434
1658
1876
1669
1840
1849
1849
1845
2012
2040
2040
2041
2044
2412
2405
2408
2409
2451
2454
2454
2454
2451
2434
2435
1388
1393
1394
1396
1392
1347
1290
1289
1293
1293
351
306
298
102
107
107
106
165
164
1387
1391
1391
1397
1363
1349
1347
1343
1287
1294
1296
1293
350
349
296
155
107
108
123
164
163
1389
1422
1395
1421
1350
1348
1343
1345
1263
1263
354
353
280
280
155
154
124
122
161
171
1431
1422
1209
1226
1226
352
354
287
283
282
9
10
2
122
29
0
27
170
1419
1427
1105
1428
1106
1125
1124
1209
1226
1229
286
285
289
281
281
36
8
5
3
1
28
1098
1106
1118
1119
1123
1137
1209
1249
1223
334
1221
241
333
235
236
248
38
85
32
1099
1100
1106
1103
1138
1138
1137
1205
1196
1198
1199
1220
240
235
235
237
237
246
246
249
23
26
65
46
1114
1109
1117
1117
1139
1139
1133
1205
1201
223
226
245
266
207
23
267
64
53
63
47
1114
1113
1115
1116
1130
1133
1187
1191
1193
1200
1184
226
227
264
62
61
54
54
1959
1959
1958
1962
1960
1914
1192
1192
1195
1194
2317
225
2323
262
2152
2148
2166
50
2148
51
1962
1962
1961
1883
1912
2146
2144
2144
2127
2316
2317
2322
2305
2260
2149
2154
2187
1956
1948
1935
1920
1917
1912
2145
2143
2144
2144
2071
2325
2324
2310
2311
2306
2155
2155
2187
2186
2188
1956
1949
1918
1915
1916
2139
2141
2071
2107
2107
2326
2314
2311
2313
2307
2267
2180
2179
2191
2190
1805
1801
1822
2140
2087
2091
2103
2364
2312
2313
2358
2193
2191
2178
2190
1801
1821
1822
1822
1818
2017
2087
2028
2034
2369
2368
2355
2359
2357
2359
2482
2462
2420
2202
2182
1875
1844
1844
1844
1837
2023
2031
2032
2049
2054
2369
2370
2345
2356
2462
2420
2419
2420
2417
1875
1874
1843
1838
1835
1996
2023
2027
2048
2050
2051
2054
2347
2415
2396
2370
2400
2356
2401
2439
2439
2420
2418
1877
1878
1841
1839
1852
1847
1848
2019
2008
2010
2020
2041
2051
2043
2051
2415
2414
2397
2400
2403
2399
2402
2402
2450
2444
2447
2431
2434
2435
1876
1877
1867
1846
1845
2012
2012
2042
2045
2045
2415
2412
2412
2413
2395
2403
2454
2448
2445
2433
2436
2044
304
1399
1394
1406
1393
1405
1404
1365
1372
1372
1290
1288
1292
306
306
312
298
300
300
149
148
146
166
163
163
163
1408
1392
1385
1377
1348
1346
1344
1294
1296
1295
1293
305
311
297
146
146
166
169
162
1414
1406
1390
1385
1422
1408
1385
1386
1344
1296
1296
312
297
297
280
154
155
169
169
168
170
1419
1414
1415
1425
1424
1384
1346
1154
1343
1226
1225
1225
1228
1228
284
278
278
282
277
283
18
155
19
4
2
169
172
1418
1419
1417
1088
1162
1211
1227
1223
1229
285
286
288
289
10
9
6
4
1
77
3
0
78
1097
1089
1103
1161
1160
1197
1212
1222
1212
289
184
186
289
192
236
206
8
7
84
85
85
1111
1110
1110
1102
1093
1095
1161
1198
1164
187
188
189
238
209
208
208
206
7
23
57
86
88
1107
1109
1108
1130
1132
1133
1189
1196
1197
1174
1164
223
189
199
203
198
205
219
58
62
64
65
53
1959
1881
1189
1133
1188
1194
1175
1184
1182
1183
224
220
204
218
219
56
63
54
1959
1882
1882
1187
1186
1189
1193
2068
1195
2066
1184
2070
1184
1182
2317
2319
2318
222
2262
222
2151
2150
2151
2150
2166
54
1900
1883
1914
1185
2067
2066
2070
2320
2320
2319
2261
2260
2152
2158
2155
2166
1954
1898
1919
1919
1918
1923
1913
1916
1906
1908
2147
2067
2065
2065
2072
2325
2244
2263
2305
2262
2267
2155
2154
2185
2185
1796
1803
1920
1923
1917
1915
1907
2064
2070
2073
2073
2326
2312
2314
2264
2264
2266
2268
2179
2171
2184
1809
1807
1813
1821
2088
2090
2089
2086
2092
2337
2269
2180
2177
2182
2182
2170
1811
1810
1811
1802
1806
1808
1816
1816
2031
2088
2030
2087
2034
2087
2091
2093
2093
2348
2333
2345
2342
2358
2478
2178
2479
2471
1810
1808
1814
1814
1815
1998
2031
2031
2030
2033
2034
2094
2346
2344
2345
2339
2481
2480
2462
2471
2471
1875
1875
1853
1854
1855
1997
2032
2034
2050
2053
2386
2348
2386
2345
2397
2340
2339
2401
2446
2480
2439
2489
2492
2469
1868
1872
1851
1852
1852
2009
1997
1977
2049
2397
2373
2394
2396
2393
2448
2447
2428
2430
2428
2491
1870
1871
1869
1869
1846
2011
2009
2012
2010
1978
1979
2043
2415
2375
2375
2393
2448
2447
2445
2444
2430
2431
2436
1852
1405
299
1405
1407
1365
1404
1365
1374
1288
1374
1276
1292
306
301
305
310
300
147
148
143
158
158
160
1399
1408
1400
1408
1376
1386
1371
1373
1371
1371
1289
1276
310
312
294
300
152
149
144
176
165
161
1416
1416
1423
1425
1375
1386
1386
1371
1345
1281
1282
1280
311
296
293
151
153
153
175
172
1415
1424
1154
1212
1212
1370
1215
1228
274
278
271
21
178
19
178
171
1419
1418
1087
1089
1159
1159
1156
1211
1215
1228
284
288
278
210
20
78
1084
1105
1087
1094
1159
1150
1159
1215
186
185
186
211
18
7
6
85
81
79
1097
1083
1093
1091
1095
1149
1162
1148
1160
1173
1164
188
209
207
15
59
84
88
87
1108
1111
1095
1146
1172
1168
1180
1181
189
189
200
200
200
203
204
205
58
57
67
75
88
88
76
1107
1891
1891
1130
1189
1176
1174
1181
1180
1181
199
197
200
221
219
219
56
74
52
1899
1897
1896
1185
1186
1178
2058
2318
2252
222
218
56
2169
61
2167
1900
1896
1880
1906
1880
2068
2059
2058
2246
2247
2245
2245
2244
2263
2260
2157
2156
2157
2167
2165
2166
1900
1898
1921
1922
1911
1907
1902
2065
2079
2243
2244
2255
2266
2261
2158
2156
2185
2185
1796
1797
1791
1921
1923
1908
1909
2065
2084
2076
2072
2254
2255
2255
2265
2265
2273
2176
2177
2177
2177
2170
1798
1791
1812
1909
1828
2089
2090
2083
2096
2092
2337
2334
2334
2269
2268
2176
2171
1809
1791
1813
1806
1816
1815
1993
1995
1987
2086
2095
2095
2096
2337
2101
2336
2334
2329
2341
2478
2474
2479
2465
2468
2465
2471
1861
1807
1855
1816
1994
1994
1985
1986
1983
2094
2346
2347
2339
2341
2482
2479
2467
2466
2470
1864
1872
1863
1865
1996
2001
2000
1998
1999
1989
1981
2386
2385
2340
2372
2342
2481
2490
2488
2493
2470
1872
1872
1854
1860
2009
2000
1975
1989
1977
1981
2389
2384
2374
2394
2448
2502
2428
2492
2493
1871
1867
1868
1852
2009
2009
1976
1976
1979
1978
1976
1972
2389
2388
2380
2379
2381
2502
2494
2497
2499
2375
1374
1402
1405
303
302
301
302
291
291
140
147
137
139
144
159
160
1399
1376
1375
1374
1378
1279
1280
1276
303
309
151
138
143
142
175
175
1402
1411
1377
1380
1382
1383
1281
1282
1285
309
294
152
135
134
178
1412
1413
1410
1411
1153
1156
1382
1217
1285
1284
274
270
21
178
175
1413
1410
1086
1088
1152
1158
1218
1215
1285
275
271
18
211
21
14
82
79
1082
1082
1086
1155
1159
1156
1173
1218
1214
183
18
14
15
82
81
1083
1080
1079
1094
1095
1149
1150
1148
1173
1171
1170
186
193
194
210
59
76
86
1081
1078
1147
1146
1171
1170
182
196
202
202
214
74
1081
1076
1147
1147
1177
1176
1181
196
215
216
213
67
73
75
1894
1897
1881
1880
1889
1887
2062
1175
197
197
2250
215
220
2281
222
2169
73
1900
1899
1895
1889
1901
1901
2061
2061
2247
2246
2251
2251
2252
2281
2168
2169
2162
1798
1800
1903
2068
2059
2078
2247
2244
2258
2274
2275
2280
2160
2163
1800
1797
1797
1923
1833
1833
1910
1910
1832
2076
2077
2078
2255
2241
2275
2270
2272
2160
2172
1794
1794
1824
1831
1828
1829
2083
2084
2102
2102
2333
2331
2258
2329
2271
2270
2173
2174
2174
1826
1827
1827
1830
2082
2102
2102
2337
2330
2330
2476
2473
2475
2474
2467
2466
1863
1826
1995
1986
1987
1984
2099
2336
2331
2341
2472
2479
2487
2468
1866
1863
1853
2003
1999
1989
1991
1985
1984
1983
2386
2383
2503
2501
2490
2488
2485
2493
1860
2001
2006
1975
1989
1983
2389
2391
2384
2374
2377
2502
2489
2496
2495
2493
1866
1860
1859
2003
1973
1972
2389
2390
2375
2381
2380
2495
2494
2499
2499
1970
1402
1368
1368
1277
141
159
1401
1277
138
134
1423
1380
1378
1279
136
1217
1283
274
271
177
174
1413
1091
1156
274
270
20
80
1155
183
273
80
79
1084
1077
1142
1172
182
202
191
14
76
1078
1076
1147
1144
1170
1166
180
194
214
70
70
1891
1077
1888
1177
1165
216
1894
1889
1167
213
2162
73
1894
1905
1904
2062
2247
2250
2249
2249
1895
1911
1903
1904
1902
2076
2079
2241
2275
2278
1800
2256
2241
2258
2256
2275
2271
2278
2163
1833
2080
2082
2254
2278
2172
1824
2081
2080
2100
2328
2328
2465
1862
1827
1991
2101
2331
2341
2476
2487
1863
1865
2006
1990
1984
2382
2377
2503
2486
2487
1866
1990
1971
2392
2378
2502
1860
1982
2376
2498
1402
294
138
140
309
1086
1152
1383
21
193
191
13
1079
1074
1216
1144
72
1178
73
2169
1885
2160
1885
1799
2060
2238
2281
2076
2274
1832
2173
2475
1793
2099
2372
2472
2378
2486
1970
1973
291
141
294
139
1413
1366
175
309
12
1216
1092
1218
14
1075
194
212
67
1887
2062
2239
2163
1833
1830
2278
2272
1793
2099
2328
1995
2099
2487
1992
2382
2383
2006
1984
2392
2504
2496
2499
1367
137
1279
293
135
142
1413
275
1169
12
1092
191
69
1080
1143
1167
1170
197
1165
2060
2241
2258
2077
2098
1826
2331
2006
2505
2484
2003
2390
2379
1368
1279
1283
308
177
1383
1285
1153
68
1074
1142
180
70
212
1893
1894
1166
2249
2281
2163
1800
1905
2076
1794
1829
2081
1794
1825
1992
2473
2005
1856
1858
1971
2391
2378
1367
1278
1589
1589
157
1379
1379
256
2437
1141
272
272
68
1144
1075
1144
1886
70
1886
2238
1886
1886
2238
2279
2075
2277
2240
2257
181
2098
2465
2484
2505
1856
1857
1988
2504
2484
2005
1970
358
1006
1589
269
157
156
2437
2437
1141
269
1141
2440
2442
2440
720
180
2441
2463
359
720
2441
2442
718
2429
1857
2429
719
2416
718
