1936
460
786
925
930
929
482
481
460
419
903
908
481
467
416
417
421
412
412
798
928
927
459
459
458
418
799
895
903
905
905
475
459
364
815
897
893
901
474
474
453
367
366
364
810
894
902
902
474
358
367
853
853
852
902
347
347
350
357
358
295
295
294
300
833
850
838
855
857
347
357
277
299
832
832
837
838
847
854
337
275
276
278
274
298
826
825
1023
1267
1262
338
1472
1024
1021
1022
1269
1269
1262
1470
1578
1021
1017
1016
1268
1586
1002
1008
1010
1017
1246
1244
1243
1509
1510
1586
1575
999
1001
1007
1248
1488
1487
1487
1510
1583
1582
1583
1583
999
998
1009
1308
1310
1565
1565
1494
1494
1656
1656
1644
1000
1000
1305
1569
1657
1066
1065
1301
1313
1568
1531
1530
1530
1658
1658
1640
1641
1074
1074
1064
1064
1319
1546
1654
1073
1064
1061
1302
1300
1320
1320
1548
1546
1540
1654
1651
1652
1652
792
791
791
788
789
787
926
936
929
936
929
930
909
909
908
482
482
462
461
463
461
467
465
420
420
421
421
790
787
788
925
927
924
925
907
908
480
481
477
483
463
463
461
416
420
418
419
411
790
798
797
799
928
896
896
906
903
906
906
479
470
477
476
476
459
467
417
418
418
412
411
412
798
798
812
808
898
896
895
906
906
471
471
475
459
456
458
373
368
368
363
815
813
815
813
812
808
898
897
894
901
900
473
900
472
458
367
367
369
365
363
814
814
810
892
850
893
894
894
899
348
473
356
474
356
359
453
454
366
369
300
364
301
301
802
814
834
833
811
810
853
857
856
348
350
356
358
362
357
281
281
282
295
300
297
298
823
833
833
836
851
853
857
856
856
352
349
349
350
279
281
277
274
295
292
293
826
824
823
837
831
838
847
835
847
854
855
352
351
352
337
337
336
276
277
273
278
292
291
292
299
826
826
837
838
1267
854
1266
1269
1263
1262
1473
337
275
276
276
273
273
1590
292
293
1578
1026
1027
1020
1023
1021
1023
1016
1022
1251
1252
1267
1268
1269
1262
1473
1473
1473
1471
1472
1508
1504
1509
1505
1505
1589
1578
1577
1026
1025
1024
1025
1019
1018
1251
1246
1246
1244
1244
1476
1476
1477
1486
1497
1508
1511
1509
1579
1579
1577
1576
1002
1024
1004
1017
1019
1247
1248
1245
1246
1488
1488
1485
1486
1511
1587
1587
1586
1584
1575
1575
1002
1007
1010
1010
1248
1248
1308
1245
1243
1244
1484
1486
1485
1493
1510
1584
1583
1580
1582
999
1000
998
1009
1007
1012
1011
1012
1305
1307
1309
1309
1483
1483
1494
1496
1655
1645
1000
999
1088
1066
1009
1305
1301
1310
1310
1309
1566
1566
1570
1570
1532
1495
1496
1657
1655
1658
1641
1644
1643
1085
1085
1088
1087
1066
1065
1301
1313
1314
1313
1567
1566
1568
1571
1569
1532
1532
1533
1658
1641
1643
1079
1076
1059
1087
1063
1063
1302
1313
1322
1568
1568
1545
1533
1533
1531
1530
1654
1651
1654
1640
1639
1074
1080
1059
1059
1060
1064
1064
1061
1316
1320
1320
1548
1546
1545
1541
1652
1652
1638
1639
1639
1639
1638
1074
936
465
792
791
786
935
925
934
932
907
909
944
909
949
424
483
463
462
464
416
420
422
422
410
791
794
789
787
787
927
926
923
923
929
924
931
915
910
910
481
483
477
466
466
465
415
416
408
409
413
793
796
800
922
927
923
915
903
904
468
469
470
469
471
478
478
477
457
467
372
414
413
413
795
794
796
795
796
799
898
904
906
468
473
479
457
456
376
368
377
365
413
414
803
813
813
809
809
808
879
879
898
883
899
899
473
472
359
455
455
454
374
368
365
364
802
811
810
878
882
878
882
902
899
355
356
361
281
283
301
301
829
802
845
851
858
859
348
350
362
282
362
280
284
284
297
830
830
830
846
834
845
845
836
849
852
851
352
353
334
358
362
336
279
280
283
286
297
290
296
289
825
832
831
836
836
848
849
849
854
861
860
353
354
353
354
335
333
335
278
272
274
290
287
831
1023
835
1254
1267
861
1263
1264
338
336
1471
336
272
1590
291
1593
985
1027
1021
1020
1253
1253
1251
1260
1265
1265
1473
1473
1470
1469
1507
1507
1506
1504
1590
1590
1579
1026
1027
984
1025
1019
1019
1251
1252
1256
1257
1476
1477
1469
1507
1499
1505
1589
1587
1576
1577
1003
983
1003
1003
1008
1015
1008
1015
1018
1249
1247
1242
1475
1476
1486
1497
1498
1510
1585
1587
1574
1581
1003
1004
1006
1011
1250
1240
1245
1241
1488
1490
1487
1491
1495
1584
1581
1574
1001
1012
1012
1250
1308
1303
1307
1242
1312
1492
1492
1495
1502
1661
1580
1661
1645
995
1086
994
1088
1087
1066
1305
1306
1306
1308
1312
1310
1565
1571
1562
1571
1494
1528
1496
1656
1662
1644
1645
1077
1086
1085
1088
1067
1067
1068
1302
1304
1314
1567
1564
1572
1529
1529
1530
1660
1660
1642
1642
1643
1080
1079
1067
1302
1319
1321
1547
1548
1572
1572
1533
1539
1538
1534
1649
1649
1636
1079
1080
1078
1080
1076
1075
1059
1060
1061
1061
1062
1317
1317
1321
1321
1547
1546
1543
1540
1543
1539
1541
1535
1535
1651
1650
1649
1636
1636
1541
1648
1648
740
935
465
789
737
738
740
789
936
935
933
932
913
913
912
950
948
949
425
425
437
436
407
407
405
406
422
422
400
410
734
734
933
736
934
932
913
911
945
949
946
948
439
451
464
407
405
409
794
794
800
733
736
922
923
914
915
915
946
469
478
443
478
451
466
372
372
372
408
406
409
409
793
765
795
800
765
877
922
916
880
883
888
469
471
444
452
455
450
373
377
377
382
378
796
809
807
879
881
880
888
888
320
443
327
455
374
377
375
384
379
803
805
807
806
879
882
872
883
317
318
360
360
326
327
361
325
284
374
365
271
301
802
828
846
804
806
844
843
875
872
876
858
858
318
355
360
340
284
286
266
296
829
830
830
846
875
873
873
858
861
353
859
333
333
340
342
279
285
286
290
287
287
296
824
824
830
842
841
874
848
849
868
860
861
332
334
344
346
280
285
290
288
288
820
821
819
842
842
1254
1254
1259
1261
1264
1264
333
343
344
343
1464
1506
272
1624
1594
1592
1592
985
985
1014
977
1254
1259
1258
1261
1265
1265
1467
1468
1469
1468
1507
1505
1588
1594
1594
1594
1577
985
984
1014
1015
1253
1259
1256
1257
1474
1480
1474
1481
1469
1464
1498
1506
1599
1588
1588
1596
1597
983
986
1013
1211
1249
1233
1240
1235
1474
1257
1478
1475
1475
1481
1499
1498
1503
1599
1600
1595
1574
986
1005
991
1006
1013
1210
1233
1232
1241
1484
1489
1490
1503
1502
1585
1581
1646
995
994
991
995
1006
1303
1233
1303
1311
1275
1562
1241
1490
1491
1492
1503
1502
1585
1661
1646
1646
1086
995
1082
1082
1081
1082
1072
1070
1303
1304
1312
1312
1561
1562
1492
1516
1661
1659
1647
1084
1082
1071
1067
1069
1069
1328
1564
1563
1564
1563
1572
1513
1528
1536
1659
1660
1643
1077
1083
1075
1083
1068
1070
1317
1316
1322
1554
1542
1572
1529
1539
1529
1536
1649
1536
1634
1637
1078
1078
1076
1075
1058
1317
1316
1318
1321
1547
1544
1543
1544
1539
1541
1538
1537
1535
1535
1534
1650
1634
1633
1637
1062
1633
737
738
739
739
753
933
933
920
921
912
944
950
950
951
951
425
425
437
437
407
436
404
404
405
401
737
737
735
736
735
919
921
913
913
945
947
945
946
949
440
435
434
435
452
371
405
403
402
777
734
736
769
918
919
917
917
911
911
440
440
442
452
441
451
450
371
370
384
403
403
402
776
777
777
765
763
916
880
887
441
444
452
441
450
371
383
382
381
801
774
765
807
766
759
759
877
880
890
888
891
885
443
444
449
324
327
450
324
391
376
392
379
378
379
804
801
805
804
762
807
759
869
881
870
889
889
321
321
318
327
325
330
254
253
374
375
266
270
271
827
828
804
843
760
872
876
872
864
317
319
319
318
329
339
329
340
254
266
253
266
271
828
844
843
875
875
873
863
308
340
342
255
267
267
289
822
822
842
840
840
874
873
868
865
865
308
332
344
346
342
285
243
244
267
288
288
819
821
820
841
978
1254
867
867
866
866
311
344
346
346
346
1466
1620
244
1623
243
244
257
1591
972
972
970
970
977
1216
1259
1261
1261
1260
1255
1480
1467
1462
1464
1466
1620
1618
1623
1624
1593
1592
988
972
968
969
977
1212
1212
1213
1237
1256
1479
1480
1481
1618
1621
1623
1601
1600
1597
1598
1597
987
987
988
990
1015
976
1013
1212
1212
1211
1234
1257
1479
1481
1479
1463
1498
1599
1601
1595
1595
1573
1596
996
990
987
991
1005
1210
1235
1235
1237
1235
1241
1236
1479
1457
1489
1503
1503
1599
1602
1692
1602
1595
1573
996
991
1072
1275
1274
1273
1562
1457
1490
1518
1517
1515
1688
1692
1692
1681
1646
1681
1042
1042
1039
1083
1072
1072
1299
1276
1276
1276
1273
1557
1560
1560
1559
1518
1516
1517
1516
1693
1647
1678
1678
1042
1084
1039
1083
1071
1296
1297
1327
1274
1564
1561
1560
1514
1513
1515
1677
1662
1635
1679
1635
1678
1041
1049
1052
1069
1069
1324
1318
1328
1315
1554
1553
1555
1555
1514
1514
1520
1659
1635
1634
1635
1041
1048
1049
1053
1053
1053
1325
1326
1316
1330
1327
1554
1542
1543
1522
1537
1537
1672
1633
1637
1053
752
401
728
739
754
739
753
745
920
920
967
966
966
964
964
965
951
951
940
426
434
436
395
394
397
396
397
396
400
734
728
731
752
746
919
921
921
967
941
428
428
435
433
437
433
393
393
399
403
402
732
777
731
747
747
918
919
917
958
956
959
947
439
442
445
387
387
371
388
383
381
776
775
766
774
764
766
764
764
757
758
917
958
959
887
886
946
439
441
446
448
385
386
390
383
775
775
774
766
763
756
869
891
887
320
444
448
324
446
392
390
389
380
379
782
761
762
759
870
869
891
884
885
323
321
323
326
324
330
249
250
392
392
265
827
784
782
761
863
864
864
319
307
319
328
329
330
252
256
256
253
265
264
271
270
822
818
844
688
760
680
870
863
864
865
305
307
308
305
304
256
253
247
247
267
259
258
259
821
817
840
839
680
868
865
308
302
345
255
341
342
246
244
257
259
258
822
973
840
680
1215
613
1215
868
312
310
346
1465
345
1465
1619
1620
257
1603
971
973
970
970
1216
1214
1214
1214
1230
312
1462
1460
1466
1466
1619
1620
1622
1623
1621
1622
1592
1591
971
989
974
968
979
977
975
978
1216
1215
1213
1239
1239
1230
1461
1462
1463
1463
1618
1621
1598
1603
989
988
993
976
1218
1219
1239
1236
1478
1458
1458
1500
1630
1629
1601
1598
1617
1614
1617
1616
993
981
982
1218
1233
1238
1234
1236
1236
1457
1453
1457
1456
1689
1602
1616
1617
997
997
992
992
1028
1299
1298
1299
1276
1285
1273
1272
1557
1518
1500
1688
1690
1690
1680
1681
997
1036
1039
1040
1040
1034
1028
1294
1299
1297
1297
1298
1275
1274
1558
1558
1518
1517
1516
1693
1691
1680
1681
1036
1035
1042
1039
1034
1033
1297
1296
1289
1284
1554
1560
1552
1513
1525
1524
1693
1679
1673
1678
1049
1041
1046
1055
1050
1324
1326
1323
1328
1327
1330
1284
1556
1550
1520
1676
1676
1673
1673
1666
1048
1046
1047
1048
1047
1054
1051
1052
1051
1326
1325
1329
1330
1330
1556
1556
1550
1555
1549
1521
1521
1520
1672
1673
1667
1667
1667
1522
728
728
755
755
753
742
744
745
955
967
967
966
964
940
426
429
427
431
394
395
394
397
397
398
398
398
115
731
732
755
755
747
745
955
954
954
957
965
964
941
429
431
432
432
394
399
399
116
116
732
729
770
749
747
758
746
957
956
943
943
942
428
429
429
433
445
387
393
399
381
116
781
772
770
769
767
758
954
958
959
942
886
438
438
447
446
446
448
387
386
388
383
381
105
780
772
780
773
770
756
757
675
890
704
703
891
885
886
885
322
331
447
448
385
386
390
108
108
380
778
783
783
782
761
677
677
703
702
699
884
322
322
328
322
331
252
249
391
390
269
269
110
785
784
785
761
686
870
686
723
699
698
306
305
328
330
252
251
250
265
268
269
816
816
784
688
687
693
686
615
722
722
307
316
305
304
304
256
247
248
265
261
262
817
818
690
682
682
681
615
614
613
614
315
311
316
314
303
251
246
245
248
261
817
974
689
689
689
1161
681
1222
612
613
613
312
310
309
310
314
313
302
1460
1627
246
1607
259
971
1166
973
979
975
1222
1216
619
1225
1230
1231
310
1461
1460
1625
1606
1606
974
974
989
1157
979
976
1161
1224
1227
1225
1231
1229
1228
1462
1459
1625
1627
1628
1626
1628
1632
1622
1615
1603
1615
989
980
981
1220
1219
1239
1226
1229
1454
1452
1455
1626
1629
1632
1615
1614
993
993
981
981
982
1218
1218
1219
1238
1238
1272
1229
1270
1456
1689
1630
1685
1617
997
996
1029
1295
1291
1285
1271
1454
1456
1455
1526
1524
1689
1689
1683
1683
1036
1037
1032
1030
1030
1034
1292
1295
1291
1288
1289
1287
1272
1557
1558
1526
1526
1524
1687
1690
1690
1691
1682
1663
1036
1038
1038
1038
1034
1034
1034
1294
1294
1289
1289
1279
1280
1551
1559
1525
1677
1675
1675
1673
1664
1664
1684
1043
1046
1046
1055
1050
1324
1283
1329
1284
1284
1552
1551
1552
1525
1519
1523
1676
1670
1671
1669
1666
1666
1044
1044
1054
1054
1056
1051
1326
1451
1324
1329
1281
1283
1549
1552
1550
1521
1521
1676
1671
1670
1668
1668
1451
742
962
727
751
754
743
741
741
953
961
963
963
940
940
427
427
430
431
88
89
96
119
120
118
118
727
750
750
748
749
742
744
955
955
963
963
943
45
33
431
33
95
94
119
120
114
115
114
729
729
729
749
748
706
957
957
939
942
47
33
31
33
432
35
95
93
94
120
116
106
730
768
769
770
768
767
758
705
707
697
56
32
32
35
94
107
780
780
772
676
672
675
704
705
699
700
695
202
31
202
191
190
385
108
107
108
109
779
778
778
783
773
679
676
702
723
703
699
703
700
701
201
200
190
189
188
250
193
111
109
785
778
692
694
679
677
685
722
701
198
200
181
251
193
248
269
816
785
484
692
688
694
686
685
615
617
315
306
316
197
210
248
245
260
261
263
263
262
484
817
486
688
682
682
615
616
618
315
316
304
208
186
245
261
263
263
1165
1165
1164
689
1162
1163
1160
606
1222
618
619
619
619
315
312
314
1917
208
1916
1859
1609
1608
1608
1607
1607
1168
1166
1157
1165
1159
1161
1163
1160
1221
1222
1223
1227
1225
1335
314
1231
1917
1916
1919
1628
1627
1609
1856
1608
1604
1608
1168
1167
1156
1161
1223
1224
1335
1914
1459
1919
1918
1459
1631
1611
1131
1168
1131
1157
979
1114
1224
1224
1227
1226
1226
1229
1228
1910
1919
1452
1625
1846
1632
1632
1631
1632
1611
1612
1130
1130
1119
980
1121
1290
1219
1217
1220
1270
1454
1453
1763
1456
1626
1764
1632
1613
1613
1613
1130
1130
1029
1030
1293
1293
1293
1290
1286
1287
1287
1287
1272
1271
1454
1758
1763
1686
1685
1683
1682
1683
1128
1032
1030
1031
1294
1292
1439
1291
1291
1288
1280
1278
1278
1757
1757
1767
1526
1766
1687
1687
1685
1665
1128
1037
1033
1446
1438
1279
1280
1280
1813
1757
1526
1524
1674
1675
1675
1665
1664
1129
1129
1038
1043
1057
1436
1437
1283
1282
1551
1807
1752
1752
1742
1671
1664
1728
1045
1045
1054
1057
1057
1451
1450
1451
1451
1440
1282
1282
1812
1550
1812
1808
1519
1808
1753
1745
1671
1727
1669
1668
1044
1440
1668
937
48
726
751
751
742
743
952
952
960
953
961
962
960
938
48
49
48
34
88
89
96
117
117
119
117
727
751
750
532
741
567
566
961
938
939
943
938
46
47
47
45
88
36
96
120
117
730
749
532
572
572
709
709
708
697
53
55
46
47
36
87
93
95
90
94
92
114
114
525
526
528
522
672
672
706
709
709
709
696
696
32
32
57
35
36
191
91
91
104
92
99
106
781
528
527
673
673
674
674
705
704
705
707
695
697
202
201
190
195
194
111
105
109
487
779
488
678
677
678
674
725
725
701
710
700
202
199
201
191
189
188
192
192
127
111
110
488
488
691
693
671
678
669
685
724
724
701
197
196
200
182
189
187
181
127
127
112
109
484
485
486
691
694
694
684
683
718
722
203
210
210
210
187
153
161
486
485
691
690
684
683
616
617
609
204
205
204
208
210
185
187
153
164
1164
1164
1162
1163
606
606
607
607
619
619
609
609
609
205
207
1917
1848
1859
1858
1857
1858
1607
1165
1159
1162
1163
1221
1332
1331
1332
1336
1914
1915
1918
1848
1850
1856
1857
1605
1168
1158
1158
1158
1223
1341
1345
1333
1333
1334
1335
1335
1909
1911
1919
1919
1850
1851
1850
1856
1604
1610
1604
1169
1157
1120
1113
1158
1114
1114
1340
1341
1333
1376
1911
1911
1910
1919
1846
1611
1611
1612
1133
1121
1114
1435
1435
1338
1339
1286
1378
1277
1755
1763
1764
1846
1734
1872
1685
1872
1613
1871
1132
1132
1127
1127
1121
1125
1432
1434
1378
1361
1277
1278
1758
1366
1758
1765
1766
1766
1765
1686
1734
1733
1733
1736
1737
1126
1128
1124
1124
1432
1430
1431
1364
1760
1759
1760
1767
1740
1740
1684
1726
1663
1129
1129
1123
1031
1447
1431
1438
1438
1438
1439
1365
1364
1760
1813
1807
1768
1752
1750
1742
1743
1725
1726
1139
1140
1140
1057
1057
1447
1447
1451
1447
1437
1370
1371
1365
1813
1811
1814
1807
1807
1753
1751
1742
1742
1727
1728
1044
1137
1056
1057
1444
1450
1449
1449
1440
1437
1436
1281
1368
1282
1369
1812
1812
1809
1809
1753
1810
1749
1745
1748
1744
1745
1730
1730
1728
1729
1728
50
83
529
531
531
571
533
567
567
960
603
597
597
938
50
48
49
86
87
86
89
85
83
82
73
72
73
533
535
532
572
566
569
603
598
53
598
54
50
51
43
34
87
87
85
90
74
113
113
526
534
535
532
573
573
568
601
708
52
53
53
52
55
55
55
36
38
85
103
106
97
526
527
523
522
522
665
672
573
568
709
697
57
59
30
38
91
91
194
103
99
100
525
490
528
490
528
527
665
667
674
717
715
714
56
233
57
233
232
230
195
126
99
100
100
489
490
670
494
670
671
665
678
667
721
725
725
711
710
710
198
182
192
195
194
124
127
112
158
112
489
487
668
668
671
669
720
720
719
713
711
197
197
240
232
200
183
182
192
125
152
160
161
492
492
692
635
684
643
645
718
719
611
203
196
209
209
187
184
187
183
123
153
160
165
160
491
486
637
607
608
634
610
610
611
204
204
206
209
184
187
186
123
121
153
165
165
164
1176
1178
1171
635
643
605
611
611
205
205
208
1859
1859
1853
1854
1605
1176
1175
1170
1176
1154
1151
1150
1345
1345
1345
1332
1344
1336
1930
1909
1915
1915
1913
1849
1849
1851
1856
1852
1865
1605
1176
1169
1169
1173
1154
1155
1152
1153
1340
1344
1344
1337
1336
1921
1914
1913
1906
1850
1845
1852
1867
1869
1870
1170
1169
1155
1113
1153
1153
1340
1339
1333
1377
1377
1911
1909
1907
1907
1907
1846
1847
1845
1868
1869
1868
1869
1133
1132
1133
1120
1121
1112
1112
1435
1338
1390
1378
1378
1377
1381
1376
1382
1908
1763
1756
1762
1762
1874
1872
1127
1120
1122
1433
1125
1112
1433
1431
1435
1366
1389
1382
1756
1755
1756
1761
1762
1761
1762
1734
1734
1735
1736
1737
1724
1127
1123
1124
1432
1432
1429
1428
1431
1362
1363
1367
1366
1759
1754
1768
1766
1732
1736
1738
1726
1726
1126
1135
1136
1134
1123
1124
1422
1423
1428
1430
1373
1363
1372
1364
1365
1760
1767
1768
1750
1740
1741
1736
1725
1139
1140
1134
1140
1445
1447
1445
1448
1437
1371
1371
1371
1814
1806
1810
1810
1751
1749
1743
1739
1729
1741
1137
1138
1140
1142
1141
1444
1449
1449
1441
1368
1370
1369
1814
1814
1810
1809
1749
1748
1749
1747
1745
1730
1730
530
530
531
531
571
567
604
604
597
597
51
27
51
43
84
84
83
74
73
520
529
534
535
571
564
569
602
604
603
599
599
54
54
43
11
85
83
74
72
71
524
524
535
570
570
569
601
602
601
599
58
59
44
40
37
14
103
104
71
61
526
522
716
588
714
59
59
42
44
38
39
38
102
103
100
97
97
60
518
523
503
523
503
666
667
717
715
714
59
228
229
231
231
195
141
140
102
126
98
490
494
670
666
667
638
716
717
712
710
713
240
233
227
232
231
125
159
98
493
493
498
636
671
638
644
721
645
720
713
713
241
239
227
227
230
224
224
182
125
124
157
158
493
497
498
497
637
644
644
720
719
241
221
220
122
136
123
123
156
165
154
161
492
492
635
637
642
643
645
643
605
633
632
221
221
121
155
154
162
163
1177
1177
1178
1172
1172
1151
649
605
634
634
1930
206
1912
185
1855
1855
1853
164
1854
163
1172
1172
1171
1149
1151
1343
1343
1337
1930
1933
1932
1913
1913
1821
1855
1852
1865
1173
1173
1154
1155
1153
1152
1342
1343
1337
1337
1380
1929
1905
1924
1906
1849
1820
1852
1868
1869
1864
1174
1174
1208
1155
1196
1342
1339
1380
1379
1382
1921
1908
1905
1906
1847
1838
1845
1874
1868
1870
1090
1091
1097
1340
1389
1381
1920
1782
1907
1922
1781
1873
1872
1874
1871
1095
1097
1112
1099
1434
1434
1388
1390
1390
1756
1783
1783
1781
1780
1781
1731
1731
1735
1738
1737
1135
1095
1122
1098
1422
1429
1428
1362
1363
1367
1783
1754
1779
1750
1731
1732
1737
1701
1724
1135
1136
1144
1422
1143
1423
1423
1428
1373
1375
1363
1367
1796
1805
1805
1778
1801
1779
1802
1723
1739
1741
1704
1138
1135
1144
1141
1144
1427
1141
1423
1427
1425
1421
1373
1372
1374
1375
1805
1805
1806
1799
1800
1801
1802
1750
1746
1746
1715
1714
1712
1712
1138
1146
1148
1142
1427
1425
1448
1441
1368
1374
1803
1803
1804
1804
1800
1800
1747
1747
1747
1744
1712
1369
27
542
537
536
538
539
539
562
562
562
592
591
600
24
27
24
25
4
22
3
4
77
67
72
68
68
536
538
570
557
564
565
604
602
596
595
600
25
24
4
11
77
67
64
72
520
520
529
558
521
557
557
565
565
599
595
24
44
40
41
13
14
64
61
63
62
518
519
520
523
505
550
568
550
587
588
586
586
585
586
58
42
42
41
40
40
39
14
14
102
102
63
62
518
502
517
504
664
588
586
712
714
239
228
229
229
141
142
140
101
170
169
62
98
172
496
504
639
639
638
664
664
717
659
228
238
239
229
226
226
142
142
140
157
170
169
495
495
498
636
640
641
638
663
629
239
241
241
219
223
222
136
137
142
125
157
178
159
496
497
498
637
641
644
645
663
628
630
630
219
218
220
224
223
131
131
122
155
157
154
162
1177
1186
649
647
622
627
627
631
627
632
221
225
225
130
130
130
154
163
1177
1151
1188
647
648
648
634
1353
633
1931
632
1931
632
631
1933
1932
1934
128
1927
129
1821
1820
1821
1855
1866
163
1192
1189
1150
648
1355
1354
1928
1933
1932
1927
1926
1818
1821
1819
1817
1865
1174
1180
1209
1209
1209
1207
1197
1196
1196
1356
1343
1353
1356
1355
1928
1928
1929
1819
1925
1925
1819
1815
1860
1864
1866
1174
1091
1208
1206
1207
1207
1356
1356
1354
1380
1921
1923
1922
1925
1924
1922
1837
1837
1867
1861
1863
1090
1091
1097
1096
1350
1349
1351
1386
1380
1920
1838
1834
1862
1871
1861
1861
1093
1094
1092
1091
1093
1089
1096
1410
1412
1387
1388
1388
1387
1388
1389
1384
1382
1782
1887
1783
1777
1781
1731
1874
1834
1708
1095
1094
1098
1098
1409
1411
1412
1412
1405
1390
1383
1383
1796
1782
1778
1779
1722
1723
1708
1707
1708
1104
1095
1108
1098
1118
1416
1404
1404
1373
1367
1796
1795
1796
1776
1801
1777
1779
1722
1723
1722
1723
1723
1702
1704
1143
1146
1144
1426
1118
1426
1426
1396
1375
1803
1798
1792
1799
1802
1719
1715
1714
1712
1714
1704
1145
1146
1147
1147
1427
1425
1425
1419
1396
1397
1397
1374
1803
1784
1791
1791
1717
1719
1719
1715
1715
1713
1695
1142
539
6
537
536
561
539
562
563
592
592
594
594
26
26
28
23
28
6
3
77
69
69
70
542
536
542
541
556
553
554
564
565
590
592
595
23
22
23
6
12
11
2
63
68
70
520
520
514
558
558
558
554
590
589
596
590
595
17
23
8
12
13
11
64
61
519
505
550
581
588
587
580
578
17
42
7
13
64
81
65
62
518
503
504
504
550
549
550
582
581
580
236
237
226
141
144
172
510
503
501
500
549
654
662
579
234
237
237
145
145
139
140
170
169
171
512
510
509
501
640
641
662
662
664
663
630
235
222
138
138
137
177
178
178
496
495
641
656
657
630
629
626
235
216
219
216
217
223
225
138
138
156
173
180
179
177
180
494
1193
1187
646
647
628
627
625
625
626
219
215
225
128
131
129
133
180
151
1193
1189
1189
647
648
622
1931
1934
1927
128
129
132
1822
151
1822
1193
1189
1204
1197
1188
1358
1900
1902
1928
1901
1935
1934
1935
1926
1818
1817
1816
1817
1822
1866
1866
1181
1180
1209
1205
1196
1360
1358
1354
1904
1903
1923
1927
1892
1819
1817
1816
1864
1864
1180
1184
1208
1207
1205
1194
1350
1350
1352
1351
1903
1889
1923
1878
1925
1839
1837
1833
1815
1860
1830
1861
1185
1185
1206
1194
1408
1350
1349
1351
1386
1888
1886
1877
1877
1837
1834
1834
1830
1092
1092
1102
1102
1096
1410
1410
1407
1385
1385
1384
1385
1384
1888
1886
1886
1877
1877
1775
1721
1835
1835
1862
1708
1831
1708
1104
1093
1108
1099
1410
1412
1405
1405
1399
1383
1797
1777
1776
1775
1720
1720
1705
1708
1706
1107
1105
1110
1108
1415
1415
1409
1415
1411
1404
1398
1797
1797
1777
1792
1774
1720
1701
1702
1704
1707
1146
1148
1118
1117
1415
1416
1395
1402
1393
1399
1785
1785
1798
1792
1718
1719
1709
1696
1695
1145
1147
1147
1424
1419
1419
1395
1396
1397
1397
1394
1393
1786
1785
1792
1794
1793
1717
1711
1713
1695
1784
560
540
539
26
29
28
29
28
6
1
5
2
0
76
69
69
543
555
555
563
553
590
593
594
19
20
5
2
77
78
66
66
543
541
555
556
554
554
575
578
575
17
17
10
9
81
66
516
516
515
514
545
550
583
582
577
578
16
10
146
81
65
511
499
501
500
547
582
582
580
578
236
16
145
145
143
143
167
171
511
510
500
548
653
548
659
584
580
235
144
147
143
167
171
512
513
506
509
656
653
654
662
658
658
659
234
212
212
150
147
173
178
513
508
656
661
658
624
213
217
217
223
133
180
512
508
651
656
622
626
625
216
214
134
135
151
175
179
1190
1190
1186
1199
1198
1357
1899
626
215
215
1893
214
134
1828
133
1827
175
1192
1193
1187
1199
1360
1357
1358
1901
1902
1934
1891
1890
1892
1829
1828
1822
1823
1181
1181
1195
1358
1900
1904
1901
1896
1892
1844
1840
1828
1827
1825
1183
1184
1184
1205
1203
1203
1202
1194
1203
1898
1904
1903
1878
1896
1879
1840
1840
1827
1824
1183
1182
1103
1202
1194
1346
1352
1351
1888
1885
1887
1886
1878
1880
1836
1840
1832
1832
1832
1102
1102
1100
1408
1385
1884
1884
1889
1876
1876
1839
1773
1836
1836
1706
1706
1110
1107
1407
1406
1405
1400
1400
1884
1876
1775
1772
1721
1699
1705
1106
1110
1108
1414
1407
1402
1413
1402
1401
1398
1797
1790
1772
1720
1700
1700
1700
1703
1105
1413
1414
1395
1403
1399
1788
1788
1785
1790
1769
1717
1709
1710
1711
1694
1105
1117
1118
1419
1392
1393
1786
1787
1794
1793
1793
1711
1710
1694
1695
1395
541
561
560
591
79
79
543
594
5
9
556
552
551
576
10
583
575
15
7
81
65
499
501
583
16
146
143
167
547
577
236
167
171
510
507
653
660
235
149
150
147
176
508
656
656
651
657
624
213
217
149
147
173
1191
508
1198
621
623
135
1187
1199
623
135
1825
176
1190
1199
1359
1899
1893
1891
1890
1892
1184
1204
1195
1359
1359
1898
1904
1896
1843
1844
1182
1879
1895
1879
1880
1839
1843
1826
1825
1101
1348
1348
1889
1836
1824
1103
1347
1347
1885
1880
1880
1831
1109
1100
1406
1884
1775
1775
1835
1699
1110
1106
1413
1403
1400
1789
1774
1716
1700
1698
1106
1413
1392
1790
1769
1717
1117
1403
1794
1694
543
8
2
78
19
499
544
544
80
212
150
148
513
506
660
653
176
622
175
1823
1201
1827
1205
1179
1897
1894
1844
1883
1844
1101
1832
1841
1109
1400
1775
1773
1771
1698
1420
1393
19
79
19
0
516
551
66
20
168
584
545
584
148
546
149
135
132
1198
1899
1901
1825
1203
1346
1844
1842
1104
1882
1881
1407
1882
1697
1406
1789
1789
1418
1401
1788
1771
1711
1696
559
1
576
8
10
78
516
15
660
168
546
150
174
513
652
620
620
215
623
1899
1895
1896
1883
1882
1109
1875
1420
1770
1698
1417
1787
1794
561
576
574
18
79
551
577
545
166
507
655
211
174
135
1191
1190
623
1890
1829
1825
1179
1359
1898
1183
1346
1347
1183
1101
1347
1841
1418
1115
1115
1392
1788
1771
559
576
1442
1442
75
552
552
771
1443
655
21
21
166
652
546
652
1200
174
1201
1894
1201
1201
1894
1829
1897
1844
1895
1881
862
1882
1842
1697
1770
1116
1116
1418
1770
1697
1418
1391
892
773
1442
21
75
75
1443
1443
650
21
650
1482
1527
1482
771
213
1653
1111
871
242
1484
1089
423
1501
1116
1501
424
1512
423
