3184
865
580
668
648
648
859
861
865
1512
629
623
893
1587
1552
1577
1515
1496
1516
582
660
660
886
1588
1590
1572
467
662
629
624
624
885
1589
1569
464
791
776
775
922
925
1582
1581
1581
1569
466
773
774
780
925
925
1580
748
773
747
781
908
909
911
912
928
1489
1487
1489
1444
485
751
748
756
730
909
927
1486
1464
489
489
763
762
755
731
905
943
937
933
1487
1463
496
496
2982
2826
2831
906
2292
2967
2984
2981
2830
2834
2833
2290
2199
2980
2887
2886
2833
2191
2962
2965
2889
2887
2812
2821
2820
2355
2352
2191
2193
3036
2965
2964
2855
2330
2326
2360
2351
2212
2211
2201
2202
3039
3036
2890
2853
2846
2330
2049
2354
2355
2210
2209
2209
3039
3038
2859
2055
2184
3083
3083
2840
2836
2047
2147
2147
2146
2184
2179
2172
2172
3066
3067
3078
3173
3181
2069
2171
3069
3076
3172
3175
3176
3181
2071
2068
2067
2141
2149
2150
2169
2173
577
575
576
574
574
580
668
650
647
649
648
627
641
641
862
862
859
864
865
865
1552
1550
1553
1512
1511
1514
1513
575
583
580
670
670
663
668
640
623
861
859
894
869
892
868
1591
1544
1512
1516
1513
1515
583
588
583
582
670
663
629
622
631
623
623
894
875
893
891
891
887
1591
1587
1577
1572
1571
1497
1497
464
461
470
659
660
662
632
625
626
875
890
887
885
1589
1588
1587
1581
1572
1568
464
464
467
468
471
469
788
791
775
774
626
874
780
875
1584
1583
1581
1569
1572
1445
488
467
787
791
751
772
773
776
782
919
918
918
922
914
921
925
1582
1484
1482
1447
1446
1446
1447
477
484
486
486
466
750
773
782
781
909
910
919
915
928
927
924
1486
939
1491
1444
1443
1444
488
484
485
770
751
756
756
732
730
908
912
910
911
943
940
940
1487
1489
1475
1463
495
494
494
763
762
763
757
760
757
732
731
900
899
900
906
906
944
944
934
934
936
1475
1474
1465
1464
496
492
759
760
2827
729
2829
2832
2832
2831
2293
905
937
937
937
934
933
2280
1466
1466
2198
2968
2968
2983
2984
2981
2982
2886
2902
2899
2824
2827
2822
2830
2834
2291
2333
2293
2290
2292
2341
2338
2343
2342
2342
2279
2198
2200
2968
2967
2974
2976
2980
2902
2823
2830
2819
2820
2819
2333
2332
2327
2289
2362
2341
2338
2343
2194
2197
2197
2200
2962
2965
2961
2979
2887
2854
2812
2815
2821
2330
2327
2361
2362
2352
2190
2191
2191
2211
2193
2203
2962
2965
2890
2890
2854
2855
2845
2816
2816
2817
2330
2362
2362
2355
2351
2212
2203
2212
2202
3035
3039
3036
2896
2895
2896
2896
2893
2859
2859
2844
2846
2358
2054
2354
2355
2371
2208
3039
3036
3057
3082
2896
2857
2840
2837
2846
2843
2047
2050
2050
2050
2053
2052
2147
2146
2183
2184
2181
2209
2181
3054
3054
3053
3054
3083
3083
3159
2837
2840
2836
2075
2047
2047
2054
2056
2056
2053
2052
2184
2180
2178
3067
3070
3079
3079
3079
3078
3176
3183
2074
2075
2065
2066
2055
2141
2142
2148
2148
2150
2185
2181
2174
3066
3070
3069
3075
3075
3172
3173
3171
3176
3183
3181
2075
2068
2067
2144
2149
2169
2172
2175
2175
2174
2173
3070
651
1551
576
573
574
586
670
651
657
641
641
856
862
850
848
859
869
868
1548
1553
1512
1508
1514
1500
577
587
583
574
580
666
666
663
665
648
638
637
635
635
643
862
849
890
869
1549
1549
1543
1506
1506
1499
1503
589
589
568
660
666
663
632
631
643
881
880
881
881
880
889
890
892
884
1587
1586
1578
1496
1493
461
588
460
570
461
569
788
632
625
881
875
890
886
1590
1575
1578
1578
1574
1492
1494
462
461
471
470
469
788
785
795
790
793
779
609
872
872
922
922
1583
1584
1483
1575
1452
1569
463
468
785
784
794
791
792
779
778
917
914
930
1484
1482
1444
1445
477
477
765
751
726
726
917
917
929
931
931
930
1481
1490
1491
481
481
483
480
769
770
766
769
754
757
722
897
897
903
928
929
942
940
1477
1490
1478
1491
1478
1450
1461
496
492
491
767
770
754
757
754
729
728
729
896
897
900
904
903
902
903
944
1477
1475
1475
1462
492
2974
760
2899
2826
729
2791
2787
903
904
2290
944
936
2278
1465
2273
2949
2973
2980
2983
2898
2899
2823
2794
2788
2786
2337
2290
2299
2298
2347
2346
2346
2345
2279
2280
2196
2971
2969
2970
2974
2980
2902
2824
2822
2829
2797
2337
2335
2299
2348
2349
2349
2286
2194
2197
2199
2970
2971
2969
2977
2977
2976
2889
2901
2909
2851
2815
2818
2329
2333
2361
2363
2384
2352
2374
2194
2197
2205
2962
2946
2895
2892
2850
2814
2818
2817
2326
2358
2360
2365
2367
2373
2206
2206
3058
2893
2892
2852
2853
2849
2849
2843
2843
2357
2358
2364
2372
2373
2210
2371
2201
3045
3042
3042
3058
3055
3081
2859
2857
2857
2845
2844
2846
2049
2044
2041
2042
2053
2063
2370
2371
2187
2209
2215
3051
3050
3054
3057
3080
3081
3162
3179
3164
2839
2046
2084
2050
2063
2061
2147
2186
2188
2181
2176
2177
3062
3060
3072
3175
3183
3179
2075
2066
2065
2059
2063
2080
2156
2160
2186
2185
2172
3063
3063
3063
3063
3070
3061
3074
3074
3076
3171
3161
3174
3178
3183
2071
2072
2069
2081
2141
2081
2143
2142
2161
2161
2159
2159
2188
2165
2166
2143
2158
2159
586
586
1553
593
592
594
596
594
650
649
654
657
638
656
645
856
855
849
848
867
867
1520
1544
1509
1507
1505
1509
1507
1500
1499
591
595
654
567
657
637
635
645
856
850
846
847
847
884
1548
1547
1508
1503
564
564
587
571
569
567
666
634
638
635
612
878
878
878
884
830
1550
1543
1547
1555
1578
1506
1494
1502
563
571
455
568
570
788
607
607
632
610
611
877
872
822
829
883
831
1554
1547
1574
1493
1492
455
452
451
785
792
793
779
609
872
884
948
1483
1556
1575
1409
1537
1425
454
452
447
785
794
795
738
779
959
959
949
950
950
949
947
947
1481
1480
1453
1453
1450
477
473
480
476
451
479
766
720
716
725
738
737
958
915
948
946
1481
1481
1453
1453
483
482
483
480
765
716
723
726
726
897
741
969
983
984
984
942
1472
1471
1478
1462
1462
1450
494
492
483
768
768
704
754
722
723
723
745
969
899
984
987
939
1471
1478
1455
1461
426
427
427
759
425
2920
2921
2794
2793
2786
2790
994
992
991
986
2295
2346
1469
2277
2274
2272
2274
2949
2948
2974
2902
2899
2794
2809
2794
2788
2787
2301
2299
2299
2296
2347
2346
2277
2287
2270
2278
2271
2949
2939
2977
2975
2905
2801
2795
2796
2333
2336
2337
2334
2298
2295
2385
2348
2258
2285
2287
2287
2271
2937
2936
2907
2908
2815
2801
2815
2802
2337
2796
2334
2315
2335
2318
2386
2387
2368
2249
2286
2221
2221
2937
2943
2943
2893
2906
2852
2850
2871
2795
2318
2317
2363
2368
2367
2205
2221
2215
3044
3045
3056
3045
2946
2848
2849
2870
2843
2870
2041
2873
2321
2358
2063
2364
2372
2374
2218
2214
2215
3042
3044
3056
3055
3048
3048
3143
3170
2849
3163
2839
2867
2040
2043
2043
2010
2371
2153
2135
3047
3048
3170
3169
3170
3170
3164
2073
2041
2084
2083
2044
2013
2061
2153
2152
2187
2177
3051
3046
3061
3072
3160
3162
3159
3120
2074
2088
2086
2078
2059
2058
2061
2153
2162
2153
2178
2164
3064
3064
3060
3073
3073
3160
3179
3095
3179
2072
2077
2081
2078
2080
2144
2156
2156
2160
2163
2163
2159
2167
2166
2165
3161
2167
592
593
595
596
502
585
516
654
657
674
674
856
853
853
852
816
867
798
797
1522
1521
1525
1525
1524
1500
591
592
585
567
502
521
638
685
644
645
643
675
853
847
815
801
798
797
831
1559
1525
1530
1503
564
561
566
520
519
605
605
604
611
645
846
878
825
825
824
827
828
1559
1558
1547
1541
1502
1503
455
560
564
567
551
608
602
612
825
825
830
822
1557
1556
1546
1537
1536
455
458
549
448
552
552
713
608
602
602
610
617
620
871
821
822
822
956
829
947
1555
1554
1406
1425
1425
1428
457
458
449
457
449
448
719
709
708
710
738
619
962
952
959
956
947
978
1415
1416
1409
1410
1410
1426
1428
474
474
447
719
718
717
716
735
738
959
966
961
967
979
953
980
972
1415
1416
1414
1410
1451
473
480
766
715
704
707
735
968
983
971
975
1416
1453
1456
424
424
432
433
704
707
704
740
743
745
969
994
993
994
985
985
1472
1469
1458
1456
1455
426
423
425
767
2919
2919
706
743
745
745
1140
994
992
986
987
2308
2255
1468
2260
1467
1469
1459
2272
2949
2952
2952
2927
2921
2920
2808
2809
2808
2791
2790
2302
2296
2302
2308
2307
2253
2260
2264
2261
2273
2271
2936
2951
2938
2900
2908
2911
2905
2806
2803
2807
2314
2302
2296
2385
2262
2262
2285
2258
2270
2283
2265
2940
2942
2939
2943
2906
2932
2909
2904
2905
2905
2803
2797
2315
2317
2318
2387
2384
2249
2282
2287
2224
2224
2282
3006
2999
2940
2943
2907
2851
2864
2865
2863
2877
2877
2876
2314
2321
2320
2386
2379
2380
2249
2248
2221
2222
2223
3008
3000
3145
2871
2874
2874
2041
2322
2365
2007
2377
2377
2378
2380
2218
2218
2215
2217
3008
3045
3002
3048
3144
3144
3142
2868
2868
2867
2873
2882
2007
2042
2006
2013
2009
2012
2009
2131
2136
2137
2138
2996
3050
2987
3013
3167
3167
3163
3119
3119
2088
2084
2007
2013
2011
2010
2131
2130
2127
2136
2134
2135
2996
3020
3014
3166
3167
3087
3095
3118
3118
2087
2088
2087
2084
2078
2011
2155
2131
2128
2128
2128
3018
3019
3019
3012
3014
3094
3095
3095
3117
3117
3116
2086
2077
2081
2058
2156
2162
2111
2109
2164
3073
499
1534
536
536
498
501
498
517
688
687
686
673
673
676
673
676
675
853
819
816
798
1522
1522
1519
1526
1527
1528
1528
1534
561
535
538
502
521
516
687
685
684
817
815
809
801
800
801
801
1522
1525
1531
1541
1533
539
527
526
521
521
520
605
605
601
685
685
614
834
833
828
1564
1559
1559
1566
1541
1537
560
549
561
548
550
552
551
558
519
608
608
602
613
613
618
834
836
840
827
842
1562
1566
1566
1537
410
458
458
549
557
556
713
617
619
835
835
840
839
828
1407
1407
1406
1424
1425
403
400
400
717
710
709
617
299
618
962
961
955
956
956
977
1411
1413
1412
1433
1431
474
421
402
398
734
736
736
962
964
967
953
981
981
978
975
975
1412
1416
1431
1431
1426
440
444
402
404
720
698
716
735
735
741
965
965
966
990
980
971
1403
1400
1404
1401
1458
1437
1437
424
443
433
433
699
740
743
969
989
990
972
970
970
1395
1469
1401
1459
1456
424
2952
432
701
2918
707
2918
740
1142
1141
991
2310
989
2308
2254
2254
1459
2268
2959
2952
2952
2927
2918
2805
2805
2809
2807
1141
2301
2309
2308
2311
2255
2253
2252
2262
2261
2256
2265
2268
2958
2955
2957
2955
2926
2927
2932
2934
2914
2915
2800
2806
2806
2486
2305
2303
2312
2382
2251
2262
2264
2268
2954
2937
2938
2930
2934
2912
2802
2877
2315
2324
2321
2383
2383
2247
2249
2283
2230
2229
2230
2224
2998
2930
2930
2911
2865
2861
2864
2877
2876
2323
2323
2321
2383
2379
2220
2224
2229
3008
3001
3001
2999
3148
3143
3142
3139
2868
2862
2883
2884
2884
1998
2377
2378
2125
2218
2232
2222
3008
2994
2986
3000
3002
3156
3145
3139
3142
3138
3141
3142
2868
2882
2004
2003
2013
1999
1999
2124
2125
2138
2137
2994
2995
2996
2986
3013
3158
3139
3129
3129
3128
2088
2007
2025
2012
2002
1992
2131
2118
2127
2133
3020
2996
3017
3011
3167
3089
3088
3088
3120
3117
3117
3114
2022
2015
1991
2113
2113
2111
2109
2134
3018
3016
3017
3016
3012
3011
3092
3010
3092
3094
3086
3086
3112
3113
2022
2021
2022
2016
2016
2016
2019
2112
2113
2108
2094
2092
2092
2018
536
536
537
502
499
508
505
505
686
692
693
673
679
679
816
813
813
804
1521
1519
1518
1526
1527
1531
1534
1534
1314
539
538
537
514
514
517
688
694
693
690
691
672
678
818
804
803
805
1519
1519
1530
1317
1315
527
526
529
528
513
510
513
599
691
123
817
834
834
809
810
807
806
1564
1531
1541
1540
1316
412
530
530
514
557
511
599
598
614
343
343
837
837
844
844
843
844
1561
1564
1566
1539
1541
1420
410
549
414
415
556
555
558
599
599
366
368
617
620
343
298
836
840
843
842
1562
1561
1419
1418
1418
1427
421
415
420
400
555
554
712
362
708
300
300
952
1053
955
1055
840
978
973
1411
1433
1434
1428
1422
419
403
409
400
718
712
698
309
302
298
1122
964
981
981
977
1402
1413
1434
1434
1431
443
444
445
446
406
406
698
309
307
303
1121
1123
1124
1128
1128
1394
1403
1397
1401
1436
1437
446
430
430
697
700
707
317
316
318
307
1143
1143
1121
1130
1129
1109
1395
1394
1398
1400
442
2959
429
430
699
2733
700
2917
310
311
318
1143
1140
1127
1138
1127
1127
1129
2309
2250
1395
1594
1437
2959
2710
2957
2924
2927
2915
2918
320
2482
2482
2485
1139
2304
2310
2250
2268
1594
2959
2958
2954
2716
2923
2934
2934
2915
2806
2481
2486
2486
2485
2304
2312
2311
2251
2252
2239
2240
2238
2256
2267
2268
2226
2955
2923
2932
2914
2800
2800
2476
2486
2478
2305
2303
2382
2247
2242
2227
2230
3007
2998
3148
3151
3151
2930
2929
2860
2860
2863
2880
2484
2479
2324
2376
2243
2233
2235
3007
3005
3148
3136
3136
2862
2884
2884
2322
2377
1998
2000
2241
2243
2233
2237
2993
3005
2990
3148
3154
3155
3135
3139
3131
3132
3129
3130
2880
2883
2003
1997
1998
2001
2001
2125
2119
2125
2117
2132
2993
2989
2987
2987
2989
3158
3156
3157
3089
3133
3129
3130
3126
2023
2004
2017
2124
2122
2120
2115
2116
2133
2119
3032
3033
3017
3026
3158
3089
3113
3104
3122
3123
2024
2024
2023
1991
2017
1995
2106
2111
2109
2091
2090
2091
3030
3031
3011
3011
3026
3092
3086
3085
3086
3103
3112
3109
2022
2025
2015
2018
2019
2113
2105
2109
2093
2093
3092
507
680
542
543
506
505
504
505
695
692
681
682
679
818
819
813
804
1334
1332
1331
1295
1298
1315
1312
1312
541
545
546
506
544
507
511
695
694
691
679
121
812
813
804
807
1329
1326
1307
1296
1317
1317
1314
523
527
524
533
514
182
690
359
123
347
1092
810
844
810
806
807
1329
1326
1324
1306
1307
1310
524
532
531
529
511
528
510
370
358
342
1091
1092
1049
805
1326
1539
411
411
532
555
370
371
370
367
367
337
343
1055
1054
1052
1049
1045
1562
1420
1419
1421
1421
418
417
421
414
399
555
388
368
362
361
337
365
337
299
1053
1055
1046
1044
1046
1402
1245
1434
1422
419
421
408
406
389
390
362
302
303
1119
1096
1105
1103
1245
1404
1430
445
438
436
409
406
383
375
308
309
306
1121
1124
1123
1122
1111
1398
1398
1441
1440
1439
1438
1438
439
441
436
435
701
698
312
316
321
1136
1126
1130
1110
1109
1397
1440
1441
1439
441
2709
442
430
2731
2735
2734
381
2397
312
317
319
319
1139
1142
1127
1625
1108
1627
1612
1600
1600
1596
1593
1594
2710
2725
2725
2710
2731
2733
2734
2735
2734
2396
2399
2457
2482
2454
1138
2482
1624
1626
1626
1613
1614
1596
1602
1595
1597
1597
2708
2710
2716
2733
2395
2396
2461
1629
1624
1624
1616
1637
1615
1597
2606
2706
2610
2715
2924
2933
2933
2394
2475
2475
2476
2479
2484
1630
1640
1639
1638
1636
2239
2240
1609
2238
2233
2226
3004
2608
2610
3150
3151
3136
2912
2393
2465
2479
2478
1630
1984
1640
1638
1987
2242
2237
2235
2227
2606
3005
3150
3151
3154
2393
3136
2392
2861
2464
2465
2879
2880
2880
1967
1982
1985
2000
2241
2232
2236
2237
3005
2990
3147
3153
3154
3154
3098
3133
3132
3131
3126
3125
3125
1970
1967
1981
1998
1979
1992
2121
2118
2116
2993
2990
3158
3101
3097
3122
3126
3126
2036
2035
1995
1992
2121
2122
2120
2115
2097
2993
3028
3029
3033
3025
3106
3104
3114
3110
2035
2030
1995
2105
2103
2101
2090
2096
3032
3028
3026
3026
3022
3101
3100
3108
3107
3104
3111
3123
2034
2028
2033
2031
1994
2031
1995
2106
2102
2102
2091
2100
3031
3103
2094
119
1086
542
542
546
508
185
183
115
682
115
681
680
119
120
1085
1082
1085
1335
1335
1331
1295
1297
1297
1298
1313
541
545
544
198
504
184
113
113
123
118
123
121
1076
1083
1083
1083
1334
1089
1327
1296
1313
523
543
176
176
182
359
355
356
347
1080
1093
1093
1093
1089
1328
1329
1329
1319
1326
1307
1310
1309
82
82
533
10
181
177
353
359
359
356
345
345
1091
1051
1051
1088
1089
1269
1320
1318
1318
1265
1259
1306
412
531
84
11
11
372
372
371
366
364
358
336
347
1055
1052
1049
1272
1270
1266
1267
1267
418
417
5
387
388
390
362
364
337
340
332
340
1052
1098
1047
1044
1045
1273
1273
1244
1245
1265
1267
418
408
1
385
385
389
386
375
365
326
339
1097
1096
1095
1105
1104
1248
1105
1248
1245
1263
1263
439
439
439
409
383
378
376
374
309
334
1113
1110
1096
1102
1103
1247
1203
439
436
2
384
377
377
315
314
1135
1136
1136
1114
1111
1118
1107
1154
1201
1202
2695
436
2731
2728
384
381
311
315
322
320
322
321
1135
1136
1107
1627
1612
1601
1600
1603
1601
1594
2709
2725
2731
2734
2398
2457
2457
2461
2454
1623
1624
1625
1612
1615
1614
1603
1668
2708
2706
2716
2713
2395
2398
2399
2459
2460
2453
2451
2451
1632
1633
1633
1618
1615
1615
1606
1606
1671
1677
1676
2706
2716
2609
2713
2712
2713
2722
2389
2390
2459
2479
1629
1633
1639
1640
1608
1609
1677
1677
2610
2608
2713
2393
2393
2390
2466
2464
2473
2472
1966
1637
1986
1636
1825
1831
1824
1824
2235
1832
2607
2610
2682
2684
2668
2666
2662
2575
2467
2463
2464
2464
1967
2473
1967
1985
1985
1981
1978
1826
1826
1823
1826
1838
1832
2683
2685
2669
2668
2586
2583
2585
2545
1970
1970
1969
1982
1822
1822
2117
1835
2237
2676
2683
2680
3024
2566
2586
3098
3097
2584
2545
2544
2548
1970
2037
2027
1980
1978
1853
1854
1848
2097
1835
2678
2675
3028
3024
3023
3101
2566
3108
2573
3098
2554
2551
2551
2032
2036
2038
2031
2027
1852
1852
1848
2101
2100
2097
3030
2677
3023
3023
3022
3101
3108
3108
3107
3106
2554
3111
2551
3110
2550
2033
2034
2028
2030
2031
1957
1857
1856
1855
2103
1856
2100
2099
2100
2096
2100
1084
1295
51
51
196
194
198
184
116
116
107
110
109
119
1084
1086
1335
1342
1341
1342
1342
1340
1295
1300
1301
1387
1301
197
198
198
185
182
112
113
119
1080
108
1077
1077
1077
1018
1335
1332
1337
1340
1323
1300
1313
1310
81
79
197
175
176
176
182
113
356
1079
1080
1080
1071
1076
1093
1082
1089
1338
1338
1304
1310
1304
82
85
82
85
74
8
10
179
177
355
347
1070
1071
1059
1320
1319
1270
1270
1322
1258
1256
69
69
85
71
84
5
11
8
353
349
348
340
345
1065
1070
1060
1061
1057
1269
1254
1260
1259
1267
68
69
4
4
3
392
386
387
395
365
350
330
331
340
331
340
1102
1101
1271
1272
1254
1253
1266
1262
1263
23
23
393
396
393
395
327
328
328
331
334
333
1099
1097
1099
1096
1105
1102
1248
1252
1252
1205
1203
22
17
1
14
375
378
375
325
334
333
1113
1098
1118
1116
1155
1151
1155
1152
1248
1215
1205
1204
1205
17
14
384
376
315
324
306
314
1132
1133
1133
1117
1118
1147
1155
1155
1154
1145
1202
1201
1194
1195
2697
2696
2688
2
384
381
306
2454
1132
1114
1108
1612
1602
1668
1664
1667
2695
2696
2700
2697
2687
2728
2728
2727
2411
2397
2456
2457
2461
1721
2454
1721
1718
1619
1618
1617
1610
1606
1670
1668
1671
2700
2700
2705
2702
2706
2718
2728
2720
2401
2410
2460
2461
2451
1718
1619
1738
1635
1618
1605
1606
1674
1675
1669
2699
2700
2719
2717
2721
2720
2402
2402
2438
2450
2451
1632
1717
1633
1636
1732
1636
1608
1609
1674
1676
1673
1677
2607
2607
2599
2599
2666
2721
2722
2388
2389
2467
2466
2472
2470
2470
2469
2470
1776
1984
1976
1989
1986
1818
1831
2685
2665
2672
2663
2666
2662
2574
2582
2576
2473
2471
2470
1973
1975
1976
1988
1988
1987
1989
1823
1825
1829
1839
1829
1830
2684
2681
2672
2563
2576
2578
2582
2584
2545
2542
2548
2547
1972
1973
1980
1979
1816
1839
1837
1835
1835
2682
2681
2680
2675
2669
2669
2567
2579
2585
2583
2539
2545
2557
2546
2548
1972
1954
1960
1859
1851
1849
1838
1845
2678
2678
2674
2675
2565
2566
2566
2573
2573
2553
2554
2551
2038
1954
1953
1957
1854
1853
1848
1850
1845
1844
2677
2637
2675
2652
2653
2570
2570
2572
2572
2559
2554
2558
2032
2037
1956
1957
1857
1855
1862
1864
1848
1842
1845
51
186
189
187
191
183
116
107
109
110
1012
1012
1017
1337
1341
1339
1294
1382
1388
66
51
79
196
194
144
144
145
107
107
108
104
1008
1016
1017
1363
1342
1340
1304
1388
1387
78
76
194
178
178
144
146
146
148
106
1074
1072
1071
1018
1363
1362
1323
1304
1391
1370
65
76
353
207
206
1073
1072
1068
1061
1058
1279
1276
1276
1304
1260
1257
1256
1390
73
70
70
85
96
8
179
351
348
213
1073
1066
1067
1060
1058
1271
1279
1275
1258
1254
1257
69
71
4
8
397
397
350
326
330
212
213
216
1065
1064
1059
1057
1251
1211
1263
21
23
20
4
392
396
395
349
264
327
331
334
214
215
1188
1189
1183
1102
1183
1152
1251
1254
1209
1211
22
23
13
14
382
393
297
324
325
237
1116
1117
1152
1151
1251
1146
1214
1205
1216
1204
16
17
17
14
295
297
296
293
281
238
237
1118
1189
1149
1217
1217
1196
1196
2693
2694
2692
2691
2690
2772
292
281
281
239
1720
1114
1725
1148
1660
1665
1668
1195
1664
1194
2687
2691
2688
2690
2771
2411
2409
2444
2448
1721
1726
1721
1740
1661
1663
1662
1670
2701
2691
2724
2719
2769
2768
2411
2411
2448
2448
2448
1718
1718
1739
1737
1618
1662
1680
1674
1674
1686
2703
2703
2781
2718
2769
2401
2405
2439
2439
2439
1777
1775
1737
1731
1733
1730
1680
1680
1690
1689
2619
2619
2666
2405
2441
2442
1777
1775
1733
1774
1732
1820
1678
1820
1830
2622
2615
2663
2635
2574
2575
2404
2581
2542
1976
1975
1945
1947
1948
1948
1817
1820
1839
1829
1828
2681
2671
2672
2672
2564
2579
2582
2538
2541
2540
1973
1976
1945
1942
1817
1839
1829
1837
1834
2655
2681
2660
2564
2660
2532
2578
2582
2538
2540
2544
2548
1925
1917
1917
1954
1960
1943
1963
1851
1850
1849
1885
2637
2641
2656
2651
2659
2567
2653
2563
2532
2531
2573
2557
2556
2560
2557
1950
1916
1954
1960
1961
1964
1962
1964
1864
1864
1851
1842
1841
1845
2637
2641
2639
2652
2570
2570
2517
2559
2559
2561
1951
1951
1950
1951
1957
1962
1862
1864
1862
1842
1842
2561
997
53
188
186
190
188
190
191
132
131
131
101
101
1009
1011
1012
1012
1013
1015
1357
1356
1356
1383
1388
1382
1381
187
191
194
150
132
144
147
147
138
103
104
1009
1014
1018
1366
1343
1392
1392
1392
65
66
78
165
76
154
164
162
145
148
104
1008
1016
1034
1036
1363
1367
1372
1391
1392
1390
63
61
62
76
93
166
143
163
141
205
206
207
208
209
1074
1034
1032
1035
1036
1036
1288
1363
1288
1322
1303
1373
1370
62
73
71
94
258
256
210
212
210
213
1067
1066
1064
1278
1279
1291
1276
1253
1228
1282
1257
1229
31
95
46
46
262
263
257
256
219
1068
215
221
1063
1064
1064
1182
1289
1276
1208
1210
1227
20
31
44
48
48
47
262
265
243
221
216
214
1188
1185
1183
1183
1161
1279
1251
1214
1211
1211
19
20
20
295
297
297
283
264
265
243
242
1192
236
1193
1189
1191
1160
1146
1213
1216
1208
1210
1199
2694
2741
293
297
284
283
284
240
247
237
1193
1176
1147
1148
1145
1168
1238
1198
2693
2724
2741
293
281
292
284
2408
238
2445
240
2445
237
239
1724
1727
1724
1149
1736
1164
1659
1661
1660
1665
1649
1198
2750
2691
2770
280
2408
2408
2444
1725
1723
1726
1739
1696
1663
1655
1654
1686
2702
2758
2783
2783
2785
2781
2771
2768
2769
2763
2410
2408
2407
2408
2447
1748
1752
1735
1740
1736
1711
1657
1656
1688
1686
2701
2618
2784
2785
2781
2781
2763
2405
2438
2447
1748
1774
1773
1738
1731
1730
1714
1711
1683
1687
1687
2620
2616
2615
2633
2425
2405
2434
2435
2442
1776
1730
1682
1683
1689
1690
1811
2619
2621
2620
2619
2612
2613
2635
2497
2498
2433
2504
2436
2504
2436
2442
2441
1770
1768
1768
1767
1945
1947
1819
1820
1801
1805
2621
2622
2611
2635
2498
2498
2503
2501
2504
2542
2542
1769
1923
1944
1945
1942
1941
1799
1805
1804
1808
2645
2656
2657
2658
2660
2532
2539
2501
2557
1923
1918
1922
1917
1924
1960
1912
1942
1942
1867
1867
1816
1867
1885
1807
2650
2640
2660
2534
2658
2534
2536
2522
1920
1951
1917
1895
1959
1963
1859
1871
1889
1888
1888
1884
2641
2641
2639
2650
2514
2513
2517
2517
2517
2521
2560
1934
1919
1892
1895
1961
1860
1860
1872
1860
1886
1887
1887
2650
160
1006
160
154
158
151
134
133
129
133
101
997
996
997
997
1001
1006
1358
1357
1345
1384
1385
1385
50
152
54
154
151
162
128
132
138
129
129
104
1000
1014
1003
1013
1365
1367
1344
1371
1382
1382
57
54
75
164
166
165
139
140
138
137
138
103
1019
1015
1042
1364
1364
1366
1373
1369
61
97
93
259
255
141
202
209
1019
1036
1041
1287
1372
1282
1370
1370
63
73
95
96
94
90
259
256
256
208
204
1033
1033
1035
1288
1228
35
43
98
46
94
38
257
219
219
222
222
1186
1290
1292
1291
1225
1227
1224
32
34
44
43
48
286
261
262
262
263
243
222
1186
1186
1159
1214
1240
1226
1226
32
44
48
287
267
243
245
246
230
230
1190
1179
1171
1186
1177
1160
1161
1214
1240
1242
1241
1242
1241
32
2751
2741
287
286
278
247
244
244
245
1192
1180
1191
1164
1167
1168
1166
1242
1199
2749
2751
2741
287
284
278
1749
1724
1727
1696
1168
1168
1650
1237
1649
2752
2753
2747
2772
2746
2412
2423
2445
1749
1750
1752
1724
1752
1697
1695
1655
1655
1658
1654
1648
1649
2760
2757
2784
2785
2770
2763
2414
2413
1763
1755
1750
1736
1702
1696
1658
1656
1686
1685
2759
2756
2616
2785
2774
2763
2426
2413
2417
2416
1760
1773
1774
1736
1729
1715
1713
1682
1657
1683
1683
1688
2601
2601
2633
2773
2497
2424
2425
2433
2432
1771
1768
1774
1730
1712
1711
1802
1811
2595
2613
2634
2611
2635
2495
2498
2494
2500
2434
2435
2431
1771
1770
1782
1786
1768
1786
1910
1799
1802
1802
1812
1805
1810
1808
2595
2612
2630
2635
2495
2504
2501
2501
1923
1769
1923
1926
1912
1912
1798
1799
1814
1808
1808
2590
2655
2591
2592
2535
2536
2536
2532
2507
2507
2510
1925
1918
1924
1894
1914
1910
1805
1885
1885
1807
2643
2642
2657
2654
2535
2536
2523
2509
1934
1920
1939
1919
1895
1894
1873
1873
1889
1879
1882
2644
2644
2650
2513
2514
2517
2519
2523
2521
2522
2520
1935
1938
1938
1895
1901
1900
1872
1871
1886
1879
1892
135
160
160
999
998
1002
998
1006
1006
1348
1358
1347
1344
1345
1385
1384
53
150
151
135
173
126
100
999
1000
1002
1360
1359
1343
1352
1379
1379
57
153
169
171
163
173
140
203
201
1020
1041
1365
1354
1354
1379
57
60
56
57
91
172
139
249
201
203
1032
1043
1288
1371
1378
59
60
98
97
91
258
250
202
204
1023
1039
1289
1039
1292
1285
1223
1229
33
34
41
90
270
253
268
250
219
222
1290
1284
1285
1223
1224
33
29
26
38
38
271
272
270
266
268
233
232
1171
1170
1174
1159
1234
1225
28
27
290
270
275
234
231
1179
1177
1185
1158
1240
28
37
290
289
278
224
225
1180
1177
1163
1164
1237
1238
1242
2749
2753
2747
2744
2744
2423
2423
246
225
1180
1698
1176
1164
1693
1167
1651
1232
2750
2758
2752
2747
2743
2412
2422
1746
1749
1751
1701
1699
1700
1696
1651
1652
1649
2759
2760
2764
2414
2417
1763
1745
1752
1701
1700
1715
1643
1643
1646
2603
2760
2756
2778
2776
2778
2775
2762
2774
1765
1761
1763
1758
1758
1715
1712
1710
1642
1645
2598
2604
2628
2775
2773
2625
2426
2432
1760
1761
1790
1787
1790
1789
1711
1713
1795
1795
1811
2631
2631
2628
2625
2432
1780
1779
1783
1790
1786
1905
1906
1802
1801
1813
1811
2595
2631
2495
2506
2510
2511
1780
1780
1786
1914
1909
1799
1792
1813
2590
2591
2630
2528
2494
2507
2490
2511
2511
1932
1926
1929
1910
1870
1870
1881
1814
1882
2642
2527
2529
2520
2507
2509
1937
1929
1928
1891
1897
1899
1866
1870
1876
1882
2643
2647
2649
2529
2519
1935
1939
1937
1892
1899
1900
1874
1876
1878
1879
2520
159
157
134
129
1351
1375
52
100
1359
1354
154
169
173
126
1360
249
200
1021
1041
1377
1377
60
41
252
1024
1039
1281
1223
91
201
1038
1223
1222
35
26
253
266
234
1174
1174
1284
1232
38
290
290
275
267
231
227
1171
1173
1235
1235
2738
27
2744
277
228
1158
2740
2746
225
1157
1652
1231
2755
2766
2765
2423
1745
1698
1697
1702
2756
2777
2764
2765
2420
2416
1765
1743
1704
1704
2602
1788
1758
1758
1789
1714
1708
1707
1646
2628
2429
2432
1781
1707
1645
2628
2427
2428
1783
1790
1907
1793
2592
2627
2492
1782
1931
1914
1793
1814
2595
2589
2526
2492
1930
1932
1914
1904
1870
1882
2589
2490
2488
1929
1898
1874
2647
2489
1897
1875
52
1043
1347
1350
1021
87
171
172
1281
1023
1039
1285
25
41
248
271
1232
278
1232
1652
2747
1643
2777
2755
2420
1743
1692
1765
1705
2624
1795
1905
2598
2431
1910
1907
1898
1869
2516
1935
1005
1351
1003
1350
58
168
1379
1020
1219
248
87
252
1285
40
1171
1158
1166
2744
2420
1746
1643
2776
2625
1708
1708
2598
2429
1788
2491
1779
1792
2492
1931
1929
2526
2511
1932
1904
1875
1879
157
1348
126
1042
1353
1354
59
1024
232
1219
41
1174
1233
29
275
224
233
1180
228
2420
1755
1757
1755
1781
2588
1787
2527
1904
1881
2528
1892
1901
157
126
1027
1027
1351
173
201
91
1220
25
272
231
1234
1158
2736
2738
228
1699
1693
1646
2602
2766
1765
2604
2625
2428
2603
2627
2427
1906
2526
2589
2647
2488
1937
1898
157
125
2246
2246
1375
169
169
2910
2276
88
1029
1029
1220
274
40
275
2737
1233
2737
1742
2638
2638
1742
1693
2419
1705
1754
1754
1206
1759
1793
1796
1903
2589
2597
2525
1904
1796
2526
2489
1025
1030
2246
1030
1376
1376
2276
2275
88
1030
88
2340
1028
2340
3041
227
3040
2811
2944
1026
2945
705
2810
1621
2597
1621
652
2945
746
