2304
142
732
731
721
723
109
113
142
35
578
577
113
27
32
28
18
19
19
812
724
725
134
131
131
30
649
588
579
584
584
117
130
44
660
586
592
580
132
132
133
39
38
43
655
592
593
581
167
179
39
636
637
638
593
147
170
147
168
178
224
222
238
41
712
634
703
645
645
146
178
233
241
715
715
702
703
705
645
144
154
228
227
231
240
717
719
1272
1171
1175
144
2138
1249
1270
1274
1176
1175
1174
2138
2079
1270
1277
1276
1176
2097
1247
1244
1277
1276
1186
1182
1179
2102
2098
2098
2082
1243
1242
1255
1202
2289
2289
2103
2099
2083
2084
2186
2081
1425
1256
1253
1201
1194
1188
2288
2294
2298
2194
2186
2184
1422
1425
1204
2293
2195
1429
1430
1205
1307
1308
2260
2251
2251
2195
2193
2174
2174
1407
1405
1331
1330
1310
2244
2174
1407
1329
1330
1328
1328
1310
1310
1309
2243
2252
2177
2177
2175
2171
816
816
818
814
817
810
732
729
723
734
722
721
740
741
741
108
109
141
142
143
137
136
138
33
34
35
21
818
813
731
732
724
723
725
739
741
112
113
114
108
143
143
143
32
35
30
35
18
813
824
823
812
727
588
587
578
578
582
577
114
122
115
116
116
134
143
29
30
30
25
26
26
659
658
653
649
586
588
588
583
583
122
118
118
134
131
131
27
39
36
44
659
658
660
654
653
656
586
590
591
584
582
121
581
117
133
38
39
42
44
44
662
665
649
590
634
590
593
592
581
169
167
170
166
167
177
179
126
224
42
40
43
41
40
661
661
712
714
714
713
638
639
640
147
170
169
168
178
179
219
223
218
222
242
239
241
716
711
712
709
637
638
638
647
640
145
147
145
149
217
219
228
233
238
237
241
718
719
719
703
707
703
633
704
633
647
646
148
149
145
159
157
153
225
228
233
228
237
234
235
241
719
717
702
705
1170
646
1177
1175
1177
1175
2137
154
226
226
225
229
227
2109
235
240
2071
1250
1234
1270
1272
1273
1271
1274
1274
1261
1173
1170
1173
1178
1177
2141
2141
2138
2138
2140
2110
2109
2108
2112
2109
2072
2087
2070
1249
1249
1248
1245
1273
1275
1172
1178
1180
1182
1181
2139
2136
2136
2105
2104
2102
2097
2107
2087
2087
2082
2080
1247
1249
1245
1277
1277
1260
1184
1186
1182
2134
2134
2105
2105
2102
2106
2086
2100
2086
2084
2082
1242
1256
1252
1253
1200
1185
1194
1180
1179
1182
2289
2105
2103
2102
2100
2099
2083
2186
2081
1243
1424
1256
1255
1258
1254
1252
1253
1201
1202
1193
1195
2289
2294
2299
2298
2188
2186
1425
1425
1428
1429
1253
1203
1204
1193
1192
1189
1188
2291
2291
2290
2294
2297
2298
2298
2194
2195
2181
2184
2181
1423
1422
1406
1429
1429
1331
1324
1205
1205
1193
1308
1189
1189
2293
2291
2292
2260
2259
2195
2180
2181
1404
1411
1411
1412
1412
1324
1328
1313
1310
1307
1308
2242
2243
2253
2253
2251
2175
2176
2176
2174
2170
1405
1407
1409
1408
1409
1330
1331
1327
1328
1313
1312
1306
2244
2243
2252
2177
2176
2170
2172
2172
2172
2171
1407
734
137
818
818
815
730
729
737
721
739
740
767
741
772
110
110
140
140
138
32
33
34
20
21
817
826
813
814
810
725
730
728
737
723
726
722
746
745
739
113
111
116
139
140
136
31
32
23
23
24
824
827
819
728
728
727
585
578
577
125
124
123
124
123
116
120
115
128
135
129
25
26
26
657
824
823
820
664
820
599
579
584
125
122
119
134
129
59
36
59
47
24
48
657
658
652
653
656
649
599
598
586
589
580
597
163
165
174
127
126
129
37
36
45
46
665
656
655
635
600
590
620
593
595
165
167
177
223
224
41
46
663
665
714
635
641
639
163
170
176
219
176
219
221
224
239
662
685
712
714
710
710
708
709
630
636
631
148
151
161
175
176
156
218
233
221
232
236
237
242
251
718
715
707
706
710
632
633
633
647
647
644
150
152
152
151
160
160
161
156
232
232
237
250
691
1272
704
1286
1171
644
1152
1155
157
159
2140
153
230
2073
234
2075
1233
1234
1270
1272
1278
1261
1173
1159
1153
1154
2141
2141
2110
2111
2114
2113
2114
2109
2073
2072
2071
1246
1250
1236
1248
1275
1263
1261
1173
1177
1157
2135
2136
2111
2114
2088
2107
2106
2086
2080
2079
1247
1236
1235
1245
1245
1245
1258
1263
1263
1268
1184
1187
2133
2136
2104
2091
2095
2100
2093
2086
2087
2085
1247
1259
1259
1252
1185
1186
1187
1187
2134
2303
2301
2301
2295
2100
2185
2081
1437
1257
1254
1266
1198
1199
1198
1196
1196
2302
2302
2300
2296
2187
2190
2187
2185
1434
1423
1433
1427
1428
1320
1203
1199
1204
1195
1193
1196
1188
2286
1191
2293
2294
2261
2296
2194
2192
2185
2185
1415
1427
1426
1427
1430
1323
1321
1315
1314
1305
1190
1297
2291
2262
2261
2260
2192
2191
2181
2178
2179
1418
1410
1324
1326
1313
1312
1305
1306
2241
2241
2260
2248
2261
2258
2160
2161
2170
1404
1418
1417
1418
1409
1410
1411
1408
1329
1326
1324
1326
1316
1313
1311
1306
2244
2249
2253
2242
2256
2253
2255
2257
2177
2163
2163
2165
2172
2256
2162
2163
811
734
138
815
796
815
798
810
734
736
736
751
745
751
743
771
772
773
78
111
140
84
11
12
10
12
16
9
16
20
826
804
737
802
737
744
744
743
772
773
765
773
78
111
136
12
17
17
825
826
826
827
819
801
728
746
746
746
766
124
123
100
119
99
136
97
61
62
22
17
23
23
825
822
822
821
822
599
726
601
600
597
596
124
122
104
104
128
98
98
58
59
48
45
658
653
648
599
602
600
597
597
165
120
174
127
60
59
57
48
53
665
664
656
656
620
618
620
595
162
163
173
174
174
172
271
271
220
56
47
244
243
680
680
663
681
656
667
668
616
620
620
619
641
163
164
171
171
221
221
246
246
687
687
679
707
708
617
622
619
643
150
628
186
160
176
155
217
217
248
248
251
251
246
684
685
686
699
710
700
631
630
621
644
644
152
152
160
156
230
230
248
251
249
692
684
692
707
691
1286
1284
1158
1159
1153
1155
158
158
158
156
2123
2121
229
2058
2075
2078
2077
1227
1233
1269
1279
1286
1160
1158
1160
1154
1155
2129
2131
2123
2111
2114
2112
2058
2058
2075
2075
2070
1236
1236
1238
1263
1267
1164
1160
1157
2139
2131
2132
2132
2122
2123
2096
2113
2092
2054
2074
2062
2061
1240
1239
1265
1268
1184
1163
1187
1163
2130
1157
2131
2127
2132
2132
2091
2088
2096
2092
2055
2064
2061
1239
1259
1241
1258
1266
1268
1215
1216
1156
2287
2090
2091
2094
2093
2085
2189
2182
1432
1434
1437
1432
1259
1199
1200
1216
1196
1218
1191
1220
2303
2302
2299
2300
2274
2189
2190
2183
2183
1434
1433
1439
1438
1439
1438
1320
1322
1199
1351
1198
1218
1222
2286
2302
2295
2188
2266
2179
1427
1435
1439
1322
1319
1322
1315
1304
1191
1296
2281
2286
2264
2261
2267
2267
2192
2178
1415
1419
1421
1412
1319
1321
1314
1304
1304
1297
1297
2248
2246
2264
2262
2266
2161
2267
2168
2167
1418
1420
1421
1419
1325
1317
1317
1316
1311
1300
2249
2249
2248
2247
2257
2258
2255
2257
2254
2255
2163
2164
2167
2166
1326
2164
797
798
800
799
833
735
735
753
755
752
767
771
772
769
770
80
79
84
84
11
82
9
10
10
13
796
800
804
803
804
801
755
752
743
768
766
768
765
773
102
80
80
83
95
97
12
17
14
808
809
804
853
748
748
749
749
742
743
102
102
100
104
107
99
98
98
62
61
8
15
15
806
806
807
802
852
747
602
611
105
106
94
107
96
62
66
66
52
682
682
807
670
822
673
673
602
602
608
611
610
606
105
103
104
190
189
94
272
55
61
56
57
50
51
683
683
682
683
671
674
674
612
613
613
595
611
183
183
165
192
190
272
271
270
54
57
269
243
266
680
683
670
668
674
615
617
619
626
188
188
187
197
197
172
195
277
271
269
275
268
244
680
687
700
668
616
621
626
188
195
276
278
263
246
245
687
690
690
701
701
694
622
624
629
629
186
215
215
214
212
276
274
247
248
250
249
692
689
692
700
1281
1286
624
629
629
629
203
215
213
211
211
2121
2118
262
2060
262
262
259
2078
1227
1226
1230
1281
1279
1283
1168
1166
1160
1152
2150
2129
2128
2129
2123
2120
2118
2117
2057
2059
2078
2077
1224
1227
1237
1280
1278
1295
1295
1168
1161
1165
2126
2129
2122
2095
2053
2060
2056
2055
2057
2064
2067
1241
1241
1237
1238
1264
1287
1264
1294
1267
1295
1164
1157
2124
2125
2125
2089
2096
2054
2063
2064
2069
2068
2062
1380
1431
1241
1241
1265
1268
1162
1215
1162
1219
1220
1219
2126
2142
2303
2091
2094
2093
2055
2220
2064
2065
2068
1432
1432
1370
1216
1220
1223
2285
2284
2303
2271
2271
2276
2275
2221
2222
2228
2182
2228
1384
1434
1382
1439
1371
1322
1366
1217
1218
1223
1222
1221
2285
2282
2285
2268
2269
2269
2274
2222
2190
2227
2204
1416
1436
1436
1435
1371
1353
1351
1347
1304
1223
2282
2281
2246
2265
2267
2265
2192
2203
2204
2168
2204
1416
1421
1387
1318
1319
1357
1317
1347
1301
1299
1297
2239
2245
2246
2264
2263
2160
2167
2208
2167
1413
1420
1421
1387
1389
1319
1356
1358
1301
1346
1300
1298
2234
2249
2235
2257
2255
2208
2165
2166
1389
833
13
797
800
832
799
833
841
753
754
789
791
790
790
778
779
770
769
761
77
79
81
3
1
2
3
8
5
5
809
797
800
835
845
755
755
755
791
756
77
77
80
86
84
86
81
6
7
8
14
809
862
836
836
843
748
750
748
749
749
784
757
102
107
90
85
96
62
68
65
52
809
863
808
863
854
853
854
854
850
851
601
608
607
609
604
757
101
107
95
92
71
70
66
66
805
806
806
861
854
851
615
611
611
182
106
93
190
91
64
69
64
53
50
678
674
672
673
615
612
610
605
606
183
183
191
192
190
272
54
281
55
63
269
675
676
678
672
625
626
626
187
184
188
194
194
278
272
277
275
281
269
267
268
266
676
677
667
701
666
693
614
623
627
628
196
185
185
197
196
278
275
284
264
264
259
260
260
688
689
701
698
693
624
629
203
215
214
278
212
212
284
262
263
258
260
688
1230
698
696
1283
869
1282
624
202
203
214
2120
213
2119
2116
2035
259
2076
1231
1232
1228
1281
1283
1169
1169
1168
1166
205
2150
2152
2120
2116
2118
2060
2040
2060
2059
2021
2078
2076
1227
1229
1232
1228
1288
1281
1290
1289
1293
1295
1169
1167
1167
2147
2150
2124
2120
2115
2118
2056
2057
2067
1224
1240
1241
1288
1294
1295
1161
1213
2127
2125
2125
2089
2096
2053
2055
2066
2066
2069
2068
2068
1380
1287
1288
1291
1206
1209
1207
1214
1214
2143
2283
2270
2089
2219
2066
2065
2027
1378
1379
1381
1379
1369
1364
1365
1366
1207
1206
1221
1214
2283
2271
2275
2220
2222
2231
2231
2228
1377
1384
1382
1369
1382
1376
1370
1363
1363
1367
1367
1367
1218
1223
2285
2284
2268
2276
2276
2221
2222
2227
2228
1384
1383
1416
1371
1376
1374
1353
1367
1348
1336
1296
2282
2236
2246
2280
2273
2205
2206
2206
2204
1414
1414
1392
1394
1388
1358
1357
1349
1349
1349
1346
1332
1298
2240
2233
2212
2213
2207
2208
2203
1413
1392
1386
1399
1387
1392
1389
1387
1356
1358
1358
1343
1345
1346
1299
2239
2239
2239
2238
2235
2232
2232
2213
2208
2199
2199
2198
2235
795
795
834
836
833
840
845
839
788
791
791
790
778
761
75
75
74
89
82
3
1
3
2
4
5
5
460
858
795
836
835
844
844
788
787
788
784
791
783
758
73
89
88
86
87
1
8
467
465
858
857
863
856
845
843
845
784
784
759
758
756
72
72
73
86
91
68
6
7
52
464
859
862
863
853
849
851
750
786
786
759
604
399
73
93
90
91
93
67
68
68
64
52
432
860
863
859
860
849
848
850
1062
608
897
898
608
606
604
606
180
189
93
92
71
71
64
435
434
51
1032
863
678
671
673
1067
1070
894
887
886
605
180
180
193
191
273
273
280
71
69
265
266
433
677
678
1037
1026
666
615
881
880
887
888
184
197
194
194
282
282
281
267
254
266
675
1042
1041
1038
1035
1036
881
878
878
877
200
201
209
210
209
283
284
287
264
257
255
1043
697
695
696
695
881
869
870
868
869
199
206
201
208
210
280
285
287
286
256
689
1232
698
698
696
1608
694
1607
876
872
869
203
206
206
206
199
207
207
2156
2035
285
2020
256
1231
1726
1717
1717
1289
1607
1283
871
1165
2149
2150
205
2148
2155
2034
2020
2016
1231
1229
1704
1704
1708
1290
1606
1598
1169
1589
2149
2146
2149
2151
2151
2115
2041
2042
2041
2041
2040
2021
2033
2033
2033
1702
1707
1288
1292
1164
1167
1212
2147
2145
2144
2153
2038
2041
2030
2028
2028
1380
1706
1369
1706
1616
1292
1292
1208
1209
1212
1214
1213
2143
2142
2039
2039
2230
2027
1380
1378
1368
1364
1365
1208
1211
2277
2279
2271
2272
2272
2219
2230
2223
2229
1385
1384
1381
1369
1373
1375
1359
1366
1365
1348
1337
1338
1211
2278
2280
2279
2272
2272
2219
2220
2231
2214
2231
2201
1403
1383
1402
1376
1375
1376
1374
1353
1361
1362
1349
1337
1340
2278
2277
2280
2211
2215
2215
2205
2201
2202
2226
1403
1400
1394
1393
1389
1353
1346
1344
1336
1333
2237
2237
2237
2273
1868
2211
2212
2213
2210
2197
2202
2199
1400
1399
1391
1391
1393
1355
1355
1354
1341
1344
1343
1333
2238
2236
2240
2235
2233
2213
2210
2209
2198
2199
1355
840
781
792
829
834
840
837
839
777
780
782
781
761
761
75
75
88
89
510
510
453
451
467
459
460
795
830
828
831
831
840
842
788
777
785
779
762
570
573
89
572
454
457
466
456
467
465
459
858
858
856
855
831
776
786
786
764
759
574
575
572
573
87
513
458
458
458
466
467
464
856
847
856
846
846
849
849
899
896
987
571
575
408
455
455
443
1034
1034
861
1070
1065
1069
899
899
886
885
885
398
399
407
408
407
70
435
434
433
433
1032
1033
1034
1029
1028
1067
1069
899
894
887
889
893
890
884
404
412
413
413
411
281
346
436
435
1030
1031
1027
1038
1066
1069
879
889
888
403
404
413
280
346
284
254
1043
1041
1040
1037
1035
1036
1008
881
878
867
200
181
201
402
431
286
287
255
253
252
255
255
1043
1043
1042
1038
1010
874
878
872
866
201
208
207
431
431
287
253
257
252
1715
1727
1727
1011
1716
1610
1609
876
1599
870
872
872
867
199
205
207
2155
430
2156
2050
2049
2023
2023
2024
2017
1725
1717
1718
1727
1718
1717
1610
1610
1607
1598
1600
1592
1590
1767
204
2149
2159
2156
2158
2034
2049
2021
2051
2023
2017
2024
1703
1725
1718
1608
1597
1598
1589
2148
2152
2159
2037
2154
2047
2033
1704
1704
1701
1709
1707
1603
1607
1598
1589
1588
1574
2146
2144
1769
2154
2154
2042
2037
2039
2029
2037
2029
2032
2026
1702
1701
1705
1709
1706
1616
1291
1613
1595
1210
1772
2145
1837
2153
2038
2036
2030
2025
2025
2025
1696
1700
1706
1615
1360
1616
1360
1614
1209
1571
1570
1211
1211
1861
1861
1842
1841
2216
2225
2225
2224
2223
1700
1698
1373
1373
1359
1619
1583
1362
1361
1337
1340
1339
1340
1862
1862
1844
1844
1843
2217
2217
2225
2224
1401
1385
1372
1352
1342
1339
1340
1339
1857
1854
1854
1867
2214
2215
2215
2200
2201
1403
1401
1398
1402
1394
1342
1571
1332
1335
1854
1869
1868
1889
1872
2210
2201
1877
1403
1396
1394
1397
1391
1390
1391
1355
1344
1344
1335
1334
1865
1869
1865
1870
1867
1871
1888
1887
2210
1873
2197
1877
1395
1341
2197
760
568
793
793
828
838
838
774
775
775
774
782
781
781
763
568
570
569
512
511
453
453
461
451
451
460
794
793
830
1104
837
777
777
780
764
764
764
764
561
574
574
570
511
514
458
450
461
1134
829
1106
842
842
984
984
984
986
561
563
563
575
575
514
457
454
446
456
449
463
464
1135
1137
847
1065
1063
1063
896
984
895
981
986
987
571
405
396
572
513
446
449
448
449
447
444
443
1033
1029
1028
1064
1065
1062
1068
898
897
896
896
883
986
397
397
408
350
348
437
432
440
1034
1031
1029
1067
1070
1070
894
891
889
885
883
885
397
404
406
411
412
349
350
350
347
437
440
1031
1030
1027
1026
1078
1067
1079
880
894
889
884
403
404
409
410
413
355
357
351
347
436
438
1039
1013
1040
1038
1014
1009
873
873
880
890
419
419
418
429
431
355
290
1039
1040
1014
1011
1008
874
876
865
866
415
416
417
431
419
431
357
291
291
1727
1715
1714
1610
1010
875
876
865
871
867
867
900
864
415
419
2157
2046
2046
2051
2022
2051
2016
1726
1714
1716
1609
1600
1591
1591
1592
1766
1765
2159
2157
2043
2045
2051
2023
2019
1721
1712
1718
1602
1601
1601
1600
1592
1592
1767
1766
1767
1768
1768
2159
2158
2048
2048
2048
2031
2018
2031
2018
1722
1708
1693
1709
1713
1602
1603
1596
1596
1589
1772
1771
1769
1836
2154
2037
2032
1994
2026
1695
1709
1616
1614
1613
1596
1595
1573
1574
1770
1847
1837
1838
1839
1980
1993
2225
1994
2025
1993
1696
1699
1697
1700
1699
1619
1618
1614
1569
1572
1573
1572
1861
1858
1848
1840
1841
1843
1841
2216
1981
1884
1981
1987
1996
1697
1700
1698
1619
1579
1581
1580
1571
1862
1862
1860
1842
1883
1883
2226
1904
2224
1443
1443
1447
1373
1511
1582
1583
1581
1583
1571
1556
1555
1857
1856
1868
1844
1844
1884
1883
1875
1874
1903
1442
1448
1396
1398
1398
1494
1495
1497
1495
1583
1552
1554
1556
1866
1863
1864
1871
1864
1889
1882
1875
1874
1878
1876
1396
1449
1397
1506
1503
1494
1497
1496
1497
1560
1560
1335
1558
1335
1558
1865
1865
1864
1870
1871
1871
1888
1889
1885
1873
1887
1879
1880
1880
1880
1877
567
452
792
1110
1114
1103
1103
976
977
775
997
998
995
763
568
570
509
512
509
507
506
507
453
451
462
493
462
1115
1115
1104
1103
976
977
997
998
560
995
558
559
559
508
511
511
509
507
445
478
462
477
1135
1108
1105
1106
1105
1106
983
982
982
561
558
561
566
562
563
563
516
515
507
448
464
477
1134
1137
1137
1108
1106
1074
1065
1072
973
984
986
564
565
405
515
446
447
446
449
444
444
1141
1141
1142
1140
1074
1073
1074
1072
1071
892
892
947
398
397
383
380
396
406
342
348
442
442
440
1141
1139
1075
1012
1074
1079
1076
1076
1076
892
891
905
905
883
907
400
410
410
343
349
347
351
439
302
440
1019
1020
1077
1079
1079
917
916
916
915
904
906
402
401
400
401
409
426
426
350
352
351
289
289
1018
1017
1012
1016
1056
1055
917
909
906
903
421
422
421
425
428
424
358
359
358
352
290
288
289
1013
1013
1016
912
910
909
903
903
901
417
415
421
424
427
359
428
359
356
356
293
294
294
1724
1724
1711
1015
1009
912
902
901
417
416
430
2046
2050
2022
2001
2019
1723
1724
1720
1724
1710
1711
1646
1600
1627
1599
1591
1585
1584
1765
1764
1794
1791
1792
2044
2046
2044
2047
2006
2006
2019
1719
1720
1722
1720
1713
1710
1642
1643
1593
1594
1587
1587
1765
1765
1783
1790
1789
2043
1975
1990
1992
2005
2006
1721
1720
1712
1605
1643
1643
1594
1596
1586
1779
1771
1771
1782
1787
1839
1786
1839
1976
1989
1992
1994
1992
1995
1694
1695
1694
1695
1692
1617
1605
1611
1569
1569
1574
1772
1780
1781
1772
1780
1778
1848
1850
1839
1983
1988
1996
1697
1693
1692
1619
1618
1618
1577
1579
1612
1573
1568
1780
1846
1847
1846
1853
1852
1838
1852
1983
1980
1988
1986
1987
1997
1440
1444
1507
1508
1577
1578
1580
1576
1566
1567
1555
1859
1859
1845
1849
1840
1895
1904
1907
1905
1906
1441
1441
1448
1447
1448
1510
1511
1578
1576
1582
1553
1553
1555
1556
1857
1860
1855
1819
1883
1896
1904
1904
1906
1443
1443
1446
1448
1509
1511
1511
1500
1559
1560
1552
1556
1857
1835
1821
1821
1882
1882
1875
1899
1878
1901
1450
1450
1442
1452
1506
1503
1497
1500
1560
1557
1558
1558
1866
1863
1820
1821
1889
1886
1886
1885
1872
1879
1880
1110
1113
1114
1115
1112
979
978
996
994
995
568
555
544
509
504
505
491
491
492
1110
1107
1108
1115
1103
980
980
978
997
998
993
991
566
545
545
505
506
490
468
494
494
1108
1099
1101
1098
1101
977
973
972
981
991
564
566
566
518
521
519
474
476
478
480
1136
1098
950
952
948
383
565
386
516
516
521
520
474
475
441
482
442
480
1142
1140
1139
1137
1148
1072
1072
950
949
948
382
383
379
381
381
345
342
344
476
472
442
1141
1139
1077
1075
1046
1053
950
905
905
947
908
395
380
390
381
381
345
302
438
1020
1019
1023
1059
1078
1054
1056
916
914
915
908
907
395
388
388
390
389
426
426
343
354
351
304
302
1020
1020
1022
1022
1059
1056
1056
916
915
420
422
423
358
332
353
359
354
288
293
289
1017
1018
1016
1015
1016
1055
922
923
912
903
930
421
424
337
356
293
296
295
1681
1681
1681
1682
1682
1645
922
923
910
900
1794
417
1792
427
1974
1974
2003
295
2001
296
1678
1679
1677
1669
1645
1628
1628
1584
1773
1793
1794
1791
1788
1972
1972
2003
2003
1678
1670
1670
1671
1644
1642
1627
1587
1585
1587
1776
1796
1783
1790
1789
1976
1976
1990
2002
2005
2006
1719
1662
1672
1604
1639
1625
1593
1776
1779
1780
1777
1785
1786
1789
1851
1950
1975
1989
2004
2004
1656
1659
1605
1612
1518
1781
1778
1846
1787
1784
1851
1982
1992
1991
1997
1657
1659
1617
1491
1611
1577
1519
1569
1520
1845
1849
1853
1852
1983
1853
1983
1985
1988
1988
1997
1440
1458
1444
1491
1507
1577
1575
1566
1551
1858
1846
1850
1811
1823
1894
1895
1986
1907
1907
1445
1445
1445
1511
1510
1508
1576
1576
1551
1549
1548
1548
1817
1833
1835
1818
1818
1823
1826
1898
1897
1907
1906
1452
1457
1446
1452
1504
1509
1506
1511
1498
1499
1562
1563
1554
1564
1550
1833
1834
1830
1819
1825
1826
1824
1826
1898
1896
1898
1900
1902
1901
1449
1456
1457
1505
1506
1501
1501
1561
1564
1565
1835
1832
1831
1831
1821
1825
1886
1891
1890
1892
1902
1565
557
1094
1113
1097
1112
1097
1111
1102
979
980
1005
1001
995
555
556
544
553
534
553
532
531
531
491
494
494
492
1112
1112
1100
1087
980
975
978
996
993
993
992
557
548
534
504
501
491
469
493
1109
1095
1107
1101
1099
1088
1081
975
973
991
993
547
548
533
518
517
519
468
479
479
480
1149
1151
1151
1148
1147
1101
973
957
953
953
951
945
946
945
383
548
384
518
522
518
520
521
521
476
476
475
483
1151
1149
1150
1148
1047
953
953
948
948
386
385
385
378
330
344
473
473
472
482
473
481
482
1138
1122
1061
1047
1046
914
960
950
937
386
393
394
379
390
389
330
331
345
303
304
301
1025
1025
1024
1060
1061
1061
1054
914
908
394
395
395
390
360
361
332
329
332
353
327
305
305
1022
1025
1024
1058
1061
1053
911
914
913
932
908
388
394
377
376
376
328
340
329
326
303
304
295
1681
1676
921
1058
918
911
931
930
931
928
420
374
424
339
341
341
313
293
1681
1677
1676
919
920
919
921
1626
929
1634
930
1774
928
930
1798
1797
1799
337
1978
338
1973
1974
1973
1964
2000
295
1679
1680
1646
920
1628
1622
1774
1794
1799
1793
1788
1978
1974
1972
1965
2000
1662
1669
1673
1673
1673
1673
1645
1640
1644
1625
1628
1626
1624
1625
1775
1773
1796
1977
1790
1978
1977
1963
1965
2003
2000
1663
1663
1672
1672
1640
1671
1639
1625
1622
1776
1776
1782
1785
1790
1789
1784
1958
1949
1992
2008
2008
1663
1658
1659
1605
1528
1517
1515
1515
1777
1778
1950
1949
2010
1995
2009
2009
1657
1656
1461
1659
1459
1466
1491
1528
1529
1520
1517
1520
1520
1519
1518
1749
1749
1815
1760
1812
1812
1952
1951
1984
1948
1997
1460
1461
1459
1493
1492
1527
1516
1517
1517
1567
1512
1747
1817
1812
1812
1811
1909
1911
1985
1936
1937
1468
1458
1485
1492
1486
1542
1551
1538
1551
1814
1814
1816
1817
1816
1823
1810
1823
1908
1897
1908
1895
1910
1936
1935
1452
1457
1451
1504
1486
1499
1498
1563
1549
1835
1830
1822
1829
1826
1898
1893
1899
1901
1900
1929
1457
1456
1454
1454
1504
1502
1501
1501
1562
1561
1565
1565
1832
1830
1830
1824
1890
1891
1893
1893
1892
1900
1902
1477
1096
535
1097
1097
1082
1088
1006
1007
1005
1007
1002
1001
557
557
554
554
552
536
538
501
486
487
487
1094
1095
1094
1092
1087
974
989
1005
975
1004
1003
992
554
546
552
534
534
532
538
499
489
488
1146
1092
1091
1081
1088
1081
975
1004
1003
940
1004
942
547
548
529
528
527
526
485
485
1151
1121
1118
961
952
940
941
942
540
522
527
526
469
471
484
485
1144
1150
1148
1122
1047
1044
961
962
951
946
384
386
378
319
323
482
1144
1139
1123
1124
1045
1051
1045
937
391
392
392
320
320
321
315
299
301
300
1021
1133
1127
1124
1060
1058
1044
1049
969
969
932
391
360
332
331
327
304
298
299
1023
1025
1057
1049
971
932
927
934
372
372
377
375
362
361
374
328
329
327
313
312
298
298
314
1021
1686
1686
1058
919
935
935
928
928
933
377
374
377
338
339
341
334
310
292
1685
1682
1675
919
918
935
1795
1797
1745
338
340
341
1968
311
1999
1680
1673
1667
1645
1674
1633
1634
1733
1795
1732
1799
1798
1799
1979
1979
1965
1969
1965
1964
1998
1998
1690
1665
1668
1668
1640
1620
1621
1622
1729
1728
1740
1740
1960
1978
1963
1963
2007
2008
1664
1661
1660
1640
1666
1641
1620
1621
1621
1635
1728
1760
1740
1739
1739
1957
1958
1949
1963
2007
1945
2008
1664
1660
1666
1639
1526
1526
1526
1514
1746
1748
1763
1759
1757
1952
1951
1944
2010
1460
1464
1466
1465
1493
1529
1529
1529
1513
1515
1512
1513
1749
1749
1753
1762
1763
1761
1912
1952
1946
1947
1984
1938
2013
1938
1472
1461
1492
1493
1529
1527
1538
1538
1814
1747
1814
1815
1809
1810
1910
1911
1941
1936
1937
1473
1468
1474
1475
1490
1484
1490
1484
1531
1538
1538
1817
1803
1809
1828
1913
1909
1940
1931
1936
1935
1455
1453
1485
1467
1484
1483
1542
1542
1564
1804
1806
1834
1828
1924
1925
1910
1930
1930
1926
1455
1454
1454
1477
1502
1482
1540
1540
1547
1546
1539
1546
1832
1807
1924
1921
1923
1925
1933
1933
1927
1827
1007
1093
1096
551
556
552
551
550
536
539
535
538
501
501
489
486
1094
1088
1082
1007
988
1000
1000
1002
551
542
536
539
503
502
489
489
1090
1092
1086
1086
989
989
941
943
944
543
543
528
503
500
499
1146
1146
1143
1092
1118
957
954
962
943
943
540
530
527
471
485
1144
1144
1123
1121
1118
961
960
941
943
392
523
322
364
321
318
471
484
1132
1133
1124
1120
1052
1052
971
958
937
368
323
317
323
315
299
1130
1133
1131
1127
1050
1052
1051
970
971
970
968
372
368
367
319
324
314
299
1130
1127
1049
965
963
924
372
375
363
363
325
313
1130
1128
964
1048
935
934
924
370
373
333
333
311
313
312
1683
1686
1674
1654
1655
1633
1636
933
369
369
1744
374
333
1967
333
1970
310
1690
1690
1675
1654
1632
1632
1637
1733
1732
1796
1745
1742
1745
1967
1969
1968
1999
1691
1690
1641
1637
1637
1733
1735
1745
1745
1961
1959
1969
1962
2012
1691
1664
1661
1668
1665
1649
1648
1647
1648
1731
1729
1730
1760
1735
1739
1958
1959
1954
2014
1688
1688
1466
1650
1648
1526
1524
1515
1754
1754
1760
1763
1758
1757
1949
1957
1945
2015
2014
1465
1466
1463
1529
1513
1754
1750
1752
1763
1762
1952
1915
1947
1944
2015
2013
1472
1475
1490
1531
1537
1537
1746
1753
1761
1810
1913
1912
1943
1940
1473
1474
1490
1481
1530
1535
1531
1538
1536
1804
1802
1802
1913
1910
1941
1940
1942
1939
1470
1484
1483
1540
1535
1545
1808
1808
1801
1828
1924
1924
1931
1932
1934
1931
1470
1467
1476
1476
1547
1546
1806
1808
1828
1922
1923
1934
1934
1933
1927
1540
1090
1082
1006
999
497
496
1089
999
537
503
1086
1085
957
954
530
959
938
541
523
500
484
1145
1124
961
541
523
323
316
1118
936
367
316
300
1133
1128
1052
971
366
363
365
317
308
1128
1049
965
966
968
925
371
368
325
324
314
1684
1128
1655
964
926
336
1684
1654
925
335
2012
309
1683
1653
1632
1637
1734
1744
1742
1745
1668
1650
1648
1631
1632
1635
1731
1735
1961
1961
1687
1756
1736
1755
1756
1960
1954
1956
2012
1462
1523
1522
1752
1954
2014
1464
1524
1524
1754
1758
1916
1946
1475
1489
1532
1750
1802
1914
1947
1943
1472
1470
1483
1535
1805
1803
1920
1915
1943
1942
1470
1531
1545
1801
1918
1918
1478
1535
1922
1929
1090
529
539
498
543
1121
1119
955
470
368
364
322
1132
1126
967
966
314
963
309
1970
1653
1970
1667
1689
1630
1738
1961
1731
1961
1462
2014
1916
1472
1522
1914
1916
1917
1929
1544
1546
550
498
552
503
1090
988
488
542
471
958
1120
959
318
1126
362
335
334
1655
1636
1734
2012
1649
1647
1956
1954
1471
1522
1756
1533
1751
1943
1532
1800
1802
1481
1534
1805
1920
1934
1926
1083
539
939
530
530
502
1146
541
968
318
1126
365
306
1130
956
925
968
370
926
1636
1735
1743
1730
1751
1475
1758
1479
1920
1940
1479
1807
1921
1080
939
938
549
497
955
944
1119
307
1131
1050
366
306
336
1683
1684
925
1742
1967
2011
1689
1631
1731
1688
1533
1523
1688
1463
1533
1915
1481
1470
1478
1545
1808
1918
1083
939
1285
1285
496
1085
1085
669
1302
1117
525
525
307
966
1125
956
1651
309
1651
1738
1652
1652
1738
1966
1630
1956
1736
1755
642
1751
1953
1928
1919
1469
1488
1480
1920
1928
1481
1544
651
651
1285
524
495
495
1302
1303
1117
524
1117
1623
1225
1623
642
371
1225
1543
650
49
1487
1487
28
1350
1488
1350
49
1262
261
