3056
399
1184
1192
1297
1296
443
443
449
509
1274
1267
442
398
397
396
511
524
523
1147
1176
1177
449
407
407
516
1470
1294
1274
1270
1269
430
406
546
1479
1355
1347
1347
429
717
410
542
538
547
1468
1358
1346
1344
718
726
541
1385
1359
1408
1343
739
737
739
724
724
604
603
581
545
1398
1384
1394
1411
1410
738
724
602
576
1447
1449
1407
1391
1392
1412
723
727
618
619
616
577
1446
1449
2847
2602
2615
688
1818
2850
2851
2847
2612
2616
2614
1817
1720
2852
2843
2843
2611
1750
2817
2833
2842
2843
2599
2601
2598
1846
1752
1750
1725
2840
2839
2834
2583
1855
1855
1843
1752
1731
1732
1733
1730
2836
2838
2825
2502
2502
1855
1676
1685
1841
1764
1734
1735
2837
2835
2493
1685
1604
2745
2747
2492
2528
1673
1598
1598
1598
1602
1611
1612
1613
2738
2735
2763
2765
2529
1709
1613
2736
2763
2766
2520
2520
2526
2526
1708
1697
1700
1594
1591
1621
1622
1151
1155
1152
1154
1156
1184
1191
1192
1295
1189
1296
1297
1244
1245
1245
443
443
469
400
401
401
401
404
396
509
512
510
1156
1155
1190
1190
1176
1291
1189
1273
1246
446
445
449
448
449
470
400
397
508
517
512
512
1147
1147
1148
1178
1180
1290
1293
1266
1273
1266
1267
445
434
452
452
450
431
415
398
518
518
517
524
523
1478
1479
1469
1469
1292
1294
1275
1268
1269
436
433
431
429
407
407
416
540
539
547
1479
1478
1479
1472
1470
1468
1356
1357
1346
1343
1268
432
1344
432
409
541
542
539
539
548
1464
1463
1356
1356
1356
1359
1347
1347
1344
738
719
721
720
718
717
725
410
607
538
545
548
548
545
1464
1460
1461
1398
1397
1397
1356
1408
1341
739
736
719
724
727
725
600
603
598
583
575
582
577
1463
1461
1405
1401
1386
1386
1411
1409
1409
739
735
736
736
599
601
596
602
581
580
575
1446
1445
1447
1406
1406
1395
1395
1394
1413
1413
1410
733
733
732
688
687
691
619
616
609
617
579
580
574
576
1446
1449
1407
1391
2604
1412
2613
2613
2616
2614
1819
688
618
619
615
616
616
1747
574
574
1720
2821
2822
2852
2849
2844
2848
2845
2846
2604
2603
2613
2610
2612
2615
1815
1816
1818
1819
1819
1824
1744
1846
1909
1744
1747
1729
1723
2818
2819
2850
2857
2846
2845
2604
2611
2600
2597
2597
1816
1825
1825
1824
1839
1845
1749
1846
1745
1728
1726
1726
2817
2819
2838
2844
2843
2583
2582
2600
2601
1825
1840
1840
1842
1846
1750
1727
1750
1732
1726
1725
2839
2834
2825
2824
2583
2583
2501
2599
2598
2598
1855
1840
1842
1843
1761
1762
1730
1731
1733
2840
2835
2831
2834
2834
2826
2825
2828
2490
2490
2505
2503
1852
1685
1841
1762
1761
1735
2837
2836
2831
2746
2825
2489
2493
2502
2504
2503
1676
1673
1675
1672
1687
1684
1597
1598
1603
1603
1612
1734
1616
2725
2735
2722
2746
2747
2745
2493
2529
2492
2504
2509
1676
2497
1688
1673
1686
1688
1686
1604
1614
1615
2735
2762
2761
2760
2764
2764
2519
2529
2525
2528
1707
1696
1687
1700
1595
1595
1595
1590
1606
1611
1618
2737
2737
2761
2762
2759
2765
2768
2768
2520
2520
2526
1708
1696
1697
1592
1594
1622
1621
1622
1619
1619
1622
2738
1192
403
1153
1153
1186
1185
1192
1300
1300
1243
1243
1242
1246
1262
467
468
469
402
403
395
509
509
511
510
1152
1150
1149
1154
1179
1177
1179
1290
1189
1298
1291
1298
1303
1272
1246
446
444
451
470
402
394
395
505
513
501
522
1149
1167
1180
1171
1177
1291
1293
1276
1273
439
438
440
440
437
452
450
452
454
394
415
514
524
521
1476
1148
1168
1168
1476
1178
1292
1276
1270
437
434
433
430
416
529
516
515
527
522
521
1475
1476
1473
1473
1472
1471
1349
1352
1357
1338
1339
1288
720
721
753
409
410
416
540
527
526
546
1467
1460
1350
1350
1351
1358
1353
1340
1340
748
718
754
601
607
545
548
1467
1467
1401
1350
1416
1415
729
736
756
599
754
600
597
604
582
1464
1454
1452
1400
1400
1401
1401
1395
1389
1385
1416
731
730
735
726
754
691
597
596
606
611
579
580
583
595
1446
1449
1405
1403
1395
1393
1387
1392
1419
1418
1417
731
733
733
730
690
682
691
619
609
611
591
593
1448
2848
1393
2606
2604
1418
2621
2619
683
688
1819
691
610
1746
591
1722
2798
2855
2851
2849
2671
2607
2607
2610
2622
2618
1815
1817
1821
1822
1907
1908
1904
1906
1747
1747
1728
2822
2821
2799
2855
2856
2864
2580
2609
2610
2622
1837
1835
1822
1821
1849
1905
1744
1727
1722
1720
2818
2803
2799
2854
2858
2858
2857
2856
2862
2587
2580
2592
1834
1834
1839
1847
1848
1753
1758
1753
1729
1738
2804
2789
2834
2826
2586
2591
2591
2592
1855
1852
1851
1852
1760
1759
1738
1737
2831
2828
2827
2586
2501
2487
2484
2592
2498
1679
1852
1856
1758
1765
1765
1763
1740
2792
2725
2792
2721
2831
2749
2490
2490
2493
2502
2499
2505
1676
1682
1675
1679
1685
1693
1760
1764
1601
1740
1741
2733
2723
2723
2722
2750
2748
2750
2523
2486
2510
2497
1715
1673
1694
1703
1598
1602
1601
1615
1614
1616
2740
2744
2748
2523
2523
2511
2509
1712
1711
1701
1700
1701
1702
1590
1607
1607
1618
2737
2737
2741
2744
2757
2758
2760
2758
2767
2768
2768
2521
2522
2522
2526
1712
1709
1711
1700
1699
1702
1588
1592
1589
1591
1583
1607
1610
1619
1587
1583
1582
1185
1183
404
1151
1160
1159
1162
1186
1191
1189
1183
1299
1243
1321
1243
1261
1261
1264
467
468
383
383
395
506
506
492
503
505
502
502
1164
1159
1183
1174
1300
1300
1250
1252
1252
1263
1263
1264
476
453
383
494
503
501
1165
1168
1150
1167
1174
1171
1173
1302
1303
1273
1249
439
444
456
455
453
415
425
515
413
514
494
520
521
1165
1168
1519
1170
1520
1171
1301
1302
1275
1287
1288
438
436
457
455
413
414
416
494
513
521
533
1476
1471
1521
1349
1353
1338
1338
1288
748
458
761
413
413
530
530
527
536
1466
1458
1458
1370
1351
1352
1382
1339
747
750
763
753
763
763
625
624
622
529
527
535
534
1467
1465
1461
1457
1458
1458
1369
1371
1362
1383
1383
1341
751
755
757
757
589
628
627
589
1455
1451
1450
1450
1389
1431
1431
1416
1417
729
1422
694
682
755
689
598
606
588
589
592
595
586
1454
1451
1452
1404
1388
1389
1389
1430
1429
1419
1423
697
681
684
689
610
612
592
592
594
1439
1441
1440
1404
1440
2673
2672
2606
2624
2617
2618
682
685
683
685
1908
1904
613
1791
1808
1803
1804
2798
2797
2863
2863
2672
2610
2625
2625
2617
2619
1876
1836
1888
1907
1909
1905
1792
1801
1810
1810
1723
2798
2801
2854
2862
2588
2579
2595
2622
1834
1837
1837
1837
1822
1900
1900
1906
1753
1800
1810
1813
1812
2804
2803
2861
2589
2580
2589
2580
2594
1834
2595
1836
1828
1835
1830
1848
1849
1903
1757
1801
1721
1721
2802
2853
2777
2828
2861
2589
2586
2585
2595
1854
1860
1857
1847
1759
1757
1738
1738
2791
2791
2789
2790
2830
2556
2586
2484
2484
2496
1681
2643
1859
1858
1694
1856
1754
1756
1763
1741
1741
2792
2792
2726
2726
2729
2729
2828
2556
2485
2486
2487
2499
1680
1680
1679
1691
1765
1576
1560
2721
2728
2729
2749
2753
2753
2537
2515
1681
1713
1714
1678
1694
1693
1577
1577
1600
1601
2741
2731
2742
2729
2752
2541
2523
2511
2510
2516
1718
1714
1706
1706
1703
1577
1583
1576
1606
1609
2741
2743
2744
2756
2759
2540
2508
2539
2507
2506
1712
1710
1717
1704
1587
1589
1586
1588
1586
1584
1583
1610
1610
1609
2767
1610
1161
1159
1160
1182
1231
1183
1237
1321
1321
1251
1251
1260
1261
1261
1256
476
466
384
384
386
385
493
500
499
498
1158
1161
1174
1225
1231
1227
1321
1330
1252
1252
1249
1248
1255
1262
475
476
476
389
425
424
493
499
497
1165
1159
1174
1227
1309
1309
1310
1318
1284
1249
473
473
463
454
464
462
425
425
428
494
490
497
496
1163
1210
1164
1171
1301
1312
1285
1288
464
463
462
460
428
427
563
491
533
1527
1526
1518
1520
1519
1515
1363
1311
1285
1285
1287
1280
1278
456
458
457
759
760
419
624
419
530
530
535
533
533
1525
1527
1523
1527
1517
1521
1371
1365
1364
1362
1380
1282
749
745
748
763
762
625
620
621
621
631
629
534
536
1465
1524
1524
1370
1367
1368
1362
1382
1380
751
693
750
748
673
756
762
634
622
631
628
629
586
1455
1442
1404
1369
1366
1428
1427
692
669
634
633
628
589
595
1443
1442
1437
1436
1376
1426
1431
1431
1422
1421
693
697
682
676
676
610
628
613
592
595
594
1440
1441
1439
1403
2669
2670
1429
1424
1425
1423
696
684
675
676
676
1891
1894
612
1792
648
649
645
1804
2798
2794
2809
2810
2673
2670
2666
2624
2625
2621
1875
1875
1887
1886
1888
1894
1893
1899
1793
1791
1810
1804
2795
2795
2810
2864
2671
2661
2667
2662
2594
2625
1828
1831
1887
1901
1790
1790
1801
1801
1812
1798
1807
2800
2800
2801
2777
2860
2773
2861
2661
2588
2660
2634
2595
1829
1831
1830
1900
1902
1800
1797
1813
1775
1774
1813
2783
2784
2789
2776
2861
2589
2635
2637
2634
2641
2642
2640
1827
1861
1861
1858
1902
1756
1755
1783
1775
1777
1774
2784
2789
2780
2636
2642
2641
1682
1658
1857
1628
1628
1691
1756
1756
1532
1776
1741
1559
2785
2790
2706
2730
2707
2555
2556
2485
2496
2495
2498
1657
1655
1679
1627
1694
1689
1625
1691
1580
1561
1559
1558
2699
2730
2732
2732
2708
2557
2556
2538
2517
2515
1715
1655
1625
1624
1691
1580
1601
1562
1562
1561
1560
2699
2740
2731
2753
2753
2538
2540
2539
2507
2517
1716
1717
1713
1705
1706
1579
1580
1554
1555
1553
2684
2744
2742
2755
2756
2755
2541
2535
2508
2550
2506
1716
1718
1706
1704
1586
1586
1580
1553
1552
2756
1230
498
1204
1162
1233
1231
1237
1237
1324
1329
1332
1336
1336
1328
1335
1258
1257
1257
1256
467
388
386
479
482
488
478
488
488
500
1199
1201
1232
1226
1228
1322
1323
1328
1327
1254
472
474
474
391
389
392
386
481
484
497
497
1199
1207
1225
1228
1228
1308
1309
1311
1318
1329
1330
1249
473
461
461
426
428
428
572
491
490
1209
1209
1210
1208
1225
1513
1225
1219
1309
1312
1310
1313
1284
1277
1279
1254
882
461
421
422
569
569
563
562
1500
1526
1527
1518
1515
1514
1363
1281
1279
744
743
422
760
419
564
566
563
551
551
1523
1514
1515
1368
1364
1365
1280
1281
1282
743
744
742
761
759
638
620
641
630
565
631
1525
1493
1509
1509
1379
1380
1380
749
703
703
741
672
634
639
637
637
642
631
664
663
532
1494
1494
1508
1509
1368
1377
1361
1427
1422
1422
700
700
694
673
670
636
637
647
646
646
667
665
666
1443
1483
1437
1436
1376
1428
1425
697
699
679
634
669
677
649
647
646
666
665
1443
2809
1437
1374
2669
1426
2665
1424
712
697
678
1889
678
1890
1896
1897
645
1807
2815
2810
2810
2806
2655
2667
2663
2664
2646
710
1876
1881
1890
1891
1897
1894
1795
1793
1794
1795
1803
1806
2794
2813
2814
2812
2807
2651
2652
2651
2659
2666
2662
2664
2647
1879
1879
1883
1886
1900
1894
1794
1798
1807
2795
2802
2777
2774
2661
2659
2633
2643
1828
1828
1860
1901
1903
1799
1783
1798
1777
1769
1773
1774
2783
2777
2774
2661
2636
2634
2635
2640
2639
1829
1866
1859
1863
1782
1777
1777
1767
2786
2786
2779
2779
2780
2564
2563
2565
2568
2637
2640
2640
1658
1628
1864
1781
1531
1530
1776
1774
2785
2698
2704
2705
2705
2715
2717
2562
2565
2559
2558
2558
2496
2496
1658
1656
1628
1634
1633
1529
1530
1531
1559
2701
2699
2699
2706
2707
2716
2557
2559
2568
2552
2516
1655
1661
1625
1625
1632
1529
1537
1556
1559
2683
2684
2681
2694
2708
2531
2534
2538
2537
2552
2549
2553
1661
1660
1637
1544
1543
1541
1556
1555
2684
2681
2683
2684
2680
2681
2693
2692
2693
2533
2534
2547
2549
2550
1659
1663
1664
1662
1664
1637
1636
1585
1542
1541
1551
1553
1553
1637
1201
1204
1234
1234
1231
1239
1236
1237
1324
1333
1333
1336
1334
1258
176
178
175
388
385
479
482
486
486
488
485
487
366
1201
1200
1233
1228
1226
1324
1332
1323
1326
1327
1333
1327
1255
177
392
392
392
482
478
485
483
552
1207
1207
1206
1214
1222
1322
1222
1314
1326
900
900
879
472
162
163
391
420
572
481
484
553
554
1500
1215
1208
1219
1218
1219
1317
1315
1313
879
882
879
161
460
422
421
166
568
572
572
563
552
554
1500
1518
1498
1512
1512
1513
1219
1082
1315
1083
1077
1277
1278
881
882
745
742
158
418
419
569
565
560
558
550
1501
1517
1495
1512
1515
1506
1076
1076
1078
1091
1057
741
702
742
150
640
638
640
564
566
558
551
551
1496
1497
1497
1505
1367
1361
1061
1061
1079
1057
702
703
672
673
639
643
641
664
657
663
1494
1485
1481
1480
1509
1505
1377
1061
1060
1058
703
709
700
670
670
637
652
652
651
664
661
1484
1433
1434
1374
1373
1377
1067
1066
1067
1060
711
711
709
706
677
636
653
654
655
652
1483
2816
1434
1433
1374
3023
1377
2655
1052
1067
1064
710
715
715
714
708
706
679
1889
1896
648
2088
667
2816
3018
2812
2807
2806
2653
2665
1063
2646
2646
1878
715
1882
1882
1873
1807
2085
2815
2814
2813
3016
2807
2774
2652
2655
2663
2645
1879
2648
1879
1882
1865
1872
1870
1873
1873
1869
1780
1795
1771
1771
1770
2813
2770
2774
2658
2657
2628
2648
2649
1885
1884
1867
1869
1870
1779
1771
1770
2782
2778
2778
2771
2769
2656
2657
2634
2627
2628
2631
2649
2649
1867
1864
1783
1789
1768
2783
2783
2714
2563
2570
2627
2630
1658
1656
1863
1630
1632
1782
1783
1785
1784
2702
2700
2705
2714
2716
2717
2562
2564
2571
2567
2568
2574
2575
1657
1651
1626
1633
1631
1634
1529
1532
1536
1538
1570
2702
2700
2675
2704
2718
2718
2715
2562
2562
2568
2552
2574
2577
1649
1655
1646
1550
1550
1549
1538
1537
1556
1535
2675
2675
2681
2688
2692
2532
2553
2543
2553
2576
1661
1661
1649
1642
1646
1640
1550
1543
1541
1574
1571
1556
2676
2677
2695
2696
2695
2693
2535
2532
2544
2546
2545
2551
1662
1667
1663
1637
1639
1544
1542
1541
1574
1573
2533
1240
906
1195
1194
1232
1238
828
1238
827
1333
1336
906
897
897
176
175
174
342
342
341
360
360
366
364
368
1201
1196
1198
1240
1197
1239
1222
1324
824
903
904
896
178
175
345
166
345
336
485
359
365
366
366
1203
1207
1214
1216
1221
830
1314
874
899
879
177
163
162
165
345
166
344
336
335
377
553
378
1216
1213
1215
1213
1222
1213
1317
1082
1084
873
148
148
157
345
336
571
1502
1499
1213
1031
1031
1082
1082
1085
1079
1089
882
149
151
151
157
159
569
559
560
560
557
1503
1503
1502
1495
1512
1030
1026
1075
1097
1078
1095
1077
1090
1091
154
149
160
160
158
642
252
556
560
1496
1493
1040
1506
1029
1055
1076
1096
1058
7
34
28
643
251
652
656
1482
1482
1480
1488
1504
1043
1017
1055
1061
1073
707
700
709
19
32
655
654
658
657
659
660
660
1484
1485
1481
1488
1374
1051
1067
1066
1070
708
709
705
38
39
653
658
661
659
3028
3019
3019
1434
3027
3022
3021
1051
2361
1065
1063
1064
1073
715
712
706
1992
40
1992
2096
2082
2080
2087
2085
2085
3017
3027
3015
3019
3031
3024
3025
3022
2655
2654
2362
2380
2646
2383
706
1878
2002
1991
1989
2097
2097
2088
2081
2087
2084
2088
3014
3017
3025
3024
2362
2359
2386
2004
1881
1989
1988
1872
2093
2069
2884
3015
2883
3016
2771
2774
2653
2359
2379
2386
2385
2649
1884
2000
1989
1865
1873
1984
1871
1780
2092
1779
1787
1771
2887
2884
2887
2770
2711
2569
2658
2353
2354
2631
1885
1866
2272
1867
1871
2286
1780
1786
1768
1767
2887
2711
2713
2714
2561
2476
2569
2352
2626
2356
2355
2631
2631
2630
1652
1650
2282
1631
1789
1789
1786
1785
2886
2713
2714
2720
2562
2471
2411
2571
2570
2573
2577
2574
2577
1652
1650
2285
1630
2284
1631
1535
1535
1534
2950
2701
2719
2531
2544
2574
2577
2576
1648
1649
1643
1643
1547
1547
1546
1536
1571
2957
2959
2690
2678
2689
2544
2421
2553
1668
1649
1646
1643
1550
1547
1546
1571
1568
2678
2677
2688
2689
2687
2696
2696
2398
2547
2546
1668
1670
1667
1666
1645
1644
1640
1639
1640
1548
1540
1564
1574
1567
2676
2543
1574
897
169
1195
1194
1197
822
826
828
824
886
825
905
906
905
897
169
170
175
349
350
351
360
369
363
360
369
1203
1195
1198
811
827
825
888
904
906
903
900
899
190
172
172
172
342
164
342
362
368
1203
1196
812
831
833
876
875
876
872
181
190
189
161
164
344
337
338
339
336
373
381
378
795
797
1216
831
831
830
1085
874
1085
876
872
181
147
148
148
166
157
259
339
375
374
374
375
377
1499
1216
789
1031
1034
1033
1026
1085
1083
1084
1093
1087
878
150
154
157
261
258
556
559
241
1503
1503
791
1027
1031
1028
1076
1097
1096
1088
1086
1089
153
7
153
159
28
259
260
254
252
248
557
1491
1487
1040
1043
1043
1028
1042
1055
1097
1095
1090
6
19
27
25
28
253
25
255
252
656
243
1491
1490
1491
1488
1022
1043
1018
1054
1055
1072
18
19
33
33
38
251
235
1491
1488
1022
1015
1019
1016
1052
1070
1073
19
14
15
39
32
37
43
237
236
3037
3028
3031
3021
1016
1016
1065
1069
1070
1073
1070
1125
713
16
40
1992
2099
2098
2082
2079
2081
2085
3018
3031
3031
3022
2361
2376
2378
2377
2382
2004
2002
1992
2100
2100
2096
2080
2072
3014
3011
3010
3025
2358
2362
2359
2379
2380
2384
2386
2382
2003
2001
2004
1989
2097
2097
2094
2067
2067
2070
2070
3012
3013
3013
3010
3012
2351
2351
2352
2359
2386
2386
2001
2001
1985
1986
2092
2061
2061
2069
2884
2883
2475
2475
2474
2353
2354
2355
2302
2302
2273
2281
2287
1986
2117
2060
2123
2061
1784
2061
2877
2887
2886
2881
2711
2711
2472
2476
2356
2301
2302
2301
1651
2299
2271
2273
2282
2285
2281
2117
2116
2117
2117
2122
2110
2949
2950
2932
2710
2474
2414
2412
2299
2222
2270
2270
2282
2112
2115
1535
2105
1570
2958
2950
2931
2719
2720
2413
2422
2422
2411
2417
2433
2298
2225
2222
1642
2285
2285
2137
2138
2102
1566
2105
2956
2959
2954
2687
2690
2395
2927
2395
2395
2421
2419
2417
2224
1667
1646
2223
2240
2226
2136
2136
2139
1547
1568
1568
2955
2955
2686
2687
2687
2397
2396
2397
2394
2394
2392
2545
2391
1669
1669
1670
1667
2226
2238
2239
2239
2141
2139
2140
1565
2140
1564
1565
1567
1566
1568
168
363
818
818
819
822
822
826
887
886
885
894
892
903
169
170
349
347
346
348
348
356
363
362
367
300
367
813
815
813
834
834
888
884
903
898
891
190
188
189
171
350
351
354
357
357
381
380
381
795
812
816
811
814
834
833
876
875
181
180
190
184
186
185
187
156
354
354
370
380
381
796
789
798
797
779
778
1033
780
861
861
873
181
182
145
338
337
258
258
372
373
378
796
790
792
792
788
789
1034
1037
1037
1094
1088
867
145
144
145
106
100
100
261
258
240
239
238
790
791
1040
1040
1045
1046
1034
1027
1037
1094
1093
1143
1142
1087
1123
7
28
24
261
260
249
249
243
242
243
974
974
1042
1049
1048
1053
1094
1053
1145
1141
1124
7
22
10
4
34
25
30
255
246
248
234
233
975
977
1039
1025
1017
1019
1007
1133
1131
1124
22
21
22
31
43
45
46
44
253
237
237
235
231
977
976
1022
1018
1133
1132
1125
1131
1127
16
15
13
37
36
46
43
46
43
236
237
228
228
3037
3033
3053
1021
1015
1012
1126
1126
14
12
37
2099
2079
2078
2079
2073
3036
3037
3040
3037
3052
3052
2998
2362
2342
2344
2377
2377
2376
1941
2383
1941
1996
1990
1990
2098
2091
2093
2076
2075
2073
3039
3040
3039
3041
3041
3009
3030
2998
2350
2343
2378
2384
2371
1940
2004
1998
1982
1983
2090
2094
2066
2067
2075
3040
3040
3011
3010
3004
2347
2350
2349
2372
2370
2370
2000
2001
1994
1985
1995
1984
2091
2054
2053
2067
2062
2070
2878
2880
2878
2879
2879
3010
3004
2479
2350
2308
2293
2293
2295
2296
2294
2296
1936
2271
2276
2288
2288
2057
2064
2877
2880
2932
2473
2932
2473
2478
2480
2477
2302
2293
2294
2269
2272
2270
2289
2287
2286
2289
2114
2120
2123
2120
2119
2111
2953
2935
2935
2472
2482
2481
2416
2413
2415
2424
2432
2299
2221
2270
2278
2284
2112
2122
2111
2103
2105
2949
2953
2953
2933
2931
2929
2928
2481
2412
2415
2418
2432
2434
2431
2224
2222
2242
2236
2147
2125
2102
2102
2105
2958
2959
2952
2925
2927
2928
2929
2388
2418
2419
2434
2433
2225
2223
2227
2240
2138
2137
2127
2128
2129
2129
2956
2943
2954
2943
2917
2914
2398
2396
2392
2392
2392
2391
2229
2228
2228
2238
2141
2143
2144
2144
2127
2132
2131
845
846
819
819
821
825
885
884
893
891
169
141
125
346
347
355
363
301
303
794
846
816
814
822
922
924
887
885
894
890
891
187
186
126
332
355
356
371
300
299
795
798
815
780
834
923
861
921
859
868
183
183
185
97
353
354
370
371
300
309
795
779
864
861
869
184
182
103
100
99
275
279
279
372
239
280
238
308
810
810
810
789
806
778
953
863
864
867
104
105
102
100
100
261
278
278
281
249
240
809
808
1046
1045
1037
1047
1144
1144
1142
145
1141
10
105
4
1
26
254
213
243
973
974
971
1044
1048
1047
1007
1145
1138
1143
1142
1123
9
10
1
3
3
31
31
25
246
246
222
233
974
971
968
967
1025
1049
1007
1133
1133
9
22
30
46
56
246
44
223
230
222
234
977
977
1022
1025
1025
1006
1007
1006
1013
1130
1127
11
13
45
223
222
229
230
3034
3034
3055
3054
3053
2997
1013
1012
1130
1129
1941
12
1996
37
2077
2079
2072
227
2076
228
3033
3054
3055
3052
2998
2343
2366
2365
2365
1941
1951
1997
1981
2028
2090
2074
2076
3043
3051
3052
3006
3000
3001
2344
2342
2371
2364
2374
1944
1997
1998
1993
1983
2091
2055
2053
2076
2075
3043
3042
3007
3004
3004
2347
2350
2373
2371
2295
1944
1938
1995
1993
1982
1959
2055
2058
2063
2068
2878
2897
2897
2346
2307
2311
1937
2276
1994
1934
2291
2058
2062
2057
2063
2881
2899
2478
2903
2479
2477
2308
2414
2307
2275
2276
2279
2291
2290
2291
2113
2113
2120
2120
2111
2953
2934
2933
2935
2926
2482
2480
2428
2425
2299
2276
2277
2253
2279
2114
2108
2110
2108
2111
2941
2953
2935
2926
2926
2463
2470
2416
2427
2430
2429
2429
2204
2199
2201
2222
2237
2277
2237
2147
2125
2107
2104
2944
2944
2925
2917
2913
2914
2916
2464
2462
2464
2389
2409
2430
2409
2431
2229
2200
2227
2242
2233
2235
2235
2237
2147
2126
2126
2124
2132
2131
2944
2947
2946
2917
2917
2462
2389
2388
2409
2410
2230
2231
2231
2230
2243
2236
2143
2146
2144
2128
2132
2410
142
837
844
845
844
843
851
850
928
924
908
909
892
140
142
127
127
126
125
330
330
330
295
302
302
303
842
856
858
857
924
923
924
893
915
918
891
140
128
130
331
321
306
306
300
801
801
842
858
775
858
858
930
921
870
870
121
129
129
97
327
333
305
309
307
308
800
801
801
807
776
777
920
954
921
860
936
870
866
870
115
114
115
96
97
97
276
333
276
282
281
306
309
805
810
807
776
993
954
869
867
867
104
101
102
101
275
279
285
282
280
213
284
198
198
969
982
1044
993
1036
1139
1137
863
1134
106
10
75
103
78
4
55
272
279
210
213
213
970
969
970
1024
980
980
992
1137
1135
71
71
73
4
88
54
58
58
273
245
224
212
212
971
967
971
1024
979
1003
1003
1138
1139
1136
1134
1
72
84
88
88
58
66
225
225
225
222
231
3046
3045
1011
1004
1010
1130
1114
1113
1115
1112
11
90
55
70
67
67
219
228
3046
3052
2983
1009
1008
1009
1011
2367
1130
2365
1115
1949
1111
1114
1953
1952
1952
68
1965
69
2028
2027
2026
2024
2006
229
3048
3045
2998
1008
2340
2368
2365
1951
1956
1968
1968
1965
2027
2028
2025
2007
3043
3049
3005
3005
3007
2999
2999
3001
3000
2339
2341
2341
2339
2340
2373
1944
1954
1964
1967
1962
1959
2036
2025
2015
2014
3043
2895
2988
2987
3006
3003
2347
2347
2372
2374
1944
1935
1936
1962
1958
1962
1959
2037
2054
2016
2014
2895
2896
2898
3003
2338
2308
2338
2305
2311
1938
1959
2052
2049
2064
2016
2047
2896
2872
2872
2898
2899
2899
2904
2465
2466
2337
2305
2305
2305
2314
2310
2311
2311
2247
2249
2248
2255
2291
2052
2048
2052
2159
2872
2896
2910
2903
2467
2469
2469
2456
2428
2428
2313
2310
2204
2248
2254
2278
2190
2194
2108
2159
2159
2941
2871
2923
2922
2921
2470
2428
2427
2425
2424
2205
2203
2201
2255
2232
2254
2253
2192
2186
2191
2108
2193
2150
2156
2945
2947
2921
2913
2922
2460
2463
2407
2425
2198
2201
2234
2243
2234
2147
2186
2161
2135
2135
2156
2947
2947
2946
2938
2914
2461
2461
2459
2407
2407
2410
2410
2199
2213
2213
2233
2185
2147
2185
2126
2134
2135
2135
2915
852
136
843
843
852
851
912
907
909
911
917
916
141
139
139
120
135
329
330
320
295
297
296
837
843
837
838
855
929
927
929
930
907
908
918
139
121
120
130
333
330
315
306
301
289
803
804
770
775
857
854
926
927
921
915
915
938
121
130
327
327
333
332
290
309
804
771
783
952
950
950
936
939
118
115
111
276
283
284
288
288
804
805
806
783
777
782
953
951
951
936
118
115
112
51
269
198
959
981
983
983
994
995
992
934
74
76
76
52
273
273
285
210
209
197
959
959
957
982
980
1000
995
992
991
1136
1135
74
52
58
272
224
207
205
206
957
968
980
1000
1107
1109
1112
1121
72
73
88
85
88
55
91
57
57
225
219
204
204
206
204
956
3047
2974
987
1004
1117
1113
1111
1112
1121
85
94
84
69
70
67
63
216
216
3047
3046
2983
1004
1010
1118
1950
1953
1968
68
66
67
2021
218
2007
3049
2962
2982
2981
2983
2368
2367
1950
1949
1946
1956
1955
1956
1965
2028
2025
2020
2020
2024
2013
2007
3048
2968
2989
2986
2986
2322
2323
2366
1922
1924
1954
1968
1978
1965
2039
2038
2013
2013
2968
2968
2988
2985
2989
2992
2336
2323
2323
2320
1943
1933
1935
1933
1962
1971
2040
2037
2036
2012
2047
2015
2890
2889
2987
2994
2334
2338
2338
2331
2312
1937
2260
1934
1961
1971
2037
2049
2045
2872
2888
2907
2907
2905
2465
2467
2334
2328
2332
2313
2312
2314
2261
2261
2246
2249
2246
2251
2195
2052
2050
2048
2157
2043
2159
2874
2911
2909
2905
2466
2457
2458
2456
2206
2261
2204
2247
2250
2252
2190
2195
2153
2158
2158
2911
2941
2875
2911
2444
2446
2442
2445
2458
2452
2453
2204
2207
2255
2209
2252
2191
2150
2150
2155
2156
2941
2945
2923
2920
2446
2445
2451
2452
2408
2207
2217
2200
2212
2192
2186
2189
2165
2161
2160
2937
2938
2920
2461
2460
2439
2404
2407
2403
2401
2403
2401
2198
2216
2176
2175
2177
2189
2164
2165
2162
2211
911
840
849
138
139
133
133
136
136
313
311
312
314
321
296
297
837
855
850
928
854
914
917
918
133
122
326
312
317
318
290
291
839
838
855
774
926
927
940
939
942
123
124
327
318
318
287
803
768
804
770
772
945
946
951
939
939
114
324
270
283
291
767
771
769
783
786
952
951
936
938
118
112
270
51
270
264
201
198
958
965
981
783
994
947
1106
933
935
79
273
264
269
210
210
959
965
964
988
989
997
998
992
1108
1106
1105
75
79
78
49
271
207
205
963
962
1001
1001
1107
1108
82
89
89
54
64
203
956
989
1001
999
1117
1120
1121
94
91
62
62
219
219
204
2964
2961
2983
2978
2979
2317
2316
1121
93
94
1947
90
60
2019
63
2021
216
2964
2962
2961
2978
2322
2325
2317
1950
1950
1947
1979
1977
1980
1976
2022
2006
2010
2963
2965
2992
2326
2320
1923
1929
1956
1980
1980
1970
2019
2013
2009
2893
2967
2968
2969
2971
2969
2986
2992
2995
1921
1926
1923
1914
1928
1973
1971
2040
2038
2046
2889
2890
2901
2995
2995
2335
2332
2331
1926
1925
1914
2257
1914
1918
2039
2029
2046
2043
2046
2908
2908
2904
2994
2332
2261
2266
2258
2245
2246
1971
2182
2034
2051
2042
2043
2873
2910
2443
2457
2304
2455
2265
2261
2246
2250
2183
2194
2151
2152
2875
2869
2909
2444
2442
2452
2449
2454
2454
2206
2205
2210
2183
2193
2149
2150
2153
2156
2940
2446
2440
2451
2452
2453
2216
2219
2210
2213
2174
2188
2171
2170
2164
2171
2937
2919
2920
2438
2404
2401
2215
2216
2213
2177
2176
2188
2163
2163
2162
2402
840
849
912
914
320
294
836
916
312
318
772
774
945
946
323
948
941
117
111
287
288
768
986
948
118
266
266
200
785
116
112
201
200
963
961
998
1106
82
49
49
264
195
988
987
1001
1100
1109
1103
82
92
48
193
194
2974
961
2980
1118
1103
61
2973
2980
1119
60
2008
215
2964
2977
2324
2320
1946
1980
1977
1980
2970
2986
2992
2326
2325
2320
1922
1929
1974
2030
2892
1920
1917
1916
1920
1974
2031
2031
2009
2902
2327
2332
1926
2029
2046
2901
2335
2328
2258
1919
1918
2043
2867
2902
2443
2258
2257
2251
2034
2152
2874
2866
2446
2449
2265
2219
2209
2179
2170
2151
2867
2449
2401
2219
2174
2189
2920
2449
2174
2171
839
122
315
313
124
771
786
945
265
79
47
263
965
986
1100
997
195
1118
215
2022
2981
2019
2970
2965
2319
1932
1976
1921
1973
2995
2046
2033
2888
2330
2182
2180
2174
2168
2439
2400
136
319
135
315
766
944
289
123
199
933
785
947
264
986
87
61
64
2979
2316
1929
2008
2971
2991
2030
2033
2873
2266
1919
2335
2267
2168
2329
2218
2219
2437
2455
2219
2180
2189
2160
849
311
940
323
324
317
767
116
1106
199
986
49
192
962
1099
1119
1102
94
1103
2317
1928
1917
1926
2264
2908
2264
2440
2180
2168
2440
2211
2175
848
931
941
131
319
945
942
786
191
965
998
82
193
61
2974
2974
1103
1977
2019
2010
2965
2324
1930
2892
2993
2327
2893
2902
2329
2032
2436
2866
2866
2404
2216
2173
848
931
1912
1912
294
773
773
267
1911
765
109
109
192
1100
985
1100
2976
194
2976
1932
2977
2977
1932
2018
1930
1972
1917
1916
267
2267
2032
2167
2262
2869
2868
2436
2179
2168
2437
2448
584
1381
1912
108
294
294
1911
1911
765
108
765
2514
1883
2514
1304
81
1895
2196
585
1305
2181
2121
1306
2512
2868
2512
1265
2181
1306
