1264
579
203
185
194
194
587
587
579
533
191
190
590
542
540
540
551
552
552
214
181
181
575
576
576
545
214
192
191
189
189
583
576
547
213
251
249
249
573
573
572
511
511
547
257
252
250
248
573
612
511
258
252
268
248
629
630
630
631
612
508
508
508
506
263
258
263
270
270
629
624
500
504
294
291
263
262
262
269
622
502
502
499
500
504
292
291
885
632
639
622
980
887
886
885
640
639
638
980
1098
886
882
881
640
1088
883
873
881
881
664
665
665
971
1086
1086
1096
876
873
873
668
1043
1043
977
1086
1097
1097
1105
1096
877
875
871
685
688
690
1041
1062
1062
1087
1105
1105
877
877
685
1042
1047
923
924
683
673
678
1062
1046
1046
1047
1047
1053
1053
917
917
925
925
675
680
1053
915
925
925
672
672
674
674
680
1031
1058
1052
1052
1051
1055
206
206
206
203
205
203
185
185
186
186
194
194
187
187
587
589
590
581
579
581
540
542
539
534
534
533
551
205
202
203
185
180
179
186
188
187
587
590
591
591
579
581
579
542
534
551
551
552
204
212
214
214
181
192
192
191
191
190
191
591
582
591
590
591
576
575
540
535
545
546
552
552
212
213
216
215
179
193
192
191
189
582
583
583
573
576
512
542
545
546
547
213
213
216
216
216
216
251
251
249
249
247
582
248
583
572
511
511
546
546
547
276
277
256
251
258
252
249
249
250
629
618
618
618
612
613
572
512
511
509
506
547
507
507
276
277
277
257
257
256
258
268
248
629
630
630
631
613
613
510
510
501
509
506
506
506
276
294
294
265
259
258
270
269
268
628
630
631
631
501
502
501
496
508
497
504
292
292
294
263
264
264
262
262
270
270
269
628
628
622
625
622
625
502
499
500
498
497
497
503
503
292
292
264
262
632
269
633
639
639
638
980
625
498
498
499
499
499
973
495
504
1098
884
884
886
886
882
885
882
880
647
633
633
634
640
640
980
981
980
980
981
974
973
972
974
973
973
1100
1099
884
883
886
887
880
882
632
633
665
665
662
978
978
978
977
971
971
972
971
1088
1100
1100
1099
883
887
874
882
881
668
668
664
665
661
978
977
971
970
1088
1088
1090
1090
1100
1096
876
873
872
872
670
668
664
664
661
662
661
977
970
1087
1086
1087
1097
1104
1097
876
876
875
871
870
869
872
872
685
685
688
690
1043
1043
1044
1061
1092
1105
877
877
875
923
871
685
683
682
689
689
690
1042
1041
1042
1062
1061
1061
1046
1047
1050
1102
1105
1102
910
917
911
924
924
923
683
682
682
689
678
690
690
1042
1042
1063
1063
1063
1047
1102
1102
917
915
924
924
924
927
672
675
674
673
680
1031
1063
1058
1060
1052
1046
1051
1050
1053
1054
917
916
915
926
913
927
927
927
671
675
675
680
680
1058
1059
1052
1051
1054
1055
1054
1054
1055
915
184
539
206
206
203
184
185
186
195
195
187
588
588
566
589
589
580
581
538
539
534
533
549
549
206
204
204
205
202
180
180
181
182
186
196
195
196
188
188
588
589
591
580
581
538
541
537
550
548
548
204
207
202
181
180
179
193
196
188
585
585
586
585
586
584
584
575
574
542
541
544
552
550
212
207
208
208
208
215
179
191
190
585
582
584
575
574
535
545
535
544
550
543
213
213
216
215
279
215
253
254
254
254
250
247
618
618
614
572
510
512
512
544
543
547
282
277
257
253
254
252
254
250
246
617
617
613
510
509
506
507
282
282
259
259
268
266
627
630
616
616
616
501
493
509
509
276
293
295
280
265
265
257
265
260
260
260
627
627
624
624
616
626
501
500
496
493
496
496
505
503
291
295
295
264
265
261
260
261
269
267
267
628
628
623
623
625
626
626
626
494
497
497
495
295
885
264
647
632
267
638
637
623
625
981
625
498
1014
495
1013
889
889
886
880
646
647
646
635
636
638
983
981
979
979
974
976
976
973
1014
1014
1099
884
884
889
887
882
880
647
634
640
636
986
985
979
974
970
972
973
1089
1099
1098
883
892
892
874
873
878
872
879
879
669
670
663
662
986
984
970
970
1086
1094
1090
1100
1089
874
874
870
872
670
664
663
661
984
984
1045
1044
1092
1090
1104
1096
875
869
869
669
670
684
670
663
686
1045
1045
1044
1092
1092
1090
1091
1104
897
910
890
911
870
921
684
684
684
688
688
689
690
1041
687
1045
1045
1064
1061
1091
1091
1104
1104
910
911
911
920
921
921
921
681
684
681
687
679
1042
1032
1065
1065
1050
1050
1101
1101
1101
912
914
921
672
675
673
679
679
1031
1032
1063
1033
1065
1060
1049
1049
1054
916
916
916
914
914
913
926
913
926
927
927
671
671
675
674
679
680
1034
1058
1033
1060
1059
1060
1059
1051
1048
1049
1055
1055
1059
1048
1048
200
184
539
205
201
200
200
202
184
184
182
182
196
170
170
566
565
564
564
580
580
538
539
536
536
536
549
536
549
549
199
200
183
197
182
195
168
168
565
588
565
565
564
580
538
537
537
548
198
198
197
198
197
177
180
193
196
196
167
585
586
584
578
577
541
541
537
521
537
537
550
548
207
211
211
209
209
177
177
193
193
247
247
585
586
578
577
574
574
520
535
544
544
543
207
208
279
253
254
255
246
243
621
578
619
488
488
544
513
513
529
285
283
279
279
253
255
239
246
621
621
617
614
614
615
616
614
489
489
491
491
507
282
282
278
284
279
280
259
240
239
239
239
246
620
617
620
615
489
489
492
505
293
293
281
295
259
260
275
266
267
627
266
623
624
615
596
616
477
493
496
495
505
505
293
295
293
286
265
261
261
275
274
266
267
603
623
593
596
501
494
494
495
503
290
290
290
286
288
649
650
635
635
637
637
592
593
592
593
975
976
494
1015
1013
1013
1012
888
889
878
878
650
634
635
636
637
637
983
983
979
975
975
976
1015
1014
1013
1014
1098
888
892
878
879
646
646
634
636
986
986
986
985
982
975
968
976
967
1009
1009
1009
1018
892
891
879
641
670
666
666
663
986
662
986
957
985
985
969
969
968
1094
1011
1011
1100
890
874
894
869
879
669
667
667
652
964
984
969
1094
1094
1089
1089
1103
890
897
893
897
870
710
669
667
686
652
686
652
964
1045
1044
1036
1095
1095
1091
1103
1103
910
897
911
920
919
920
919
710
710
702
681
686
687
1040
1040
1036
1092
1078
1103
911
920
922
922
922
918
710
678
687
676
1031
1032
1027
1065
1064
1064
1050
1101
908
912
914
922
922
709
681
681
678
676
679
1032
1032
1030
1065
1065
1049
1064
1074
1073
908
909
914
913
926
708
671
708
673
677
1034
1033
1034
1033
1059
1059
1056
1056
1056
1056
1048
1073
1073
1073
926
1066
201
201
201
200
221
183
183
182
162
170
170
566
566
565
564
571
569
569
569
538
524
536
526
526
530
199
201
197
219
220
178
162
171
170
168
167
167
563
565
571
570
571
570
577
522
526
532
532
199
199
197
234
178
178
166
166
168
168
563
563
571
577
560
571
522
521
521
514
531
531
532
211
210
211
209
177
178
166
243
555
560
560
561
520
521
513
531
528
285
285
211
283
209
302
302
255
255
242
243
242
244
584
578
578
559
559
520
559
520
515
515
513
529
529
284
284
285
284
283
280
280
238
238
237
243
245
621
619
620
619
614
599
488
476
488
492
491
483
484
281
284
283
280
301
240
240
239
241
621
602
621
620
600
615
599
598
477
492
476
492
483
281
287
286
240
240
275
275
602
598
598
477
492
491
485
289
289
288
287
287
273
275
274
271
271
602
592
592
595
596
596
478
478
485
485
485
290
290
288
286
649
650
274
272
272
272
603
593
595
595
595
951
951
478
1015
479
478
486
1012
899
902
902
900
650
650
650
643
635
636
959
958
983
948
983
950
951
976
1015
1015
1013
1018
890
902
900
907
649
641
641
645
645
643
958
983
982
967
1007
1009
1010
1010
1008
1008
1018
891
891
891
894
906
906
906
641
641
641
666
658
957
985
964
968
968
1009
1010
1011
1020
1019
1018
897
894
891
894
906
669
667
667
658
652
653
653
957
965
964
968
1095
1095
1011
1095
1011
1019
1020
897
893
919
651
653
655
1040
966
1036
1038
1037
1037
1095
1093
1083
1071
1103
1071
945
945
945
912
919
919
702
699
651
651
652
655
1039
1040
1039
1038
1036
1037
1093
1083
1072
1072
1072
944
912
945
909
918
709
710
700
700
687
1039
1028
1027
1030
1064
1078
1083
1074
1075
1074
1072
944
909
937
922
928
709
709
708
677
677
676
1035
1034
1028
1027
1057
1078
1074
1074
1074
908
908
909
929
929
929
709
708
677
692
677
677
1035
1034
1030
1057
1057
1080
1066
1066
929
221
530
223
223
220
220
221
159
159
171
169
169
171
171
173
173
173
563
562
562
570
524
524
523
527
526
526
527
530
229
229
220
221
217
162
158
162
169
554
562
553
571
570
570
569
524
523
527
532
532
229
231
219
218
218
163
163
166
166
164
171
167
554
560
561
522
522
521
522
514
531
210
235
236
235
236
234
236
234
163
164
166
165
165
243
244
555
555
561
557
557
519
517
517
514
210
210
210
235
236
305
238
245
244
555
560
561
559
519
515
516
517
528
529
306
302
304
301
238
238
245
245
245
606
606
606
619
601
559
519
475
515
516
490
284
307
306
301
237
241
241
602
605
605
601
600
599
475
477
476
475
490
490
484
483
281
311
287
299
301
296
237
273
271
271
600
605
603
600
600
477
477
482
480
486
487
483
487
289
311
287
298
297
274
272
603
594
594
598
597
595
479
479
486
486
487
289
901
288
297
648
273
648
274
609
611
594
949
595
949
951
1016
486
1017
901
902
902
900
648
644
644
645
643
610
959
948
948
949
951
1016
1016
1016
1016
1016
1013
1018
899
898
902
900
907
907
905
649
642
644
644
645
658
959
958
958
949
950
950
1008
1008
1017
898
891
894
907
642
642
660
660
957
965
965
967
968
1007
1010
1010
1021
1021
1020
1020
896
906
906
642
667
657
660
653
659
966
966
966
963
1093
1019
1019
1020
896
896
893
894
904
702
703
703
651
656
655
654
655
1038
1093
1081
1085
1085
1023
1071
943
943
946
946
946
941
941
705
703
701
702
702
700
655
1039
1039
1038
1037
1081
1083
1085
1072
1072
943
944
945
946
942
942
701
702
699
700
700
1039
1186
1027
1028
1078
1083
1085
1075
1075
936
944
937
935
928
707
706
698
699
700
691
693
693
1028
1029
1079
1080
1080
1069
1075
934
936
937
936
937
937
929
929
928
706
707
691
692
693
693
1035
1185
1035
1035
1029
1029
1057
1080
1067
1067
1067
1066
1029
223
223
219
220
221
224
217
217
159
176
176
176
173
173
568
568
568
567
524
524
437
527
527
527
525
525
432
231
229
219
217
218
159
158
158
176
175
176
175
173
554
567
567
441
440
437
525
431
431
231
231
235
228
218
163
218
165
175
115
556
556
554
553
553
557
518
442
523
525
530
430
230
231
235
234
233
233
165
165
165
115
115
556
556
558
561
519
557
518
518
517
514
528
430
309
235
308
303
304
304
233
163
242
156
157
244
244
150
150
556
561
558
558
519
516
516
428
428
528
309
308
307
303
304
305
305
154
242
149
149
606
322
601
323
558
599
474
516
516
484
484
427
307
306
306
304
301
237
154
154
148
149
605
606
601
601
474
475
475
490
417
484
311
311
314
300
299
299
296
123
148
148
605
604
604
597
597
481
480
482
480
487
417
312
312
299
296
297
273
125
125
127
125
608
610
607
611
597
480
479
481
482
482
312
901
298
298
297
848
297
727
124
126
125
609
610
610
611
611
611
594
954
996
479
997
487
899
843
901
905
905
729
648
127
643
960
959
611
952
953
954
1017
997
899
898
898
843
903
905
729
728
645
724
961
960
960
948
953
950
996
995
995
995
994
1008
1021
1017
1021
895
903
904
719
725
658
660
961
961
958
963
962
995
1023
1026
1021
895
895
904
904
904
719
719
656
656
660
659
659
961
965
962
1023
1022
1025
896
895
939
703
704
657
654
966
966
962
1153
1078
1082
1082
1025
1025
943
947
946
941
938
942
705
705
704
698
698
697
654
654
1218
1188
1030
1153
1081
1082
1085
1084
1085
1068
944
947
947
946
941
942
941
707
705
701
698
697
696
1187
1188
1188
1079
1077
1076
1084
1069
1070
1084
934
936
937
935
928
707
695
691
699
695
1186
1186
1186
1190
1190
1079
1079
1080
1069
1070
1070
1070
934
934
930
930
931
930
706
707
691
691
695
695
1185
1185
1185
1190
1029
1079
1076
1069
1070
1067
706
224
174
222
225
226
224
160
161
160
176
174
174
172
562
568
568
567
438
438
438
437
434
433
432
432
230
225
225
226
225
226
161
161
161
175
175
116
332
332
441
441
442
440
434
434
433
433
433
230
231
230
228
226
105
164
115
116
117
333
334
333
334
442
443
442
440
440
431
431
430
227
232
228
233
233
233
164
156
156
117
333
333
320
442
439
427
310
310
232
305
30
48
157
157
157
152
150
323
323
324
320
385
518
428
427
427
426
309
310
309
308
303
304
47
157
153
154
152
157
152
150
324
323
385
386
385
475
423
414
428
307
309
303
300
45
46
154
148
149
322
380
386
474
420
482
417
314
314
314
300
299
45
46
123
123
118
607
604
604
381
386
481
482
417
416
418
417
418
315
312
313
300
297
124
123
126
127
608
607
607
391
391
481
416
418
418
312
834
313
298
847
848
848
124
727
126
126
127
127
608
609
611
954
390
954
988
988
1000
1000
1000
997
843
841
841
841
847
848
848
848
729
728
728
724
724
1263
611
960
952
954
955
996
996
1000
987
1001
998
997
843
843
847
848
729
728
724
952
953
955
955
955
994
1003
842
842
842
842
903
844
729
725
725
714
714
960
960
1260
955
953
995
993
995
994
994
994
1026
1026
790
791
791
903
791
719
719
719
719
659
1259
963
1216
963
962
993
992
1026
1025
1026
790
791
939
939
938
717
704
717
656
711
711
657
657
1218
1218
1218
1152
1153
1022
1022
1022
1024
790
940
939
940
705
938
788
704
704
697
696
697
654
1217
1218
1188
1153
1154
1154
1082
1082
1068
795
947
942
789
788
697
696
696
1187
1188
1188
1154
1077
1077
1077
1084
1068
795
795
940
934
935
788
771
695
694
1187
1190
1145
1145
1147
1076
1070
1160
933
933
935
931
932
931
930
786
787
787
694
694
1193
1189
1193
1189
1145
1189
1145
1148
1161
1161
1161
1160
933
787
1160
108
330
222
222
225
224
160
106
106
174
106
174
172
109
108
331
331
331
436
436
438
434
432
435
434
432
227
222
225
35
161
107
107
109
109
109
116
108
329
334
332
332
443
443
437
435
433
227
227
34
34
30
113
113
113
117
328
328
334
333
334
443
439
443
439
439
453
429
430
13
13
228
33
30
30
155
113
155
113
117
117
321
321
324
320
443
451
453
452
453
453
425
430
310
228
11
31
31
30
48
156
156
155
155
151
151
323
324
320
419
419
428
428
426
310
310
11
47
47
48
48
153
153
152
144
152
324
322
324
388
385
420
420
420
422
414
426
315
314
51
45
44
47
46
46
142
141
144
322
380
386
388
388
387
387
422
414
417
426
315
315
315
300
53
45
43
43
142
143
381
381
380
387
391
416
416
315
315
53
53
42
42
124
119
608
384
383
383
391
381
391
393
409
411
834
313
846
846
42
42
124
119
126
118
119
118
608
383
382
956
989
988
988
1000
988
998
834
841
847
848
727
727
723
723
1263
1262
956
956
989
991
987
1001
1001
838
839
839
844
726
726
726
723
723
1261
1263
1262
1262
1260
952
956
993
987
990
1003
1003
1003
998
838
840
840
840
840
844
845
716
725
722
1262
1260
1260
1251
955
993
1002
1002
1003
793
840
844
717
717
715
715
712
714
1259
1259
1110
1113
1110
992
1024
1022
1002
1024
1024
792
790
792
790
791
804
804
780
711
711
712
712
1218
1214
1216
1216
1113
1152
1152
992
1110
1154
1157
1158
1158
795
794
808
808
780
783
783
776
1217
1217
1217
1222
1151
1151
1084
1156
1068
795
794
794
940
802
782
789
788
783
775
776
776
1214
1191
1190
1154
1154
1150
1151
1156
1164
1156
797
797
797
932
931
789
802
789
785
788
771
774
776
1193
1192
1192
1189
1192
1146
1154
1147
1163
1161
1164
933
796
932
932
932
786
786
785
787
788
771
694
774
694
774
1193
1193
1193
1189
1145
1194
1148
1147
1148
1163
1148
1161
1162
1160
1164
1162
330
435
16
38
36
35
36
107
107
106
110
112
112
108
330
331
436
448
448
448
448
447
435
435
471
472
471
38
38
35
35
107
107
110
109
329
112
329
329
327
352
436
438
446
445
452
471
433
471
16
38
37
34
34
30
105
114
114
328
329
329
328
329
325
327
321
444
445
452
430
467
13
11
13
37
32
33
33
32
105
113
117
326
325
321
444
452
453
451
453
429
425
13
9
12
12
31
11
33
33
29
140
153
151
151
316
319
316
317
317
419
423
423
425
425
9
9
44
51
31
44
48
48
39
140
141
141
145
151
145
144
389
388
388
420
422
422
424
415
424
55
51
44
40
40
41
141
142
141
143
143
144
381
376
379
377
387
389
388
422
414
410
415
55
54
52
52
43
43
41
142
143
120
384
380
382
377
392
392
394
394
394
410
410
411
411
54
52
53
42
142
121
118
119
384
383
384
382
375
392
393
392
393
393
410
409
412
412
835
835
833
53
42
59
120
1263
383
383
390
991
988
1001
999
1001
835
835
837
834
830
830
829
726
720
720
723
720
723
1244
1263
1247
1248
1248
989
991
991
990
1005
1004
998
837
838
838
837
830
839
846
845
721
720
722
722
1263
1263
1248
1247
1251
989
990
990
1006
1005
1004
838
838
839
845
845
716
716
721
722
1261
1262
1260
1246
1253
1251
1253
1110
1111
1002
1006
1005
1006
1005
793
792
793
793
805
845
851
716
715
714
714
1261
1256
1258
1259
1257
1256
1251
1222
1113
1114
1118
1117
792
807
808
804
807
804
781
780
781
712
714
1257
1214
1216
1222
1222
1113
1113
1114
1114
1157
1158
1158
1158
1155
794
806
808
804
780
784
784
784
775
777
776
1214
1215
1221
1219
1154
1151
1157
1159
1155
1155
798
798
798
806
808
803
803
782
784
783
778
775
778
776
1202
1217
1196
1196
1151
1147
1156
1159
1164
798
798
799
799
802
803
802
785
771
774
778
774
1191
1203
1194
1196
1150
1149
1163
1167
1163
1164
796
796
797
799
800
802
786
785
770
770
774
772
1191
1192
1194
1194
1148
1146
1149
1149
1148
1164
1162
16
26
36
38
28
106
102
101
112
112
330
348
352
446
448
447
447
473
473
18
16
37
36
28
103
104
104
102
110
112
111
327
327
354
446
448
445
450
473
472
18
37
37
32
29
104
104
104
114
114
326
326
325
344
343
444
452
450
472
467
17
32
97
97
94
326
326
318
317
344
344
451
449
450
425
400
425
467
10
12
10
12
12
32
29
97
97
94
319
319
318
317
344
419
361
421
449
423
414
9
10
40
40
39
39
97
140
139
145
147
146
316
378
316
389
421
399
424
55
58
57
50
40
40
41
140
139
139
138
145
146
147
378
378
378
379
379
389
394
422
401
401
55
57
56
51
49
41
49
138
138
120
377
375
394
363
415
393
405
413
410
411
54
54
52
49
52
61
62
59
60
121
122
375
375
392
410
409
413
413
831
831
833
832
833
829
59
59
121
121
1244
382
1248
390
991
999
1001
412
999
412
833
833
833
832
850
720
744
742
1255
1244
1245
1247
1250
1135
991
1127
1004
836
832
830
853
850
849
720
721
722
742
1254
1246
1247
1247
1253
1111
1139
1006
1006
1005
1004
837
836
853
851
851
721
715
1258
1258
1257
1256
1252
1253
1253
1111
1111
1111
1118
1006
1131
814
814
805
716
730
1257
1257
1223
1253
1252
1252
1112
1118
1118
1117
818
815
851
811
781
781
730
783
765
1223
1223
1223
1114
1114
1114
1112
1115
1159
1116
1117
818
817
807
807
807
781
784
777
779
1215
1223
1222
1219
1150
1115
1159
1159
1172
1155
820
806
806
803
803
750
784
784
778
779
778
1215
1215
1202
1203
1219
1196
1220
1198
1183
1182
1167
1173
798
820
799
800
800
803
800
782
757
757
770
773
773
773
779
1202
1203
1199
1198
1198
1198
1198
1150
1149
1180
1182
1167
1168
1162
796
820
822
823
801
758
757
770
773
773
1203
1201
1201
1201
1197
1197
1146
1181
1180
1168
1168
772
348
2
26
3
27
27
28
28
98
102
101
101
111
348
348
354
354
354
354
446
446
447
470
472
473
469
26
28
22
28
102
104
102
101
80
111
111
349
353
352
445
463
473
466
473
17
18
18
23
23
22
22
103
103
80
80
346
354
342
342
342
455
450
468
468
467
17
17
18
14
7
23
87
21
87
95
95
95
93
94
326
341
340
344
343
344
343
343
454
450
449
466
468
14
14
10
8
75
96
96
93
94
147
319
319
340
361
361
454
449
399
400
466
400
400
58
8
50
75
75
139
92
96
89
319
146
147
318
366
378
361
360
421
399
401
403
57
57
50
50
77
77
75
139
136
146
146
146
379
378
364
363
363
362
421
395
402
401
58
57
56
49
61
61
62
136
138
136
136
376
129
376
377
366
364
373
362
405
405
404
413
831
829
62
62
63
121
133
122
137
120
376
368
373
373
372
372
404
413
831
829
857
63
60
63
60
744
121
742
122
1255
122
135
1244
1245
1245
373
1250
374
1137
1137
1137
1128
1128
413
863
832
849
60
743
744
1255
1245
1246
1247
1250
1135
1137
1138
1138
1127
836
863
850
853
853
850
849
850
741
741
743
744
741
743
1254
1255
1240
1250
1250
1249
1139
1139
1132
1133
1133
836
814
867
852
853
852
741
741
742
1254
1254
1246
1252
1252
1249
1249
1144
1139
1132
1134
1134
816
815
815
851
734
734
734
731
1258
1256
1112
1118
1119
1117
1133
1119
816
818
818
814
817
815
811
750
751
734
766
731
766
730
731
1228
1257
1221
1231
1221
1220
1112
1109
1119
1116
1117
818
817
813
812
751
750
766
766
766
777
765
1209
1209
1223
1220
1220
1183
1115
1116
1174
1174
820
817
812
812
821
752
777
765
779
1209
1205
1209
1205
1219
1198
1211
1220
1183
1182
1183
1184
1184
1172
1174
823
820
823
801
821
759
752
762
779
1203
1200
1200
1200
1197
1182
1181
1167
1169
1169
1173
819
819
823
823
801
758
758
758
757
762
762
772
1202
1199
1200
1197
1181
1181
1181
1180
1169
1168
1168
821
24
351
3
3
27
27
99
98
100
99
100
347
348
349
349
353
351
458
458
463
470
470
469
2
3
3
3
21
22
83
98
83
84
101
111
349
353
350
353
458
455
463
460
470
469
17
2
5
23
22
23
87
83
84
79
84
79
350
353
342
456
455
455
468
468
15
7
7
87
95
86
86
80
338
341
339
454
460
454
466
467
15
14
8
8
21
74
74
96
96
93
93
340
340
361
358
400
71
71
6
78
75
78
75
89
128
128
128
360
360
360
398
402
399
403
58
71
70
77
78
68
75
68
92
92
136
129
364
364
363
362
402
402
403
57
56
77
68
92
136
137
137
129
129
365
365
366
364
368
363
362
405
408
407
407
402
407
56
862
859
61
63
134
135
129
135
135
365
369
365
373
373
374
372
407
406
862
862
859
63
63
134
1239
1240
1237
1136
374
372
1129
406
1128
863
861
858
857
857
744
745
1242
1239
1242
1240
1240
1239
1236
1136
1137
1138
1129
1128
1128
1127
863
868
868
858
849
740
740
744
1242
1241
1240
1237
1238
1135
1138
1138
1134
1134
866
868
867
852
855
740
739
733
733
733
1241
1231
1233
1233
1233
1144
1143
1139
1132
1134
1132
1133
866
867
852
852
739
734
734
733
1227
1228
1231
1233
1232
1144
1116
1119
1130
816
816
813
813
811
751
751
739
732
732
731
732
1228
1228
1227
1213
1213
1213
1109
1109
1122
1122
1119
1124
1124
1124
827
817
812
811
751
751
766
768
1204
1227
1210
1210
1211
1213
1183
1184
1123
1174
1174
813
822
827
828
754
753
753
752
753
768
768
1210
1205
1211
1211
1179
1179
1172
1172
1173
1174
819
822
821
825
759
752
763
763
761
1205
1208
1203
1200
1179
1181
1184
1169
1166
1171
819
822
823
759
759
759
763
763
762
763
764
761
1201
1207
1175
1176
1175
1175
1166
1169
1171
1199
99
1
24
347
347
349
347
351
351
462
457
457
463
463
470
470
2
24
24
98
20
84
79
346
345
350
458
457
459
459
464
464
0
0
21
20
21
83
86
79
82
346
339
456
460
460
465
0
0
15
5
4
20
87
87
82
81
338
336
358
465
464
15
6
6
8
7
91
91
89
82
337
339
358
356
358
359
398
397
72
72
71
76
74
76
92
88
89
128
359
357
358
398
403
73
73
70
78
78
76
68
92
90
90
89
128
366
356
357
357
396
402
73
70
67
68
134
137
131
368
368
364
370
407
73
69
67
66
134
134
132
369
368
370
370
404
408
407
862
862
857
857
856
748
745
133
132
369
1237
369
371
1136
374
1129
406
863
861
861
857
748
748
745
1242
1242
1240
1237
1236
1238
1136
1129
1129
1125
866
864
740
749
745
1242
1243
1237
1238
1141
1144
1142
1126
1125
865
866
868
868
868
855
855
740
854
1224
1241
1241
1233
1235
1230
1144
1143
1126
1131
865
865
810
855
739
739
736
732
1227
1224
1232
1229
1233
1232
1143
1143
1130
1130
1130
810
810
810
738
732
1227
1225
1226
1232
1213
1107
1106
1122
1122
1124
1124
827
813
753
769
768
767
1226
1226
1212
1211
1106
1109
1123
1124
828
828
812
755
754
769
754
768
767
1204
1210
1211
1179
1184
1170
1172
1120
1173
825
753
755
763
769
760
1208
1207
1207
1207
1179
1177
1165
1165
1166
1170
826
824
825
759
764
761
1208
1208
1199
1176
1175
1165
1166
1166
1171
764
1
25
99
100
462
461
1
100
457
459
5
19
20
85
456
86
82
337
339
465
465
6
78
85
338
356
358
397
4
82
338
398
397
73
69
65
91
131
367
355
357
408
69
66
67
64
90
132
131
367
355
357
396
859
69
856
67
132
367
859
856
132
371
1126
406
861
747
749
746
1243
1238
1236
1238
868
855
747
749
749
736
1243
1234
1143
1141
864
1230
1235
1230
1230
1144
1142
1142
1125
854
736
735
1231
1142
1131
810
738
735
1227
1230
1107
1123
828
809
754
1226
1213
1106
1122
1123
827
825
754
769
1204
1206
1178
1108
1170
1120
828
769
760
1206
1177
1177
825
767
1176
1170
1
350
457
462
345
5
20
85
460
337
356
359
72
70
90
67
408
134
406
1129
858
1126
858
864
746
1234
1141
1224
1140
854
1130
1107
809
735
1178
1106
1178
1120
764
761
351
462
345
463
0
20
464
339
398
88
4
91
359
66
367
371
370
748
746
1243
1126
854
738
1140
1142
827
735
1229
738
1225
1121
737
1206
1206
755
767
1206
1178
1165
1171
25
457
84
336
456
459
0
337
88
398
76
355
396
73
64
130
88
369
130
746
1235
1235
1225
1225
809
1212
755
1178
1120
755
1207
1176
25
81
345
345
462
85
82
4
395
72
65
131
396
371
860
860
130
1236
1141
1125
864
749
1224
865
738
736
865
809
737
1107
756
824
824
760
1208
1177
25
81
718
718
461
19
19
805
713
65
335
335
395
64
66
64
860
396
860
1234
747
747
1234
1141
746
1140
1235
1229
336
1225
1121
1121
1212
826
826
756
1108
1121
756
760
341
341
718
335
461
461
713
713
65
335
65
1195
336
1195
737
131
737
888
692
341
1108
278
1108
1195
826
1195
278
888
278
