3888
1455
722
927
930
930
1416
1418
1455
1308
947
947
1420
1300
1307
1306
1322
1323
1323
714
925
924
1438
1439
1437
1304
537
921
953
950
951
1399
1434
1287
540
810
767
769
1398
1429
1428
1294
1296
1288
533
807
768
770
997
988
1293
816
818
818
771
976
994
978
992
993
1213
1214
1214
1188
500
816
790
757
758
977
991
1095
1189
498
488
797
791
791
756
980
1060
1105
1107
1202
1190
490
487
3186
3071
3081
1059
2115
3167
3181
3186
3069
3080
3080
2113
2294
3182
3231
3230
3076
2268
3171
3165
3228
3229
3134
3145
3146
2134
2138
2268
2293
3304
3163
3162
3224
2097
2101
2130
2138
2287
2285
2291
2285
3303
3305
3397
3153
3152
2097
2060
2128
2127
2266
2289
2289
3309
3308
3395
2063
2348
3391
3393
3373
3125
2058
2029
2350
2028
2352
2347
2333
2332
3326
3326
3383
3384
3121
2044
2346
3370
3382
3381
3377
3376
3120
3123
2044
2042
2010
2356
2358
2356
2329
726
716
726
721
728
721
928
928
932
932
930
946
945
967
1418
1416
1423
1457
1457
1457
1451
1453
1453
1311
1309
1324
1327
719
716
722
927
923
919
932
947
942
1414
1426
1421
1424
1456
1456
1457
1306
1309
1321
1325
1325
716
718
718
714
925
921
952
949
955
947
943
1422
1407
1422
1420
1403
1441
1439
1302
1301
1301
1285
1322
1283
541
545
535
925
925
917
952
949
951
1404
1402
1398
1435
1435
1292
1298
1293
1304
1289
541
543
540
534
537
532
847
808
767
771
773
1407
773
1399
1434
1291
1294
1296
1287
1289
495
539
810
808
806
807
768
769
770
995
995
1001
1000
997
989
989
1291
1210
1208
1188
1288
1186
1186
496
494
499
499
532
806
818
754
761
976
976
994
993
988
991
1099
1210
1094
1212
1190
1212
1189
496
500
498
799
812
816
758
752
752
977
978
973
974
1097
1099
1095
1201
1214
1196
1198
491
492
487
796
796
797
790
794
814
757
758
982
981
981
1061
1059
1057
1101
1107
1106
1107
1200
1193
1194
1197
492
490
793
793
3070
756
3072
3079
3079
3097
2115
1060
1103
1103
1105
1106
1107
2302
1192
1192
2297
3168
3191
3188
3184
3182
3186
3233
3255
3255
3073
3073
3072
3075
3081
2117
2116
2116
2117
2115
2158
2162
2158
2160
2159
2303
2295
2297
3169
3168
3178
3178
3184
3233
3233
3069
3077
3077
3076
2109
2098
2099
2113
2135
2136
2138
2136
2304
2305
2293
2295
3172
3167
3173
3178
3231
3225
3229
3132
3144
2099
2098
2130
2134
2140
2307
2307
2268
2287
2294
2279
3171
3162
3227
3228
3224
3131
3147
3146
3150
3145
2097
2130
2132
2128
2267
2268
2285
2287
2290
3305
3307
3304
3399
3399
3399
3223
3396
3396
3136
3154
3148
2143
2064
2132
2127
2263
2289
3308
3307
3303
3392
3397
3394
3138
3151
3151
3158
2060
2058
2064
2063
2031
2030
2027
2352
2350
2347
2332
2291
2335
3309
3328
3338
3391
3392
3393
3373
3138
3138
3154
3127
2060
3157
2062
2061
2033
2030
2028
2348
2333
2335
3328
3364
3366
3366
3385
3385
3375
3127
3125
3125
2046
2042
2033
2008
2029
2360
2352
2359
2353
2337
2325
3326
3331
3370
3366
3368
3384
3381
3378
3376
3120
3121
2046
2044
2010
2008
2358
2354
2324
2327
2329
2324
2329
3370
936
1451
726
728
724
934
933
936
969
967
967
1353
1414
1354
1416
1424
1449
1447
1447
1307
1311
1308
1324
1327
728
720
720
728
724
923
934
919
933
932
958
965
961
963
942
1418
1423
1421
1443
1445
1314
1313
1317
1333
1335
1331
719
680
669
917
924
913
959
953
943
1409
1414
1410
1411
1405
1401
1401
1438
1431
1300
1297
1282
1330
1330
545
681
682
675
543
670
917
955
950
1411
1405
1402
1441
1437
1297
1302
1281
1277
1282
1283
545
543
534
535
526
915
847
835
834
765
764
763
999
999
1004
1429
1428
1292
1208
1280
1277
1285
539
533
849
849
837
834
837
760
760
1000
1001
1008
1099
1210
1188
1186
509
509
806
841
754
749
984
974
1006
1099
1008
1097
1122
1213
1212
495
515
514
507
802
801
799
803
800
812
812
984
986
973
992
1008
1055
1094
1122
1206
1120
1201
1204
1198
1196
491
488
503
803
801
795
814
795
758
748
746
986
986
982
980
1061
1049
1057
1101
1120
1202
1203
1194
503
3188
794
3255
3071
746
3087
3092
1059
1061
2110
1057
1110
2234
1193
2297
3191
3192
3181
3188
3253
3255
3253
3084
3097
3093
2119
2111
2111
2110
2170
2170
2159
2162
2301
2302
2299
3169
3195
3193
3176
3180
3259
3233
3083
3075
3095
2107
2125
2121
2158
2135
2160
2303
2305
2298
2298
3173
3201
3200
3161
3163
3180
3165
3180
3221
3223
3131
3095
2105
2104
2151
2155
2140
2140
2276
2271
2304
2278
3172
3160
3160
3223
3132
3134
3148
3150
2101
2142
2142
2154
2132
2275
2278
2279
3300
3401
3401
3225
3130
3142
3130
3147
3156
2143
2147
2146
2274
2276
2272
2264
2280
3297
3296
3290
3297
3389
3387
3395
3394
3136
3153
3156
3152
2050
2053
2052
2054
2031
2024
2264
2263
2343
2283
2281
3327
3340
3339
3338
3389
3387
3373
3114
3140
3115
3158
2040
2050
2025
2025
2021
2352
2344
2337
2331
2337
3330
3339
3360
3377
3115
3114
3127
2048
2036
2062
2021
2018
2022
2359
2344
2362
2325
3332
3330
3332
3331
3370
3368
3364
3368
3383
3379
3379
3378
3119
3119
3123
2048
2046
2048
2010
2016
2005
2008
2360
2006
2354
2364
2362
2327
2327
2006
2364
2353
710
938
1315
712
706
712
710
711
938
938
940
971
961
971
967
1353
1357
1356
1359
1449
1447
1370
1315
1319
1318
1318
1335
1317
1334
1329
695
712
940
672
971
969
963
963
1355
1353
1362
1356
1359
1449
1444
1313
1335
1335
680
682
670
676
674
913
913
957
958
963
866
1409
1426
1394
1403
1443
1445
1247
1298
1247
1279
1333
1333
1331
681
676
675
669
678
916
917
858
959
764
867
1410
1404
1396
1430
1433
1433
1254
1279
1280
1275
1277
545
525
524
844
835
778
763
787
1018
1430
1014
1117
1253
1281
1274
1274
1227
520
525
528
849
839
838
780
765
1019
1019
1003
1004
1015
1010
1118
1116
1183
1182
1181
1175
1175
522
509
507
528
526
507
849
845
838
841
780
761
1023
1023
1003
1008
1183
1179
1176
1171
513
514
511
505
831
828
741
750
748
984
750
1086
1048
1006
1055
1121
1122
1203
1206
1196
1164
1162
513
515
504
567
802
831
814
743
743
749
746
1087
1048
1053
1044
1122
1113
1204
1164
1162
571
573
571
567
565
3251
3251
3089
3087
3091
3091
1051
1053
1053
1051
2170
2169
1112
2236
2245
2242
2241
3193
3192
3175
3249
3253
3085
3089
3085
3093
3092
2119
2123
2121
2168
2170
2164
2238
2246
2246
2245
2299
3195
3201
3175
3176
3263
3054
3083
3096
2109
2107
2109
2107
2150
2168
2166
2166
2227
2234
2244
2244
2203
3202
3203
3257
3261
3053
3053
3054
3062
2109
3095
2103
2104
2105
2124
2151
2153
2178
2276
2229
2231
2204
3203
3161
3199
3236
3221
3263
3057
3056
3062
2095
2149
2149
2153
2276
2271
2270
2281
3288
3289
3299
3293
3301
3240
3130
3142
3156
3111
2052
3108
2074
2147
2145
2154
2253
2275
2272
2283
2280
3289
3290
3301
3300
3299
3389
3401
3362
3142
3140
3142
3102
2052
2056
2054
2021
2274
2342
2320
3340
3334
3349
3359
3359
3351
2978
3104
2050
2039
2038
2053
2024
2023
2023
2340
2344
2335
3324
3334
3336
3360
3358
3362
3117
3103
3127
3100
2039
2036
2017
2014
2012
2013
2362
2339
2337
2310
3330
3336
3336
3343
3357
3357
3117
3033
3119
3119
2048
2016
2035
2017
2005
2013
2365
2366
2368
2366
2364
2314
2314
2310
3358
2308
702
712
708
710
651
940
940
971
886
882
881
1355
1354
1357
1361
1343
1372
1372
1372
1314
1370
1319
1241
1242
1216
702
706
673
673
708
863
961
886
881
882
871
884
1363
1360
1365
1374
1375
1376
1443
1247
1234
1244
1217
690
695
674
628
864
862
864
869
871
871
1365
1363
1392
1396
1389
1374
1259
1249
1251
1251
1232
1221
1221
691
693
691
672
860
860
869
867
1394
1396
1388
1390
1259
1255
1274
1219
1225
522
520
689
530
678
624
843
858
868
877
788
778
788
1394
1396
1431
1016
1016
1255
1118
1254
1253
1274
1272
1227
1229
522
522
530
518
530
530
845
844
839
776
780
784
1018
1027
1023
1012
1016
1151
1117
1149
1182
1181
1177
1173
1175
511
518
528
833
821
823
829
739
780
1021
1080
1021
1023
1037
1012
1010
1145
1139
1183
1141
1177
1175
511
505
832
831
829
741
735
1088
1042
1143
1141
1176
1170
1164
575
575
567
562
832
827
741
743
735
733
1088
1086
1049
1046
1040
1110
1112
1114
1166
1168
1168
573
575
571
567
3279
3266
743
731
730
730
1092
1053
1046
1044
1044
2170
2181
1114
2238
1113
1112
1168
2240
3213
3214
3218
3278
3251
3267
3265
3089
3084
3087
2094
2094
2119
2082
2082
2182
2180
2164
2236
2238
2240
2241
3205
3218
3216
3259
3257
3273
3261
3044
3064
3051
2079
2124
2123
2183
2221
2223
2225
2224
2244
2229
2208
3202
3198
3216
3198
3235
3275
3259
3261
3263
3263
3058
3062
2079
2125
2077
2176
2175
2227
2231
2229
2216
2204
2203
3285
3197
3197
3235
3240
3239
3058
3057
3064
3060
3060
3060
2079
2075
2149
2155
2178
2251
2231
2261
2231
2209
2210
3288
3294
3236
3110
3112
3108
2056
2071
2145
1986
2174
2145
2253
2251
2251
2212
2210
2212
3286
3293
3292
3294
3351
3351
3001
3110
3110
3101
3108
3106
1987
1986
1988
1976
1976
1980
2253
2342
2316
2321
2322
3320
3314
3316
3316
3353
2995
2999
2977
3103
3102
2038
1988
1978
1979
2022
2339
2343
2316
2322
2322
2320
3324
3322
3342
3349
3353
2977
3034
3034
3104
3032
2040
1956
2035
1978
2012
1997
2340
2312
2312
2314
3323
3322
3312
3342
3347
3347
3018
3033
3032
3036
3032
1957
1956
2018
1999
2014
2365
2368
2314
2310
3345
651
1216
700
704
651
704
649
648
893
894
894
894
892
884
897
898
896
1361
1346
1344
1372
1367
1233
1235
1238
1236
1242
1237
1241
695
702
704
645
643
862
890
886
892
1342
1344
1343
1376
1380
1375
1378
1231
1234
1232
1221
1217
697
697
647
641
642
863
864
856
878
852
886
866
1362
1392
1386
1249
1259
1251
1251
1219
1221
690
687
693
689
626
628
628
628
864
855
878
879
873
875
875
1337
1338
1390
1388
1388
1257
1265
1269
1270
685
687
689
623
623
630
823
782
787
1029
1389
1384
1016
1257
1268
1261
1272
1229
1229
586
560
624
823
824
825
782
783
783
1031
1029
1026
1014
1015
1151
1149
1147
1149
1262
1170
518
587
559
558
775
775
784
1031
1083
1084
1025
1038
1145
1153
1145
1141
1147
1179
1160
1171
1173
590
590
563
554
833
827
828
738
735
733
1080
1082
1087
1042
1036
1143
1139
1133
1132
1166
1166
1158
1157
575
605
563
562
550
739
735
1092
1079
1039
1145
1039
1040
1129
1131
1132
1156
1168
569
3212
565
552
3267
737
3265
731
1090
1090
1046
2081
1046
2082
2182
2238
1156
2206
3213
3214
3218
3278
3266
3269
3045
3050
3049
1090
2094
2086
2082
2084
2180
2181
2219
2223
2223
2218
2242
2206
3210
3210
3218
3216
3277
3279
3272
3272
3271
3271
3047
3045
3050
2094
2092
2092
2084
2184
2184
2223
2218
2208
3206
3205
3199
3275
3273
2933
3064
3066
2077
2079
2075
2175
2176
2221
2224
2225
2214
2208
2215
2215
3284
3244
3238
3240
3056
3065
3065
3066
3042
2068
2069
2074
2174
2259
2214
2216
2201
3284
3286
3282
3244
3248
3240
3004
3005
3112
2939
3106
3041
2069
1976
2172
2261
2259
2257
2191
2209
3281
3318
3314
3292
3292
3355
3246
2997
3003
3000
3000
2999
3111
3106
1982
1983
1986
1993
1980
2424
2421
2316
2318
3320
3318
3320
3316
3355
3355
2996
3001
2981
2980
3100
1987
1950
1978
1984
1990
2377
2370
2377
2321
3324
3324
3316
3525
3353
2995
3020
2982
2978
3030
3036
3026
1958
1946
2003
2419
2417
2383
2381
2322
3323
3529
3312
3529
3343
3527
3347
3345
3347
3014
3018
3020
3030
3030
1958
1957
1954
1953
1952
1999
1997
2416
2416
2383
2380
2379
2379
1999
704
700
647
647
651
661
639
649
890
894
908
909
901
896
1350
1348
1347
1368
1368
1235
1880
1236
1237
1238
1240
1240
1826
613
700
645
642
639
851
893
851
904
903
906
898
897
1340
1380
1367
1874
1880
1882
1244
1851
1851
697
611
619
615
641
856
643
879
903
304
1339
1337
1342
1339
1380
1380
1378
1881
1231
1232
1225
1850
685
621
619
626
636
636
856
879
873
314
315
1338
1340
1386
1386
1383
1382
1264
1266
1266
1270
1225
1850
685
621
607
621
632
634
631
854
879
472
471
877
782
459
461
1029
1027
1383
1384
1257
1265
1269
1604
1602
1223
577
687
586
583
630
631
825
457
776
459
461
1031
1539
1026
1535
1153
1151
1153
1262
1261
1272
1229
1608
588
588
584
559
821
824
437
438
459
461
1084
1082
1038
1037
1153
1125
1137
1160
1595
1157
604
606
606
556
560
558
827
439
439
431
1083
1075
1079
1034
1036
1129
1129
1135
1137
1158
1667
602
569
551
550
551
738
451
452
450
452
1069
1092
1074
1066
1034
1124
1127
1129
1135
1137
599
3208
548
547
547
3765
550
3752
434
454
448
1092
1070
1068
1067
1076
1067
1063
2086
2500
1133
2808
1156
3208
3835
3841
3841
3277
3753
3269
449
3051
3049
2090
1068
2089
2086
2500
2206
2806
3210
3210
3859
3858
3871
3277
3751
2933
3044
3038
2088
3039
2089
2084
2086
2186
2186
2506
2507
2507
2800
2219
2197
2195
2194
3863
3869
3242
2937
2936
3047
3038
3043
2067
2092
2073
2171
2183
2197
2194
2200
3206
3867
3244
3865
3864
3242
2935
2935
2941
3043
3041
3042
2929
2067
2172
2261
2193
2199
3285
3281
3248
3248
3005
2939
2928
2068
2071
2174
1995
1994
2259
2261
2191
2189
3532
3282
3567
3245
3248
3566
2992
3003
3004
2984
2980
2922
2918
2916
1982
1984
1991
1993
2425
2256
2257
2426
2371
2375
3535
3533
3535
3531
3567
3563
3246
2996
2997
2982
2981
2980
2918
1949
1983
2002
2421
2424
2429
2371
2375
2373
2370
3537
3537
3529
3561
3355
2990
3027
3008
3028
3026
1946
1948
1949
2001
2003
2419
2419
2421
2383
2381
2375
2379
3536
3527
3523
3525
3581
3016
3015
3016
3020
3020
3024
3028
1953
1950
1954
2002
2003
2417
2415
2383
2387
2386
3014
661
902
655
657
663
665
667
638
888
910
910
909
900
1346
1350
1347
1348
1864
1866
1866
1830
1832
1827
1824
1828
652
657
658
659
659
666
639
888
906
904
900
320
1762
1767
1873
1872
1873
1877
1832
1832
1849
1851
1826
613
613
611
617
658
359
852
304
304
315
1763
1765
1800
1764
1874
1870
1878
1876
1882
1839
1851
1847
609
614
614
619
636
636
855
473
475
317
1803
1805
1801
1872
1876
1839
582
580
621
632
142
148
473
476
465
465
314
1534
1803
1535
1801
1545
1264
1603
1603
1606
1608
578
581
578
584
634
634
150
471
485
456
465
485
469
467
1539
1537
1545
1547
1547
1147
1626
1602
1606
587
577
583
555
146
148
456
457
468
1566
1539
1541
1124
1621
1137
1608
605
604
594
592
554
171
175
437
438
442
1076
1078
1075
1568
1522
1125
1135
1667
1664
1669
1669
1669
602
600
598
556
552
435
433
451
441
1074
1064
1064
1524
1524
1127
1665
1667
1669
600
3835
599
548
3837
3759
3765
435
3757
454
449
448
450
1070
1069
1063
2492
1524
2500
2823
2803
2804
2802
2808
2808
3852
3836
3839
3837
3839
3841
3765
3765
3752
3756
3755
3721
3709
3709
1066
2090
2540
2498
2492
2498
2798
2803
2821
2804
2806
2806
3858
3852
3841
3763
3756
3757
3711
2536
2494
2496
2498
2509
2798
2799
3859
3863
3862
3870
3870
3763
3753
3741
2932
2940
2940
3039
2550
2548
2493
2494
2511
2510
2510
2795
2796
2796
2799
2195
3874
3873
3875
3871
3864
3474
2936
3736
2937
2930
2549
2549
2546
2493
2511
2515
2795
2193
2200
2201
3875
3874
3867
3559
3565
3472
2993
3471
2943
2945
2944
2943
2930
2929
2659
2646
2645
1994
2255
2191
2193
2189
3877
3567
3567
3565
2992
3559
2988
2993
2943
2986
2920
2919
2928
2660
2658
2645
1995
2644
2423
2425
2256
2373
3550
3532
3561
2989
2990
2922
2919
2920
1963
1960
1991
1990
2428
2428
2427
2427
2394
3540
3548
3533
3537
3563
3010
2986
3027
3021
1960
1971
2001
2406
2405
2429
2375
2388
3537
3542
3529
3580
3583
3580
3583
3009
3012
3007
3022
3022
1969
1968
1967
1970
2003
1972
2407
2409
2396
2396
2388
2387
3542
3007
2386
319
1775
655
663
663
665
666
361
358
908
361
902
901
324
319
1773
1775
1769
1864
1866
1860
1830
1828
1834
1836
1824
653
653
657
74
667
363
359
322
322
322
320
323
1781
1767
1763
1771
1864
1862
1880
1836
1827
609
652
73
74
62
305
309
306
307
1778
1777
1762
1764
1765
1861
1878
1870
1868
1877
1839
1846
1845
42
44
615
64
60
62
477
309
475
313
312
317
1805
1805
1803
1800
1793
1619
1868
1843
1843
1637
1600
1845
581
617
36
140
139
141
150
472
477
475
476
463
311
1805
1797
1795
1617
1619
1604
1606
1598
582
580
34
144
146
150
148
484
463
467
468
467
1534
1565
1542
1545
1547
1617
1623
1623
1630
1627
1608
595
593
129
129
131
146
131
177
485
427
469
1566
1569
1539
1543
1547
1621
1525
1631
1626
1595
1596
596
596
593
594
173
173
175
177
425
431
1570
1570
1538
1528
1530
1659
1663
595
592
172
173
179
181
434
429
1072
1560
1557
1560
1522
1549
1524
1530
1663
1665
3843
598
3833
3759
181
181
433
444
446
445
444
445
1072
1558
1550
2502
2502
2823
2822
2818
2821
2808
3844
3831
3832
3759
3755
3724
3725
3724
3706
2540
2542
2492
2502
2810
2811
2821
2844
3852
3829
3839
3763
3741
3741
3743
3721
3726
3711
3707
3709
2538
2538
2536
2496
2506
2810
2815
2811
2845
2830
2828
3850
3863
3885
3869
3861
3736
3736
3739
3739
3711
3713
2548
2546
2546
2509
2514
2800
2826
2829
3873
3863
3865
3474
3470
3739
3722
2941
3714
2926
2550
2519
2513
2518
2690
2826
2689
2833
2199
2826
3878
3879
3879
3877
3555
3559
3474
3476
3469
2944
2925
2924
2660
2925
2659
2646
2644
2647
2648
2689
2514
2644
2690
2693
2692
3550
3552
3554
3559
3476
2945
3487
2963
2663
2662
2664
2648
2674
2675
2426
2680
2189
3547
3551
3552
3566
3571
3490
2989
2984
2987
2965
2967
2924
2664
1963
1960
2647
2401
2624
2405
2403
2392
2681
3539
3546
3540
3576
3581
3575
3573
3012
3575
2988
2960
2958
2966
1965
1964
1964
1971
1961
2407
2401
2403
2405
2392
2394
3544
3542
3577
3577
3576
3575
3012
3012
3010
3008
2959
3024
2958
3021
2950
1967
1968
1969
1973
1973
1972
2406
2409
2412
2397
2413
2396
2398
2390
2398
2390
1773
1834
44
89
77
76
72
363
361
358
335
332
326
323
1773
1769
1769
1856
1854
1853
1858
1856
1836
1836
1834
1929
1824
68
70
74
72
363
349
357
324
1780
329
1782
1782
1790
1770
1861
1866
1853
1858
1841
1931
1849
1929
44
70
68
74
73
63
349
307
306
1777
1780
1781
1786
1784
1789
1789
1791
1862
1854
1841
1846
1943
42
36
44
32
63
138
140
64
351
355
312
1778
1817
1796
1868
1870
1636
1619
1843
1843
1847
39
40
42
34
36
36
139
138
141
479
481
311
313
1797
1815
1819
1797
1795
1615
1639
1637
1600
1598
38
40
133
133
123
135
142
144
125
485
483
481
481
463
414
416
1542
1543
1623
1623
1628
1631
1600
1625
1596
199
198
134
127
134
177
483
428
427
410
412
412
1568
1565
1578
1541
1526
1528
1621
1629
1627
1646
1646
198
203
173
168
175
179
159
431
410
412
1562
1569
1552
1551
1532
1532
1530
1526
1659
1661
1664
1654
1646
203
202
169
181
429
366
442
446
1556
1560
1562
1550
1554
1520
1532
1532
1498
1520
1659
1652
1654
1654
3844
3848
3832
167
179
163
364
2466
1558
1557
1549
2823
2823
2819
2819
2843
3843
3846
3856
3848
3833
3831
3761
3761
3744
3745
3726
3725
3724
2464
2464
2469
2542
2542
2503
2504
2813
2815
2840
2845
2844
3854
3856
3850
3854
3850
3829
3761
3737
3747
3743
3722
3729
3706
2462
2540
2534
2516
2504
2815
2815
2838
2829
2846
3856
3856
3887
3887
3668
3749
3746
3746
3731
3715
3719
2544
2538
2543
2518
2522
2517
2517
2834
2833
2828
2838
2830
3881
3881
3881
3885
3887
3887
3670
3464
3470
3497
3715
3714
3713
3717
3716
3716
2525
2544
2666
2519
2515
2700
2695
3878
3885
3555
3468
3557
3468
3465
3472
3464
2926
3498
3717
2672
2671
2672
2654
2653
2656
2656
2679
2694
2694
2692
2693
2696
3552
3642
3637
3557
3476
3489
3485
3491
2967
2963
2971
2962
2662
2670
2653
2654
2677
2676
2698
2683
2683
3551
3620
3552
3644
3554
3570
3569
3491
3490
3487
2967
2967
2975
2970
2969
2663
2620
2626
2675
2674
2685
2681
2680
3547
3548
3619
3579
3569
3570
3571
3429
2956
2953
2959
2950
1963
2637
2629
2625
2625
2411
2685
2762
2398
2762
3544
3616
3544
3616
3579
3573
3573
3431
2954
2954
2960
2952
1944
1965
2627
2629
2413
2411
2412
2614
2405
2397
2760
89
89
76
89
81
363
339
336
328
326
1775
1721
1771
1735
1856
1908
1935
1932
1930
54
85
84
77
79
343
335
353
335
330
332
330
1785
1788
1788
1737
1858
1907
1936
1930
1931
53
31
83
66
66
351
355
353
355
329
1785
1786
1790
1810
1743
1909
1910
1937
1940
1941
55
32
249
247
294
1816
1784
1821
1811
1793
1743
1745
1635
1912
1600
1593
1593
1943
51
51
51
31
47
138
122
249
249
292
1816
1817
1821
1813
1813
1611
1613
1614
1639
1634
1639
39
46
135
122
127
127
249
479
424
418
424
417
1819
1578
1576
1576
1611
1687
1593
205
207
209
133
135
127
161
483
376
377
424
413
414
416
1578
1574
1576
1573
1572
1525
1629
1630
1688
1686
199
209
211
211
169
160
160
378
378
413
1573
1551
1496
1499
1661
1496
1657
1652
1652
1646
201
203
203
210
168
165
165
164
165
369
368
1552
1554
1498
1661
1642
1654
1648
3848
3799
3848
3825
3824
3674
165
163
366
366
2466
1562
2470
1520
2817
2818
2841
1650
2842
1649
3846
3826
3824
3826
3672
3745
3730
3728
2464
2468
2470
2532
2527
2874
2813
2842
2841
3820
3822
3818
3816
3670
3668
3744
3730
3729
3734
3732
2462
2534
2532
2532
2503
2878
2832
2840
2846
2852
3854
3821
3778
3779
3663
3749
3747
3732
3707
3719
2526
2524
2534
2530
2516
2901
2906
2834
2836
2848
3883
3772
3780
3662
3496
3494
2526
2665
2522
2523
2649
2702
2838
2701
2835
3883
3770
3466
3466
3465
3464
3498
3481
3497
2668
2665
2666
2652
2650
2650
2678
2700
2698
2701
2696
3611
3642
3640
3640
3638
3491
3485
3483
2973
2963
2670
2668
2670
2624
2678
2677
2695
2710
2716
3618
3642
3643
3638
3637
3455
3491
3489
2974
2975
2975
2970
2574
2636
2635
2622
2621
2620
2624
2791
2752
2711
2715
3619
3620
3643
3644
3635
3634
3630
3428
3425
3427
3428
2956
2952
2948
2974
2636
2637
2630
2621
2616
2626
2618
2616
2751
2751
2754
2761
2762
2760
3616
3626
3626
3632
3630
3429
3431
2953
2952
2950
2639
2638
2641
2641
2631
2613
2614
2616
2750
2762
2758
2948
1720
92
87
87
81
87
81
79
342
338
337
336
326
1722
1722
1730
1725
1733
1726
1737
1735
1906
1923
1933
1933
1925
84
81
120
120
338
341
339
337
284
328
328
1730
1728
1737
1907
1908
1935
1937
1932
55
53
85
115
116
117
120
351
353
290
279
1730
1788
1740
1811
1741
1739
1910
1936
1941
1940
59
59
54
47
27
114
255
231
257
289
289
290
294
293
1815
1808
1809
1810
1740
1745
1745
1745
1743
1909
1912
1939
1939
49
49
47
29
229
247
294
292
294
417
1821
1821
1808
1483
1615
1614
1633
1634
1591
1589
1593
1591
205
25
123
228
125
376
245
244
422
1819
418
398
1807
1461
1578
1483
1481
1635
1692
1687
1698
207
196
211
238
240
242
230
424
422
420
420
396
1574
1472
1472
1480
1500
1613
1628
1690
1700
1700
207
211
209
236
236
161
159
376
377
372
422
1564
395
1468
1467
1470
1502
1500
1657
1661
1691
1688
1648
3802
3808
157
225
155
371
370
370
371
391
1562
1512
1502
1493
1490
1494
1678
1649
3800
3824
3673
153
157
157
155
3702
369
3704
368
2466
391
381
2473
2474
2472
1498
2477
1491
2872
2874
2876
2863
2865
1650
3800
3825
3674
157
3702
3703
2431
2468
2474
2469
2476
2871
2874
2875
2875
2851
3821
3822
3815
3818
3815
3673
3674
3666
3664
3699
3700
3702
3698
3700
2446
2462
2434
2528
2528
2477
2901
2907
2869
2851
2852
3820
3771
3816
3814
3672
3665
3662
3699
3731
3734
2446
2451
2524
2534
2527
2530
2901
2905
2838
2850
2850
3791
3770
3780
3779
3509
3510
3514
3493
3493
2525
2903
2907
2909
2836
2848
2705
3771
3883
3613
3772
3768
3767
3775
3444
3479
3508
3478
3496
3501
3494
3506
3504
3505
2587
2583
2587
2585
2649
2679
2702
2726
2717
3613
3609
3608
3593
3446
3457
3478
3520
3483
3481
3500
3504
2578
2587
2585
2652
2791
2728
2713
2717
2709
3611
3611
3594
3636
3636
3427
3483
3483
2975
2971
2574
2580
2574
2572
2622
2569
2617
2617
2753
2791
2711
2793
2713
2716
3622
3626
3632
3635
3634
3425
3456
3415
2973
2638
2570
2633
2631
2618
2752
2753
2745
2756
2758
2739
3628
3627
3624
3624
3630
3423
3425
3421
3427
3414
3416
2948
2639
2553
2630
2613
2789
2754
2750
2750
2756
2758
2739
3632
102
1732
102
104
98
103
345
346
347
347
283
1717
1721
1720
1726
1728
1725
1732
1892
1895
1923
1927
1924
92
103
95
104
107
120
252
343
287
281
285
279
1728
1730
1707
1733
1737
1906
1893
1900
1924
1925
57
57
6
115
116
114
257
253
287
285
284
279
1713
1715
1756
1760
1741
1902
1916
1917
57
28
27
255
244
257
300
300
1710
1750
1749
1903
1904
1585
1917
1916
59
51
28
29
232
232
231
245
268
302
302
1809
1749
1487
1487
1587
14
190
25
242
230
242
229
268
400
400
400
1485
1486
1613
1583
1695
1589
1696
194
195
196
190
240
226
228
226
260
374
395
400
1470
1480
1481
1691
1692
1698
1698
196
196
238
224
259
374
393
382
408
396
1467
1460
1462
1472
1513
1505
1499
1690
1680
1678
1700
1700
1684
194
3810
3808
220
225
372
383
393
391
381
1466
1517
1468
1492
1492
1491
1490
1680
1642
3797
3802
3807
220
153
385
2432
2472
2483
2483
1494
1490
2867
1642
2863
3799
3812
3647
3674
3647
3704
3692
2431
2435
2434
2436
2473
2434
2476
2871
2876
2872
2868
2869
2869
2865
3798
3814
3812
3659
3664
3661
3694
3703
2455
2449
2450
2479
2481
2899
2905
2911
2854
2854
3783
3786
3778
3665
3659
3663
3661
3698
3512
3513
2446
2450
2451
2480
2479
2895
2905
2906
2910
2868
2911
2850
3791
3791
3776
3666
3441
3510
3509
3512
3505
2447
2582
2590
2591
2903
2903
2909
2883
3613
3789
3774
3768
3776
3446
3442
3441
3520
3513
3504
3502
3506
2583
2609
2593
2595
2593
2595
2728
2913
2728
2730
2709
2732
2705
3613
3608
3593
3446
3444
3479
3520
3502
2579
2611
2578
2587
2572
2595
2793
2726
2732
2706
2707
3609
3596
3603
3603
3456
3461
3457
3455
3459
3407
3501
2579
2576
2570
2568
2567
2788
2710
2745
2715
2707
3627
3622
3592
3598
3461
3461
3406
3408
3410
2576
2561
2576
2633
2788
2787
2747
2745
2737
2739
3628
3624
3622
3423
3423
3420
3421
3414
3416
3415
3414
3410
2557
2555
2783
2785
2784
2783
2742
2737
2739
2554
346
96
102
1718
1718
1724
1707
1707
1758
1891
1760
1892
1893
1884
1927
1923
92
108
106
342
109
280
281
1717
1703
1715
1760
1893
1895
1884
1915
1914
94
94
107
109
110
252
277
296
279
1713
1715
1754
1902
1904
1915
1
2
4
6
19
21
253
257
298
296
1711
1755
1487
1900
1919
3
4
23
25
20
270
269
300
302
1709
1750
1487
1485
1582
1585
1582
1587
14
12
23
241
234
234
264
268
302
402
1477
1477
1479
1583
1694
8
8
192
192
242
241
223
260
262
261
406
398
1464
1461
1474
1504
1676
1695
10
195
223
224
259
408
402
1515
1515
1472
1505
1678
10
188
216
218
383
382
387
1460
1511
1507
1507
1680
1683
1684
3806
3810
3647
3687
3689
3681
3680
381
393
1517
2483
1513
1512
2880
1493
2867
1682
3798
3797
3807
3651
3694
3694
3691
2432
2435
2436
2487
2489
2487
2899
2859
2861
2861
3783
3785
3649
3691
3692
2442
2439
2440
2480
2896
2892
2886
2869
2856
3793
3787
3786
3814
3789
3657
3655
3655
3659
2453
2455
2458
2449
2459
2481
2893
2893
2887
2884
3795
3794
3774
3655
3653
3440
3517
3514
2457
2457
2589
2599
2591
2590
2912
2892
2915
2884
2884
3767
3601
3775
3442
3522
2611
2605
2597
2589
2595
2913
2769
2912
2915
2731
2705
3605
3601
3446
3451
3522
3500
2611
2611
2593
2567
2765
2769
2723
2732
3605
3603
3594
3449
3459
3453
3452
3408
3403
2563
2580
2569
2764
2793
2724
2720
2723
2706
3596
3459
3448
3406
3407
3404
2561
2560
2559
2551
2781
2789
2747
2743
2747
2735
3589
3596
3598
3448
3412
3410
2557
2555
2553
2784
2783
2747
2742
2734
2734
3418
95
98
345
280
1889
1887
91
283
1758
1897
108
112
110
272
1755
270
277
1711
1752
1885
1919
3
186
269
1710
1475
1477
1580
21
298
1752
1580
1696
14
187
222
261
408
1507
1462
1479
1684
188
218
218
216
262
408
404
1458
1504
1676
1676
3804
187
3687
215
387
1509
3804
3685
389
1508
2861
1682
3806
3684
3696
3681
2444
2489
2489
2487
3787
3651
3649
3696
3696
3677
2455
2439
2897
2891
3793
2597
2440
2601
2600
2895
2887
2886
2856
3657
3518
3518
2459
2888
2877
3789
3516
3517
2609
2603
2603
2732
3605
3445
3437
2609
2599
2581
2769
2724
3605
3590
3461
3452
2562
2565
2568
2767
2721
2722
3589
3453
3412
2559
2779
2779
3598
3404
2781
2741
96
1758
1897
1888
1713
23
20
272
1903
1464
1475
1479
12
186
266
222
1683
385
1682
2861
3651
2859
3659
3785
3677
2444
2897
2453
2896
3653
2883
2769
3601
3522
2765
2764
2781
2721
3418
3412
1705
1888
1707
1897
2
112
1914
1715
1581
266
19
266
1479
184
1515
1508
1676
3689
3680
2444
2857
3657
3653
2889
2889
3607
2605
2600
3438
2607
2722
3437
2562
2565
3433
3403
2563
2777
2743
2735
100
1891
275
1756
1754
1885
1
1709
264
1581
182
1474
1674
10
214
389
406
1517
387
3679
2442
2438
2458
2607
3601
2599
3453
2777
2720
3449
2554
2785
100
275
1703
1703
1889
251
298
19
1672
12
222
403
1674
1509
3806
3804
389
2489
2880
2857
3785
3696
2453
3794
3436
3516
3795
3600
3438
2767
3434
3590
3588
3419
2560
2779
100
275
2687
2687
1887
118
118
2248
2773
17
1748
1748
1672
214
184
214
3687
1674
3685
2485
3684
3683
2485
2880
3677
2891
2442
2601
1644
2607
2888
2882
2777
3586
3586
3434
2777
2720
3433
3419
1655
1799
2687
1747
1898
1898
2773
2773
17
1747
17
2771
1921
2771
3827
404
2247
2400
3688
1920
2399
786
2249
2775
3586
2775
502
2384
501
