2976
1259
671
566
572
574
1293
1299
1259
1146
597
597
1301
1130
1132
1130
1147
1155
1154
652
579
578
1268
1256
1258
1136
512
570
603
599
600
1267
1273
1120
519
523
478
479
1270
1271
1274
1123
1122
1120
525
477
481
484
1269
1411
1123
551
551
550
485
1405
1402
1404
1413
1409
1355
1354
1382
1371
538
549
536
554
554
1405
1410
1369
1378
380
382
539
536
535
553
1418
1364
1367
1366
1369
1379
379
382
2408
2338
2272
1419
1593
2405
2403
2408
2275
2273
2272
1594
1847
2404
2417
2417
2277
1854
2396
2449
2584
2415
2257
2255
2271
1619
1555
1556
1840
2450
2451
2449
2265
2295
1586
1590
1556
1850
1850
1852
1853
2448
2448
2582
2262
2292
2297
2296
1573
1573
1496
1849
1816
2463
2463
2580
1571
1497
2567
2560
2573
2300
2300
1491
1492
1490
1498
1498
1832
1832
2440
2438
2561
2571
2603
2318
1489
2436
2578
2577
2569
2569
2602
2603
2318
2315
1525
1510
1509
1510
1827
666
664
663
672
663
672
566
567
573
565
572
596
597
595
1294
1295
1301
1265
1259
1262
1132
1128
1127
1146
1145
1149
1147
665
670
670
580
580
573
580
597
594
1300
1301
1301
1264
1256
1260
1259
1132
1146
1153
1148
1154
664
659
661
652
579
571
601
603
602
594
594
1298
1286
1297
1300
1268
1267
1258
1138
1137
1138
1153
1155
1152
521
520
514
530
571
570
603
600
600
1286
1285
1271
1269
1275
1126
1138
1125
1119
1117
520
521
512
513
512
530
530
478
480
479
484
1284
484
1286
1274
1126
1122
1120
1120
1117
413
414
524
523
524
477
478
480
484
1401
1289
1417
1270
1416
1408
1274
1123
1355
1382
1381
1117
1372
1373
414
416
417
527
526
524
551
487
486
1405
1402
1416
1414
1410
1409
1359
1355
1361
1382
1379
1382
1371
412
417
417
537
548
551
554
557
486
1405
1404
1402
1414
1360
1360
1363
1354
1379
1388
1384
379
378
382
538
537
536
542
543
555
556
554
1399
1399
1398
1421
1418
1420
1364
1369
1369
1367
1388
1387
1385
1378
379
379
539
536
2338
556
2337
2274
2274
2273
1594
1422
1367
1367
1366
1370
1370
1838
1385
1384
1845
2398
2397
2404
2411
2410
2409
2416
2408
2336
2341
2338
2340
2275
2276
1595
1597
1594
1593
1596
1605
1614
1614
1614
1614
1838
1844
1846
2399
2399
2405
2401
2409
2417
2339
2255
2277
2277
2277
1595
1583
1587
1589
1620
1619
1617
1617
1841
1842
1843
1843
2396
2403
2395
2415
2417
2265
2264
2255
2258
2271
1588
1591
1591
1620
1855
1856
1854
1856
1841
1840
2451
2444
2585
2585
2262
2265
2259
2257
2270
2271
2295
1588
1591
1553
1556
1556
1853
1850
1852
2451
2450
2447
2442
2442
2581
2583
2588
2580
2588
2290
2293
1580
1571
1574
1553
1552
1850
2456
2448
2448
2566
2581
2582
2597
2294
2294
2291
2297
2296
2279
1578
1571
1574
1492
1490
1496
1494
1831
1833
1834
2463
2463
2460
2461
2565
2566
2572
2596
2596
2291
2299
2298
2300
1578
2279
1571
1524
1524
1497
1832
1835
2439
2437
2559
2437
2559
2561
2573
2598
2602
2300
2298
2315
1523
1527
1526
1489
1489
1508
1510
1832
1829
2438
2439
2558
2560
2579
2577
2571
2576
2570
2601
2603
2318
2314
2315
1526
1509
1507
1828
1828
1829
1824
1827
2436
568
1129
667
667
673
565
568
568
588
588
590
1291
1292
1295
1295
1265
1265
1261
1129
1132
1146
1148
1149
1139
666
657
670
673
670
580
576
577
577
574
582
588
584
589
594
1294
1298
1298
1261
1260
1128
1135
1141
1159
1140
1152
658
660
655
576
577
569
583
601
593
1281
1292
1283
1282
1280
1297
1280
1256
1277
1135
1134
1161
1151
1152
518
659
660
661
518
655
569
603
599
1282
1286
1279
1268
1275
1124
1138
1137
1158
1152
1158
517
518
515
515
531
530
533
475
473
475
481
484
1288
1289
1408
1273
1274
1126
1358
1125
1376
1157
413
513
532
533
474
473
475
485
483
1417
1417
1408
1358
1356
1373
1372
411
409
527
548
466
487
1401
1413
1408
1406
1407
1359
1357
1358
1380
417
410
410
527
545
544
526
545
542
547
548
1397
1396
1426
1411
1425
1425
1361
1349
1356
1352
1386
1388
1380
1394
378
382
391
545
544
541
555
542
557
494
495
1396
1399
1399
1399
1422
1427
1424
1425
1351
1351
1388
1392
391
2408
543
2342
2338
495
2332
2334
1419
1421
1596
1420
1368
1721
1385
1846
2391
2393
2410
2411
2349
2342
2340
2327
2332
2335
1599
1597
1606
1605
1606
1611
1613
1613
1837
1838
1846
2397
2398
2389
2402
2414
2414
2339
2341
2276
2268
1603
1585
1581
1605
1620
1617
1838
1841
1842
1847
2396
2390
2390
2400
2402
2401
2584
2413
2413
2359
2265
2268
2267
1587
1591
1620
1617
1555
1547
1855
1844
1859
2396
2445
2445
2583
2261
2259
2258
2271
1586
1585
1590
1623
1553
1545
1859
1853
2443
2590
2591
2589
2262
2587
2262
2234
2281
1579
1579
1574
1550
1546
1857
1495
1853
2454
2457
2456
2459
2444
2567
2588
2588
2595
2293
2290
2292
2278
1580
2282
1577
1574
1570
1553
1495
1495
1817
1817
2455
2455
2462
2460
2563
2565
2562
2597
2595
2593
2280
2323
2279
1577
1524
1491
1495
1494
1835
1833
1834
2434
2437
2564
2570
2601
2600
2322
2324
2324
1524
1527
1532
1530
1500
1501
1501
1825
2440
2432
2433
2433
2437
2419
2558
2579
2578
2576
2576
2576
2570
2600
2600
2317
2318
2321
1525
2315
1531
1512
1515
1515
1510
1506
1507
1826
1826
1512
1506
1507
673
565
1127
665
696
673
695
673
567
565
562
561
591
587
591
1231
1231
1228
1227
1265
1262
1187
1131
1143
1142
1194
1142
1143
1140
1139
693
693
559
683
561
588
589
590
1292
1291
1223
1226
1226
1264
1170
1169
1141
1160
658
658
657
682
655
684
577
585
585
584
645
1281
1298
1280
1276
1236
1135
1167
1135
1168
1161
1204
1161
1158
658
681
674
655
680
654
582
638
583
649
650
1283
1280
1251
1252
1276
1235
1166
1168
1161
1160
1158
518
514
531
533
475
469
469
644
1288
1277
1463
1306
1165
1181
1312
1180
1315
405
404
398
533
472
471
468
469
1448
1448
1462
1460
1463
1463
1460
1459
1306
1305
1312
1311
1375
407
411
417
399
396
399
532
507
472
466
466
468
1448
1414
1462
1460
1358
1303
1310
1376
406
409
408
392
548
510
508
498
497
1397
498
1428
1428
1426
1439
1425
1349
1349
1391
1391
1390
1375
375
381
390
394
545
505
542
509
495
498
494
1396
1427
1434
1438
1363
1352
1391
1394
1393
374
376
391
393
391
2356
2357
2327
2326
2335
2334
1430
1434
1433
1434
1607
1611
1352
1729
1738
1734
1736
2393
2393
2378
2407
2357
2328
2329
2326
2335
2335
1600
1600
1608
1608
1608
1610
1728
1739
1739
1738
1846
2389
2390
2378
2414
2362
2329
2268
2332
1601
1599
1602
1602
1624
1608
1626
1611
1616
1721
1739
1742
1740
2390
2385
2414
2361
2364
2364
2256
2245
1601
2268
1603
1629
1585
1585
1625
1626
1626
1546
1739
1766
1858
2474
2445
2477
2591
2360
2364
2248
2247
2236
1629
1622
1623
1549
1547
1859
1859
1817
2454
2474
2453
2473
2445
2589
2246
2246
2285
2235
2282
2234
1628
1622
1575
1549
1550
1545
1821
1817
1817
2457
2454
2454
2459
2458
2458
2590
2586
2594
2515
2594
2285
2280
1576
1577
1548
1548
1502
1820
2428
2428
2427
2564
2563
2533
2540
2284
2281
2312
2323
1577
1568
1530
1504
1503
1501
1818
2430
2425
2425
2427
2562
2554
2572
2541
2593
2311
2324
2324
1533
1533
1533
1530
1500
1502
1825
1824
2432
2434
2419
2419
2575
2553
2592
2552
2600
2536
2320
2320
2319
1532
1512
1531
1514
1514
1515
1515
1777
1774
1774
1773
2575
1774
690
696
696
695
700
559
559
562
560
605
608
1230
1231
1231
1227
1221
1221
1241
1242
1189
1187
1195
1196
1196
1200
685
696
692
684
693
712
581
605
605
646
647
645
1225
1228
1222
1233
1234
1233
1235
1172
1195
1199
1202
675
693
683
713
713
582
637
635
649
647
1225
1222
1234
1250
1251
1236
1163
1167
1169
1181
1205
1203
1201
677
678
675
681
681
636
637
650
1224
1251
1252
1253
1164
1172
1182
1203
1206
405
405
674
397
681
426
423
636
629
629
643
629
644
1278
1250
1254
1254
1461
1165
1455
1166
1181
1309
1309
1180
1315
405
402
404
401
397
399
427
471
472
503
469
644
1449
1442
1450
1463
1460
1452
1306
1335
1306
1308
1312
1317
1316
407
402
398
396
427
431
506
504
496
1451
1447
1451
1448
1453
1454
1453
1454
1334
1306
1335
1310
1318
408
394
394
506
507
509
498
1474
1440
1440
1332
1334
1312
1394
375
385
394
388
388
505
508
510
497
492
1473
1431
1431
1431
1437
1439
1333
1352
1391
1394
1392
376
374
385
393
2358
2357
499
491
492
492
1486
1430
1434
1438
1436
1661
1659
1350
1730
1347
1346
1321
1735
2392
2393
2372
2379
2358
2357
2329
2326
2328
2332
1647
1648
1600
1657
1607
1660
1661
1611
1730
1730
1735
1736
2383
2387
2377
2378
2349
2369
2364
2344
2243
2331
1649
1600
1582
1655
1724
1730
1724
1724
1740
1741
1733
2387
2386
2387
2477
2378
2352
2360
2370
2363
2363
2244
2233
1631
1582
1631
1625
1626
1723
1766
1741
1766
1757
1742
2474
2476
2473
2477
2361
2359
2244
2247
2243
2236
2232
2240
1630
1637
1628
1623
1536
1537
1763
1763
1762
1766
1765
2474
2477
2479
2235
2239
2240
1560
1634
1565
1564
1565
1535
1538
1538
1812
1821
1822
1823
2468
2465
2483
2428
2485
2533
2515
2285
2239
2286
2287
2287
1562
1561
1561
1564
1568
1568
1535
1535
1819
1823
1819
2465
2428
2483
2424
2532
2533
2514
2539
2285
2288
2312
1558
1567
1519
1503
1504
1811
1803
1801
1818
1820
2430
2425
2502
2556
2555
2553
2552
2541
2536
2310
2311
2312
2319
1528
1533
1521
1775
1776
1776
1774
2431
2431
2425
2501
2501
2555
2555
2553
2538
2537
2537
2308
2307
2321
1518
1521
1520
1775
1777
1769
2500
701
1202
688
689
699
694
701
698
617
618
620
619
607
608
607
608
608
1229
1219
1218
1240
1242
1187
1190
1193
1196
1196
1193
1202
686
689
687
701
710
560
617
616
619
1212
1219
1215
1233
1238
1241
1237
1190
1189
1188
1199
1202
687
728
740
708
712
713
633
634
634
635
630
646
1225
1244
1248
1171
1172
1172
1177
1204
1208
676
728
682
731
730
680
711
716
713
719
638
631
630
641
640
1224
1210
1245
1247
1248
1175
1178
1184
1184
676
678
677
729
716
425
430
644
643
1224
1251
1247
1253
1164
1183
1176
1183
1207
1315
401
428
428
428
430
502
642
642
640
1442
1450
1444
1461
1457
1455
1327
1329
1303
1309
1309
402
445
444
428
504
503
489
1449
1471
1472
1445
1445
1452
1327
1331
1335
1334
1303
1324
1318
1317
406
387
388
434
433
434
500
501
489
489
1475
1470
1474
1475
1467
1331
1335
1344
1344
1323
1320
1322
1322
373
372
388
384
439
501
492
1473
1478
1437
1332
1437
1436
1347
1346
1343
1321
1321
372
2372
385
438
2353
499
2353
491
1485
1478
1433
1658
1437
1661
1661
1725
1321
1732
2375
2372
2381
2381
2354
2346
2346
2347
2347
1487
1647
1658
1658
1660
1655
1659
1726
1729
1727
1725
1734
1733
2384
2387
2374
2380
2380
2381
2352
2349
2355
2355
2344
2345
2254
1646
1646
1648
1658
1654
1655
1727
1731
1732
2383
2385
2478
2351
2368
2370
2254
2233
1649
1631
1631
1652
1652
1723
1763
1724
1755
1758
1756
1756
2470
2480
2368
2369
2248
2253
2245
2242
1641
1634
1633
1637
1652
1537
1763
1757
1755
2471
2469
2482
2480
2479
2513
2512
2511
2239
2251
2242
2242
1634
1565
1536
1541
1812
1810
1746
1823
2467
2468
2483
2486
2483
2484
2528
2527
2513
2518
2515
2515
2286
2288
1560
1557
1568
1544
1543
1809
1812
1812
1822
2468
2466
2465
2486
2502
2533
2518
2517
2543
2542
2312
1562
2305
1567
1559
1543
1811
1802
1802
1803
2498
2496
2498
2504
2556
2550
2550
2539
2540
2544
2544
2306
2309
1559
1519
1793
1791
1790
1768
1768
2431
2497
2498
2496
2503
2503
2501
2501
2555
2553
2547
2535
2535
2538
2303
2308
2303
2309
2307
1517
1521
1521
1792
1768
1771
1770
1769
1518
690
688
739
700
699
704
698
707
617
618
620
611
614
613
1218
1215
1216
1240
1187
1186
975
1192
1193
1193
1199
1198
952
734
686
739
698
709
706
617
625
623
622
623
614
613
1217
1239
1239
967
966
975
1199
952
951
727
728
730
721
709
718
710
632
623
234
1213
1213
1213
1213
1237
1238
1163
974
1190
1205
1206
950
728
725
729
708
716
719
633
632
631
239
239
1210
1213
1248
1245
1174
1248
1176
1178
1177
1184
1208
935
451
731
452
443
419
419
716
714
628
295
293
629
641
285
286
1210
1244
1246
1246
1174
1175
1184
912
913
1207
449
443
443
421
423
424
424
301
502
289
286
1442
812
1444
810
1456
1456
1329
1328
1326
1314
1315
917
446
446
444
422
434
431
312
311
305
287
1470
1472
1445
1457
1329
1328
1326
1324
911
1316
445
463
460
461
422
433
434
310
305
305
1471
1466
1467
1469
1468
1341
1336
1338
1344
1324
899
459
385
437
440
440
500
324
324
321
323
1484
1487
1484
1477
1468
1340
1339
1337
1337
1344
373
2375
436
436
439
2700
440
2973
308
322
321
1486
1487
1478
1481
1479
1480
1478
1667
1698
1347
1696
1320
2375
2733
2704
2704
2381
2975
2354
320
2347
1645
1646
1480
1644
1667
1698
1733
1694
2375
2374
2384
2740
2614
2352
2974
2975
2346
2957
1646
1640
1640
1657
1665
1655
1700
1701
1701
1700
1704
1726
1759
1760
1760
2613
2614
2352
2367
2367
2254
2253
1643
1642
1639
1651
1652
1699
1748
1759
1758
2471
2612
2478
2611
2611
2366
2367
2251
2250
2254
2242
2241
1641
1637
1540
1747
1747
1750
2469
2470
2522
2525
2511
2251
2799
1634
1636
1637
1542
1541
1748
1746
1745
1749
2467
2468
2484
2485
2526
2492
2526
2512
2521
2521
2520
2521
2239
2304
2007
1557
1544
1542
1541
1809
1808
1809
1805
1804
2489
2489
2488
2492
2492
2505
2524
2530
2518
2520
2543
2521
2306
2036
1558
2026
1790
1797
1797
1799
1806
1801
1806
2495
2498
2491
2507
2508
2547
2535
2820
2542
2814
2302
2036
2305
2027
2026
1794
1794
1791
1783
1783
1786
1770
2495
2494
2504
2509
2510
2510
2550
2547
2550
2823
2820
2813
2303
2303
2030
2030
1517
1793
1792
1782
1786
1771
2546
704
610
737
738
738
704
707
707
626
626
611
611
612
1219
1219
1216
1216
966
965
954
953
945
952
942
943
736
740
742
743
741
707
717
624
625
622
614
236
1056
1053
966
968
969
973
949
944
948
951
952
733
723
724
725
741
251
623
247
236
239
1056
1056
1049
1053
969
968
971
973
975
949
950
939
725
722
724
720
718
720
719
295
291
238
1047
1050
1050
967
972
936
452
451
722
425
129
135
294
295
288
285
239
810
1047
806
806
805
1175
912
914
915
916
447
448
448
443
421
419
138
294
300
289
289
301
288
286
812
803
806
802
805
1329
926
913
916
442
449
422
422
137
136
311
289
287
811
829
829
1340
796
1336
911
461
459
460
458
437
96
97
312
310
317
1466
1465
1466
822
827
1341
1338
896
896
898
899
899
462
464
463
457
440
309
307
324
318
1483
1466
1469
827
835
1339
896
899
898
464
2732
462
437
2707
2698
2699
309
2972
324
321
320
321
1484
1487
1479
1667
827
1666
1715
1714
1693
1696
1690
1696
2733
2705
2705
2732
2703
2704
2701
2701
2975
2971
2972
2957
2956
2165
1481
1640
1670
1662
1667
1701
1718
1692
1716
1693
1695
1696
2733
2741
2704
2700
2974
2971
2957
1640
1670
1670
1701
1673
1719
1692
2626
2742
2625
2614
2614
2610
2975
2966
2957
2955
2794
1642
1643
2151
1669
1669
1699
1706
1703
1704
1706
1703
1752
1753
2623
2625
2624
2613
2607
2870
2367
2870
2965
2792
2140
1636
2009
1672
1672
1707
1704
1754
1751
1751
2623
2622
2608
2608
2523
2869
2525
2870
2251
2797
2873
2792
2800
2005
2009
2009
2011
1540
1744
1744
1745
1749
2623
2608
2522
2523
2527
2859
2876
2518
2872
2797
2796
2797
2800
2005
2008
2015
2014
2013
1541
1796
1809
1805
2670
2489
2505
2524
2875
2797
2798
2796
2035
2036
2024
2022
1797
1800
1797
1800
1785
2672
2672
2492
2489
2506
2823
2819
2820
2813
2036
2029
2023
1940
1798
1799
1785
1789
2495
2663
2506
2507
2510
2510
2509
2839
2823
2820
2814
2817
2044
2030
2045
2030
2027
2031
1939
1937
1780
1783
1783
1786
2495
2823
1786
264
1068
737
737
743
704
703
254
254
626
253
610
612
266
235
1068
1068
1064
959
963
954
946
943
946
945
942
736
737
742
71
706
253
251
251
236
233
236
233
1060
1053
1054
1065
966
1027
975
944
943
733
734
70
74
74
248
246
248
233
1062
1055
1056
1056
1053
960
972
971
972
972
932
940
938
43
45
721
129
132
132
292
247
290
240
241
238
1050
1050
1047
1049
1025
794
931
933
934
931
936
938
450
725
41
128
129
131
135
295
290
292
291
282
242
809
809
806
793
793
914
917
908
450
447
37
138
135
137
135
299
280
283
280
283
809
808
803
800
802
795
798
797
921
926
915
454
458
94
95
123
138
136
112
299
280
283
812
812
803
800
799
797
796
923
922
907
911
455
455
455
458
95
97
112
111
303
306
824
817
826
830
836
895
887
454
458
103
96
108
107
308
318
1484
824
820
816
827
818
834
836
896
886
2735
457
2706
2699
109
109
307
318
315
314
318
314
1483
819
815
1664
1711
1711
1714
1687
1716
1696
2736
2706
2707
2698
2968
2972
2953
2954
2166
2174
1663
1663
1712
1713
1719
1689
1690
2742
2742
2703
2716
2966
2967
2969
2954
2953
2165
2149
2149
2155
2153
1670
1662
1717
1718
1719
1681
1680
1680
1695
2742
2741
2619
2611
2709
2711
2711
2965
2966
2962
2149
2154
2150
2152
1673
1707
1675
1754
1753
2626
2624
2611
2870
2867
2866
2963
2794
2793
2140
2152
2012
2020
2021
1707
1754
1745
1675
1750
1754
2617
2623
2617
2617
2608
2607
2860
2861
2872
2791
2791
2799
2008
2143
2009
2012
2010
2014
2011
1707
1869
1870
1870
1875
1872
2669
2669
2605
2606
2869
2873
2879
2809
2006
2006
2003
2010
1868
1867
1800
1882
1804
2672
2672
2668
2668
2844
2876
2876
2873
2876
2809
2808
2798
2039
2039
2023
2024
2015
1932
1940
1867
1787
1882
2663
2662
2663
2663
2846
2838
2846
2838
2837
2875
2829
2815
2817
2045
2045
2043
2032
2043
1939
2022
1938
1780
1789
1788
2664
2665
2842
2842
2840
2840
2837
2837
2822
2822
2829
2816
2829
2816
2817
2817
2045
2044
2033
2033
2031
1936
1940
1937
1780
1937
1780
1779
1789
1788
1789
1067
991
31
82
85
84
86
254
254
251
263
263
262
264
1068
1065
1064
963
963
963
956
957
957
992
988
998
996
86
85
72
74
252
252
263
265
1060
266
1059
1066
1066
1026
959
962
960
956
957
989
948
995
31
83
71
73
72
74
245
244
246
1061
1061
1057
1058
1058
1052
1059
1026
1027
960
932
940
995
44
42
45
45
70
129
132
130
245
244
240
1062
1037
1025
960
934
931
791
933
937
939
38
39
44
36
42
41
117
120
132
297
298
242
241
809
1038
1039
784
794
794
920
926
937
908
39
37
124
126
126
123
134
134
119
300
298
298
337
282
338
336
800
798
800
790
923
922
907
924
908
151
152
94
120
123
111
297
303
329
327
341
341
824
780
786
830
830
830
795
923
923
887
909
155
154
94
102
112
115
112
306
327
340
824
818
817
816
834
832
833
833
903
904
887
887
890
153
103
101
108
303
328
317
315
821
821
819
815
814
831
832
835
902
902
901
886
892
893
2734
2734
2729
102
107
106
357
2181
820
815
815
1709
1715
1690
1686
1690
2736
2735
2738
2721
2727
2719
2716
2969
2943
2968
2952
2960
2952
2180
2174
2175
2176
1664
1713
1710
1710
1719
1682
1684
1683
2737
2739
2739
2724
2724
2719
2718
2716
2967
2960
2959
2166
2166
2175
2176
2178
2126
1712
1678
1678
1681
1684
1683
2738
2737
2710
2709
2717
2951
2961
2963
2962
2145
2149
2154
2155
2153
2126
2123
2126
2125
1677
1678
1681
1675
1684
2618
2620
2616
2618
2620
2712
2713
2867
2866
2802
2794
2148
2149
2146
2142
2146
2161
2151
2161
2019
2021
1874
1871
2617
2619
2606
2859
2605
2713
2864
2867
2864
2794
2802
2142
2143
2150
2000
2018
2018
2020
2019
1870
1869
1876
1876
1873
1873
2653
2651
2658
2861
2860
2880
2879
2882
2804
2803
2812
2006
2001
2002
2002
2013
1864
1867
1881
1878
1881
2669
2654
2654
2660
2659
2845
2844
2881
2881
2879
2805
2809
2811
2809
2037
2001
2038
1972
1934
1949
1866
1882
1882
2671
2671
2656
2659
2843
2846
2846
2855
2825
2826
2828
2832
2039
2039
2042
2033
1933
1940
1866
1949
1947
1949
2666
2666
2664
2657
2843
2843
2839
2854
2826
2826
2829
2832
2042
2042
2041
2032
1937
1936
1931
1931
1949
1944
1946
90
91
86
83
89
274
273
260
257
256
1068
1102
1094
1072
961
1021
992
991
997
33
92
82
86
78
274
275
278
273
263
257
256
1057
1024
1093
1070
961
1022
987
988
998
32
76
80
80
79
278
245
277
258
265
1036
1036
1024
1033
1030
1022
1020
1016
995
978
32
42
190
189
196
1035
1036
1044
1031
1029
1029
1030
1012
1013
1016
1016
1014
995
27
36
36
45
36
117
117
188
196
194
1039
1038
1043
1037
1030
791
751
751
1011
925
926
38
35
125
120
120
119
188
325
326
338
346
337
779
789
785
754
750
867
909
150
152
161
126
123
122
115
332
331
326
325
341
339
336
789
788
785
786
786
754
920
920
884
909
154
151
158
99
100
113
115
328
329
341
780
783
744
748
905
905
905
890
884
889
153
155
103
99
101
114
115
106
105
355
359
783
782
902
902
884
893
890
2730
2730
2730
2729
2728
2753
106
106
315
359
2181
823
2184
831
1710
1687
1689
893
1686
892
2727
2726
2727
2727
2751
2960
2942
2163
2169
2181
2180
2177
2120
2118
1709
2057
2054
2721
2723
2719
2719
2717
2716
2943
2960
2166
2171
2172
2175
2177
2178
2122
2120
2057
1678
1676
1684
2055
2722
2724
2754
2710
2750
2945
2961
2172
2170
2145
2159
2158
2157
2123
2126
2116
2082
2084
2073
2073
2637
2637
2710
2951
2926
2141
2146
2161
2158
2158
2123
2083
2071
2085
2071
2636
2634
2712
2649
2862
2864
2927
2878
2803
1999
2000
1963
2018
2017
2018
1862
1863
1875
1874
1872
2654
2633
2651
2648
2863
2864
2879
2806
2812
2141
1959
2003
1962
1932
1863
1861
1871
1879
1878
2652
2653
2656
2848
2660
2847
2882
2880
2804
2810
2812
2812
1989
1995
1954
1960
1972
1963
1971
1920
1951
1879
1879
2652
2689
2657
2657
2657
2849
2843
2849
2852
2855
2855
2835
2831
2834
2811
1995
1994
1965
1972
1975
1972
1973
1933
1934
1951
1952
1952
1946
1945
2665
2690
2688
2692
2851
2855
2854
2825
2835
2832
1995
2042
1964
1964
1974
1974
1930
1931
1931
1950
1946
2832
1102
55
90
91
89
87
89
88
270
269
269
260
259
1096
1101
1094
1093
1071
1094
1073
1073
1002
990
994
998
997
92
89
78
67
275
276
278
258
223
259
257
1097
1097
1072
1021
999
990
987
998
29
29
77
80
76
63
63
276
278
225
225
1096
1024
1069
1032
1070
1079
1022
989
980
979
25
30
33
24
21
80
189
61
222
195
222
224
193
225
1036
1042
1042
1032
1033
1031
1030
1079
1078
1011
1012
1015
979
26
26
24
15
163
190
196
193
192
345
1045
1045
1044
753
751
764
1013
866
869
1016
869
869
150
16
126
164
165
332
186
196
334
1045
347
344
1043
787
789
754
753
920
865
866
868
158
160
157
124
149
149
167
332
335
347
347
347
788
789
747
746
747
751
919
844
881
882
159
158
157
100
179
179
181
331
332
349
335
780
360
783
783
774
744
838
905
904
844
880
890
2730
2779
182
182
180
356
356
356
356
361
780
770
771
841
837
845
846
891
2782
2780
2752
184
183
185
180
2941
355
2162
358
2168
359
359
2181
2183
2182
839
2129
840
2062
2062
2061
2060
2056
891
2783
2780
2753
185
2944
2163
2168
2183
2182
2184
2129
2128
2060
2062
2059
2056
2724
2781
2749
2755
2756
2752
2753
2750
2951
2945
2945
2941
2944
2945
2171
2169
2219
2119
2120
2119
2118
2058
2058
2055
2056
2722
2637
2756
2758
2749
2759
2951
2950
2172
2172
2170
2157
2159
2158
2120
2122
2117
2082
2085
2072
2053
2630
2636
2757
2757
2948
2928
2928
2186
2195
2161
2116
2084
2088
2073
2073
2088
2631
2628
2631
2637
2634
2634
2648
2913
2912
2928
2928
2927
2918
2185
2193
2195
2194
2205
2206
2160
1963
2018
2081
2083
2089
1901
2628
2633
2646
2649
2913
2912
2917
2922
2919
2803
2191
2192
2192
1960
1959
1962
1921
1864
1861
1900
1902
2675
2675
2696
2658
2696
2857
2806
2919
2805
1989
1990
1988
1994
1961
1961
1957
1963
1922
1919
1920
1861
1887
1903
1905
2691
2688
2695
2848
2696
2852
2847
2834
1998
1966
1954
1967
1966
1975
1919
1925
1884
1943
1943
1904
2690
2687
2687
2693
2852
2856
2858
2858
2857
2835
2833
1996
1995
1965
1968
1973
1927
1919
1924
1950
1942
1943
1946
2693
49
1088
52
53
47
49
272
268
269
271
216
1103
1103
1103
1100
1095
1100
1088
1089
1002
985
986
984
55
51
53
52
68
66
219
269
219
219
216
228
1105
1095
1106
1088
1071
1079
1003
1001
986
983
30
51
77
65
64
61
217
218
214
221
216
228
1104
1106
1076
1076
1079
1079
978
980
24
11
21
187
187
222
222
225
1112
1042
1075
1076
1019
1018
976
977
25
27
14
16
162
164
162
186
202
193
193
1045
1042
760
766
869
7
148
14
148
163
149
166
202
343
344
344
759
765
766
865
870
867
870
160
7
146
146
149
179
166
167
165
334
346
344
758
748
746
844
879
881
882
161
158
145
178
206
350
350
350
362
360
774
774
777
771
771
851
843
844
845
878
882
882
879
159
2789
2789
179
181
349
353
362
361
363
774
768
771
840
839
837
847
873
873
2783
2778
2779
184
183
351
2216
2216
2129
2132
838
847
2068
846
2047
2782
2778
2744
2753
2744
2930
2225
2223
2216
2218
2219
2217
2219
2129
2132
2062
2067
2066
2067
2056
2046
2777
2774
2755
2764
2750
2938
2932
2942
2227
2218
2219
2138
2138
2131
2059
2065
2053
2053
2776
2774
2754
2763
2765
2950
2948
2947
2948
2228
2228
2203
2203
2137
2117
2100
2102
2082
2087
2052
2088
2053
2776
2773
2759
2758
2916
2948
2925
2925
2195
2195
2207
2207
2104
2102
2082
2090
2079
2630
2631
2646
2645
2647
2915
2913
2916
2920
2925
2186
2189
2193
2192
2197
2207
2205
2104
1914
1862
2091
2091
2086
1902
2088
1901
2674
2631
2646
2647
2916
2921
2921
2918
1992
2192
1989
1955
1956
1956
1887
1886
1891
1905
1900
2675
2691
2678
2676
2904
2903
2902
2902
2901
2917
1991
1989
1997
1955
1953
1916
1922
1884
1896
1905
1905
2689
2687
2696
2694
2905
2905
2889
2888
1996
1998
1977
1997
1969
1921
1919
1925
1925
1899
1899
2686
2687
2692
2856
2858
2898
2893
2890
2893
2890
2889
2891
1978
1980
1918
1910
1927
1928
1925
1943
1897
1969
271
56
50
1103
1099
1100
1099
1100
1088
1004
1090
1091
1004
999
985
984
55
68
68
270
68
210
216
1108
1108
1105
1088
1089
1001
1000
982
983
56
50
67
65
66
219
229
230
231
1104
1114
1076
1001
1001
982
30
4
30
11
19
61
217
198
231
230
1112
1082
763
1019
977
4
12
13
15
19
199
197
201
228
1112
1111
762
759
766
863
864
860
6
7
12
140
171
171
208
202
202
364
766
859
765
861
861
6
10
0
146
143
173
172
207
208
207
204
343
773
758
760
859
878
881
10
146
176
176
206
365
365
775
776
745
853
872
9
143
176
178
352
352
365
777
770
849
852
847
872
873
2789
2789
2747
2747
2746
2933
2224
353
367
768
2135
768
849
2132
841
2068
876
2783
2781
2787
2747
2933
2932
2930
2224
2216
2217
2138
2135
2138
2132
2066
2050
2049
2777
2777
2939
2930
2225
2223
2212
2210
2137
2099
2101
2064
2065
2050
2766
2777
2774
2764
2761
2762
2765
2939
2762
2231
2228
2227
2204
2209
2105
2102
2098
2065
2078
2767
2768
2641
2761
2937
2907
2910
2924
2204
2189
2206
2198
2105
2105
2089
2098
2079
2075
2078
2640
2640
2642
2916
2925
2191
2199
2198
2114
2114
2100
2093
2093
2090
2076
2076
2677
2646
2915
2922
2920
1992
2188
2197
2114
1957
1916
1887
1893
1890
2675
2676
2644
2903
2902
2887
2901
2886
1991
1983
1984
1986
1916
1887
1893
1892
1893
1904
2684
2902
2899
2888
2886
1992
1980
1982
1985
1967
1908
1928
1885
1885
1896
1896
2682
2683
2694
2899
2893
1977
1978
1980
1968
1909
1908
1924
1896
1898
1899
2892
50
47
272
215
1004
1006
54
210
1091
1010
64
58
58
213
1082
198
229
1115
1082
1009
976
4
140
199
1112
763
763
862
19
228
1112
863
860
7
1
172
205
364
745
757
859
875
143
143
176
170
205
371
371
777
851
857
856
2784
8
2746
175
367
850
2788
2747
368
850
2050
876
2787
2935
2939
2222
2211
2136
2134
2136
2774
2763
2939
2939
2933
2229
2231
2212
2099
2099
2768
2204
2210
2108
2107
2102
2099
2095
2077
2643
2229
2189
2204
2096
2077
2641
2910
2910
2198
2106
2106
2075
2677
2640
2908
2200
1986
1915
2093
1893
2678
2684
2904
2887
1983
1986
1915
1913
1892
1890
2684
2897
2884
1985
1907
1928
2683
2885
1909
1895
56
1081
1083
1008
1107
13
18
213
1018
756
756
762
10
0
205
170
875
351
876
2047
2744
2064
2762
2769
2222
2211
2111
2230
2111
2643
2079
2092
2639
2189
1916
1913
1906
1890
2898
2891
1087
1008
1107
1003
3
58
983
1114
864
200
17
197
858
142
777
853
852
2933
2221
2213
2050
2762
2937
2095
2096
2627
2199
2107
2907
2200
1889
2908
1983
1986
2895
2885
1983
1912
1926
1899
47
1090
210
1082
1083
1010
4
1115
205
862
140
757
856
10
169
370
204
776
368
2221
2213
2209
2231
2201
2640
2114
2897
1913
1890
2899
1979
1910
59
212
1109
1109
1009
213
231
19
855
1
173
371
857
850
2784
2789
368
2135
2110
2049
2769
2935
2231
2767
2907
2909
2766
2642
2910
2093
2896
2681
2681
2884
1980
1907
59
212
2529
2529
1006
62
62
2549
2421
22
1084
1084
855
170
141
170
2786
856
2786
2135
2936
2936
2135
2110
2222
2111
2210
2108
755
2201
2096
2070
2113
2681
2680
2896
1913
2070
2895
2884
927
929
2529
1085
1007
1007
2421
2421
22
1085
22
1814
928
1814
2557
371
2422
2833
2714
929
2420
519
2548
2771
2680
2771
651
2422
662
