256
38
80
81
81
81
34
34
38
42
86
86
34
39
39
42
43
43
43
88
80
80
34
32
32
40
88
80
86
86
86
35
32
40
88
67
65
65
35
32
32
41
41
40
70
67
65
65
56
56
41
71
67
68
65
57
57
57
57
56
51
51
48
48
70
71
71
68
68
57
56
51
48
72
72
70
70
71
68
58
56
50
50
51
48
72
72
189
175
174
58
230
189
189
189
174
174
174
230
238
189
188
188
174
236
185
188
188
188
170
170
170
231
236
236
238
187
185
191
170
229
229
229
236
239
239
239
238
187
187
191
171
171
160
160
229
229
239
239
239
187
187
191
160
243
191
182
171
163
160
243
243
243
243
243
253
253
181
181
183
183
163
162
243
182
183
183
183
183
163
163
162
162
240
242
242
242
253
91
91
91
91
91
91
81
81
81
81
81
86
86
86
86
34
34
38
38
38
39
39
39
42
42
42
43
91
91
80
80
80
80
81
86
86
34
34
34
34
34
38
38
39
42
43
42
43
91
88
88
88
80
80
87
86
86
86
86
34
35
34
34
34
32
39
39
40
40
40
43
43
88
88
88
88
80
80
87
86
86
35
35
35
32
32
32
39
41
40
40
88
88
88
88
88
88
67
67
65
65
65
35
65
35
32
41
41
41
40
40
75
75
70
67
70
67
65
65
65
57
57
57
56
56
56
56
32
41
41
48
40
48
48
75
75
75
70
70
70
71
68
65
57
57
57
57
56
56
50
51
50
51
48
48
48
75
75
72
70
71
71
68
68
68
57
57
57
57
50
50
50
51
48
49
49
72
72
72
70
70
70
71
71
68
68
68
58
58
58
58
58
58
50
50
50
50
49
49
49
48
72
72
70
70
175
68
175
174
174
174
230
58
50
50
50
50
50
236
49
49
238
185
185
189
189
188
189
188
189
175
175
175
175
174
174
230
230
230
230
230
231
236
231
231
236
236
238
238
185
185
189
188
188
188
175
175
170
170
170
230
230
230
231
231
231
236
231
238
238
238
238
185
188
185
188
188
170
170
170
170
230
229
229
229
229
236
238
236
239
238
238
185
187
191
191
170
170
171
170
170
170
160
229
229
229
237
236
238
239
239
187
187
187
191
191
191
191
191
191
171
171
171
229
229
229
237
237
239
187
187
187
191
191
191
171
171
171
160
160
160
160
160
229
229
243
243
243
243
253
239
253
187
187
187
187
191
183
183
171
171
160
163
160
160
160
160
160
240
240
243
253
253
181
182
182
182
182
183
183
163
163
163
162
162
160
240
240
242
243
242
242
253
253
181
181
182
182
182
183
183
183
183
163
163
162
162
162
240
242
242
253
253
253
253
253
182
81
39
91
91
91
81
81
81
81
86
86
85
86
85
34
34
38
38
39
39
42
42
42
43
91
91
91
91
91
80
81
80
81
81
80
87
87
87
86
34
34
34
38
38
39
39
42
43
43
43
91
89
89
80
80
80
87
87
87
35
35
35
35
35
35
35
34
32
39
39
40
43
43
88
89
89
89
89
88
80
87
86
35
35
35
32
32
41
40
40
40
40
40
88
88
88
88
74
88
67
67
67
67
65
65
57
56
56
32
32
32
41
41
41
40
75
75
70
66
67
67
67
65
65
57
56
56
51
51
48
48
75
75
70
71
68
68
57
57
56
50
56
50
51
51
48
75
75
75
75
70
70
70
71
71
71
71
58
58
59
56
56
59
50
51
51
51
49
49
48
49
72
72
72
70
71
71
71
71
68
68
68
58
58
58
58
58
59
59
50
51
51
49
49
72
189
70
172
175
68
174
174
58
58
230
59
50
236
49
233
185
185
189
189
173
173
175
175
174
174
230
230
231
231
231
231
231
236
238
238
238
185
185
185
189
188
188
175
175
174
174
230
230
231
231
231
236
236
238
233
238
185
185
185
184
188
189
188
188
188
168
170
170
230
230
228
228
236
236
237
236
238
239
185
184
190
191
168
170
170
170
229
228
229
228
237
237
239
238
187
191
191
168
171
171
171
170
160
228
228
228
237
237
239
239
239
186
186
186
187
187
191
191
191
171
171
171
171
160
160
161
228
229
241
237
243
243
239
239
186
187
187
187
182
182
183
163
171
163
160
161
161
240
240
241
243
243
253
253
253
181
181
182
183
163
163
163
162
161
161
240
240
241
241
242
243
253
181
181
181
181
182
182
182
182
183
183
183
183
163
163
163
162
162
162
240
162
240
240
242
240
242
242
242
253
253
240
242
242
91
81
39
91
90
91
90
91
81
81
81
81
87
84
84
85
85
85
38
38
38
39
39
42
42
42
42
42
42
43
90
90
81
82
81
87
87
87
85
85
85
85
33
34
39
42
42
43
89
89
91
89
89
82
80
82
87
87
84
35
35
33
35
33
38
37
40
37
40
42
43
43
89
89
89
89
89
82
82
82
87
65
65
35
35
33
32
32
37
37
40
40
43
40
89
89
74
66
67
67
65
64
60
33
61
32
37
41
41
41
47
74
74
74
66
67
67
67
65
57
60
56
56
61
61
53
53
53
41
41
48
48
75
75
75
74
74
74
66
66
66
66
65
65
60
57
61
56
51
53
53
48
75
75
75
72
71
71
69
68
68
58
68
58
59
59
59
50
51
51
49
49
49
48
72
72
72
73
71
71
71
69
69
68
68
58
58
59
59
50
51
49
49
49
72
73
72
72
72
172
172
175
175
174
174
59
59
59
59
231
225
51
232
233
233
233
185
185
189
189
173
175
175
175
174
174
226
230
231
231
231
236
232
233
233
233
233
185
184
189
189
173
175
175
174
230
226
230
227
231
225
231
236
236
232
233
235
235
184
184
188
173
168
168
168
168
230
168
227
229
228
228
228
228
237
237
235
235
234
184
190
184
190
188
168
168
168
168
228
228
228
237
237
239
239
239
186
186
186
186
190
190
168
168
171
166
160
166
228
228
228
228
237
237
239
239
239
186
186
186
187
186
190
190
177
168
167
171
167
161
161
228
241
243
241
252
181
178
177
182
182
177
167
161
161
161
161
161
241
241
241
241
243
253
181
181
181
182
182
177
183
167
163
161
161
161
240
240
240
241
242
241
253
252
181
181
181
182
182
177
163
164
163
163
162
162
162
240
240
240
241
240
242
242
242
252
252
252
183
252
90
90
90
90
92
81
83
83
83
84
85
85
85
85
85
38
38
38
39
39
39
42
44
42
43
90
90
90
92
90
82
84
84
84
84
85
85
85
85
33
36
38
36
37
37
44
45
43
89
90
90
82
82
82
82
84
87
84
33
33
33
33
33
36
37
37
37
45
45
43
43
89
94
89
89
82
82
87
64
33
33
37
33
37
37
46
45
45
74
74
94
74
95
76
66
67
67
64
64
64
64
33
33
33
61
61
37
53
37
41
46
47
47
47
74
74
74
74
74
74
66
66
67
66
64
64
60
60
60
61
61
53
53
53
41
41
55
48
47
74
74
74
73
76
66
66
66
64
60
60
60
60
61
61
61
52
53
53
52
55
48
74
73
73
66
66
69
69
60
59
52
52
52
48
49
73
73
73
73
73
69
69
69
69
69
63
59
59
59
59
52
52
52
49
49
49
73
73
73
73
173
172
69
69
69
69
63
59
59
59
59
225
225
52
232
52
52
54
233
185
185
184
189
173
172
172
172
175
174
226
227
227
227
225
225
225
232
232
232
233
233
184
184
189
189
173
173
173
172
175
172
226
227
227
232
232
232
232
235
233
235
234
184
184
184
190
189
190
188
173
173
173
168
168
227
227
227
225
225
232
235
235
234
234
235
186
184
184
190
190
168
168
168
169
168
169
166
227
227
228
228
237
237
235
235
235
234
234
186
184
190
168
166
166
161
227
228
245
227
237
237
237
252
234
234
252
186
186
186
178
177
176
176
167
166
166
166
166
245
245
245
245
241
245
241
241
252
252
252
180
181
178
178
177
177
176
167
167
161
161
245
245
241
241
241
252
252
252
252
252
180
181
179
177
177
177
177
164
163
161
161
161
161
247
241
241
242
252
255
252
180
181
181
179
179
177
177
177
164
164
164
162
162
162
247
240
242
242
255
252
179
92
44
90
90
92
90
92
83
83
84
83
84
84
84
123
123
85
85
85
38
36
39
44
44
44
44
44
44
44
90
90
90
92
83
83
83
84
84
85
33
36
36
36
36
36
36
44
44
45
45
90
94
92
92
82
82
82
82
84
83
84
84
33
33
36
37
37
37
46
45
45
94
94
94
94
95
95
95
95
82
82
82
84
84
64
64
85
122
33
37
36
46
46
46
45
94
94
94
94
95
76
66
64
64
60
61
36
61
37
46
46
46
45
47
78
76
76
76
66
66
64
64
64
60
60
61
61
61
53
37
53
46
46
47
74
78
78
76
66
64
64
60
60
60
61
61
52
53
52
52
53
55
55
55
54
74
78
73
77
76
77
66
69
69
69
60
62
63
60
61
52
52
55
55
55
54
54
54
73
73
73
77
77
69
69
63
62
62
52
62
62
52
52
55
54
54
73
132
73
77
172
69
172
69
63
63
62
225
62
225
225
232
54
233
132
132
132
132
173
172
172
172
172
63
226
225
225
225
225
232
232
232
232
232
233
233
132
132
132
132
190
173
173
173
173
172
172
172
172
226
226
227
225
225
232
232
233
233
132
184
184
190
173
173
169
169
227
227
227
225
232
232
235
235
234
234
234
234
184
190
190
173
168
169
169
169
169
227
227
227
224
237
235
234
234
186
186
184
184
190
190
169
176
167
169
166
166
166
245
237
250
250
250
250
234
186
180
178
184
178
178
176
176
176
176
176
167
167
166
245
245
245
244
241
250
250
252
252
180
180
180
178
178
176
176
167
167
167
166
245
165
247
245
244
255
255
255
252
180
180
178
179
177
177
164
164
164
164
164
165
165
247
247
249
255
255
255
255
180
179
179
180
179
179
179
179
177
177
177
164
164
164
165
162
165
162
162
247
247
242
255
255
255
255
255
247
93
93
92
92
92
92
92
83
83
123
123
123
123
123
25
25
25
36
44
44
44
44
44
44
44
44
8
93
93
92
92
92
83
83
83
122
122
123
122
123
25
36
36
36
44
44
45
45
45
94
94
94
95
92
83
92
84
122
122
122
122
33
25
25
36
36
46
44
45
45
45
94
94
94
95
95
82
82
101
122
122
122
122
25
36
36
36
27
46
46
46
46
45
45
94
94
94
94
95
76
95
82
64
101
101
64
64
100
100
60
61
27
36
37
46
46
47
47
47
78
94
78
76
76
76
76
101
64
100
100
60
60
61
27
53
53
53
46
46
47
47
47
78
78
78
76
76
66
103
103
103
100
62
60
61
61
53
53
55
55
54
54
79
79
79
79
76
77
77
103
103
103
63
62
62
62
62
52
55
55
55
54
54
79
73
77
77
77
69
102
102
102
102
63
63
63
62
62
52
52
55
55
55
73
132
77
77
77
133
77
136
103
102
102
63
63
63
63
63
62
62
225
224
55
213
54
132
132
132
133
133
136
172
102
172
226
226
63
226
225
224
233
233
132
132
132
132
132
135
136
136
172
137
226
226
226
224
224
224
224
224
224
224
235
232
234
234
234
134
135
190
137
137
169
169
226
226
226
224
224
224
235
234
234
134
134
190
135
135
137
173
169
169
169
169
169
226
227
224
235
250
234
186
186
190
176
169
169
166
245
245
224
244
244
250
250
251
251
180
180
178
178
176
178
176
176
167
167
167
167
166
166
245
244
244
244
250
250
250
250
250
254
180
180
180
178
178
178
176
176
176
167
164
167
166
245
245
247
249
249
249
255
255
255
250
180
180
178
178
179
176
165
164
165
165
165
246
165
247
247
247
249
255
255
255
255
255
180
180
179
179
179
179
177
177
164
164
164
165
165
165
247
247
247
249
249
255
254
254
179
92
123
93
93
92
92
118
83
118
123
123
123
123
123
25
25
25
14
14
15
8
8
8
8
8
93
93
93
92
93
92
83
83
123
122
123
122
25
25
14
25
14
14
45
8
8
8
8
93
95
95
95
93
122
122
122
122
122
25
25
25
25
14
27
14
14
14
9
45
9
95
95
95
95
95
95
83
101
101
121
27
27
27
14
14
46
78
78
95
76
109
109
101
101
100
100
100
27
27
27
27
22
46
47
47
47
47
78
78
78
78
76
76
109
101
101
100
100
101
100
100
22
22
22
22
22
53
3
47
47
78
78
76
76
109
109
103
100
100
20
23
22
53
3
55
47
79
79
79
79
77
77
109
103
102
102
62
62
62
21
23
55
55
54
54
54
54
54
79
79
79
77
77
103
102
102
102
63
62
62
23
23
55
54
54
54
133
133
133
77
133
133
133
103
136
102
102
102
102
63
63
62
225
23
225
216
216
213
213
213
213
132
133
133
133
133
133
133
133
136
136
136
137
137
206
63
226
207
217
217
216
216
213
216
213
213
213
132
132
135
133
136
137
137
207
224
217
217
224
216
213
134
134
134
135
135
135
136
137
137
137
155
226
226
207
217
224
224
218
224
235
216
235
235
234
134
134
134
135
135
156
137
136
137
169
226
226
207
224
224
218
235
251
251
234
134
134
135
147
156
156
176
156
169
157
157
169
166
245
245
244
244
244
250
250
251
251
134
147
147
178
176
147
157
167
167
167
166
166
166
245
245
244
244
244
244
250
250
251
149
180
178
176
164
165
166
165
246
244
244
244
249
249
249
249
254
149
149
178
180
178
164
159
165
165
246
246
247
249
249
249
254
254
180
149
179
178
179
179
179
179
164
164
165
165
246
246
246
246
247
246
247
249
254
254
254
254
149
164
254
123
24
93
93
93
119
118
118
123
123
118
123
123
120
123
24
24
25
15
15
15
8
8
8
8
8
93
93
93
119
118
118
121
123
123
121
122
120
24
25
24
24
14
25
14
8
8
93
93
119
119
118
121
121
121
121
26
26
24
25
25
14
14
14
14
14
9
9
9
115
114
95
118
118
118
101
121
101
121
121
26
27
27
26
27
27
3
14
9
9
3
9
9
78
95
76
109
109
109
109
101
101
101
101
100
121
27
27
27
3
3
47
47
2
78
78
78
109
109
109
101
101
100
100
100
100
27
20
22
22
22
3
3
3
3
2
47
79
79
78
77
108
109
108
103
101
100
100
20
21
22
22
22
3
23
3
3
54
2
79
79
79
79
77
108
103
103
103
102
21
23
23
23
23
2
7
79
79
79
77
108
103
103
102
102
21
21
21
23
23
23
23
7
7
131
133
133
133
103
103
103
102
102
102
102
99
63
21
23
217
216
216
216
213
216
213
131
133
133
136
136
137
138
137
206
206
207
217
216
216
216
213
213
131
135
135
135
136
136
138
137
138
206
206
206
206
207
207
217
216
216
216
212
213
212
213
131
135
134
135
135
136
136
136
137
137
206
207
207
207
217
218
212
212
212
134
134
135
156
156
156
137
157
157
206
207
218
218
218
218
251
251
212
251
212
134
134
134
134
134
147
156
156
157
157
157
157
192
192
192
199
218
244
218
250
218
248
250
251
251
149
149
147
147
156
157
157
158
192
192
192
199
248
248
250
251
251
149
149
149
147
146
157
157
157
157
158
158
158
192
192
246
244
244
248
248
249
249
251
149
149
149
146
146
146
146
146
146
159
159
159
158
246
246
246
246
246
248
248
249
249
254
254
149
149
146
146
146
146
146
159
159
159
159
165
159
165
159
246
246
246
246
246
246
248
248
248
254
248
254
254
254
254
254
24
8
93
115
119
119
119
118
121
121
120
120
120
120
24
24
15
15
15
15
15
15
8
8
8
11
8
119
119
119
119
118
121
121
120
120
120
24
24
24
24
15
15
15
15
15
9
9
9
115
115
119
119
119
118
121
121
121
26
26
24
26
24
26
24
27
15
15
9
9
9
115
114
114
114
118
118
118
118
124
124
121
26
26
27
14
14
3
3
9
9
9
114
114
114
114
114
114
109
109
109
101
100
121
26
26
26
26
27
27
3
3
3
2
2
114
114
108
108
108
108
109
109
109
101
101
96
96
100
96
20
22
22
3
3
2
2
2
2
2
111
111
108
108
108
97
96
97
96
96
96
20
21
20
20
22
22
22
3
2
2
7
7
111
111
79
111
108
108
97
97
96
99
21
21
21
23
23
23
23
23
2
7
7
7
7
111
79
111
103
97
97
99
99
99
21
21
21
23
19
19
19
19
19
7
7
7
7
131
131
130
111
111
97
99
99
21
21
23
216
216
213
214
213
131
131
131
131
130
133
143
136
138
138
138
138
138
206
206
202
202
217
217
216
216
216
213
213
213
131
131
131
131
131
135
143
136
138
138
138
206
206
206
207
202
217
217
214
214
212
212
213
131
131
128
135
143
138
138
138
138
206
206
207
207
207
218
218
218
218
212
212
212
212
212
131
134
134
128
135
135
142
156
156
155
155
206
206
205
206
206
207
207
199
218
218
212
212
134
128
147
156
147
156
156
156
156
157
155
205
192
199
199
199
218
218
218
219
219
251
251
222
222
149
148
147
147
156
156
157
157
158
158
158
192
192
199
199
198
219
251
251
251
251
149
148
149
148
147
147
146
157
157
157
158
158
158
158
192
192
198
198
248
248
249
251
251
149
149
148
146
146
146
146
159
159
159
158
159
192
192
193
246
248
248
249
221
254
249
149
148
149
148
146
146
146
153
159
159
159
159
193
193
193
246
248
248
248
248
248
254
254
115
119
119
119
119
118
127
120
120
120
24
31
24
15
15
15
8
11
11
115
115
115
119
119
127
127
127
127
120
120
120
24
24
31
13
15
15
9
11
11
115
114
119
118
118
127
124
127
124
121
26
26
26
28
13
13
9
9
11
11
115
114
124
124
124
26
26
28
28
28
1
1
1
9
2
1
2
11
114
114
114
114
114
118
116
124
124
124
26
28
28
28
28
3
1
1
1
1
2
114
114
108
108
109
108
109
96
96
26
96
20
20
20
20
22
3
4
2
111
111
110
108
108
108
108
96
96
96
96
96
20
20
20
20
20
22
22
22
2
2
4
4
111
111
111
111
108
108
107
97
97
20
21
23
19
18
2
19
6
7
7
7
111
111
111
111
111
107
107
97
97
99
99
21
21
19
6
6
7
7
130
130
130
130
130
143
97
97
97
99
202
21
202
19
210
214
214
7
214
7
130
130
130
143
143
138
138
205
205
202
202
202
217
210
214
214
214
131
130
143
143
143
143
138
138
205
205
205
202
202
202
217
217
210
212
215
212
215
131
131
142
142
142
138
138
205
205
205
206
207
207
217
218
218
208
212
212
215
128
128
128
138
155
205
205
199
207
207
218
219
212
212
215
128
128
156
144
156
156
155
155
155
199
199
199
219
219
219
219
219
222
219
222
148
148
147
147
147
156
155
155
158
192
199
199
199
198
219
222
222
222
222
148
148
148
147
147
145
152
152
158
158
158
158
192
192
192
199
198
198
198
221
221
222
222
148
148
148
148
148
145
146
146
145
145
153
158
158
158
158
193
193
193
198
198
198
198
198
248
221
221
221
221
220
148
148
148
148
146
145
153
159
159
159
193
193
193
193
193
198
248
198
221
221
221
159
31
112
119
112
117
117
117
117
127
127
127
120
120
31
31
31
31
30
31
13
13
13
11
11
11
11
117
117
116
117
127
127
127
127
127
120
120
31
31
30
13
12
11
10
11
115
115
115
116
116
116
116
127
127
124
125
31
31
30
28
13
13
10
11
11
11
115
115
115
114
113
116
124
116
124
124
124
124
124
124
28
28
28
28
28
28
1
13
1
1
1
10
11
115
115
114
113
105
124
124
124
124
28
28
28
28
1
1
1
1
1
1
1
1
1
110
113
108
105
105
96
105
96
96
28
20
17
28
16
20
18
0
1
4
4
4
110
110
110
107
107
107
105
96
96
17
20
20
20
16
18
18
18
0
2
6
4
4
110
110
110
107
107
107
97
96
96
99
99
20
17
16
18
16
18
19
6
6
6
6
7
130
143
97
107
98
99
99
99
99
99
21
19
19
19
19
6
6
7
130
143
143
107
97
97
97
139
99
200
99
202
99
99
202
202
202
19
210
19
210
210
210
214
214
7
130
130
143
97
139
200
200
202
202
202
210
210
210
210
210
214
131
130
143
143
143
143
143
143
143
139
138
139
139
139
205
202
203
210
217
210
210
208
215
215
215
131
128
128
142
143
142
139
139
205
205
205
203
207
203
217
217
211
208
212
215
215
128
128
128
142
154
155
155
205
205
206
219
208
208
215
215
208
128
128
128
128
128
128
128
154
154
155
155
155
155
205
205
205
205
199
199
199
199
219
219
219
219
222
151
128
151
144
144
154
152
155
155
155
195
195
195
199
199
198
219
219
222
222
222
151
151
144
144
144
152
152
152
158
192
195
195
192
199
198
198
198
198
221
221
222
221
222
222
148
148
150
145
145
145
145
153
192
193
193
198
193
198
221
221
221
221
221
222
150
150
150
150
145
145
145
145
153
153
153
195
193
193
193
198
197
221
220
221
221
221
220
145
117
30
112
117
117
117
126
126
126
126
120
120
31
31
31
31
30
13
13
12
10
11
11
112
112
112
112
116
116
126
127
127
126
127
120
31
31
30
30
13
13
12
10
11
11
112
112
113
116
116
116
127
126
127
125
126
125
30
30
30
13
13
13
10
11
115
113
113
125
125
125
125
125
29
29
29
0
10
0
10
10
115
114
113
113
116
105
116
105
125
124
28
28
29
29
0
4
110
110
113
106
105
106
105
104
17
17
17
16
0
0
0
4
4
4
110
110
106
106
106
107
105
105
105
96
99
17
16
18
0
6
4
4
4
110
110
107
107
104
98
99
98
17
17
16
16
16
18
18
18
6
6
6
5
5
4
5
110
140
140
107
107
98
98
98
98
98
17
17
16
19
19
19
6
6
6
130
130
140
107
98
98
200
202
203
19
19
6
214
6
214
130
141
141
143
140
139
200
200
202
200
202
203
203
210
210
210
210
214
214
214
214
130
129
141
141
142
142
139
139
200
201
203
203
211
210
208
208
215
215
129
129
129
142
141
142
142
139
154
204
201
203
203
203
211
211
208
208
208
215
208
215
129
129
142
142
154
154
154
154
204
204
203
203
211
208
208
208
208
151
129
128
129
142
154
154
154
155
155
204
204
204
195
204
196
196
196
196
219
209
219
219
223
208
222
151
151
144
144
154
155
152
152
195
195
195
196
196
196
219
223
223
223
222
151
150
151
151
144
144
144
145
152
152
195
195
195
196
197
197
197
223
223
222
222
150
150
144
150
145
145
153
153
195
195
194
193
193
197
221
220
220
220
220
150
150
150
145
145
145
153
153
153
153
153
194
193
194
197
197
197
220
220
220
220
194
126
112
117
31
31
31
31
30
30
12
13
12
12
12
10
10
112
116
117
126
116
126
126
120
31
30
13
13
12
12
10
10
112
112
116
116
116
126
125
125
125
30
30
13
12
12
10
112
112
112
112
113
116
126
125
125
125
29
29
0
10
10
112
113
113
113
113
105
105
125
125
29
29
0
29
0
0
4
4
110
110
106
106
105
105
104
104
104
17
0
0
0
4
4
110
110
106
106
106
105
105
105
104
104
104
17
16
16
16
0
5
4
110
106
107
105
104
98
17
16
16
18
18
5
110
106
107
107
98
98
98
17
18
18
18
6
5
5
140
140
140
140
140
139
200
98
17
17
203
17
19
210
19
214
5
130
130
141
140
139
139
139
200
200
203
203
211
211
211
210
214
214
129
129
142
139
200
200
200
203
203
211
211
209
215
215
129
129
129
141
141
141
142
142
141
200
201
201
203
201
211
211
209
209
208
129
129
129
141
142
154
154
204
201
204
203
196
203
211
209
209
208
208
208
129
151
141
154
155
204
204
201
196
196
209
209
209
209
223
223
151
151
144
152
152
195
204
195
196
196
196
219
223
223
151
151
144
144
152
152
152
152
195
195
195
194
197
223
223
223
223
223
150
144
144
153
152
195
194
194
194
194
197
197
220
220
220
223
150
150
145
145
153
194
194
194
193
197
197
220
220
220
220
153
112
117
126
126
12
10
112
126
13
12
113
116
116
126
13
125
125
29
29
12
10
113
106
125
29
29
0
4
113
29
29
5
4
110
106
105
104
17
18
16
0
5
106
107
104
104
104
98
17
16
18
6
5
140
106
140
104
98
18
140
140
98
18
214
5
140
140
139
200
201
203
211
211
141
141
142
142
139
200
200
201
211
209
129
201
201
201
201
211
209
209
215
141
204
204
201
209
208
141
154
154
204
196
196
209
151
144
152
204
194
196
209
223
151
151
144
152
195
194
197
223
223
223
151
152
194
194
197
220
150
152
197
220
112
30
12
12
30
113
116
126
0
16
16
0
110
106
104
104
5
98
5
214
141
214
141
129
200
201
211
204
211
141
208
209
151
204
197
196
197
223
153
194
30
12
30
12
112
117
10
30
5
104
106
104
0
106
16
18
6
140
200
200
215
141
142
209
209
151
204
196
154
204
223
152
194
194
144
195
194
197
220
220
117
12
126
30
12
12
112
29
104
5
106
16
5
110
104
98
104
17
98
200
201
201
201
204
151
196
153
197
223
144
194
197
117
126
125
30
12
126
125
113
5
106
105
16
5
18
140
140
98
211
211
215
129
139
200
129
154
154
129
141
154
209
144
150
150
153
194
197
117
126
136
136
10
117
117
24
137
113
29
29
5
104
106
104
140
5
140
201
140
140
201
211
200
211
201
201
26
204
209
217
196
151
150
152
197
217
144
153
32
87
136
29
10
10
137
137
113
29
113
150
243
150
90
17
147
147
32
87
247
247
87
244
150
244
87
247
83
