3664
819
1754
1436
1432
1433
835
835
821
798
1544
1542
833
807
828
800
795
783
783
1765
1454
1453
855
810
805
759
1763
1451
1481
1484
1483
856
810
767
1767
1447
1465
1485
855
526
812
764
762
769
1678
1463
1477
1477
528
527
764
1401
1401
1399
1477
569
537
571
523
524
655
657
685
771
1705
1400
1703
1382
1386
569
567
656
679
1699
1699
1707
1704
1390
1383
565
552
640
637
652
682
1697
1700
2745
2568
2563
552
2773
2723
2723
2744
2575
2573
2563
2775
3043
2725
2668
2670
2573
3059
2732
2739
2672
2674
2551
2559
2560
2797
3061
3061
3064
2451
2728
2433
2594
2834
2834
2835
3060
3075
3071
3071
3063
2447
2450
2441
2594
2601
2839
2839
2851
2851
3152
3073
3172
2448
2448
2324
2957
3152
2443
2409
2323
2305
2945
2959
3150
2961
3154
3153
3178
3179
2420
2419
2320
2319
2306
2925
3200
2420
2330
2331
2329
2315
2310
2308
2925
2923
2970
3203
3202
3201
3181
1747
1747
1750
1753
1749
1758
1442
1437
1435
1435
1432
1544
1540
1537
1538
835
844
821
818
821
825
826
826
800
798
796
796
1748
1753
1754
1437
1454
1458
1436
1542
1538
834
849
848
848
821
817
819
806
800
785
798
785
1747
1772
1762
1765
1456
1451
1451
1483
1532
1542
1531
831
833
847
857
853
809
803
806
774
760
785
785
783
1766
1769
1762
1686
1449
1449
1460
1485
1487
842
850
857
855
810
810
807
762
759
768
1766
1767
1669
1687
1685
1687
1447
1463
1461
1486
1487
842
1486
856
814
764
764
762
760
768
1669
1671
1678
1447
1396
1465
1465
1465
1479
541
540
538
528
528
528
526
813
655
750
770
769
770
771
1664
1669
1662
1679
1680
1680
1397
1385
1479
570
570
538
524
518
523
645
655
646
684
686
686
680
1661
1698
1706
1706
1400
1401
1399
1387
1385
569
571
564
567
647
644
649
656
685
678
680
1701
1697
1699
1705
1708
1708
1390
1704
1390
1382
1385
563
562
564
552
556
554
642
638
635
642
676
675
674
679
1701
1697
1707
1703
2569
1383
2571
2574
2574
2563
2775
554
640
642
640
638
637
3052
674
682
3042
2719
2730
2724
2747
2747
2745
2669
2747
2688
2553
2569
2571
2573
2575
2773
2771
2775
2775
2773
2800
3053
2798
3054
3053
3038
3038
3043
2729
2724
2725
2737
2747
2668
2669
2553
2551
2558
2560
2763
2768
2767
2804
2802
2798
3061
2797
3040
3040
3047
3046
2731
2723
2728
2739
2674
2674
2674
2548
2559
2767
2766
2803
2803
2855
3057
3036
3059
3074
3035
3064
2728
2450
2739
2672
2589
2594
2596
2551
2555
2556
2837
2766
2859
2851
3060
3072
3074
3073
3070
2452
2447
2452
2434
2433
2445
2440
2440
2441
2595
2601
2599
2844
2835
2852
3150
3159
3071
2456
2451
2450
2443
2443
2441
2322
2601
2603
2598
2839
2943
2837
2842
2956
2853
3149
3150
3150
3153
3170
3172
3174
2459
2413
2412
2410
2445
2320
2324
2306
2602
2603
2946
2943
2944
2956
2943
2957
2959
2959
3154
3170
3176
2422
2429
2408
2408
2410
2319
2323
2305
2308
2945
2947
2923
2957
2961
2961
2961
3201
3205
3200
3178
3183
2419
2422
2429
2431
2430
2331
2320
2329
2315
2310
2310
2924
2925
2921
2972
3202
3205
3182
3181
3182
3183
3181
2420
1442
825
1751
1751
1756
1444
1444
1435
1499
1544
1540
1522
1537
1524
845
845
817
816
824
828
800
792
795
794
1750
1748
1757
1757
1758
1453
1444
1455
1439
1433
1492
1544
1492
1533
1534
835
844
849
817
817
823
802
790
773
787
781
1773
1771
1761
1455
1456
1458
1494
1531
1532
836
838
841
837
840
851
847
847
893
805
802
781
780
781
1768
1772
1760
1760
1771
1763
1449
1481
1483
840
842
851
853
812
755
752
757
746
781
778
1768
1672
1671
1687
1687
1686
1468
1470
1461
1460
1484
1475
540
540
516
812
813
814
753
752
748
767
1673
1685
1678
1467
1472
1463
1470
1479
1479
542
527
517
651
653
747
765
1663
1666
1679
1396
1387
1376
542
537
521
644
519
645
653
657
662
1661
1692
1693
1675
1716
1716
1676
1716
1394
1401
1397
561
559
551
519
518
549
647
649
659
633
678
675
684
670
1700
1689
1690
1714
1714
1392
1393
1393
1386
1378
1380
562
561
563
565
556
544
547
642
634
633
676
669
1689
2743
1714
2689
2568
1380
2562
2566
556
556
2771
554
634
3052
674
3042
2694
2695
2742
2741
2688
2686
2687
2520
2567
2565
2771
2771
2796
2794
2795
3049
3050
3052
3038
3040
3045
2729
2730
2696
2721
2737
2683
2670
2531
2552
2558
2764
2757
2802
2800
2802
3050
3057
3035
3046
3047
2731
2691
2721
2721
2737
2735
2739
2734
2665
2662
2549
2558
2764
2768
2804
2854
2857
3061
3088
3036
3040
3066
2732
2701
2735
2667
2587
2549
2556
2555
2766
2846
2841
2859
2853
3084
3068
3067
2458
2434
2444
2663
2595
2589
2596
2591
2598
2846
2845
2852
3090
3084
3075
3159
3071
2460
2456
2454
2460
2437
2445
2345
2344
2344
2602
2603
2599
2839
2845
2935
2842
2842
2950
3161
3152
3157
3172
3176
2415
2415
2413
2405
2409
2346
2346
2313
2344
2313
2947
2937
2941
2953
2954
2949
3161
3157
3174
3176
3176
2415
2417
2333
2326
2316
2316
2946
2928
2941
2952
2954
2976
2974
2966
3195
3197
3179
2422
2424
2424
2424
2430
2427
2429
2431
2330
2331
2327
2326
2317
2317
2308
2927
2925
2928
2970
2921
2975
2971
2968
2968
3203
3192
3197
3186
3186
2971
3193
3193
1742
1440
824
1749
1734
1742
1744
1756
1442
1444
1440
1501
1536
1498
1522
1527
1529
1523
907
907
905
880
823
789
792
792
788
788
788
787
1735
1744
1439
1511
1498
1499
1489
1534
1522
1525
1525
1523
914
905
876
790
792
776
1773
1723
1761
1729
1730
1511
1511
1494
1494
1494
1518
837
831
889
850
889
803
878
755
877
774
773
775
778
1723
1728
1721
1726
1725
1445
1507
1503
1471
1474
1566
838
842
896
893
891
891
864
757
757
775
746
1769
1683
1683
1467
1471
1472
1475
1567
535
893
530
860
860
757
744
746
731
1673
1672
1683
1683
1468
1470
1428
1474
541
535
531
516
531
530
651
628
651
753
750
747
748
1664
1666
1662
1666
1676
1675
1676
1420
1418
1417
1428
1375
534
533
535
517
660
660
662
663
1694
1692
1666
1712
1388
1420
1410
1375
1380
558
1376
512
545
521
549
646
630
659
662
667
671
664
1692
1694
1693
1710
1716
1413
1392
1394
1411
1380
1378
558
559
547
549
635
631
667
668
668
1619
1618
1619
1712
1690
2685
2689
2523
2521
2565
2565
545
547
544
549
2795
3027
633
3013
3018
2979
3018
2696
2695
2743
2685
2687
2525
2523
2532
2567
2566
2760
2761
2794
2796
2792
3054
3033
3014
3017
3016
3045
2694
2691
2734
2742
2686
2532
2529
2528
2763
2759
2759
2756
2791
2791
2792
3049
3055
3007
3016
3009
2981
2700
2703
2664
2664
2531
2586
2548
2623
2754
2527
2752
2754
2754
2756
2859
2854
3088
3086
3010
3062
3067
2702
2735
2698
2651
2667
2663
2587
2622
2624
2844
2860
2861
2855
3090
3086
3068
3066
2453
2512
2458
2514
2438
2651
2589
2584
2591
2630
2817
2630
2846
2849
2848
2848
3089
3090
3156
3166
3165
2453
2454
2459
2436
2438
2436
2437
2345
2585
2585
2592
2592
2934
2818
2846
2918
3159
3161
3168
2412
2406
2406
2342
2342
2339
2291
2937
2937
2939
2935
2941
2910
2949
2950
3195
3197
3174
2473
2417
2426
2405
2334
2340
2298
2292
2313
2938
2927
2928
2952
2974
2953
2966
3197
2966
3188
3187
2424
2417
2426
2427
2333
2334
2317
2299
2317
2294
2930
2930
2932
2975
2972
2976
2968
2964
2963
2968
3192
3190
3189
3186
2327
3190
1732
1744
1744
1742
1814
1440
1497
1497
1501
1536
1522
1529
1529
1527
1529
903
907
905
882
876
882
700
698
698
712
1735
1734
1740
1740
1740
1514
1492
1490
1520
1520
1518
1517
1518
1524
914
911
907
902
888
876
699
710
714
1721
1728
1730
1511
1515
1513
1506
1489
1533
1518
913
913
911
893
899
911
861
862
877
724
705
776
714
1723
1721
1723
1729
1508
1515
1504
1567
900
895
888
898
863
863
726
707
730
1653
1655
1725
1607
1726
1605
1508
1507
1504
1573
1566
1573
1561
895
896
891
497
499
860
627
864
755
753
716
730
732
1657
1657
1655
1653
1609
1607
1615
1423
1424
1430
1428
1561
488
491
535
494
498
626
628
622
616
620
618
735
733
1659
1659
1609
1616
1613
1421
1417
1418
1430
510
513
510
512
505
533
494
611
622
619
623
619
664
1659
1617
1710
1422
1420
1415
1406
514
504
613
611
624
663
671
1623
1622
1630
1612
1612
1414
1413
1410
1407
1403
514
476
481
481
485
631
624
630
667
670
669
1621
1621
1621
1712
2635
2679
1414
1404
1404
1403
464
481
485
483
483
2780
3027
631
3031
587
590
583
2978
2716
2716
2714
2634
2685
2681
2525
2521
2525
2520
2528
2759
2761
2789
2782
2780
3029
3033
3013
3031
3018
2980
2692
2712
2713
2634
2683
2676
2677
2525
2530
2530
2752
2760
2778
3023
3025
3033
3006
3011
3017
3009
2981
2691
2701
2706
2699
2648
2638
2665
2653
2677
2676
2620
2529
2750
2757
2749
2778
2857
3007
3011
3010
2990
2988
2988
2516
2699
2702
2649
2653
2662
2619
2622
2622
2624
2623
2612
2749
2830
2861
2860
3090
3088
3086
3078
3078
2990
2988
2511
2514
2651
2626
2632
2631
2817
2807
2849
2806
2916
2917
3080
3124
3124
2985
3166
3167
2516
2512
2491
2495
2494
2340
2584
2627
2628
2631
2630
2811
2806
2818
2807
2916
2917
2918
3121
3123
3167
3168
3164
2508
2508
2496
2496
2336
2336
2339
2292
2296
2938
2935
2905
2906
2910
2910
3121
3157
3113
3164
3163
3164
2473
2469
2485
2337
2338
2301
2301
2298
2295
2296
2939
2885
2932
2906
2910
2908
3195
3187
3100
3188
2474
2472
2470
2482
2483
2338
2303
2301
2294
2299
2295
2932
2932
2930
2974
2963
2964
3100
3099
3189
2483
1814
712
1733
1733
1821
1740
1815
1496
1578
1585
1587
1585
1585
1583
1594
1591
1592
1592
1590
903
903
880
690
693
699
698
700
695
712
1737
1732
1822
1809
1807
1497
1578
1490
1587
1556
915
909
911
909
886
886
884
689
696
707
714
1737
1800
1823
1809
1809
1515
1514
1513
1547
1546
1546
1556
915
900
898
874
862
878
874
705
707
1719
1802
1728
1802
1777
1780
1778
1778
1515
1506
1503
1572
1571
1571
1569
1556
1558
899
861
867
869
723
728
726
1718
1718
1719
1802
1777
1780
1426
1561
1569
488
492
866
496
870
728
728
728
731
733
1655
1609
1604
1616
1424
1423
1565
1563
1562
492
488
490
498
499
602
627
605
616
717
620
1657
1651
1647
1614
1430
1430
1406
510
508
508
489
495
613
601
613
608
622
618
581
581
735
1659
1647
1613
1612
1615
1415
1422
1405
1406
1408
506
501
513
504
504
613
623
592
592
592
583
580
584
1622
1640
1628
1630
1626
1411
1408
464
476
485
611
609
483
588
592
590
585
585
1623
2718
1630
1626
2679
1078
2679
1407
462
462
481
2781
485
2781
3029
3029
583
2978
2716
2718
2713
2635
2637
2536
2537
2535
2534
462
2787
2784
2782
2780
3023
3027
3021
3033
3031
3020
3018
2979
2709
2705
2714
2712
2644
2639
2639
2637
2680
2680
2539
2537
2534
2544
2786
2786
2778
2778
3025
3020
3014
2983
2710
2703
2698
2645
2646
2582
2619
2606
2750
2832
2832
2828
3080
3025
3006
2986
3002
2980
3001
2990
2514
2649
2648
2653
2577
2607
2620
2604
2605
2830
2830
2831
2828
3080
2986
2990
3004
2517
2518
2492
2656
2654
2653
2578
2577
2626
2608
2613
2612
2811
2912
2827
3082
3125
3131
2992
2985
2518
2510
2495
2492
2491
2503
2391
2395
2376
2388
2390
2628
2627
2632
2809
2809
2916
2913
2914
3125
3132
3132
3164
2509
2509
2508
2494
2501
2390
2394
2384
2384
2362
2877
2809
2878
2908
2905
2914
3120
3129
3114
3114
2474
2474
2470
2487
2336
2393
2302
2387
2291
2296
2359
2369
2885
2889
2901
3095
3095
3102
3104
3107
2474
2462
2469
2472
2485
2489
2482
2488
2337
2302
2303
2358
2356
2370
2884
2885
2889
2887
2887
2889
2871
2901
3100
3100
3111
3107
3107
2871
1818
1819
1821
1816
1816
1816
1816
1815
1580
1587
1587
1582
1593
1591
325
325
325
885
691
690
692
689
692
696
709
695
155
1823
1819
1822
1809
1805
1580
1580
1576
1576
1582
1583
1593
1594
322
886
885
884
691
693
710
703
703
1792
1791
1800
1786
1804
1575
1807
1551
1549
1553
1557
1557
915
297
299
886
869
874
689
705
702
703
1789
1798
1800
1787
1782
1783
1547
1551
1551
1558
1554
1554
294
898
866
871
287
869
723
724
726
707
741
1796
1797
1797
1796
1775
1776
1776
1113
1573
1113
1106
1573
1565
1571
1562
491
497
288
867
871
721
721
743
742
741
1651
1802
1650
1609
1605
1142
1102
1103
1105
1056
1563
489
502
490
306
601
602
604
721
721
716
732
739
1646
1647
1637
1604
1421
1426
1059
1073
1053
1053
501
506
502
495
606
606
616
573
574
581
1647
1644
1642
1641
1614
1120
1060
1076
1053
1053
508
469
505
474
609
608
597
596
595
581
577
1643
1630
1628
1061
1062
1077
1076
1085
1077
1074
469
464
470
478
473
609
588
596
599
595
1640
2718
1629
1629
1626
1971
1062
2154
1078
1084
1082
464
460
459
459
471
478
476
2785
3274
587
3300
584
2708
1990
2718
2642
2638
2157
2681
1080
2535
2545
2546
460
2787
2785
3274
2983
3302
2708
2710
2709
1964
2641
2646
2156
2158
2536
2542
2546
2545
2546
2789
2784
2777
3025
3288
3288
3315
3319
3021
2999
3000
3000
2706
2644
2644
2582
2580
2539
2542
2544
2825
2823
2832
2828
3023
2993
3001
3002
2705
2656
2656
2658
2660
2645
2582
2580
2610
2605
2604
2606
2615
2832
3082
3082
2993
2992
2516
2517
2658
2659
2578
2608
2616
2811
2821
2828
2894
2913
3082
3078
2996
2997
2506
2505
2499
2502
2379
2502
2381
2376
2386
2388
2384
2365
2613
2811
2816
2894
2912
2896
3125
3126
3130
3130
3131
3116
2510
2505
2463
2501
2503
2501
2391
2394
2388
2387
2359
2364
2363
2880
2882
2882
3120
3145
3147
3104
3117
3113
3128
2466
2463
2477
2477
2393
2395
2370
2360
2363
2362
2885
2882
2877
2903
2873
2903
3145
3102
3104
3111
3118
3111
2467
2467
2487
2488
2489
2401
2401
2403
2360
2360
2356
2369
2887
2878
2889
2871
2871
3095
3097
3102
3109
3108
2401
1811
1598
1829
1831
1821
1812
1319
1812
1320
1576
1597
1596
1600
1590
323
327
327
209
208
226
147
148
150
154
153
1818
1826
1827
1825
1825
1811
1804
1580
1327
1600
1597
1602
323
327
208
299
210
201
709
148
151
151
154
1794
1792
1794
1785
1805
1325
1549
1551
1602
1553
322
299
297
299
213
290
211
202
202
168
703
160
1794
1784
1785
1787
1783
1786
1782
1113
1109
1088
304
295
288
213
201
719
1790
1790
1798
1143
1140
1115
1107
1110
1105
1089
1089
305
295
305
287
447
870
742
719
741
737
1649
1649
1651
1637
1775
1138
1144
1107
1098
1105
1098
1106
1057
1057
444
445
449
449
447
605
32
717
736
1635
1651
1122
1120
1142
1144
1103
1055
1056
418
455
457
604
33
595
739
1643
1633
1641
1636
1118
1119
1060
1066
1074
1055
471
502
470
420
437
597
598
578
574
576
576
578
1644
1640
1642
1118
1061
1059
1076
1086
1086
469
474
474
440
442
598
599
577
576
1989
1990
1989
1064
1962
1973
1973
1071
2154
1086
1082
1084
1082
466
467
478
3264
438
3274
3311
3299
3299
3304
3303
3302
1998
1961
1965
1994
1962
1972
1972
1973
2156
2159
2155
2166
2542
2141
467
2546
3265
3276
3268
3276
3314
3300
3307
3297
3295
3295
1997
1997
1966
1971
2159
2158
2138
3329
3264
3269
3276
3289
3314
3297
1915
1998
1916
1964
2642
1952
2157
2150
2146
2138
2137
2542
2822
3331
3286
3285
3290
3283
3288
3317
3319
3317
3317
2999
1916
1914
1912
2641
1912
2659
2582
2151
2152
2617
2822
2823
3331
3285
3290
3458
3319
2997
2997
3004
1915
1912
2658
2660
2381
2195
2377
2152
2607
2131
2130
2610
2617
2616
2825
2821
3458
2891
3076
2995
2995
2996
1907
2498
2499
2381
2381
2379
2377
2388
2386
2364
2366
2367
2615
2816
2816
2896
2896
2892
2892
3147
3129
3116
1894
2506
2398
2393
2352
2365
2367
2366
2880
2882
2894
2896
3147
3147
3142
3143
3118
1893
1895
2477
2462
2480
2350
2351
2372
2374
2880
2864
2899
3137
3141
3104
3117
3655
2466
2465
2481
2479
2478
2397
2402
2402
2358
2354
2373
2372
2866
2863
2868
2867
2903
2875
2903
3139
3097
3097
3111
3655
2465
2360
3109
1588
319
1829
1829
1827
1256
1322
1319
1317
1318
1318
1598
1596
1334
1602
318
317
327
223
224
226
147
153
146
145
155
1831
1831
1826
1252
1320
1328
1326
1326
1600
1334
1602
1335
339
321
316
316
209
290
211
145
150
1794
1831
1241
1243
1325
1325
1344
1344
1343
329
342
341
294
291
210
204
206
204
206
168
162
160
1186
1185
1182
1239
1238
1238
1111
1344
1109
1344
1088
330
292
304
304
292
290
39
206
166
170
169
170
160
1789
1181
1182
1137
1137
1114
1140
1115
1111
1110
1100
1092
1091
306
309
310
41
40
743
736
56
1177
1637
1178
1138
1143
1142
1102
1100
1100
1093
1032
1093
301
416
445
449
449
30
36
34
34
52
737
1632
1637
1122
1120
1129
1134
1136
1135
1098
1042
1057
419
419
444
457
447
28
456
33
32
573
54
1632
991
1633
1122
1118
1120
1067
1067
1073
1055
409
408
455
457
440
43
84
992
988
989
1064
1069
1071
1066
1046
1045
409
409
413
437
406
440
442
80
79
1992
1994
1968
1969
1070
1071
1071
1086
1085
1080
1045
1050
466
413
408
3272
3271
3309
3308
3304
3311
3303
1992
1962
1969
1973
2155
2161
2164
2134
2142
3328
3267
3269
3276
3307
3311
3293
3292
2001
1996
1966
1948
2149
2148
2165
2165
2166
2145
2144
2143
3328
3333
3265
3268
3281
3315
3313
3293
3297
3297
3295
1996
1965
1947
1950
1947
1952
1952
2152
2150
2138
2144
3333
3333
3286
3283
3281
3319
3254
3248
1916
1914
1952
2195
2193
2151
2170
2129
2119
2120
3331
3289
3457
3281
3581
3253
3605
3253
2997
3254
1909
1916
1909
1907
1912
1900
2195
2193
2130
2131
2127
2126
2820
2120
3439
3460
3462
3462
3458
3583
3583
3583
3583
3604
3603
1895
1891
1900
1902
2195
2186
2186
2127
3447
3441
3448
3462
3579
3578
3128
3593
3116
1894
1893
1890
2498
2399
2184
2353
2353
2188
2259
2245
2243
3446
3448
2863
2898
2891
3529
3145
3143
3653
3597
1933
1944
1932
2481
2480
2399
2398
2352
2183
2351
2260
2260
2244
2866
2867
3508
2873
3510
2898
2899
3141
3142
3654
3653
2465
1937
2478
2479
2397
2403
2349
2349
2349
2350
2258
2373
2258
2374
2247
2866
2868
2864
2874
2874
2875
3139
3139
3135
3138
3139
3650
3651
3655
3651
3655
320
144
1245
1248
1256
1258
1256
1322
1327
1317
1332
1332
1331
1336
320
318
222
224
222
227
226
228
146
143
143
125
157
1253
1248
1254
1252
1329
1329
1332
1334
1336
1335
340
338
337
316
223
228
218
227
163
158
157
158
1186
1248
1254
1243
1243
1243
1328
1338
1342
330
332
340
333
339
341
342
291
218
216
164
161
161
1186
1181
1186
1240
1241
1231
1239
1239
1306
1340
1342
329
334
311
204
206
39
39
166
168
162
1175
1178
1185
1184
1182
1179
1125
1132
1114
1096
1100
1091
302
301
309
313
312
310
40
41
52
50
55
1177
1178
1124
979
1124
1127
1131
1134
1131
1096
1095
1034
1036
1092
1031
415
453
450
37
37
48
47
55
54
54
1177
977
1128
1135
1129
1136
1043
1039
1042
1035
1031
418
420
415
424
457
451
451
30
46
46
82
83
993
993
989
998
1134
1000
1010
1041
1040
1048
411
416
404
406
442
431
435
435
44
66
79
83
84
991
988
1000
1069
1039
1040
1046
1050
1050
410
411
406
404
430
433
442
435
433
80
76
77
77
1994
1976
1980
998
1000
920
1050
1048
413
413
438
3311
3309
3304
3231
3256
1992
1994
2002
1976
1987
1968
2060
2148
2174
2162
2162
2161
2133
3398
2141
3345
3347
3267
3271
3272
3307
3307
3259
3258
3258
2000
2000
2000
1984
1985
1959
1954
1955
2174
2172
2164
2134
2142
3397
3329
3346
3279
3278
3306
3293
3250
3261
3262
2002
2001
1958
1948
1957
1955
2169
2173
2136
2138
2143
3333
3323
3324
3283
3322
3283
3278
3240
3252
3251
3251
3252
1905
1909
1905
1905
1907
1950
1957
2197
2168
2129
2122
2120
2124
2122
2123
2123
3326
3324
3437
3455
3454
3588
3603
1909
1898
1898
2191
1900
2190
2198
2200
2202
2119
2105
2124
3441
3439
3441
3460
3453
3458
3454
3578
3581
3604
3605
3603
3595
1890
1898
1901
2190
2201
2200
2188
2188
2234
2104
2245
2126
3446
3439
3462
3460
3579
3593
3594
3597
3594
1891
1943
1945
1941
1901
1902
2184
2183
2188
2186
2238
2236
2238
2245
2245
3447
3444
3528
3644
3647
3661
3593
3663
1933
1933
1939
1940
2181
2180
2179
2205
2256
2253
2259
2248
3516
3515
3510
3531
3528
3134
3661
3646
3662
3662
1935
1937
1935
1937
2177
2176
2176
2205
2254
2254
2258
2247
3508
3508
3512
3512
3137
3134
3135
3533
3645
3650
3663
1246
1246
1258
1250
1258
1369
1368
1350
1347
1346
319
278
273
220
220
219
144
123
124
1187
1245
1250
1253
1258
1369
1367
1372
1367
1332
1351
1346
338
336
276
220
220
215
164
124
127
1250
1234
1236
1236
1236
1373
1340
1371
1338
1342
332
332
337
238
216
216
163
135
139
139
1193
1232
1307
1268
1272
334
333
254
312
311
20
20
16
134
50
27
50
136
1195
1199
1201
1184
1201
1232
1308
1267
1267
1270
254
252
252
313
244
36
15
15
27
47
52
1175
1201
1128
1125
1132
1013
1096
1034
1034
302
1035
349
309
427
428
453
30
91
56
974
975
979
978
1127
1014
1012
1096
967
1043
1036
1032
348
347
426
422
428
423
423
450
44
48
90
86
975
977
984
979
1000
1009
1009
1041
1039
426
424
406
435
393
43
433
65
72
75
82
992
985
996
996
998
995
922
922
920
961
962
401
402
430
66
61
77
73
1978
1978
1979
1980
1980
2058
918
917
964
964
3401
402
3345
431
3232
3233
3256
76
3231
77
1976
1986
1986
1987
2058
2172
2088
2086
2141
3399
3399
3346
3343
3229
3231
3224
3260
1983
1985
1954
1959
2059
2054
2172
2174
2133
2087
2084
3396
3347
3342
3343
3279
3229
3240
3260
3262
3261
1983
1984
1958
1957
2056
2174
2170
2083
2145
2122
3396
3326
3321
3322
3336
3335
3238
3240
3259
3247
1848
1858
1866
2169
2107
2111
3430
3437
3323
3321
3451
3590
3250
3588
3247
1852
1888
2191
1864
2197
2201
2109
2105
2109
3441
3436
3437
3450
3453
3455
3585
3590
3601
3599
3599
1943
1848
1898
1888
2198
2202
2200
2233
2236
2113
3437
3443
3464
3529
3586
3600
3599
3600
3595
1943
1945
1939
2179
1939
2219
2218
2234
2238
2241
2240
2243
3486
3515
3514
3443
3530
3444
3525
3644
3648
3661
3657
1944
1928
1940
1941
1919
2180
2181
2184
2209
2207
2209
2256
2248
2251
2244
3515
3515
3517
3512
3522
3531
3525
3532
3648
3647
3645
3646
3659
3657
1937
1928
1928
1921
2177
2205
2205
2253
2252
2250
3518
3519
3519
3519
3510
3532
3533
3522
3639
3637
3659
2252
279
1211
1204
1210
1204
1206
1203
1221
1363
1361
1361
1358
1350
281
279
272
272
273
275
199
198
199
121
126
125
126
1204
1204
1224
1224
1368
1371
1373
1351
1349
1351
1347
283
275
277
199
177
123
131
127
1191
1193
1250
1236
1234
1225
1225
1288
1372
1351
1349
281
277
238
237
193
195
132
141
141
141
1196
1193
1193
1199
1168
1231
1306
1311
1305
1265
1263
1265
1270
1263
255
249
247
245
238
238
18
193
20
25
25
134
141
1197
1197
1201
1169
1309
1307
1272
1272
1272
256
256
256
245
18
20
23
24
27
93
23
27
94
974
1172
1005
1014
1012
966
1303
1268
1279
252
347
345
252
369
427
395
12
16
91
89
87
981
982
979
1007
1006
1005
1013
968
970
345
348
349
422
397
397
393
393
13
46
69
91
86
986
983
986
995
1005
1010
922
967
968
970
972
426
345
366
399
370
398
372
70
68
67
113
72
1980
2022
922
927
924
964
960
962
960
957
401
382
399
375
377
67
61
75
1979
2023
2021
927
917
925
918
2077
962
2086
961
3401
956
955
3398
3403
3405
373
3339
377
3227
3229
3233
3223
3217
73
2005
2023
2059
925
2074
2086
2087
3404
3393
3345
3340
3338
3232
3222
3225
3258
1983
2014
2048
2051
2052
2052
2060
2055
2054
2063
2074
2074
2072
2074
2083
3397
3395
3338
3340
3339
3338
3226
3226
3245
3242
1855
1859
2048
2049
2050
2050
2070
2072
2088
2084
3394
3394
3428
3342
3335
3336
3367
3366
3240
3245
3245
1857
1856
1861
1866
2070
2107
2098
2117
2115
3427
3590
3590
3236
3247
3247
3555
1850
1852
1851
1848
1850
1862
1863
2221
2223
2097
2109
2107
2109
2115
2112
2117
2111
3491
3465
3465
3467
3451
3586
3588
3574
3562
1852
1850
1888
1884
2221
2219
2279
2281
2280
2104
2112
2113
3490
3464
3467
3450
3526
3585
3601
3560
3561
1926
1852
1881
1884
1918
2209
2233
2278
2238
2240
3485
3487
3487
3468
3523
3469
3524
3525
3628
3634
3628
3632
3630
3560
1923
1925
1918
2214
1919
2206
2227
2273
2241
3517
3504
3524
3503
3523
3644
3640
3628
3657
3636
3617
1930
1930
1923
1923
2214
2207
2209
2204
2272
2274
2251
2250
3518
3504
3500
3522
3639
3641
3640
3639
3636
3637
3659
1921
1206
268
1207
1208
1220
1208
1363
1364
1356
1365
1357
1353
278
285
283
283
269
186
198
175
115
116
116
1211
1210
1213
1207
1228
1298
1298
1361
1289
1364
1357
1354
284
275
270
265
197
199
176
132
120
118
1191
1154
1153
1225
1229
1288
1300
1289
1371
1265
1289
1260
260
276
266
195
193
195
130
139
1199
1168
1168
1305
1302
1305
1261
1263
249
249
231
2
131
22
129
137
1196
1195
1171
1170
1309
1311
1308
1302
1278
1270
256
256
247
244
11
94
1147
1025
1171
1003
1170
1003
1313
1277
355
354
354
394
11
11
23
91
93
96
982
1024
1024
1025
1006
1003
1002
943
943
966
971
356
397
395
12
70
90
87
89
981
984
1007
929
942
971
972
955
356
367
366
368
370
398
386
387
69
68
59
111
112
111
106
985
2007
2019
928
927
970
960
956
957
955
363
359
366
372
375
377
63
112
113
2004
2004
2022
928
924
953
3381
3404
3357
373
377
63
3215
61
3219
2005
2014
2021
2058
2021
2077
2077
3381
3405
3381
3405
3403
3393
3352
3222
3223
3222
3224
3217
3219
3219
2012
2016
2048
2051
2055
2043
2067
2066
3378
3379
3393
3357
3359
3368
3225
3212
3243
3243
1859
2036
1858
2049
2036
2043
2070
2072
2066
2065
3395
3427
3433
3359
3364
3364
3368
3236
3236
3235
3236
3242
1855
1856
1862
2056
2069
2070
2097
2098
2117
3430
3428
3434
3476
3366
3571
3574
3553
1845
1857
1861
1871
1863
2221
2223
2090
2100
2102
2117
2100
2115
3491
3408
3472
3475
3476
3474
3572
3574
3576
3554
3561
3554
3562
1837
1836
1882
1864
2223
2223
2280
2281
3489
3489
3490
3469
3468
3475
3634
3634
3558
3558
3560
1887
1926
1838
1876
2224
2229
2225
2225
2218
2279
2277
3486
3485
3467
3548
3540
3538
3630
3630
3617
3557
1929
1925
1882
1880
2227
2224
2272
2287
2267
3481
3498
3505
3503
3547
3641
3634
3626
3609
3619
1930
1930
1923
2216
2215
2215
2270
2272
2274
2273
2269
2267
3498
3498
3546
3542
3546
3624
3626
3610
3612
3501
1362
1213
1206
284
285
270
258
269
268
172
187
186
175
176
120
115
1215
1227
1221
1365
1298
1292
1354
1353
259
263
191
191
177
179
120
120
1158
1154
1229
1228
1300
1300
1281
1261
1286
261
261
197
173
180
129
1158
1158
1156
1156
1161
1315
1300
1303
1284
1260
249
233
9
130
137
1151
1149
1172
1169
1160
1315
1275
1277
1284
241
231
9
231
9
3
23
96
1147
1148
1149
1165
1313
1313
1278
1275
1277
354
13
4
9
98
98
1021
1018
1022
1022
1003
939
939
943
940
941
1279
355
368
369
391
59
107
107
1019
1023
934
943
941
945
363
359
386
387
379
109
1019
1023
936
929
952
946
946
363
382
384
384
63
109
111
2009
2007
2018
2031
2030
2081
2079
952
363
358
3356
359
384
3350
375
3215
100
2012
2014
2019
2029
2031
2063
2081
3383
3383
3384
3357
3351
3361
3352
3214
3217
3219
1853
2012
2042
2067
2065
3383
3379
3387
3359
3360
3368
3374
3210
3208
1840
2016
2016
2037
2038
2037
2034
2045
2038
3417
3417
3417
3434
3410
3360
3368
3376
3212
3209
1842
1843
1873
2034
2045
2091
2102
2102
3410
3408
3432
3432
3433
3364
3376
3376
3550
3550
3552
1871
1871
1873
1869
2100
3407
3408
3412
3432
3473
3571
3567
3575
3575
3553
3555
1836
1887
2231
2284
2277
2276
3479
3489
3472
3472
3538
3572
3569
3558
1838
1834
1881
2229
2231
2283
2285
2277
2277
3481
3485
3483
3538
3632
3632
3621
3615
3617
1880
2231
2229
2269
2287
2287
3496
3493
3505
3501
3547
3546
3622
3621
3625
3618
1833
1880
1879
2216
2265
2267
3498
3495
3500
3548
3544
3626
3610
3609
3612
2270
1213
1220
1362
1358
175
184
1215
1356
189
173
1226
1227
1296
1293
191
1281
1286
242
233
179
137
1151
1027
1315
240
231
2
98
1165
242
230
98
96
1021
1017
1315
1275
352
389
391
3
106
1029
934
934
936
940
947
361
367
390
59
105
2009
1017
2025
936
950
384
2018
2029
948
380
3207
101
2012
2040
2041
2081
3388
3356
3354
3361
2016
2034
2041
2045
2080
2065
3378
3387
3373
3370
1841
3426
3424
3425
3426
3367
3374
3369
3208
1873
2095
2102
3412
3369
3551
1873
2090
2095
3412
3422
3474
3576
1836
1869
2285
3408
3482
3473
3569
3558
1837
1876
2231
2284
3479
3482
3540
3569
3622
3614
1833
2283
2265
3494
3543
3624
1880
2289
3541
3618
1215
265
191
183
260
1148
1160
1296
2
352
391
1
1016
1027
1274
939
101
953
100
3214
2029
3212
2038
2011
2080
3386
3354
3414
3372
1869
3550
3567
1843
2095
3540
3535
3543
3615
2263
2267
268
183
258
172
1156
1295
118
263
6
1282
1165
1282
4
1029
389
379
57
2030
2079
3383
3210
2038
2045
3370
3376
1845
3415
3422
2091
3415
3569
2093
3481
3483
2212
2289
3493
3536
3626
3619
1218
187
1293
266
189
180
1158
241
1275
6
1027
391
103
1018
932
948
945
361
950
2081
3388
3424
3410
3412
1876
3422
2263
3536
3614
2211
3494
3542
1218
1292
1286
259
184
1295
1284
1161
103
1016
939
352
105
380
2009
2009
947
3354
3350
3207
1841
2040
3390
1840
1868
2093
1842
1869
2093
3567
2212
1878
1878
2265
3496
3544
1218
1291
2814
2814
182
1222
1222
343
3419
1165
233
234
103
932
1029
932
2025
105
2027
3386
2027
2027
3386
3350
3390
3372
3424
3425
350
3414
3565
3565
3420
1834
1886
2288
3535
3565
2212
2263
614
1189
2814
235
182
182
3419
3419
1163
235
1163
3608
3092
3608
1146
361
3091
3093
672
1145
3105
3199
1189
3606
1886
3606
1152
2753
1188
