3376
1333
463
697
707
710
1361
1352
1332
1679
708
661
1352
1615
1619
1620
1676
1685
1685
443
692
693
1329
1334
1335
1634
434
700
760
758
759
1330
1326
1495
447
740
748
748
1388
1389
1326
1480
1479
1495
560
746
750
755
1388
1389
1482
822
745
821
749
1441
1438
1442
1447
1446
1479
1478
1498
1500
558
825
575
819
819
1439
1446
1518
1507
555
554
579
578
827
840
1426
1461
1526
1524
1523
1504
532
554
2724
2789
2790
1426
1711
2735
2734
2723
2792
2790
2774
1709
1801
2733
2721
2720
2792
1811
2738
2677
2669
2720
2784
2786
2787
1718
1758
1811
1816
2680
2682
2678
2813
1747
1748
1748
1757
1808
1818
1814
1818
2686
2682
2675
2945
2946
2929
1747
1755
1755
1845
1808
1814
2687
2688
2579
1742
1984
2583
2582
2949
2942
2932
1989
1989
1981
1987
1985
2053
2056
2533
2534
2580
2581
2909
1969
2054
2547
2555
2573
2573
2903
2909
2908
2912
1969
1965
1978
1979
1977
2052
472
473
473
462
469
466
696
687
689
690
709
707
664
663
1360
1362
1361
1338
1332
1341
1618
1616
1610
1618
1678
1676
1676
470
465
462
694
696
700
695
660
661
1351
1352
1320
1339
1340
1342
1333
1620
1680
1680
1680
1685
469
443
443
434
692
699
700
763
761
762
762
1355
1348
1320
1319
1320
1330
1334
1619
1634
1634
1687
1686
1686
447
446
432
434
700
702
761
763
759
1346
1320
1329
1326
1336
1336
1634
1481
1494
1492
447
447
429
430
430
430
743
745
746
751
753
1349
753
1349
1326
1480
1481
1495
1495
1492
534
535
561
740
739
746
749
748
756
1439
1386
1385
1385
1384
1396
1392
1482
1479
1487
1497
1492
1499
1502
535
558
557
558
564
561
822
818
755
1442
1439
1445
1449
1461
1392
1460
1479
1521
1484
1497
1498
1502
535
558
555
574
825
822
819
839
838
1442
1438
1447
1448
1462
1521
1521
1510
1512
1513
1508
532
529
529
579
577
579
827
575
819
841
841
1432
1432
1425
1426
1428
1451
1525
1523
1518
1527
1515
1514
1505
1507
531
532
579
578
2767
840
2794
2789
2790
2774
1712
1427
1452
1525
1526
1528
1524
1798
1505
1504
1798
2738
2738
2734
2728
2724
2726
2723
2726
2761
2768
2793
2766
2794
2794
1713
1713
1713
1713
1711
1714
1719
1719
1722
1719
1797
1803
1801
2738
2742
2735
2733
2728
2721
2768
2793
2784
2787
2786
2777
1704
1706
1703
1703
1715
1718
1716
1795
1803
1805
1805
2740
2733
2682
2721
2721
2812
2813
2784
2787
2777
1705
1702
1703
1758
1810
1811
1811
1810
1816
1816
2679
2678
2674
2674
2810
2813
2946
2784
2928
2787
2929
1705
1755
1755
1758
1808
1817
1808
1818
2682
2680
2685
2671
2668
2672
2673
2673
2675
2951
2944
2928
1750
1748
1763
1757
1843
1813
2687
2686
2689
2671
2672
2579
2949
2945
2943
2931
2932
1745
1745
1744
1741
1765
1988
1989
1989
1985
2055
1814
2035
2689
2550
2550
2550
2583
2581
2579
2942
2949
2942
2925
2931
2932
1742
1745
1741
1972
1966
1984
2055
2035
2534
2547
2547
2549
2582
2580
2903
2913
2913
2913
2924
1968
1966
1965
1953
1982
1982
1979
1977
2054
2051
2533
2537
2555
2555
2557
2574
2572
2573
2903
2909
2909
2923
1969
1968
1951
1978
2001
2053
2045
2052
2051
2052
2547
687
1610
471
472
463
686
697
690
709
663
664
1358
1359
1359
1363
1363
1340
1343
1608
1618
1678
1679
1676
1675
471
469
466
466
465
695
694
701
690
689
706
710
706
668
660
1352
1362
1322
1343
1342
1610
1616
1642
1683
1683
1682
469
439
458
703
693
703
701
708
669
1356
1356
1345
1354
1356
1323
1321
1321
1328
1615
1630
1687
1683
1683
445
443
440
432
442
434
702
760
758
1345
1348
1323
1328
1335
1630
1632
1632
1671
1668
1669
445
446
429
432
426
427
742
772
743
766
753
752
1407
1386
1394
1395
1391
1629
1487
1488
1491
1492
544
562
560
742
772
743
771
750
756
1407
1384
1392
1485
1489
1500
1502
537
536
565
796
821
838
1440
1445
1394
1462
1462
1460
1520
1485
1484
534
528
536
563
572
571
565
574
829
822
824
1441
1435
1445
1448
1458
1455
1521
1518
1511
1511
1513
1514
1508
1508
532
568
567
571
575
829
824
827
843
842
842
1431
1432
1432
1426
1429
1429
1455
1454
1528
1515
1512
1534
567
2726
577
2761
2767
843
2773
2772
1427
1428
1690
1452
1527
1797
1505
1800
2713
2737
2728
2728
2760
2761
2765
2763
2774
2774
1690
1712
1709
1708
1722
1724
1726
1726
1798
1794
1804
2741
2742
2742
2730
2718
2718
2765
2766
2794
2776
1695
1696
1708
1716
1715
1725
1794
1795
1805
1804
2741
2740
2742
2648
2677
2731
2665
2717
2718
2810
2812
2805
2777
1704
1703
1761
1729
1758
1841
1841
1805
1820
2648
2649
2668
2664
2809
2803
2802
2806
1706
1792
1750
1761
1765
1841
1827
1818
2684
2667
2666
2810
2951
2953
2953
2802
2937
1752
1752
1763
1842
1842
1844
1844
1814
2662
2658
2658
2688
2685
2567
2569
2570
2949
2951
2943
2944
2929
1752
2935
1752
1750
1971
1765
1845
2031
1827
1826
2544
2544
2550
2549
2566
2568
2570
2902
2948
2922
2935
2926
1745
1971
1959
1981
1987
1983
2034
2035
2035
2544
2552
2566
2573
2903
2911
2924
1976
1975
1972
1958
1958
1959
1991
1992
1992
2056
2537
2536
2537
2537
2556
2557
2556
2557
2575
2576
2574
2906
2906
2905
2912
2923
1969
1976
1952
1974
1952
1953
1999
1956
2003
2002
2001
2049
2045
1951
2002
2001
449
719
1610
470
456
450
450
466
687
687
713
713
667
682
666
1370
1369
1366
1366
1338
1341
1613
1609
1645
1647
1643
1644
1644
1646
1638
455
460
719
717
712
706
669
670
1370
1358
1368
1368
1365
1339
1612
1623
1645
1636
435
436
458
459
458
729
725
726
726
668
671
1356
1355
1315
1322
1294
1616
1627
1630
1627
1632
1643
1671
1669
437
424
440
427
423
730
730
726
765
764
753
1354
1346
1310
1294
1325
1293
1627
1630
1671
1673
1668
439
422
426
775
773
765
764
788
1409
1328
1409
1391
1626
1598
1599
1673
1663
548
547
551
801
772
774
769
768
1407
1409
1395
1396
1394
1378
1381
1381
1485
1489
1488
1540
1502
544
537
562
549
564
563
796
796
772
795
768
769
1404
1449
1405
1381
1487
1565
1563
1498
538
539
539
570
793
796
806
832
830
1434
832
1436
1436
1458
1455
1462
1557
1579
1510
1530
1534
1541
529
529
538
570
572
793
829
829
806
839
834
1434
1435
1472
1455
1520
1579
1581
1533
1534
588
592
587
568
587
2757
2758
2764
2764
2771
2770
1475
1471
1474
1451
1721
1724
1580
1897
1856
1854
1858
2715
2714
2731
2702
2761
2763
2745
2745
2769
2770
1690
1698
1731
1722
1722
1726
1887
1848
1857
1856
1800
2713
2711
2730
2718
2816
2744
2745
2781
2779
2781
1696
1700
1698
1732
1728
1726
1887
1886
1848
1847
1851
2649
2647
2694
2816
2815
2797
2803
2805
2779
2807
1696
2807
1695
1700
1728
1760
1836
1838
1848
1824
1821
2649
2665
2645
2668
2665
2816
2797
2796
2806
1771
1790
1791
1761
1835
1824
1821
1829
2657
2658
2660
2660
2668
2888
2810
2795
2953
2840
2934
2847
1789
1791
1763
1761
1835
1837
1827
1827
1829
2658
2662
2662
2684
2563
2568
2563
2569
2889
2878
2953
2939
2935
1774
1771
1765
1843
1996
2040
2542
2539
2559
2567
2566
2560
2878
2926
2935
2919
1774
1773
1962
1961
1996
1991
1992
2032
2598
2544
2553
2553
2566
2565
2906
2922
2925
2919
1976
1975
1962
1963
1963
1961
2003
1994
2032
2044
2536
2543
2552
2553
2576
2858
2906
2855
2911
2921
1976
1974
1950
1955
1955
1963
1993
1999
1998
1999
2048
2049
2048
2047
2575
2049
453
456
453
449
718
719
716
713
713
680
666
1370
1369
1370
1366
1286
1274
1275
1276
1612
1613
1647
1646
1647
1638
455
456
719
499
498
723
682
684
667
667
671
679
1313
1366
1317
1273
1277
1278
1294
1625
1642
1637
1640
435
459
460
728
728
725
737
683
670
684
1315
1313
1317
1307
1317
1294
1297
1627
1622
1622
1649
1637
1636
437
526
436
423
729
728
766
786
1313
1310
1296
1307
1625
1627
1600
1673
1664
548
547
422
552
424
508
776
776
774
779
788
779
790
1309
1310
1307
1418
1419
1297
1383
1603
1603
1598
1600
1663
1662
548
541
550
542
552
551
801
775
773
783
780
790
1409
1423
1405
1423
1382
1382
1567
1566
1565
1563
1562
1541
1539
545
542
550
801
803
802
792
809
781
1402
1399
1402
1404
1416
1412
1378
1379
1566
1567
1556
1563
1540
545
549
570
793
793
805
809
1400
1465
1465
1464
1563
1536
1537
591
592
581
584
585
816
806
806
834
835
1434
1476
1476
1475
1467
1465
1579
1580
1531
1530
1534
589
590
588
585
2700
2758
815
836
834
836
1197
1476
1471
1472
1467
1737
1894
1581
1898
1577
1577
1531
1853
2715
2715
2714
2702
2701
2754
2753
2746
2745
2771
2780
1693
1690
1689
1731
1739
1894
1887
1898
1897
1856
1857
2710
2715
2695
2695
2702
2818
2816
2751
2799
2747
2781
1700
1700
1891
1890
1887
1888
1889
1851
1851
1869
2711
2645
2711
2639
2695
2698
2694
2819
2820
2820
2800
2805
1693
1698
1790
1732
1729
1890
1850
1848
1870
1871
1851
2652
2645
2649
2639
2665
2819
2800
2797
2799
2845
2847
2846
2847
1788
1792
1788
1836
1837
1824
1838
1824
1820
1830
2654
2660
2562
2839
2843
2842
1776
1784
1768
1767
1766
1769
1834
1834
2101
1831
1829
2038
2655
2662
2607
2540
2563
2563
2891
2939
2839
2939
2939
2843
1778
1774
1778
1766
1769
1937
1833
2102
2039
2038
2039
2599
2540
2607
2539
2560
2896
2888
2878
2918
2937
1776
1774
1933
1936
1996
1996
2031
2042
2041
2041
2040
2599
2595
2591
2559
2615
2860
2857
2859
2922
2916
2919
1942
1950
1950
1963
1994
2027
2042
2025
2047
2596
2595
2592
2592
2615
2612
2857
2856
2922
2855
2915
2915
1938
1948
1947
1956
1999
2029
2025
2047
2611
494
1639
452
453
495
453
716
715
716
682
658
640
680
680
638
637
679
1291
1290
1286
1274
1275
1656
1659
1657
1660
1652
1658
1639
489
488
492
498
721
716
657
683
641
1284
1290
1281
1278
1273
1277
1276
1590
1589
1648
1650
1640
491
525
499
497
723
735
737
734
676
675
684
673
1315
1317
1302
1589
1583
1623
1584
1650
1673
522
524
526
523
505
505
505
505
735
733
737
677
675
785
786
1313
1312
1308
1296
1299
1603
1584
1597
1665
522
522
523
524
507
507
799
789
790
1421
1310
1304
1417
1297
1596
1595
1599
1663
1663
627
595
508
802
799
782
782
189
789
1421
1401
1423
1417
1419
1383
1602
1607
1603
1595
1549
541
630
631
595
808
781
780
1402
1400
1402
1412
1416
1373
1372
1379
1375
1560
1565
1550
1539
1539
591
632
594
596
803
812
811
809
831
831
1416
1398
1399
1414
1416
1376
1557
1572
1556
1531
1536
1537
1554
590
613
582
582
604
809
835
1398
1476
1468
1465
1469
1467
1576
1577
1577
1554
1537
589
2692
584
603
2757
816
2752
815
1195
1188
1474
1737
1469
1738
1884
1895
1546
1853
2708
2705
2691
2692
2755
2752
2751
2748
2748
1198
1692
1735
1738
1737
1883
1894
1880
1896
1896
1895
1858
1854
2708
2707
2705
2705
2697
2702
2698
2700
2755
2753
2750
2751
2833
2781
1693
1693
1739
1732
1880
1889
1867
1867
2710
2647
2639
2697
2698
2818
2836
2847
2846
1785
1788
1788
1876
1891
1888
1869
1864
1871
1871
1870
2650
2640
2640
2818
2797
2836
2838
2845
2831
1779
1780
1783
1782
1834
1823
1831
1863
2651
2655
2638
2639
2641
2893
2892
2892
2840
2838
2843
2825
2842
1767
1834
2105
2102
2107
2107
1830
2654
2602
2607
2608
2609
2634
2632
2896
2893
2891
2891
2889
2882
2937
1776
1778
1768
1934
1935
2100
2099
2037
2038
2602
2601
2598
2609
2634
2636
2895
2881
2882
2879
2919
1778
1911
1933
1933
1935
2101
2098
2019
2038
2593
2585
2594
2614
2614
2866
2859
2862
2860
2850
2850
2852
2916
1943
1936
2065
2027
2027
2025
2019
2596
2594
2593
2584
2591
2620
2612
2611
2615
2858
2865
2856
2849
2850
2916
1939
1943
1940
1938
1948
1946
1945
2029
2025
2022
2022
2021
1946
492
488
492
496
494
648
649
650
657
640
644
645
636
637
1289
1287
1287
1270
1656
1660
1656
1658
1657
1653
1652
1653
904
492
489
496
497
720
656
658
656
641
641
645
636
638
1291
1269
1271
1268
1594
1659
1649
908
907
476
476
525
475
720
732
721
677
674
174
1284
1284
1280
1280
1281
1268
1300
1592
1590
1648
1664
900
519
519
517
505
504
732
737
676
673
173
173
1283
1284
1302
1304
1300
1304
1583
1586
1587
1597
1666
901
515
515
514
515
510
512
512
731
779
166
165
785
790
172
173
1421
1418
1304
1299
1605
1587
1597
1666
916
1665
624
515
631
628
511
512
798
203
783
186
189
1423
1183
1411
1184
1371
1372
1605
1606
1606
1550
1550
917
632
632
627
595
799
799
812
110
188
189
1201
1414
1411
1371
1373
1560
1560
1549
1552
1553
632
617
618
598
595
596
811
109
110
189
1193
1194
1414
1170
1375
1570
1560
1572
1559
1554
1553
618
581
605
603
605
814
115
115
117
110
1196
1196
1194
1190
1468
1376
1570
1574
1574
1547
614
2705
601
601
604
3177
814
3188
117
117
113
1198
1197
1189
1189
1193
1191
1191
1735
1883
1572
2452
1554
2708
3261
3267
3267
2700
3188
2754
112
2747
2828
2174
1188
2172
1735
1884
1866
2454
2708
2707
3257
3258
3269
3268
3185
3186
2751
3215
2174
2829
2174
1734
1735
1881
1882
1882
1881
1873
1874
1880
1867
1867
1869
3264
3269
2642
3179
3179
2833
2833
2828
1781
2166
1782
1875
1877
1874
1863
1861
2651
3255
2642
3219
3222
3221
2898
2835
2831
2833
2823
2831
2825
1785
1877
1876
2109
1859
2650
2652
2641
2900
2898
2838
2826
1781
1784
1783
1927
1934
2105
2108
2091
2095
2602
2605
2608
2632
2631
2632
2900
2899
2884
2884
2882
2886
2823
2826
1904
1926
1937
1928
2105
2105
2099
2100
2098
2006
2602
2604
2603
2604
2634
2635
2635
2896
2896
2881
2885
2885
2875
1904
1909
1909
2069
2067
2066
2097
2098
2019
2098
2586
2586
2627
2628
2615
2863
2850
2869
2879
2876
1942
1911
1911
1933
1924
2065
2065
2029
2024
2018
2019
2022
2585
2588
2620
2620
2627
2612
2864
2865
2866
2868
2853
2853
1940
1911
1939
1946
1946
2065
2064
2029
2007
2022
2872
648
635
482
482
495
651
651
653
654
642
643
643
635
1289
1289
1287
1271
1269
927
924
939
941
907
903
903
479
484
483
486
485
650
656
654
653
642
635
379
1033
1038
1270
1267
1268
1594
937
937
905
906
908
478
476
476
483
484
321
674
181
381
179
1032
1032
1302
1040
1268
1036
1591
1594
1594
898
901
901
519
501
518
502
502
501
733
170
170
182
1030
1029
1181
1300
1592
1586
622
621
517
511
145
149
166
169
165
175
173
1182
1185
1185
1230
1227
1605
916
921
917
917
625
623
625
621
510
512
150
166
203
202
201
203
186
185
1182
1183
1228
1228
1231
1607
1238
920
919
630
624
628
597
156
155
155
186
186
1174
1167
1168
1569
1219
1569
1552
616
617
616
607
597
157
157
126
110
107
1201
1169
1203
1169
1168
1570
1574
1545
1545
1543
1544
1544
618
613
618
598
603
814
115
109
106
1205
1203
1190
1165
1217
1574
1547
1546
1543
614
3260
614
601
3175
3177
3176
128
3189
117
113
113
106
1200
1195
1204
2212
1164
2212
2474
2459
2457
2456
2456
2453
3256
3260
3262
3262
3175
3177
3177
3171
3190
3188
3190
3214
3216
3216
1204
2174
2168
2209
2212
2474
2473
2460
2460
2462
2453
2454
3258
3261
3268
3171
3190
3186
3214
2172
2166
2210
2210
2205
2478
2462
3253
3257
3255
3265
3269
3220
3185
3182
3209
3209
3127
2829
2164
2167
2210
2167
2207
2207
1875
1873
2474
1874
1864
1860
3249
3254
3255
3265
3217
3221
3180
3180
3208
2822
2164
2167
2175
2205
2207
2190
2108
2095
1860
1861
3245
3245
3235
3235
3238
3238
2900
3180
2835
3137
3133
2823
2823
2826
1780
1926
2193
2062
2109
2095
2093
2095
3244
3234
3235
2632
2900
3236
3124
2899
2884
2886
2876
3137
2826
1904
1902
1929
1930
1930
2062
2061
2107
2093
3030
2605
2636
2863
2862
2876
2875
3150
1900
1904
1927
1928
2068
2068
2067
2088
2006
3024
3024
2629
2584
2629
2871
3119
2853
3149
1909
1922
1924
2082
2073
2069
2006
2008
2589
2589
2627
2628
2625
2622
2622
2873
2872
2869
2852
3149
1906
1907
1907
1922
1932
1924
2081
2075
2009
2009
2008
2013
2588
2868
2007
376
1043
481
482
485
648
330
330
371
644
371
634
635
377
379
1042
1047
1037
925
925
924
939
940
940
941
904
479
482
486
339
651
321
374
374
381
381
379
381
1052
1039
1052
1038
926
1039
924
936
906
478
479
341
340
320
162
183
183
183
1049
1054
1033
1028
1040
930
927
948
947
937
937
898
900
271
283
519
323
318
318
163
181
168
182
178
179
1030
1181
1012
1029
1036
1229
947
946
944
944
914
898
623
519
284
286
281
146
148
169
170
170
168
175
178
1184
1178
1229
1235
1238
920
911
911
622
621
288
153
148
150
149
201
203
196
194
195
1177
1175
1180
1231
1228
1230
1237
1238
1157
921
918
611
608
287
153
152
156
153
155
198
205
195
1174
1171
1180
1223
1227
1224
1225
1157
1154
918
919
611
611
606
608
140
143
126
125
126
192
1172
1170
1168
1161
1222
1152
1138
611
607
252
141
142
128
128
120
1201
1210
1205
1208
1165
1162
1165
1218
1137
1138
3275
610
3167
3170
141
130
130
130
112
107
123
123
1200
1212
1203
2214
2469
2468
2478
2457
2459
2452
3272
3262
3167
3170
3189
3212
3212
3215
2282
2169
2213
2213
2471
2477
2476
2460
2443
3251
3262
3229
3227
3182
3182
3202
3206
3214
2286
2286
2285
2170
2170
2169
2209
2474
2478
2477
2464
2441
2441
2440
3251
3264
3254
3219
3228
3183
3220
3201
3209
3206
2290
2164
2182
2167
2207
2464
2464
2447
2441
3253
3255
3222
3240
3237
3208
3209
3135
3126
2177
2179
2205
2190
2202
2409
2415
2091
2416
1859
2416
3248
3245
3245
3247
3235
3232
3238
3241
3133
3132
3135
3137
2177
2180
2180
2192
2193
2193
2190
2091
2189
2062
2091
2090
2413
3031
3029
3232
3231
3238
3133
3109
3137
1901
2180
2141
2193
2059
2058
2087
2088
2093
3031
3030
3029
3023
3001
3109
3124
3123
3124
3122
3162
3161
1901
1900
1924
1929
2062
2058
2059
2088
2088
2084
3021
3024
3024
2625
2624
2621
2995
2871
2995
3124
3120
3146
3150
1907
1906
1914
1922
1914
2081
2080
2075
2072
2014
2014
3020
3021
2625
2625
2622
2622
2873
3114
2871
2869
3120
3146
3146
3148
3148
3148
1916
1913
1920
1920
1919
2078
2075
2077
2011
2074
2016
2012
2015
2015
2013
1042
895
304
303
334
331
333
331
371
371
370
389
390
376
1046
1043
1037
930
929
933
934
932
939
894
895
891
891
336
337
339
340
319
373
374
377
1050
394
1053
1046
1045
1034
930
926
930
932
946
894
905
887
303
308
337
339
341
321
321
374
183
1050
1050
1054
1054
1053
1028
1054
1036
1003
932
946
897
887
271
284
270
277
324
324
323
328
318
162
179
1049
1014
1013
1004
948
943
1236
944
898
914
271
274
272
285
284
285
281
327
146
159
199
176
176
1177
1014
1014
1178
1233
1236
1158
944
914
911
273
273
287
288
286
153
145
148
133
199
198
210
210
194
194
196
1234
1237
1234
1238
1159
1155
910
1155
911
258
258
139
133
138
136
208
120
209
206
191
192
1172
1175
1251
1167
1223
1221
1225
1148
1154
1135
1134
260
262
252
254
136
142
135
206
205
191
1210
1171
1160
1162
1218
1214
1224
1221
1151
1150
1137
1138
1138
259
252
140
130
126
120
122
123
1212
1212
1210
1207
1161
1215
1215
1217
1151
1076
1152
1141
1141
1143
3272
3275
3295
254
143
100
123
2283
1212
1208
1164
2468
2476
2437
2436
2443
3274
3275
3274
3275
3294
3295
3312
3169
3193
3193
3212
3192
3212
2311
2283
2309
2318
2214
2471
2469
2471
2478
2451
2444
2444
3280
3282
3272
3278
3285
3227
3170
3170
3203
3193
3206
2286
2286
2283
2168
2320
2203
2467
2465
2463
2448
2441
2444
3282
3282
3285
3229
3227
3200
3200
3199
3197
2291
2291
2183
2183
2183
2203
2196
2202
2467
2464
2450
2446
2446
2447
3282
3248
3248
3280
3228
3224
3225
3239
3106
3129
3127
2292
2293
2293
2177
2290
2187
2185
2187
2196
2198
2409
2415
3248
3247
3232
3242
3232
3239
3242
3107
3240
3126
3129
2292
2179
2180
2185
2195
2200
2190
2200
2198
2421
2420
2421
2420
2414
3029
3016
3015
3001
3110
3107
3107
3111
3133
3129
3161
3136
2140
2136
2156
2192
2404
2087
2425
2413
2414
3027
3027
3026
3017
3015
3000
3001
3111
3109
3122
3122
3163
3164
3164
3162
2141
2160
2161
2346
2071
2085
2085
2084
3027
3027
3014
3013
2994
3001
2998
3117
3119
3145
3164
3140
1917
1914
1914
1920
2082
2080
2071
2357
2012
2072
3020
3011
3021
3008
2997
2998
2995
3114
3114
3113
3146
3140
3140
1917
1916
1920
2082
2076
2077
2078
2075
2011
2016
315
334
333
334
351
410
412
390
390
392
1047
980
1000
953
934
867
869
892
891
304
307
307
336
331
410
410
417
412
389
394
394
1045
1045
1001
950
933
866
893
893
888
306
308
337
328
328
421
417
420
417
394
1010
1009
1007
1004
957
957
877
880
888
872
271
277
163
18
17
1009
1012
1013
1007
1003
959
957
881
882
913
882
914
872
272
275
265
283
278
326
327
160
160
15
1014
1017
1019
1006
1006
1235
1089
1086
881
1159
1155
274
275
280
280
132
133
159
208
210
15
70
70
1178
1249
1246
1233
1158
1118
1109
257
242
239
255
138
134
136
133
46
209
210
192
67
67
1247
1251
1250
1250
1251
1221
1147
1157
1117
1119
258
258
262
255
139
136
93
120
206
66
1244
1244
1076
1079
1149
1076
1148
1135
1141
1135
260
261
252
255
93
92
95
95
100
88
86
1207
1244
1076
1149
1140
1145
1145
3290
3291
3293
3291
3295
3314
99
100
100
88
2310
1208
2313
1214
2489
2436
2438
1142
2437
1143
3294
3293
3295
3288
3315
3193
3196
2269
2282
2308
2312
2320
2318
2486
2470
2436
2438
3278
3285
3287
3285
3313
3313
3195
3199
2271
2272
2273
2308
2316
2320
2319
2524
2484
2449
2449
2450
2429
3280
3277
3341
3373
3375
3202
3203
2273
2289
2289
2288
2316
2315
2316
2196
2523
2483
2411
2451
2431
3343
3347
3225
3201
3089
2263
2263
2187
2182
2236
2196
2409
2417
2410
2418
3346
3348
3224
2978
3241
3106
3090
3102
3102
2187
2185
2137
2200
2200
2198
2404
2410
2423
2421
2423
3009
3018
3016
2975
3003
3110
3099
3104
3160
2140
2138
2138
2137
2157
2403
2422
2424
2424
2425
3014
3018
3017
3005
3005
3002
3100
3100
3153
3152
3160
3160
2112
3160
2118
2136
2159
2161
2158
2336
2344
2356
2354
3010
3009
3014
3013
3008
3004
2998
3003
2982
2982
3117
3153
3153
3157
3163
3139
2118
2120
2158
2154
2160
2150
2157
2346
2346
2344
2358
2359
2355
3011
3010
3058
3054
2997
2998
3116
3117
3140
3143
1917
1917
3142
2120
2151
2159
2151
2345
2342
2359
2355
3142
979
315
352
315
351
353
350
342
409
413
414
387
392
979
980
1001
999
999
1001
954
954
869
852
885
885
884
352
354
367
347
412
421
414
416
408
393
393
978
1001
953
866
867
892
874
885
305
313
306
368
366
346
368
368
419
417
387
978
1001
949
1007
960
951
878
874
888
888
267
294
306
264
278
328
421
364
419
18
21
18
14
21
1010
1025
1025
1007
961
959
959
961
957
877
882
875
875
267
267
265
219
49
5
18
15
15
70
1020
1020
1019
1088
1089
1086
882
1115
1109
880
1108
1107
238
222
218
218
49
47
5
17
8
1020
70
77
1017
1247
1246
1088
1091
1086
1115
1117
1109
237
238
255
232
231
232
50
47
69
70
67
67
1251
1249
1241
1092
1078
1093
1147
1114
1119
1118
241
262
262
93
41
51
95
47
79
80
89
1243
73
1244
1241
1261
1079
1078
1080
1150
1117
1128
1145
3290
3311
104
97
102
90
80
90
89
86
1243
1256
1241
1070
1073
1072
1127
1141
3301
3310
3311
97
103
102
104
3194
88
2270
85
2270
86
86
2311
2312
2306
1075
2507
1069
2487
2488
2490
2491
2434
1145
3301
3291
3315
103
3194
2275
2269
2313
2309
2320
2507
2509
2489
2488
2491
2433
3278
3288
3288
3288
3287
3310
3312
3371
3371
3353
3195
3350
3351
3196
2273
2289
2299
2506
2319
2507
2523
2484
2479
2430
2429
3278
3344
3341
3340
3375
3373
3354
3349
2271
2272
2289
2299
2239
2316
2524
2235
2522
2522
2448
2428
2430
3344
3348
3341
3373
3092
3090
3096
2265
2262
2240
2522
2407
2406
2417
2431
2381
3346
3343
3044
3347
3346
3338
2979
2979
3087
3087
3086
3089
3085
2267
2266
2267
2263
2144
2240
2143
2146
2401
2404
2411
2407
2418
3044
3040
2975
2975
2959
2958
3099
3087
3104
3102
2267
2260
2114
2143
2146
2156
2400
2404
2423
2377
2375
3040
3040
2969
3005
3005
2982
3104
3104
3155
2112
2113
2115
2112
2144
2153
2147
2154
2336
2336
2335
2338
2338
2363
2374
3056
3056
3053
2991
2989
2990
2981
3157
3155
2118
2118
2154
2120
2154
2346
2349
2357
2355
2358
2365
3049
3058
3058
3054
2990
2988
2982
2988
3117
3157
3157
3143
3143
2122
2121
2150
2342
2341
2342
2342
2347
2348
2354
3054
349
996
310
354
349
353
397
399
400
400
387
983
986
987
987
994
997
965
964
863
852
852
851
315
313
313
301
346
368
405
413
405
400
402
387
992
993
992
973
949
951
865
859
853
885
293
301
299
366
367
364
421
405
420
407
407
387
993
992
974
972
960
950
875
870
299
299
216
1
4
406
20
21
1023
1025
970
956
878
1085
875
872
294
264
265
223
326
217
2
5
12
21
23
1020
1027
1089
1083
1109
248
221
220
220
219
231
49
10
72
77
77
1091
1091
1082
1086
1115
1115
1112
242
247
234
234
235
41
51
50
46
31
72
75
1260
1093
1092
1082
1129
1131
1130
239
237
232
41
28
60
59
60
73
73
1260
1263
1263
1261
1257
1065
1080
1080
1056
1127
1132
1132
1131
241
3305
3303
93
97
79
83
58
59
62
1254
1254
1256
1070
1069
1073
1073
1121
1122
3298
3304
3304
97
102
83
2278
2304
2510
2510
1072
1073
2503
1120
2502
3298
3304
3320
3314
3319
3359
2278
2276
2306
2305
2306
2304
2306
2509
2486
2490
2487
2480
2504
2433
2434
3297
3325
3324
3327
3371
3353
3349
3351
2276
2296
2299
2298
2517
2507
2481
2481
2428
2428
3344
3323
3338
3375
3328
3371
3354
3350
3097
2251
2299
2238
2237
2223
2235
2520
2519
2483
2480
2427
2479
2428
3333
3331
3341
3375
3093
3093
3093
3097
2267
2263
2239
2237
2236
2520
2407
2381
2385
3043
3338
2974
2968
2977
2976
2958
3092
3094
3095
2265
2256
2266
2260
2258
2233
2230
2233
2396
2400
2390
2391
2406
2378
2381
2378
3044
3044
2975
2978
2959
3087
3062
3061
2113
2260
2115
2144
2148
2146
2401
2339
2376
2377
2374
3040
3056
3039
3034
2955
2954
2956
2985
3063
3064
3060
2114
2135
2148
2153
2326
2339
2367
2368
2364
2375
3050
3058
2992
3049
2991
2985
3084
3074
3155
2124
2124
2117
2121
2328
2336
2339
2348
2363
2364
3051
3049
3054
2989
2988
2988
3082
3084
3082
3080
3084
3080
2125
2128
2333
2333
2333
2329
2349
2347
2361
2128
396
310
350
984
985
986
985
996
965
864
967
964
864
865
856
852
311
347
347
396
361
403
402
983
984
994
973
966
861
860
855
855
296
297
363
364
364
360
407
23
386
989
990
972
862
858
853
291
293
294
301
215
359
407
5
25
23
1027
970
1096
859
854
290
294
223
222
215
2
12
12
25
1022
1027
1096
1095
1103
1104
1104
1111
249
247
221
216
36
37
27
10
8
75
1083
1102
1102
1103
1111
249
247
234
235
236
35
40
31
31
30
8
77
1263
1265
1099
1065
1130
1129
245
225
44
41
31
64
57
1256
1258
1261
1067
1128
244
226
44
43
83
64
64
1254
1258
1067
1067
1057
1120
1122
3305
3308
3319
3321
3322
3361
2280
62
55
1253
2301
1257
1062
2500
1070
2504
1121
3298
3298
3303
3368
3360
3359
3359
2279
2302
2305
2515
2514
2517
2517
2500
2503
2501
3332
3334
3370
3357
2275
2296
2302
2299
2223
2517
2519
2500
2494
2493
3333
3332
3324
3328
3325
3363
3366
3367
3364
2251
2253
2252
2223
2220
2226
2530
2529
2493
2497
3331
3331
3338
3365
3366
3069
3095
3096
2252
2251
2238
2230
2223
2232
2531
2531
2385
2383
2385
2968
2972
2976
2977
3094
2258
2243
2257
2233
2233
2398
2398
2391
2390
2383
2383
3042
2969
2956
3064
3061
3061
2256
2258
2230
2147
2396
2396
2388
2378
3033
3037
2969
2964
2955
3063
3067
3062
3060
2133
2131
2131
2322
2339
2368
2367
2370
2365
3050
2954
2964
3084
3074
3074
2123
2135
2135
2134
2326
2328
2368
2371
2351
2371
3051
3047
2992
2987
3079
3080
2125
2128
2122
2331
2333
2352
2351
2362
2362
3082
297
343
397
400
863
848
311
400
966
861
301
357
361
403
972
12
384
1023
970
845
854
290
236
1
1023
1096
1096
1106
216
25
1027
1106
1112
248
226
37
27
75
1065
1099
1102
1124
229
44
44
33
28
56
57
1265
1067
1056
1060
3306
225
3322
82
55
1063
3307
3321
62
1062
2502
1125
3308
3356
3357
2280
2301
2512
2513
2515
3323
3365
3368
3357
3361
2249
2249
2216
2530
2531
3334
2227
2220
2226
2225
2529
2531
2499
2496
3363
2243
2243
2222
2525
2497
3337
3071
3071
2246
2227
2398
2391
3033
2972
3066
2258
2131
2394
2391
2380
3037
3034
2964
3067
2256
2135
2326
2394
2372
2372
3037
3077
3076
2134
2322
2329
3046
3074
2331
2369
311
974
964
846
990
213
359
360
858
1265
1098
1099
245
229
38
36
1124
83
1125
2501
3320
2500
3327
3335
2248
2216
2513
2242
2526
2971
2385
2398
3042
2241
2326
2394
2325
2370
3077
3080
997
846
988
862
296
361
856
989
1105
10
213
38
1102
229
1265
1063
1057
3360
2279
2302
2494
3364
3367
2527
2527
3043
2243
2225
3069
2245
2388
3066
2130
2131
2965
3073
2133
2323
2352
2361
344
967
384
969
969
860
291
1022
8
1105
229
1099
1060
245
34
64
7
1254
54
2280
2220
2219
2253
2246
2972
2230
2962
2325
2370
2962
2127
2331
343
383
981
981
845
361
25
213
1059
245
35
56
1060
1063
3306
3307
54
2512
2513
2496
3335
3356
2249
3330
3069
3071
3331
2971
3071
2393
2966
3047
3046
3076
2128
2323
344
383
2618
2618
848
357
357
3165
3173
211
977
977
1059
34
228
33
3318
1060
3318
2217
3317
3317
2217
2508
2248
2526
2220
2225
1016
2245
2387
2387
2229
3037
3036
2966
2394
2388
2965
3077
1239
1186
2618
976
849
849
3173
3172
268
976
268
3130
1457
3130
3125
52
3006
3299
2983
1456
3166
738
2960
3204
3036
3204
599
3181
583
