2672
347
998
1001
786
783
351
365
347
484
785
792
366
430
428
428
484
489
489
961
985
985
341
343
429
422
983
682
684
671
670
356
338
559
873
687
676
676
358
335
337
421
418
557
892
685
677
674
358
619
418
740
686
731
673
598
598
596
618
619
571
569
561
552
894
741
748
734
734
596
620
568
555
903
902
887
887
750
733
625
659
664
663
580
554
906
904
1457
1520
1519
624
2335
1447
1460
1456
1521
1522
1518
2325
2238
1458
1526
1525
1518
2249
1485
1483
1497
1523
1571
1574
1574
2267
2219
2221
2235
1484
1484
1482
1546
2321
2321
2324
2220
2232
2232
2227
2230
1490
1491
1500
1547
1611
2319
2061
2075
2074
2228
2228
2228
1490
1490
1501
2063
2104
1418
1415
1589
1602
2062
2072
2101
2097
2100
2128
2128
2127
1395
1388
1409
1408
1606
2067
2126
1396
1384
1408
1587
1587
1604
1604
1602
2066
2069
2098
2098
2120
2121
967
969
969
968
969
998
999
1000
1001
992
786
786
790
773
791
353
351
348
347
348
427
431
437
480
481
481
482
964
962
998
999
1001
782
1000
788
791
364
366
367
353
342
348
431
428
480
484
484
487
961
961
963
984
985
681
682
672
789
792
789
368
360
368
367
368
342
429
426
426
423
488
489
489
874
875
866
985
680
682
682
672
671
361
362
357
335
337
420
426
420
423
559
875
874
873
869
867
869
687
686
675
669
668
359
668
360
338
421
418
561
558
558
897
872
893
687
741
685
677
677
673
597
359
594
358
617
358
335
420
572
562
562
559
560
560
898
898
894
893
893
893
744
730
674
601
598
595
619
660
619
661
568
658
572
556
553
552
897
900
886
896
743
740
732
732
730
602
598
625
621
659
661
662
569
580
579
556
905
905
902
887
889
890
750
749
750
734
734
604
604
623
622
625
620
664
665
666
662
580
580
578
555
906
905
888
749
1509
735
1510
1520
1522
1516
2336
624
664
663
664
667
665
2253
578
554
2239
1449
1449
1455
1456
1460
1457
1527
1530
1532
1508
1508
1512
1521
1519
2333
2334
2334
2333
2336
2258
2251
2266
2263
2250
2253
2239
2238
1449
1447
1452
1453
1459
1527
1526
1512
1573
1574
1573
2334
2323
2323
2325
2268
2268
2250
2266
2250
2237
2242
2240
1486
1453
1486
1459
1523
1545
1546
1566
1574
2320
2324
2326
2326
2267
2249
2237
2220
2231
2237
2235
1485
1482
1499
1499
1548
1547
1569
1571
1572
1572
2320
2326
2313
2313
2221
2218
2232
2232
2229
1489
1490
1488
1493
1492
1496
1498
1500
1502
1548
1609
1611
2321
2063
2313
2217
2218
2229
1465
1491
1487
1492
1502
1501
1590
1610
1610
1607
2062
2064
2065
2065
2075
2074
2099
2099
2103
2103
2128
2229
2125
1465
1394
1394
1393
1414
1418
1417
1590
1590
1608
1603
2062
1608
2065
2065
2068
2071
2068
2100
2127
2125
1387
1396
1397
1392
1415
1415
1589
1606
1605
1603
2046
2066
2070
2070
2071
2097
2101
2094
2115
2128
2118
1388
1387
1397
1386
1386
1409
1412
1411
1593
1587
1606
1603
2067
2069
2077
2115
2122
2120
2122
2119
2119
2121
1396
991
437
965
969
998
995
1001
991
784
786
790
776
773
777
350
353
345
348
434
436
497
496
499
498
967
963
962
966
981
982
988
681
992
782
811
783
807
789
787
365
353
368
346
432
437
435
496
483
500
494
964
980
981
986
982
678
679
789
788
371
369
371
370
371
374
374
343
339
430
424
486
487
486
875
978
978
979
866
983
679
684
670
363
362
373
341
425
426
422
455
455
486
486
875
871
868
867
869
865
708
706
678
704
669
700
363
355
356
336
336
420
419
419
544
559
870
869
892
707
705
707
705
677
700
595
617
649
570
572
562
544
899
901
896
743
731
739
601
594
616
660
651
658
565
571
542
901
901
900
895
895
896
896
742
747
744
743
603
601
622
618
648
613
658
564
565
566
583
582
553
576
905
903
888
890
748
746
745
750
737
738
736
602
604
604
625
621
609
614
657
563
582
582
575
916
1455
889
1532
1509
735
1516
1517
607
613
2337
613
667
2252
581
2247
1444
1444
1460
1460
1531
1530
1532
1511
1515
1514
2337
2334
2257
2257
2258
2263
2262
2251
2253
2253
2241
1446
1449
1443
1453
1459
1523
1525
1512
1512
1514
2328
2329
2256
2257
2264
2261
2250
2234
2241
2240
1448
1446
1440
1468
1483
1454
1499
1454
1561
1551
1545
1567
2319
2323
2325
2265
2265
2219
2216
2213
2237
2224
1470
1470
1496
1499
1552
1569
1569
1568
2321
2316
2313
2313
2217
2216
2226
2236
1487
1496
1495
1553
1548
1550
1548
1569
1616
2055
2316
2312
2214
2215
2225
2102
2230
1462
1464
1462
1488
1493
1418
1416
1416
1588
1611
1609
1611
2061
2058
2059
2056
2075
2073
2102
2104
2107
2226
2223
1464
1464
1394
1398
1415
1417
1418
1590
1588
1599
1607
2054
2064
2083
2082
2072
2105
2117
2124
2124
2125
1390
1392
1414
1595
1593
1598
1603
2046
2046
2081
2078
2081
2086
2095
2096
2116
2118
1389
1391
1391
1389
1396
1385
1386
1386
1410
1411
1412
1594
1595
1606
1606
2047
2049
2049
2080
2079
2078
2076
2092
2076
2095
2095
2116
2114
2113
2077
2093
2114
997
995
437
966
974
965
971
997
994
995
993
804
787
807
775
776
781
779
350
352
345
433
435
497
495
495
500
499
500
498
977
971
993
990
804
806
807
774
776
778
778
777
416
352
434
440
500
494
977
976
980
980
989
988
989
813
812
812
755
371
372
374
374
340
432
442
444
444
454
491
491
493
977
979
861
987
847
986
811
813
704
702
702
369
362
378
340
339
410
444
454
455
491
492
870
866
848
706
705
701
702
695
363
355
381
395
446
455
510
458
551
871
872
846
846
708
705
699
698
590
591
355
395
381
381
650
394
532
507
543
546
546
862
901
883
863
884
885
885
729
729
727
698
699
592
615
593
650
570
532
543
545
914
913
914
883
743
729
711
738
739
601
717
587
609
615
648
651
567
567
583
574
573
546
915
917
913
881
882
747
746
747
709
737
714
600
608
612
610
666
564
582
573
577
917
908
917
882
916
1529
1528
1510
1507
1517
1514
609
614
607
613
2260
2259
563
2189
2245
2246
2246
1442
1444
1451
1529
1532
1505
1507
1506
1517
1517
2337
2331
2257
2254
2263
2263
2252
2183
2247
2244
2242
1444
1441
1450
1450
1561
1505
1504
1503
2327
2327
2331
2330
2255
2260
2270
2261
2212
2244
2244
2234
2197
1469
1469
1559
1560
1552
1552
1566
1581
2328
1580
2330
2306
2318
2331
2264
2273
2274
2212
2178
2179
2234
1470
1479
1481
1496
1559
1552
1553
1584
1582
2318
2314
2315
2274
2216
2213
2224
2222
1470
1472
1476
1478
1494
1549
1549
1550
1616
1625
2059
1568
2315
2316
2073
2274
2214
2216
2225
2226
2222
1464
1477
1463
1494
1402
1399
1400
1405
1650
1650
1615
1616
2057
2059
2055
2044
2107
2106
2130
1394
1399
1401
1407
1406
1407
1650
1600
2057
2054
2052
2056
2083
2085
2089
2091
2105
2125
1337
1378
1383
1398
1406
1407
1594
1599
1599
1600
2053
2054
2082
2086
2083
2086
2096
2091
2117
2112
1390
1383
1383
1377
1385
1595
1592
1592
1597
1596
2049
2049
2051
2079
2080
2086
2089
2093
2092
2095
2109
2110
2112
2111
1410
2109
956
972
973
971
926
995
925
803
804
834
776
781
780
781
781
413
350
411
433
434
469
476
461
474
460
973
974
990
924
931
927
807
833
834
775
774
755
754
779
415
416
412
412
410
441
475
463
494
977
972
980
924
810
809
810
797
753
796
414
372
416
408
415
416
409
442
440
458
468
493
494
975
941
975
987
840
810
794
753
414
379
410
377
441
442
457
464
492
864
861
849
849
848
838
837
800
703
793
697
694
697
376
379
393
391
384
395
394
446
458
510
509
550
549
864
864
864
864
845
846
839
720
703
720
696
696
590
384
593
383
392
650
395
533
508
510
510
547
548
862
859
856
884
839
726
727
729
717
590
588
592
593
634
616
653
650
535
507
534
501
546
914
914
885
725
725
713
712
586
653
653
534
532
542
577
915
911
877
880
879
724
710
711
718
716
588
608
609
606
654
654
530
566
574
576
575
911
909
910
881
1536
1535
710
715
715
714
644
606
611
611
610
2287
2288
530
2190
529
530
511
2200
1442
1438
1438
1420
1529
1537
1538
1507
1507
1503
2298
2300
2337
2293
2255
2289
2289
2259
2187
2190
2245
2196
1431
1439
1439
1451
1534
1561
1538
1542
1583
1504
2299
2331
2254
2271
2188
2187
2185
2185
2197
2184
2198
1441
1440
1429
1481
1454
1562
1561
1564
1564
1563
1585
1582
2309
2329
2310
2271
2270
2182
2180
2185
2192
2192
2192
1475
1480
1480
1481
1564
1564
1585
1584
1585
1582
1582
1618
2307
2308
2314
2274
2273
2176
2180
2177
2179
2195
2194
1474
1477
1401
1627
1624
1622
2058
2031
2316
2036
2042
2042
2177
2176
2163
2193
2223
2130
1473
1478
1476
1402
1401
1407
1666
1626
1627
1625
1623
1624
2035
2034
2034
2036
2044
2041
2043
2107
2132
2133
2132
1339
1340
1338
1402
1403
1655
1666
1652
1613
1616
2054
2038
2037
2039
2044
2090
2107
2138
2132
2132
2130
1336
1340
1377
1404
1404
1653
1592
1651
1600
1613
2051
2051
2052
2084
2085
2088
2091
2110
2108
2112
1336
1342
1378
1380
1379
1381
1657
1658
1597
1632
1596
2051
2048
2084
2004
2087
2087
2091
2109
2112
1381
928
460
955
956
929
929
926
925
819
834
820
831
829
830
770
771
769
752
752
405
403
470
476
479
474
475
462
461
462
957
956
932
926
926
804
820
832
830
752
405
398
413
407
411
406
470
476
468
467
460
959
943
940
927
924
808
808
809
797
833
832
755
400
399
408
439
438
441
438
468
465
959
943
942
943
941
847
940
841
810
800
793
794
796
795
758
755
397
377
410
386
450
452
449
458
958
958
861
852
841
840
723
697
697
376
378
389
392
390
448
448
456
550
551
855
836
835
838
721
723
694
692
689
375
590
384
383
384
391
390
538
508
505
503
857
858
851
835
728
694
689
585
584
584
593
635
653
541
533
540
538
502
504
504
547
858
859
878
879
878
724
726
712
718
718
635
627
587
631
635
539
535
526
526
501
514
513
515
908
908
876
876
880
713
718
586
640
631
656
656
655
528
530
526
512
515
911
1437
877
1197
1535
1180
1540
709
645
646
640
2294
656
2295
2287
2190
511
2200
1436
1439
1439
1419
1536
1539
1543
1543
1541
644
2297
2295
2295
2295
2285
2288
2188
2189
2190
2187
2199
2200
1431
1430
1438
1430
1423
1533
1533
1534
1537
1539
1543
1543
1575
2298
2299
2300
2294
2286
2286
2181
2183
2200
1432
1433
1419
1423
1554
1557
1576
1581
2306
2310
2284
2271
2271
2182
2180
2185
2208
2196
2208
2195
1475
1426
1562
1558
1556
1579
1585
1617
2307
2309
2308
2284
2283
2172
2180
2194
2207
1472
1475
1480
1481
1427
1556
1558
1665
1626
1579
1623
1618
2033
2041
2272
2171
2164
2163
2207
2195
1473
1347
1338
1374
1376
1376
1373
1661
1665
1667
1666
1668
1627
1622
2032
2032
2037
2041
2044
2162
2163
2131
2131
1346
1346
1339
1375
1373
1373
1666
1669
1669
1643
1613
2035
2022
2039
2038
2040
2161
2170
2138
2133
1341
1337
1345
1357
1403
1658
1657
1652
1651
1645
1632
1644
2023
2007
2005
2159
2155
2161
2137
2138
1341
1344
1345
1342
1343
1343
1380
1360
1379
1658
1657
1632
1631
1632
2023
2021
2023
2008
2006
2008
2005
2088
2156
2156
2139
2135
2135
2004
956
955
930
930
928
935
920
920
822
830
821
830
771
769
404
404
402
401
469
478
477
479
477
466
463
459
94
959
957
932
931
918
819
823
816
828
827
826
826
770
399
401
472
471
473
478
467
102
102
950
942
940
948
919
816
918
797
825
756
756
759
400
399
399
407
406
439
479
468
465
103
950
945
943
946
842
919
801
799
824
760
760
397
397
385
385
387
386
452
445
451
456
464
91
851
854
854
853
843
844
844
802
802
801
799
799
690
758
691
375
382
388
388
387
451
449
92
90
549
1162
854
851
854
837
844
723
722
694
691
689
585
626
633
382
389
540
537
452
536
504
548
86
855
856
1155
836
723
723
1188
1187
690
692
629
626
633
634
541
537
538
505
520
504
857
1164
1165
1157
1157
1156
1186
1188
1184
1185
628
630
630
632
632
524
523
522
502
513
520
1165
911
1154
1198
1196
1186
1179
1183
1182
1185
643
646
643
639
656
539
525
525
521
512
909
1436
1153
1153
1198
1681
1196
1680
1181
1183
1180
645
642
638
641
642
640
640
2292
2285
528
2575
514
1435
1796
1436
1421
1420
1687
1540
1171
1541
2303
2296
641
2296
2292
2291
2198
2575
1435
1436
1433
1801
1422
1423
1680
1689
1542
1697
2297
2305
2305
2293
2292
2291
2279
2277
2278
2278
2174
2181
2211
2211
2210
1429
1425
1426
1555
1555
1578
1576
2304
2302
2302
2284
2275
2279
2175
2211
2208
1432
1425
1428
1428
1428
1554
1558
1579
1578
1575
1620
1577
2304
2284
2281
2173
2202
2208
1475
1474
1428
1661
1660
1619
1621
2033
2031
2281
2025
2025
2171
2172
2202
2205
1349
1347
1376
1375
1369
1373
1662
1663
1668
1667
1669
1638
1617
2016
2016
2030
2041
2028
2162
2164
2163
2169
2170
2136
1348
1350
1350
1376
1372
1373
1370
1655
1663
1669
1645
1639
1641
2015
2020
2012
2161
2151
2167
2167
2168
2138
2170
1354
1344
1345
1356
1359
1653
1645
1629
1645
1644
2023
2019
2019
2013
2013
2157
2158
2155
2143
2143
2136
2141
1352
1354
1358
1358
1359
1360
1658
1654
1630
1631
1631
1648
2006
2022
2007
2010
2010
2159
2158
2142
2140
2140
1656
935
768
951
938
934
922
921
823
823
827
831
766
767
767
404
404
402
473
142
138
139
95
97
94
96
953
937
938
935
936
921
818
822
814
828
768
762
66
45
472
43
117
114
100
98
99
102
96
953
952
950
944
936
817
824
825
761
759
65
66
67
62
471
42
118
118
115
100
102
89
953
948
947
948
946
948
817
802
1321
1335
69
69
68
42
115
120
1160
1147
945
844
842
1057
802
1315
1329
1333
1333
289
68
289
288
288
452
92
90
91
83
1161
1161
1162
1145
853
843
1057
1316
1327
1329
1328
1316
1329
1325
291
287
284
284
285
538
277
87
87
1158
1160
1130
1157
1135
1056
1187
1327
1326
252
250
282
536
273
521
519
1163
1164
1166
1151
1157
1156
1195
1188
1184
1170
628
627
629
254
267
523
522
520
518
517
520
517
1165
1165
1163
1150
1197
1195
1181
1183
1172
636
637
639
267
266
524
518
517
517
1795
1815
1815
1154
1799
1683
1682
1194
1686
1183
1182
1173
1173
643
643
637
2561
266
2562
2554
2568
2568
2574
2568
2575
1814
1795
1799
1796
1798
1684
1684
1683
1681
1689
1686
1698
1698
2349
636
2305
2362
2563
2563
2551
2552
2573
2553
2572
2576
2576
1813
1815
1801
1682
1688
1688
1699
2360
2292
2565
2566
2276
2552
2573
1776
1813
1778
1801
1421
1676
1687
1688
1693
1694
1694
2304
2305
2365
2564
2282
2276
2560
2277
2173
2551
2175
2209
2211
1776
1778
1777
1425
1775
1659
1557
1679
1692
1621
2302
2282
2363
2283
2275
2615
2174
2203
2206
2206
1780
1782
1427
1368
1368
1997
1662
1997
1579
1984
1985
1619
1620
2018
2017
2030
2025
2028
2201
2202
2204
2204
1783
1367
1370
1366
1663
1369
1992
1663
1660
1639
1642
1640
1640
2018
2018
2024
2027
2028
2026
2166
2170
2168
1348
1349
1366
1654
1634
1638
1642
1641
2015
2015
2030
2027
2150
2167
2151
2167
2144
1353
1355
1363
1354
1356
1637
1635
1648
1647
2020
2013
2013
2154
2152
2150
2143
2146
1355
1355
1357
1365
1365
1362
1362
1636
1637
1635
1646
1648
2503
2010
2504
2494
2011
2011
2157
2154
2149
2149
2143
2147
1351
1629
2139
767
49
933
934
935
922
1007
1266
1265
821
1264
766
768
765
761
50
50
47
44
141
139
137
97
136
95
94
951
937
938
1007
815
1262
1263
764
764
765
762
763
81
64
66
44
140
43
138
100
98
1140
953
1003
815
814
1322
1323
1324
1334
80
63
66
65
62
116
117
118
118
114
121
99
103
1141
1147
1146
1059
818
1059
1320
1324
1320
1323
1335
1335
71
70
70
67
42
277
121
123
121
121
111
88
1140
1147
1147
1131
1060
1055
1054
1315
1321
1319
1318
1332
1335
290
290
288
280
280
85
88
84
1139
1159
1145
1136
1055
1057
1057
1317
1329
1332
1326
1331
290
291
288
283
285
277
278
275
238
87
86
1158
1166
1128
1136
1134
1134
1136
1207
1209
1201
1325
254
251
284
281
284
274
275
237
183
87
83
1168
1167
1167
1151
1149
1135
1191
1193
1208
1175
253
251
262
262
267
185
182
1168
1152
1152
1149
1190
1192
1192
1169
1177
257
256
259
267
260
270
270
186
186
1811
1797
1797
1671
1189
1189
1194
1169
1171
1172
1170
1178
1176
257
261
2562
2546
2547
2555
2569
2555
2576
1815
1799
1799
1670
1686
1696
1696
1699
2352
2362
2361
2561
2566
2550
2554
2571
2576
1808
1804
1802
1673
1688
1672
1710
1692
1699
2349
2354
2349
2360
2359
2362
2565
2559
2553
2548
2578
2584
2582
2572
1809
1804
1778
1803
1804
1676
1678
1678
1690
1693
2353
2359
2367
2367
2560
2560
2581
2581
2582
1777
1778
1676
1995
1996
1679
1691
1985
2355
2357
2366
2558
2427
2559
2617
2618
2618
2618
2203
2629
1779
1779
1783
1782
1781
1911
1995
1997
1987
1987
1984
1975
2017
2356
2363
2428
2429
2430
2430
2611
2612
2613
2611
2621
2629
1783
1783
1913
1912
1997
1989
1999
1976
2018
2438
2437
2430
2610
2610
2169
2622
2205
1899
1900
1919
1367
1867
2000
1990
1991
1992
1992
1973
1974
2438
2499
2012
2490
2028
2490
2153
2165
2144
2623
1901
1902
1355
1364
1363
1362
1868
1634
1868
1991
1968
1967
1963
2503
2502
2504
2494
2495
2488
2490
2154
2153
2146
2145
1352
1905
1365
1364
1365
1362
1634
1637
1636
1637
1971
1648
1962
1647
1962
2503
2504
2498
2497
2496
2496
2488
2154
2485
2149
2484
2149
2148
2147
2146
2146
48
137
1020
1021
1008
1009
1010
1265
1266
1264
1255
1256
1254
763
50
50
47
141
143
145
144
145
139
136
160
163
161
1008
1002
1011
1011
1263
1262
1256
1254
82
1261
82
82
78
58
45
142
140
145
122
160
101
101
1021
1006
1003
1010
1011
1059
1305
1307
1308
80
82
81
77
79
63
79
61
61
145
124
89
110
1141
1144
1005
1004
1062
1063
1059
1063
1305
1322
1334
73
73
71
60
124
121
279
123
112
110
1140
1141
1144
1143
1144
1129
1061
1061
1058
1319
1318
1331
73
290
76
323
324
325
280
236
112
113
111
1138
1137
1130
1127
1129
1131
1060
1054
1045
1317
1319
1203
1332
1332
1200
252
283
275
278
279
237
178
113
178
84
1137
1159
1128
1133
1132
1209
1209
1208
1203
1202
1199
254
254
322
324
282
274
272
275
235
183
180
177
1120
1119
1152
1117
1193
1193
1206
1205
1199
1175
258
250
264
263
269
268
271
271
233
184
186
184
181
1118
1152
1149
1193
1205
1205
1178
1177
1176
259
259
261
263
269
270
270
231
230
185
186
170
171
1810
1812
1829
1116
1190
1236
1174
1174
259
256
260
2547
2550
2570
2569
2570
1812
1810
1814
1811
1831
1833
1670
1671
1708
1710
1696
1709
1696
2351
2352
2375
2375
2373
2566
2546
2549
2550
2585
2585
2583
1806
1809
1808
1807
1807
1804
1674
1674
1707
1710
1690
1699
2352
2351
2362
2374
2557
2566
2549
2578
2579
2583
2587
1809
1809
1787
1803
1673
1672
1705
1706
1691
2353
2354
2366
2359
2367
2558
2371
2560
2556
2580
2581
2584
2581
2587
1786
1780
1786
1788
1775
1675
1677
1679
2003
1987
1987
2356
2357
2347
2355
2345
2343
2367
2364
2615
2614
2617
2628
1790
1785
1912
1994
1911
1994
2002
2003
2002
1976
1986
2346
2344
2363
2440
2427
2427
2615
2615
2613
2612
2618
2619
2627
2629
1916
1916
1909
1876
2000
2000
1988
2000
1989
1977
1976
1975
2438
2441
2429
2430
2610
2620
2623
2623
2623
1900
1901
1919
1919
1913
1875
1877
1877
1999
1992
1979
1977
1980
1973
1973
2438
2493
2492
2665
2663
2651
2622
2653
1899
1903
1918
1919
1871
1867
1869
1863
1971
1970
1967
1963
2501
2501
2495
2493
2490
2487
2652
2652
2654
2655
1904
1904
1903
1905
1871
1870
1869
1862
1971
1971
1968
1964
2500
2501
2497
2498
2484
2488
2485
2488
2655
2655
2654
1019
1018
1015
1019
1015
1270
1272
1252
1261
1260
49
27
47
47
143
134
136
162
161
1021
1020
1004
1011
1009
1272
1272
1269
1253
1255
1259
1261
78
57
57
58
144
132
156
160
163
1005
1006
1002
1062
1051
1269
1305
1268
1308
1307
74
74
77
61
55
51
122
106
159
149
1023
1063
1298
1313
1309
75
76
76
61
61
54
52
105
108
113
108
110
158
1138
1143
1108
1144
1107
1063
1052
1296
1297
1311
76
331
329
326
327
280
228
220
104
236
112
1108
1106
1127
1046
1047
1047
1297
1202
1203
1309
1227
321
323
330
327
326
234
191
107
1124
1125
1126
1087
1132
1089
1094
1209
1228
1204
1203
1200
322
322
330
328
325
296
295
272
234
238
179
177
1118
1126
1126
1126
1088
1133
1092
1206
1205
320
301
296
230
239
233
233
232
181
169
180
1119
1120
1116
1117
1091
1240
1240
1239
1238
1249
1248
264
300
230
231
174
169
168
1828
1827
1830
1830
1830
1747
1240
1236
1237
1247
2350
258
2373
268
2527
2521
2571
171
2522
170
1830
1829
1832
1833
1720
1709
1704
1703
2352
2351
2375
2375
2377
2529
2550
2521
2524
1827
1836
1831
1836
1720
1719
1710
1706
1704
1704
2341
2340
2374
2378
2376
2556
2532
2578
2579
2586
2587
1806
1788
1787
1717
1717
1705
1707
2342
2342
2347
2339
2370
2372
2372
2557
2533
2534
2594
2586
2587
1794
1784
1784
1678
1933
2347
2346
2344
2371
2370
2368
2605
2626
2594
2629
1791
1785
1994
1873
2001
2003
1934
1986
1940
2441
2441
2425
2427
2605
2603
2608
2606
2620
2625
2625
1916
1910
1910
1909
1877
2002
2003
1978
1981
1976
2441
2440
2424
2422
2607
2619
2627
2647
2645
1914
1916
1917
1875
1872
1873
1865
1988
1978
1982
1982
1974
2435
2472
2471
2437
2493
2422
2475
2661
2664
2651
2646
1902
1898
1918
1918
1892
1874
1871
1876
1859
1866
1866
1969
1966
1965
1980
2469
2472
2466
2492
2474
2493
2477
2491
2664
2663
2668
2659
2657
2657
1905
1898
1897
1891
1871
1858
1863
1969
1965
1966
2470
2501
2469
2465
2466
2491
2486
2476
2666
2659
2660
1964
29
1042
1018
1042
1016
1016
1015
1013
1271
1272
1253
1291
1260
27
28
22
21
23
24
4
4
134
131
162
166
166
1014
1015
1080
1082
1271
1267
1269
1252
1258
1257
1261
29
31
22
2
134
157
156
165
1024
1024
1026
1081
1049
1084
1081
1267
1269
1257
1258
38
58
58
59
53
17
152
160
157
159
1022
1022
1026
1026
1049
1051
1305
1050
1304
1313
1314
1313
1311
1312
75
40
39
59
54
53
55
52
51
105
108
152
151
1023
1110
1107
1049
1047
1298
1313
1310
1311
318
333
333
333
227
227
220
104
189
188
151
107
187
1109
1105
1089
1046
1045
1229
1299
1296
1227
330
319
319
331
328
329
223
228
221
191
190
187
1123
1122
1087
1089
1086
1085
1093
1229
1226
318
321
322
301
293
293
225
225
224
235
232
191
179
1125
1123
1121
1088
1089
1094
1238
1230
1230
1225
1227
298
298
300
296
299
239
246
233
232
172
172
167
1828
1822
1240
1092
1231
1250
1251
1251
1250
1246
300
310
295
247
245
246
175
167
1818
1832
1752
1234
1233
1235
1237
1700
1251
1702
1247
2412
1246
1248
2417
2417
2416
249
2380
248
2529
2528
2529
2522
2523
168
1818
1835
1719
1235
1701
1703
2413
2415
2417
2378
2385
2530
2527
2529
2525
2524
1834
1834
1835
1836
1836
1718
1720
1711
1713
1733
1708
1700
1736
1701
2410
2340
2420
2376
2377
2380
2534
2505
2508
2507
2524
1792
1794
1762
1762
1720
1717
1714
1735
1704
2411
2341
2339
2339
2369
2369
2368
2531
2533
2509
2509
2511
1792
1755
1771
1717
1715
1932
1934
1928
2347
2343
2605
2604
2594
2626
2624
2597
1794
1790
1789
1794
1793
1773
1771
1725
1936
1932
1940
1933
1939
1924
1923
1922
2345
2433
2399
2439
2423
2603
2605
2594
2600
2624
1789
1791
1772
1851
1851
1848
1936
1937
1940
1940
1923
1921
2432
2439
2424
2422
2608
2607
2595
2650
2649
1896
1915
1889
1874
1874
1865
1979
1938
1981
1982
2432
2434
2432
2434
2463
2423
2425
2476
2668
2662
2662
2661
2647
2650
1891
1896
1888
1874
1860
1861
1864
1954
1982
2471
2467
2474
2466
2477
2665
2670
2668
2657
2658
2646
1898
1897
1895
1890
1861
1861
1859
1858
1866
1953
1955
1951
2472
2467
2466
2474
2473
2668
2669
2668
2660
2660
2657
1890
1013
1
1040
1040
1013
1014
1283
1284
1293
1284
1292
1279
29
28
29
24
21
3
4
134
131
164
166
1041
1042
1042
1039
1084
1080
1287
1286
1288
1290
1292
1278
34
31
34
23
2
4
6
153
165
166
1029
1026
1025
1079
1083
1079
1285
1290
1289
1289
1290
1280
40
31
16
18
19
19
150
150
1028
1064
1068
1300
1300
1294
1303
1314
40
39
16
18
154
155
150
149
1031
1109
1028
1065
1052
1043
1052
1299
1302
1311
314
333
332
227
227
188
1110
1104
1105
1103
1044
1071
1044
1295
315
315
316
226
224
222
222
191
189
194
1114
1115
1103
1105
1085
1090
1043
1093
1229
1229
1227
317
293
225
225
221
205
207
206
1122
1123
1086
1090
1219
1225
1249
1245
317
304
298
308
312
292
312
214
239
240
204
203
207
207
207
1121
1817
1822
1091
1231
1242
1251
1243
1244
1245
299
309
300
249
246
246
245
173
173
1820
1817
1822
1234
1233
1242
2414
2415
2385
249
249
176
2518
175
2516
1820
1816
1752
1747
1751
1733
1737
2413
2420
2418
2419
2417
2420
2385
2526
2526
2525
2518
2517
2524
2523
1819
1761
1762
1728
1712
1734
1734
1735
2411
2406
2418
2381
2381
2530
2532
2506
2510
2510
1760
1761
1762
1711
1727
1715
1714
1736
1931
1929
2410
2399
2392
2383
2383
2542
2541
2506
2505
2507
2508
2511
1755
1760
1729
1713
1723
1931
1931
1925
1928
2397
2398
2389
2390
2542
2598
2597
2590
1767
1773
1772
1773
1724
1724
1848
1930
1937
1927
1922
1928
1924
2397
2396
2459
2460
2459
2460
2606
2602
2601
2596
2596
2597
2597
1766
1765
1851
1725
1848
1937
1937
1938
1958
1921
2431
2433
2462
2462
2608
2632
2643
2650
2649
1888
1889
1881
1882
1850
1856
1854
1856
1852
1960
1958
2435
2445
2461
2480
2452
2453
2647
2647
2648
2650
1898
1894
1846
1884
1846
1855
1853
1960
1954
1957
2449
2472
2463
2475
2667
2671
2671
2639
2639
1893
1895
1892
1861
1861
1839
1858
1955
1955
1954
1840
1951
2468
2449
2480
2479
2478
2669
2671
2660
2638
2464
1284
1039
1036
26
25
25
26
21
1
5
8
7
5
133
164
131
1037
1083
1082
1286
1077
1290
1292
1279
33
34
9
9
133
129
146
147
1038
1033
1084
1077
1078
1287
1276
1280
1281
38
35
19
19
155
146
1034
1030
1031
1029
1067
1076
1274
1303
1282
1281
40
16
219
153
150
1031
1028
1065
1066
1068
1302
1302
1303
1282
314
35
226
215
219
210
196
195
1112
1112
1104
1068
1073
1072
1219
1216
1295
317
218
212
211
196
196
1115
1115
1102
1102
1095
1072
1071
1218
1218
1213
1221
316
305
306
216
208
204
206
1115
1102
1096
1211
1210
1221
303
312
311
293
241
204
1113
1097
1210
1096
1242
1245
1245
309
310
241
242
176
204
203
1824
1824
1752
1752
1749
1741
1738
1244
309
309
2402
312
243
2531
248
2519
198
1820
1820
1823
1750
1748
1733
1740
2414
2414
2420
2386
2387
2388
2539
2519
2519
2515
1757
1757
1745
1739
1737
2408
2409
2404
2383
2535
2542
2539
2513
2514
1757
1756
1759
1759
1759
1727
1729
1712
1731
1929
2405
2409
2398
2409
2383
2541
2544
2513
2513
1763
1764
1773
1730
1731
1722
1925
1929
2398
1929
2399
2394
2392
2390
2543
2544
2589
2589
2592
1770
1770
1731
1723
1926
1921
1926
2396
2389
2462
2598
2456
2599
2601
2592
2592
1766
1770
1850
1950
1950
1958
1944
2458
2459
2462
2453
2600
2644
2642
1880
1881
1850
1846
1856
1853
1852
1961
1956
1958
2446
2446
2452
2634
2633
2644
2643
2648
1894
1856
1844
1841
1961
1961
2448
2451
2450
2464
2481
2481
2633
2634
2637
2639
1893
1884
1845
1846
1840
1952
2448
2448
2480
2480
2483
2670
2636
2637
2638
1841
1039
1036
1283
1292
127
125
1037
1293
9
19
1084
1075
1078
1274
15
1303
1277
36
14
129
148
1030
1101
1301
37
215
210
195
1068
1282
306
193
194
1115
1102
1073
1219
317
213
217
212
202
1099
1095
1211
1214
1219
1223
303
304
214
208
200
1825
1097
1749
1232
1222
243
1823
1749
1224
242
2516
197
1824
1744
1746
1741
2403
2388
2388
2388
1759
1728
1746
1745
1740
1942
2408
2403
2540
2539
1757
2393
2404
2382
2393
2542
2544
2537
2514
1730
1945
1926
2395
2545
2591
1769
1947
1950
2396
2393
2456
2589
1882
1721
1849
2396
2459
2455
2602
2644
1880
1878
1855
1950
1956
2445
2446
2454
2632
2642
1879
1838
1959
2451
2482
2631
1884
1959
2479
2636
1039
14
9
128
33
1064
1076
1273
154
305
217
217
1112
1101
1216
1213
197
1232
198
2515
1750
2519
1728
1754
1739
2401
2536
1945
2535
1731
2592
2599
1765
1948
2455
2456
2482
2631
1839
1952
1
127
34
6
1033
1075
147
37
193
1216
1066
1216
211
1099
213
209
176
1749
1738
2408
2513
1728
1722
2545
2544
1767
1945
2393
1849
1944
2641
1949
2444
2446
1843
1961
2451
2454
2636
2639
1036
8
1276
14
13
128
1032
36
1217
193
1099
216
201
1113
1212
1224
1221
309
1222
1741
2409
2404
2406
2395
1770
2457
1838
2443
2641
1844
2450
2478
1035
1275
1277
32
129
1273
1282
1067
199
1112
1070
303
201
209
1825
1824
1223
2387
2539
2512
1754
1744
1942
1764
1722
1947
1763
1769
1947
2456
1842
1878
1883
1837
2451
2483
1035
1275
1908
1908
125
1074
1074
736
1906
1070
14
10
199
1214
1098
1214
1742
200
1742
2401
1743
1743
2401
2538
1942
2536
2407
2391
757
1945
2588
2640
2443
1879
1887
1842
2443
2641
1843
1837
757
719
1908
11
126
126
1906
1906
1069
11
1069
1886
1524
1886
688
302
1466
1467
1306
447
1466
2243
531
1885
1887
1885
527
1467
447
