1776
709
228
396
410
410
822
824
709
679
413
405
824
716
719
679
687
687
686
246
392
391
815
814
716
671
246
394
407
408
406
805
814
734
247
337
333
358
806
816
817
724
724
733
310
336
358
359
806
882
725
378
336
379
359
886
887
887
882
883
726
727
727
730
311
378
387
376
375
886
883
770
730
308
308
387
387
383
376
876
875
776
776
727
736
309
309
1109
1642
1650
876
1621
1107
1107
1109
1643
1644
1649
1622
1738
1103
1104
1070
1640
1733
1094
1103
1069
1070
1637
1637
1638
1720
1730
1732
1741
948
1094
1074
1059
1559
1559
1564
1730
1745
1746
1747
1747
949
946
1068
1059
1599
1598
1558
1693
1693
1698
1744
1688
949
949
1057
1557
1696
914
905
891
1607
1607
1705
1704
1704
1695
1682
1682
1681
956
956
906
907
897
1604
1682
903
906
889
890
888
897
898
1603
1604
1699
1707
1706
1708
1679
232
231
232
228
234
229
397
396
395
399
411
410
403
403
821
822
822
709
719
709
720
720
720
681
680
680
687
234
229
228
396
391
393
395
404
403
823
824
824
819
815
708
719
717
679
688
680
687
233
245
246
243
392
394
413
405
407
405
405
824
807
820
805
813
815
714
716
670
670
686
688
686
246
248
243
388
394
394
413
407
406
807
807
806
816
814
715
716
671
671
732
248
247
247
242
244
244
338
337
333
359
357
808
357
808
817
725
724
733
733
734
315
316
338
337
338
334
333
358
359
886
808
884
804
881
804
816
725
725
723
733
731
732
728
315
314
313
310
313
378
379
374
359
887
887
884
883
883
882
771
726
772
727
729
729
729
311
311
311
385
377
379
380
363
374
879
878
875
878
771
772
772
740
727
735
737
309
306
308
386
386
387
383
382
376
376
375
879
880
874
875
876
865
776
775
773
775
741
741
736
736
309
305
386
382
1102
366
1643
1642
1644
1650
1622
876
776
776
776
773
773
1721
737
736
1737
1093
1093
1106
1109
1108
1108
1101
1097
1102
1102
1642
1643
1643
1650
1650
1649
1621
1622
1621
1619
1722
1722
1721
1722
1721
1738
1738
1093
1092
1107
1105
1108
1101
1101
1641
1641
1641
1638
1649
1639
1616
1617
1618
1618
1722
1720
1735
1739
1740
1739
1095
1103
1094
1104
1070
1066
1055
1641
1638
1639
1617
1618
1618
1731
1733
1745
1733
1745
1745
1741
1094
1073
1069
1070
1055
1059
1599
1637
1598
1638
1558
1617
1564
1692
1730
1732
1744
1744
1747
946
948
947
1074
1074
1072
1074
1071
1057
1060
1600
1599
1559
1559
1563
1692
1698
1746
949
948
947
914
1068
1058
1057
1060
1601
1601
1598
1607
1558
1557
1702
1693
1692
1696
1695
1696
1681
1688
1684
943
943
945
904
914
907
891
894
894
1601
1605
1608
1601
1556
1608
1556
1702
1705
1695
1683
1684
956
902
905
905
904
907
890
899
898
1605
1607
1604
1602
1701
1705
1704
1704
1706
1708
1682
1678
956
955
903
905
901
907
890
889
888
897
897
1606
1603
1602
1701
1707
1708
1678
1680
1679
1678
1679
903
399
720
232
231
230
397
397
399
414
411
403
829
821
828
818
818
708
708
707
718
681
685
680
689
232
234
234
229
229
391
397
393
398
398
415
415
415
402
404
824
819
819
707
708
717
717
685
692
689
692
233
236
226
389
391
393
412
413
402
823
826
825
825
827
805
820
812
812
716
714
670
691
691
245
235
235
241
240
243
388
407
408
809
808
810
813
716
668
671
667
669
691
669
248
248
244
244
242
388
340
335
335
335
357
356
809
810
804
817
763
715
723
668
731
731
315
314
339
340
335
338
334
355
355
885
881
867
763
722
729
731
318
318
377
339
363
364
885
884
869
868
869
771
765
721
721
318
306
318
313
384
385
384
385
381
380
380
880
877
878
882
869
865
772
770
721
768
740
741
735
735
305
308
329
384
385
383
380
383
366
366
365
879
877
880
878
864
863
866
866
774
741
738
739
329
1109
382
1100
1102
366
1644
1648
874
863
1620
866
774
1726
739
1737
1090
1089
1106
1108
1099
1099
1099
1645
1645
1648
1647
1622
1619
1620
1620
1724
1723
1724
1737
1735
1740
1093
1093
1089
1092
1104
1097
1062
1062
1640
1650
1652
1615
1614
1619
1612
1725
1726
1736
1739
1740
1095
1095
1082
1082
1105
1105
1069
1075
1079
1067
1062
1655
1652
1653
1613
1563
1725
1730
1729
1733
1741
1743
1095
1087
1073
1072
1067
1063
1595
1595
1616
1565
1560
1563
1694
1732
1743
1742
947
1071
1072
1066
1060
1056
1054
1063
1597
1560
1562
1563
1694
1697
1744
1697
1747
946
943
958
945
947
913
1057
1056
1058
1060
1600
1600
1595
1554
1597
1561
1562
1703
1697
1696
1691
1690
1689
954
944
945
944
912
913
913
895
891
894
1596
1606
1608
1561
1703
1705
1695
1690
1684
1684
1684
954
955
912
890
895
899
1606
1606
1608
1584
1701
1586
1700
1709
1711
1711
1683
955
953
953
953
903
901
902
901
906
889
910
892
892
899
900
1581
1604
1586
1699
1586
1700
1701
1706
1719
1708
1712
1712
1680
1680
1700
1710
1712
225
401
718
234
224
225
222
230
401
399
400
400
415
422
421
828
831
831
830
818
710
713
717
684
685
685
682
685
682
690
223
227
401
390
399
414
422
402
829
826
826
831
830
819
710
699
685
692
236
236
234
241
226
389
390
412
415
415
419
827
827
827
812
812
714
698
666
697
666
677
669
691
236
241
241
240
238
389
389
427
412
356
356
826
810
797
811
811
694
696
666
668
675
676
235
241
239
341
343
354
354
347
810
811
802
763
696
668
673
675
674
316
316
303
340
341
342
353
355
809
838
802
800
803
802
868
800
765
723
722
744
728
317
318
312
317
313
312
339
341
342
369
353
355
837
885
867
867
723
765
742
745
307
307
318
312
377
369
372
363
365
880
364
833
864
869
873
868
769
768
740
739
746
746
307
306
331
330
381
370
381
372
373
363
365
833
877
864
866
774
768
739
738
746
326
327
327
329
329
1096
1100
1100
1646
1646
1647
860
863
862
865
1611
1724
766
1759
1759
1769
1769
1091
1091
1106
1097
1100
1061
1032
1646
1648
1648
1661
1615
1609
1611
1610
1723
1726
1758
1734
1734
1740
1090
1085
1082
1098
1080
1061
1655
1654
1651
1651
1653
1615
1613
1611
1610
1724
1725
1726
1735
1736
1734
1088
1088
1079
1080
1062
1064
1063
1063
1651
1654
1652
1657
1652
1614
1612
1612
1729
1728
1728
1736
1743
1087
1077
1084
1072
1078
1067
1067
1065
1655
1560
1613
1566
1731
1729
1727
1742
1743
958
959
962
959
1073
1056
1067
1065
1054
1043
1554
1570
1566
1566
1562
1566
1672
1729
1691
1689
1689
958
958
957
962
962
912
1071
911
1056
934
1054
1043
1596
1554
1561
1694
1697
1717
1686
945
963
911
911
911
908
896
1605
1597
1583
1583
1556
1579
1703
1716
1717
1711
1690
952
950
951
912
909
908
892
896
900
1594
1582
1582
1585
1585
1584
1719
1711
1716
1684
1670
954
952
951
950
909
893
895
893
900
900
1581
1587
1581
1587
1718
1718
1718
1710
1710
1709
1712
1668
1669
1670
910
1668
224
224
222
225
269
401
400
424
425
422
421
828
828
831
831
781
780
711
710
712
713
684
683
682
690
224
223
226
268
269
423
424
422
422
420
420
419
789
831
781
782
780
711
694
699
683
683
690
237
227
227
423
427
425
426
418
420
420
788
789
781
778
779
778
694
698
698
678
677
675
692
237
254
241
239
427
427
416
348
788
797
778
795
695
697
678
678
676
299
302
239
304
239
295
345
343
343
350
348
350
347
797
801
801
796
801
696
801
696
667
673
673
674
672
300
300
304
299
304
304
341
345
342
349
352
352
799
798
838
803
800
790
764
755
764
757
742
744
744
298
300
303
324
295
345
369
369
353
838
837
838
837
845
873
872
873
765
764
749
757
746
298
331
332
368
368
370
360
832
873
873
769
757
745
746
328
328
331
332
324
370
372
373
362
362
834
834
860
861
871
870
767
769
747
748
748
328
328
326
330
1016
1034
373
361
362
361
834
860
861
862
861
1633
1757
766
1761
767
766
748
1771
1091
1091
1085
1098
1096
1035
1032
1031
1032
1645
1661
1661
1609
1636
1611
1633
1757
1756
1759
1759
1769
1771
1086
1086
1085
1098
1081
1018
1081
1030
1029
1031
1657
1615
1615
1756
1761
1758
1751
1754
1773
1751
1773
1088
1084
1085
1083
1079
1018
1079
1081
1081
1080
1053
1655
1656
1615
1656
1613
1626
1754
1754
1751
1772
1773
1773
966
1084
1087
1077
1077
1067
1064
1065
1040
1045
1657
1571
1657
1576
1566
1566
1673
1728
1728
1754
1727
1775
1775
966
961
1076
1045
1046
1570
1570
1571
1565
1580
1580
1672
1673
1673
1676
1774
1689
1685
964
957
960
963
998
932
933
1043
1044
1044
1570
1573
1573
1577
1577
1579
1580
1579
1672
1676
1691
1685
1687
970
957
963
963
992
935
934
918
915
1597
1583
1577
1578
1719
1716
1717
1691
1666
1687
1687
1686
967
952
994
909
908
920
893
918
896
915
1593
1593
1583
1585
1585
1715
1717
1669
1665
1669
968
952
951
993
994
909
921
920
900
917
915
1593
1588
1587
1587
1719
1715
1714
1668
1670
993
263
624
276
222
264
265
263
439
441
422
441
434
434
433
435
436
436
783
785
784
780
713
713
630
630
630
628
625
626
250
250
264
268
269
424
441
425
440
789
785
779
781
782
711
693
712
699
627
626
626
249
254
251
269
268
423
428
429
418
428
417
417
788
777
778
693
695
699
706
677
675
255
254
252
253
253
238
252
261
429
429
428
416
418
348
346
789
787
795
694
794
706
706
701
678
255
255
255
301
294
296
345
351
348
798
798
796
795
704
702
702
702
674
674
302
291
294
295
344
349
351
351
351
799
836
798
803
803
796
755
755
754
700
756
300
278
291
291
367
352
352
835
835
835
836
845
872
755
749
753
754
757
758
744
743
298
277
332
325
325
325
368
367
360
360
843
843
834
845
845
749
750
761
758
758
747
747
743
328
287
332
319
322
371
362
833
851
871
871
871
870
750
767
762
762
748
328
1008
320
323
1033
371
1034
373
850
850
851
1635
861
1634
1633
1760
762
1770
1011
1008
1009
1016
1034
1030
1030
1032
1028
849
1662
1636
1636
1633
1757
1761
1761
1761
1761
1760
1771
1771
1011
1010
1009
1009
1015
1016
1017
1018
1035
1035
1030
1029
1028
1662
1662
1636
1636
1626
1756
1752
1752
1770
1010
1088
1084
1018
1018
1053
1040
1657
1658
1658
1627
1626
1753
1753
1754
1752
1767
1767
1767
1775
966
1014
1015
1053
1065
1040
1045
1046
1660
1659
1567
1576
1627
1671
1774
1775
1766
965
966
960
1083
1076
1076
1052
933
1046
1049
1572
1573
1573
1576
1673
1675
1675
1677
1762
1775
964
969
960
961
960
997
997
932
932
935
933
934
1044
1044
1573
1569
1580
1574
1672
1676
1677
1666
1685
969
970
967
963
994
998
935
935
930
941
1594
1569
1592
1578
1578
1713
1667
1666
1666
1687
967
967
975
978
992
921
919
918
918
917
916
941
1593
1589
1713
1713
1715
1667
1476
1665
968
974
975
975
974
979
993
980
921
921
920
919
917
917
1591
1591
1591
1590
1588
1589
1715
1715
1714
1470
1472
1470
1470
1589
276
276
264
265
263
271
267
267
441
440
442
434
435
436
784
784
496
495
495
630
497
629
630
627
626
625
632
250
250
264
266
266
439
441
443
443
433
433
435
436
783
496
495
493
497
629
628
636
636
249
251
253
259
266
429
267
418
432
120
786
787
786
786
777
693
703
491
627
627
633
633
254
260
252
261
296
261
428
416
417
125
125
787
787
794
793
703
794
705
491
706
701
616
620
282
253
301
301
297
297
297
438
350
137
137
350
346
125
125
792
795
794
704
704
705
701
621
621
616
283
301
279
293
295
297
344
143
350
126
124
835
840
791
792
796
790
752
705
700
700
672
613
279
277
279
292
325
344
140
142
143
144
842
843
844
790
752
753
754
756
614
743
277
289
289
286
292
325
325
140
141
144
832
843
844
844
844
750
750
759
761
758
611
287
319
321
323
322
371
151
151
148
141
847
849
848
851
858
859
751
759
760
762
287
1008
321
320
321
1025
323
1033
139
149
148
850
850
852
852
852
851
858
1634
1755
760
1403
762
1011
1007
1009
1021
1016
1037
1035
148
1026
1664
1662
852
1630
1635
1631
1770
1401
1011
1011
1007
1007
1005
1018
1017
1036
1028
1027
1664
1664
1663
1636
1632
1624
1755
1755
1625
1748
1750
1752
1768
1768
1767
1001
1013
1014
1036
1047
1047
1028
1663
1659
1629
1628
1626
1748
1749
1768
1766
999
1000
1014
1014
1013
1012
1053
1053
1049
1040
1041
1660
1660
1629
1671
1750
1764
1765
965
965
990
991
1052
1041
1042
1572
1567
1628
1575
1574
1674
1674
1763
1763
969
969
995
997
991
995
991
933
930
931
936
1041
1046
1573
1568
1575
1575
1547
1675
1675
1677
1487
1677
1474
973
971
973
995
995
996
997
931
931
930
942
937
937
1568
1569
1534
1484
1488
1486
1486
1473
1474
1490
971
975
974
978
994
925
942
928
942
941
1592
1592
1592
1534
1535
1484
1485
1485
1475
1475
1474
1471
976
976
979
979
979
980
924
927
927
922
916
939
1590
1591
1590
1535
1533
1484
1485
1475
1472
1472
924
271
431
275
275
276
272
272
439
443
443
430
432
431
785
785
535
496
498
498
497
485
629
636
632
632
256
273
274
270
274
271
439
443
443
432
432
120
540
492
493
494
494
488
626
634
634
637
637
258
258
257
260
273
112
437
118
121
130
539
540
777
537
494
494
490
489
489
635
636
618
258
262
259
262
262
262
438
135
134
130
538
537
553
491
491
622
283
282
260
297
50
63
136
137
137
126
129
792
792
549
553
561
704
621
622
621
615
280
283
282
281
293
297
63
136
142
131
131
137
124
124
841
791
563
563
561
752
568
614
614
279
278
293
292
67
62
138
143
144
841
840
562
752
574
761
614
290
290
290
285
286
68
67
140
142
141
848
841
856
839
859
751
759
611
610
612
612
612
290
287
289
286
323
140
150
151
151
847
857
857
859
859
759
610
611
612
288
1006
288
321
1022
1023
1025
139
1039
150
151
149
148
848
846
857
1632
858
1631
1411
1413
1414
1402
1402
1403
1007
1006
1005
1006
1021
1023
1023
1025
1038
1038
1039
1027
1026
1200
846
1664
1630
1362
1632
1409
1413
1403
1413
1407
1401
1403
1002
1002
1020
1021
1039
1036
1200
1630
1632
1385
1363
1624
1409
1406
1002
1000
999
1001
1012
1012
1037
1036
1027
1196
1197
1663
1663
1378
1361
1629
1624
1360
1750
1748
1409
1749
1768
1765
1004
1004
1003
1001
1013
1051
1053
1050
1048
1196
1659
1629
1377
1628
1625
1370
1750
1764
1766
1766
1003
986
987
989
990
1051
991
1050
1049
1049
1048
1049
1041
1568
1567
1553
1553
1550
1423
1764
1764
1763
964
986
988
988
991
989
929
929
929
936
938
938
1042
1541
1542
1552
1552
1552
1547
1488
1674
1473
972
985
996
925
926
937
938
938
1538
1540
1548
1548
1487
1488
1488
1490
1474
973
973
981
977
981
928
926
942
940
1538
1535
1534
1497
1493
1486
1476
1483
977
977
978
981
984
984
984
924
924
922
940
940
1537
1536
1537
1539
1533
1535
1496
1497
1491
1475
1471
1483
976
928
1472
122
534
275
275
274
272
272
114
115
442
114
430
431
123
121
535
536
535
498
498
485
485
631
486
631
632
256
273
274
45
439
115
116
123
120
123
121
121
540
540
540
536
494
494
489
635
634
257
258
46
46
49
119
119
118
117
530
539
540
538
537
490
489
490
480
488
635
635
637
25
26
259
51
49
50
135
118
135
130
130
130
554
554
550
554
551
479
480
478
478
622
622
620
283
260
23
52
51
50
64
137
135
134
132
127
129
549
550
554
573
574
623
620
615
280
280
23
65
64
64
63
133
132
127
158
128
549
548
549
572
561
574
574
574
568
623
613
280
281
81
68
68
68
66
62
164
165
158
839
841
563
571
572
575
577
569
568
614
615
290
284
285
286
80
67
56
55
138
154
839
856
562
562
575
580
646
284
285
79
79
56
57
139
147
848
853
855
854
859
557
555
575
647
646
1121
284
1022
1024
57
57
146
146
151
145
147
145
846
855
857
1362
1362
1412
1412
1414
1412
1402
1122
1110
1023
1024
1039
1219
1220
1220
1200
1386
1386
1363
1362
1411
1411
1414
1404
1120
1116
1020
1020
1039
1039
1218
1220
1220
1202
1201
1202
1379
1379
1386
1365
1359
1409
1410
1407
1405
1406
1405
1116
1001
1118
1019
1116
1019
1254
1215
1214
1218
1197
1379
1378
1378
1360
1370
1407
1426
1406
1004
1000
1019
1051
1302
1290
1214
1196
1199
1198
1377
1361
1369
1367
1424
1425
1424
1426
1765
1426
1256
1004
1244
1256
986
987
989
1303
1290
1321
1199
1199
1541
1199
1542
1551
1551
1553
1550
1423
1370
1550
1424
1422
1425
1244
986
1221
989
990
1297
1299
1322
1541
1542
1540
1553
1489
1489
1490
1479
1478
972
1247
1241
985
988
1299
925
926
1298
1329
1324
1324
1540
1531
1534
1548
1547
1549
1493
1490
1482
1479
1246
1246
977
981
983
983
983
927
1298
926
1328
1329
1324
1536
1538
1532
1539
1531
1495
1549
1493
1493
1483
1482
976
1236
982
982
984
984
923
923
923
928
1328
939
1325
940
1325
1537
1537
1532
1539
1539
1526
1496
1497
1497
1491
1497
1483
1480
1483
1481
1483
534
486
13
42
43
44
44
115
115
116
194
198
198
122
534
536
471
471
473
476
476
477
486
486
469
470
469
45
45
45
46
113
113
123
123
530
197
528
528
529
527
471
472
473
477
484
470
637
470
15
41
47
47
47
49
112
119
117
531
530
530
533
532
538
527
551
472
477
484
618
462
26
24
26
41
53
54
54
54
113
119
130
531
543
554
480
479
478
480
481
619
618
26
22
25
23
51
23
51
54
50
133
133
127
128
550
545
541
550
552
552
570
623
619
617
20
22
65
81
52
65
65
64
58
133
132
165
157
127
156
158
565
571
572
574
570
662
623
661
615
73
72
66
58
61
60
165
164
165
158
158
158
564
560
564
564
576
565
572
570
663
660
661
74
75
81
80
61
55
60
161
160
154
559
564
558
557
577
556
577
577
581
647
646
648
648
75
82
80
56
161
160
147
147
853
855
853
557
556
579
579
578
580
579
647
647
651
650
1122
1113
1114
79
57
106
145
1204
854
855
555
1412
1411
1402
1393
1404
1122
1122
1120
1121
1112
1110
1163
1024
1217
1217
1220
1220
1219
1203
1202
1383
1383
1365
1365
1364
1408
1410
1389
1387
1404
1119
1119
1120
1119
1118
1110
1160
1159
1216
1217
1218
1207
1202
1203
1386
1384
1359
1364
1408
1408
1389
1405
1387
1120
1117
1118
1254
1160
1159
1216
1216
1208
1194
1201
1379
1383
1385
1360
1382
1360
1359
1420
1388
1407
1418
1389
1255
1256
1257
1255
1253
1254
1254
1303
1292
1292
1197
1199
1194
1194
1198
1195
1376
1377
1373
1369
1369
1421
1426
1256
1248
1249
1251
1253
1253
1303
1303
1302
1199
1193
1195
1373
1377
1545
1372
1372
1370
1371
1371
1422
1424
1422
1428
1427
1245
1241
1222
1222
1300
1300
1297
1299
1321
1321
1323
1323
1543
1544
1544
1550
1468
1489
1478
1478
1479
1244
1245
1247
1243
1241
1223
1225
1300
1298
1299
1331
1321
1318
1324
1324
1543
1544
1549
1492
1492
1477
1477
1479
1247
1247
1243
1242
1225
1226
1226
1317
1331
1330
1329
1325
1532
1531
1527
1527
1495
1494
1493
1457
1481
1481
1236
1235
1246
1235
1224
1226
1316
1317
1330
1330
1328
1326
1530
1532
1526
1526
1497
1495
1494
1495
1493
1481
1480
13
43
43
43
31
114
207
198
197
200
528
524
529
473
475
474
474
467
469
14
13
42
44
30
206
205
205
194
198
199
200
533
529
515
473
476
477
467
468
470
14
41
47
53
48
204
215
215
218
219
533
532
527
542
511
484
484
460
470
463
15
53
111
218
219
544
533
547
543
551
511
483
482
482
617
462
619
462
22
21
22
24
21
54
48
111
111
184
544
544
541
543
542
573
569
483
481
662
662
20
21
59
59
58
58
111
163
163
156
186
156
545
566
548
552
569
660
659
73
73
72
77
59
59
60
164
159
163
163
157
156
155
567
567
566
565
565
576
581
663
664
660
74
73
75
81
78
61
78
161
161
154
559
557
581
585
580
581
665
648
645
648
74
75
82
77
78
110
109
104
106
153
154
559
558
579
580
645
651
651
1113
1113
1115
1115
1114
1162
106
106
152
152
1204
558
1384
555
1399
1399
1393
651
1392
650
1115
1115
1111
1112
1162
1212
1210
1207
1204
1203
1191
1384
1365
1397
1399
1392
1392
1119
1112
1111
1160
1163
1163
1213
1218
1207
1209
1208
1205
1383
1381
1382
1364
1397
1388
1388
1389
1387
1117
1118
1152
1158
1160
1215
1216
1206
1206
1195
1205
1380
1382
1382
1367
1368
1420
1420
1418
1431
1257
1260
1253
1159
1193
1193
1195
1374
1376
1375
1366
1420
1419
1419
1427
1261
1250
1251
1249
1303
1303
1291
1292
1296
1545
1546
1545
1372
1371
1372
1371
1417
1428
1428
1428
1245
1248
1248
1249
1222
1300
1293
1295
1319
1322
1546
1544
1546
1502
1415
1456
1428
1456
1446
1234
1245
1243
1222
1223
1282
1301
1294
1318
1320
1320
1324
1513
1514
1513
1543
1528
1503
1504
1468
1465
1457
1458
1235
1234
1242
1243
1230
1225
1226
1301
1282
1282
1317
1331
1326
1327
1319
1530
1514
1528
1527
1499
1504
1504
1503
1464
1465
1461
1460
1458
1458
1235
1240
1240
1231
1224
1316
1317
1331
1326
1326
1529
1530
1530
1529
1527
1504
1463
1463
1464
1461
1459
1327
523
3
33
5
32
32
32
30
206
206
207
196
199
524
524
522
513
513
514
475
475
474
464
468
468
465
33
31
30
30
207
204
207
196
213
199
200
522
522
514
475
449
467
461
468
14
14
17
40
40
39
39
204
204
221
221
522
515
512
503
512
455
461
461
463
463
19
18
17
16
9
40
216
37
217
218
220
221
220
221
544
503
546
542
512
512
509
511
509
482
481
461
463
19
19
21
9
88
217
218
186
186
186
546
547
543
510
509
483
482
662
659
460
659
656
71
11
76
89
88
162
193
184
184
547
185
182
547
596
567
588
587
583
665
664
655
70
71
76
77
83
84
89
162
171
185
175
180
567
607
586
587
588
588
570
665
657
660
69
70
70
78
110
110
109
159
160
171
172
560
175
608
606
609
585
593
585
645
664
649
649
1114
1129
105
110
107
152
169
169
172
170
559
606
586
592
594
595
642
651
1127
1111
1161
108
105
108
106
1211
152
1211
169
1204
170
170
1191
1192
1192
593
1334
592
1398
1397
1400
1400
1392
651
1127
1129
1163
105
1213
1211
1209
1192
1192
1384
1334
1333
1400
1397
1400
1390
1134
1134
1151
1151
1153
1161
1164
1164
1164
1149
1212
1213
1150
1213
1206
1205
1190
1334
1381
1334
1333
1435
1434
1430
1390
1133
1255
1134
1152
1158
1152
1150
1150
1208
1209
1206
1380
1375
1381
1368
1368
1336
1438
1419
1431
1431
1259
1260
1250
1251
1147
1292
1175
1178
1173
1374
1368
1421
1436
1418
1431
1439
1261
1259
1259
1260
1261
1260
1250
1277
1293
1291
1293
1291
1296
1177
1173
1174
1174
1373
1375
1375
1515
1366
1415
1416
1417
1427
1259
1261
1267
1267
1276
1281
1294
1293
1295
1296
1308
1172
1172
1546
1516
1502
1501
1416
1417
1446
1446
1237
1258
1267
1221
1233
1282
1295
1296
1318
1320
1512
1513
1513
1515
1498
1516
1502
1502
1469
1469
1468
1469
1448
1447
1238
1237
1232
1221
1233
1280
1282
1312
1320
1519
1517
1500
1499
1500
1465
1462
1457
1459
1462
1448
1240
1240
1238
1231
1230
1316
1314
1315
1315
1312
1304
1304
1519
1519
1499
1500
1463
1464
1466
1462
1462
1460
1459
1231
29
518
4
4
29
32
201
202
195
202
196
525
526
523
523
521
513
518
449
448
447
466
466
5
5
4
4
34
39
203
206
203
202
196
200
520
522
517
514
507
449
449
454
464
465
17
5
10
40
40
38
216
212
216
220
213
209
522
514
507
455
506
455
459
459
17
10
9
193
217
216
217
221
502
502
500
456
453
453
458
459
19
19
11
9
37
86
87
193
193
184
186
546
501
510
509
656
93
91
12
85
89
85
89
183
186
181
180
598
600
583
583
658
655
656
71
94
91
91
84
110
88
100
162
189
173
180
598
588
587
583
658
657
658
71
70
83
100
188
171
171
167
175
174
609
609
609
607
606
582
585
665
641
644
644
658
644
69
1128
1123
110
107
168
169
175
170
167
609
605
608
593
592
595
594
643
643
1126
1128
1129
108
108
168
1186
1192
1344
1332
595
594
1396
642
1391
1126
1129
1156
1162
1161
1211
1182
1182
1190
1187
1189
1192
1190
1344
1332
1398
1394
1394
1394
1390
1390
1133
1136
1151
1153
1164
1150
1150
1210
1182
1179
1188
1340
1340
1333
1435
1435
1429
1429
1134
1135
1152
1155
1154
1149
1150
1147
1148
1178
1179
1350
1351
1340
1335
1336
1336
1436
1435
1429
1434
1430
1136
1130
1265
1155
1277
1147
1147
1175
1178
1174
1350
1351
1351
1335
1438
1437
1441
1275
1274
1265
1266
1265
1278
1276
1278
1287
1178
1177
1177
1173
1174
1168
1349
1351
1349
1352
1415
1438
1437
1417
1439
1441
1440
1275
1275
1268
1268
1278
1276
1286
1287
1308
1172
1512
1515
1516
1516
1469
1453
1453
1447
1447
1272
1237
1273
1273
1279
1279
1281
1282
1289
1288
1307
1517
1512
1515
1498
1508
1508
1453
1448
1448
1447
1240
1238
1233
1232
1280
1279
1288
1309
1307
1307
1520
1520
1499
1501
1466
1466
1462
1444
1445
1239
1239
1231
1230
1314
1315
1315
1312
1312
1306
1313
1304
1521
1520
1500
1506
1506
1466
1462
1459
1445
1525
201
0
29
526
526
526
526
517
519
446
518
445
448
447
466
466
3
28
29
203
36
214
213
525
526
521
519
445
448
454
457
457
1
2
38
34
38
212
213
209
210
505
502
508
456
453
454
1
1
18
6
7
37
212
192
210
209
502
508
506
453
459
19
12
11
11
7
193
193
191
209
504
500
600
598
599
602
652
656
95
93
94
86
87
86
188
191
182
181
600
601
599
652
655
96
96
94
92
85
86
103
189
189
189
187
182
596
597
600
584
640
657
96
92
100
100
166
173
179
609
605
607
590
641
96
92
101
101
168
168
175
604
605
591
591
642
642
644
1125
1124
1143
1143
1142
1139
1185
167
176
604
1343
605
589
1342
595
1396
643
1126
1126
1123
1143
1139
1139
1185
1184
1187
1190
1344
1344
1344
1342
1396
1396
1391
1136
1136
1144
1137
1183
1183
1181
1189
1339
1338
1337
1435
1434
1432
1131
1136
1136
1156
1157
1157
1155
1144
1154
1165
1183
1179
1346
1181
1339
1337
1337
1432
1432
1130
1130
1266
1155
1145
1146
1148
1175
1171
1171
1350
1348
1351
1352
1438
1355
1442
1442
1440
1274
1268
1265
1277
1176
1168
1169
1170
1349
1349
1354
1353
1354
1437
1441
1439
1275
1273
1278
1287
1287
1310
1169
1169
1348
1518
1509
1354
1453
1455
1272
1270
1268
1228
1279
1289
1289
1286
1310
1307
1517
1517
1510
1451
1452
1452
1455
1444
1232
1285
1285
1313
1288
1309
1522
1524
1520
1525
1508
1505
1450
1451
1450
1450
1239
1229
1233
1228
1305
1306
1521
1524
1507
1507
1506
1467
1443
1443
1445
1311
0
29
201
196
444
452
2
195
519
451
6
36
36
214
508
191
208
504
500
454
458
6
85
192
504
500
601
653
7
181
501
654
653
96
90
103
188
179
582
597
602
640
92
101
101
98
187
179
178
603
582
584
639
1125
90
1143
98
176
591
1123
1143
176
589
1395
638
1124
1141
1138
1185
1187
1343
1341
1344
1135
1156
1144
1145
1139
1165
1183
1181
1337
1357
1131
1346
1180
1346
1347
1336
1355
1357
1433
1263
1167
1176
1170
1356
1440
1263
1146
1176
1171
1345
1352
1442
1273
1264
1283
1168
1518
1509
1353
1452
1270
1270
1284
1289
1310
1523
1508
1510
1450
1455
1270
1285
1306
1523
1505
1449
1229
1309
1507
1449
2
519
445
444
520
8
36
212
456
596
597
602
95
90
190
103
640
166
638
1395
1140
1395
1157
1132
1137
1188
1341
1167
1338
1264
1442
1354
1274
1166
1510
1511
1507
1449
1311
1306
517
444
517
446
2
36
457
505
654
190
8
190
601
102
603
590
590
1142
1184
1184
1432
1157
1145
1357
1356
1275
1166
1347
1283
1166
1455
1283
1522
1523
1228
1310
1522
1511
1467
1445
28
445
214
507
508
451
1
504
187
654
85
602
640
96
99
177
179
604
177
1185
1180
1339
1171
1170
1270
1345
1285
1511
1455
1228
1524
1506
27
214
516
516
452
211
208
7
654
93
103
179
639
591
1125
1125
177
1341
1342
1433
1132
1138
1165
1131
1264
1146
1131
1263
1283
1353
1227
1269
1269
1305
1524
1505
27
214
1555
1555
452
35
35
1623
1262
97
501
501
654
99
102
98
1140
639
1140
1188
1141
1141
1188
1342
1137
1357
1180
1347
728
1167
1356
1454
1345
1271
1271
1227
1511
1454
1227
1311
487
553
1555
499
450
450
1262
1262
99
499
97
1358
487
1358
1623
178
1588
1625
1623
451
1574
409
1075
1252
1271
1252
409
1075
411
