1808
293
787
901
898
898
334
334
293
248
813
815
331
288
288
253
250
251
250
769
890
891
314
320
320
252
765
892
812
809
812
312
321
242
764
709
806
806
322
322
323
273
271
242
691
807
811
811
362
366
273
708
708
726
811
356
354
354
354
366
426
448
427
429
690
707
680
725
724
356
366
445
429
685
685
684
679
680
725
339
440
443
443
437
431
695
696
920
1108
1102
339
1629
908
918
920
1109
1103
1102
1627
1797
922
1094
1099
1114
1803
906
922
921
1094
1113
1111
1112
1607
1608
1803
1793
957
904
931
1096
1673
1670
1603
1608
1807
1807
1806
1805
957
956
927
1072
1072
1062
1666
1673
1674
1784
1807
1783
959
959
925
1679
1779
973
972
1068
1057
1054
1676
1781
1694
1780
1779
1749
1749
975
976
972
966
1057
1054
1742
987
964
963
965
965
1058
1058
1053
1677
1692
1743
1743
1742
1742
786
785
785
788
790
790
901
900
898
900
899
899
815
816
816
334
334
292
293
293
287
287
284
248
248
248
251
786
790
790
889
891
893
900
817
816
331
332
313
316
314
295
287
288
249
253
249
251
789
774
774
769
890
892
892
814
813
815
818
331
336
316
314
314
321
286
288
253
252
252
250
240
766
764
765
765
893
892
813
809
808
336
315
312
323
320
320
286
274
272
241
764
763
767
768
766
768
709
805
807
810
808
335
810
312
323
274
273
271
272
241
762
763
709
709
710
805
806
806
811
353
362
361
361
365
364
363
323
449
271
427
242
428
428
762
691
691
691
691
710
708
723
811
356
355
353
366
364
364
446
448
444
426
427
427
429
697
690
688
684
707
708
726
723
723
356
355
355
355
440
445
443
448
430
432
431
696
698
698
684
683
684
680
680
726
725
723
359
358
340
343
340
342
441
442
437
443
430
430
431
433
696
695
683
679
1108
720
1101
1103
1101
1103
1629
342
440
441
442
439
442
1795
432
431
1796
907
910
907
919
919
920
1099
1097
1100
1110
1109
1109
1109
1102
1630
1630
1630
1630
1629
1586
1588
1607
1588
1606
1795
1798
1797
910
908
908
922
918
1100
1100
1114
1113
1114
1112
1631
1633
1632
1627
1604
1605
1607
1607
1794
1798
1799
1798
905
908
906
922
1094
1095
1096
1113
1112
1633
1633
1604
1604
1609
1802
1803
1803
1801
1793
1793
904
954
930
930
1096
1096
1072
1111
1062
1112
1669
1632
1603
1609
1609
1801
1804
1806
1805
957
957
956
931
931
929
930
927
927
1071
1063
1062
1669
1679
1675
1674
1784
1807
958
956
956
931
927
926
1068
1072
1064
1065
1065
1678
1666
1666
1676
1674
1674
1780
1780
1785
1783
1783
1782
958
983
982
983
972
973
960
1068
1068
1064
1052
1065
1065
1679
1678
1678
1676
1676
1779
1749
1750
975
987
987
981
972
971
966
1055
1057
1054
1054
1691
1677
1694
1694
1694
1781
1743
1740
1750
1747
976
975
987
986
986
963
966
963
965
1058
1055
1054
1053
1691
1693
1743
1740
1748
1748
1748
1748
1747
987
901
284
786
786
787
903
901
896
896
899
817
850
816
852
333
333
294
294
282
283
247
249
247
246
785
773
789
788
790
891
889
895
897
897
897
897
796
818
818
331
333
316
295
286
284
285
249
253
245
245
773
774
770
894
891
895
797
813
818
338
337
337
338
338
316
315
313
318
285
286
240
244
244
775
774
775
771
775
765
894
814
809
337
336
311
312
318
274
270
270
270
240
244
764
763
768
768
761
761
760
801
801
802
809
791
361
360
360
323
319
319
274
272
269
242
763
767
711
712
801
712
802
811
799
361
365
363
447
449
429
428
693
734
711
712
724
722
357
354
364
446
447
446
451
448
423
692
697
693
689
682
681
689
682
706
706
706
357
358
345
366
344
344
444
444
451
451
436
436
436
433
696
685
686
682
681
678
726
678
721
722
720
359
358
341
340
345
345
343
441
438
437
435
434
686
920
683
1098
1108
721
1104
1106
340
342
1628
342
439
1767
435
1796
916
916
918
919
1097
1097
1100
1105
1104
1107
1625
1627
1627
1628
1586
1587
1587
1588
1795
1795
1796
910
910
909
907
924
1097
1099
1110
1114
1107
1635
1637
1626
1586
1605
1606
1802
1802
1799
1797
909
905
909
906
923
924
923
924
1090
1088
1095
1123
1635
1633
1604
1602
1602
1608
1597
1800
1799
1800
906
954
929
928
1089
1122
1063
1059
1632
1671
1670
1601
1609
1801
1804
1804
955
929
928
1089
1071
1070
1070
1072
1061
1672
1672
1673
1664
1787
1801
1785
1805
958
950
950
958
953
926
925
926
1067
1072
1064
1063
1059
1669
1061
1667
1679
1686
1675
1784
1785
1785
1790
949
979
982
982
971
970
971
1067
1067
1046
1060
1051
1668
1667
1682
1685
1780
1738
1782
1782
1750
978
981
971
966
1056
1056
1049
1049
1668
1680
1680
1682
1685
1689
1739
1738
1750
975
974
974
974
987
985
985
984
964
963
962
961
961
1055
1055
1048
1053
1680
1692
1691
1693
1693
1689
1688
1741
1740
1739
1745
1745
1692
1741
1740
784
903
284
783
783
783
783
790
903
903
903
856
857
855
858
851
852
853
324
294
294
289
283
238
237
239
236
236
236
246
781
779
902
883
896
896
796
817
850
853
852
853
326
316
282
239
238
245
772
773
770
771
770
883
895
797
797
796
793
338
332
327
311
310
286
301
270
300
243
239
243
245
773
771
746
761
756
760
894
797
801
791
792
337
336
330
310
319
302
299
279
279
244
269
775
757
761
758
804
803
799
791
382
311
393
319
299
277
276
277
269
736
735
759
758
712
804
798
800
385
384
360
393
394
394
447
421
450
275
277
425
425
734
693
689
734
758
689
711
718
719
719
800
800
384
366
394
394
451
450
423
424
693
694
692
688
717
719
728
722
721
358
732
346
345
344
351
444
451
451
436
436
434
424
698
698
694
687
682
716
717
729
729
732
731
346
341
351
352
439
438
435
434
433
705
704
705
686
705
1085
1085
1105
1105
1107
1107
348
348
348
351
1584
1583
439
1767
1767
1771
1771
915
916
917
1081
1098
1117
1117
1116
1107
1106
1626
1626
1584
1585
1586
1588
1777
1767
1766
1766
1797
915
917
913
924
1092
1117
1116
1115
1634
1634
1637
1637
1599
1584
1600
1587
1598
1778
1765
1765
1768
906
912
1091
1093
1088
1125
1122
1123
1635
1123
1635
1631
1636
1637
1602
1602
1598
1787
1774
1774
1799
952
923
934
929
1091
1088
1125
1122
1123
1669
1636
1601
1602
1597
1800
1788
1790
951
951
955
951
954
1087
1089
1069
1070
1025
1059
1027
1671
1671
1672
1665
1663
1787
1788
1789
1790
950
950
955
955
938
953
938
969
1069
1069
1070
1060
1061
1667
1672
1686
1785
1684
1789
982
980
968
969
967
968
1066
1051
1061
1051
1641
1668
1686
1685
1683
1684
1738
1788
977
979
985
981
967
969
960
1046
1046
1050
1048
1642
1681
1681
1681
1684
1739
1683
1744
1746
977
977
984
985
962
961
1047
1045
1047
1048
1644
1644
1644
1687
1688
1688
1690
1688
1690
1690
1739
1744
1745
1745
962
1737
782
782
780
784
881
903
882
856
856
858
850
851
851
851
847
291
291
291
290
282
290
238
237
236
233
782
782
902
884
779
883
857
859
857
858
848
848
848
853
328
307
291
307
303
302
239
234
235
781
782
779
883
885
886
795
795
793
860
326
327
328
329
328
306
302
302
301
278
230
235
235
746
746
746
757
754
886
794
793
327
330
303
329
302
300
279
278
262
736
736
757
756
757
750
749
804
803
794
792
840
822
330
330
318
391
392
299
421
299
279
277
276
268
258
735
737
736
737
759
758
749
718
804
798
799
825
385
382
384
394
394
422
422
422
275
275
402
425
257
737
737
739
717
714
715
718
719
798
386
386
387
384
388
388
388
415
422
402
422
404
425
692
700
687
717
716
728
733
387
350
415
414
404
403
407
703
704
700
701
701
716
729
729
732
730
370
346
347
347
349
415
413
412
405
407
407
705
704
705
687
1081
1085
727
731
731
731
371
348
352
352
352
1584
1582
413
1582
413
413
406
1770
915
914
917
1082
1081
1086
1120
1118
1117
1104
1616
1626
1625
1626
1624
1594
1583
1583
1775
1778
1766
1771
912
914
911
1082
1093
1079
1092
1120
1115
1119
1610
1637
1624
1598
1777
1778
1778
1772
1766
1773
1769
912
913
911
934
1091
1078
1090
1093
1093
1092
1124
1115
1612
1637
1612
1599
1600
1772
1774
1773
1753
1751
1768
952
932
952
934
1091
1089
1124
1125
1124
1027
1028
1030
1612
1619
1652
1600
1596
1597
1774
1754
1754
1752
1752
952
937
934
1024
1028
1027
1658
1658
1665
1652
1665
1664
1662
1662
1791
1792
1790
1791
947
951
936
937
938
969
1032
1025
1025
1025
1027
1029
1657
1652
1658
1653
1665
1665
1663
1730
1791
1792
1735
1014
980
980
980
968
992
1031
1037
1026
1051
1657
1654
1654
1659
1686
1684
1730
1736
1736
1735
1735
1013
978
1015
968
994
994
960
1044
1046
1050
1050
1643
1641
1642
1681
1690
1730
1736
1733
1744
1013
977
979
989
990
990
993
993
1045
1044
1045
1048
1644
1644
1639
1687
1690
1723
1727
1746
989
880
233
776
777
879
780
881
882
854
855
854
874
855
860
874
873
849
849
849
324
291
289
227
227
232
226
229
231
233
782
777
778
881
882
888
854
859
871
849
325
325
306
307
307
308
309
230
230
235
234
778
744
779
884
888
888
886
886
795
859
860
860
326
328
304
309
296
301
265
267
262
747
744
754
744
753
754
754
751
885
844
794
846
793
819
820
820
820
330
303
305
296
264
267
267
747
747
747
753
752
750
749
824
822
382
392
305
391
297
280
280
281
262
258
740
748
748
749
713
840
824
824
823
383
383
383
392
390
419
296
418
281
281
281
738
738
740
714
733
824
825
387
387
386
389
390
420
419
422
420
417
403
404
402
257
738
739
700
699
714
715
713
733
828
733
379
377
379
380
380
414
414
401
398
404
408
408
408
703
702
700
699
701
727
730
370
379
349
415
350
349
409
412
405
406
407
702
1080
701
503
1086
525
1086
727
371
370
374
1623
349
1622
1594
1592
406
1770
1338
914
1080
1080
1083
1120
1121
1119
1118
373
1615
1623
1622
1623
1595
1594
1593
1777
1775
1775
1771
1771
1340
1339
1338
911
1077
1081
1078
1079
1083
1086
1121
1121
1119
1616
1616
1610
1622
1595
1595
1776
1776
1771
1340
912
933
1078
1079
1075
1128
1128
1611
1611
1618
1600
1598
1772
1754
1776
1753
1762
1753
1752
932
933
1077
1074
1125
1126
1128
1030
1030
1612
1619
1619
1599
1596
1755
1753
1761
946
936
935
934
940
1087
1074
1032
1024
1126
1029
1030
1029
1665
1662
1696
1697
1755
1755
1792
948
948
936
935
936
942
942
991
1033
1031
1032
1033
1026
1026
1658
1655
1653
1660
1662
1697
1731
1731
1792
947
1014
1013
938
1006
992
1031
1037
1037
1023
1026
1657
1650
1654
1654
1659
1731
1732
1733
1734
1015
1014
1016
1005
992
994
993
1036
1044
1044
1041
1039
1650
1649
1640
1699
1723
1724
1725
1736
1010
1016
1015
1010
1016
1016
990
989
990
994
993
1043
1043
1043
1038
1643
1648
1644
1638
1639
1640
1640
1724
1724
1726
1726
1727
1639
777
776
879
878
880
877
881
876
870
871
868
874
866
866
217
217
217
289
228
227
228
232
226
232
231
231
108
778
778
879
878
875
888
869
869
872
872
874
873
861
212
308
309
309
228
228
229
261
263
745
745
744
654
887
888
887
845
872
862
861
820
325
212
213
308
304
265
230
266
263
261
649
652
742
753
751
887
846
846
833
821
821
821
213
305
305
298
204
297
265
265
266
263
263
741
743
743
742
751
752
751
844
846
846
841
846
822
819
822
381
392
207
298
298
264
267
256
255
258
507
743
741
743
748
486
842
842
842
830
823
381
381
390
209
419
420
418
280
260
260
258
259
740
740
495
492
714
713
528
826
827
828
377
380
390
389
418
418
417
399
399
259
738
498
498
497
493
493
488
527
828
828
368
377
380
375
375
411
409
401
399
398
396
497
702
502
488
501
528
526
526
525
526
369
373
369
376
375
410
411
411
401
400
702
1338
502
502
503
1347
522
1084
527
523
525
371
373
372
372
373
374
374
1623
1592
409
1402
408
1337
1337
1338
1341
1078
1083
1084
531
1119
1613
1616
373
1615
1621
1593
1769
1401
1337
1337
1340
1339
1351
1077
1079
1083
1121
1243
1615
1614
1614
1620
1621
1595
1592
1593
1590
1591
1756
1776
1764
1764
1764
1339
941
1077
1075
1127
1127
1129
1614
1611
1620
1618
1591
1589
1757
1761
1762
1334
1352
940
939
941
1073
1074
1126
1126
1128
1018
1129
1579
1618
1589
1757
1757
1761
946
946
940
1073
1034
1018
1017
1655
1656
1617
1661
1660
1695
1755
1758
1758
948
948
943
942
944
942
944
1032
1035
1036
1023
1019
1022
1022
1655
1656
1661
1660
1695
1696
1697
1697
1732
1734
1011
1011
1012
1006
1008
1006
945
991
1035
1037
1042
1023
1022
1651
1655
1645
1698
1701
1701
1725
1732
1734
1716
1012
1012
1005
1006
988
1000
1042
1042
1042
1039
1650
1651
1651
1645
1645
1699
1698
1725
1725
1728
1734
1726
1010
1009
1002
988
1004
988
996
1001
997
996
1041
1038
1648
1650
1649
1646
1640
1702
1702
1724
1729
1726
1001
877
867
663
663
879
877
876
876
870
871
874
864
867
861
216
217
217
72
72
79
112
112
107
108
108
650
666
667
667
666
877
875
870
869
872
866
863
216
217
72
204
71
76
232
112
107
107
108
651
650
649
654
667
833
835
835
863
839
212
212
207
206
71
205
75
75
76
111
261
102
652
655
655
655
672
655
833
845
834
838
210
210
208
71
76
266
507
653
652
485
483
484
844
843
841
831
821
209
209
208
208
117
297
255
255
256
254
506
507
506
501
492
485
486
842
826
826
831
841
829
830
130
118
118
117
117
418
37
260
255
506
507
492
493
493
486
519
827
830
130
131
119
418
36
401
259
498
500
500
496
489
490
489
528
526
535
368
377
378
132
140
410
400
397
399
396
396
395
500
498
499
494
489
528
527
529
530
369
378
375
137
126
411
400
396
395
1336
1336
1333
502
1331
1344
1346
522
1253
530
530
531
531
369
373
376
1559
138
1559
1392
1397
1397
1391
1402
1402
1335
1336
1335
1331
1345
1346
1347
1346
1347
1253
1253
1243
1243
1574
367
1613
1556
1558
1559
1396
1396
1397
1395
1397
1404
1402
1334
1327
1341
1347
1255
1256
1246
1577
1621
1555
1553
1590
1394
1764
1334
1335
1353
1350
1351
1342
1076
1256
1247
1246
1205
1614
1579
1581
1555
1620
1591
1481
1591
1756
1384
1756
1763
1764
1352
1352
1353
1351
1349
1073
1074
1255
1247
1017
1578
1617
1473
1617
1590
1480
1757
1760
1758
1761
1355
1352
940
939
945
1186
1035
1188
1019
1193
1193
1019
1018
1487
1487
1472
1473
1695
1718
1717
1719
1760
1179
939
943
945
945
944
1197
1035
1034
1021
1020
1020
1017
1487
1487
1472
1661
1475
1700
1701
1716
1720
1183
1008
1007
1000
1036
1021
1020
1020
1486
1486
1661
1700
1698
1701
1701
1720
1720
1183
1182
1008
1011
1007
997
1196
1039
1040
1651
1646
1703
1704
1707
1698
1728
1712
1012
1009
1004
1003
1002
1001
1001
998
996
995
1039
1040
1648
1648
1509
1646
1704
1646
1702
1705
1705
1713
1728
1729
1009
997
1729
867
214
665
663
668
668
669
594
595
868
595
864
867
865
863
214
215
214
79
79
77
112
105
109
105
106
651
665
667
669
669
594
593
864
864
865
862
863
224
211
211
215
72
205
75
109
105
651
650
677
677
672
835
834
838
838
225
225
224
211
206
70
76
74
73
73
104
103
102
662
661
654
673
672
673
597
835
837
838
839
225
210
210
203
207
205
39
73
100
98
98
104
104
649
652
653
482
483
483
483
843
843
837
837
832
839
210
202
208
39
38
256
256
28
504
505
504
481
485
486
484
517
831
832
832
832
203
130
118
116
119
40
40
37
37
33
254
504
496
505
490
491
491
480
519
521
521
829
133
130
119
119
116
35
124
36
37
397
28
500
499
500
495
490
490
518
518
521
509
127
139
140
140
123
35
0
500
496
494
489
487
524
524
535
534
127
135
136
138
140
137
126
2
2
1333
1330
1345
1344
489
524
523
529
530
531
535
533
369
135
138
1559
1387
1392
1395
1391
1392
1401
1333
1331
1344
1344
1254
1245
1245
1244
1575
1577
1559
1559
1389
1387
1394
1394
1400
1329
1327
1341
1343
1255
1256
1254
1246
1249
1574
1576
1577
1577
1580
1554
1558
1389
1395
1386
1394
1403
1404
1404
1327
1351
1354
1350
1348
1342
1342
1252
1256
1249
1579
1581
1580
1554
1555
1385
1384
1759
1763
1355
1349
1342
1186
1187
1187
1247
1205
1206
1579
1581
1482
1479
1481
1436
1760
1718
1436
1759
1760
1355
1354
1180
1180
1141
1141
1191
1191
1195
1204
1206
1205
1485
1484
1483
1472
1475
1475
1473
1718
1480
1470
1718
1722
1722
1180
1179
1140
1141
1186
1195
1199
1204
1489
1484
1489
1474
1470
1717
1717
1722
1719
1185
1184
1182
1008
1156
1198
1197
1196
1198
1196
1201
1200
1488
1488
1469
1475
1700
1470
1708
1710
1709
1720
1185
1182
1183
1003
1004
999
1156
999
1156
1196
1213
1213
1200
1509
1510
1510
1507
1510
1704
1703
1708
1711
1713
1712
1174
1173
1004
1003
1003
998
998
998
995
995
1213
1040
1212
1040
1211
1505
1509
1508
1508
1704
1508
1706
1707
1706
1715
1706
1714
1714
1712
1715
1712
221
110
665
664
664
669
668
594
595
595
617
617
617
616
220
214
78
78
80
83
77
83
110
110
106
96
106
664
675
677
676
593
596
598
616
616
620
220
221
219
219
78
79
80
83
82
109
106
102
661
675
676
677
676
673
597
598
616
225
223
224
222
218
198
219
205
81
83
99
102
101
662
660
661
660
671
671
673
670
596
597
839
223
200
199
74
73
38
39
100
104
103
662
658
659
656
660
659
482
477
480
516
837
836
203
203
201
202
198
199
39
38
34
30
29
657
658
482
479
479
481
482
480
477
516
517
513
514
832
514
133
114
116
41
41
31
34
29
33
28
472
504
474
477
474
520
521
521
511
513
509
132
133
133
115
115
124
115
40
32
33
0
0
468
467
496
466
487
475
518
521
510
509
128
131
139
140
124
122
123
124
35
8
1
5
6
467
494
475
524
518
508
535
532
534
129
129
136
140
120
125
126
126
126
2
2
4
4
1333
1332
1305
466
473
558
533
533
135
136
138
1387
1392
1398
1393
1400
1332
1331
1332
1332
1304
1302
1275
1254
1251
1254
1245
1244
1245
1575
1574
1563
1564
1557
1390
1387
1390
1395
1399
1400
1400
1329
1328
1329
1304
1309
1348
1343
1250
1251
1251
1248
1249
1575
1577
1556
1560
1555
1390
1386
1386
1406
1403
1399
1328
1329
1306
1348
1307
1250
1252
1251
1248
1570
1576
1581
1580
1555
1482
1561
1481
1389
1385
1406
1404
1407
1404
1355
1355
1355
1326
1349
1307
1307
1187
1187
1195
1206
1570
1570
1570
1578
1573
1572
1482
1490
1482
1479
1437
1435
1181
1159
1141
1191
1143
1191
1190
1188
1190
1206
1203
1573
1484
1483
1491
1476
1478
1480
1478
1477
1437
1436
1721
1435
1433
1180
1181
1143
1154
1189
1189
1194
1199
1195
1204
1204
1485
1489
1483
1475
1475
1430
1721
1722
1722
1722
1181
1184
1184
1139
1140
1143
1155
1199
1199
1198
1208
1201
1209
1201
1488
1489
1474
1471
1471
1710
1710
1709
1709
1185
1185
1137
1139
1157
1157
1157
1152
1208
1213
1213
1211
1506
1504
1507
1501
1501
1708
1710
1459
1715
1711
1173
1173
1174
1137
1151
1153
1152
1152
1207
1212
1213
1211
1505
1510
1508
1500
1705
1501
1500
1501
1708
1715
1714
647
647
648
648
635
594
600
618
619
620
220
174
176
80
80
83
110
96
96
626
646
675
676
635
601
602
598
600
618
620
620
220
218
177
62
83
82
99
97
97
674
675
640
670
640
599
599
599
599
616
223
222
219
193
81
61
100
99
97
85
662
671
566
567
571
200
223
195
198
199
50
44
43
99
29
45
30
86
658
656
658
660
631
671
581
566
566
569
200
200
196
199
196
41
44
43
46
34
34
657
656
478
476
477
476
516
512
511
201
514
143
203
142
113
113
41
18
29
472
471
469
479
478
476
515
516
515
511
514
509
141
143
143
113
114
115
121
121
32
32
18
17
472
472
470
469
475
474
559
520
508
128
128
134
122
121
32
125
9
6
1
5
468
467
467
466
475
559
560
560
557
510
549
136
134
122
8
10
6
5
1301
1301
1305
1305
1303
1275
557
558
532
533
1565
136
1563
120
1388
1393
1398
3
1398
3
1305
1304
1303
1302
1275
1259
1263
1263
1568
1565
1566
1563
1557
1368
1388
1405
1405
1299
1310
1309
1309
1271
1273
1259
1249
1262
1263
1568
1569
1564
1560
1561
1390
1368
1386
1405
1407
1408
1325
1310
1310
1307
1272
1257
1252
1571
1571
1572
1569
1567
1562
1562
1481
1370
1365
1439
1406
1411
1326
1326
1308
1252
1241
1573
1573
1492
1561
1562
1476
1439
1438
1438
1434
1160
1159
1192
1136
1192
1190
1241
1195
1242
1491
1490
1491
1478
1477
1478
1430
1439
1437
1437
1434
1181
1159
1142
1142
1143
1190
1233
1239
1239
1484
1491
1490
1494
1471
1430
1429
1433
1429
1432
1177
1177
1138
1155
1139
1155
1233
1194
1202
1202
1201
1202
1516
1516
1517
1493
1503
1493
1502
1448
1452
1459
1456
1178
1178
1138
1139
1131
1155
1157
1154
1148
1148
1208
1209
1210
1209
1202
1506
1515
1498
1503
1499
1503
1502
1502
1453
1453
1452
1460
1460
1458
1173
1178
1176
1131
1151
1153
1152
1209
1210
1211
1504
1506
1505
1504
1498
1503
1500
1453
1453
1460
1458
1211
175
643
647
645
648
648
636
635
606
600
609
609
620
174
175
178
176
176
178
62
56
56
94
96
95
95
645
641
641
641
602
602
602
618
612
619
620
175
180
178
62
69
94
87
97
626
626
646
641
630
641
641
604
601
615
615
180
178
177
194
61
62
87
84
84
86
625
624
626
632
630
629
588
579
570
570
571
570
568
571
191
194
192
194
194
193
51
61
51
100
46
84
85
632
625
631
629
581
567
571
569
569
191
192
190
196
49
44
43
46
46
48
45
48
48
471
634
479
476
515
512
565
567
537
190
141
147
196
142
142
156
49
44
18
18
17
470
462
465
465
463
460
553
511
537
144
145
143
154
153
156
155
155
52
31
7
20
19
471
470
469
465
465
559
560
555
508
538
538
141
145
154
154
154
155
165
8
8
7
19
6
1300
1300
560
564
564
547
546
549
546
549
128
167
122
166
166
7
10
3
1301
1303
1276
563
557
564
557
1261
547
1261
546
1552
548
549
1565
1566
1566
167
1372
168
1369
1367
1366
1366
1409
3
1301
1303
1274
563
1259
1263
1549
1566
1566
1563
1372
1371
1367
1368
1366
1408
1299
1312
1312
1311
1310
1274
1275
1272
1273
1258
1259
1261
1258
1259
1550
1569
1549
1372
1560
1372
1371
1364
1363
1411
1408
1325
1326
1311
1311
1271
1271
1272
1257
1262
1549
1568
1569
1567
1562
1370
1375
1375
1365
1406
1411
1411
1325
1326
1306
1308
1293
1234
1293
1292
1537
1537
1376
1439
1439
1434
1434
1431
1158
1158
1164
1159
1164
1161
1135
1234
1234
1229
1240
1242
1240
1241
1242
1538
1538
1492
1529
1494
1496
1416
1416
1439
1417
1432
1158
1160
1163
1136
1136
1233
1228
1230
1239
1239
1236
1538
1511
1494
1495
1476
1448
1415
1431
1428
1428
1177
1164
1134
1133
1133
1228
1238
1237
1238
1516
1513
1511
1516
1493
1499
1496
1496
1449
1449
1448
1447
1447
1455
1428
1137
1178
1132
1147
1132
1148
1148
1219
1238
1514
1517
1497
1499
1499
1452
1450
1459
1458
1460
1455
1175
1176
1175
1130
1150
1150
1149
1150
1217
1217
1220
1220
1515
1524
1498
1497
1451
1453
1450
1451
1457
1457
1454
1130
636
171
643
645
636
639
605
606
609
610
608
608
174
173
175
181
171
58
56
68
92
95
92
642
645
644
644
638
604
603
604
604
611
610
614
179
181
182
182
60
60
69
88
94
95
627
627
628
630
639
588
591
611
612
613
612
613
179
182
186
59
60
60
87
85
632
630
579
591
567
572
578
568
192
195
187
51
87
42
89
85
625
632
631
634
581
580
580
565
574
569
192
191
196
196
51
47
454
463
634
461
581
460
580
573
144
147
147
157
53
52
42
20
47
14
453
454
463
463
460
553
553
555
555
537
538
145
157
156
52
13
20
20
20
453
464
464
562
556
538
549
545
145
151
153
152
161
156
161
160
12
9
12
24
25
20
25
452
1319
1319
561
564
545
546
548
549
543
154
152
154
167
166
166
13
25
26
1315
1300
1318
563
563
544
1552
1551
1380
168
165
10
1359
10
1362
1318
1312
1277
1274
1277
1261
1268
1552
1552
1544
1542
1542
1545
1380
1369
1366
1369
1360
1360
1408
1409
1315
1323
1312
1279
1274
1291
1291
1262
1549
1545
1542
1543
1378
1371
1364
1364
1410
1411
1324
1324
1324
1279
1284
1272
1294
1294
1294
1292
1550
1528
1543
1543
1376
1376
1374
1365
1364
1410
1363
1411
1321
1324
1283
1283
1232
1294
1293
1292
1536
1537
1529
1529
1376
1376
1416
1417
1414
1164
1164
1162
1161
1135
1232
1232
1231
1230
1298
1242
1235
1538
1535
1535
1531
1529
1531
1424
1416
1418
1418
1431
1427
1418
1426
1169
1164
1133
1136
1234
1230
1229
1235
1512
1536
1513
1495
1496
1495
1448
1447
1431
1427
1427
1163
1166
1171
1171
1133
1227
1227
1227
1228
1238
1238
1511
1513
1496
1524
1445
1443
1464
1455
1456
1428
1176
1176
1132
1132
1149
1227
1224
1219
1220
1512
1518
1515
1524
1443
1450
1450
1457
1455
1454
1172
1175
1131
1149
1150
1224
1217
1217
1220
1219
1218
1214
1514
1522
1441
1442
1441
1440
1465
1458
1454
1523
606
644
636
172
172
173
172
170
171
64
58
65
68
69
92
92
643
639
639
606
587
611
612
607
172
181
57
58
69
67
90
90
621
621
638
587
587
589
577
578
576
179
187
59
66
67
90
622
623
624
623
584
592
591
574
575
575
184
187
51
88
89
622
633
633
634
585
580
574
578
578
185
187
53
188
53
54
47
14
454
458
458
585
583
583
536
573
578
146
53
55
55
16
16
454
455
458
461
460
554
554
556
536
556
537
146
151
159
160
13
23
14
452
462
554
556
551
542
150
152
161
160
164
25
452
464
562
561
544
545
543
152
163
164
164
11
27
24
1316
1318
1277
1276
1287
1270
1269
545
148
148
1380
163
168
1356
168
1360
26
1315
1315
1318
1277
1291
1270
1270
1552
1551
1545
1380
1383
1382
1379
1358
1359
1362
1321
1315
1291
1265
1268
1547
1545
1544
1382
1378
1374
1358
1360
1361
1321
1321
1323
1279
1284
1284
1280
1280
1284
1548
1547
1547
1525
1540
1378
1373
1373
1357
1412
1320
1322
1282
1283
1289
1289
1296
1298
1535
1546
1528
1530
1527
1376
1365
1374
1413
1414
1413
1161
1161
1281
1231
1298
1535
1533
1534
1531
1531
1425
1425
1420
1417
1414
1426
1169
1162
1226
1230
1235
1236
1533
1533
1531
1519
1424
1425
1464
1427
1171
1171
1134
1146
1227
1223
1225
1237
1236
1512
1513
1519
1443
1444
1463
1464
1464
1461
1166
1225
1225
1224
1223
1215
1521
1521
1524
1524
1445
1443
1466
1466
1465
1467
1172
1166
1145
1146
1216
1215
1522
1521
1524
1442
1441
1465
1468
1467
1467
1218
644
605
605
610
68
93
621
608
58
66
628
587
592
590
57
574
576
185
187
67
89
623
459
592
184
188
54
16
585
185
184
16
16
455
456
583
541
146
161
158
55
23
459
562
551
551
541
539
150
149
158
13
23
1317
456
1286
551
540
163
1317
1287
539
162
1362
26
1316
1290
1291
1269
1544
1383
1383
1382
1314
1279
1288
1291
1270
1265
1547
1541
1378
1377
1322
1525
1539
1526
1526
1374
1357
1357
1412
1281
1296
1297
1525
1420
1412
1282
1295
1296
1534
1527
1425
1418
1170
1170
1226
1534
1520
1424
1420
1463
1169
1167
1227
1221
1533
1520
1445
1422
1463
1461
1167
1223
1216
1518
1446
1444
1145
1223
1442
1468
644
182
65
64
179
633
592
589
54
149
159
55
455
458
541
552
27
544
27
1362
1278
1358
1278
1314
1265
1541
1379
1546
1377
1281
1414
1421
1169
1297
1423
1422
1446
1461
1222
1214
171
63
170
66
623
586
90
183
15
572
585
572
55
457
158
164
11
1287
1269
1541
1361
1278
1289
1419
1420
1168
1297
1526
1231
1532
1462
1221
1520
1519
1146
1215
1518
1446
1465
1467
637
65
577
186
65
67
622
185
541
15
459
158
22
455
550
539
542
148
540
1269
1541
1540
1546
1534
1170
1530
1222
1423
1461
1146
1523
1442
605
590
576
170
63
589
575
584
22
458
550
149
23
162
1316
1317
539
1383
1356
1361
1313
1290
1548
1320
1289
1296
1320
1281
1295
1421
1144
1167
1145
1216
1521
1446
637
590
1264
1264
93
586
586
197
1267
584
189
189
21
552
457
550
1286
23
1286
1381
1285
1285
1381
1356
1266
1377
1539
1526
169
1532
1419
1419
1423
1165
1165
1144
1422
1462
1144
1223
317
755
1264
189
91
91
1267
1267
582
189
582
1786
1266
1786
769
150
1260
1266
416
607
1151
1313
607
1647
1165
1647
755
1142
755
