3344
1575
633
635
632
631
1597
1598
1573
1522
674
678
1603
1538
1538
1540
1525
1524
1524
426
645
644
1592
1591
1590
1480
426
762
780
782
782
1600
1592
1483
441
749
774
773
1588
1588
1587
1478
1481
1484
576
775
772
772
1455
1458
1478
745
736
735
771
1446
1447
1444
1443
1458
1292
1292
1261
1266
578
744
752
742
743
1445
1457
1295
1256
589
589
592
592
752
743
1427
1433
1303
1305
1295
1255
602
602
2110
2318
2321
1428
2896
2113
2115
2107
2319
2322
2324
2896
2725
2113
2105
2108
2323
2717
2098
2092
2160
2159
2335
2334
2342
2904
2840
2739
2732
2144
2090
2152
2328
2855
2854
2857
2842
2740
2741
2742
2732
2147
2154
2163
2327
2424
2417
2851
2836
2836
2755
2738
2738
2146
2147
2408
2850
2585
2155
2273
2404
2454
2434
2596
2583
2591
2585
2578
2568
2567
2256
2254
2282
2282
2454
2434
2577
2256
2248
2284
2450
2450
2452
2452
2431
2638
2586
2577
2590
2575
2562
456
452
452
447
454
449
634
627
631
628
632
674
676
676
1598
1598
1597
1574
1568
1574
1536
1569
1569
1539
1535
1526
1527
456
449
634
633
635
642
629
678
678
1598
1605
1605
1576
1573
1577
1575
1539
1540
1523
1523
1525
454
439
425
426
645
762
761
780
668
678
668
1603
1611
1605
1603
1600
1592
1582
1538
1530
1487
1488
1517
1517
438
441
430
748
759
762
762
782
782
1616
1611
1608
1588
1591
1477
1500
1480
1486
1482
443
443
441
430
429
430
758
757
775
778
777
1610
778
1611
1590
1478
1481
1481
1488
1484
625
624
749
746
746
775
774
773
772
1448
1454
1453
1454
1455
1451
1460
1478
1292
1262
1265
1482
1266
1264
625
579
579
576
575
745
735
739
738
1441
1445
1448
1458
1462
1460
1288
1290
1287
1292
1266
1262
1265
626
578
588
586
744
736
732
740
738
1441
1446
1443
1444
1301
1301
1300
1291
1261
1279
1277
601
604
605
591
589
592
756
751
742
741
739
1428
1438
1428
1435
1435
1434
1301
1303
1295
1304
1279
1275
1274
1256
602
602
592
752
2307
741
2320
2322
2321
2314
2898
1433
1304
1305
1303
1298
1294
2901
1274
1255
2725
2102
2099
2114
2114
2104
2110
2108
2107
2310
2307
2318
2306
2320
2324
2897
2898
2898
2897
2898
2904
2901
2900
2911
2901
2721
2725
2728
2100
2101
2113
2091
2105
2108
2307
2319
2333
2339
2343
2346
2891
2890
2886
2888
2904
2901
2904
2722
2727
2729
2726
2100
2091
2090
2104
2160
2330
2329
2333
2334
2343
2854
2859
2858
2841
2719
2718
2717
2740
2725
2732
2097
2150
2160
2159
2327
2329
2336
2335
2342
2340
2418
2856
2858
2840
2841
2739
2735
2741
2731
2144
2147
2154
2154
2152
2167
2157
2166
2163
2414
2423
2426
2849
2852
2845
2846
2755
2737
2146
2147
2154
2153
2162
2163
2405
2424
2426
2427
2426
2852
2851
2850
2835
2836
2836
2585
2755
2585
2568
2738
2570
2263
2254
2260
2253
2274
2274
2408
2405
2415
2428
2433
2428
2427
2639
2640
2640
2598
2595
2583
2567
2571
2269
2253
2248
2247
2274
2273
2404
2453
2454
2434
2434
2638
2639
2591
2598
2591
2578
2573
2574
2568
2562
2258
2257
2248
2248
2251
2282
2284
2284
2450
2450
2454
2431
2430
2643
2587
2573
2575
2561
2562
2562
2565
2565
2256
639
1536
451
452
448
638
638
627
660
674
676
1594
1595
1631
1578
1579
1579
1568
1572
1536
1535
1522
1526
1527
452
454
446
449
449
644
652
642
641
629
655
674
654
668
671
1595
1601
1605
1577
1572
1533
1532
1530
1523
1520
1520
456
466
446
640
642
642
658
668
670
1618
1617
1618
1618
1615
1600
1614
1584
1581
1532
1501
1486
1516
1517
438
439
423
428
428
426
758
780
777
1615
1611
1607
1585
1581
1501
1487
1499
1467
1517
1468
442
443
429
430
422
748
765
769
759
768
778
833
1453
1451
1450
1588
1497
1497
1496
1464
1465
1483
443
576
576
765
767
767
767
772
831
1453
1451
1461
1287
1290
1266
1264
626
624
584
731
733
798
1441
1447
1462
1460
1462
1288
1283
1292
1262
626
626
621
585
584
584
586
754
755
733
731
1438
1441
1431
1458
1420
1430
1301
1282
1285
1285
1278
1279
1277
1269
603
589
594
595
754
755
732
752
740
801
801
1437
1438
1425
1427
1435
1430
1429
1418
1298
1295
1279
1272
594
2111
596
2309
2307
800
2314
2315
1428
1435
2894
1434
1297
2781
1275
2777
2123
2101
2115
2111
2177
2311
2309
2300
2317
2316
2893
2893
2894
2887
2907
2909
2910
2909
2722
2781
2726
2099
2102
2141
2095
2105
2178
2311
2304
2323
2346
2890
2886
2888
2906
2903
2910
2721
2718
2727
2729
2098
2140
2141
2094
2092
2094
2160
2176
2176
2191
2330
2340
2339
2891
2859
2823
2822
2842
2747
2719
2724
2764
2137
2137
2157
2157
2326
2337
2337
2340
2855
2870
2857
2844
2846
2747
2742
2732
2150
2167
2167
2193
2327
2412
2327
2336
2420
2872
2849
2844
2826
2753
2753
2753
2735
2264
2264
2237
2261
2153
2165
2163
2165
2413
2413
2423
2424
2417
2848
2419
2849
2849
2594
2845
2755
2579
2738
2733
2268
2263
2262
2261
2277
2276
2275
2411
2410
2415
2421
2438
2646
2650
2598
2596
2580
2581
2572
2570
2572
2269
2266
2275
2408
2449
2447
2439
2431
2648
2649
2598
2648
2594
2609
2581
2580
2564
2257
2258
2271
2271
2251
2250
2251
2251
2284
2280
2279
2446
2446
2447
2447
2437
2431
2642
2586
2643
2588
2588
2610
2600
2609
2607
2574
2565
2565
2587
2607
2607
462
637
1533
456
459
462
461
448
639
628
636
661
664
665
673
1626
1629
1631
1624
1578
1572
1571
1533
1564
1566
1562
1566
1563
1565
1520
467
462
636
649
661
660
662
671
1629
1594
1621
1631
1623
1576
1572
1562
1566
1551
467
469
446
465
464
647
650
658
657
658
671
1618
1601
1614
1607
1584
1582
1490
1501
1501
1530
1562
1519
1520
466
423
436
422
418
764
648
658
768
833
835
1617
1616
1613
1585
1585
1647
1500
1507
1507
1466
1468
436
420
419
765
769
819
835
835
1385
1608
1398
1497
1497
1507
1464
1467
1465
435
436
581
582
765
819
817
831
1386
1386
1451
1461
1402
1399
1326
1327
1357
1356
1350
1350
1259
619
622
585
615
582
581
582
793
791
791
830
831
1386
1440
1398
1420
1283
1357
1349
1259
622
622
621
598
754
795
791
797
801
1438
797
1393
1431
1421
1422
1422
1284
1285
1278
1272
1271
1259
605
604
608
599
597
786
756
788
804
798
801
1425
1425
1414
1418
1298
1282
1272
1269
1268
612
610
608
597
594
2364
2365
2309
2301
2314
2315
1425
1415
1415
1414
2907
2924
1298
2793
2780
2776
2776
2124
2123
2111
2179
2310
2303
2299
2303
2316
2317
2880
2875
2887
2878
2907
2911
2784
2781
2779
2778
2728
2139
2140
2095
2180
2189
2304
2346
2350
2348
2347
2883
2884
2878
2921
2905
2909
2783
2783
2778
2764
2763
2136
2139
2176
2192
2332
2371
2332
2389
2348
2346
2884
2379
2874
2874
2823
2823
2824
2748
2748
2767
2764
2137
2175
2131
2167
2192
2193
2356
2385
2379
2871
2868
2867
2825
2825
2748
2759
2761
2137
2244
2238
2243
2150
2183
2356
2384
2412
2385
2418
2382
2872
2868
2839
2826
2824
2745
2751
2750
2750
2244
2237
2262
2261
2291
2276
2166
2287
2465
2467
2414
2421
2420
2646
2872
2838
2751
2603
2536
2260
2277
2290
2287
2286
2289
2467
2439
2419
2440
2645
2646
2624
2593
2594
2608
2579
2570
2225
2267
2267
2293
2287
2287
2410
2411
2444
2438
2441
2648
2649
2661
2650
2604
2609
2603
2571
2552
2271
2271
2266
2296
2279
2500
2444
2499
2447
2437
2642
2658
2659
2661
2601
2601
2611
2611
2611
2610
2607
2549
2552
2551
2280
2548
477
459
458
462
710
637
710
661
730
665
684
1629
1627
1626
1627
1624
1624
1655
1655
1556
1555
1564
1561
1566
1549
459
459
652
491
495
650
654
663
664
663
671
684
1620
1631
1623
1650
1650
1650
1646
1489
1562
1553
1553
468
468
464
649
728
655
726
700
670
662
1620
1621
1649
1646
1660
1650
1647
1491
1491
1506
1543
1551
1551
432
433
469
465
648
647
821
834
1644
1660
1663
1662
1494
1493
1504
1506
1471
436
435
419
420
418
500
814
814
821
821
835
821
827
1613
1664
1664
1661
1402
1663
1331
1493
1499
1355
1472
1473
1474
618
618
615
615
566
566
562
813
819
817
831
828
1389
1401
1385
1401
1402
1331
1327
1330
1356
1355
1350
1342
1342
619
616
566
563
565
794
793
791
816
1389
1394
1388
1392
1408
1399
1409
1422
1326
1357
1316
1346
1343
617
607
599
794
793
787
806
1395
1421
1422
1318
1349
1350
1269
608
608
598
558
550
784
786
787
808
807
1394
1383
1392
1411
1412
1418
1318
1285
1271
1272
1269
612
610
612
596
2173
2366
788
803
803
802
1383
1415
1415
1412
1411
2925
2925
1282
2792
1337
1337
1336
2773
2124
2126
2128
2180
2178
2366
2365
2299
2301
2300
2350
2885
2881
2881
2877
2924
2922
2920
2794
2794
2777
2772
2139
2127
2128
2179
2177
2188
2372
2376
2375
2350
2350
2883
2878
2921
2787
2784
2785
2786
2779
2771
2771
2141
2131
2120
2131
2176
2169
2187
2188
2187
2189
2371
2378
2885
2875
2870
2878
2822
2786
2766
2768
2766
2758
2764
2241
2130
2134
2186
2183
2191
2388
2384
2387
2388
2379
2381
2379
2865
2868
2833
2832
2744
2748
2744
2768
2767
2757
2245
2235
2182
2385
2402
2399
2871
2865
2867
2872
2831
2831
2831
2745
2751
2761
2761
2760
2245
2238
2234
2233
2290
2291
2473
2463
2402
2463
2399
2399
2632
2620
2619
2620
2839
2622
2838
2544
2536
2536
2538
2222
2222
2221
2294
2288
2472
2465
2462
2463
2441
2646
2620
2622
2623
2594
2555
2544
2539
2539
2538
2536
2223
2222
2293
2288
2289
2498
2499
2500
2444
2436
2440
2653
2659
2661
2623
2604
2554
2549
2554
2552
2224
2224
2267
2296
2297
2298
2498
2498
2444
2496
2437
2437
2658
2659
2663
2600
2611
2555
2549
2552
2296
493
1548
478
478
495
494
709
710
707
694
694
687
683
684
681
680
681
1627
1637
1634
1657
1655
1559
1557
1558
1558
1545
1546
1549
482
482
495
491
723
730
729
693
694
1642
1637
1634
1650
1653
1657
1653
1556
1557
1543
1553
1553
480
511
490
491
723
730
730
728
703
700
701
702
1644
1659
1670
1489
1494
1490
1514
1504
1470
514
513
511
509
498
496
497
497
728
726
725
704
702
824
824
1643
1644
1660
1667
1668
1514
1512
1504
1473
514
433
432
501
498
506
814
826
823
1643
1660
1669
1661
1667
1512
1514
1503
1475
1472
540
566
500
563
810
811
826
826
827
1387
1389
1404
1402
1406
1329
1331
1321
1353
1353
1352
617
537
571
571
790
817
828
1389
1396
1396
1407
1407
1328
1331
1316
1319
1320
1353
1347
1344
1344
616
539
565
556
562
549
795
785
807
808
1393
1368
1395
1392
1409
1314
1316
1310
1346
1334
1340
1343
1339
610
532
560
560
550
785
806
1383
1360
1363
1318
1363
1362
1318
1337
1334
1333
1340
612
2126
558
553
2364
784
2369
804
1381
1383
1359
2913
1359
2914
2923
2791
1336
2774
2126
2127
2128
2173
2368
2374
2374
2375
2362
1379
2880
2916
2914
2918
2923
2922
2791
2793
2792
2789
2774
2773
2118
2121
2121
2121
2170
2173
2168
2172
2372
2368
2374
2376
2359
2359
2885
2885
2917
2921
2920
2790
2771
2772
2120
2134
2131
2170
2169
2372
2387
2382
2381
2864
2862
2832
2829
2787
2802
2785
2819
2820
2820
2757
2241
2185
2184
2183
2356
2380
2389
2398
2398
2865
2865
2862
2829
2800
2766
2758
2818
2245
2243
2234
2185
2186
2183
2476
2476
2401
2353
2402
2398
2398
2615
2833
2800
2796
2797
2813
2761
2245
2228
2230
2235
2233
2203
2204
2473
2473
2473
2472
2465
2463
2401
2627
2628
2622
2614
2614
2546
2546
2544
2535
2231
2227
2222
2230
2202
2204
2470
2467
2460
2493
2491
2632
2633
2624
2619
2613
2545
2542
2540
2539
2225
2223
2215
2219
2294
2506
2496
2459
2467
2495
2496
2483
2653
2656
2682
2692
2559
2558
2558
2539
2214
2218
2218
2214
2219
2216
2298
2217
2297
2504
2507
2507
2496
2483
2482
2652
2656
2656
2655
2663
2663
2604
2556
2559
2516
2516
2516
2663
477
481
485
494
493
712
710
706
706
697
697
690
688
680
1636
1634
1633
1657
1555
1559
864
1544
1546
1544
1545
1548
893
482
482
495
491
722
707
694
720
697
696
691
684
681
1637
1652
1657
886
862
863
1542
903
892
480
510
511
519
722
723
723
704
700
258
1639
1642
1644
1639
1653
1653
1667
883
1543
1543
1470
903
517
517
511
496
504
720
726
703
701
353
354
1640
1640
1671
1671
1667
1670
1510
1510
1514
1504
1471
1085
545
513
516
501
507
508
505
726
814
347
347
824
824
354
357
1640
1662
1669
1668
1509
1510
1512
1087
1089
1475
546
537
538
571
505
569
811
344
817
356
357
1405
1223
1405
1224
1329
1329
1320
1323
1324
1347
1474
1086
539
538
540
572
569
810
317
314
356
357
1368
1404
1406
1408
1321
1319
1324
1353
1096
1341
531
534
533
556
573
569
549
315
313
313
1375
1369
1370
1365
1363
1314
1311
1306
1334
1339
1102
531
560
560
552
553
785
330
331
329
315
1374
1381
1376
1366
1363
1314
1313
1307
1308
1334
529
2118
559
559
553
1932
552
1849
328
331
330
1381
1379
1378
1379
1376
1366
1360
2913
3102
1306
3092
1340
2117
1909
1914
1928
2173
1849
2369
335
2363
2363
3211
1379
3212
2916
3130
2771
2770
2118
2118
1912
1915
1915
1927
1848
1851
2362
2361
3211
2359
3212
2916
2917
2918
2790
3132
3134
3097
2803
2789
2816
2816
2816
1917
1916
1833
1846
1845
2352
2358
2359
2864
3202
2862
2828
2803
2807
2820
2820
2240
1902
1833
1832
1833
1846
2475
2353
2352
2387
2392
2354
2395
2862
2829
2802
2799
2819
2241
2241
1833
2476
2476
2392
2395
2627
2629
2829
2616
2614
2800
2800
2813
2813
2227
2232
2230
2206
2205
2203
2478
2479
2480
2456
2457
2455
2402
2400
2630
2628
2617
2617
2614
2797
2796
2546
2541
2511
2228
2232
2209
2202
2202
2202
2205
2469
2480
2460
2455
2457
2491
2637
2633
2633
2546
2707
2712
2542
2510
2518
2510
2212
2208
2215
2198
2199
2470
2492
2503
2493
2493
2653
2636
2635
2682
2681
2691
2692
2557
2520
2519
2518
2518
2212
2211
2217
2196
2194
2195
2505
2505
2506
2503
2483
2483
2655
2653
2656
2682
2682
2692
2557
2556
2515
2516
2504
713
689
475
485
485
713
716
715
717
697
687
691
689
1636
1637
944
872
874
874
862
863
897
900
893
890
474
488
487
488
488
713
720
715
715
699
690
257
952
950
872
887
885
883
899
898
904
903
892
472
471
517
520
488
299
700
255
259
249
948
952
980
950
887
887
886
882
883
905
906
902
517
503
521
519
503
504
720
346
350
250
981
981
991
887
883
906
545
543
519
506
166
164
347
351
360
360
353
982
980
982
989
1242
1510
1088
1088
1086
1086
547
547
546
543
508
507
163
347
344
343
359
344
364
361
1224
1224
1242
1241
1242
1323
1056
1095
1087
537
545
573
572
179
177
318
364
362
1226
1223
1246
1314
1052
1310
1096
532
533
524
523
556
192
177
318
314
321
1375
1368
1370
1222
1219
1311
1308
1099
1099
1101
1102
1102
534
530
530
556
553
317
328
337
338
1372
1369
1365
1216
1239
1307
1098
1099
1101
530
1908
529
555
1925
1932
1931
327
1849
328
336
338
336
1373
1373
1366
3206
1215
3130
3107
3090
3089
3094
3093
3092
1907
1908
1915
1909
1925
1928
1928
1932
1849
1851
1852
1876
2361
2361
1373
3212
3207
3126
3130
3102
3102
3090
3103
3087
3084
3092
1911
1907
1914
1928
1853
1851
1876
3212
3202
3205
3130
3134
3097
3087
1911
1912
1916
1918
1919
1842
1846
1853
1873
1872
1783
2354
3199
3205
3205
3202
3134
3133
3133
2807
3097
2807
2815
2816
1906
1904
1906
1917
1902
1836
1846
1843
1873
2394
3197
3199
3189
3204
3134
3120
2807
2809
2813
2818
1905
1899
1830
1839
1836
1835
2479
1787
2353
1788
1788
2392
2392
2395
2627
2629
3120
2706
2805
2810
2810
2812
1899
1830
1830
2206
2478
1840
1797
2480
2480
2456
2493
2489
2395
2635
2630
2705
2615
2705
2704
2706
2799
2513
1898
2231
2201
2469
2459
2492
2489
2489
2635
2636
2616
2705
2711
2509
2712
2510
2512
1977
1984
2208
2209
2199
1677
1810
2485
2486
2637
2687
2679
2695
2694
2519
2520
2525
2212
1976
2216
2198
2195
2194
2196
1680
1676
1674
2486
2486
2685
2685
2684
2685
2679
2679
2691
2694
2523
2523
2526
2526
2212
1674
2526
307
945
475
475
485
712
717
289
289
686
288
686
688
310
260
945
945
944
872
874
866
898
888
896
897
890
474
475
487
99
716
289
299
295
257
293
258
260
964
952
948
942
874
870
864
899
900
472
471
77
75
74
298
256
256
259
963
948
948
952
950
877
877
885
876
880
905
911
903
36
38
521
73
72
72
349
255
351
253
253
250
991
991
984
991
989
1060
879
879
909
1079
1079
904
542
520
30
167
168
165
165
350
349
351
351
360
252
983
987
989
1063
1060
1089
1085
1092
543
543
31
178
168
163
164
340
360
362
364
363
983
1226
1245
1242
1244
1063
1063
1055
1057
1094
1094
526
524
183
178
181
177
180
177
323
323
361
1222
1226
1245
1243
1243
1053
1239
1057
1056
1096
1092
526
527
523
567
192
180
109
108
324
321
1221
1218
1219
1237
1238
1053
1104
527
524
193
192
106
104
320
321
1374
1206
1203
1202
1216
1210
1229
1239
1107
1099
2039
527
1925
1924
105
105
328
337
335
334
333
333
1372
1204
1202
3127
3125
3104
3107
3094
3105
3093
2038
2052
1925
1932
1880
1879
1878
1875
3216
3208
3208
3127
3125
3106
3107
3089
3083
2049
2052
1922
1922
1852
1855
1880
1868
1876
3217
3218
3218
3210
3210
3202
3122
3132
3107
3100
3097
3086
3087
3084
2047
1919
1904
1918
1922
1843
1842
1871
1873
1872
3214
3199
3192
3205
3129
3110
3087
3061
3057
1906
1901
1836
1836
1781
1871
1873
1786
1784
3197
3199
3119
3120
3113
3118
3061
2809
3061
2812
3058
1905
1906
1896
1899
1902
1840
1838
1791
1787
1786
1784
1786
3195
3195
3189
3116
3116
3115
3119
2805
3118
2709
2805
2715
2960
1895
1899
1829
1839
1796
1800
1801
1827
2666
3195
2666
3116
2708
2716
2510
2512
2511
1984
1983
1891
1830
1686
1799
1797
1797
1801
1810
1825
1824
2666
2668
2687
2705
2707
2708
2709
2714
2533
2513
1974
1979
1977
1976
1692
1679
1692
1677
1682
1797
1809
1813
1823
2676
2685
2674
2689
2688
2702
2695
2695
2711
2522
2528
1973
1972
1695
1695
1695
1679
1680
1684
1676
1677
1814
2485
1814
2486
1804
2675
2675
2689
2689
2679
2678
2700
2697
2698
2523
2698
2523
2531
2525
2532
2529
957
895
92
96
96
103
101
289
292
292
312
311
310
307
958
942
853
854
854
852
867
852
866
896
895
937
890
99
98
99
74
291
297
295
308
965
308
953
958
954
941
870
869
870
867
880
910
910
911
36
96
99
76
76
75
299
299
256
963
965
964
961
961
947
955
987
870
877
912
908
913
38
31
36
28
77
158
167
73
297
245
249
963
975
987
877
880
1060
1060
856
909
1078
38
33
38
31
27
30
157
161
161
341
341
253
253
984
976
976
986
987
1062
1069
1079
1079
1081
33
34
179
184
158
181
166
176
160
344
340
402
367
358
366
367
1249
1244
1062
1063
1055
1057
1094
1092
1092
199
199
184
174
174
170
323
325
401
400
370
370
1222
1222
1249
1246
1235
1248
1052
1050
1057
1108
1105
201
201
190
194
170
108
109
325
399
369
1209
1218
1211
1211
1239
1234
1237
1234
1046
1047
1109
1109
1109
189
190
194
104
324
398
321
334
1205
1205
1206
1212
1213
1228
1229
1228
1232
1232
1107
1107
1120
1120
2039
2042
2062
193
106
112
413
3238
1204
1203
1215
3105
3104
3094
3050
3083
2038
2039
2049
2041
2057
2058
1993
1880
1864
1880
1879
1878
1876
3237
3217
3234
3166
3165
3126
3125
3099
3099
3068
3066
3066
2044
2047
2047
2045
2051
2052
1993
1992
1855
1865
1869
3215
3216
3234
3207
3163
3123
3123
3100
3100
3068
3068
3066
2049
2049
2052
2016
2016
1856
1859
1868
1869
3215
3220
3192
3191
3205
3112
3168
3113
3110
3100
3064
3060
3061
3057
1882
1904
1889
1881
1902
2015
2016
1791
1781
1777
1783
3223
3223
3225
3197
3224
3192
3192
3188
3113
3113
2963
2962
1888
1888
1893
1837
1837
1838
1790
1793
1794
1784
1778
3223
3194
3189
3290
3286
2977
3120
2976
2977
2964
2962
2960
2962
2954
1895
1893
1687
1690
1794
1794
1800
1801
1820
1820
1826
3195
3288
3289
3290
3116
2972
2716
2959
2954
3021
1896
1982
1982
1980
1891
1687
1686
1689
1801
1799
1819
1826
1823
1825
2669
2667
2667
3276
2993
2713
2713
2715
2528
1984
1984
1980
1979
1697
1693
1693
1684
1810
1812
1810
1803
2674
2669
2668
2688
2701
2701
2714
2990
2532
2533
1973
1972
1974
1971
1697
1696
1682
1684
1684
1812
1813
1804
2676
2674
2671
2689
2699
2699
2700
2702
2697
2530
2531
93
93
102
96
103
291
292
311
302
302
957
1003
942
853
851
851
896
935
939
44
92
96
103
101
268
292
295
312
310
301
305
955
953
1016
850
851
861
913
935
938
43
41
101
67
67
272
297
271
243
237
960
961
954
974
1030
861
855
912
929
929
44
28
245
243
237
977
961
978
974
974
1030
1029
1066
857
1083
1082
1083
928
50
47
49
27
47
157
161
246
245
239
978
975
968
973
974
1070
1068
1070
1082
1065
1083
34
34
173
158
161
171
247
403
401
366
376
367
967
1251
1253
1235
1069
1131
1081
199
197
204
187
174
174
171
393
391
403
402
370
375
377
1251
1253
1253
1249
1249
1235
1050
1049
1131
1105
200
201
206
183
187
171
129
399
399
370
1209
1213
1231
1199
1047
1232
1050
1109
1108
1104
189
201
190
186
128
128
129
112
111
413
412
1210
1212
1232
1046
1117
1122
1121
2042
2042
2042
2062
2061
1997
112
112
398
413
3237
1208
3165
1229
3055
3055
3070
1120
3050
1121
2041
2062
2060
2059
1993
1866
1863
3235
3236
3238
3166
3166
3163
3048
3051
3051
3074
2045
2054
2057
2018
2019
1993
1866
1858
3231
3231
3228
3234
3162
3163
3163
3122
3048
3064
3067
3068
3074
2044
2055
2013
2016
2022
1859
1858
3226
3214
3224
3221
3173
3171
3169
3112
3109
3109
3064
3068
3081
1883
1881
2013
1859
1778
3225
3220
3286
3173
3171
3168
2967
3063
2956
3058
1889
1892
1791
1715
1791
1793
1778
1777
1817
3288
3290
3288
2977
2975
2975
2976
2967
2964
2963
2954
1958
1956
1893
1893
1688
1689
1781
1820
1816
3339
3286
3290
3280
2977
2972
2960
2960
3022
3022
1967
1980
1966
1688
1687
1710
1709
1780
1820
1823
1827
1822
3332
3256
3270
3289
3266
3275
3277
2995
2993
2989
3021
1967
1963
1967
1966
1713
1693
1697
1690
1705
1710
1708
1812
1803
1807
1823
2672
3256
3270
3269
3267
3277
3272
3276
2992
2993
2996
2989
2988
2529
1961
1963
1960
1971
1697
1682
1700
1699
1806
1807
2672
2671
2672
3254
3270
3277
3273
3273
2999
2987
2985
1806
1004
80
89
80
90
90
87
59
263
262
262
286
302
1004
1001
1017
994
1032
1017
851
849
858
934
939
939
939
85
102
64
60
268
270
269
302
282
305
304
1002
1015
1033
859
848
935
932
937
44
43
95
61
62
62
63
273
270
305
305
1012
1016
1026
1026
1025
1028
857
932
931
929
51
51
44
46
3
67
273
151
242
243
236
237
240
237
977
1015
971
974
1026
1026
1030
1029
1030
855
856
932
932
51
49
47
5
152
247
240
240
239
377
971
970
971
1192
1070
1066
1065
1076
1075
1075
1076
1124
204
4
187
154
155
392
230
246
210
967
377
377
968
1154
1253
1197
1193
1070
1130
1131
1135
205
204
208
187
138
138
155
393
395
372
373
375
1251
1198
1200
1200
1199
1068
1049
1138
1135
1135
196
207
207
127
127
129
121
391
392
396
395
1209
373
1151
1151
1154
1196
1172
1050
1137
1137
1148
1118
2062
2078
122
129
119
396
406
417
417
415
1209
1161
1169
1170
1172
1174
1140
1118
2081
2058
1996
125
122
122
121
1861
413
3236
417
3235
416
417
3137
3136
3135
1170
3186
1170
3053
3054
3055
3054
3032
1122
2080
2059
1996
122
1864
3230
3230
3135
3139
3186
3184
3044
3055
3048
3051
3070
2055
2055
2060
2054
2019
2019
1995
2023
1994
2000
1865
1861
1862
1862
3227
3234
3145
3186
3186
3184
3048
3047
3073
3079
3071
2070
1882
2066
2021
2018
2020
1856
1859
3227
3228
3233
3171
3173
3173
3169
3169
2930
2929
3064
3080
3078
1885
1886
2012
2013
1734
1781
1736
3226
3221
3221
2973
2967
2957
3080
3081
2955
1886
1885
1954
1883
1947
1948
2013
1749
1746
1732
1731
1731
1771
3341
3339
3343
3342
3331
3303
3286
3280
2973
2973
2957
2967
3026
1954
1958
1948
1715
1744
1747
1775
1774
1772
1817
3341
3339
3336
3280
3283
3280
2970
2970
2955
3025
3027
1957
1958
1956
1713
1712
1709
1773
1773
1819
3334
3335
3331
3332
3282
3266
3283
3275
3275
2995
2994
2996
2994
3022
3019
1969
1964
1971
1705
1713
1705
1710
1761
1816
3254
3253
3267
3270
3277
2993
3001
2990
2986
2987
3018
1961
1964
1971
1969
1703
1703
1708
1700
1700
1762
1759
1807
3257
3254
3259
3272
3000
3001
3002
2999
2986
2988
2985
1703
88
1043
89
86
88
90
265
263
284
266
284
999
1003
1002
1001
994
994
1042
859
846
915
916
916
80
86
83
85
57
60
267
269
269
285
285
304
1000
1013
1013
1033
1032
858
847
837
935
938
40
40
41
61
64
63
272
279
271
282
282
217
1012
1015
1037
1036
1028
838
926
929
47
3
9
230
243
229
219
217
1010
1018
1020
838
837
1074
922
922
51
50
4
5
153
151
151
230
230
213
214
971
1018
1192
1183
1124
22
203
2
137
153
143
152
212
376
388
387
1190
1183
1066
1074
1131
1128
1125
197
204
140
142
138
144
154
145
227
227
372
390
1190
1197
1193
1136
1133
1133
1135
208
206
140
125
226
409
415
410
389
386
1153
1153
1154
1198
1159
1195
1195
1138
1140
1145
1146
1147
1146
196
2081
2089
124
118
410
405
385
416
405
1150
1161
1151
1169
1173
1174
1174
1147
1118
2082
2078
2078
125
119
408
3142
3136
3176
3045
1173
1174
3037
1117
3032
2082
2078
1990
1997
1989
2008
3156
3156
3140
3143
3140
3137
3139
3184
3045
3053
3038
3038
3038
3074
3071
2071
2075
2032
2035
1995
2000
2000
1862
3157
3145
3147
3182
3182
3044
3047
3040
3078
3076
2071
2073
2032
2020
2032
2023
1734
1736
1735
3160
3146
3146
3182
3181
3182
2928
2931
2929
3073
3077
2947
3079
2070
2073
2021
2022
1748
1736
1734
1736
3343
3343
3303
3301
3301
2930
2940
2946
2951
1954
1950
1946
1947
1745
1749
1748
1746
1729
1732
3339
3341
3342
3343
3319
3299
3301
3299
3249
2970
2940
2969
2956
3027
2946
3026
1954
1949
1716
1745
1749
1747
1774
1771
3336
3341
3335
3303
3282
3283
2970
3014
3016
3024
3028
1958
1935
1945
1943
1716
1722
1744
1710
1775
1772
1770
3334
3316
3283
3263
3247
3246
3015
3011
3019
3025
1964
1964
1713
1935
1721
1706
1765
1764
1755
3315
3315
3257
3254
3246
3000
3003
2981
2979
3018
1959
1960
1969
1703
1703
1702
1762
1761
1760
1760
1758
1759
3257
3309
3264
3261
3262
3003
2983
2982
2980
3260
266
83
87
1000
1000
994
996
993
1044
843
1043
1040
846
847
916
915
82
55
59
266
54
281
282
999
997
1013
1042
1040
848
844
926
925
18
16
56
57
53
278
219
216
221
1007
1006
1035
841
841
924
17
17
15
15
11
10
279
234
221
217
1009
1037
1183
921
925
14
15
2
2
9
234
232
214
217
1009
1019
1183
1179
1185
1186
1128
1125
23
25
2
135
151
150
227
233
213
387
1184
1187
1185
1128
1128
23
24
142
142
138
148
143
227
224
224
210
388
1154
1190
1180
1177
1144
1133
21
142
145
144
409
386
390
1159
1159
1196
1166
1148
21
140
118
125
410
410
386
1157
1161
1167
1167
1140
1144
1145
2087
2082
1990
1986
1987
2008
2010
406
385
1157
3174
1161
1167
3042
1167
3037
1144
2080
2082
2077
1989
2000
2006
2008
3155
3142
3143
3175
3175
3176
3040
3041
3032
3035
2071
2075
1999
2006
3156
3156
3153
3145
3178
2937
2931
3040
3077
3076
2068
2073
2075
2035
2032
2036
2034
2028
2034
3159
3158
3158
3147
3150
3291
2928
2934
2947
2949
2065
2064
2026
2029
2029
1742
1729
1728
3322
3320
3303
3296
3292
3293
2933
2928
2947
2950
2950
1951
1946
2029
1738
1729
3318
3326
3317
3298
3299
2928
3251
2941
2941
3029
3029
1951
1950
1739
1768
1771
3325
3324
3318
3299
3247
3250
2970
3013
3028
1945
1943
1716
1723
1737
1764
1768
1771
3324
3314
3311
3312
3247
3005
3016
3016
3015
3024
1941
1765
1722
1758
1768
1755
3308
3309
3316
3260
3241
3240
3012
3012
2981
3011
1941
1937
1721
1721
1758
1755
3304
3308
3259
3264
3262
3002
2982
2983
2980
1757
83
70
265
286
846
918
82
284
1042
841
56
55
53
277
1036
234
219
1008
1020
921
922
15
131
232
1010
1182
1184
1127
12
221
1019
1115
1125
22
132
147
224
389
1196
1178
1177
1143
131
135
116
116
224
383
383
1156
1177
1177
1112
2088
132
1987
116
380
1164
2088
1986
379
1164
3034
1141
2087
2002
2003
2010
3143
3179
3179
3178
2075
2036
2003
2003
2006
3160
3157
3150
2938
2936
2068
3295
3150
3292
3291
2927
2933
2935
2949
2026
3329
3329
3321
2944
2949
2026
1725
1729
3321
3293
3249
2941
1942
1738
1737
3319
3311
3250
2944
3016
1945
1939
1723
1768
3325
3316
3244
3005
3014
3013
1941
1768
1755
3312
3241
3005
1938
1752
3263
3006
83
1037
1040
844
1006
1
10
278
840
1189
1179
1187
24
135
223
148
1144
408
1141
3033
1990
3033
2036
2067
2006
3152
2938
3328
2937
2029
2951
2943
1949
3327
3249
3251
3241
3008
1758
1753
1044
918
996
843
16
54
924
1007
1114
233
12
234
1186
135
1176
1164
1166
1987
2009
3153
3034
2036
2028
2936
2934
1953
3326
3295
1739
3327
3009
1726
3314
3312
1719
1754
3314
3244
2997
2979
69
1040
276
1037
1035
841
18
1008
211
1114
135
1180
1111
21
114
382
211
1157
379
2009
3149
3150
3320
3322
1942
3296
1718
3244
3008
1718
3309
3261
70
276
997
997
924
277
221
11
1115
25
147
383
1111
1164
2086
2089
380
3179
3042
3035
2067
2002
3159
2064
1742
1725
2065
2026
1725
2944
1719
1937
1938
1752
3309
3241
69
276
1930
1930
919
68
68
2406
2133
8
1023
1023
1115
114
134
115
2084
1112
2084
3152
2085
2085
3151
3042
2005
2936
3306
3306
1257
3328
2944
3009
3243
1944
1933
1767
3244
3009
1719
1752
1073
1071
1930
1022
919
919
2133
2132
8
1022
8
2142
1528
2142
2501
383
2407
2502
1673
1072
1740
805
1741
2343
1933
2343
577
1672
809
