2640
1222
607
611
593
593
1218
1217
1222
1313
596
579
1217
1296
1294
1303
1306
1308
1306
507
605
606
1200
1197
1204
1303
509
603
582
583
582
1198
1205
1118
511
402
370
370
1013
1012
1012
1128
1131
1120
403
411
369
367
1020
1024
1130
389
410
390
365
1029
1030
1027
1023
1024
1124
1124
1124
1115
378
388
377
386
338
1027
1024
1140
1115
416
416
380
380
387
336
1019
1017
1136
1137
1139
1149
413
415
1612
1483
1469
1019
2240
1615
1610
1626
1472
1470
1470
2239
2207
1614
1625
1624
1473
2220
1576
1590
1592
1624
1444
1446
1445
2255
2253
2220
2211
1600
1599
1590
1426
2251
2251
2248
2253
2223
2225
2226
2226
1601
1601
1596
1426
1388
1449
2280
2283
2291
2221
2222
2140
1598
1598
1562
2281
2135
1564
1565
1367
1379
1378
2109
2108
2108
2111
2135
2136
2136
1545
1544
1548
1548
1379
2075
2136
1534
1533
1550
1549
1364
1376
1376
1377
2076
2077
2120
2120
2119
2133
535
531
532
532
530
528
610
611
611
616
593
595
581
580
1230
1229
1218
1221
1222
1223
1295
1296
1295
1310
1312
1313
1311
531
531
607
609
604
606
610
580
581
1230
1217
1197
1219
1197
1225
1222
1297
1309
1300
1313
1307
531
512
508
507
605
603
596
586
584
579
585
1208
1211
1206
1206
1199
1200
1200
1302
1303
1301
1301
1308
1308
512
514
508
599
605
603
596
585
583
1212
1210
1207
1198
1203
1205
1298
1133
1119
1120
511
514
511
506
505
404
405
409
368
367
366
1212
367
1207
1204
1128
1132
1131
1119
1122
452
451
403
402
405
410
370
370
367
1030
1021
1028
1021
1020
1014
1011
1130
1129
1132
1121
1122
1122
1121
452
452
450
372
371
371
411
339
365
1030
1029
1028
1022
1011
1023
1042
1130
1142
1126
1116
1114
1117
452
450
417
374
390
388
386
338
337
1026
1027
1027
1025
1045
1140
1143
1142
1125
1152
1153
413
414
415
378
379
380
385
377
386
336
338
997
999
1018
1019
1019
1016
1138
1140
1143
1134
1153
1154
1154
1150
413
415
380
377
1484
336
1471
1473
1471
1469
2241
1017
1138
1137
1136
1135
1135
2154
1154
1149
2210
1616
1617
1611
1611
1627
1612
1626
1628
1480
1484
1483
1482
1473
1473
2241
2238
2239
2240
2237
2263
2154
2152
2153
2154
2151
2208
2210
1616
1616
1613
1613
1628
1627
1484
1472
1447
1447
1450
1462
2243
2242
2248
2256
2256
2152
2254
2215
2214
2212
2207
1576
1614
1575
1625
1625
1428
1444
1444
1446
1452
2251
2248
2256
2256
2219
2220
2220
2218
2215
2211
1599
1591
1593
1592
1425
1426
1422
1445
1452
1452
1449
2250
2249
2255
2293
2222
2226
2223
2225
1601
1601
1603
1596
1588
1595
1596
1595
1563
1426
1389
1388
2286
2278
2285
2293
2292
2224
1598
1600
1604
1566
1563
1562
1366
1390
1390
1387
1387
2282
2282
2282
2279
2289
2109
2112
2112
2141
2135
2142
2143
1607
1537
1537
1537
1565
1566
1561
1366
1367
1390
1380
1383
1381
2278
2281
2279
2066
2064
2111
2142
2144
1545
1535
1532
1532
1547
1547
1364
1379
1380
1380
1380
2076
2074
2077
2065
2118
2110
2121
2123
2141
2130
1544
1545
1534
1532
1533
1550
1550
1549
1365
1365
1373
1377
2076
2074
2080
2120
2121
2129
2133
2132
2129
2133
1534
617
1295
534
534
526
608
611
617
594
592
577
1226
1228
1236
1227
1220
1220
1224
1290
1294
1310
1313
1312
1317
534
533
529
529
529
604
608
606
615
615
591
595
591
578
577
1230
1229
1209
1224
1225
1297
1297
1309
1299
1319
1316
535
498
527
600
606
597
587
590
578
1213
1230
1215
1213
1215
1210
1210
1199
1202
1297
1271
1300
1308
1307
513
513
501
502
501
509
601
584
586
1214
1211
1210
1200
1203
1274
1303
1274
1273
1305
1305
514
514
505
506
440
599
404
407
409
406
368
361
1007
1006
1006
1013
1062
1201
1132
1133
1113
1118
449
449
405
405
408
408
408
369
364
1008
1022
1062
1130
1132
1117
1122
448
449
372
408
339
337
1008
1030
1014
1045
1044
1042
1141
1127
1127
451
443
442
444
374
375
375
373
383
389
382
999
996
1025
1024
1045
1043
1143
1142
1148
1147
1125
1148
1116
1151
415
420
421
374
374
384
384
385
338
334
334
998
999
997
1018
1015
995
1050
1043
1145
1146
1152
1150
419
1609
377
1479
1484
333
1466
1457
995
1016
2237
1049
1134
2150
1154
2209
1636
1608
1610
1628
1479
1481
1481
1467
1467
1457
2246
2238
2264
2264
2262
2145
2146
2154
2208
2150
2210
1617
1616
1635
1608
1625
1628
1480
1465
1465
1463
2242
2244
2264
2264
2267
2146
2151
2214
2213
2207
1576
1574
1574
1573
1590
1622
1591
1622
1620
1431
1424
1451
1450
2243
2249
2261
2257
2253
2298
2219
2215
2217
1576
1573
1589
1593
1429
1423
1451
1452
2250
2250
2284
2290
2293
2298
2224
2212
1602
1594
1595
1428
1424
1430
1423
1422
1382
2288
2285
2290
2298
2295
2221
2292
2226
1607
1607
1584
1604
1603
1563
1561
1557
1370
1390
1386
1389
1381
2287
1385
2288
2285
2063
2293
2112
2138
2140
2144
1538
1538
1540
1540
1565
1565
1557
1370
1368
1369
1384
1384
2282
2063
2065
2064
2112
2141
2143
2144
2144
1542
1539
1553
1552
1365
1363
1375
2073
2073
2062
2066
2067
2069
2123
2123
2122
2130
1545
1543
1543
1541
1534
1530
1535
1529
1550
1551
1551
1552
1362
1365
1375
1374
2075
2073
2081
2078
2068
2079
2118
2081
2120
2123
2114
2131
2133
2079
2113
2113
526
617
1290
534
519
526
516
528
617
617
614
614
590
628
629
1233
1235
1236
1234
1220
1223
1289
1292
1291
1318
1291
1319
1319
1319
1317
520
523
613
598
614
589
632
632
1232
1226
1236
1236
1234
1219
1289
1275
1318
1316
533
522
524
524
524
598
597
588
591
591
630
1215
1226
1156
1209
1164
1298
1270
1277
1277
1299
1276
1305
1315
499
504
503
502
504
601
600
588
587
360
361
1214
1215
1159
1163
1202
1164
1271
1277
1274
1255
1254
498
501
439
399
406
356
364
354
1009
1156
1006
1063
1269
1273
1096
1256
1237
435
436
441
441
407
399
363
364
1009
1008
1006
1064
1060
1056
1065
1065
1100
1094
1095
1085
1086
448
444
449
432
440
438
391
392
395
394
363
364
991
990
1008
1062
1126
1101
1093
1114
446
442
443
421
382
394
331
331
332
999
332
994
990
1044
1046
1045
1145
1148
1148
1151
1091
1091
414
420
428
417
373
382
383
331
341
334
334
993
996
1050
1049
1143
1145
1147
1089
1090
423
424
422
419
428
1477
1478
1475
1468
1455
1456
1040
1039
1039
1050
2265
2148
1146
2157
2159
2202
2204
1637
1636
1609
1646
1478
1465
1468
1467
1457
1457
2246
2245
2264
2267
2266
2149
2147
2158
2205
2155
2210
1638
1635
1621
1622
1436
1439
1461
1463
1463
1453
2246
2230
2267
2267
2258
2145
2147
2156
2155
2213
2203
1573
1573
1618
1434
1438
1439
1438
1442
1462
1463
2231
1460
2244
2231
2261
2260
2296
2164
2164
2193
2195
1583
1591
1567
1591
1619
1436
1431
1431
1459
2286
2259
2261
2297
2297
2217
2194
2192
1584
1585
1567
1585
1588
1430
1431
1430
1386
1400
1382
1459
2274
2284
2289
2297
2296
2298
2217
2191
2191
1586
1586
1607
1602
1527
1527
1559
1559
1354
1353
1370
1399
1385
2269
2288
2294
2295
2107
2059
1540
1528
1560
1557
1558
1559
1353
1392
1383
2083
2082
2287
2071
2071
2105
2107
2107
2141
1498
1540
1530
1528
1554
1558
1362
1370
1375
1393
2086
2085
2062
2068
2070
2071
2115
2106
2127
2128
1541
1542
1529
1530
1554
1555
1363
1341
1373
1375
2084
2078
2086
2081
2081
2067
2116
2117
2117
2116
2114
2128
2125
2124
1554
2125
518
519
519
516
564
612
612
626
626
629
640
1231
1232
1233
1231
1190
1190
1192
1192
1292
1288
1287
1287
1287
1314
519
518
523
560
558
625
635
634
628
631
632
639
1184
1235
1193
1193
1191
1192
1164
1267
1286
1281
1316
521
522
524
624
627
627
618
635
632
635
1183
1183
1161
1164
1157
1161
1161
1268
1276
1277
1253
1256
1316
499
497
499
504
624
624
638
350
1158
1158
1163
1168
1268
1270
1261
1252
1254
434
435
504
436
503
493
492
399
398
355
355
356
353
1156
1159
1162
1167
1059
1162
1065
1269
1274
1095
1238
1238
1237
435
434
436
433
439
437
494
399
400
357
358
359
1002
1000
1001
1060
1060
1065
1064
1101
1099
1096
1092
1084
1086
445
433
432
438
494
393
395
340
359
1003
992
1004
1052
1054
1056
1056
1067
1100
1094
1101
1093
1085
445
431
431
391
392
343
349
992
1047
1047
1067
1101
1091
1090
426
425
430
430
429
344
342
340
348
346
993
1038
1040
1040
1048
1046
1103
1103
1088
1091
1089
422
425
423
428
1645
1478
342
345
345
346
813
1040
1033
1048
1034
2169
2167
1103
2149
1105
1104
1087
2201
1638
1638
1647
1648
1645
1478
1475
1468
1468
1455
1454
2234
2246
2235
2265
2166
2169
2148
2159
2159
2205
2205
1635
1637
1649
1646
1646
1435
1435
1409
1439
1454
1460
2231
2233
2165
2181
2156
2160
2163
2205
2161
2203
1635
1571
1630
1569
1622
1640
1619
1433
1436
1436
1439
1461
2229
2231
2230
2261
2257
2164
2162
2162
2187
2187
2187
1580
1570
1580
1570
1618
1432
1440
1442
1441
1442
1458
1460
1460
2273
2273
2304
2307
2308
2164
2185
2194
2195
2188
1583
1583
1527
1401
1398
1397
2271
2277
2300
2274
2303
2302
2309
2309
2054
2194
2192
2061
1585
1585
1488
1488
1506
1559
1352
1401
1400
1396
1396
1392
2272
2269
2272
2300
2301
2303
2301
2138
2060
2061
2061
1494
1489
1487
1489
1505
1350
1351
1353
1395
1392
2269
2082
2100
2096
2069
2107
2138
2057
2056
2127
2060
1495
1499
1519
1560
1555
1344
1341
1342
1372
1394
1395
2086
2083
2085
2071
2096
2107
2128
2126
2128
1496
1499
1497
1519
1518
1554
1343
1341
1372
1321
1372
1393
2086
2084
2092
2081
2115
2105
2126
2125
1518
565
1280
567
516
570
564
565
657
659
633
658
643
642
641
642
639
640
1179
1178
1185
1189
1187
1284
1284
1287
1286
1279
1278
1282
520
567
569
559
559
626
658
635
651
1182
1178
1195
1195
1194
1192
1194
1288
1275
1286
1251
1282
521
555
568
558
560
627
627
622
637
633
634
630
1184
1169
1171
1264
1264
1267
1266
1253
1255
495
554
552
552
540
540
538
539
619
621
618
637
638
351
350
1182
1180
1169
1172
1174
1263
1266
1259
1252
496
496
495
537
540
491
397
353
354
1155
1157
1174
1167
1173
1260
1260
1259
1239
1240
455
494
493
489
396
396
358
169
352
1000
1004
1058
1060
1059
1071
1069
1070
1098
1258
1092
433
453
457
488
347
359
359
1002
1003
991
1053
1055
1068
1070
1066
1068
1098
1098
1075
1084
1083
446
456
431
483
486
475
393
347
349
349
1052
1037
1037
1037
1055
1067
1105
1111
1112
1087
1088
1083
1081
424
466
431
479
476
341
349
994
1038
1035
1032
1032
1035
1106
1105
1104
1081
1083
426
1648
428
478
1477
344
1476
348
812
805
1033
2173
1034
2168
2169
2167
1080
2201
1633
1633
1649
1648
1476
1411
1411
1407
1408
813
2235
2236
2233
2174
2169
2165
2182
2157
2158
2182
2204
2202
1632
1629
1633
1629
1639
1646
1639
1640
1404
1404
1410
1411
1408
1453
2236
2236
2233
2172
2166
2182
2161
2200
1630
1580
1571
1641
1642
1406
1419
1420
2227
2228
2228
2258
2306
2180
2185
2160
2190
2200
2190
2189
1580
1569
1643
1432
1440
1421
1442
1421
1420
2275
2277
2276
2306
2308
2194
2190
2190
1579
1578
1578
1568
1512
1433
1403
1356
1401
1417
1397
1339
2270
2303
2309
2309
2055
2053
2023
2189
1578
1492
1488
1485
1486
1507
1513
1357
1357
1360
1351
1354
1401
1398
2271
2272
2300
2302
2303
2051
2055
2058
2061
1494
1493
1494
1488
1505
1506
1350
1353
1358
1333
1395
2272
2090
2095
2102
2014
2052
2052
2058
2057
1498
1495
1499
1525
1515
1346
1343
1344
1342
1326
1320
1325
1394
2091
2096
2004
2004
2051
2050
2056
1496
1503
1499
1504
1517
1525
1518
1519
1516
1343
1343
1320
1321
1325
1327
2089
2091
2088
2087
2093
2094
2096
2002
2045
2045
2042
2042
2092
569
567
570
565
564
563
563
562
659
653
652
643
647
648
1186
1185
1189
1188
1284
1284
938
1285
1278
1279
1281
1280
926
550
550
568
557
556
657
654
654
651
650
652
641
648
1179
1189
1187
944
937
937
1248
1251
1250
555
552
552
545
556
622
557
636
649
154
1176
1181
1181
1176
1194
1194
1171
929
1265
1248
1249
1249
554
555
538
540
543
622
622
619
636
205
205
1180
1176
1165
1172
1173
1171
1266
1266
1266
1247
1251
1239
462
553
553
537
537
490
539
620
400
191
192
351
352
198
169
1165
1168
1174
1174
1263
1257
1261
1244
1245
1241
462
454
454
485
493
491
490
174
357
167
168
1000
796
1053
794
1071
1071
1071
1257
1258
1242
1241
1240
456
457
455
487
489
397
474
212
166
169
816
1052
1055
1054
1070
1110
1098
1076
1076
1074
464
463
463
465
487
486
474
224
222
166
810
818
815
815
1068
1108
1112
1109
1112
1075
1073
466
466
482
478
477
343
225
223
225
222
811
813
809
808
1032
783
1106
1109
1107
1079
467
1633
480
479
478
1693
477
1698
224
217
216
812
813
805
808
810
807
1035
2174
2171
1106
2479
1081
1631
1762
1766
1743
1648
1700
1410
219
1407
1416
2409
808
2411
2173
2174
2198
2479
1632
1633
1734
1735
1746
1643
1700
1699
1411
1415
2409
1416
2410
2235
2174
2172
2171
2177
2179
2175
2184
2182
2199
2198
2200
1736
1746
1642
1405
1405
1406
1414
1416
2227
2408
2232
2178
2181
2185
2200
2197
1581
1737
1568
1743
1748
1641
1403
1406
1418
1421
1420
1412
1413
2277
2306
2185
2030
2196
1579
1581
1514
1513
1356
1421
1339
2275
2277
2305
2012
2306
2028
2029
2023
2024
1490
1492
1486
1513
1513
1509
1511
1357
1359
1360
1331
1336
1338
1339
2102
2101
2013
2013
2016
2055
2054
2055
2053
2048
1491
1494
1491
1485
1508
1507
1508
1346
1360
1358
1334
1334
1332
2097
2102
2102
2003
2017
2015
2047
2046
2050
2046
1502
1504
1522
1521
1515
1349
1326
1324
1334
1333
2090
2099
2098
1996
1997
2001
2004
2003
2049
2050
2048
2042
1501
1502
1524
1525
1525
1516
1348
1349
1348
1323
1322
1328
2087
2089
2088
2093
2094
2004
2002
2045
2043
2044
1347
573
647
566
576
572
561
562
656
656
653
645
646
648
1177
1177
1186
1189
938
941
940
939
921
920
926
919
549
576
574
575
576
562
655
655
656
649
648
155
836
836
943
944
944
927
920
921
923
925
926
550
546
547
542
574
132
650
196
155
204
844
842
844
841
944
942
931
930
928
923
1251
954
546
544
542
545
543
545
621
194
199
204
843
844
852
930
931
1247
461
459
545
491
245
246
191
194
199
198
204
793
852
803
851
801
1263
1246
1246
1246
1243
460
461
462
459
484
484
246
193
174
174
172
192
173
169
797
799
803
802
802
1110
769
1242
1245
453
462
485
488
242
244
212
174
167
797
800
800
780
769
1111
1072
464
473
471
471
483
229
229
212
223
222
817
818
818
816
784
1109
1107
1076
1076
1078
1073
1078
469
467
470
482
478
475
225
225
220
824
817
815
784
777
1108
1079
1081
1078
467
1763
467
480
1765
1695
1694
213
1697
217
218
217
218
809
811
824
2373
783
2374
2497
2502
2501
2477
2478
2478
1769
1763
1765
1762
1766
1765
1694
1695
1700
1698
1697
1717
1416
1415
808
2410
2399
2375
2375
2502
2503
2501
2504
2480
2476
2479
1733
1769
1744
1693
1699
1697
1717
2408
2399
2400
2506
2178
2503
2484
1736
1734
1735
1745
1743
1705
1700
1701
1712
1711
1904
1413
2411
2401
2401
2401
2177
2514
2176
2175
2511
2176
2183
2196
1741
1741
1738
1746
1747
1748
1403
1701
1707
1412
2403
2404
2398
2397
2179
2515
2183
2022
2022
2197
1740
1741
1738
1748
1510
1852
1357
1901
1417
1900
1901
1418
1335
1339
2404
2406
2412
2017
2029
2025
2024
2024
1739
1876
1514
1510
1511
1854
1910
1360
1359
1331
1335
1336
1337
2424
2406
2010
2011
2011
2016
2020
2030
2025
1890
1490
1509
1346
1349
1334
1337
1332
2098
2099
2012
2014
2001
2000
2015
2047
2038
1894
1890
1522
1503
1522
1324
1908
1329
1329
2097
1998
1987
1989
2005
2000
2050
2032
1501
1896
1521
1522
1524
1523
1523
1347
1324
1323
1328
1329
1999
1999
1999
1999
1989
1988
1988
2006
2006
2032
2045
2031
1501
1324
2043
157
839
571
572
573
561
114
124
125
645
125
645
646
157
158
838
837
838
945
940
939
921
919
918
921
926
548
571
576
122
656
132
126
126
158
156
154
158
832
841
835
836
942
943
941
918
917
547
550
119
118
132
195
197
195
203
830
842
841
844
841
946
928
929
933
927
934
957
953
20
21
544
40
130
130
187
196
194
202
200
204
853
854
865
853
851
935
936
936
949
934
950
953
459
542
37
39
40
237
246
193
191
194
188
201
202
794
854
854
771
768
1246
1244
725
459
460
37
243
245
246
244
172
174
171
175
171
793
795
803
764
803
771
770
771
705
705
1243
473
472
36
230
236
243
242
241
183
184
171
797
796
799
766
770
781
782
703
704
1072
724
473
470
473
481
230
229
231
214
212
177
791
818
800
786
780
707
713
469
470
57
229
227
226
215
208
822
823
824
820
785
787
787
779
714
715
1756
470
1764
1692
226
215
215
215
219
220
210
209
806
824
819
2374
2496
2495
2504
2499
2498
2479
1769
1764
1765
1691
1691
1720
1720
1718
2355
2353
2372
2373
2505
2496
2504
2501
2476
1772
1768
1751
1704
1697
1704
1719
1711
1717
2352
2352
2355
2352
2392
2401
2371
2512
2503
2512
2483
2481
2483
2480
1769
1744
1732
1746
1751
1705
1704
1703
1715
1712
2369
2408
2394
2397
2400
2515
2484
2482
2482
1733
1732
1749
1850
1852
1707
1714
1906
1905
2403
2405
2398
2413
2514
2614
2617
2026
2616
2022
2617
1775
1741
1775
1740
1737
1855
1855
1852
1900
1899
1905
1903
2406
2405
2406
2416
2414
2415
2413
2028
2515
2020
2027
2027
2618
1889
1889
1877
1853
1852
1901
1909
1902
2425
2424
2426
2415
2018
2020
2026
2039
2024
1890
1890
1877
1876
1838
1846
1842
1911
1911
1911
1935
1937
2426
1994
1996
2010
2019
2018
2020
2008
2040
2040
1896
1895
1896
1895
1837
1842
1843
1844
1844
1911
1922
1919
1931
1992
1998
1993
1997
1994
1989
1981
2009
2009
2032
2038
1896
1892
1836
1835
1835
1844
1841
1844
1841
1908
1923
1329
1921
1918
1921
1918
1991
1994
1985
1989
1986
1984
2007
1982
2005
1983
2034
2035
2033
2035
2033
829
912
113
113
112
116
114
124
127
127
161
161
160
157
828
839
837
915
916
914
916
915
913
918
918
977
924
112
121
122
119
131
129
126
159
833
162
834
834
827
826
945
947
947
914
933
956
924
957
21
120
122
118
119
131
132
126
197
831
834
833
831
832
847
825
846
946
933
949
957
957
20
22
24
23
31
32
34
33
129
189
202
830
860
854
933
936
936
935
949
952
954
28
29
22
26
40
39
40
34
186
189
188
201
202
865
863
864
865
846
767
702
950
952
723
29
27
37
37
39
236
237
241
240
187
184
182
176
171
176
175
765
764
763
767
705
704
723
722
724
55
54
234
239
235
240
184
206
184
178
179
179
792
792
757
800
782
765
771
703
705
712
722
53
52
57
59
232
232
231
183
178
179
791
792
789
789
777
776
782
782
781
706
715
713
716
51
60
228
214
207
207
208
210
822
821
821
789
786
775
779
778
779
779
715
714
717
720
1754
1755
1760
57
227
256
209
2354
821
819
785
2497
2498
2477
2486
2476
1756
1755
1771
1756
1758
1679
1672
1692
1725
1720
1719
1720
1718
2353
2355
2380
2380
2371
2505
2509
2509
2504
2489
2488
2481
1772
1770
1772
1761
1768
1751
1678
1703
1722
1725
1715
2357
2354
2355
2379
2378
2376
2506
2509
2507
2494
2491
2487
1771
1772
1750
1751
1677
1704
1713
1715
1714
2368
2370
2395
2379
2392
2393
2393
2513
2512
2511
2493
2492
2494
2491
1807
1777
1776
1773
1751
1749
1676
1702
1916
1897
1904
2370
2369
2370
2403
2370
2396
2396
2432
2421
2515
2614
2618
1776
1773
1880
1855
1855
1850
1849
1916
1848
1906
1898
2367
2431
2395
2432
2416
2420
2412
2421
2624
2615
2615
2615
2618
2609
1888
1879
1879
1854
1851
1915
1915
1914
1899
1898
1936
1903
2425
2430
2415
2415
2624
2037
2611
2608
2608
1889
1887
1886
1885
1880
1839
1839
1845
1909
1910
1924
1936
1934
1937
1935
2423
2422
2451
2563
2009
2036
2037
2039
1886
1887
1885
1884
1839
1839
1838
1831
1926
1926
1923
1920
1992
2474
1993
1986
1981
1981
2008
2571
2035
2036
1893
1891
1893
1881
1836
1834
1843
1831
1925
1926
1922
1921
1918
1994
1991
1985
1984
1984
1983
1984
2007
2035
2034
111
109
115
111
115
124
141
161
164
163
829
882
827
907
909
911
912
978
976
15
109
120
122
116
143
142
135
142
161
164
164
828
825
826
908
907
913
955
978
976
16
23
121
30
119
137
136
136
137
159
861
862
849
848
894
908
963
964
956
959
18
31
189
293
294
862
861
859
848
846
895
893
966
965
952
968
952
951
29
25
27
24
38
34
33
186
189
300
860
863
856
864
847
768
686
685
967
702
721
28
25
38
34
238
238
186
181
308
300
302
302
865
760
759
763
701
730
725
55
53
50
76
233
235
239
240
271
180
181
179
299
301
761
761
759
758
758
766
710
702
740
722
54
55
58
60
233
234
259
206
180
322
792
773
776
774
709
708
708
717
712
716
51
52
59
58
261
260
255
256
256
324
327
789
773
776
707
711
719
720
1753
1753
1754
1760
1759
1673
255
256
254
327
2358
820
2372
775
2508
2499
2488
720
2486
720
1758
1760
1760
1679
1679
1724
1724
2360
2360
2381
2387
2380
2377
2547
2509
2486
2488
1758
1761
1679
1675
1678
1677
1723
1725
2357
2357
2363
2361
2380
2383
2377
2509
2527
2490
2494
2492
2489
1807
1807
1685
1676
1684
1723
1722
2365
2364
2367
2362
2385
2376
2384
2513
2551
2510
2607
2493
2487
1777
1782
1779
1702
1979
2367
2367
2431
2394
2384
2421
2605
2616
2607
2618
1773
1779
1849
1847
1848
1916
1979
1897
1974
2431
2432
2427
2421
2625
2421
2627
2606
2612
2615
2612
1882
1878
1879
1879
1847
1849
1916
1912
1934
1902
2429
2432
2429
2420
2624
2611
2612
2592
2609
1870
1882
1883
1845
1884
1826
1914
1913
1933
1934
1933
1932
2465
1931
2472
2423
2445
2422
2452
2565
2571
2570
2594
1891
1870
1885
1885
1863
1834
1832
1846
1825
1827
1913
1924
1919
1928
1934
1931
2474
2445
2453
2453
2453
2450
2448
2563
2568
2570
2571
2573
2573
1892
1873
1875
1872
1834
1834
1831
1926
1921
1930
2474
1991
1930
2447
2446
2453
2444
2449
2562
2569
2576
1927
877
110
111
111
108
106
106
84
143
143
139
149
163
882
885
884
883
900
885
910
898
910
971
977
978
974
107
108
91
90
143
133
134
150
150
152
164
885
882
898
911
986
975
964
978
16
15
107
90
4
87
89
91
135
153
153
882
849
891
848
895
892
964
958
958
959
18
19
19
4
3
30
136
93
136
294
295
293
296
297
859
857
858
848
890
894
895
895
893
963
967
964
960
18
17
26
68
282
286
297
308
296
302
859
855
857
686
686
680
966
728
730
968
729
727
47
66
67
70
267
269
287
287
308
855
302
303
856
760
761
754
689
689
741
739
730
49
47
78
77
77
70
268
270
319
298
298
299
757
761
756
687
687
689
709
741
738
736
50
50
50
261
259
257
248
270
271
320
322
790
323
743
756
746
755
679
710
706
741
732
718
1753
1671
252
260
248
326
325
326
326
322
790
751
776
679
676
676
731
719
1801
1671
1674
253
253
248
255
1730
326
2360
324
2358
328
329
2386
2388
2388
678
2547
677
2528
2530
2529
2526
2524
718
1802
1759
1674
252
1727
2359
2360
2387
2391
2381
2547
2550
2529
2530
2526
2488
1808
1799
1687
1687
1686
1688
1672
1683
1684
1727
1725
1727
1726
1727
2365
2361
2390
2549
2382
2549
2550
2527
2532
2518
2520
1805
1808
1808
1687
1681
1681
1684
1728
2364
2365
2362
2383
2385
2385
2549
2548
2553
2552
2494
2516
2517
1805
1781
1782
1681
1967
1963
1978
1977
2363
2326
2553
2607
2607
2604
2604
2604
1780
1774
1786
1782
1781
1781
1779
1965
1968
1963
1962
1979
1975
1979
1976
2329
2328
2428
2325
2429
2418
2628
2626
2607
2623
2610
1786
1780
1791
1865
1823
1965
1961
1963
1960
1974
1976
2327
2466
2429
2427
2419
2628
2626
2612
2597
2597
1869
1862
1864
1864
1864
1954
1912
1959
1929
1932
2467
2466
2464
2464
2452
2471
2450
2450
2564
2566
2566
2565
2594
2596
1874
1870
1862
1825
1863
1829
1826
1955
1931
2474
2473
2443
2446
2449
2564
2569
2571
2575
2576
2593
1873
1875
1875
1871
1829
1828
1827
1833
1954
1957
1955
1928
1931
2456
2447
2444
2558
2562
2557
2568
2576
2575
2573
1871
105
900
104
104
85
106
85
140
140
140
151
877
880
879
878
885
883
899
910
985
971
972
973
7
102
8
102
88
90
96
139
134
147
149
151
878
884
870
900
903
910
986
986
975
974
19
2
4
4
90
92
95
146
133
153
148
152
873
869
903
902
892
987
961
962
10
3
64
282
285
148
292
297
875
890
890
892
965
695
962
960
19
11
11
67
68
63
284
287
286
297
290
859
753
691
700
730
43
76
81
69
70
70
283
307
304
305
304
691
698
688
681
737
728
727
47
47
78
81
77
257
267
268
270
270
320
304
753
691
697
689
740
738
738
49
48
77
258
273
319
322
321
316
311
746
746
746
756
751
674
672
675
664
735
734
736
734
48
1803
1798
261
250
251
325
323
328
312
743
749
748
678
679
676
663
733
733
1803
1803
1671
258
251
249
2334
2386
2543
2538
679
676
2535
731
2525
1803
1686
1690
1673
1659
1730
2334
2333
2389
2332
2391
2391
2391
2543
2539
2528
2535
2534
2535
2520
2525
1800
1810
1687
1690
1682
1654
1731
1731
2350
2347
2390
2382
2554
2549
2532
2533
2520
2520
1808
1809
1806
1690
1689
1683
1664
1728
1971
2348
2345
2325
2316
2316
2553
2553
2556
2532
2532
2517
2600
2516
1812
1811
1689
1684
1968
1966
1967
1973
2321
2328
2326
2314
2418
2552
2623
2621
2601
1786
1789
1793
1791
1668
1968
1965
1968
1970
1978
1975
1969
2327
2329
2324
2313
2312
2313
2435
2628
2623
2621
2606
2595
2599
2595
1786
1790
1865
1823
1965
1963
1959
1960
2468
2321
2468
2465
2470
2469
2627
2586
2591
2597
2596
1862
1868
1785
1859
1823
1821
1822
1821
1943
1943
1949
2468
2467
2470
2441
2437
2561
2594
2583
2594
2597
1870
1874
1864
1860
1820
1821
1954
1953
1952
2461
2463
2473
2443
2450
2557
2561
2574
2581
2580
1867
1875
1872
1829
1829
1816
1958
1955
1958
1957
1958
1951
2455
2458
2442
2439
2438
2558
2574
2576
2581
2458
140
103
106
876
879
880
866
868
900
897
896
896
984
986
973
972
8
88
85
86
94
147
145
876
866
869
903
902
985
988
983
973
9
1
87
92
96
96
148
292
289
872
872
903
989
987
983
12
13
14
1
61
93
95
285
291
290
873
905
700
961
983
14
10
66
65
65
283
279
291
291
875
890
699
692
699
697
680
727
44
45
80
64
275
284
278
280
307
305
698
697
700
681
738
43
41
81
81
75
276
276
275
272
272
318
304
745
753
694
664
668
737
42
79
266
273
250
318
314
751
750
756
664
732
42
72
266
265
251
313
311
748
750
674
674
661
661
735
1796
1797
1659
1658
1657
1653
2331
329
309
748
2542
751
671
2539
677
2535
666
1802
1799
1670
1659
1654
1729
1731
2334
2334
2389
2544
2544
2544
2540
2534
2524
2525
1812
1800
1654
1730
2350
2349
2338
2338
2542
2537
2556
2533
2519
2522
1814
1811
1810
1690
1666
1666
1689
1661
1669
2350
2350
2346
2316
2336
2536
2556
2556
2636
2602
1814
1813
1793
1669
1664
1664
1972
1971
2345
2348
2312
2311
2316
2317
2638
2639
2637
2598
2602
1792
1793
1668
1662
1973
2324
2322
2323
2314
2310
2630
2632
2639
2638
2598
2599
1790
1790
1824
1947
1970
1948
2321
2324
2310
2469
2622
2623
2590
2588
1868
1785
1824
1824
1940
1947
1946
1943
1948
2463
2468
2471
2560
2584
2586
2591
2591
2588
1867
1821
1819
1939
1945
1949
2462
2458
2457
2458
2442
2561
2586
2584
2585
2583
1867
1858
1860
1816
1958
1952
2455
2454
2441
2442
2440
2559
2579
2579
2580
1956
103
85
86
145
984
980
9
145
906
904
2
100
94
98
905
281
289
874
889
981
983
13
75
279
875
692
700
683
63
291
752
684
727
45
74
276
277
317
673
694
697
667
75
266
266
262
278
316
314
745
673
664
661
1797
72
1656
251
309
674
1798
1659
312
671
2525
666
1795
1650
1654
2340
2339
2542
2545
2544
1809
1666
1660
1661
1653
2340
2342
2338
2555
2636
1814
2319
2336
2318
2319
2554
2636
2636
2522
1669
1972
1973
2346
2639
2602
1793
1942
1972
2323
2319
2319
2637
1790
1667
1940
2324
2460
2436
2630
2591
1787
1859
1824
1947
2463
2459
2436
2631
2586
2590
1857
1947
1950
2457
2440
2561
1860
1945
2441
2583
8
905
904
979
872
62
100
101
695
744
693
694
44
74
277
276
667
249
666
2523
1655
2523
1665
1795
2340
2339
2537
2343
2537
1669
2601
2633
1789
1969
2437
2633
2433
2583
1939
1951
868
979
870
989
9
101
982
872
683
280
62
281
696
71
744
670
663
1652
2331
2332
2522
1666
1664
2636
2639
1787
2344
2318
1942
2344
2589
1941
2459
2460
1818
1944
2463
2434
2559
2581
83
897
147
905
906
988
12
875
318
684
75
694
669
41
263
313
318
749
310
2331
2338
2336
2347
2322
1788
2311
1819
2434
2588
1819
2458
2439
83
98
867
867
981
101
289
61
684
73
274
314
668
670
1794
1796
310
2545
2540
2522
1795
1650
2342
1813
1663
1942
1814
1667
1942
2632
1818
1857
1857
1950
2454
2433
83
98
2620
2620
980
99
99
1709
2578
6
888
888
682
263
71
262
1656
669
1655
2337
1651
1651
2337
2540
2341
2635
2335
2318
1057
2343
2629
2629
2435
1784
1784
1817
2631
2587
1818
1939
804
1166
2619
887
970
970
2578
2578
6
887
6
2104
1166
2104
1706
315
1708
1710
1710
1175
1606
418
1856
1605
1784
1605
481
1709
418
