1616
22
413
595
601
601
6
8
22
67
545
554
8
63
63
63
70
70
70
411
605
605
13
15
15
62
460
547
545
552
551
1
14
81
461
547
543
549
12
13
14
80
80
83
458
543
549
550
173
171
80
512
512
513
510
167
167
167
166
171
140
140
138
82
472
512
478
511
507
167
171
126
146
497
497
474
477
477
507
157
160
131
131
126
145
495
497
1570
1332
1331
157
895
1574
1568
1570
1332
1331
1334
894
834
1566
1345
1345
1330
901
1575
1567
1347
1347
1327
1326
1325
897
900
900
842
1585
1584
1584
1348
938
938
884
900
985
985
986
984
1607
1584
1583
1371
1370
938
938
936
936
996
986
986
1608
1608
1368
939
994
1615
1598
1367
1385
945
921
993
921
994
997
997
998
1594
1593
1599
1599
1386
910
997
1595
1601
1601
1383
1383
1386
1387
1387
910
923
1004
1004
1005
1002
414
414
415
415
414
413
594
595
601
593
601
600
592
592
591
7
8
21
22
23
18
19
20
67
67
65
68
415
412
410
603
605
600
603
589
591
7
8
11
10
21
23
22
64
67
62
65
69
412
411
411
410
605
547
546
552
554
551
554
10
0
11
11
11
17
16
63
64
62
69
70
69
461
461
462
454
547
547
547
552
551
3
2
1
13
17
15
79
79
76
83
464
462
462
462
460
454
542
544
544
550
548
0
550
0
14
79
80
76
76
83
463
463
459
542
515
543
516
543
550
168
173
172
172
173
175
169
80
139
77
83
83
83
82
498
458
457
458
459
459
516
510
510
165
168
173
170
170
171
136
140
136
140
146
138
146
493
492
473
473
513
512
513
507
510
164
168
166
166
130
130
130
143
138
143
145
495
494
494
472
474
478
478
478
511
506
506
164
165
158
162
157
162
130
126
127
131
143
144
145
146
495
496
474
478
1333
506
1333
1331
1337
1336
894
160
131
129
129
128
127
896
144
145
843
1574
1576
1569
1570
1566
1570
1346
1346
1346
1328
1332
1328
1330
1334
895
892
894
895
895
898
896
897
898
896
840
844
834
1576
1575
1568
1567
1568
1346
1345
1330
1330
1330
1326
893
893
893
891
891
897
901
898
841
844
843
844
1576
1575
1571
1566
1347
1349
1349
1329
1327
888
884
885
884
899
901
844
901
839
844
842
1585
1588
1583
1348
1348
1349
1371
1327
1325
1327
938
885
885
899
899
996
984
985
985
1585
1585
1607
1614
1612
1614
1583
1366
1366
1368
1371
1370
934
939
936
996
995
986
1606
1607
1607
1614
1615
1366
1367
1371
1370
1369
943
945
943
939
937
953
993
994
993
990
998
986
989
1608
1608
1604
1604
1615
1600
1367
1381
1367
1371
1385
945
1369
937
945
937
931
931
994
998
999
1593
1594
1598
1598
1597
1600
1383
1385
1386
1385
944
911
931
923
922
922
1005
1003
1005
998
1001
1593
1595
1595
1598
1596
1602
1599
1602
1382
1382
1386
1387
910
909
923
1004
1005
1002
1002
1002
1002
1002
1594
595
18
405
415
404
593
595
596
599
592
592
561
592
566
6
6
23
24
20
66
67
66
68
68
414
428
412
413
410
603
602
604
603
600
599
600
590
589
589
7
9
10
24
23
19
64
66
72
74
74
412
427
422
604
604
604
546
554
553
5
4
4
5
4
10
3
16
17
64
92
71
73
74
464
428
425
426
465
454
540
553
552
5
2
2
16
17
92
75
93
75
73
71
464
464
462
456
455
456
541
541
544
544
549
548
172
175
175
14
78
78
79
76
77
81
465
458
459
541
539
542
516
509
514
174
174
169
136
139
77
82
498
500
467
515
508
509
163
168
174
136
170
137
135
139
142
493
493
492
468
473
467
468
478
475
513
516
164
163
161
170
154
161
137
137
142
134
143
143
147
147
494
496
474
473
476
476
513
475
507
506
505
164
165
158
159
162
159
162
129
128
127
150
150
496
1569
476
1352
1333
505
1336
1335
159
162
889
162
128
840
150
838
1454
1573
1568
1569
1351
1344
1346
1337
1337
1334
892
894
890
890
902
904
904
904
840
840
843
1576
1576
1573
1572
1566
1344
1346
1329
1329
1329
893
891
891
898
908
904
841
841
835
834
1575
1573
1573
1571
1571
1565
1567
1567
1341
1339
1349
1317
887
887
885
907
908
900
851
841
844
846
1589
1588
1588
1341
1339
1327
1327
1317
888
935
935
954
952
839
988
987
1605
1613
1341
1340
1373
1364
1373
1374
1374
935
935
954
952
995
996
991
989
1581
1606
1582
1605
1613
1615
1368
1365
1368
1371
1372
1370
943
942
941
934
936
930
995
995
991
988
989
1606
1603
1604
1605
1611
1600
1600
1381
1365
1384
1372
944
944
932
933
930
992
1006
999
999
999
1592
1591
1597
1383
1382
1384
1385
911
911
932
931
933
933
922
1006
1006
1001
1592
1592
1592
1591
1595
1590
1597
1596
1602
1602
1602
1377
1377
1382
1387
914
910
911
923
909
925
922
924
926
1004
1007
1006
1009
1000
926
1007
1007
404
597
20
405
405
406
405
406
594
593
598
596
590
586
592
564
565
565
37
24
24
20
66
55
54
55
54
54
53
74
428
423
597
424
598
599
588
589
563
566
563
566
46
9
19
55
55
74
428
428
427
425
424
602
602
580
588
588
563
5
9
47
2
46
19
32
93
92
72
50
71
74
428
426
425
426
426
540
540
536
536
553
553
4
3
44
31
14
33
91
93
93
71
84
465
456
456
541
539
536
548
531
192
1
200
88
88
89
90
84
85
465
465
455
455
517
517
520
514
192
189
175
200
199
200
135
123
135
89
77
103
101
500
499
457
504
457
468
470
518
519
519
508
509
190
174
200
201
141
132
104
141
499
493
500
468
469
518
524
508
505
165
528
191
161
161
154
137
132
142
142
149
148
147
494
494
479
466
476
469
475
525
523
505
526
158
159
153
156
134
134
150
149
148
484
484
484
466
479
1351
1352
1333
1337
1337
1335
153
152
152
151
902
903
128
857
838
837
838
1454
1456
1569
1350
1352
1322
1323
1322
1335
1335
866
890
889
890
903
903
857
857
838
836
835
1455
1573
1572
1565
1343
1322
1318
1318
886
865
892
864
891
902
905
904
853
857
836
846
835
1589
1589
1342
1342
1339
1338
1316
1314
886
1318
886
887
887
883
908
908
905
853
853
847
846
1580
1588
1587
1612
1342
1339
1340
1315
1317
942
883
883
907
952
851
987
987
1582
1581
1580
1580
1612
1363
1340
1364
1373
1374
942
1374
947
954
954
954
955
974
991
988
989
1582
1582
1605
1609
1610
1610
1613
1365
1364
1364
1364
1372
941
941
946
953
991
992
981
1604
1610
1611
1611
1611
1611
1376
1379
941
940
940
940
929
930
927
992
992
990
1553
1603
1590
1610
1597
1376
1376
1375
1380
1380
913
913
932
933
933
928
1007
928
1000
1000
1592
1591
1591
1542
1596
1377
1375
1377
1378
1380
914
912
914
925
925
925
924
926
924
1003
1008
1008
1008
1009
1602
1008
409
406
408
406
441
597
598
596
582
586
561
565
564
564
565
39
39
30
29
28
28
55
53
54
51
409
409
424
424
423
581
587
587
586
562
563
563
563
566
49
38
39
38
33
33
55
52
51
420
422
423
417
585
580
585
587
588
587
49
49
47
47
47
46
33
32
93
93
56
50
50
420
421
416
422
417
585
538
534
48
45
33
45
33
91
97
98
87
503
501
418
501
418
437
437
538
538
537
531
537
531
44
44
45
198
199
31
122
88
90
90
85
84
85
504
503
503
503
502
471
471
517
521
521
520
532
194
194
192
201
198
123
123
122
90
89
104
103
103
500
504
502
471
471
518
519
519
529
189
191
191
191
197
201
201
124
123
104
122
106
101
499
481
467
470
518
525
529
179
156
124
125
117
106
148
483
483
480
481
469
525
525
524
527
527
184
184
153
153
156
134
133
133
149
148
149
484
483
482
466
1350
1352
525
526
527
526
183
152
152
151
156
881
882
133
856
133
118
109
837
1456
1456
1461
1458
1351
1353
1353
1324
1323
1337
866
866
876
877
876
879
882
903
856
857
838
835
1455
1456
1459
1459
1351
1360
1353
1324
1316
1323
866
864
876
906
854
857
855
852
836
845
850
1451
1586
1452
1586
1586
1359
1343
1360
1343
1343
1314
1318
863
863
863
906
906
852
845
847
850
849
846
1578
1577
1577
1586
1342
1340
1315
1315
1314
1315
1317
1400
862
861
946
905
955
853
852
976
847
847
849
1579
1577
1562
1396
1398
1398
942
947
954
947
956
956
976
976
971
980
981
981
1579
1581
1563
1609
1540
1540
1393
1396
1397
1397
1398
1398
948
947
948
956
956
957
974
971
980
981
983
1558
1603
1564
1542
1541
1390
1363
1401
1413
1379
940
948
929
928
927
963
982
983
983
983
983
1553
1552
1542
1541
1541
1405
1376
1401
1379
1380
913
920
913
916
929
928
963
966
966
967
1554
1552
1552
1551
1542
1550
1405
1404
1378
1402
1378
914
914
912
916
926
964
964
967
967
1550
444
51
407
408
450
408
441
581
598
586
577
576
571
572
572
572
561
564
558
37
38
29
61
60
61
60
57
58
51
416
409
409
443
443
582
582
582
571
558
41
42
38
38
30
29
29
60
57
57
52
419
419
452
442
442
581
585
584
583
583
571
562
49
48
43
34
36
92
94
97
87
420
421
416
421
438
418
417
438
584
584
538
537
534
534
535
535
48
45
36
36
96
95
98
86
421
420
421
436
438
437
522
532
531
194
44
35
198
36
99
100
99
86
85
502
502
436
471
522
522
532
530
530
193
194
195
199
199
198
100
120
99
99
105
504
490
491
480
521
520
529
189
179
190
197
197
124
121
125
121
120
106
106
103
103
490
490
480
774
471
774
521
529
529
528
180
181
180
180
180
125
125
117
116
107
109
109
108
483
489
481
771
771
523
527
184
187
155
124
155
155
118
118
117
109
109
482
1461
479
771
1354
738
1354
523
183
184
188
877
155
881
882
816
109
833
1462
1461
1459
1458
1358
1355
1324
1323
1324
183
866
878
877
880
881
882
816
854
854
816
838
833
1455
1452
1463
1452
1459
1350
1356
1356
1356
1354
1355
1319
1320
865
868
866
877
879
879
854
855
833
1453
1453
1451
1359
1360
1361
1313
1313
862
862
863
906
905
851
852
845
848
850
850
849
1577
1448
1359
1360
1338
1313
1314
1400
859
862
859
861
872
976
845
849
848
1578
1579
1562
1587
1562
1393
1392
1393
1395
1395
1400
1400
950
958
955
976
972
972
979
979
1579
1559
1564
1562
1563
1545
1545
1391
1393
1390
1391
1396
1396
1397
950
950
948
958
957
973
972
982
979
1559
1559
1558
1564
1542
1543
1390
1390
1412
1413
1413
949
920
929
951
957
971
977
970
983
1553
1553
1557
1548
1541
1406
1406
1406
1401
1412
1403
1413
918
920
915
962
964
963
970
966
1554
1557
1556
1557
1551
1551
1550
1551
1549
1404
1406
1403
1402
1411
918
918
919
917
917
916
915
962
964
964
968
965
967
916
447
407
452
441
444
446
441
445
575
577
577
576
579
558
40
41
40
27
26
61
59
61
59
58
58
58
387
452
407
452
443
443
581
575
568
568
568
576
572
559
42
27
26
25
26
59
57
388
388
419
453
432
430
442
583
442
567
569
560
560
533
42
42
42
25
34
94
60
56
87
388
433
430
432
440
440
439
584
567
569
535
533
242
42
43
36
36
35
96
95
95
97
87
311
434
432
434
434
436
435
439
722
537
722
720
534
532
535
530
193
196
35
35
96
95
97
311
311
86
486
434
486
436
437
728
729
721
719
711
530
193
197
196
195
196
119
121
100
100
102
102
313
491
491
491
435
773
522
727
721
719
712
181
181
197
196
119
121
120
105
110
102
490
488
488
765
768
773
773
743
743
712
179
177
181
178
178
115
116
114
110
107
111
489
482
770
774
769
741
738
740
740
743
182
182
176
188
178
113
115
114
114
107
482
1461
770
771
770
1442
772
1358
741
739
738
183
182
187
188
186
188
187
880
820
118
808
108
1462
1463
1463
1440
1458
1357
1354
740
1319
869
869
185
868
878
821
819
811
1462
1462
1453
1463
1446
1445
1357
1358
1319
1257
869
867
869
878
878
879
821
822
821
822
824
816
819
819
818
1452
1447
1448
1361
1361
1320
1321
869
859
868
870
871
823
825
818
818
1453
1447
1448
1449
1450
1362
1362
1361
1321
1320
1399
1321
860
861
871
823
975
817
1578
1578
1450
1392
1392
1395
1399
859
858
872
1097
958
975
975
978
978
1560
1563
1561
1561
1545
1544
1391
1392
1389
1408
1408
1409
1399
950
951
951
958
1097
973
973
972
973
979
978
1559
1560
1560
1564
1544
1543
1545
1388
1389
1390
1409
1409
1413
949
951
1110
960
1094
960
961
977
970
977
1555
1556
1557
1546
1547
1406
1410
1403
1412
1410
920
919
919
1110
1110
1108
961
961
970
970
969
970
1555
1557
1548
1548
1547
1549
1404
1212
1406
1403
1411
1411
917
919
917
1110
1108
962
959
959
969
965
1212
446
579
448
450
447
446
445
575
575
577
576
579
556
559
41
40
27
27
398
398
381
382
387
387
382
448
453
451
451
450
445
574
574
574
569
579
559
231
232
27
230
391
391
386
386
390
389
389
453
453
429
430
451
662
568
569
555
560
230
230
241
227
26
240
393
393
386
385
388
390
429
431
431
431
440
440
570
723
723
670
243
243
241
393
392
385
487
433
431
729
731
731
722
724
719
709
708
242
243
244
240
253
96
311
310
311
313
485
487
487
434
435
728
728
720
721
721
709
720
711
711
268
254
254
253
253
120
309
310
310
485
486
768
766
768
729
727
712
712
269
266
252
113
319
113
102
489
488
765
765
774
781
773
742
743
737
176
177
176
268
265
115
114
111
110
111
112
112
758
489
764
765
769
772
742
739
737
186
177
178
265
261
115
111
112
112
1460
1460
1432
770
1443
1444
1442
772
1258
739
740
739
737
185
185
186
875
264
826
830
808
809
810
810
811
1434
1460
1439
1432
1440
1443
1444
1442
1357
1358
1259
1257
1257
1157
186
869
874
826
875
821
820
808
831
809
811
813
1434
1434
1440
1440
1261
1260
1257
874
874
875
827
870
824
819
1419
1429
1447
1446
1445
1441
1357
1261
1260
1253
1253
867
868
873
873
873
822
823
825
824
825
824
819
818
1419
1417
1417
1447
1449
1362
1362
1251
1251
1321
860
858
1130
871
871
1024
825
1030
817
817
1419
1414
1450
1449
1450
1273
1389
1251
1394
1249
1249
1394
1399
860
860
1091
1092
1094
1025
1027
1027
1028
1414
1561
1544
1544
1388
1535
1223
1389
1394
1408
1407
1231
1407
1098
1099
1096
1097
1096
1094
1025
975
1018
1532
1560
1546
1212
1222
1409
1407
1226
1098
1098
1097
1095
1014
961
1014
1014
1018
1527
1531
1560
1557
1546
1216
1221
1410
1226
1101
1109
1107
1095
1012
960
969
1021
1555
1528
1548
1546
1547
1547
1549
1213
1216
1216
1411
1225
1106
1109
1106
1105
1108
1107
1108
1012
959
1018
969
1021
1529
1216
968
557
229
449
449
449
446
445
573
573
578
573
578
556
557
557
229
228
227
398
398
381
381
383
380
382
383
448
449
451
628
574
664
663
578
556
555
560
555
235
232
231
231
399
232
391
386
389
429
450
630
630
629
671
672
672
672
234
233
231
230
232
399
392
393
392
392
385
390
390
651
650
430
619
629
621
723
671
724
673
669
670
239
243
244
241
240
324
394
394
303
309
304
385
487
429
649
768
730
731
731
724
724
723
709
708
670
244
249
241
324
325
311
313
314
654
485
767
776
731
729
731
707
709
709
710
708
244
269
248
253
254
319
320
320
317
310
313
758
763
767
768
776
781
775
727
726
715
710
269
268
252
257
253
318
257
316
318
312
314
759
759
763
765
766
781
780
726
727
710
267
265
266
266
256
318
348
758
765
764
778
778
779
742
734
736
271
272
272
264
276
262
261
347
350
1436
1436
1443
1444
779
779
742
733
732
736
737
736
736
271
270
828
830
830
831
810
831
812
1434
1432
1443
1444
1259
1258
1256
1256
1158
1160
875
828
829
830
832
809
813
1433
1430
1439
1441
1261
1261
1259
1260
1256
1157
1158
1157
1160
1160
874
828
822
832
832
814
813
814
813
1430
1446
1431
1446
1431
1441
1441
1250
1250
1253
1128
1128
1131
870
873
1178
814
1029
1029
1419
1417
1449
1273
1273
1251
1251
1254
1254
1128
1130
1177
1174
1178
1024
1030
1027
1030
1029
1029
1418
1419
1416
1415
1414
1424
1424
1273
1251
1230
1254
1231
1129
1126
1129
1093
1093
1092
1092
1025
1024
1023
1026
1027
1030
1415
1416
1422
1535
1268
1223
1270
1232
1099
1129
1099
1091
1023
1026
1027
1016
1028
1532
1532
1530
1533
1533
1270
1222
1223
1222
1223
1234
1231
1100
1103
1109
1096
1095
1090
1010
1015
1018
1018
1528
1531
1527
1527
1538
1214
1538
1214
1214
1222
1221
1226
1226
1101
1105
1103
1109
1103
1087
1095
1015
1014
1021
1017
1529
1529
1539
1539
1538
1214
1213
1217
1217
1217
1221
1225
1224
1225
1224
1106
1106
1106
1104
1107
1104
1086
1011
1011
1012
1011
1020
1019
1021
1020
1021
229
379
617
617
624
627
627
664
663
578
668
669
677
557
229
227
397
397
400
403
402
403
379
380
383
370
383
624
624
628
630
664
663
668
669
234
678
235
235
235
237
399
399
400
402
395
380
389
384
650
625
626
630
630
629
662
673
672
233
234
235
238
238
238
238
239
401
401
378
384
378
651
649
650
625
620
619
621
621
662
671
670
233
251
251
394
396
325
324
396
305
305
654
654
651
652
619
649
619
622
622
715
707
706
242
249
251
251
249
248
324
327
303
305
304
654
655
767
767
618
777
730
725
725
725
715
717
717
708
718
269
255
257
320
320
317
317
314
306
314
757
759
775
776
777
726
714
713
714
718
716
269
269
267
267
266
256
255
319
317
312
348
348
759
762
763
760
781
780
793
713
716
735
273
266
275
276
262
262
256
256
315
347
347
350
350
762
761
780
779
733
734
735
732
735
271
271
276
276
263
262
263
343
261
347
349
350
352
1436
1435
1438
760
778
788
735
732
272
272
270
829
831
810
1205
812
1435
1436
1433
1435
1438
1491
1497
1259
1243
1258
1256
1248
1255
1159
1159
1154
1148
828
828
829
829
832
1188
1186
812
1433
1429
1433
1438
1430
1431
1495
1496
1246
1248
1255
1255
1158
1160
1151
1152
1153
827
1207
1207
1187
1188
1186
1429
1430
1431
1423
1495
1495
1246
1250
1252
1127
1127
1128
1151
1152
1177
1153
1177
1178
1191
1190
1187
1190
1187
1428
1419
1418
1426
1423
1425
1499
1272
1272
1252
1254
1126
1127
1125
1128
1127
1133
1130
1135
1177
1174
1034
1033
1416
1421
1422
1424
1425
1424
1271
1273
1273
1231
1252
1124
1133
1130
1134
1135
1175
1092
1175
1023
1024
1034
1034
1034
1032
1415
1422
1535
1535
1268
1269
1270
1270
1230
1230
1232
1232
1100
1134
1093
1093
1022
1026
1032
1032
1016
1416
1526
1531
1530
1530
1534
1534
1269
1270
1270
1233
1233
1234
1234
1234
1100
1088
1089
1010
1015
1013
1013
1017
1532
1531
1525
1539
1538
1536
1536
1215
1221
1229
1228
1224
1102
1103
1103
1085
1090
1010
1015
1058
1020
1013
1529
1526
1528
1525
1539
1537
1213
1215
1217
1220
1229
1227
1101
1103
1104
1087
1086
1086
1086
1087
1012
1019
1020
616
616
615
616
614
664
665
677
678
678
228
217
219
400
403
403
379
370
368
617
617
626
627
627
667
665
666
659
668
680
679
237
237
219
401
403
403
380
370
369
625
626
626
620
629
666
666
666
673
673
236
236
237
204
401
395
395
378
370
377
651
620
700
702
706
245
236
246
250
203
204
327
326
396
305
308
307
376
655
653
655
653
652
622
623
701
701
706
247
246
250
250
203
327
202
327
303
326
307
655
652
777
618
622
794
700
715
717
706
718
292
249
295
248
202
316
307
306
757
804
807
801
777
794
793
714
747
714
717
718
290
291
295
295
295
275
255
257
315
317
341
346
757
807
806
761
780
775
792
713
713
273
273
276
258
258
315
343
342
349
349
348
762
762
762
801
760
792
790
788
733
755
756
276
274
263
343
344
352
352
1437
1438
1437
1489
1490
1497
789
788
733
756
1156
274
1148
263
1210
1210
1206
351
1206
352
1438
1438
1491
1491
1497
1248
1248
1241
1159
1156
1155
1148
1150
1162
1207
1207
1201
1427
1489
1491
1494
1496
1496
1245
1248
1248
1247
1140
1154
1152
1149
1153
1176
1207
1207
1190
1187
1188
1428
1428
1494
1498
1499
1245
1246
1125
1123
1125
1123
1133
1152
1153
1178
1176
1176
1191
1188
1186
1426
1426
1425
1272
1282
1125
1125
1132
1131
1132
1132
1174
1189
1189
1031
1420
1421
1425
1423
1271
1272
1262
1262
1264
1135
1134
1135
1173
1175
1175
1035
1022
1034
1034
1031
1420
1420
1421
1422
1534
1268
1262
1265
1235
1232
1134
1135
1063
1089
1035
1022
1033
1042
1032
1526
1526
1524
1534
1536
1310
1309
1265
1233
1235
1236
1236
1079
1080
1079
1100
1088
1089
1089
1036
1058
1055
1043
1526
1523
1525
1524
1520
1537
1537
1310
1310
1312
1312
1229
1229
1228
1236
1082
1081
1084
1088
1062
1088
1062
1090
1058
1059
1058
1054
1053
1017
1521
1523
1523
1519
1537
1311
1312
1215
1229
1229
1082
1102
1082
1083
1085
1090
1087
1062
1059
1059
1054
1227
217
639
615
616
614
613
614
611
657
657
659
674
677
217
218
219
218
219
219
364
364
364
367
369
370
368
614
614
607
607
665
667
659
680
680
680
678
226
216
219
364
354
367
374
370
639
639
612
608
620
607
608
667
667
680
679
216
215
214
215
204
360
374
377
375
376
644
644
653
648
648
623
667
690
702
703
704
703
704
704
245
216
209
203
204
203
206
360
359
396
323
375
377
644
644
653
648
688
702
703
705
706
247
247
246
208
207
327
322
323
323
308
323
307
308
805
647
801
623
793
747
689
701
699
247
292
291
246
294
295
277
207
327
342
335
336
807
807
802
791
802
794
794
749
749
292
291
292
294
295
287
277
286
326
317
342
336
346
804
807
807
791
792
794
752
747
749
748
748
290
290
293
294
293
287
260
340
345
342
341
351
1513
1513
790
792
752
752
752
755
755
754
273
284
258
260
345
345
344
351
1511
1490
1490
790
789
789
752
1242
755
1242
756
1139
754
756
1156
1155
1155
259
1163
259
1210
1211
1211
1211
1200
351
1511
1490
1497
790
1244
1241
1140
1156
1155
1150
1150
1162
1211
1211
1209
1199
1427
1489
1493
1494
1493
1493
1501
1500
1500
1245
1243
1244
1245
1245
1141
1154
1141
1163
1149
1163
1161
1208
1208
1195
1196
1428
1428
1494
1493
1498
1498
1500
1245
1247
1140
1141
1151
1114
1149
1161
1164
1166
1183
1190
1197
1196
1488
1488
1484
1499
1276
1263
1274
1282
1125
1133
1174
1183
1197
1189
1197
1197
1488
1487
1487
1484
1488
1484
1482
1301
1263
1263
1263
1264
1266
1282
1281
1282
1124
1116
1115
1116
1116
1173
1182
1192
1182
1031
1486
1488
1484
1482
1301
1304
1267
1267
1266
1265
1280
1280
1080
1116
1063
1065
1035
1037
1041
1043
1044
1486
1486
1477
1520
1518
1309
1309
1267
1235
1236
1080
1078
1080
1079
1063
1064
1065
1060
1056
1037
1037
1036
1043
1043
1525
1522
1518
1520
1520
1311
1310
1295
1235
1084
1084
1061
1084
1061
1056
1057
1055
1055
1055
1043
1521
1523
1522
1519
1519
1311
1311
1306
1312
1295
1293
1228
1082
1084
1083
1062
1057
1056
1057
1059
1054
1054
1053
1519
610
221
613
613
611
610
658
658
656
656
674
674
226
226
226
226
222
363
363
354
366
366
366
639
613
639
612
606
657
661
660
661
661
660
679
224
216
220
214
361
363
354
375
367
369
641
640
635
608
607
608
690
661
660
676
675
676
224
215
213
361
360
360
375
377
645
635
631
688
702
702
696
704
209
208
206
359
374
322
377
377
645
645
648
648
623
631
688
689
705
705
245
209
208
207
207
308
643
803
646
803
631
782
687
699
300
300
300
277
281
321
321
336
322
334
805
805
803
803
802
782
782
783
784
749
748
300
279
287
280
340
335
334
336
805
806
802
783
784
748
753
753
299
299
294
297
279
287
289
289
286
340
332
328
334
336
328
804
1511
1514
785
783
751
750
754
754
753
296
297
297
284
288
260
345
329
341
1512
1513
1514
787
787
751
1139
1147
1150
259
260
344
1200
344
1201
1511
1492
1507
1507
1507
1242
1242
1138
1139
1137
1147
1146
1147
1163
1162
1211
1209
1209
1200
1201
1199
1473
1474
1492
1492
1501
1502
1239
1240
1138
1136
1147
1149
1166
1162
1209
1208
1196
1196
1475
1475
1475
1501
1466
1500
1276
1275
1275
1274
1141
1120
1119
1145
1164
1166
1165
1198
1198
1195
1198
1195
1471
1475
1466
1499
1276
1276
1275
1275
1281
1111
1115
1114
1179
1183
1183
1198
1193
1485
1488
1483
1483
1467
1302
1301
1302
1279
1286
1281
1286
1281
1115
1121
1112
1116
1113
1179
1182
1184
1184
1192
1045
1192
1046
1486
1486
1477
1467
1302
1304
1267
1266
1288
1280
1078
1116
1064
1112
1036
1037
1041
1046
1045
1477
1516
1480
1478
1303
1303
1304
1305
1305
1296
1288
1079
1074
1064
1064
1065
1060
1042
1050
1043
1044
1523
1523
1518
1517
1308
1305
1298
1298
1289
1289
1077
1081
1084
1061
1057
1052
1050
1049
1048
1515
1516
1516
1308
1306
1308
1294
1295
1295
1295
1295
1293
1081
1076
1061
1069
1069
1052
1051
1049
1048
1076
656
637
610
225
225
226
225
221
221
355
362
353
355
354
366
366
639
606
611
658
691
675
676
676
225
223
362
363
355
357
373
373
641
640
606
635
690
691
696
696
695
224
212
361
358
357
372
641
642
641
642
633
690
693
689
696
695
209
212
206
372
373
643
645
647
633
633
688
689
698
695
210
212
206
205
321
339
322
337
796
643
646
632
687
687
682
682
699
301
281
282
282
338
338
796
797
800
800
782
686
784
683
683
683
699
300
301
279
281
280
328
336
797
800
783
784
786
745
301
298
283
287
288
329
795
798
787
787
751
744
745
298
283
289
288
332
329
329
1509
1512
1506
1507
1505
1239
1237
750
296
296
1146
283
284
1171
288
1204
330
1512
1512
1514
1506
1505
1239
1239
1137
1138
1147
1146
1168
1169
1169
1202
1200
1201
1473
1471
1502
1238
1240
1138
1137
1147
1145
1167
1166
1172
1204
1203
1472
1475
1474
1474
1465
1464
1501
1502
1466
1277
1136
1136
1119
1143
1167
1165
1172
1204
1194
1472
1472
1465
1466
1469
1278
1279
1285
1120
1285
1120
1121
1119
1165
1185
1165
1194
1193
1194
1483
1483
1468
1469
1286
1283
1283
1122
1113
1113
1179
1180
1184
1185
1193
1046
1480
1478
1302
1296
1286
1288
1283
1111
1113
1064
1067
1184
1040
1046
1481
1481
1478
1307
1304
1297
1297
1298
1287
1289
1074
1073
1068
1036
1040
1041
1039
1044
1516
1305
1308
1298
1296
1288
1077
1077
1073
1075
1071
1071
1050
1051
1051
1047
1515
1517
1517
1308
1294
1289
1077
1077
1075
1071
1070
1051
1047
1049
1049
1294
637
611
658
675
355
371
638
675
362
358
635
634
691
692
361
692
694
210
212
372
372
642
800
692
210
205
205
339
632
698
210
338
337
796
800
686
683
301
289
278
282
328
799
785
786
786
682
745
302
298
280
332
333
1509
798
1505
786
746
285
1510
1506
746
285
1203
330
1510
1504
1504
1238
1144
1142
1168
1169
1474
1503
1503
1504
1238
1279
1136
1144
1172
1172
1472
1119
1143
1119
1118
1166
1172
1170
1203
1465
1279
1285
1122
1185
1194
1465
1278
1278
1121
1118
1180
1185
1481
1468
1300
1121
1112
1067
1181
1040
1481
1481
1303
1297
1287
1074
1067
1068
1040
1039
1481
1297
1291
1073
1071
1052
1517
1291
1070
1047
638
220
353
356
224
633
636
692
357
301
278
281
797
799
681
686
330
744
330
1202
1506
1204
1464
1470
1238
1144
1169
1284
1167
1468
1193
1181
1476
1286
1067
1068
1070
1039
1299
1292
221
356
222
356
642
691
373
223
339
681
632
681
282
799
279
285
332
1505
1237
1137
1204
1464
1469
1170
1181
1485
1284
1118
1300
1284
1039
1299
1072
1074
1307
1287
1072
1068
1052
1048
609
353
694
213
358
358
642
210
682
339
799
278
333
797
684
745
699
298
746
1237
1144
1142
1122
1122
1478
1111
1299
1066
1038
1307
1076
1069
609
697
694
220
371
693
695
632
331
795
686
302
333
285
1509
1509
746
1168
1171
1203
1470
1504
1277
1472
1469
1278
1472
1468
1300
1181
1290
1479
1479
1291
1077
1070
609
697
1218
1218
371
634
634
501
1219
686
213
213
331
684
795
684
1510
333
1510
1144
1508
1508
1144
1171
1277
1170
1117
1117
646
1284
1181
1038
1066
1479
1476
1290
1068
1038
1290
1291
640
636
1218
211
365
365
1219
1219
685
211
685
1220
1240
1220
498
302
1292
1454
514
21
1457
1457
28
815
1476
815
12
1457
116
