2080
291
925
925
982
980
264
266
290
388
987
1003
266
280
284
386
388
384
384
933
915
914
263
283
282
360
825
984
988
989
989
272
283
367
820
876
884
883
272
481
277
279
370
366
818
884
880
877
481
482
370
845
874
846
877
476
472
478
477
479
402
407
402
365
859
848
847
907
908
476
479
406
401
841
841
860
860
847
907
458
412
413
419
421
401
842
844
1599
1567
1562
457
1504
1725
1723
1598
1561
1563
1562
1504
1476
1725
1592
1593
1560
1489
1735
1727
1727
1594
1581
1581
1583
1521
1487
1489
1477
1721
1729
1693
1579
1361
1360
1353
1486
1491
1492
1494
1493
1721
1721
1705
1665
1668
1659
1360
1351
1348
1372
1491
1387
1719
1718
1700
1363
1371
1699
1766
1648
1651
1656
1313
1370
1313
1371
1381
1382
1384
1760
1759
1765
1772
1652
1309
1382
1760
1764
1772
1771
1647
1650
1650
1650
1309
1311
1379
1379
1380
1394
934
937
934
936
937
924
925
921
921
920
982
982
1003
1004
1004
267
264
291
291
289
284
287
286
386
385
389
389
937
937
916
917
915
980
921
1005
1003
266
267
261
261
290
288
291
284
386
387
389
389
933
932
932
915
915
983
984
988
987
990
990
260
275
261
263
262
283
282
281
358
360
359
383
384
821
821
825
827
983
985
984
990
990
275
274
273
283
283
279
281
360
359
367
821
820
824
825
825
827
876
875
884
880
879
275
880
274
276
278
370
369
372
368
815
815
876
876
874
884
883
882
878
472
471
472
482
480
481
481
278
407
370
366
367
366
365
814
815
817
853
854
853
873
909
878
475
478
471
478
483
479
411
407
408
403
400
404
400
814
840
841
853
846
846
909
909
908
476
476
478
477
412
412
413
406
405
398
401
844
843
844
859
858
860
848
849
847
907
909
459
460
458
456
458
456
412
421
420
419
398
398
399
401
843
842
860
847
1567
905
1566
1563
1563
1568
1503
455
418
419
419
421
421
1467
399
399
1473
1736
1736
1723
1598
1598
1598
1593
1596
1604
1566
1567
1565
1561
1562
1505
1505
1504
1504
1506
1518
1466
1518
1513
1467
1466
1474
1471
1737
1737
1724
1725
1596
1593
1592
1561
1580
1582
1583
1507
1508
1509
1520
1520
1522
1488
1521
1475
1475
1477
1476
1735
1725
1734
1726
1595
1594
1579
1577
1581
1583
1509
1519
1521
1521
1488
1489
1489
1490
1477
1477
1734
1693
1727
1705
1579
1579
1666
1581
1660
1583
1659
1509
1355
1348
1487
1486
1494
1491
1493
1720
1718
1721
1703
1703
1704
1705
1705
1700
1666
1667
1659
1361
1363
1352
1348
1368
1492
1719
1721
1721
1699
1698
1701
1648
1665
1667
1658
1659
1364
1364
1364
1350
1351
1349
1370
1371
1371
1381
1387
1386
1715
1716
1716
1716
1699
1774
1774
1648
1646
1667
1656
1658
1657
1364
1364
1362
1312
1313
1369
1384
1383
1761
1760
1766
1766
1765
1773
1648
1651
1651
1651
1656
1308
1309
1315
1314
1315
1370
1379
1378
1384
1383
1761
1762
1764
1766
1763
1772
1773
1772
1644
1643
1652
1649
1309
1311
1315
1380
1378
1382
1394
1396
1395
1395
1760
925
287
935
934
923
923
920
921
982
1006
1006
995
1004
996
265
265
289
288
287
284
386
389
389
375
934
930
931
936
916
917
912
979
919
980
976
980
977
1001
1005
266
265
261
319
289
287
285
379
387
375
373
932
931
911
911
914
986
986
988
1001
269
269
268
269
271
273
270
263
318
280
293
357
384
382
822
932
822
931
822
910
986
988
989
269
275
273
263
282
362
360
358
363
381
382
823
823
826
827
827
827
871
870
870
881
880
886
473
486
485
276
277
278
278
363
372
367
813
818
876
871
869
874
882
881
878
474
480
484
409
403
372
368
812
812
853
874
904
902
473
472
484
411
483
411
409
409
405
815
839
837
817
856
855
854
849
852
845
852
460
462
470
479
484
470
410
408
403
415
405
393
404
396
844
841
837
855
850
851
852
851
906
906
906
460
462
459
458
456
469
468
417
416
415
393
395
835
1599
857
1605
1567
905
1569
1569
457
456
1506
467
417
1467
392
1470
1731
1730
1723
1597
1605
1605
1604
1565
1569
1571
1506
1505
1517
1517
1516
1511
1514
1514
1473
1467
1473
1737
1737
1731
1722
1595
1597
1593
1564
1560
1571
1507
1510
1517
1518
1522
1513
1469
1475
1470
1471
1735
1733
1732
1728
1729
1729
1727
1621
1621
1617
1577
1586
1582
1508
1520
1524
1526
1487
1481
1480
1474
1485
1735
1710
1702
1704
1576
1577
1669
1660
1509
1355
1353
1354
1348
1481
1494
1493
1720
1703
1704
1617
1666
1672
1670
1669
1662
1359
1355
1354
1347
1368
1491
1367
1494
1715
1712
1711
1714
1690
1699
1701
1701
1646
1666
1667
1668
1658
1359
1662
1356
1361
1350
1349
1372
1367
1387
1388
1712
1715
1716
1717
1778
1777
1778
1646
1646
1642
1658
1655
1364
1357
1307
1313
1370
1366
1386
1385
1386
1755
1757
1778
1773
1644
1642
1654
1327
1327
1310
1314
1301
1307
1303
1374
1377
1384
1761
1761
1762
1756
1757
1769
1763
1763
1763
1773
1776
1776
1644
1643
1650
1654
1326
1326
1311
1311
1300
1315
1303
1302
1379
1378
1377
1389
1396
1315
1376
1378
922
923
286
935
939
940
941
923
918
919
919
981
1000
999
1000
996
998
998
312
315
314
295
285
378
378
380
377
378
375
375
927
941
919
913
978
977
1002
1001
993
995
992
997
309
319
294
380
378
374
927
926
930
929
913
912
913
975
977
975
993
271
270
323
319
319
293
293
357
302
358
380
379
374
927
928
781
911
781
911
976
975
985
886
885
271
271
324
316
300
301
302
362
361
374
381
822
826
780
871
870
887
886
886
492
322
501
303
303
362
363
363
354
813
819
819
871
872
870
888
882
492
492
486
485
501
496
430
430
409
364
372
371
371
813
838
816
819
817
817
872
862
868
903
903
888
494
474
496
484
391
435
434
397
838
836
839
837
850
864
904
904
902
461
901
462
469
470
468
411
416
391
390
393
397
397
836
837
834
855
856
850
852
904
895
902
902
461
462
470
468
416
414
393
394
395
835
831
835
858
835
1607
1606
1565
1575
1568
1570
465
466
465
463
1516
1512
414
1468
1465
1463
1463
1730
1731
1723
1602
1607
1565
1574
1575
1571
1571
1495
1496
1515
1516
1512
1511
1468
1464
1465
1468
1471
1732
1732
1729
1597
1623
1584
1587
1572
1507
1497
1498
1498
1520
1512
1526
1512
1479
1469
1469
1472
1472
1732
1733
1620
1624
1577
1585
1585
1584
1507
1587
1498
1586
1510
1498
1524
1525
1525
1478
1478
1483
1484
1706
1728
1696
1703
1621
1616
1617
1585
1587
1358
1523
1355
1526
1481
1480
1484
1485
1711
1711
1695
1707
1690
1692
1617
1671
1670
1664
1661
1663
1359
1355
1352
1347
1347
1481
1367
1388
1388
1713
1710
1715
1691
1695
1690
1690
1783
1672
1672
1672
1664
1663
1357
1358
1345
1368
1365
1420
1717
1691
1786
1778
1777
1784
1645
1655
1662
1655
1336
1356
1305
1305
1306
1374
1366
1386
1802
1758
1757
1770
1775
1784
1776
1642
1654
1653
1327
1327
1324
1304
1305
1306
1373
1306
1391
1392
1756
1755
1757
1770
1769
1779
1644
1636
1641
1654
1325
1325
1325
1301
1300
1301
1303
1303
1376
1375
1376
1389
1390
1396
1776
1389
939
938
938
940
950
918
953
978
1022
1000
994
997
996
991
998
313
315
315
299
295
295
336
335
336
376
939
939
913
947
952
947
977
999
1000
994
993
993
992
998
309
311
315
314
318
294
336
328
376
927
929
929
949
946
976
1016
1019
1001
1002
308
309
317
317
323
317
301
301
292
339
325
374
373
787
786
928
929
948
1015
1017
1010
323
324
316
320
301
302
342
330
330
787
785
781
782
781
795
868
1015
1017
1017
887
887
892
324
324
322
500
502
300
431
302
362
364
353
354
355
782
784
782
785
783
783
867
868
866
900
888
890
488
502
492
495
499
431
430
433
432
437
437
355
355
838
803
782
862
793
864
863
900
899
493
494
493
491
497
496
496
427
430
436
435
437
397
838
834
855
863
864
895
899
493
468
427
426
435
391
396
830
831
835
832
862
861
896
895
893
898
517
465
465
464
464
417
435
414
391
394
395
831
829
835
857
1603
1606
896
894
894
894
519
466
463
464
464
1548
1539
414
1437
449
448
447
1462
1751
1753
1752
1603
1601
1601
1606
1575
1575
1574
1558
1497
1496
1496
1516
1542
1541
1541
1434
1436
1463
1463
1748
1747
1747
1602
1623
1624
1624
1589
1591
1572
1501
1495
1496
1542
1436
1437
1436
1433
1464
1464
1443
1748
1746
1747
1738
1621
1622
1622
1624
1623
1618
1591
1587
1502
1499
1500
1524
1526
1479
1482
1483
1445
1444
1483
1707
1697
1706
1696
1619
1618
1590
1590
1590
1680
1680
1678
1679
1499
1355
1524
1525
1478
1478
1414
1482
1483
1445
1707
1696
1692
1688
1677
1678
1359
1339
1345
1337
1343
1347
1346
1414
1413
1418
1417
1418
1708
1713
1694
1695
1816
1783
1810
1671
1674
1664
1664
1677
1338
1337
1338
1344
1345
1345
1346
1365
1420
1418
1419
1801
1713
1801
1770
1785
1784
1784
1639
1639
1662
1338
1336
1317
1316
1306
1374
1366
1404
1420
1392
1420
1802
1802
1768
1786
1780
1782
1782
1636
1641
1625
1628
1331
1330
1330
1305
1316
1374
1392
1391
1392
1802
1790
1758
1768
1768
1780
1779
1781
1641
1636
1626
1626
1325
1324
1321
1302
1375
1376
1389
1390
1767
951
327
967
966
951
950
951
955
1033
1035
1033
1039
1039
1039
1037
1038
1029
991
1030
312
313
298
340
338
335
336
334
334
328
964
967
971
952
953
954
1022
1021
1039
1009
310
311
311
311
298
297
299
340
333
325
328
965
963
963
949
947
947
1022
1015
1020
1020
1020
1010
309
321
321
297
306
292
348
329
330
964
788
962
788
789
795
949
948
949
1015
1017
1018
1019
1012
1010
1010
1007
321
307
307
345
346
342
353
786
787
786
788
794
795
866
892
892
488
502
305
499
305
341
344
342
354
353
785
793
795
868
865
866
889
890
891
487
488
502
502
502
425
432
423
433
343
436
803
802
801
792
900
889
890
490
490
494
497
498
427
424
429
429
423
437
445
445
355
803
802
793
809
862
536
864
900
897
897
494
511
518
504
504
428
429
453
454
447
442
444
443
831
805
833
833
833
895
898
519
510
508
427
508
507
449
449
448
443
443
830
1753
832
541
1600
587
1606
893
519
519
510
1548
508
1547
1540
1540
447
1431
1754
1754
1752
1603
1600
1611
1611
1573
1573
519
1557
1550
1548
1549
1541
1539
1435
1435
1436
1435
1465
1431
1751
1749
1754
1747
1741
1602
1614
1614
1610
1611
1609
1589
1591
1558
1558
1502
1548
1542
1542
1434
1430
1443
1748
1748
1738
1615
1615
1609
1591
1680
1501
1499
1499
1554
1542
1433
1433
1433
1442
1443
1445
1445
1707
1742
1619
1619
1618
1682
1682
1680
1679
1500
1333
1333
1554
1422
1432
1444
1441
1709
1709
1697
1697
1744
1810
1613
1809
1688
1687
1674
1678
1678
1343
1342
1422
1414
1416
1416
1418
1709
1796
1796
1695
1815
1816
1806
1807
1810
1808
1809
1689
1689
1673
1339
1335
1337
1342
1343
1414
1415
1416
1417
1796
1800
1802
1815
1816
1812
1808
1689
1640
1638
1627
1338
1329
1317
1335
1319
1406
1409
1403
1419
1799
1802
1790
1793
1785
1781
1635
1640
1639
1638
1634
1628
1625
1330
1318
1407
1405
1406
1404
1404
1799
1789
1790
1788
1790
1794
1768
1794
1780
1780
1781
1635
1634
1626
1626
1331
1329
1331
1320
1323
1322
1407
1407
1399
1397
1398
1402
1321
966
967
970
952
951
956
955
957
1033
1035
1032
1039
1029
1030
231
232
232
298
338
337
338
333
334
334
328
327
84
965
965
970
952
955
955
1034
1022
1034
1036
1039
1038
1029
234
296
298
297
337
338
325
326
332
965
963
963
959
944
945
945
1011
1013
1013
1008
1009
310
234
248
297
306
348
339
325
332
331
798
961
789
942
943
943
1016
1014
1013
1007
1007
1007
247
320
307
304
248
346
348
348
342
330
332
784
790
791
791
790
533
942
561
1018
561
580
1011
892
1012
891
488
500
246
305
305
346
344
349
349
356
797
788
800
791
793
533
581
581
581
568
891
490
489
498
258
425
425
425
344
344
350
356
352
801
801
801
531
539
866
537
583
571
570
506
490
498
497
424
422
423
439
438
445
803
804
805
807
809
538
537
586
571
571
512
511
503
503
503
429
454
453
454
445
441
804
829
543
538
541
536
588
586
588
585
513
518
512
509
508
428
450
452
453
452
829
1754
543
542
543
1875
540
1874
587
588
588
519
516
516
515
513
510
510
1550
1527
449
1461
442
1750
1941
1754
1741
1603
1872
1611
590
1573
1559
1559
516
1557
1550
1528
1431
1460
1750
1754
1749
1944
1741
1614
1872
1873
1608
1854
1559
1556
1559
1549
1550
1537
1538
1538
1537
1538
1453
1430
1443
1440
1440
1739
1743
1744
1615
1609
1609
1684
1555
1552
1552
1554
1535
1538
1453
1440
1441
1739
1739
1745
1742
1744
1615
1612
1613
1684
1683
1681
1684
1551
1553
1423
1452
1426
1439
1708
1709
1744
1806
1612
1682
1676
1332
1333
1333
1341
1343
1421
1422
1425
1429
1795
1796
1819
1819
1805
1818
1806
1810
1689
1686
1689
1686
1674
1674
1334
1335
1341
1340
1424
1422
1416
1411
1429
1428
1798
1797
1797
1797
1818
1817
1817
1812
1808
1689
1637
1630
1627
1144
1335
1323
1406
1412
1412
1410
1410
1404
1409
1800
1797
1792
1791
1811
1807
1638
1633
1638
1630
1328
1329
1144
1319
1323
1319
1408
1405
1400
1401
1401
1403
1788
1787
1793
1794
1794
1814
1781
1813
1635
1634
1634
1632
1320
1329
1331
1323
1322
1407
1408
1399
1402
1398
1813
971
1026
968
972
971
957
957
957
1032
1031
1037
1026
1030
1030
231
231
232
76
73
74
74
88
88
83
84
968
972
974
973
973
956
944
1034
1032
1036
1028
1027
233
232
75
249
76
79
326
87
82
82
83
960
961
961
959
974
564
1014
1013
1024
1008
234
234
248
250
75
249
80
79
80
95
332
94
961
958
959
959
943
528
943
560
552
552
256
256
255
75
80
347
798
798
791
532
563
562
561
560
569
573
573
259
259
259
244
245
345
349
350
352
351
797
796
799
799
528
533
533
580
583
584
569
582
569
570
257
259
246
245
246
423
26
343
351
800
797
531
549
535
535
584
571
568
131
161
161
422
25
454
438
806
806
807
808
538
538
539
537
586
590
512
505
506
131
160
450
451
438
439
440
440
441
806
805
806
548
541
537
586
591
592
513
505
503
147
147
451
451
440
440
1923
1921
1922
543
1882
1882
1874
541
1875
592
589
592
590
513
516
509
1544
146
1529
1528
1456
1457
1455
1461
1461
1942
1923
1943
1921
1884
1883
1884
1881
1872
1873
1871
1854
1854
1044
514
1556
1544
1529
1543
1527
1449
1457
1457
1457
1460
1460
1942
1941
1884
1883
1870
1868
1854
1556
1544
1546
1528
1546
1449
1450
1940
1944
1940
1944
1743
1878
1872
1869
1855
1853
1853
1556
1552
1053
1545
1546
1536
1536
1536
1453
1448
1453
1453
1440
1939
1940
1938
1743
1938
1803
1613
1869
1868
1684
1054
1552
1154
1554
1535
1156
1452
1438
1439
1438
1934
1939
1745
1804
1804
2052
1803
2053
1687
2058
2057
1682
1676
1166
1166
1164
1153
1423
1426
1427
1429
1429
1934
1819
1819
1817
1806
1804
2059
1685
1686
1686
1675
1675
1676
1165
1166
1164
1341
1162
1424
1424
1425
1429
2007
1798
1812
1812
1640
1630
1675
1629
1143
1144
1341
1319
1412
1412
1412
1411
1401
2012
2014
1792
1788
1791
2063
2065
1630
1631
1144
1151
1148
1195
1195
1412
1401
1191
1788
2014
1793
1792
1814
1813
1813
1965
2064
2064
1632
1632
1152
1152
1152
1152
1318
1147
1147
1197
1400
1193
1400
1191
2011
2064
1397
1028
230
969
969
973
680
671
671
672
1032
673
1025
1028
1026
1028
229
227
228
67
68
70
85
88
86
88
84
968
968
973
680
670
671
672
1026
1024
1023
1024
1024
237
228
238
228
76
249
73
87
88
960
972
679
667
667
553
552
555
555
240
238
238
247
250
76
80
77
78
79
92
95
93
737
744
744
565
565
564
557
553
552
554
572
240
256
256
257
249
244
31
78
91
92
92
92
94
798
743
745
529
529
562
563
561
557
556
557
573
573
258
253
254
31
31
349
352
21
738
797
746
534
535
534
584
577
579
574
575
574
257
133
254
244
159
28
29
27
26
19
352
810
811
530
531
520
535
520
526
584
577
575
130
131
159
159
159
25
158
26
26
438
20
810
810
811
549
548
549
546
546
583
596
144
144
160
161
147
24
55
810
808
551
550
545
544
547
597
597
145
145
144
147
160
148
152
53
53
1921
1924
1882
1881
545
544
547
592
591
590
598
598
514
142
149
1530
1532
1531
1449
1455
1456
1461
1921
1924
1884
1881
1871
1857
1859
1858
1046
1045
1544
1530
1533
1534
1447
1454
1459
1942
1943
1876
1877
1871
1871
1856
1855
1859
1047
1047
1045
1045
1040
1545
1533
1534
1449
1446
1446
1459
1451
1459
1947
1944
1949
1879
1948
1878
1878
1869
1852
1853
1055
1055
1053
1153
1546
1288
1453
1451
1450
1940
1937
1878
2052
2053
2054
1853
2019
2019
1055
1055
1155
1155
1155
1287
1284
1426
1284
1439
1283
1933
1934
1933
1934
1938
2003
2051
2052
2057
2057
2020
2020
1166
1049
1169
1163
1160
1162
1156
1423
1171
1171
1170
1185
1184
2006
2007
2005
2004
2052
2057
2061
2076
1137
1168
1164
1164
1173
1173
1429
1180
1428
2007
2007
2005
2005
1958
2059
2060
2060
2059
2058
2078
2076
1140
1140
1150
1162
1161
1126
1173
1172
1193
1180
2012
2013
2014
2013
1959
1963
1963
1963
1962
2059
2069
2069
2070
1142
1143
1141
1150
1149
1147
1148
1194
1193
1193
1190
2011
2011
1960
1960
1960
1963
1965
1965
2064
2063
2066
1632
2068
1631
2070
1142
1141
1151
1145
1147
1146
1196
1197
1197
1192
1196
1192
1192
1191
1192
1191
230
85
721
720
681
675
681
671
672
672
705
713
712
712
229
227
68
68
65
71
69
72
70
86
85
104
81
681
681
679
667
668
669
705
711
710
713
238
236
236
200
67
72
66
72
72
96
82
96
721
720
678
680
679
667
669
711
554
240
239
237
239
235
243
236
243
66
72
90
93
96
737
746
739
744
741
566
565
567
669
557
554
240
241
253
78
77
30
31
90
91
94
738
738
745
746
744
746
529
566
567
558
579
574
251
252
252
253
254
254
31
30
22
23
23
738
736
531
761
742
521
525
526
525
576
578
578
579
574
596
133
157
157
29
28
17
18
21
18
20
758
758
523
524
523
526
576
576
594
595
596
132
131
132
135
161
157
155
25
16
19
54
54
756
756
551
551
526
546
527
593
594
600
139
144
141
155
151
150
150
153
25
52
53
55
50
755
760
551
546
593
604
598
597
599
143
143
141
148
148
153
151
153
152
52
53
51
50
1922
1918
1928
550
545
608
599
600
143
142
149
1531
1455
1455
1294
1458
1919
1919
1919
1917
1929
1929
1880
1870
1864
1857
1856
1857
1859
1046
1044
1068
1069
1530
1534
1532
1534
1447
1299
1296
1459
1919
1946
1946
1920
1949
1948
1881
1877
1866
1867
1859
1858
1046
1041
1069
1071
1063
1533
1292
1292
1299
1297
1295
1946
1947
1948
1876
1840
1877
1867
1866
1861
1047
1052
1053
1040
1062
1155
1063
1157
1262
1288
1299
1298
1284
1298
1945
1936
1935
1949
1938
1879
1840
2054
2054
2030
2019
1049
1048
1051
1054
1051
1053
1154
1167
1160
1158
1290
1284
1935
1936
2002
2049
2003
2050
2049
2053
2050
2019
2029
1050
1049
1169
1169
1160
1159
1160
1160
1171
1171
1185
1185
1185
1184
2006
2005
2004
1953
2048
2048
2055
2062
2056
2077
2075
1138
1138
1169
1163
1162
1175
1172
1184
1178
1179
2009
2008
2008
2000
2004
1959
1952
2047
2062
2061
2079
2079
2071
2076
1138
1137
1150
1126
1177
1177
1181
1180
1180
2008
2008
2000
1998
1958
1959
1959
1955
2065
2068
2078
2070
1139
1140
1150
1146
1125
1195
1176
1187
1186
1186
2011
2010
2014
1999
1960
1961
1965
1955
2066
2067
2069
2070
1142
1140
1146
1146
1197
1145
1201
1200
1195
1186
1186
716
716
677
719
675
673
703
705
714
714
230
209
202
66
65
69
86
103
102
721
720
720
676
675
668
702
704
704
713
714
714
236
200
199
119
71
72
96
104
102
722
741
679
666
668
692
692
693
696
711
242
242
226
225
118
118
89
90
104
107
731
741
559
697
554
242
242
222
223
224
1
1
7
90
23
5
23
99
732
735
736
741
742
566
567
559
559
618
241
221
222
224
224
31
1
0
5
6
22
736
735
521
521
524
524
558
579
623
251
622
132
136
137
135
156
27
34
21
757
757
761
761
522
523
527
576
643
623
594
596
132
136
136
134
135
154
155
157
17
17
61
54
758
758
760
761
522
523
638
593
594
139
138
155
153
167
16
153
63
49
61
54
756
756
760
759
637
638
639
607
608
609
611
140
141
153
60
61
50
50
1918
1918
1918
1927
1927
1842
608
608
604
604
1066
141
1071
148
1263
1294
1293
49
1294
51
1917
1927
1930
1930
1842
1864
1863
1863
1042
1067
1067
1069
1070
1260
1291
1292
1296
1920
1931
1929
1931
1840
1843
1865
1867
1860
1860
1043
1041
1068
1070
1063
1261
1262
1292
1299
1299
1296
1946
1949
1887
1840
1839
1867
1866
1043
1043
1050
1041
1059
1063
1061
1157
1262
1262
1289
1299
1295
1900
1899
1886
1836
2029
1051
1051
1056
1062
1057
1060
1287
1286
1290
1286
1897
1886
2049
1967
2050
2048
2030
2056
2029
1168
1167
1135
1159
1158
1160
1175
1290
1182
1285
1286
2009
2001
2001
2002
1953
2048
2062
2077
2077
1049
1133
1167
1135
1126
1174
1182
1183
1182
1178
1997
2000
2000
1953
1952
1953
2062
2055
2079
2073
2079
2076
1133
1118
1118
1127
1128
1128
1128
1177
1177
1181
1179
1999
1996
1999
1998
1993
1951
1961
1951
1951
1954
2072
2072
2074
2074
2074
1120
1119
1114
1127
1121
1128
1124
1126
1200
1199
1198
1189
1188
1188
1995
1995
1996
1993
1964
1955
1955
2068
2068
2074
1120
1120
1120
1114
1122
1122
1122
1201
1198
1187
1189
2034
210
715
717
716
677
677
677
675
656
702
701
700
707
209
210
202
201
202
201
115
115
115
100
101
104
102
718
676
674
653
703
693
703
704
708
706
707
210
200
202
116
116
100
106
103
722
722
719
652
740
652
652
661
692
711
706
196
200
214
226
117
118
105
107
106
108
732
732
731
739
740
660
692
661
697
697
694
695
695
694
219
226
219
226
225
223
13
118
14
4
7
106
107
734
734
733
772
641
697
696
617
617
220
220
221
222
1
2
7
7
6
34
5
5
39
750
772
771
524
642
624
624
623
622
137
136
178
222
190
135
169
2
3
35
34
33
750
749
762
770
768
770
642
623
621
180
181
181
194
192
167
166
167
2
17
64
32
33
748
762
759
638
638
644
602
643
602
609
609
139
181
194
194
193
166
172
63
64
64
61
48
1928
1925
607
640
601
604
610
612
609
612
139
177
173
172
172
64
59
49
1926
1930
1848
639
606
606
606
1862
610
1863
611
1089
612
612
1066
1064
1067
170
1260
171
1264
1264
1264
1270
1268
49
1926
1927
1843
605
1864
1863
1089
1067
1065
1065
1070
1259
1263
1266
1265
1293
1932
1932
1931
1931
1908
1843
1842
1838
1837
1837
1864
1862
1823
1865
1089
1042
1088
1260
1070
1258
1261
1265
1270
1276
1268
1900
1899
1899
1912
1841
1841
1836
1821
1861
1089
1043
1058
1059
1061
1061
1061
1240
1240
1289
1277
1275
1896
1899
1888
1886
1821
2028
2028
2015
1078
1058
1250
1290
1277
1286
1276
1280
1898
1897
1895
1898
1898
1888
1886
1969
2023
2027
2028
2028
2026
2029
1078
1079
1078
1087
1083
1056
1135
1250
1250
1290
1249
1183
1895
1897
1888
1972
1968
1966
2024
2026
2025
2025
1077
1076
1108
1136
1136
1135
1215
1175
1182
1218
1219
1997
1987
1973
1972
1971
1979
2072
2025
2071
1117
1107
1134
1118
1133
1124
1131
1123
1215
1216
1214
1175
1216
1232
1220
1990
1997
1991
1950
1971
1956
1979
2033
2073
1114
1116
1124
1114
1124
1199
1212
1232
1234
1234
1231
1995
1995
1992
1992
1951
1957
1956
1957
2032
2031
2033
2034
1119
1116
1115
1121
1213
1198
1212
1198
1233
1234
1231
1992
654
203
717
718
654
651
656
698
699
699
709
709
209
210
207
197
205
113
115
129
99
98
98
716
718
729
729
650
653
664
699
691
698
701
707
208
198
198
198
114
113
129
105
100
102
726
730
725
740
652
661
691
683
691
682
683
688
195
198
214
114
119
114
106
107
733
779
777
690
697
691
689
689
216
217
218
15
111
15
112
108
734
734
773
772
660
779
659
620
620
618
219
219
218
169
13
38
753
773
774
773
772
769
642
619
178
179
178
169
12
2
3
35
34
38
750
750
768
768
770
646
642
644
641
622
622
180
168
167
11
62
32
32
33
748
748
768
640
647
632
616
614
181
191
194
193
192
168
165
165
62
63
57
46
46
45
45
748
1904
1902
637
639
602
614
616
615
616
194
186
194
170
173
172
56
47
58
1906
1925
1902
640
606
601
1091
1091
1064
170
170
59
1269
59
1267
1905
1908
1851
1849
1850
1829
1830
1090
1091
1093
1095
1093
1095
1257
1266
1266
1266
1270
1270
1268
1268
1906
1912
1911
1910
1839
1837
1822
1833
1103
1103
1094
1065
1258
1260
1265
1237
1275
1278
1916
1911
1887
1839
1912
1839
1822
1823
1822
1833
1100
1083
1094
1094
1060
1242
1239
1240
1277
1278
1277
1276
1915
1915
1887
1838
1820
1821
1821
2018
1078
1079
1087
1059
1057
1240
1250
1280
1279
1895
1896
1889
1889
1885
1969
1969
2017
2018
2015
2015
2016
1077
1076
1073
1087
1087
1086
1246
1250
1250
1247
1290
1219
1280
1219
1986
1895
1972
1967
1969
2023
2026
2026
1108
1077
1134
1133
1132
1132
1217
1217
1225
1221
1221
1987
1991
1987
1988
1972
1978
1979
1979
2024
2044
2045
1130
1107
1132
1131
1209
1215
1218
1229
1229
1220
1996
1991
1971
1982
1980
1981
2044
2043
2033
1107
1110
1118
1115
1215
1212
1210
1233
1232
1230
1994
1990
1993
1956
1957
1980
2031
2032
2031
2033
2031
2035
1113
1109
1213
1203
1203
1212
1210
1234
1231
1115
699
728
654
208
207
207
207
204
203
126
121
121
129
128
98
98
728
651
651
656
665
685
708
709
206
197
122
122
129
128
110
110
727
730
650
662
662
664
682
688
687
196
215
114
123
127
110
726
724
726
725
778
659
683
697
686
688
217
213
13
111
109
724
725
774
779
779
648
620
619
688
182
218
13
163
14
9
36
39
753
753
773
779
649
648
626
627
619
179
10
11
11
36
37
752
752
765
765
770
649
649
648
626
625
626
178
191
190
162
57
45
44
752
765
646
646
636
632
188
189
189
168
175
46
751
766
635
635
613
614
616
187
176
176
175
59
47
46
1904
1901
1851
1848
1849
1830
1831
614
187
187
1093
186
177
1252
171
1269
43
1905
1906
1902
1851
1849
1829
1831
1102
1091
1092
1257
1256
1257
1252
1251
1273
1272
1914
1913
1846
1829
1833
1104
1102
1095
1257
1254
1241
1238
1273
1274
1914
1914
1916
1910
1912
1847
1847
1846
1825
1101
1103
1103
1082
1097
1253
1242
1237
1274
1282
1907
1915
1892
1847
1824
1827
1822
2016
1073
1072
1083
1084
1081
1246
1238
1241
1280
1281
1282
1890
1889
1891
1827
2018
1073
1074
1082
1087
1086
1245
1246
1248
1248
1281
1281
1894
1889
1968
2041
2018
2045
1075
1075
1087
1132
1209
1249
1224
1221
1989
1988
1973
1976
1981
2041
2041
2044
2045
1107
1130
1130
1209
1217
1225
1225
1224
1221
1983
1980
1977
2042
2044
2046
1110
1111
1112
1112
1204
1211
1229
1228
1229
1227
1983
1983
1976
1976
2036
2035
1109
1109
1115
1203
1205
1210
1227
1226
1231
2038
729
657
657
700
126
97
728
709
121
127
730
663
665
684
124
684
687
216
213
112
112
724
763
659
216
213
15
36
779
182
218
36
37
753
766
649
628
183
165
164
9
45
766
635
636
634
626
630
184
189
165
57
41
1904
766
1844
636
630
174
1902
1850
629
174
1271
42
1903
1835
1835
1831
1093
1256
1255
1256
1910
1846
1825
1824
1829
1833
1104
1098
1242
1235
1915
1081
1097
1081
1081
1242
1236
1236
1274
1891
2022
2016
1082
1236
1282
1892
1827
2017
1073
1085
1246
1247
1988
1891
2040
1075
1129
1208
1244
1225
1986
1988
1981
2040
1106
1112
1208
1207
1222
1222
1989
2042
2036
1112
1204
1211
1982
2046
1204
1227
728
195
124
126
206
775
658
659
15
183
163
10
754
764
627
647
42
633
43
1271
1851
1273
1910
1913
1828
1098
1254
1101
1254
1826
1282
1244
1894
2021
1209
1207
1204
1222
2038
2035
204
125
205
129
723
665
110
215
8
627
775
627
9
764
189
174
56
1844
1831
1102
1274
1909
1825
1235
1235
1894
2021
1085
2039
1074
1222
2040
1106
1130
1974
2046
1106
1206
1210
1227
655
121
684
214
123
128
724
182
628
8
763
162
40
752
634
632
632
188
630
1831
1097
1096
1101
1074
1890
1084
1977
1207
1223
1977
1111
1203
657
685
687
206
126
665
686
778
40
754
646
183
41
174
1904
1901
630
1256
1252
1272
1903
1835
1099
1908
1827
2022
1907
1891
2039
1244
1975
1985
1985
2036
1109
1205
655
685
1588
1588
120
663
663
185
1970
776
211
211
40
634
764
634
1845
41
1845
1098
1834
1834
1098
1252
1099
1254
1097
1080
185
1101
1244
1243
1202
1984
1984
1975
1207
1223
1974
2042
446
603
1588
212
120
120
1970
1970
776
212
776
1393
1740
1393
747
184
1975
1985
446
767
1578
1832
645
2037
1984
2037
631
1740
631
