2752
546
866
866
876
877
526
529
547
407
991
990
530
428
429
429
404
400
398
814
861
861
541
541
540
427
810
1019
993
998
998
556
557
439
811
1019
1006
1005
551
550
557
448
445
436
761
1016
1006
1009
552
638
448
1012
1014
1013
1009
642
643
644
638
636
441
441
441
432
769
1012
773
950
949
643
636
468
457
747
748
770
773
772
950
626
619
622
621
468
456
748
748
2488
2673
2672
625
1471
2493
2491
2488
2675
2672
2672
1468
1406
2492
2487
2485
2672
1394
2432
2446
2484
2484
2719
2684
2684
1474
1473
1396
1399
2438
2437
2446
2720
1544
1544
1538
1472
1417
1418
1418
1418
2436
2437
2442
2711
2712
2683
1545
1539
1541
1387
1416
1415
2435
2436
2513
1547
1684
2509
2511
2715
2603
2605
1555
1683
1559
1685
1683
1694
1693
2536
2536
2505
2506
2611
1571
1678
2534
2524
2507
2508
2615
2609
2610
2607
1573
1560
1680
1679
1681
1687
793
794
794
788
793
785
866
871
877
871
877
876
938
939
937
526
530
547
545
547
419
422
421
406
407
405
402
794
785
866
869
867
877
869
935
937
528
530
535
532
547
542
546
429
407
397
404
397
791
816
815
809
868
1018
991
992
993
997
990
536
522
536
536
536
558
541
428
424
427
398
399
401
814
815
810
810
1020
1018
993
993
998
522
522
548
557
558
555
425
447
446
439
813
812
811
807
810
808
1015
1020
1006
1008
1001
523
1001
524
555
450
450
446
438
439
735
734
762
1017
1011
1017
1005
1006
1009
640
525
525
552
634
551
550
449
450
445
433
438
436
434
733
731
732
762
760
762
1010
1007
1009
643
641
641
637
616
637
615
442
614
444
434
430
431
734
732
753
769
1013
1014
950
952
951
631
643
626
644
615
616
612
472
433
460
458
749
751
750
770
770
771
763
773
950
949
955
632
633
627
624
627
619
618
620
613
622
461
461
459
457
749
748
770
773
2680
954
2675
2674
2674
2667
1471
619
619
622
622
621
620
1398
461
456
1407
2429
2430
2481
2490
2490
2489
2486
2490
2687
2680
2679
2678
2675
2675
1469
1509
1470
1471
1471
1468
1477
1477
1479
1478
1397
1407
1407
2430
2482
2492
2483
2487
2487
2680
2677
2677
2686
2686
1507
1508
1505
1468
1476
1476
1472
1475
1401
1404
1402
1403
2433
2493
2431
2484
2486
2722
2720
2719
2685
2682
1506
1506
1476
1474
1396
1400
1396
1417
1400
1399
2439
2447
2443
2444
2723
2723
2713
2709
2683
2686
2683
1543
1537
1538
1395
1396
1418
1417
1413
2439
2438
2450
2450
2448
2441
2444
2442
2512
2726
2710
2709
1544
1547
1540
1540
1388
1414
2436
2436
2450
2509
2514
2514
2715
2713
2712
2604
2683
1546
1546
1547
1539
1541
1685
1686
1685
1686
1692
1414
1697
2435
2535
2530
2516
2511
2514
2513
2602
2715
2602
2605
2605
2604
1580
1581
1581
1557
1557
1686
1693
1692
2535
2523
2515
2515
2504
2504
2615
2611
2610
2603
2605
1572
1580
1561
1562
1559
1683
1681
1678
1694
1691
2536
2532
2525
2525
2524
2506
2508
2507
2615
2609
2611
2608
1572
1573
1562
1679
1688
1688
1687
1689
1690
1690
2536
871
423
792
788
787
870
869
879
880
936
939
931
938
934
527
527
543
544
423
423
406
407
404
402
794
790
791
788
803
867
869
862
878
880
880
879
888
935
935
529
532
535
539
542
422
426
420
403
404
390
791
799
803
863
863
863
1023
992
989
518
520
517
519
518
534
533
541
539
424
426
410
400
399
816
798
799
805
798
809
1028
989
998
519
524
534
556
555
411
410
412
415
401
415
812
813
807
808
760
806
1027
1027
1020
1022
1002
1003
525
525
549
557
554
377
450
447
437
439
733
731
761
1015
1021
1016
1021
999
1000
641
638
611
442
444
432
437
737
740
759
1011
947
951
640
641
609
610
610
611
469
443
444
735
736
736
759
752
752
759
767
765
1010
947
633
630
623
638
608
605
614
469
472
470
471
472
458
454
750
747
753
755
766
764
948
764
948
953
954
633
632
630
627
623
624
606
604
469
472
460
451
745
2489
771
2691
2680
955
2667
2670
627
603
1463
602
613
1428
461
1422
2471
2469
2491
2490
2691
2688
2688
2698
2667
2669
1511
1469
1462
1465
1463
1480
1482
1478
1397
1398
1403
2433
2429
2471
2482
2487
2473
2687
2699
2677
2676
1508
1514
1466
1482
1476
1481
1391
1401
1402
1406
2432
2433
2431
2409
2447
2480
2447
2472
2474
2738
2721
2685
2686
1509
1543
1531
1487
1473
1392
1391
1404
1412
2433
2410
2447
2443
2722
2723
2718
2682
1505
1527
1544
1533
1537
1393
1411
1412
2419
2440
2440
2729
2723
2728
2725
2718
2582
1530
1526
1533
1389
1390
1386
1388
1413
2422
2420
2420
2449
2450
2510
2512
2729
2726
2711
2718
2710
2582
1529
2584
1529
1547
1556
1390
1387
1695
1415
1409
2527
2528
2529
2516
2511
2511
2503
2613
2726
2622
2583
2584
1583
1553
1557
1557
1686
1696
1696
1697
1697
2526
2529
2495
2497
2616
2622
2606
1570
1584
1584
1561
1563
1566
1567
1677
1706
1691
2533
2531
2533
2532
2523
2522
2521
2520
2505
2498
2497
2497
2614
2616
2607
2608
1571
1570
1562
1569
1566
1562
1568
1568
1680
1708
1707
1711
1689
1560
1708
1707
786
873
421
792
782
786
783
788
872
874
874
878
942
897
941
931
933
934
582
544
543
353
420
393
396
393
394
395
395
389
781
780
872
864
902
897
887
945
931
932
934
934
592
533
351
409
394
390
790
796
805
804
805
864
864
888
888
888
945
520
533
595
533
586
425
380
409
379
412
409
414
389
797
802
799
800
801
1028
1026
1024
1023
1003
1002
517
522
565
587
555
585
380
412
412
415
415
799
801
705
1031
1025
1022
1000
988
523
548
579
378
377
411
503
418
495
700
740
708
705
1031
1030
969
999
671
673
549
576
578
578
611
576
491
490
504
502
431
738
737
739
740
759
758
758
1031
971
968
968
968
675
635
635
611
444
493
504
430
741
742
740
756
766
958
960
952
953
633
961
676
629
608
606
610
469
462
470
452
453
455
751
745
742
754
767
765
763
959
956
964
964
670
630
604
605
612
465
463
452
455
744
744
744
756
745
2690
2691
2689
2700
2668
2669
630
603
661
603
1462
1494
464
1435
1421
1419
1423
2470
2471
2481
2477
2691
2698
2702
2701
2668
2670
1511
1464
1464
1466
1482
1479
1434
1427
1423
1426
1405
2471
2469
2480
2477
2739
2699
2708
2708
1507
1511
1512
1513
1465
1495
1487
1482
1431
1428
1426
1425
1424
2412
2411
2476
2740
2730
2731
2730
2749
1511
2707
1514
1516
1514
1514
1484
1484
1486
1393
1427
1460
1412
2411
2413
2417
2441
2475
2740
2732
2733
2750
1528
1523
1532
1487
1382
1392
1411
1412
2421
2422
2419
2425
2414
2727
2728
2727
2718
2589
2588
2591
1526
1533
1534
1533
1382
1385
1386
1410
1409
2422
2421
2419
2414
2517
2518
2500
2500
2729
2637
2726
2587
2584
1582
1530
1536
1389
1702
1719
2530
2519
2519
2503
2502
2503
2635
2581
2583
2580
1582
1583
1552
1554
1556
1701
1700
1697
2527
2528
2521
2518
2502
2503
2613
2620
2621
2581
1579
1578
1549
1565
1553
1554
1705
1702
1712
1710
2531
2526
2520
2522
2495
2497
2616
2614
2622
2617
1574
1569
1579
1564
1568
1563
1568
1567
1705
1704
1708
1713
1713
1710
2498
1711
783
782
783
780
828
873
902
901
899
940
928
930
927
931
926
583
584
584
352
351
352
393
361
396
388
775
782
780
833
834
889
899
940
941
942
944
928
925
933
591
589
589
589
587
386
360
391
390
774
774
805
891
890
891
886
887
945
945
592
591
595
585
594
588
385
380
386
365
354
418
390
796
841
796
802
1026
890
1025
978
595
564
586
567
384
380
369
417
418
700
702
840
708
800
704
1029
1030
1024
982
986
981
988
564
565
575
574
577
378
576
379
366
490
502
496
497
702
701
707
702
706
708
705
1031
977
971
970
987
672
559
672
578
576
572
489
492
490
504
503
494
495
699
698
708
705
690
974
973
971
970
672
676
674
676
649
646
647
651
491
493
493
501
499
699
741
754
693
973
959
962
674
646
652
651
492
501
454
713
711
743
697
694
958
960
957
966
961
670
669
662
662
665
651
466
463
462
453
451
710
709
697
755
2452
2697
957
966
965
966
681
662
665
663
664
1497
1496
466
1436
465
464
513
1420
2470
2463
2466
2454
2452
2696
2695
2701
2702
2700
1517
1518
1502
1503
1504
1498
1495
1485
1436
1435
1422
1420
2467
2468
2453
2473
2473
2737
2737
2706
2708
2706
1519
1513
1503
1485
1432
1433
1433
1432
1424
1425
1457
2468
2409
2466
2417
2475
2458
2474
2736
2740
2739
2732
2708
1515
1524
1525
1484
1487
1431
1461
1458
1459
1455
1458
2427
2416
2410
2413
2476
2738
2731
2734
2751
2751
2750
2593
1515
1525
1527
1532
1486
1384
1460
1383
1461
1461
1454
2428
2424
2517
2734
2591
2594
1528
1521
1536
1535
1535
1536
1384
1385
1383
1452
1410
1452
2427
2422
2565
2562
2579
2500
2637
2589
2587
2585
2589
2593
1587
1590
1588
1589
1536
1551
1382
1698
1719
1717
1718
2560
2561
2561
2562
2576
2635
2636
2648
2586
2584
1586
1589
1550
1550
1551
1701
1699
1714
1716
1719
1719
2559
2560
2557
2501
2501
2659
2613
2647
2622
2619
2580
1579
1579
1578
1552
1548
1702
1713
1703
1712
2558
2547
2557
2556
2557
2496
2658
2657
2620
2645
2619
2619
1575
1574
1564
1565
1705
1705
1713
1710
2555
827
388
776
783
827
828
829
894
902
898
893
920
919
918
919
918
928
927
926
582
583
353
349
364
364
362
360
361
388
775
777
778
834
835
902
899
899
922
925
598
599
589
590
581
346
349
359
359
356
391
778
845
834
833
836
891
889
885
885
884
916
943
595
601
590
386
386
385
375
355
418
843
842
844
840
859
859
857
856
883
882
885
982
943
980
978
925
593
568
384
383
372
373
366
367
842
842
841
858
859
856
977
988
988
559
566
569
570
382
365
368
368
498
496
707
692
691
691
977
977
987
983
985
559
672
561
579
578
571
371
484
490
500
501
702
727
688
692
971
970
983
673
667
675
648
648
654
573
653
483
484
493
511
501
494
713
713
694
695
693
974
974
963
963
963
656
667
670
662
647
654
483
481
480
482
514
512
512
710
712
696
697
695
956
962
670
656
665
653
654
663
479
479
482
515
515
712
2464
697
1039
2696
1340
2695
966
680
679
661
1504
665
1498
1497
1437
513
1444
2465
2465
2455
2455
2697
2694
2692
2705
2705
678
1519
1501
1504
1500
1496
1494
1439
1434
1439
1438
1421
1419
2463
2462
2465
2453
2460
2454
2457
2457
2693
2693
2692
2704
2704
1519
1519
1518
1503
1493
1492
1430
1439
1443
2467
2412
2417
2459
2457
2737
2751
2751
1516
1524
1523
1493
1490
1430
1459
1457
1456
1455
1455
1455
2424
2458
2459
2737
2733
2741
2747
2748
2746
1522
1522
1522
1489
1380
1461
1454
1448
2428
2425
2415
2417
2578
2638
2640
2639
2590
2745
2592
2592
2594
1623
1490
1378
1378
1377
1452
1453
2428
2566
2565
2579
2564
2579
2577
2642
2638
2634
2636
2637
2586
2590
1587
1587
1590
1633
1633
1634
1699
1715
1717
2567
2566
2558
2576
2576
2575
2634
2637
2630
2654
2585
1586
1591
1549
1588
1632
1698
1635
1715
1716
2548
2559
2552
2554
2576
2658
2656
2648
2647
2648
2646
2654
2618
1577
1631
1642
1643
1635
1636
1714
2548
2554
2553
2547
2554
2553
2556
2556
2538
2657
2659
2655
2645
2645
2619
1576
1597
1576
1575
1600
1598
1641
1641
1638
1669
1668
1670
1598
819
776
824
831
831
831
831
894
896
921
923
920
907
905
598
598
597
580
344
364
345
363
364
357
358
358
120
843
777
834
837
837
895
893
892
922
917
922
915
909
601
581
348
347
345
362
357
128
120
846
844
845
853
836
881
837
917
916
912
912
911
600
601
599
346
381
374
355
354
416
127
848
848
857
859
855
881
885
913
915
911
979
560
601
566
568
382
381
374
375
373
367
356
112
838
839
839
850
856
855
856
1373
981
1374
1370
982
984
979
984
562
567
570
383
371
370
369
114
113
498
722
838
726
689
690
1059
1369
1368
1367
1358
985
563
563
561
562
569
573
486
372
485
500
497
111
727
727
728
689
976
976
1339
1334
1356
1357
666
667
649
572
571
487
485
511
508
512
727
719
726
717
688
1038
1339
1336
1337
1337
667
687
656
658
645
473
473
477
480
512
507
719
712
1041
1037
1040
1342
1335
1352
1348
1337
684
679
683
658
657
654
474
477
475
481
709
2464
1041
1041
1040
2298
1342
2109
1342
1353
1348
680
681
659
677
682
659
659
1501
1437
479
1899
514
2462
2320
2288
2285
2452
2108
2694
1349
2705
1750
1749
677
1751
1501
1917
1444
1443
2462
2465
2314
2286
2288
2285
2107
2107
2705
2124
1751
1750
1751
1500
1501
1492
1429
1915
1914
1920
1922
1439
1441
1444
1441
2371
2373
2460
2140
2140
2742
2742
1747
1748
1731
1493
1493
1430
1456
1440
1441
2426
2371
2415
2372
2374
2132
2737
2741
2745
2748
2747
2746
1748
1521
1490
1380
1447
1450
2427
2428
2578
2639
2640
2744
2597
1587
1624
1489
1627
1633
1380
1380
1445
1449
2568
2565
2579
2579
2571
2573
2643
2643
2631
2632
2632
2628
2596
2600
1624
1623
1633
1628
1630
1376
1377
1648
1645
1667
2568
2565
2565
2579
2573
2572
2572
2641
2643
2632
2632
2631
2600
1594
1593
1595
1634
1652
1646
1637
1644
1644
1647
2550
2549
2554
2543
2538
2623
2654
2646
2652
2654
1592
1595
1592
1632
1599
1621
1643
1638
1638
1669
1670
1669
2551
2551
2539
2541
2541
2538
2655
2662
2656
2664
2651
2653
1597
1591
1597
1599
1600
1642
1640
1638
1670
1668
2662
823
903
819
824
823
830
1211
895
1213
922
923
904
906
909
598
598
580
344
87
98
104
105
121
118
119
821
826
825
826
826
837
892
896
1208
914
905
909
78
79
347
85
92
95
126
106
128
122
122
847
846
848
853
825
1207
914
913
910
912
82
83
52
84
348
84
95
93
94
128
128
123
848
852
852
853
851
851
882
1375
1371
1278
49
51
51
92
92
115
724
723
853
1060
1063
1375
1375
1371
1372
1362
1358
212
49
176
175
176
370
112
117
113
108
720
723
722
730
850
1058
1058
1375
1366
1367
1364
1371
1355
1358
214
173
176
173
173
487
188
116
114
729
721
1055
1035
1056
1060
1368
1357
1358
214
209
181
486
192
473
507
718
729
717
728
1036
1034
1038
1339
1336
1347
686
687
686
213
194
476
477
509
509
505
508
506
715
719
719
1036
1037
1342
1335
1353
1351
683
687
658
201
201
477
475
506
505
2319
2321
2321
1041
2299
2294
2296
1341
2110
1353
1350
1353
1350
684
678
685
1726
203
1917
1928
1925
1901
1901
1900
1900
2313
2299
2287
2320
2297
2299
2298
2296
2109
2111
2115
2122
2123
1742
682
1751
1736
1917
1729
1916
1920
1901
1925
1898
1895
1901
2314
2312
2288
2297
2111
2110
2123
1737
1732
1733
1917
1734
1919
1911
2382
2314
2382
2288
2288
2285
2108
2140
2141
2143
2149
1743
1747
1738
1732
1734
1915
1914
1923
1921
1922
1921
1912
1441
2383
2381
2383
2371
2374
2132
2132
2132
2142
2743
1748
1731
1730
1730
1914
1923
1922
1446
1449
1448
2384
2385
2373
2374
2570
2131
2643
2131
2745
2146
2146
2745
2597
1863
1748
1626
1881
1629
1379
1446
1447
1445
2385
2367
2570
2572
2642
2162
2627
2629
2629
2628
2599
2596
2597
1863
1862
1625
1626
1625
1629
1654
1379
1645
2340
2567
2573
2625
2626
2624
2600
2600
1594
1595
1627
1630
1650
1646
1651
1647
1667
2337
2339
2543
2549
2543
2665
2624
2653
2649
1595
1610
1620
1622
1649
1637
1667
1675
2550
2333
2543
2544
2546
2541
2541
2662
2664
2663
2650
2650
1611
1610
1610
1611
1622
1609
1621
1640
1640
1674
1676
1676
2333
2664
1676
906
76
818
818
823
1173
1212
1213
1213
1210
1210
904
907
1218
909
75
75
79
77
99
98
105
119
105
105
118
820
821
826
1175
1213
1204
1204
1218
903
1217
912
1221
70
81
82
78
87
85
93
106
121
820
821
1164
1162
1207
1215
1275
1273
1278
71
82
81
82
83
90
95
92
88
95
126
125
124
1160
1150
1151
1163
1206
1206
1270
1274
1274
1275
1276
1277
50
50
49
52
43
189
160
160
159
116
115
124
724
1151
1153
1062
1063
1373
1061
1374
1372
1371
1362
1361
1278
212
240
174
189
189
117
111
110
1158
721
1153
1061
1062
1059
1369
1364
1363
1360
1359
1360
214
211
174
175
176
188
192
191
303
117
111
720
730
1073
1057
1055
1053
1057
1054
1366
1364
1355
214
211
179
180
180
190
192
304
305
109
108
714
716
716
1033
1035
1056
1044
1044
1334
1355
206
194
194
197
198
306
314
715
714
1033
1034
1045
1046
1341
1346
1347
205
206
208
203
197
202
198
311
312
2318
2319
2292
2296
1043
1046
1341
1351
1352
1349
1347
1345
1344
207
203
1728
1931
1926
1927
1897
1927
1896
2318
2292
2293
2296
2116
2116
2125
2124
1744
1737
1728
1726
1930
1931
1924
1898
1895
2313
2311
2280
2290
2113
2114
2116
2122
2126
1742
1745
1743
1735
1737
1737
1728
1920
1920
1932
1910
1893
1912
1892
2311
2287
2382
2288
2280
2295
2281
2129
2142
2143
1760
1740
1740
1733
1729
1923
1912
1912
1911
2382
2371
2374
2130
2130
2129
2141
2149
2148
1759
1758
1727
1882
1721
2017
2036
2037
2037
1450
2038
2375
2385
2385
2384
2366
2368
2134
2133
2146
2146
2147
2147
1863
1860
1883
1883
1885
1884
1882
2017
2016
2017
2017
2033
2037
2341
2342
2369
2367
2162
2167
2166
2192
1863
1878
1880
1884
1654
1653
1648
1658
1656
2342
2342
2328
2573
2214
2167
2626
2627
2167
2189
2191
2192
1861
1607
1606
1618
1628
1619
1654
1651
1659
1658
2339
2338
2339
2546
2545
2661
2215
2662
2215
2625
2189
2190
2191
1604
1607
1605
1610
1606
1622
1619
1651
1650
1673
1673
2333
2336
2546
2545
2546
2540
2662
2665
2665
2665
2178
2651
2178
2649
2177
1603
1603
1608
1609
1622
1608
1614
1649
1615
1663
1662
1676
1672
1676
1673
1673
74
101
1193
1179
1172
1174
1174
1212
1210
1216
1216
1221
1220
1221
74
76
77
100
90
96
99
97
102
103
145
149
145
1179
1181
1175
1175
1204
1215
1218
1221
69
1223
71
73
72
64
89
100
90
97
103
162
125
161
1160
1178
1180
1165
1162
1165
1208
1218
1273
69
71
71
63
70
46
65
44
44
90
158
125
164
1159
1154
1160
1178
1164
1170
1163
1168
1205
1272
1278
61
62
46
88
159
160
183
160
153
123
1160
1156
1152
1153
1150
1153
1170
1169
1270
1268
1359
1276
58
240
60
243
240
243
183
183
152
154
111
1156
1157
1074
1074
1074
1072
1063
1054
1066
1366
1364
1313
1314
1361
1312
239
179
178
185
186
303
305
110
313
109
1107
1108
1073
1067
1069
1068
1321
1319
1321
1315
1311
210
210
237
256
211
181
178
192
301
304
315
313
1111
1109
1064
1033
1053
1045
1051
1320
1311
1307
205
211
196
197
200
199
190
178
307
309
311
315
312
1110
1109
1043
1046
1320
1300
1347
1346
1344
208
205
196
197
199
343
200
307
341
306
321
319
316
2316
2317
2304
1043
1046
1049
1307
1306
208
207
203
1926
1928
1894
1897
1896
2317
2316
2318
2318
2306
2293
2259
2115
2114
2116
2126
2119
2126
1776
1742
1782
1783
1728
1931
1931
1934
1924
1905
1892
1893
2309
2310
2312
2307
2307
2293
2289
2290
2113
2121
2118
2127
1745
1744
1736
1783
1724
1930
1934
1932
1905
1906
1903
2315
2307
2280
2282
2283
2138
2138
2120
2118
1760
1762
1739
1740
1740
1720
1724
1720
1933
1908
1909
1910
1909
1906
2379
2376
2379
2378
2366
2281
2283
2137
2138
2145
2149
1761
1762
1762
1759
1762
1758
1738
1877
1888
2019
2040
2038
2375
2376
2369
2135
2368
2135
2134
2166
2136
2149
2145
1761
1875
1877
1876
1889
1889
1881
1886
2020
2019
2037
2035
2040
2031
2327
2327
2322
2216
2163
2168
2170
2170
2188
2184
2186
1861
1869
1879
1891
1885
2020
2034
2034
1656
1657
2341
2330
2328
2323
2323
2217
2218
2161
2168
2167
2189
2188
2183
2191
1869
1880
1879
1854
1654
1651
1659
1659
1658
2342
2339
2325
2324
2222
2214
2221
2221
2180
2181
2189
2191
1605
1868
1608
1617
1618
1616
1659
1661
1665
1664
2334
2335
2335
2336
2224
2223
2221
2220
2180
2180
2178
2178
1604
1602
1602
1617
1616
1616
1616
1615
1662
1665
1665
1200
1199
1172
1181
1172
1210
1238
1237
1224
1222
74
66
67
21
25
24
101
148
149
1146
1199
1181
1175
1174
1242
1240
1239
1239
1224
1224
1224
74
65
68
23
96
102
162
146
147
1178
1178
1181
1167
1162
1246
1246
1245
1280
1289
61
62
47
46
31
28
155
156
165
165
1149
1170
1272
1281
1286
60
63
59
46
43
31
29
157
157
154
151
150
164
1148
1143
1141
1154
1142
1170
1168
1269
1269
1286
60
241
242
243
251
185
185
184
152
269
153
1157
1157
1074
1071
1065
1066
1268
1318
1315
1285
1314
238
240
257
250
249
186
283
150
1108
1107
1117
1071
1070
1065
1068
1318
1316
1317
1313
1312
238
239
257
253
250
252
254
185
302
301
283
282
1110
1116
1113
1112
1069
1067
1052
1321
1320
218
254
253
342
326
310
343
308
319
321
314
1111
1115
1112
1114
1050
1052
1052
1052
1048
1309
1307
216
216
340
310
320
318
317
2301
2300
2303
2304
2302
2261
1050
1049
1301
1307
1776
208
1783
339
1973
1974
1894
321
1976
316
2304
2303
2304
2264
2261
2119
2083
2127
1799
1776
1775
1783
1780
1936
1934
1977
1962
2310
2307
2293
2264
2267
2260
2121
2121
2127
2127
1756
1798
1781
1781
1778
1934
1944
1908
1904
1906
1906
2309
2307
2263
2282
2265
2121
2120
1754
1756
1755
1752
1722
1723
1724
1721
1944
1943
2021
1905
1903
2379
2377
2366
2138
2087
1753
1753
1877
1724
1722
1887
2018
2041
2021
2039
2404
2393
2133
2393
2136
2164
2088
2169
2154
1875
1877
1870
1890
1886
1888
2013
2020
2033
2040
2040
2329
2404
2322
2393
2218
2163
2170
2153
2185
1860
1878
1880
1874
1890
2013
2035
2032
2032
2031
2331
2329
2326
2217
2326
2235
2161
2170
2182
2182
2184
2185
1867
1869
1867
1872
1857
1871
1857
1984
1983
2049
2049
2331
2330
2325
2324
2360
2222
2223
2216
2233
2235
2179
2179
2183
2173
2186
1869
1865
1850
1858
1852
1858
1856
1857
1613
1661
1985
2052
1665
1664
2334
2348
2349
2361
2224
2221
2220
2180
2181
2172
1866
1602
1864
1864
1849
1857
1613
1856
1613
1663
2052
2172
20
1200
1203
1200
1202
1203
1186
1184
1242
1238
1236
1235
1222
66
19
67
10
11
11
24
21
42
140
149
149
147
1202
1182
1190
1187
1236
1243
1240
1237
1233
1230
1223
20
68
21
25
42
146
168
148
1146
1146
1180
1192
1167
1187
1192
1243
1246
1288
1288
57
64
22
45
30
27
168
163
146
165
1148
1147
1146
1139
1140
1167
1246
1134
1280
1280
1284
1287
1286
1289
60
56
55
47
31
31
29
28
28
156
157
167
169
1149
1148
1142
1132
1084
1282
1283
1283
1286
246
245
246
244
251
184
268
157
281
284
170
151
285
1098
1131
1071
1082
1084
1318
1261
1283
1323
244
237
222
241
255
257
251
278
269
279
283
287
1117
1097
1114
1071
1076
1083
1083
1318
1326
223
221
221
256
257
248
324
325
271
302
308
280
283
1116
1117
1115
1085
1081
1081
1303
1326
1316
1324
1322
219
219
216
252
233
325
340
342
309
280
298
317
2300
2237
1051
1086
1304
1301
1304
1310
1309
1310
218
332
340
340
341
337
297
321
2301
2258
2258
1089
1048
1089
1300
2081
1308
2081
1309
1799
1310
1310
1777
1774
1777
339
1770
333
1936
1972
1974
1977
1976
318
2249
2258
2261
1087
2080
2084
1797
1777
1774
1782
1770
1936
1973
1938
1975
1963
2308
2269
2264
2264
2264
2267
2260
2266
2068
2068
2066
2082
2066
2084
1799
1799
1805
1779
1779
1772
1944
1942
1964
1966
1963
2308
2379
2268
2272
2267
2267
2067
2068
2082
1756
1755
1802
1752
1778
1780
1768
1941
1944
1965
1966
1961
2406
2407
2392
2393
2100
2089
2089
2086
1756
1829
2010
2018
2021
2041
1961
2030
2407
2402
2402
2403
2407
2405
2395
2098
2164
2089
2158
2088
2159
2087
2154
1847
1848
1829
1831
1873
1871
2010
2013
2030
2008
2028
2404
2404
2394
2396
2232
2230
2159
2157
2159
2153
2154
1846
1820
1873
1874
1891
2012
2013
2030
2027
2026
2346
2347
2362
2356
2362
2235
2156
2156
2174
1818
1819
1820
1817
1872
1851
1823
1870
1986
1987
1987
1983
1984
2049
2055
2350
2350
2363
2229
2363
2228
2234
2175
2171
1866
1823
1853
1853
1851
1986
1981
2050
2049
2051
2048
2348
2352
2349
2361
2228
2226
2227
2226
2226
2173
2175
2172
1865
1815
1850
1849
1982
1985
1982
1982
2052
2052
2048
2361
1186
12
1203
1201
1185
1186
1226
1228
1235
1225
1232
1231
18
20
20
19
10
40
41
139
140
141
143
1200
1201
1197
1195
1188
1191
1229
1243
1243
1228
1234
1232
16
9
13
8
23
42
42
136
143
142
1145
1145
1140
1167
1192
1192
1244
1227
1244
1288
1234
1251
6
9
8
34
28
27
168
165
1139
1130
1137
1259
1282
1257
1248
1288
56
7
4
26
168
171
167
169
1148
1143
1141
1132
1133
1135
1135
1260
1257
1284
245
246
247
278
275
285
1099
1097
1130
1079
1132
1076
1084
1258
224
224
224
277
278
272
268
289
284
288
1100
1099
1097
1079
1078
1076
1084
1086
1325
1326
1322
224
248
324
270
271
279
289
289
1100
1113
1077
1088
1330
1326
1292
1293
221
221
217
234
235
248
332
322
326
335
294
300
300
299
300
1100
2248
2239
1085
1089
1303
1290
1294
1294
1294
217
232
230
334
337
336
337
297
295
2250
2250
2240
1089
1302
1302
1796
1795
1764
334
333
336
1969
297
1968
2249
2268
2276
2261
2237
2081
2081
1796
1796
1803
1805
1777
1804
1771
1937
1972
1939
1977
1977
1962
1968
2254
2271
2269
2277
2265
2065
2064
2083
1791
1802
1805
1772
1772
1937
1938
1939
1966
1966
2256
2270
2271
2273
2274
2068
2100
2091
2092
2095
1802
1802
1801
1769
1772
1941
1941
1942
1964
1965
1957
1957
2256
2256
2275
2274
2099
2089
2090
2092
1844
1848
1830
1831
1887
1941
2009
2009
2023
2401
2406
2395
2405
2395
2231
2231
2100
2090
2095
2086
2094
1848
1847
1845
1828
1831
1827
2000
2014
2008
2008
2029
2030
2022
2026
2345
2407
2396
2395
2232
2158
2159
2156
1818
1845
1819
1824
1822
1824
2014
2007
2062
2056
2027
2347
2353
2347
2364
2233
2198
2230
2235
2200
2156
2151
1820
1817
1826
1823
1991
1990
2053
2057
2057
2055
2353
2353
2363
2363
2229
2234
2204
2210
2174
1816
1807
1816
1852
1998
1987
1987
2050
2045
2044
2351
2352
2360
2228
2228
2205
2205
2203
2203
2213
2204
2213
1812
1814
1998
1996
1997
1979
2042
2046
2046
1815
1225
1196
1186
17
17
16
17
14
14
39
40
38
39
136
143
141
1196
1189
1184
1229
1189
1234
1232
1232
17
9
36
36
39
137
137
143
1126
1122
1188
1136
1191
1229
1248
1251
1250
57
9
33
32
135
138
1125
1127
1124
1127
1137
1134
1265
1260
1249
1251
55
4
275
170
138
1123
1124
1131
1132
1138
1259
1261
1253
1251
225
3
278
276
274
262
260
285
1101
1103
1079
1138
1135
1135
1332
1258
1253
229
272
270
275
261
288
1100
1106
1102
1079
1078
1090
1091
1329
1331
1330
1323
224
235
226
276
263
292
289
1104
1106
1092
1329
1329
1293
229
233
330
323
328
298
1104
1095
1092
1092
1291
1291
1293
230
331
323
329
296
297
300
2246
2248
2237
2245
2244
2078
2077
1290
231
231
1764
332
332
1952
337
1971
291
2247
2247
2240
2243
2073
2071
2078
1790
1791
1804
1764
1765
1767
1953
1969
1971
1970
2253
2253
2064
2075
2076
1791
1791
1805
1771
1953
1955
1946
1957
1960
2253
2255
2256
2270
2272
2278
2273
2065
2278
1794
1793
1793
1801
1784
1769
1955
1947
1949
1959
2400
2398
2394
2275
2100
2097
2091
2095
1842
1842
1831
1837
1832
1834
1949
1948
2006
2024
2025
2399
2390
2386
2098
2093
1845
1842
1840
1830
1837
2001
2003
2005
2006
2025
2024
2399
2390
2199
2202
2150
2150
1844
1845
1828
1825
2000
2008
2063
2061
2346
2344
2388
2194
2200
2202
2201
2210
2151
1810
1826
1823
1992
1992
2063
2063
2063
2056
2353
2198
2196
2206
2210
2210
1807
1807
1813
1815
1994
1998
2057
2060
2043
2060
2351
2358
2364
2194
2207
2213
1812
1811
1815
1998
1997
1981
2043
2042
2045
2207
1195
1183
1226
1235
133
132
1193
1231
35
33
1122
1119
1266
1267
36
1263
1256
54
4
135
138
1127
1079
1266
53
273
275
261
1138
1253
226
262
286
1101
1105
1121
1331
228
322
267
264
292
1095
1095
1328
1328
1332
1299
227
234
266
263
294
2238
1106
2244
1296
1298
330
2240
2245
1299
327
1970
291
2246
2070
2072
2077
1788
1766
1766
1767
2255
2278
2070
2071
2073
2075
1794
1785
1955
1948
2255
1834
1784
1834
1834
1955
1949
1946
1960
2387
2104
2095
1840
1949
1959
2387
2103
2102
1841
1834
2002
2006
2343
2388
2201
1839
1826
2000
2005
2062
2345
2343
2199
2202
1810
1809
1995
1992
2060
2061
2344
2202
2213
1813
1994
1992
2357
2209
1995
1979
1197
8
36
131
6
1129
1136
1267
171
225
265
265
1102
1093
1264
1329
294
1296
291
1971
2243
1971
2277
2252
2075
1788
1951
1792
1954
2386
2023
2001
2400
2094
1991
2002
1995
2060
2206
2212
12
132
13
39
1127
1267
138
53
260
1264
1129
1263
258
1095
267
328
329
2073
2077
1790
1960
2278
2096
1945
1947
2401
2104
1837
2097
1839
2059
2102
1810
1825
2197
2209
1810
1989
1979
2044
1183
38
1256
4
32
131
1126
54
1253
258
1093
266
293
1106
1255
1296
1297
232
1298
2078
1786
1785
1842
1838
2390
1837
2196
1989
2058
2194
1814
1996
1194
1264
1256
6
133
1267
1249
1138
259
1103
1091
228
264
327
2238
2239
1299
1765
1952
1960
2252
2070
1792
2398
2096
2103
2398
2389
2103
2003
2195
2358
2357
2211
1811
1993
1194
1264
2716
2716
130
1119
1119
995
2479
1121
2
2
259
1255
1094
1255
2241
294
2241
1787
2242
2242
1787
1952
2074
1951
1786
1833
994
1838
2004
2054
1836
2355
2355
2195
1989
2054
2197
2211
1271
1271
2716
1
130
130
2479
2479
1120
1
1120
1855
2106
1855
995
227
2160
2106
1343
537
2106
2105
538
2011
2355
2011
350
2105
350
