3936
1945
880
880
796
796
1943
1952
1947
1521
782
774
1953
1567
1567
1530
1526
1532
1532
893
873
871
1760
1766
1764
1514
635
792
780
776
778
1759
1765
1520
644
566
573
575
1756
1756
1754
1672
1672
1518
631
565
574
568
1822
1820
1672
530
565
517
569
1836
1834
1831
1816
1818
1669
1711
1705
1697
540
532
536
521
519
1836
1820
1680
1695
671
669
538
535
534
520
1799
1816
1690
1686
1711
1692
673
675
2262
2556
2566
1801
3679
2246
2245
2260
2562
2566
2564
3678
3517
2245
2271
2272
2564
3486
2218
2216
2274
2272
2489
2478
2479
3478
3480
3482
3509
2222
2217
2215
2470
3911
3909
3663
3482
3742
3736
3738
3736
2228
2221
2243
2687
2689
3907
3911
3917
3917
3726
3741
3738
2226
2227
2697
3915
3730
2374
2381
2685
2677
3906
3842
3733
3821
3734
3728
3707
3718
2340
2341
2387
2386
2674
3899
3707
2392
2389
2389
2660
2660
2674
2674
2672
3900
3823
3695
3694
3696
3705
921
919
921
919
917
915
881
878
878
887
798
796
774
770
1955
1943
1943
1950
1947
1949
1557
1557
1559
1524
1522
1526
1527
919
916
880
882
882
794
881
774
774
1955
1953
1963
1941
1949
1951
1945
1567
1522
1530
1526
1528
916
893
893
873
875
794
782
781
780
772
771
1959
1956
1961
1962
1962
1759
1762
1567
1534
1516
1520
1532
1510
640
639
636
636
869
792
782
778
772
1957
1967
1758
1757
1766
1563
1563
1516
1516
1510
641
642
644
632
635
634
561
567
573
569
583
1828
571
1826
1764
1674
1674
1520
1520
1518
665
642
563
566
563
567
574
575
568
1834
1828
1825
1824
1821
1756
1754
1674
1670
1705
1703
1518
1697
1697
665
667
661
542
544
532
515
517
580
1834
1832
1821
1820
1818
1820
1662
1668
1682
1705
1695
1705
1697
667
667
540
538
529
529
520
509
509
1836
1836
1830
1832
1690
1684
1689
1713
1712
1713
1693
675
674
669
540
547
546
535
534
521
519
513
1842
1840
1838
1801
1801
1805
1690
1684
1680
1690
1713
1712
1715
1693
673
675
548
536
2558
511
2560
2565
2566
2574
3681
1799
1688
1688
1688
1686
1686
3491
1717
1692
3517
2258
2258
2250
2259
2259
2260
2266
2264
2551
2558
2556
2554
2565
2566
3681
3660
3678
3679
3676
3683
3496
3476
3496
3496
3492
3515
3517
2258
2252
2250
2248
2266
2266
2558
2562
2481
2479
2481
3661
3660
3665
3683
3685
3476
3484
3476
3488
3514
3513
3514
2256
2246
2217
2274
2271
2470
2470
2487
2485
3661
3664
3663
3477
3477
3485
3485
3486
3469
3513
3509
2218
2215
2236
2241
2468
2488
2488
2487
2477
2478
3911
3663
3446
3478
3480
3726
3740
3740
3736
2221
2227
2222
2231
2233
2242
2242
2241
2695
2691
2687
2689
3911
3919
3917
3726
3726
3741
2226
2228
2224
2375
2243
2697
2695
2689
2683
2677
3907
3913
3914
3914
3919
3842
3734
3734
3733
3728
3719
3738
3713
2361
2341
2343
2379
2377
2375
2697
2685
2685
2683
2658
3906
2677
3915
3913
3919
3840
3842
3732
3717
3719
2340
2393
2380
2380
2381
2383
2662
2667
2674
2672
3904
3904
3898
3820
3820
3821
3731
3696
3692
3718
3709
2339
2343
2391
2391
2396
2386
2387
2384
2662
2670
2668
2672
3899
3900
3823
3695
3691
3707
3710
3711
3709
3711
2393
890
1559
911
921
908
890
888
888
797
770
763
1912
1911
1914
1920
1942
1951
1950
1559
1557
1524
1521
1528
1527
921
905
917
915
875
871
875
869
887
797
787
798
786
761
763
1952
1943
1963
1951
1951
1555
1565
1536
1534
1536
1505
900
901
875
867
871
794
783
782
761
1957
1910
1956
1908
1965
1967
1965
1961
1862
1565
1561
1508
1512
1512
640
895
895
897
629
873
866
780
776
1908
1828
1965
1760
1762
1539
1514
1542
1582
1512
1512
638
639
634
634
632
617
561
559
555
555
571
583
1828
1826
1770
1757
1666
1563
1674
1539
1581
1510
641
631
563
561
557
565
558
581
580
1824
1822
1768
1666
1670
1703
1701
657
659
541
558
517
509
1839
1831
1770
1662
1767
1662
1664
1669
1704
667
663
661
541
542
550
544
524
527
530
515
1844
1839
1813
1816
1811
1813
1682
1680
1707
1709
1713
1709
1704
1720
675
671
548
552
526
528
528
526
512
512
511
1844
1842
1844
1840
1805
1802
1808
1809
1677
1707
1721
1721
684
2262
546
2549
2558
513
2568
2572
1803
1803
3677
1807
1678
3490
1717
3531
2292
2293
2249
2264
2551
2551
2546
2554
2569
2571
3675
3677
3687
3689
3689
3494
3494
3493
3492
3491
3515
2256
2258
2291
2250
2268
2269
2547
2554
2560
2580
3672
3671
3685
3683
3458
3484
3484
3488
3519
3519
2252
2297
2254
2254
2216
2248
2237
2270
2270
2473
2468
2484
2477
3664
3667
3445
3454
3482
3473
3473
3509
3510
2220
2220
2232
2236
2472
2489
2483
2477
3665
3669
3909
3446
3450
3468
3746
3511
2224
2229
2239
2474
2468
2693
2472
2484
2679
3924
3925
3873
3450
3467
3742
3724
3743
2287
2362
2287
2366
2231
2374
2697
2693
2691
2687
2681
2689
3931
3933
3929
3933
3919
3840
3724
3730
3722
3750
3744
2361
2364
2366
2364
2379
2377
2371
2704
2705
2681
2681
3895
3935
3838
3836
3842
3732
3698
3715
3712
3712
2349
2346
2369
2666
2662
2668
2657
3889
3894
3837
3837
3836
3832
3825
3700
3697
3717
2339
2339
2349
2347
2392
2397
2395
2397
2385
2384
2383
2666
2664
2670
2667
3890
3904
3892
3826
3902
3827
3827
3825
3816
3694
3704
3697
3691
3710
3826
3702
3692
909
885
1559
913
913
907
913
908
884
886
886
790
757
759
755
1915
1916
1920
1920
1939
1939
1554
1553
1495
1492
1497
1493
1495
1492
1505
905
912
885
863
788
788
761
763
1911
1912
1910
1918
1918
1939
1554
1546
1497
1493
904
905
900
901
865
867
863
784
786
784
765
1908
1959
1932
1967
1862
1561
1547
1543
1545
1534
1497
1536
1503
905
897
629
866
897
867
854
848
783
742
742
1930
1967
1868
1862
1764
1866
1549
1541
1543
1508
1582
629
617
617
604
555
557
581
742
1723
1758
1772
1666
1539
1580
1581
1582
1577
627
629
651
604
559
557
579
578
1751
1749
1772
1770
1772
1773
1664
1779
1666
1611
1607
1609
1699
659
659
647
651
649
647
606
604
608
607
577
578
1751
1814
1774
1768
1610
1601
1609
1699
657
663
647
550
524
610
494
493
504
1844
503
1789
1812
1813
1811
1682
1631
1601
1719
1721
1721
1701
663
674
687
552
552
524
527
493
498
494
500
1787
1789
1813
1809
1676
1678
1719
1720
1715
686
690
685
547
684
2525
2526
2549
2570
2568
2571
1789
1802
1785
1808
3687
3502
1677
3499
3530
3533
3529
2293
2292
2250
2264
2551
2576
2535
2570
2574
2572
3646
3676
3689
3689
3687
3494
3500
3525
3529
3530
3519
2297
2296
2254
2269
2547
2545
2575
2581
2582
2582
3673
3673
3685
3658
3456
3494
3473
3498
3525
3527
3527
2297
2297
2268
2543
2546
2504
2485
2504
2580
2494
3672
2496
3671
3669
3458
3455
3453
3471
3473
3507
3511
2295
2232
2279
2239
2237
2543
2474
2502
2496
3927
3669
3667
3448
3449
3469
3510
3746
2289
2289
2277
2281
2233
2693
2472
2501
2679
2500
3931
2492
3927
3925
3871
3449
3448
3468
3750
3744
3743
2362
2289
2366
2356
2358
2356
2354
2705
2701
2699
2701
2681
3929
3935
3924
3870
3722
3722
3791
2366
2358
2353
2372
2373
2371
2705
2658
3931
3896
3894
3935
3829
3832
3834
3700
3698
3713
2351
2364
2347
2373
2371
2703
2703
2704
2658
2657
3890
3894
3838
3830
3830
3834
3701
3834
3715
3810
2349
2351
2346
2395
2396
2666
2664
2664
2656
2653
3889
3902
3892
3815
3814
3819
3817
3817
3701
3702
3704
3812
3810
3810
2385
3807
966
913
963
909
968
884
969
790
860
756
755
1916
1914
1915
1919
1873
1877
1877
1881
1555
1876
1489
1490
1495
1501
963
961
863
973
960
973
787
759
756
757
767
767
1930
1920
1872
1874
1872
1879
1865
1551
1490
1499
1502
903
903
899
973
855
856
856
846
765
767
1932
1932
1874
1864
1870
1872
1865
1551
1547
1541
1488
1502
1503
623
622
903
865
844
854
743
744
1934
1868
1864
1868
1549
1551
1584
1570
1578
627
627
621
621
943
619
844
848
740
740
744
740
748
1724
1782
1782
1780
1777
1780
1779
1549
1542
1583
1576
1578
1577
654
655
649
653
619
651
602
611
612
614
579
747
1724
1725
1723
1774
1778
1649
1649
1655
1611
1613
1609
1618
1620
659
655
651
606
600
601
607
608
586
1751
1750
1751
1741
1738
1773
1776
1646
1649
1613
1651
1605
1618
657
688
550
606
594
588
503
1747
1791
1645
1647
1601
1607
1616
682
688
687
698
593
592
496
497
504
502
1787
1789
1785
1797
1793
1631
1631
1634
1626
1628
1628
685
690
686
552
2312
2527
496
501
500
501
1242
1785
1797
1795
1795
3656
3654
1635
3504
1633
1635
1628
3532
2327
2328
2332
2330
2525
2527
2534
2535
2576
2569
2578
3644
3645
3645
3648
3655
3655
3502
3535
3499
3531
3532
2303
2328
2332
2308
2310
2541
2541
2533
2513
2578
2581
3646
3648
3452
3504
3500
3523
3521
3525
3523
3566
2303
2305
2305
2277
2307
2310
2308
2541
2543
2543
2516
2494
3642
3640
3642
3648
3454
3470
3521
3523
3553
3556
3527
2283
2280
2305
2277
2307
2473
2504
2504
2514
2499
2496
2492
2496
3640
3636
3455
3453
3463
3471
3460
3507
3554
3552
2289
2280
2353
2498
2499
2492
3923
3921
3873
3865
3867
3869
3461
3760
3761
3788
3786
3788
2426
2428
2428
2358
2354
2600
2610
2701
2650
2650
2646
2646
3922
3922
3923
3870
3871
3867
3869
3759
3790
3792
3792
2426
2360
2428
2358
2435
2599
2602
2699
2648
2647
3935
3877
3863
3851
3834
3779
3796
3796
3796
3790
3791
2423
2351
2438
2372
2434
2585
2703
2597
2654
2652
3895
3886
3896
3863
3829
3819
3778
3812
3812
3812
2424
2351
2345
2439
2433
2431
2586
2587
2654
2592
2653
3886
3884
3902
3815
3816
3781
3778
3808
3807
2443
958
1501
965
967
957
959
971
969
823
829
823
801
800
800
805
803
804
1923
1928
1926
1887
1881
1485
1486
1484
1489
1482
1480
1501
960
967
966
971
968
860
829
829
827
1924
1927
1870
1873
1886
1881
1879
1881
1487
1487
1499
1499
927
940
961
974
975
857
858
858
846
829
827
765
1933
1853
1870
1890
1551
1546
1593
1587
1569
928
625
944
621
942
944
943
840
855
841
848
852
743
752
752
1933
1934
1855
1866
1851
1595
1592
1588
1574
625
625
623
621
832
842
842
746
752
1728
1732
1849
1778
1850
1584
1594
1586
1572
1574
725
700
700
601
612
611
750
746
747
1726
1726
1731
1730
1731
1777
1654
1654
1613
1585
1613
654
724
701
702
590
586
586
1749
1745
1751
1736
1734
1647
1657
1651
1659
1653
1603
1602
1620
1620
682
682
702
698
602
594
610
590
506
506
1743
1743
1743
1741
1739
1645
1651
1642
1605
1625
1628
1616
1624
678
680
698
696
593
497
502
1745
1796
1797
1646
1791
1793
1643
1634
1626
1624
1624
680
2330
695
596
2526
588
2523
498
1244
1242
1796
3649
1797
3652
3652
3654
1622
3564
2324
2332
2334
2330
2522
2533
2534
2535
2531
1237
3644
3650
3650
3656
3654
3502
3603
3504
3560
3559
3535
3533
2327
2301
2336
2336
2320
2312
2310
2312
2537
2522
2529
2529
2514
2578
3634
3632
3649
3658
3603
3562
3559
3566
2300
2303
2305
2318
2539
2537
2513
2510
2512
3642
3638
3456
3465
3465
3465
3562
3558
3555
3555
3556
2281
2314
2316
2538
2502
2518
2500
2509
2512
3642
3640
3636
3637
3461
3554
3553
3546
2285
2283
2402
2279
2400
2612
2612
2612
2629
2519
2645
2509
2645
3865
3463
3460
3765
3764
3538
3786
2285
2413
2428
2403
2402
2404
2400
2610
2610
2604
2600
2604
2650
2650
3921
3860
3865
3867
3869
3760
3763
3788
3788
2414
2414
2426
2404
2435
2435
2602
2602
2604
2619
2648
3876
3878
3845
3863
3851
3761
3763
3794
3795
2422
2423
2437
2443
2435
2585
2595
2597
2597
2595
2597
2626
3888
3878
3847
3767
3779
3776
3802
3794
2424
2449
2439
2448
2438
2441
2430
2443
2433
2587
2586
2593
2592
2627
3886
3882
3887
3881
3884
3848
3849
3781
3777
3777
3799
3806
3808
3849
965
924
955
959
958
983
979
977
819
825
825
801
809
804
1926
1883
1885
1889
1876
1485
1903
1486
1478
1481
1481
1480
1040
928
926
955
975
974
821
823
817
816
827
813
803
805
1923
1887
1888
1891
1905
1478
1482
1042
1038
927
938
939
939
978
857
978
850
813
346
1922
1936
1924
1859
1859
1893
1893
1891
1488
1590
1569
1034
734
946
940
942
837
838
849
849
852
348
386
1936
1853
1855
1850
1851
1847
1594
1592
1593
1588
1570
1036
727
726
728
729
835
834
840
838
850
401
405
749
748
388
390
1728
1732
1845
1849
1596
1598
1587
1574
1003
1574
732
726
727
729
832
836
841
394
750
390
389
1725
1282
1736
1290
1736
1659
1655
1596
1598
1586
1572
1009
723
725
717
700
600
614
393
393
398
396
1247
1743
1734
1736
1659
1657
1653
1602
1162
1620
719
721
720
692
701
705
589
447
396
396
1747
1232
1738
1272
1739
1641
1641
1636
1603
1615
1161
721
680
694
597
598
588
448
454
460
446
1244
1244
1231
1233
1262
1266
1641
1643
1637
1622
678
2322
694
696
596
2125
598
2735
451
458
460
1242
1240
1236
1238
1234
1234
1236
3623
3599
1642
3576
1622
2323
2093
2336
2334
2312
2735
2523
458
2531
2466
2465
1238
3634
3621
3601
3564
3577
2322
2324
2299
2131
2334
2320
2733
2733
2531
2462
2464
2464
2465
3634
3622
3603
3597
3603
3609
3609
3585
3560
3566
3564
3566
2300
2320
2318
2756
2751
2516
2508
2505
3630
3634
3632
3605
3609
3541
3548
3558
2301
2011
2316
2314
2316
2755
2539
2520
2520
2518
2510
2506
2506
3638
3607
3465
3540
3544
2283
2285
2412
2612
2608
2519
2639
3861
3859
3630
3857
3855
3542
3542
3537
3543
2418
2418
2403
2402
2412
2407
2606
2607
2607
2631
2615
2629
2643
2642
3861
3860
3851
3854
3853
3764
3765
3754
3752
3784
2413
2420
2420
2420
2408
2455
2406
2599
2606
2604
2617
2615
2614
3876
3877
3844
3771
3771
3772
3773
3753
3796
3755
2416
2416
2451
2451
2434
2585
2616
2616
2619
2620
3887
3880
3880
3845
3844
3766
3766
3769
3802
3802
3804
3798
2445
2447
2441
2443
2453
2431
2589
2896
2591
2593
2625
2627
3881
3888
3882
3847
3848
3767
3769
3776
3800
3800
2589
983
807
932
934
957
981
981
821
815
825
811
811
809
1927
1928
1885
1889
1888
1904
1904
1903
1027
1042
1040
1024
924
934
936
955
935
979
820
821
816
813
813
355
1400
1883
1889
1895
1890
1901
1044
1028
1044
1038
1040
926
924
938
947
952
321
817
344
354
348
1385
1856
1857
1857
1896
1895
1897
1899
1901
1044
1042
1034
948
950
949
949
952
950
837
405
400
346
1384
1385
1854
1897
1899
1590
737
735
948
836
194
198
403
405
400
388
386
1289
1853
1288
1847
1283
1595
1001
1004
1001
1007
733
735
731
728
834
835
198
403
413
392
398
413
398
390
1280
1289
1286
1284
1284
1653
1216
1005
1003
724
732
706
705
200
197
394
398
390
1282
1274
1274
1213
1211
1639
1006
715
719
717
711
692
199
206
452
448
432
1231
1282
1247
1277
1272
1639
1637
1163
1165
1167
1163
1161
721
721
720
692
597
452
447
456
453
1250
1232
1233
1266
1264
1636
1165
1167
1167
678
2092
715
694
2135
2123
2127
450
2735
453
458
460
460
1240
1237
1247
3622
1262
3619
3592
3591
3581
3579
3575
3575
2103
2134
2130
2092
2135
2127
2127
2127
2733
2735
2729
2716
2462
2462
1251
2466
3621
3619
3623
3599
3583
3581
3590
3571
3573
3577
2103
2105
2130
2125
2729
2729
2715
3055
3625
3627
3601
3611
3588
3573
2006
2105
2012
2131
2320
2139
2758
2752
2754
2754
2508
2505
3079
3077
3627
3627
3611
3610
3611
3586
3584
3586
3550
3547
2007
2006
2010
2012
2010
2737
2755
2756
2752
2637
3081
3630
3077
3607
3605
3258
3541
3547
3546
3548
2004
2008
2410
2412
2741
2738
2742
2738
2633
2635
2634
2634
2638
2638
3089
3087
3102
3854
3540
3538
3537
3543
2008
2410
2412
2408
2740
2740
2910
2608
2635
2631
2641
2641
2642
3089
3089
3098
3855
3099
3853
3757
3755
3752
2037
2418
2454
2914
2897
2617
2643
2621
3131
3129
3857
3853
3771
3773
3757
3753
3804
2036
2039
2420
2448
2455
2898
2898
2625
2621
3129
3109
3119
3392
3384
3772
3804
3420
2447
2447
2449
2458
2459
2457
2453
2893
2904
2904
2626
2620
3125
3127
3126
3125
3847
3112
3113
3390
3775
3427
3798
3421
2445
2904
3799
360
1410
931
931
934
983
981
315
319
811
315
807
809
358
356
1401
1399
1401
1439
1440
1442
1026
1024
1028
1027
1022
930
932
935
86
821
317
321
357
356
357
355
354
1400
1403
1402
1405
1895
1420
1905
1018
1024
930
936
89
81
83
342
344
344
350
1397
1387
1402
1386
1403
1417
1901
1896
1019
1020
1044
1032
1031
40
58
947
80
80
83
409
344
408
352
352
351
1387
1313
1311
1856
1418
1217
994
992
993
993
1001
1036
734
946
55
192
192
196
198
405
401
407
408
379
351
1290
1313
1313
1219
1215
1005
1009
1010
737
733
56
202
196
197
198
413
411
377
383
379
1280
1276
1288
1220
1283
1217
1221
1216
1202
1004
1006
713
713
225
199
214
202
204
203
418
414
383
1275
1278
1286
1208
1213
1213
1211
1205
1203
1162
1007
712
709
713
706
221
200
223
223
419
381
1278
1272
1274
1268
1213
1201
1139
713
711
219
229
229
227
451
432
1249
1257
1251
1255
1266
1267
1266
1172
1165
1167
2095
709
2133
2123
228
229
450
456
454
434
436
436
1249
1250
1253
3617
3615
3596
3592
3578
3591
3576
2093
2133
2135
2123
2731
2718
2720
2718
3050
3056
3625
3616
3614
3594
3590
3578
3569
2103
2105
2141
2138
2758
2731
2722
2716
2720
3048
3046
3048
3044
3056
3625
3616
3611
3583
3584
3588
3570
3570
3571
2105
2143
2143
2143
2141
2137
2138
2764
2751
2715
2976
3080
3077
3092
3627
3258
3585
3225
3550
2002
2011
2139
2737
2744
2766
2760
2633
2630
3079
3080
3101
3104
3244
3254
3227
3225
3227
3544
3227
2003
2007
2003
2020
2028
2028
2742
2745
2762
2873
2637
2639
3089
3085
3087
3104
3104
3100
3102
3256
3255
3255
3256
3441
3443
2018
2019
2027
2028
2741
2912
2909
2873
3135
3085
3087
3100
3386
3385
3754
3436
3784
2036
2037
2047
2407
2920
2916
2913
2912
2912
2884
2883
2869
3134
3131
3110
3116
3098
3117
3383
3437
3423
3429
2043
2046
2041
2459
2457
2913
2919
2894
2914
2897
2885
2885
2888
3121
3125
3123
3111
3109
3113
3117
3384
3414
3425
3423
2041
2031
2458
2459
2459
2896
2894
2892
2902
2902
2900
2623
2875
2623
2875
3121
3126
3127
3107
3112
3115
3389
3392
3394
3424
3389
3427
3424
3421
3425
3420
1413
1026
74
75
63
63
85
316
316
319
327
362
366
360
1411
1411
1440
1443
1444
1444
1442
1430
1020
1016
1022
1066
1022
88
91
87
87
317
311
321
358
1395
368
1407
1413
1409
1438
1439
1444
1444
1432
1019
1018
1030
1031
39
88
89
86
79
81
310
339
340
1396
1396
1395
1391
1390
1389
1405
1418
1420
1432
996
1032
986
38
54
58
60
76
77
190
77
309
342
350
1397
1389
1313
1417
998
992
1229
994
985
1013
52
52
56
46
60
55
188
190
186
409
411
352
352
1303
1303
1299
1311
1309
1228
1227
988
990
1013
51
50
210
225
208
214
194
203
186
413
411
415
377
379
371
382
1308
1220
1219
1221
1204
1203
1011
1138
1011
245
242
212
213
214
204
417
419
417
415
383
383
1277
1276
1348
1274
1209
1350
1207
1201
1202
1143
1139
240
241
218
221
206
227
139
418
414
381
1256
1270
1270
1267
1194
1195
1209
1172
1174
1169
1141
1143
1143
239
218
217
227
421
433
436
434
1259
1256
1257
1254
1268
1192
1194
1194
1172
1192
1173
1145
1149
1149
2097
2097
2120
217
229
150
436
3030
1259
1253
1262
3593
3596
3579
3320
3569
2095
2097
2101
2097
2108
2133
2197
2731
2723
2723
2720
2720
2718
3050
3048
3054
3053
3617
3613
3615
3593
3594
3204
3200
3569
2100
2099
2100
2110
2108
2149
2151
2151
2725
2727
2714
2712
3050
3046
3055
3066
3072
3614
3242
3214
3223
3199
3199
2099
2101
2149
2147
2151
2763
2763
2708
2708
2977
2975
3058
3058
3071
3091
3071
3245
3246
3253
3221
3222
3221
3223
2000
2004
2002
2000
2026
2145
2145
2748
2766
2762
2760
2975
2977
2976
3081
2978
2979
3092
3096
3246
3245
3215
3225
2016
2024
2028
2750
2026
2747
2747
2746
2744
2873
2783
2981
3084
3083
3096
3091
3248
3248
3250
3252
3253
3227
3443
3441
3431
2020
2022
2021
2918
2746
2906
2908
2907
2871
2873
2868
3133
3134
3084
3104
3099
3388
3439
3443
3431
3429
2018
2043
2049
2045
2046
2045
2918
2916
2906
2910
2883
2867
2887
2889
3133
3135
3111
3148
3385
3386
3437
3436
3434
2039
2043
2050
2047
2057
2919
2920
2892
2900
2878
2884
2889
3122
3131
3110
3119
3116
3396
3435
3399
3415
3414
2030
2030
2041
2055
2056
2945
2893
2892
2902
2879
2881
2875
3121
3123
3107
3107
3390
3115
3395
3395
3394
3415
3417
73
73
66
69
65
315
326
326
365
365
1410
1377
1409
1443
1436
1434
1015
1061
1067
42
74
75
67
85
324
323
312
327
364
362
364
1407
1407
1409
1434
1434
1015
1016
1065
1066
39
34
91
76
79
313
311
313
340
339
1393
1390
1389
1426
1428
1424
996
985
1065
1104
40
60
282
282
285
1393
1391
1305
1301
1416
1423
1227
998
996
990
1102
986
1104
51
52
50
60
48
190
190
282
278
290
1305
1303
1301
1301
1315
1228
1224
1229
990
988
988
52
48
208
188
186
171
278
428
427
370
370
375
1299
1297
1307
1308
1225
1111
1010
243
245
233
210
214
169
140
423
425
429
429
371
373
375
1346
1352
1309
1351
1350
1208
1204
1205
1113
1138
239
243
231
242
212
212
144
425
421
467
1351
1350
1196
1178
1173
1170
1170
1141
1147
1143
241
240
219
217
142
144
140
150
152
443
442
1254
1338
1196
1174
1147
1151
1150
2114
2114
2116
2116
2118
2196
152
150
438
444
3031
1255
3052
1198
3314
3313
3202
1151
3320
1151
2119
2119
2120
2118
2197
2722
2710
2709
3029
3035
3052
3053
3059
3310
3320
3320
3202
2112
2108
2151
2149
2195
2195
2727
2712
2709
2710
2971
3035
3054
3064
3064
3310
3318
3214
3204
3204
3200
2111
2110
2208
2147
2192
2725
2708
2970
2973
2979
2973
3074
3072
3068
3244
3285
3242
3242
3204
3210
2000
1974
2026
2764
2782
2981
2978
3094
3070
3067
3070
3254
3217
3216
3219
2015
1973
2750
1997
2748
2745
2787
2785
2785
3094
3096
3165
3156
3248
3249
3249
3238
3441
3216
3219
2014
2024
2021
2022
2940
2943
2907
2865
2865
3185
3164
3096
3166
3158
3388
3439
3443
3433
3431
2051
2051
2050
2941
2059
2941
2943
2908
2871
2861
2868
2869
3182
3193
3192
3166
3146
3166
3150
3408
3400
3435
3434
2048
2034
2049
2059
2059
2939
2057
2940
2937
2937
2947
2879
2887
2881
2888
3195
3192
3144
3144
3150
3149
3150
3149
3396
3404
3398
3402
3419
3416
2031
2033
2035
2054
2945
2947
2947
2878
2877
2877
3197
3197
3195
3197
3138
3148
3138
3406
3412
3404
3416
2877
1378
100
71
70
67
70
65
65
330
325
329
335
366
1376
1382
1354
1363
1362
1355
1436
1436
1436
1061
1067
1061
1063
71
66
110
108
325
323
324
329
260
364
368
1382
1358
1355
1430
1057
1073
1075
1073
44
44
69
113
114
112
110
309
312
254
254
1374
1354
1425
1416
1428
1422
1075
1075
1069
1071
42
44
42
34
8
114
275
118
272
286
284
286
288
285
1305
1359
1293
1416
1428
1426
1428
1423
1424
998
1097
1104
1101
31
32
46
10
175
282
290
288
290
375
1305
1295
1293
1314
1225
1098
1096
1092
1100
1098
1101
1100
236
12
163
174
171
427
299
280
297
1296
375
473
1295
1296
1297
1317
1314
1224
1181
1113
1111
237
232
165
166
167
169
171
428
483
373
467
463
1348
1346
1342
1177
1176
1178
1201
1182
1113
1113
235
232
233
144
165
139
148
425
423
483
465
1340
467
1340
1352
1344
1188
1189
1180
1169
1119
1119
1150
2116
2172
152
144
147
440
440
444
443
467
1338
1324
1195
1188
1190
1190
1134
1145
2114
2171
2189
142
152
147
148
2818
438
2814
444
3031
442
444
3030
3033
3041
1198
3062
1184
3306
3316
3313
3304
3303
1151
2167
2171
2196
146
2818
2820
3037
3033
3035
3066
3060
3308
3314
3312
3318
3208
2111
2170
2213
2211
2212
2193
2197
2191
2812
2810
2727
2820
2808
2727
2969
3035
3043
3060
3064
3062
3310
3318
3300
3212
3208
2112
1969
2212
2213
2193
2209
2812
2807
2771
2969
2970
3074
3010
3066
3059
3067
3283
3283
3215
3212
3212
1982
1972
1973
2209
2795
2786
2773
2769
2971
2986
3250
3242
3240
3217
3210
3230
1969
2016
1982
1972
1970
1974
1996
2793
2797
2789
2786
2787
2789
2782
2783
2988
2988
3160
3009
3162
3165
3237
3237
3240
3236
3372
2015
1970
1991
1995
2933
2929
2931
2797
2863
2863
2860
3185
3189
3162
3166
3156
3342
3342
3374
3371
3373
2082
2086
2084
2089
2090
2937
2865
2865
2860
3183
3186
3183
3182
3164
3146
3154
3158
3407
3407
3340
3400
3340
3375
3368
2053
2035
2083
2939
2090
2951
2939
2839
2861
3197
3140
3140
3140
3150
3408
3410
3399
3419
3401
3369
2034
2033
2055
2054
2951
2949
2951
2949
2843
2837
2838
2833
3195
3177
3142
3138
3411
3411
3412
3410
3401
3402
3417
2088
96
1361
104
103
98
106
331
337
335
337
335
1378
1377
1382
1380
1357
1363
1471
1474
1056
1051
1063
1063
100
103
102
104
108
110
271
331
270
269
337
248
1372
1357
1365
1362
1462
1463
1474
1059
1073
1068
44
36
36
113
108
117
273
270
269
255
260
248
1359
1358
1457
1461
1463
1462
1069
1071
36
10
8
275
280
273
256
254
1449
1447
1459
1467
1097
1090
1106
1105
32
31
14
10
173
172
172
280
298
290
288
1295
1293
1315
1458
1102
16
163
12
163
174
183
173
296
473
475
475
1319
1321
1223
1088
1111
1092
1108
237
17
161
161
167
182
175
133
300
304
465
475
1319
1317
1177
1182
1117
1109
1109
236
231
166
131
306
483
481
481
463
463
1344
1326
1336
1342
1323
1159
1180
1181
1129
1119
1121
1120
1120
235
2182
2177
137
133
483
481
491
491
489
1340
1328
1344
1186
1188
1189
1130
1133
1136
2168
2174
2172
137
129
479
3037
3041
3021
3308
1184
1132
3304
1133
3304
2168
2174
2187
2188
2188
2820
2814
3037
3043
3039
3043
3023
3043
3027
3308
3316
3306
3298
3302
3304
3291
2154
2158
2211
2203
2192
2810
2806
2820
2962
2966
3025
3027
3027
3312
3312
3260
3212
3207
2153
2156
2207
2205
2204
2812
2807
2808
2773
2771
2969
2994
3025
3025
3068
3287
3288
3265
3263
3206
3261
3207
2154
2157
2208
2205
2791
2772
2777
2773
2984
2986
3010
3012
3011
3285
3265
3263
3232
1980
1982
1995
1990
1996
2793
2797
2795
2781
2781
2769
2779
2988
2988
2994
3007
3008
3006
3344
3238
3272
3272
3240
3373
3231
3372
2073
1980
1993
1997
2791
2797
2850
2855
3187
2984
3189
3160
3152
3151
3342
3337
3381
3375
3371
2086
2083
2074
2084
2933
2935
2935
2934
2931
2854
2858
3186
3187
3151
3154
3346
3338
3374
3377
3367
3368
2082
2078
2089
2076
2923
2934
2843
2854
2833
3191
3177
3193
3142
3331
3406
3340
3363
3360
3361
2080
2078
2088
2951
2949
2923
2843
2838
2839
2837
2841
2835
3177
3175
3332
3329
3333
3335
3363
3365
3359
3142
333
102
96
1372
1382
1380
1380
1367
1367
1473
1470
1475
1475
1056
1051
1051
100
106
98
330
119
263
260
1372
1370
1357
1470
1475
1057
1053
1049
1068
27
26
120
116
118
271
255
256
250
1374
1449
1464
1467
1078
1059
25
22
25
26
2
116
265
272
252
249
1449
1459
1458
1078
1049
23
14
14
12
2
300
302
298
249
1451
1447
1321
1321
1090
1083
1080
1105
17
6
14
177
179
179
306
293
296
475
1088
1084
1086
1088
1108
16
19
6
161
181
182
183
299
304
304
297
473
1332
1331
1319
1157
1115
1117
18
158
131
133
477
488
469
1324
1334
1334
1157
1121
18
159
128
137
478
478
489
1328
1323
1185
1159
1132
1134
1121
2180
2178
2176
2189
2184
2824
2816
479
491
1327
3021
1328
1184
3276
1186
3302
1136
2167
2170
2177
2187
2823
2823
2816
3039
3039
3041
3021
3017
3016
3277
3298
3303
3291
2153
2162
2810
2828
2816
2966
2958
3023
3027
3279
3289
3277
3300
3296
2160
2157
2158
2203
2201
2198
2204
2812
2199
2962
2964
2966
3000
2956
3004
3289
3288
3261
3296
1978
1977
1989
2201
2800
2802
2780
2773
2996
2964
3012
2998
3004
3004
3265
3287
3260
3234
3234
1989
1990
1987
2793
2781
2992
2989
2996
3006
3007
3265
3350
3271
3271
3232
3230
2074
1991
2935
2850
2856
2856
2990
2992
3008
3152
3343
3338
3379
3381
2072
2071
1993
2925
2929
2850
2848
2855
2858
3179
3171
3170
3346
3337
3377
3381
3381
3369
2075
2935
2924
2841
2854
2852
3181
3181
3168
3169
3331
3333
3352
3353
3364
3352
2080
2075
2088
2923
2835
2835
3175
3175
3142
3328
3332
3363
3364
3365
3361
2841
102
98
333
258
1054
1046
29
258
1471
1464
112
119
120
266
1465
266
246
1451
1459
1078
1106
22
157
267
1451
1459
1086
1081
2
252
1447
1082
1081
21
156
179
306
471
1334
1336
1083
1115
158
137
127
127
306
471
469
1330
1159
1129
1126
2182
159
2163
129
487
1153
2178
2185
486
1155
3294
1128
2180
2185
2822
2827
3023
3019
3016
3017
2156
2203
2799
2799
2824
2827
2962
2958
3289
3279
2162
3000
2954
3002
3002
3289
3268
3269
3296
1987
2775
2781
2994
3269
3234
1989
2802
2777
2996
2997
3348
3273
2071
1985
2846
2989
3170
3343
3273
3379
2073
2070
2927
2846
3179
3173
3327
3350
3353
3379
2072
2848
2835
3169
3323
3323
2076
2852
3328
3357
29
1367
1469
1055
1374
4
116
267
1090
1332
1331
1321
21
157
294
127
1127
477
1128
3292
2164
3292
2199
2162
2828
2958
3281
2960
3281
1987
3234
3348
1977
2779
3344
3348
3325
3357
2831
2834
1366
1055
1367
1473
27
94
1049
1374
1080
293
4
302
1084
155
1336
1155
1130
2184
2826
2957
3296
2198
2800
3268
3267
1980
2775
3000
2804
2990
3355
2804
3173
3171
2927
2852
3179
3327
3335
3360
96
1475
263
1457
1465
1053
23
1451
294
1082
177
1336
1126
19
125
485
292
1328
486
2826
2958
2956
2964
2996
1985
2998
2848
3325
3357
2925
3168
3329
94
263
1370
1370
1054
265
250
4
1124
6
181
471
1126
1153
2179
2179
487
3019
3276
3294
2160
2822
2960
1976
2804
2777
1978
1983
2804
3350
2927
2070
2064
2829
3181
3323
94
261
2062
2062
1046
122
122
2142
3748
135
1453
1453
1124
124
155
125
2163
1127
2164
3015
2166
2166
3015
3275
2828
3281
2954
3002
1341
2960
3273
3355
3325
2070
2068
2844
3327
3355
2927
2831
1094
1035
2062
1455
1047
1047
3748
3748
135
1455
135
2066
1093
2066
2129
469
2063
2326
2065
1094
2146
753
2368
2235
2068
2235
830
2325
704
