2848
688
1391
1111
1074
1075
707
710
687
398
1087
1089
709
374
396
396
387
386
388
1413
1107
1108
672
674
668
365
1319
1177
1165
1167
1167
703
668
359
1312
1175
1172
1171
690
670
669
369
368
360
1275
1169
1170
1161
689
563
367
1215
1203
1205
1159
571
576
575
563
564
469
468
446
455
1268
1214
1220
1209
1211
577
565
474
452
1263
1264
1269
1272
1222
1210
580
578
484
487
468
451
1265
1265
1858
1870
1881
579
2280
1847
1862
1859
1884
1880
1880
2282
2137
1862
1868
1806
1871
2172
1853
1868
1868
1803
1878
1877
1876
2307
2302
2172
2142
2064
1848
2036
1803
2270
2273
2273
2304
2170
2179
2179
2178
2065
2068
2037
1918
1919
2270
2448
2455
2311
2170
2175
2176
2065
2065
2044
2454
2395
2026
2028
2043
2018
2479
2373
2371
2370
2396
2396
2389
2390
2056
2055
2008
2009
2019
2476
2400
2057
2007
2010
2017
2016
2020
2020
2476
2475
2365
2402
2402
2401
2384
1396
1400
1396
1398
1399
1391
1109
1111
1075
1102
1075
1074
1086
1085
1084
711
707
686
688
687
680
680
682
395
397
398
384
1399
1399
1391
1110
1108
1094
1111
1088
1089
711
710
703
684
673
686
688
373
396
388
399
385
1414
1419
1413
1415
1107
1178
1176
1165
1083
1089
1089
704
695
705
705
705
672
673
373
376
366
364
387
386
1313
1313
1319
1319
1178
1176
1177
1166
1166
696
704
689
671
675
370
377
371
366
358
1316
1316
1312
1320
1319
1318
1174
1175
1170
1167
1162
692
1160
691
668
371
367
357
357
358
1283
1315
1274
1175
1214
1169
1171
1172
1160
572
693
573
690
563
562
671
370
368
449
455
360
454
455
1283
1282
1280
1278
1276
1274
1203
1204
1161
571
577
573
566
566
565
477
476
477
447
452
448
451
1283
1279
1269
1277
1216
1216
1205
1207
1201
570
576
568
575
475
477
473
474
446
465
465
1267
1266
1267
1268
1272
1271
1221
1221
1211
1210
1209
586
569
579
581
582
596
485
488
486
488
463
466
466
452
1267
1264
1272
1222
1869
1208
1882
1883
1883
1881
2281
582
485
485
484
486
487
2293
464
464
2138
1855
1856
1862
1857
1859
1858
1805
1820
1820
1872
1869
1873
1884
1882
2284
2287
2283
2283
2280
2298
2294
2294
2294
2294
2139
2145
2136
1856
1855
1847
1867
1857
1820
1804
1873
1879
1875
1875
2287
2290
2289
2282
2307
2306
2305
2305
2146
2146
2143
2143
1853
1847
1850
1868
1805
1811
1804
1879
1877
2288
2288
2276
2307
2307
2173
2173
2173
2173
2143
2142
1852
2066
1866
1803
1812
1812
1920
1878
1874
1876
2271
2273
2276
2303
2303
2170
2179
2174
2179
2067
2064
2068
2037
2038
2040
2036
2035
2044
1916
1921
1920
2272
2456
2313
2304
2161
2174
2062
2068
2068
2026
2037
2046
2043
1919
1923
1922
2447
2454
2447
2453
2457
2372
2372
2373
2394
2396
2388
2176
2388
2061
2060
2060
2027
2028
2028
2043
2018
2043
1921
2477
2448
2478
2457
2454
2457
2370
2370
2395
2390
2387
2054
2003
2025
2025
2027
2009
2017
2022
2023
2478
2479
2491
2454
2365
2364
2365
2400
2402
2398
2389
2382
2055
2057
2003
2003
2006
2007
2008
2012
2016
2019
2021
2476
2476
2475
2365
2402
2399
2383
2383
2384
2382
2381
2056
1101
681
1397
1400
1393
1101
1111
1076
1078
1085
1086
1119
1084
1115
708
708
685
685
681
396
399
399
399
384
1397
1422
1414
1399
1416
1108
1109
1094
1102
1077
1077
1078
1080
1081
1088
709
708
701
684
679
678
375
391
385
379
379
1423
1423
1417
1094
1108
1094
1079
1082
1082
696
697
696
696
695
700
702
674
677
374
375
364
379
381
1420
1420
1420
1415
1420
1417
1197
1164
1167
699
693
702
675
677
377
365
361
362
382
381
1314
1316
1321
1322
1320
1318
1196
1195
1174
1169
1163
1162
692
691
557
670
669
371
371
363
356
359
1316
1322
1275
1195
1199
1200
1200
1159
1157
574
563
556
476
469
455
453
1281
1288
1278
1213
1205
1204
571
574
560
559
558
477
471
470
449
1283
1266
1280
1278
1278
1277
1276
1220
1212
1215
1212
571
568
584
564
559
595
473
474
471
480
462
463
447
457
1267
1263
1250
1270
1219
1217
1218
1218
1211
1208
1207
570
588
586
580
582
585
596
596
481
480
466
458
1249
1860
1272
1823
1870
1208
1887
1890
582
581
2281
596
482
2219
466
2138
1837
1839
1862
1860
1821
1823
1823
1887
1888
1889
2286
2284
2300
2298
2299
2292
2291
2295
2140
2139
2140
1856
1856
1839
1850
1864
1820
1806
1872
1871
1888
2287
2289
2297
2298
2310
2295
2168
2144
2144
2137
1853
1845
1849
1850
1850
1865
1868
1865
1813
1808
1812
1905
2285
2290
2276
2312
2310
2302
2165
2168
2145
2157
1853
2083
2040
1807
1811
1909
1874
1904
2273
2277
2278
2313
2313
2165
2177
2143
2067
2039
2039
1807
1916
1917
1916
1915
1914
2279
2279
2313
2160
2164
2167
2161
2177
2076
2062
2074
2059
2066
2045
2046
2046
2046
1918
1922
1923
2449
2451
2451
2464
2456
2379
2162
2161
2391
2175
2152
2053
2062
2061
2059
2034
2028
2030
2013
2045
2014
2470
2471
2449
2468
2379
2371
2392
2393
2386
2385
2385
2048
2051
2033
2017
2014
2023
2477
2486
2491
2490
2367
2484
2378
2359
2393
2392
2380
2054
2054
2054
2047
2005
2006
2006
2005
2010
2012
2011
2012
2015
2021
2022
2486
2491
2491
2368
2489
2368
2367
2362
2358
2397
2399
2397
2380
2381
2368
2361
2398
1394
1104
682
1397
1397
1394
1394
1393
1105
1103
1105
1069
1080
1069
1119
1118
1116
1114
653
685
685
678
390
392
393
390
393
393
393
385
1421
1386
1103
1405
1072
1076
1081
1152
1119
1114
1112
1116
655
676
679
443
392
380
1423
1423
1416
1409
1403
1093
1093
1091
1080
1083
1156
697
700
636
701
642
677
444
376
439
361
429
380
381
1422
1401
1411
1402
1402
1196
1093
1091
1192
1163
1164
698
698
637
641
641
643
440
427
363
381
382
1420
1321
1331
1197
1193
1191
1158
1181
699
638
540
640
439
362
430
423
426
1328
1325
1325
1331
1199
1198
1198
1158
554
555
557
557
541
544
558
539
530
521
520
515
453
1289
1287
1286
1286
1286
1286
1285
1231
1233
1225
1225
1157
554
574
544
543
470
529
517
448
1258
1258
1289
1286
1213
1227
1226
1242
1242
571
1242
587
584
542
591
560
471
471
462
460
458
450
1258
1259
1248
1247
1270
1224
1219
1217
1239
1238
1235
588
588
598
595
482
482
460
459
456
1259
1261
1248
1249
1250
1799
1801
1886
1887
1890
1890
585
599
597
599
2301
2247
481
2221
2220
2222
2224
1837
1838
1861
1787
1823
1903
1893
1903
1890
1889
2241
2245
2301
2300
2299
2291
2212
2220
2224
2219
2136
1839
1839
1865
1864
1822
1910
1906
1903
2287
2242
2243
2243
2298
2248
2268
2292
2203
2210
2223
2215
2216
1843
1844
1814
1815
1810
1909
1910
1912
2238
1906
2239
2240
2275
2246
2309
2310
2266
2165
2205
2156
2157
2088
1865
2084
2039
1816
1809
1908
1909
1904
2271
2233
2276
2310
2164
2167
2156
2153
2088
2090
2070
2089
2069
1979
1809
1936
1917
1944
2450
1945
2279
2279
2467
2312
2162
2165
2166
2154
2152
2076
2076
2072
2071
2071
2034
2039
2031
1978
1978
1917
1914
2451
2465
2468
2376
2161
2376
2148
2059
2073
2032
2034
2033
2031
1964
2470
2451
2473
2465
2465
2468
2379
2379
2375
2391
2386
2048
2049
2050
2034
2030
1979
2013
1963
1962
2472
2488
2480
2483
2485
2377
2377
2362
2375
2387
2339
2048
2050
2051
2106
2006
1966
1968
1967
1961
1960
2487
2489
2482
2485
2368
2359
2362
2360
2361
2362
2337
2340
2339
2339
2012
2336
1389
1386
1389
1387
1365
1104
1071
1072
1069
1153
1119
1122
1120
1121
1121
652
666
666
665
412
419
414
415
415
404
1386
1388
1404
1404
1387
1092
1072
1153
1153
1152
1155
1154
1113
1115
651
652
666
663
644
444
413
408
407
1410
1409
1405
1347
1099
1098
1100
1150
1155
1154
654
654
650
642
636
650
644
444
444
428
410
407
407
1406
1407
1410
1403
1350
1100
1194
1184
634
638
643
631
441
441
432
428
406
1328
1327
1411
1324
1401
1348
1348
1194
1194
1191
1182
1179
1187
638
637
641
630
630
641
629
440
427
519
423
425
424
1328
1326
1328
1326
1325
1330
1331
1232
1193
1230
1183
1181
553
545
555
544
541
538
530
531
530
520
518
515
514
1288
1294
1325
1331
1333
1232
1233
1226
1245
554
551
552
555
536
544
538
542
533
521
532
518
515
1287
1247
1247
1231
1223
1227
1242
552
590
593
532
517
518
457
1260
1255
1256
1251
1252
1223
1224
1239
1234
1236
622
587
585
590
592
591
478
479
460
460
456
1261
1261
1256
1251
1786
1801
1237
1238
1236
1235
621
597
598
589
589
2251
2250
479
2212
478
501
496
2224
1835
1836
1836
1787
1799
1800
1801
1894
1895
1887
2241
2242
2244
2244
2255
2248
2250
2247
2221
2211
2224
2216
1844
1835
1842
1814
1821
1788
1822
1892
1912
1895
2238
2246
2245
2265
2212
2212
2211
2206
2215
2214
2218
1845
1841
1842
1841
1813
1788
1816
1817
1817
1817
1911
1905
2237
2236
2236
2267
2268
2206
2204
2215
2194
2193
2215
2090
2081
2083
2084
1816
1808
1912
1909
1911
1945
1943
1945
2240
2235
2235
2266
2259
2203
2205
2183
2166
2157
2155
2090
2084
2119
1936
1945
1944
2460
2459
2279
2466
2259
2259
2159
2159
2149
2154
2153
2151
2079
2076
2070
2073
2116
1979
1972
1936
1942
1942
1942
2459
2461
2464
2462
2468
2467
2405
2376
2343
2150
2151
2151
2077
2077
2072
2115
2117
1974
1979
1965
1935
2472
2462
2465
2481
2403
2376
2316
2343
2344
2345
2345
2148
2098
2049
2105
2032
1974
1965
1967
1964
1961
1960
2471
2482
2482
2482
2483
2316
2343
2338
2342
2340
2096
2099
2104
2105
2104
1985
1966
1968
1962
1959
1958
2487
2488
2484
2419
2358
2317
2315
2337
2339
2103
1367
403
1380
1389
1366
1388
1367
1070
1071
1138
1135
1139
1140
1141
1141
1133
1122
1120
1123
653
666
663
419
417
415
415
414
402
404
1386
1380
1389
1358
1361
1072
1137
1138
1142
1113
652
651
652
662
663
663
421
412
413
409
408
1385
1345
1370
1361
1359
1098
1099
1100
1149
1138
1148
1156
655
624
627
442
442
443
438
429
407
1408
1344
1411
1345
1347
1350
1349
1350
1097
1096
1100
1180
1149
1186
1185
1112
635
633
626
627
434
437
432
423
1408
1407
1406
1343
1350
1354
1228
1183
1184
635
634
633
630
627
436
433
430
425
426
1293
1334
1353
1332
1229
1228
1182
1188
1189
546
546
545
540
537
630
530
527
526
512
519
1302
1300
1292
1334
1243
1244
1244
552
552
551
535
535
538
522
533
523
524
518
512
515
513
1301
1293
1333
1253
1332
948
1229
1243
1245
1241
603
602
621
604
604
522
531
503
502
504
496
498
497
1261
1301
1253
1254
1252
1237
1234
622
610
608
592
601
593
500
500
504
495
496
1260
1833
1254
947
1801
936
1797
1239
619
618
609
2257
608
2256
2249
2250
496
2196
1828
1834
1832
1786
1798
1798
1894
1894
1894
618
2229
2256
2257
2254
2251
2250
2207
2208
2209
2209
2224
2218
1826
1825
1834
1832
1783
1787
1789
1790
1793
1798
1795
1892
1900
2229
2228
2237
2255
2268
2265
2208
2217
2191
1825
1843
1842
1784
1781
1791
1912
1952
2239
2234
2235
2268
2267
2206
2206
2204
2195
2192
2195
2194
2085
1782
1782
1780
1948
1951
1948
1953
1954
2234
2230
2235
2262
2184
2182
2193
2198
2090
2089
2080
2081
2133
1973
1792
1971
1937
1947
1941
1956
2458
2407
2262
2184
2181
2189
2187
2155
2087
2079
2078
2119
2120
2114
2134
1970
1973
1969
1971
1939
1938
1942
2460
2438
2406
2404
2404
2320
2190
2150
2151
2079
2097
2078
2113
2117
2116
1970
1969
1938
1928
2473
2461
2433
2405
2406
2403
2343
2346
2346
2345
2097
2098
2100
2112
2115
1990
1987
1988
1963
1958
1994
1927
2434
2431
2424
2318
2318
2343
2355
2345
2096
2101
2099
2101
2106
2102
2103
2103
1985
1986
1986
1993
1995
1959
2435
2435
2432
2432
2432
2421
2420
2317
2318
2315
2357
2354
2354
2419
1379
1380
1376
1367
1367
1364
1364
1363
1135
1144
1143
1140
1128
1132
646
645
660
659
420
418
416
418
416
400
402
403
140
1372
1380
1371
1359
1358
1136
1138
1137
1144
1144
1144
1148
1133
649
659
657
656
420
417
409
140
143
1368
1371
1345
1372
1361
1096
1361
1150
1146
1125
1127
1126
649
649
647
656
626
438
421
410
405
141
1341
1344
1345
1347
1355
1356
1097
1145
1147
1126
1185
648
649
632
627
625
624
435
437
438
432
431
141
1342
1342
1341
1340
1353
1353
1354
974
1180
840
839
1179
1187
1186
1189
549
633
632
625
435
433
432
152
151
424
1298
1340
1299
1291
1353
968
967
834
835
827
1188
547
548
548
549
633
537
524
527
525
512
513
154
1292
1294
1290
1290
969
1230
969
953
824
826
613
547
536
538
523
527
526
499
493
499
1302
1305
1310
1309
1291
960
969
938
934
824
613
612
603
601
601
510
508
507
502
498
492
1305
1255
962
949
946
949
937
944
937
935
614
620
611
607
606
510
509
506
505
503
1304
1827
963
963
963
1733
947
1798
936
941
943
620
619
609
617
616
607
610
2254
2789
501
2769
497
1827
1706
1833
1829
1790
1793
1798
944
1899
1896
2229
617
2226
2254
2791
2218
2768
1828
1826
1825
1706
1831
1784
1789
1794
1901
1899
2229
1897
2226
2252
2254
2264
2265
2791
2791
2790
2784
2207
2192
2196
2191
1830
1830
1783
1794
1795
1901
1900
1896
2232
2231
2261
2261
2265
2182
2197
2198
2086
2085
2135
2132
2132
1780
1792
1948
1951
1954
1953
1952
1957
2230
2262
2184
2187
2201
2086
2087
2135
2131
1930
1950
1957
2438
2439
2262
2410
2409
2181
2183
2186
2201
2122
2079
2120
2135
2134
2125
2129
1972
1948
1931
1939
1950
1956
2437
2440
2410
2407
2412
2411
2190
2190
2324
2189
2349
2095
2123
2094
2120
2121
2114
2127
1989
1989
1937
1991
1932
1934
2441
2437
2423
2321
2320
2321
2348
2350
2351
2347
2093
2093
2100
2121
2114
1988
1995
1992
1928
1928
2434
2425
2425
2424
2423
2424
2321
2315
2356
2356
2351
2355
2092
2091
2111
2110
2111
1982
1987
1983
1991
1993
1994
1926
2432
2433
2431
2420
2421
2318
2326
2326
2354
2354
1981
1362
1129
1383
1377
1366
1363
1008
1364
809
1143
1139
1130
1132
1123
645
646
660
658
159
157
156
104
139
100
100
1382
1375
1378
1376
1374
1364
1360
1136
806
1147
1133
1124
4
1
658
13
159
173
168
174
140
143
142
1369
1370
1368
1373
1373
805
1146
1145
1124
1127
2
15
15
15
657
11
177
172
174
140
143
135
1339
1336
1337
1336
1356
1352
1355
841
842
828
18
18
17
177
176
150
1296
1338
1339
975
975
975
841
844
835
831
829
316
18
317
311
312
434
153
151
153
154
1296
1295
1298
1297
1352
978
975
839
837
834
838
836
825
826
318
318
315
314
312
527
252
151
153
1299
1300
957
965
960
968
967
824
827
319
347
313
510
329
508
491
1303
1305
1311
1311
964
959
959
954
935
934
613
602
613
340
347
510
506
492
493
490
493
489
1308
1305
1309
966
946
948
938
940
942
615
607
606
346
351
507
505
489
490
1694
1693
1695
962
1731
1731
1732
946
1557
941
944
941
943
614
615
607
2709
346
2708
2800
2797
2799
2769
2767
2769
1705
1730
1728
1695
1731
1731
1731
1734
1734
1558
1561
1569
1898
1584
616
1898
2710
2696
2708
2791
2789
2798
2798
2793
2766
2768
1706
1706
1723
1733
1558
1557
1585
2707
2710
2711
2695
2713
2783
2785
1665
1704
1658
1723
1829
1719
1781
1560
1564
1598
1598
1897
2226
2703
2713
2712
2791
2702
2787
2782
2786
2785
2783
2197
1666
1667
1667
1831
1655
2132
1791
1565
1564
1955
2231
2232
2526
2713
2700
2521
2782
2200
2199
2199
1665
1666
2135
2132
2129
1425
2128
1563
1951
1599
1599
1951
1957
1957
2440
2439
2521
2413
2591
2187
2186
2201
1662
2124
2124
2126
2129
2129
1998
1931
1930
1931
1934
1932
1955
2442
2440
2524
2409
2522
2413
2323
2187
2347
1648
2122
2126
1990
1998
1933
1934
1934
2443
2441
2410
2411
2324
2324
2324
2348
2350
1650
1649
2123
2094
2112
2001
1997
1927
1924
2446
2418
2415
2335
2329
2328
2349
2666
2095
2091
2112
2109
2110
1983
1981
1984
1999
2000
1926
1925
2428
2427
2429
2418
2424
2417
2422
2327
2326
2328
2357
2664
2092
1992
2353
1131
7
1383
1383
1374
1008
1007
811
807
808
810
1130
1128
818
1131
7
6
8
8
158
157
103
102
103
104
100
1382
1378
1375
1011
1008
810
805
808
1129
814
1125
814
4
3
4
10
159
1
159
167
102
1369
1377
1001
1002
1048
804
815
812
816
2
20
4
19
14
162
172
177
177
173
168
136
143
1025
1027
1337
1049
1049
1049
844
813
843
813
830
830
21
17
18
15
12
322
169
171
170
169
150
136
1338
1339
1033
978
977
974
976
840
843
844
844
832
829
316
321
311
325
324
151
153
148
1297
1297
1029
978
978
971
971
838
837
833
749
831
320
320
317
323
314
323
322
329
252
144
145
1307
1310
930
957
957
960
958
972
752
745
825
339
339
315
331
328
328
329
254
250
145
147
1308
1307
1311
966
965
960
955
955
953
747
343
342
349
349
351
248
260
1308
1311
926
964
951
952
954
751
719
340
336
337
346
348
354
352
257
257
1693
1692
1726
1725
951
952
952
940
944
942
719
718
719
335
345
2693
2692
2802
2802
2760
2797
2769
1694
1727
1728
1732
1559
1572
1570
1586
1586
2706
2709
2694
2692
2801
2800
2799
2766
1704
1721
1722
1720
1560
1561
1571
1569
1571
1589
1588
1584
2705
2706
2711
2695
2788
2786
2796
2793
2765
2775
2766
1703
1723
1661
1723
1722
1720
1717
1567
1564
1587
1594
2705
2704
2713
2701
2787
2784
2777
2777
1660
1658
1719
1425
1565
1567
1564
1601
1595
1595
2525
2700
2520
2701
2589
2776
2591
2778
2201
2777
1663
1664
1662
1664
1655
1656
1427
1428
1598
1601
1600
1601
2440
1593
2525
2523
2519
2523
2521
2591
2590
2590
2591
2598
2593
1648
1647
1651
1653
1425
1439
1431
1465
2443
2527
2499
2524
2587
2588
2323
2595
2185
1649
1650
1646
2125
2127
1431
1998
1997
1438
1438
1463
1467
2442
2446
2415
2498
2412
2511
2334
2658
2659
2596
1672
1674
1672
2109
2108
1983
1478
2001
1477
1998
1452
1464
1464
2425
2446
2444
2418
2445
2333
2334
2327
2329
2665
2665
1670
1669
2109
2108
2109
1983
1984
2001
2000
2001
1453
1925
1455
1924
1454
2429
2428
2427
2418
2415
2417
2332
2333
2331
2669
2332
2667
2668
2664
2669
2666
7
110
1016
1016
1022
1010
1011
811
806
807
819
817
817
820
7
10
10
163
161
165
164
164
156
109
107
107
106
1011
1009
1011
1008
803
805
819
815
23
821
22
22
26
9
162
162
161
165
166
107
107
101
1026
1015
1009
1002
1001
1048
805
802
812
32
30
23
32
26
19
25
11
1
162
167
136
92
1027
1032
1026
1024
1053
1055
1049
1046
803
802
828
31
28
21
175
170
171
326
166
137
137
1027
1029
1024
1033
1032
1033
1054
1050
1046
742
836
833
20
321
29
302
298
299
326
253
144
134
146
1024
1030
928
929
1031
933
976
972
1050
744
744
746
741
832
748
319
332
332
330
325
251
251
146
258
147
904
905
928
933
933
972
752
752
755
748
749
340
341
308
291
313
331
332
329
254
250
259
258
903
902
929
927
958
924
769
752
745
722
341
342
343
349
352
353
352
352
248
247
257
264
259
901
925
927
952
751
754
722
722
719
337
334
333
349
355
355
353
247
256
257
265
262
263
1691
1698
1700
926
924
924
721
722
335
336
346
2802
2802
2763
2760
2761
1691
1692
1712
1697
1727
1726
1725
1559
1577
1570
1572
1578
1585
2688
2691
2687
2682
2694
2696
2693
2795
2794
2763
2762
2766
1711
1712
1712
1712
1710
1721
1725
1714
1575
1575
1569
1587
1588
2691
2707
2679
2698
2699
2795
2794
2773
2774
2771
1703
1711
1715
1716
1717
1714
1566
1574
1581
1589
1592
2704
2672
2703
2702
2680
2699
2788
2792
2773
2775
2778
2770
1659
1661
1659
1660
1661
1717
1717
1567
1567
1598
1598
1594
1590
1591
1593
1591
2670
2526
2529
2515
2515
2582
2779
1663
1661
1652
1426
1656
1656
1427
1432
1432
1601
1597
1590
2528
2528
2529
2530
2515
2521
2518
2588
2588
2599
2597
2599
2592
1646
1652
1652
1426
1430
1434
1442
1431
1442
1441
1467
1466
2502
2502
2499
2522
2587
2597
2596
2593
2594
1647
1676
1673
1675
1653
1478
1475
1431
1436
1439
1438
1465
1457
1464
1467
2502
2498
2511
2648
2651
2660
2595
2660
1671
1672
1675
1674
1478
1478
1477
1470
1438
1452
1463
1464
2444
2501
2505
2506
2513
2335
2658
2650
2668
2659
1668
1668
1672
1685
1469
1468
1470
1472
1437
1453
1456
1456
2426
2446
2507
2504
2332
2331
2332
2513
2651
2669
2667
1014
1021
1019
1022
1019
811
874
877
822
822
24
40
10
87
68
66
109
110
106
1016
1016
1013
1010
1003
867
873
873
877
818
822
822
26
26
39
88
163
108
108
90
93
1013
1036
1003
1055
1005
869
854
870
855
816
32
30
29
41
82
78
127
132
93
126
1027
1055
853
853
851
32
29
43
41
12
79
79
130
129
137
131
137
91
1040
1041
1039
1031
1037
1054
1046
743
740
738
28
304
295
299
297
324
221
213
132
251
134
1030
1030
932
1052
1051
1051
744
743
740
738
735
310
309
292
298
297
214
228
148
905
905
909
919
933
918
917
744
771
753
746
747
307
310
310
293
293
290
289
332
254
254
230
227
904
908
907
930
931
931
920
754
753
307
289
290
182
180
248
246
245
266
266
260
901
902
927
921
927
768
770
775
776
712
716
333
285
181
248
265
261
263
1697
1698
1701
1701
1699
1764
777
777
720
714
2688
334
2681
354
2835
2833
2763
266
2763
262
1701
1701
1700
1753
1764
1576
1578
1580
2691
2687
2685
2681
2677
2835
2796
2822
2762
1709
1707
1724
1773
1766
1766
1577
1574
1579
1580
1583
2689
2682
2675
2680
2699
2832
2792
2772
2773
2774
1708
1708
1772
1716
1767
1575
1575
1582
1582
1592
2671
2673
2680
2678
2698
2845
2819
2821
2773
2771
1622
1614
1612
1566
1514
1520
2671
2531
2674
2674
2530
2585
2780
2820
2780
1623
1611
1610
1610
1428
1433
1517
1442
1514
2527
2532
2532
2516
2517
2517
2585
2585
2598
2601
2602
1678
1620
1652
1604
1475
1433
1443
1442
1459
1520
2531
2499
2492
2495
2584
2600
2602
2600
2592
1677
1676
1688
1475
1689
1486
1429
1445
1458
1461
1460
1467
2576
2574
2569
2502
2512
2494
2508
2649
2651
2661
2662
1673
1677
1690
1690
1690
1474
1468
1475
1486
1485
1436
1451
1458
1448
1459
2574
2571
2505
2507
2509
2512
2510
2513
2649
2650
2651
2654
2663
2663
1669
1679
1683
1687
1469
1472
1472
1451
1455
1454
2573
2574
2572
2572
2506
2513
2504
2510
2656
2652
2653
1448
62
992
1020
992
1021
986
1018
1019
867
874
876
857
858
40
61
40
57
51
51
70
68
67
96
89
99
99
1020
1019
1004
982
874
871
876
877
849
860
821
62
40
87
67
66
95
90
90
1000
999
1013
1004
1053
981
1005
871
871
850
847
34
39
81
42
82
86
128
92
93
93
1042
1044
1043
1037
1061
1055
871
882
855
854
852
852
851
850
29
42
35
43
82
81
82
79
78
127
132
128
126
1043
1039
1041
1067
785
787
737
738
738
303
303
304
296
219
215
213
131
229
225
131
126
226
911
1064
918
1052
784
739
785
741
735
302
309
300
296
295
296
218
220
215
232
227
226
908
898
899
922
919
917
763
739
735
306
307
310
291
292
288
218
218
214
253
232
231
242
910
908
908
922
920
770
771
771
755
733
733
307
273
284
285
288
182
182
245
246
231
243
237
1696
1754
775
767
774
713
713
716
732
715
284
280
285
186
183
184
235
266
1696
1755
1756
773
777
774
776
1542
712
1540
716
2750
716
714
2688
2684
2683
188
2728
187
2834
2835
2835
2811
2811
261
1751
1752
1763
774
1553
1541
2751
2684
2683
2685
2676
2826
2833
2832
2831
2813
1707
1752
1770
1770
1773
1771
1764
1767
1767
1553
1576
1552
1553
1553
2751
2691
2748
2676
2675
2728
2832
2823
2823
2818
2815
1709
1621
1769
1773
1773
1772
1555
1556
1581
1583
2690
2672
2673
2679
2677
2678
2847
2847
2819
2817
2816
1616
1617
1611
1612
1554
1516
1515
1514
1522
2670
2518
2820
2821
2779
2817
2620
1623
1622
1620
1621
1619
1615
1608
1554
1434
1517
1516
1517
1515
1523
1519
1523
1520
2535
2535
2534
2493
2516
2585
2582
2613
2621
1618
1620
1605
1607
1482
1483
1445
1444
1445
1441
1521
1520
2579
2535
2493
2496
2496
2584
2601
2624
2624
1678
1620
1606
1604
1689
1486
1445
1444
1457
1460
2577
2577
2577
2492
2500
2546
2495
2494
2632
2632
2631
2632
2643
2623
1686
1682
1690
1484
1686
1489
1486
1447
1461
2570
2571
2547
2569
2510
2648
2657
2634
2663
2653
2643
1680
1680
1684
1684
1471
1487
1489
1472
1499
1446
1450
1449
2574
2563
2549
2509
2657
2657
2657
2656
2654
2652
2662
1687
985
58
993
994
984
985
886
888
887
889
858
856
62
61
62
50
59
69
69
95
96
98
99
1000
994
994
994
979
881
883
867
868
888
877
860
65
51
54
51
88
70
76
121
96
99
1000
999
1036
1060
980
980
883
883
870
848
849
859
54
53
52
85
85
86
125
125
1044
1060
1061
788
786
846
846
847
37
48
48
85
129
118
123
126
1042
1040
1037
1065
1066
1066
788
786
794
737
301
301
296
221
219
225
1034
900
1063
1064
1067
915
784
792
300
271
275
220
217
211
212
229
228
226
911
900
900
900
916
763
780
763
785
799
733
276
288
218
218
211
232
241
241
911
907
921
762
798
732
733
729
277
274
274
272
286
287
286
199
180
232
190
243
243
242
240
910
1738
1738
768
767
731
731
728
728
730
273
282
285
179
186
185
185
237
237
1741
1751
1755
773
774
758
2752
2749
2734
187
188
183
2810
236
2813
1742
1753
1775
1764
1756
1542
1540
2752
2752
2758
2749
2734
2748
2735
2828
2831
2827
2810
2809
2812
2813
1740
1745
1770
1770
1761
1759
1539
1541
2758
2757
2727
2729
2729
2826
2832
2824
2816
2815
1745
1777
1614
1771
1779
1758
1555
1556
1530
1532
2743
2742
2718
2727
2721
2846
2847
2824
2824
2814
2824
2818
1616
1617
1609
1767
1547
1524
1531
1531
1523
2741
2716
2717
2533
2847
2613
2611
2615
1630
1617
1609
1615
1608
1547
1547
1550
1531
1533
1521
1534
1522
2580
2739
2542
2535
2534
2537
2612
2613
2613
2619
2621
2617
2620
1642
1641
1606
1607
1483
1481
1511
1502
2580
2580
2580
2578
2545
2544
2630
2632
2619
2624
2623
1605
1644
1642
1643
1479
1480
1483
1482
1512
1512
1502
2576
2562
2545
2548
2537
2537
2635
2635
2643
2624
1681
1682
1639
1639
1488
1489
1512
1510
1449
2558
2564
2570
2551
2548
2628
2635
2627
2643
2642
1681
1683
1687
1487
1489
1500
1500
1499
1447
1506
1500
1450
2565
2565
2547
2549
2552
2628
2629
2637
2637
2550
887
993
986
63
64
64
63
55
59
76
58
74
76
121
97
97
992
983
984
889
882
863
860
860
65
54
83
76
75
120
121
119
997
996
982
979
882
879
846
848
866
34
54
85
73
118
121
997
997
998
998
1059
880
878
787
866
864
37
47
200
118
123
1035
1038
1064
1065
1056
788
794
793
864
271
48
200
201
207
205
210
223
891
1034
1063
1057
781
782
800
794
791
271
212
206
207
209
223
893
894
897
897
915
782
780
800
798
799
791
275
272
270
204
199
238
240
894
899
766
763
764
730
276
281
278
288
199
238
894
897
764
765
729
724
723
281
178
178
195
190
235
240
1739
1739
1756
1747
1746
1544
1544
724
279
279
2733
280
179
2828
184
2810
237
1742
1741
1736
1760
1759
1538
1545
2756
2752
2749
2735
2732
2735
2827
2829
2810
2813
1740
1743
1761
1535
1545
2758
2758
2734
2735
2838
2844
2841
2803
2806
1632
1745
1745
1776
1777
1778
1758
1761
1779
2746
2743
2744
2717
2753
2720
2842
2844
2804
2807
1631
1633
1617
1779
1758
1550
1531
1533
2743
2745
2718
2715
2720
2721
2840
2842
2614
2616
2614
1631
1627
1624
1548
1533
2738
2738
2740
2716
2543
2610
2609
2608
2611
2618
2616
1642
1626
1480
1509
1525
1503
2559
2579
2541
2544
2539
2608
2606
2622
1645
1645
1626
1494
1479
1512
1509
1511
1503
2561
2562
2546
2557
2633
2635
2645
2644
2642
1644
1509
1494
1497
1510
1505
2568
2568
2563
2550
2557
2552
2635
2625
2626
2646
1681
1638
1639
1493
1497
1504
2564
2567
2551
2554
2553
2627
2640
2638
2637
1500
991
886
886
857
115
115
990
856
71
73
981
983
880
863
71
794
866
37
48
118
123
1035
916
788
37
201
206
209
1058
790
269
210
223
893
897
781
797
277
197
202
204
239
914
765
766
759
797
727
267
268
198
199
191
1739
896
1749
760
725
196
1736
1747
726
195
2805
234
1737
1760
1537
1544
2754
2732
2731
2732
1744
1779
1761
1538
1539
1535
2756
2753
2843
2838
1634
2724
2722
2723
2719
2843
2841
2841
2806
1625
1527
1533
2742
2840
2807
1625
1550
1531
2740
2719
2609
2617
1641
1627
1508
2739
2542
2540
2607
2618
1642
1645
1492
1509
2559
2562
2555
2607
2626
2646
1645
1509
1506
2566
2557
2625
1638
1505
2553
2640
991
52
72
114
56
1059
1056
879
117
271
202
203
891
913
797
797
240
760
234
2808
1775
2804
1776
1743
1535
2754
2837
2745
2838
1624
2615
2610
1631
1534
2539
2540
2555
2644
1496
1504
59
115
55
75
996
885
119
34
208
792
1058
796
205
913
197
196
190
1746
1543
2755
2803
1778
1548
2841
2839
1630
2737
2724
1549
2736
2606
1528
2561
2562
1492
1503
2568
2557
2629
2638
989
74
863
47
72
116
997
36
791
208
914
203
193
894
759
726
791
282
725
1544
2755
2732
2744
2736
1628
2543
1494
2538
2645
1494
2567
2554
886
863
865
56
115
878
866
1057
193
890
778
268
193
196
1737
1739
727
2732
2829
2805
1632
1537
2746
1634
1550
1527
1633
1628
1528
2607
1491
1637
1637
1497
2568
2556
989
862
1603
1603
112
987
987
757
1976
778
45
45
192
759
912
759
1749
193
1750
2726
1750
1750
2726
2829
1536
2837
2722
2723
756
2737
2604
2604
2543
1636
1636
1491
2538
2604
1491
1497
1412
1190
1603
44
112
112
1976
1976
779
44
779
2639
1525
2639
1202
267
1526
2714
1202
372
2715
2594
394
2469
1636
2469
401
2581
401
