448
212
96
92
104
104
221
221
212
194
102
102
221
212
194
194
195
195
195
62
93
93
219
218
218
191
59
103
102
100
102
219
218
191
61
83
100
100
218
218
218
172
172
190
59
100
100
100
197
197
172
80
80
80
100
198
198
198
197
197
172
171
168
168
70
80
72
81
81
198
197
173
170
70
70
72
72
72
81
206
196
173
173
173
170
75
75
347
389
389
206
292
349
347
347
389
389
389
290
320
347
346
346
389
321
349
348
346
346
391
391
391
286
315
315
318
343
348
344
384
283
283
286
315
319
319
319
319
343
343
345
384
372
283
283
285
285
317
319
327
343
343
376
284
326
358
358
376
372
371
304
326
304
326
328
328
328
360
360
359
359
374
301
328
357
357
359
374
374
374
374
371
301
304
323
323
323
323
97
96
97
96
97
96
92
92
92
92
104
104
101
101
221
221
221
212
212
212
212
212
212
194
194
194
195
97
96
93
92
93
104
92
101
101
221
221
219
219
219
212
212
194
194
195
194
195
97
62
62
93
93
103
103
102
102
102
102
220
217
219
219
219
219
212
191
191
191
191
195
195
62
62
59
59
103
103
103
102
102
217
217
219
218
218
218
191
191
191
191
61
61
61
59
59
59
83
100
100
100
99
217
99
217
218
172
172
191
191
168
61
61
83
83
83
100
100
100
99
198
197
197
197
197
196
196
172
172
171
168
168
168
168
61
61
70
70
70
80
80
81
99
198
198
197
197
196
196
196
172
174
171
168
168
168
75
70
70
72
80
80
81
81
81
198
198
198
198
196
172
173
174
170
170
170
75
75
75
72
71
72
80
72
81
81
81
207
207
206
206
206
206
173
173
174
173
170
170
170
170
75
75
72
72
389
81
389
389
388
388
292
206
173
173
173
173
173
321
170
170
320
349
349
347
347
347
347
346
347
385
390
389
389
389
389
292
292
292
292
292
290
321
291
291
321
321
320
320
349
349
348
348
346
346
390
391
391
391
391
292
292
292
290
286
286
321
286
321
320
318
320
349
348
348
346
346
384
384
391
391
283
286
286
286
286
321
319
321
319
318
318
349
344
345
345
384
384
380
391
391
391
283
286
286
286
315
315
319
319
319
343
343
343
344
344
345
345
345
376
376
372
372
283
284
285
315
317
319
343
343
343
344
345
376
376
372
372
372
372
284
284
284
284
285
326
326
326
326
328
327
327
360
360
360
358
358
358
376
376
376
372
371
373
372
284
284
284
304
304
326
328
328
360
357
357
357
358
359
376
374
374
371
371
301
301
304
304
323
326
323
323
328
328
360
360
357
357
357
359
359
359
374
374
374
371
301
301
304
323
323
323
322
322
322
322
357
92
211
97
96
96
96
92
92
104
101
101
220
220
221
221
221
211
211
211
194
194
194
194
192
97
97
97
96
93
93
93
104
92
104
104
104
101
101
101
221
221
217
211
211
211
193
193
195
192
192
97
62
93
93
93
103
103
102
101
220
220
220
220
217
219
217
219
213
212
189
190
195
195
62
62
62
59
62
59
103
102
102
220
217
217
219
218
189
191
189
190
195
190
61
61
59
59
60
60
60
98
103
98
99
99
200
200
201
218
218
189
172
190
190
190
61
59
83
83
98
83
98
99
99
200
197
196
172
171
168
168
58
58
70
83
81
78
200
198
201
196
196
196
171
171
171
58
75
70
70
71
71
70
72
82
80
82
198
207
207
197
196
206
174
174
171
174
171
174
170
169
75
71
71
71
72
82
80
80
81
78
78
207
207
207
206
206
206
208
208
174
174
170
169
71
347
72
385
389
78
388
388
206
206
290
206
174
321
169
320
342
342
347
347
385
385
385
388
388
388
292
292
290
290
290
291
291
291
321
321
320
349
349
340
348
346
346
385
390
390
390
292
293
290
290
282
291
321
321
320
320
349
340
340
348
348
348
348
348
346
383
384
390
293
292
286
285
282
315
317
321
318
318
349
344
344
345
383
380
391
390
283
285
285
285
285
317
318
318
344
345
345
384
384
384
380
380
373
283
285
285
317
317
319
326
319
343
360
340
343
344
345
376
384
376
372
372
372
373
283
373
284
284
307
326
326
325
327
327
360
360
360
361
358
358
358
377
377
374
373
371
284
307
307
304
326
325
328
327
327
360
360
358
377
374
375
371
301
301
307
304
305
305
323
325
325
328
363
363
363
363
357
363
357
357
359
359
359
377
375
375
375
301
301
301
304
301
305
304
323
305
323
324
324
322
322
305
324
324
96
91
211
97
94
96
94
96
92
92
91
110
101
110
110
223
223
223
223
211
211
210
193
193
193
193
193
193
192
192
95
94
91
91
91
104
110
110
223
220
223
223
223
211
211
193
193
192
97
95
97
95
91
91
93
103
104
101
108
220
220
222
217
213
211
189
189
189
189
192
192
192
62
60
62
60
60
91
103
103
103
99
99
220
217
216
213
213
213
189
189
190
190
190
62
60
60
60
98
98
99
109
200
216
200
213
189
190
190
190
182
61
61
57
60
83
98
98
99
200
200
201
201
201
201
201
201
178
181
181
180
168
58
58
57
57
57
57
83
83
82
82
77
99
200
200
201
201
171
178
181
169
75
75
58
71
82
82
79
77
78
207
78
207
207
201
209
202
174
171
171
169
169
169
75
75
76
71
71
82
82
82
79
78
78
207
207
208
209
174
174
174
169
169
76
76
76
71
76
385
385
385
388
388
388
208
208
208
208
291
291
174
312
313
313
313
342
342
337
337
385
387
387
390
388
388
293
293
290
290
291
291
312
313
313
313
320
342
342
337
346
383
387
390
390
293
293
293
293
290
288
282
291
312
312
313
314
313
340
340
337
383
383
383
380
380
293
390
293
287
293
293
282
282
317
317
314
314
318
340
348
336
345
348
383
383
379
380
283
281
281
282
317
317
318
318
340
339
344
339
344
384
384
379
373
373
373
373
281
285
285
282
317
317
325
327
327
361
339
361
344
361
361
345
377
384
377
377
373
373
283
283
307
326
325
327
361
361
361
358
358
358
377
371
373
371
302
302
307
307
307
325
325
327
363
361
363
361
358
377
377
377
375
371
302
302
307
305
307
307
324
325
328
322
363
363
363
362
359
377
375
375
375
375
302
302
302
305
305
305
324
324
324
324
324
322
322
322
359
322
94
94
94
94
87
91
87
91
110
105
105
223
223
223
223
214
210
210
210
193
210
193
186
193
192
94
94
91
91
89
90
110
110
110
110
110
105
222
223
214
214
210
214
213
187
186
185
192
95
95
95
90
90
111
111
111
110
110
222
222
214
213
214
214
213
187
187
187
185
192
192
56
56
95
95
90
111
98
108
216
216
213
216
187
187
184
185
182
56
57
56
57
60
66
66
98
98
108
109
109
109
216
216
216
215
215
213
215
187
189
184
184
184
184
58
58
57
57
57
57
66
66
98
77
109
109
199
199
200
201
201
202
178
178
178
181
181
180
180
58
58
57
73
66
82
82
77
77
200
203
199
200
202
201
202
202
178
181
178
181
180
58
76
71
82
82
79
77
203
209
209
179
181
181
169
76
76
76
73
73
79
79
79
78
78
203
208
208
208
209
209
177
177
180
169
169
76
76
76
71
338
385
79
79
78
78
204
208
208
209
209
288
288
177
312
177
177
180
313
342
342
342
338
385
386
386
387
387
388
387
287
289
289
289
288
288
312
312
312
313
313
340
342
337
337
337
382
383
386
387
387
287
293
289
311
311
312
314
314
313
314
308
340
336
342
336
337
337
337
383
383
383
379
390
287
293
287
282
282
311
314
314
310
310
314
339
336
340
336
337
383
379
379
380
380
380
364
287
281
281
282
316
316
314
316
314
310
310
339
339
353
379
364
364
280
280
281
281
306
306
316
316
334
310
318
333
350
350
350
361
353
381
381
364
364
364
364
364
294
281
294
306
306
306
317
325
333
333
333
350
361
350
362
353
368
377
368
364
373
302
302
306
306
307
325
325
333
333
333
333
352
363
362
362
362
368
377
368
375
375
371
302
302
302
307
306
325
333
332
322
352
363
363
362
362
362
369
369
375
367
375
302
302
303
305
305
324
331
330
322
362
87
185
94
94
87
87
87
87
87
106
106
106
106
105
105
105
105
222
222
222
210
210
186
186
186
186
186
186
185
95
94
85
90
90
90
106
111
106
222
222
214
214
214
210
214
186
187
185
185
185
95
95
85
90
90
90
111
111
111
111
111
108
222
216
214
187
187
187
187
185
182
95
56
95
56
56
60
90
90
90
111
111
108
108
108
108
222
216
216
213
215
188
188
188
184
56
56
56
68
67
67
66
109
109
199
216
215
215
215
188
188
184
182
183
63
67
67
66
66
66
109
109
109
199
199
199
199
202
215
178
179
178
184
181
58
63
63
67
77
77
77
199
203
203
202
202
202
179
179
179
179
181
181
180
180
58
63
73
73
73
74
77
77
77
78
203
203
203
205
205
179
179
176
178
180
180
180
177
76
64
73
73
74
79
78
203
205
209
209
209
209
177
177
177
177
177
76
341
73
74
386
79
386
79
204
204
205
289
209
289
288
312
177
308
341
341
338
338
386
386
386
387
387
204
287
289
289
289
288
312
311
312
312
311
313
308
342
341
341
341
338
338
338
338
382
386
386
386
387
387
287
287
289
288
311
311
313
308
341
340
336
338
382
382
380
380
287
287
281
282
316
311
311
314
310
308
310
310
339
336
337
382
379
379
379
380
378
280
280
281
282
316
310
310
310
339
339
350
336
353
381
381
381
366
379
364
364
280
297
282
316
334
334
310
310
339
350
350
353
350
353
353
381
381
368
381
366
366
364
294
294
306
306
306
334
334
333
333
350
352
350
353
353
353
368
368
368
366
365
294
296
306
294
306
332
332
332
333
352
352
351
355
362
369
369
368
368
367
367
367
303
303
299
331
331
332
330
333
352
351
351
351
351
351
362
355
362
369
369
369
367
367
303
303
303
303
303
303
305
331
331
330
330
330
330
305
85
85
85
87
87
87
87
88
88
106
106
106
105
105
222
140
140
160
160
186
160
186
186
185
185
185
155
85
85
85
89
89
88
106
106
106
106
107
105
105
141
160
160
159
160
155
185
185
182
85
85
84
84
89
89
89
108
107
44
141
141
222
141
141
159
214
159
186
185
182
182
69
84
68
89
89
89
111
108
108
42
42
142
141
216
215
215
142
188
188
188
184
182
182
69
68
68
68
67
67
67
111
108
43
43
108
109
42
42
199
215
122
215
188
188
184
183
183
183
69
68
68
68
67
67
66
38
66
38
38
199
137
199
136
215
202
179
188
184
184
183
183
63
63
63
67
66
66
36
36
38
38
203
203
202
202
179
179
178
181
175
180
64
64
64
65
63
67
74
36
36
38
203
204
205
205
205
179
179
176
176
175
175
64
73
74
74
74
79
37
37
37
36
204
204
204
205
205
135
176
176
176
176
64
341
73
74
74
407
74
437
36
37
37
204
204
205
204
204
205
205
289
237
176
231
177
341
406
341
407
338
437
386
37
387
441
441
204
287
289
237
308
231
341
341
341
406
338
338
437
437
386
441
441
441
441
289
289
288
311
237
237
236
236
311
308
308
308
341
336
338
382
378
378
378
378
280
287
288
288
311
309
308
308
339
336
336
336
354
382
382
379
378
378
378
378
378
280
316
316
309
309
339
339
354
381
382
379
365
280
280
282
297
297
316
316
309
309
352
350
353
353
354
354
381
381
366
366
366
366
365
365
294
294
297
297
334
334
334
334
332
332
352
352
352
353
354
355
354
369
368
368
368
366
365
296
294
299
334
334
334
332
332
332
335
352
351
351
355
355
369
367
370
367
365
303
296
296
299
299
299
331
331
330
330
332
330
351
351
355
355
355
355
369
369
370
370
367
367
303
296
303
299
299
331
331
330
330
330
369
88
107
86
86
87
88
88
88
88
106
107
107
105
141
140
140
160
160
160
160
154
155
155
155
155
85
85
86
86
86
88
89
88
107
107
107
50
141
140
160
159
159
159
156
155
156
156
155
85
85
84
84
84
49
107
44
50
42
141
141
142
142
159
159
159
159
156
156
182
156
84
84
84
84
89
84
89
43
43
44
142
142
142
159
158
184
69
69
68
67
27
27
43
43
43
42
42
136
142
136
122
122
188
183
183
183
183
69
69
69
68
68
67
27
43
40
38
38
43
38
38
136
136
122
122
122
179
125
183
183
63
69
63
63
27
27
38
38
38
137
137
135
122
125
176
175
64
64
65
65
63
24
25
36
36
36
139
137
139
137
135
176
176
175
175
175
175
175
64
64
64
65
74
36
36
37
37
139
139
135
135
135
176
176
175
175
64
406
64
74
407
407
407
35
437
37
37
37
37
139
204
139
261
135
237
237
234
234
231
231
231
406
406
406
406
407
407
407
407
437
437
437
438
441
441
139
441
261
237
261
237
237
234
234
233
231
231
406
406
408
407
437
438
441
261
261
260
237
260
236
233
394
406
394
406
408
439
437
438
438
438
443
441
441
259
260
260
237
236
236
236
236
236
233
308
394
394
394
394
394
382
382
439
439
378
280
280
259
260
260
236
236
309
309
309
393
393
354
354
354
439
381
439
379
442
439
378
365
365
280
294
270
297
316
309
309
309
393
354
354
354
381
354
433
366
366
366
365
365
365
296
294
297
297
297
297
335
334
335
396
352
355
369
370
365
365
365
296
296
297
297
335
335
335
335
332
396
396
356
351
356
370
422
367
295
296
299
299
298
331
331
332
329
351
351
356
356
356
355
355
370
370
370
295
295
295
299
300
300
299
299
298
331
331
330
329
329
351
370
329
50
140
86
86
86
88
88
49
49
107
49
107
107
50
50
140
140
140
160
157
154
154
155
155
155
155
86
86
86
8
88
49
49
50
50
50
50
50
143
141
141
140
159
159
159
156
155
84
86
8
7
7
44
44
44
44
143
144
141
142
142
158
158
158
158
158
156
156
156
4
4
84
7
7
7
43
44
44
44
42
42
142
142
144
142
146
122
158
163
163
163
163
156
69
68
3
26
26
27
27
43
43
43
43
42
42
136
136
122
123
123
183
183
119
69
69
3
27
27
27
27
40
40
39
39
39
136
136
136
122
133
122
123
125
125
125
183
65
65
21
24
24
27
24
24
40
40
39
137
137
136
133
122
125
125
125
125
175
119
65
65
65
65
24
24
25
25
36
39
137
137
133
135
135
125
120
65
65
21
25
25
25
36
35
139
139
139
138
135
135
135
134
121
120
410
65
407
407
25
25
35
35
37
37
35
35
139
139
139
261
235
234
234
234
234
231
410
408
407
407
437
438
435
435
443
261
261
261
237
235
234
234
231
410
408
408
408
438
438
438
438
435
443
443
443
259
259
261
261
237
236
235
233
233
233
233
409
406
394
408
408
439
439
440
438
438
443
259
259
260
260
236
233
233
233
394
394
439
439
439
440
440
442
442
443
259
260
270
260
249
250
250
250
309
250
393
393
393
393
393
392
432
432
439
442
442
442
294
442
272
270
270
270
270
249
249
249
249
251
250
395
393
392
392
433
433
433
442
296
272
272
270
249
249
335
251
309
396
396
392
356
431
433
430
433
433
422
422
442
296
296
299
297
297
268
335
335
335
251
396
395
396
356
356
356
431
370
430
430
422
422
295
295
300
295
300
300
298
298
335
335
329
329
396
396
356
356
356
356
370
430
370
370
420
367
420
295
295
295
295
300
300
300
300
298
298
298
329
298
329
329
329
329
329
143
154
4
9
9
8
8
49
49
50
51
51
51
50
143
140
140
157
157
157
157
157
154
154
154
166
154
8
8
8
8
49
49
51
51
143
51
143
143
143
145
158
157
158
157
154
161
156
156
4
8
8
8
7
7
49
51
44
144
143
143
144
143
146
146
146
158
158
163
156
161
4
4
4
4
7
7
26
7
54
44
42
144
144
146
158
163
163
123
163
163
161
4
3
4
3
4
3
26
26
26
47
48
48
42
128
144
128
128
127
123
124
163
161
119
3
3
26
21
26
26
26
27
18
40
40
40
40
39
39
39
133
123
123
123
124
124
119
119
119
22
22
24
24
24
24
40
41
41
41
39
39
137
137
127
133
133
133
123
124
125
119
119
22
22
21
21
24
25
20
41
41
39
138
137
138
133
134
134
134
134
125
121
121
120
120
22
21
25
25
35
41
35
35
139
138
138
138
134
134
134
134
121
134
121
121
120
120
410
410
411
21
25
20
35
258
138
138
135
235
234
231
234
231
410
410
410
410
411
411
419
437
436
436
435
435
435
258
259
262
262
261
235
235
235
234
232
232
233
410
410
410
409
409
408
408
419
440
436
435
435
443
259
261
262
263
235
235
235
232
232
232
410
409
408
408
419
440
440
440
435
443
443
259
259
260
260
263
260
235
235
232
233
232
232
394
393
393
394
394
392
419
440
440
447
442
443
443
446
443
443
265
259
272
270
249
248
250
393
392
392
432
392
432
432
432
432
442
447
447
272
272
272
270
270
270
269
249
249
250
251
251
251
395
392
392
430
432
432
433
433
422
447
442
442
272
272
270
270
249
249
251
251
251
395
395
395
395
392
431
431
432
433
433
422
422
421
422
277
272
272
268
243
241
241
251
242
396
396
395
395
431
431
431
430
420
420
422
420
295
276
300
300
268
298
241
241
241
241
396
398
396
397
431
431
430
430
420
420
422
420
295
295
300
300
298
298
298
268
241
241
242
9
9
9
9
9
49
55
53
51
51
143
143
145
153
157
157
154
166
166
6
9
9
8
8
55
55
55
55
51
51
51
143
145
145
153
157
154
161
166
166
6
5
8
7
7
55
55
55
47
51
144
144
146
146
152
162
162
162
161
161
4
5
47
47
48
144
144
146
146
146
152
163
162
162
163
162
161
161
3
3
3
4
5
15
15
47
47
48
144
128
128
128
127
123
123
123
162
124
124
3
3
26
26
15
18
47
40
41
39
31
31
128
127
127
127
124
118
119
22
22
23
21
24
18
18
40
41
41
41
39
31
31
127
127
127
133
129
133
124
124
118
119
22
22
22
22
21
24
19
41
41
30
138
133
134
132
124
121
124
120
121
119
22
22
21
21
19
19
19
20
20
30
30
138
138
134
121
121
120
120
412
412
411
411
411
414
20
20
35
30
258
138
262
134
227
227
231
120
228
120
411
411
411
411
419
436
436
435
258
258
258
262
262
227
235
228
229
409
411
411
419
419
419
436
435
435
435
446
262
262
262
263
226
226
232
232
232
232
409
409
419
419
419
440
440
446
446
446
265
265
263
263
263
226
226
248
232
232
404
404
402
440
446
446
265
271
263
265
269
248
250
248
250
404
404
402
402
432
432
447
447
447
272
271
269
269
269
269
248
248
251
250
250
395
405
392
402
430
432
433
421
421
447
271
272
271
268
248
249
251
242
251
395
395
397
431
397
429
429
433
421
421
422
422
279
276
276
272
268
269
268
243
243
241
242
398
398
397
397
397
431
431
430
427
427
430
421
421
421
421
277
276
276
268
268
268
267
268
243
241
241
241
242
242
398
398
398
397
431
430
427
420
420
421
276
276
277
276
267
268
267
267
243
241
242
420
148
10
9
10
9
11
11
11
54
55
53
53
53
145
148
145
148
153
148
153
153
157
166
166
166
166
10
11
13
13
55
55
55
52
52
52
51
148
145
153
157
164
166
166
166
6
6
9
13
13
13
13
54
55
52
52
145
145
152
146
152
153
162
161
166
161
6
6
6
5
5
13
55
12
47
47
48
48
48
48
145
145
145
146
152
152
152
152
153
162
162
162
161
6
6
5
5
15
47
47
48
48
31
128
128
128
114
123
113
162
118
117
162
117
117
23
5
21
15
18
41
34
47
34
128
31
31
128
127
127
127
114
124
118
118
117
23
23
23
19
18
18
18
34
34
31
31
31
127
129
129
132
132
113
124
118
118
118
23
23
23
19
18
18
20
34
41
30
30
138
31
129
129
129
132
132
124
121
118
118
120
412
412
20
19
20
30
29
30
30
30
138
130
132
132
121
115
115
120
412
411
414
19
20
20
20
436
30
436
30
258
30
29
258
257
257
132
262
132
227
227
227
228
228
120
412
412
419
20
436
436
258
257
257
262
262
227
227
227
227
229
409
411
416
416
416
418
419
418
418
434
436
434
434
436
258
258
257
263
263
263
226
226
229
229
229
409
404
416
416
419
418
434
434
435
446
258
265
265
263
263
263
226
226
230
229
229
404
404
404
402
434
445
445
446
446
265
248
246
246
250
247
247
404
404
405
404
405
404
402
428
428
445
447
447
447
446
447
446
278
271
271
271
269
269
248
248
246
251
405
405
405
402
428
429
429
428
421
447
447
278
278
271
271
269
267
248
248
240
240
400
405
405
402
401
429
421
421
421
279
279
279
279
271
268
266
267
267
243
243
243
243
240
240
397
398
397
427
401
427
429
424
277
276
276
274
276
267
243
244
243
242
242
238
398
398
398
397
427
427
427
427
424
424
424
277
276
276
274
267
244
244
244
244
242
242
242
397
11
150
10
10
11
11
54
53
53
53
53
148
148
148
148
148
148
150
150
164
167
167
167
10
10
10
10
13
13
54
54
54
53
53
52
149
149
149
152
153
153
164
164
167
167
6
6
5
13
13
12
54
52
52
52
52
52
149
152
152
153
153
153
167
167
6
1
1
46
47
46
46
48
147
152
152
153
162
112
165
165
6
5
5
5
15
16
15
46
46
48
48
128
126
126
114
117
0
23
1
16
16
16
16
33
32
32
32
126
114
113
113
117
118
117
23
0
14
14
14
18
16
18
34
34
31
32
126
132
113
113
118
117
117
23
23
18
17
34
34
29
29
32
32
129
129
129
129
130
131
113
118
115
116
116
116
116
23
412
415
19
19
29
29
29
29
29
129
130
129
132
132
132
115
116
116
412
412
415
19
20
29
255
257
264
264
132
115
228
115
228
412
416
414
414
414
434
255
255
257
256
257
257
257
264
227
227
227
228
228
229
229
409
416
416
416
418
413
434
434
256
254
257
264
264
226
226
226
229
229
409
416
404
418
417
418
434
434
445
445
254
254
265
265
265
225
225
226
230
229
230
229
399
399
402
418
428
445
445
445
445
254
253
265
269
225
246
246
247
399
405
402
405
402
428
428
428
445
445
447
444
278
278
253
271
271
269
266
246
246
246
246
247
247
247
400
405
402
402
428
428
426
426
279
278
279
271
266
266
243
239
240
240
240
405
400
400
400
429
429
429
429
429
426
426
279
279
266
274
267
267
240
240
240
240
398
398
401
401
427
429
424
426
279
279
277
276
274
267
244
244
244
238
238
398
398
397
427
427
423
424
424
424
424
424
277
277
273
274
274
274
244
244
242
238
273
54
10
11
148
148
149
149
149
150
164
150
150
164
164
167
167
10
13
11
54
12
53
52
148
149
149
150
150
164
164
167
167
2
2
12
12
12
54
45
45
45
147
147
151
151
164
165
2
2
2
2
1
12
46
46
45
45
147
151
114
165
167
2
2
1
1
1
46
33
45
45
147
147
114
126
114
112
112
117
0
0
1
16
16
16
33
33
32
32
113
113
114
112
117
0
0
0
14
16
16
16
34
34
34
33
32
126
126
126
113
116
117
0
14
17
17
34
33
32
130
130
129
131
116
0
14
17
17
29
28
28
130
130
131
131
115
115
116
415
415
414
414
414
413
255
29
28
130
264
130
131
224
132
228
116
412
416
415
414
413
413
434
255
256
257
264
264
264
224
228
228
230
409
417
413
434
255
256
256
257
264
224
225
225
230
230
399
416
416
417
417
417
418
418
417
254
254
254
254
254
252
225
225
230
230
399
399
403
417
418
444
444
445
254
254
253
253
252
252
225
225
247
247
247
403
403
403
403
444
278
253
253
252
266
245
245
246
246
247
247
400
405
428
425
426
426
278
278
266
266
267
245
239
240
400
400
403
423
429
425
425
426
426
279
279
273
275
239
239
239
239
238
400
425
423
424
426
426
277
273
273
273
275
274
239
239
244
238
400
401
401
423
424
277
277
273
274
274
274
244
244
238
238
424
10
11
54
53
164
165
2
53
150
151
13
12
12
46
151
46
45
147
151
165
165
2
14
46
147
114
114
112
1
32
147
112
117
0
14
15
33
32
131
126
113
116
14
17
17
17
33
28
28
130
131
113
115
415
14
414
17
28
131
415
414
28
131
230
116
415
413
413
255
256
264
264
264
416
417
418
413
413
255
256
256
225
224
399
253
252
252
252
225
225
224
230
403
444
444
253
225
247
403
444
444
253
252
266
246
400
403
425
253
266
266
245
239
400
400
425
425
278
273
275
245
239
239
400
425
426
273
275
239
401
426
274
238
2
151
150
164
149
1
12
46
114
126
126
114
0
14
33
17
116
28
115
228
414
230
417
417
255
256
224
254
224
403
247
245
399
444
275
275
275
239
423
277
150
165
149
164
2
12
167
147
112
33
1
33
114
14
130
131
115
413
255
256
230
417
418
224
225
399
444
252
428
253
239
425
278
273
425
426
278
275
244
238
11
150
45
151
151
164
2
147
33
112
16
126
112
0
17
28
33
130
28
255
256
252
254
253
399
266
423
275
238
423
273
274
11
45
149
149
165
46
45
1
112
0
16
32
112
131
415
415
28
264
224
230
417
413
255
399
403
444
399
403
444
245
425
401
401
423
273
275
11
45
423
423
165
12
12
281
315
15
151
151
112
17
14
17
415
115
415
256
413
413
256
224
255
224
252
252
210
253
245
245
275
401
401
425
275
238
425
423
210
119
423
151
165
165
315
315
15
151
15
315
133
315
445
28
438
245
245
210
245
60
246
324
401
324
56
440
56
