1312
351
184
184
227
227
364
364
351
378
232
230
367
399
400
400
378
373
373
282
186
187
353
353
354
406
285
244
232
233
233
358
354
435
286
325
242
242
357
355
355
409
408
436
276
240
242
237
357
485
409
312
312
312
241
481
481
481
485
485
433
433
432
439
318
316
316
289
289
481
485
448
441
319
319
315
315
314
291
491
476
478
478
448
441
320
320
1269
1309
1302
491
1295
1268
1270
1269
1310
1302
1293
1295
908
1270
1237
1237
1310
917
1263
1268
1232
1232
1308
1308
1307
841
840
917
907
1127
1265
1142
1233
897
896
826
821
913
913
913
916
1128
1127
1116
1254
1253
898
898
883
883
919
913
912
1128
1129
1114
896
972
1113
1123
1114
1257
891
885
971
885
972
972
977
977
1136
1136
1122
1117
1259
891
977
1136
1126
1117
1121
1121
1259
1259
1258
891
881
964
964
963
974
194
195
195
197
197
196
184
185
185
191
229
229
230
230
365
364
364
351
351
351
400
399
403
377
377
378
376
194
196
186
184
186
227
185
231
230
365
367
367
366
352
352
351
400
377
371
377
373
194
282
282
186
187
244
227
234
234
233
234
368
361
367
367
368
353
352
406
406
406
373
373
372
286
286
285
277
244
245
244
233
233
361
360
357
355
354
407
405
408
408
435
286
286
286
276
277
277
325
240
242
242
237
358
237
358
354
409
409
432
436
435
267
284
327
325
327
240
241
241
237
482
358
483
357
484
357
355
409
434
432
436
436
439
439
267
267
318
318
326
327
312
289
287
482
482
483
484
475
485
475
434
479
433
439
432
439
267
319
318
315
313
313
291
291
289
487
487
490
490
476
479
479
450
433
440
441
320
321
321
315
309
315
316
316
314
291
291
488
487
487
490
491
476
477
480
480
480
440
440
442
442
321
320
315
314
1309
290
1301
1301
1301
1302
1295
491
476
477
478
480
478
843
440
441
908
1262
1262
1270
1270
1237
1269
1237
1236
1236
1311
1310
1311
1310
1302
1294
1294
1295
1294
1294
842
842
842
843
843
906
907
908
1262
1263
1270
1268
1238
1238
1235
1311
1308
1307
1307
1292
1292
1292
847
847
841
840
841
911
911
909
909
1263
1268
1264
1239
1239
1233
1233
1306
1308
1291
826
826
841
841
918
918
917
918
911
916
1263
1142
1232
1233
1234
1233
1254
1308
1307
1307
897
826
825
821
821
917
916
913
916
1127
1128
1127
1142
1142
1116
1116
1116
1115
1254
1253
1253
897
896
827
821
920
912
1129
1128
1130
1113
1113
1115
1114
1254
1253
1251
898
898
897
896
884
883
883
971
971
972
977
912
976
1131
1131
1131
1131
1113
1112
1114
1257
1252
1251
1256
898
1257
895
895
884
885
885
972
976
976
1135
1133
1122
1123
1122
1123
1121
1257
1259
1258
893
893
884
881
885
964
971
964
963
977
974
1136
1135
1126
1122
1126
1117
1117
1118
1121
1121
1259
1258
891
881
882
964
963
974
973
973
973
974
1136
191
403
195
197
198
191
185
192
229
229
231
363
365
343
366
366
350
350
402
403
377
378
378
376
195
197
196
197
188
188
188
245
193
229
228
229
226
231
231
365
366
368
348
352
403
401
375
371
376
372
194
283
188
187
187
245
245
232
232
361
363
362
362
361
368
368
348
349
399
405
371
372
372
283
282
283
283
283
277
245
234
233
362
359
360
353
407
405
406
404
369
372
369
284
285
285
277
278
278
322
322
245
240
238
239
359
359
356
356
407
407
409
408
438
435
284
276
327
323
301
325
301
241
238
483
484
475
434
434
439
438
266
266
327
327
288
287
482
483
475
474
474
474
448
434
430
267
271
272
317
309
310
326
307
308
313
288
488
486
490
484
474
472
479
449
450
449
450
450
442
444
321
319
309
311
308
308
313
314
290
290
290
488
488
488
490
490
489
471
477
449
450
444
444
309
1269
311
1236
1309
292
1301
1291
489
489
1294
477
480
906
442
903
1261
1261
1270
1238
1236
1236
1235
1305
1305
1293
1293
1294
849
848
849
844
844
843
905
906
911
1263
1262
1261
1267
1239
1238
1235
1311
1311
1298
1293
846
848
848
847
844
906
911
909
908
1264
1264
1264
1267
1265
1267
1239
1239
1239
1231
1234
1306
1298
1292
847
828
841
840
921
918
911
915
1264
1139
1144
1232
1230
1306
1306
1291
826
829
825
829
820
921
915
915
1143
1144
1116
1230
1254
1252
1252
1274
1250
900
829
827
824
921
921
920
916
1140
1129
1141
1130
1144
1112
1115
1115
1115
1254
1251
1250
898
901
899
900
900
890
820
919
969
912
914
1134
1129
1131
1130
1123
1112
1112
1120
1107
1256
1251
894
895
895
890
885
970
970
976
975
975
1134
1133
1124
1120
1121
1119
1256
893
894
895
882
887
890
967
970
970
975
1135
1135
1135
1134
1133
1125
1125
1126
1126
1118
1118
1118
1120
1119
1259
861
891
893
881
887
887
882
967
886
963
967
965
979
973
882
967
965
198
191
403
197
201
198
200
198
192
192
192
228
228
216
215
343
344
346
346
350
350
402
401
375
374
375
374
374
374
376
204
199
192
189
193
228
209
209
343
363
347
346
346
348
402
401
375
370
202
204
204
204
189
189
189
226
226
226
208
362
368
360
349
349
399
401
405
404
371
381
370
370
281
203
281
278
280
322
243
243
243
239
239
362
360
331
349
356
395
395
404
369
370
369
281
280
280
322
243
238
239
239
359
356
336
394
394
404
422
383
437
284
279
278
323
322
299
301
238
462
462
356
337
337
337
474
337
431
431
431
437
438
268
266
317
268
326
317
323
323
301
300
288
287
462
484
471
473
431
448
430
430
272
272
268
311
307
300
293
288
290
486
295
465
486
473
472
474
449
445
450
444
444
438
271
274
272
310
311
308
308
293
293
292
294
464
486
472
471
480
446
445
444
443
273
275
274
311
273
1243
1244
1303
1305
1305
1296
460
489
460
472
849
852
446
905
905
902
903
1261
1261
1266
1241
1243
1303
1304
1305
1300
1300
1296
846
848
849
849
844
906
905
902
905
908
1260
1260
1266
1248
1235
1303
1303
1300
1300
1300
1293
846
848
852
855
844
923
906
904
904
902
1264
1260
1248
1247
1234
1231
1309
1275
1299
1298
1299
1298
826
845
845
845
822
923
923
926
909
1139
1267
1146
1144
1231
1231
1230
1272
1274
901
828
829
822
822
921
915
914
1141
1141
1147
1140
1144
1108
1230
1272
1250
1271
899
1274
829
829
827
823
824
921
920
914
914
1141
1141
1143
1143
1147
1143
1108
1108
1107
1022
1252
1250
899
901
900
820
920
969
981
1130
1143
1110
1110
1110
1110
1107
1256
899
863
894
895
889
890
890
968
969
975
1134
1132
1132
1125
1124
1107
1120
1005
1256
1256
861
894
888
889
889
889
967
968
980
978
1134
1132
1133
1125
1126
1120
1119
1005
1119
994
861
862
862
886
887
886
966
966
966
967
965
980
980
978
1124
979
201
201
200
200
190
192
193
193
220
216
215
343
344
344
344
341
340
340
396
402
396
388
388
388
380
201
201
190
190
199
190
205
205
215
208
208
208
347
346
347
342
340
342
348
397
388
380
380
202
203
203
180
180
214
214
206
209
208
347
345
347
331
332
342
398
397
397
382
381
381
379
281
270
203
203
180
213
210
207
331
332
330
332
398
395
382
383
383
270
279
280
280
280
250
297
213
210
210
239
211
235
331
335
337
334
336
395
336
394
389
423
415
415
416
269
270
279
269
279
323
323
297
210
299
238
236
461
335
461
335
337
428
394
424
423
422
422
437
415
269
269
268
324
324
298
300
300
295
462
465
461
455
454
473
453
473
424
424
424
422
437
269
272
310
324
303
303
295
465
457
457
429
424
430
443
275
275
274
310
307
302
293
293
296
296
465
460
460
460
457
456
446
447
445
443
443
274
275
273
311
1240
1244
293
294
296
294
467
460
459
456
459
851
857
446
929
447
447
445
903
1150
1152
1152
1241
1243
1243
1244
1304
1305
1305
1296
1297
852
854
853
852
857
856
930
929
903
902
1154
1151
1266
1248
1249
1247
1247
1287
1275
1304
1299
846
853
856
929
929
930
922
904
925
924
1260
1266
1154
1265
1248
1249
1249
1249
1249
1247
1273
1298
1299
845
828
853
855
923
925
925
926
924
926
1138
1146
1139
1146
1249
1231
1272
1272
1275
1274
1274
1278
1274
831
829
828
822
923
922
934
926
924
939
1141
1147
1145
1271
1279
1278
901
830
829
834
834
824
824
934
936
937
937
937
1137
1140
1147
1147
1111
1111
1023
1276
1279
1277
1277
1278
868
901
868
823
823
834
824
969
981
981
982
1076
1140
1077
1109
1109
1111
1107
1004
1276
1277
868
869
869
888
890
968
983
983
983
982
981
1076
1078
1081
1110
1110
1004
1005
1005
994
995
863
863
863
869
888
888
968
980
980
980
1078
1078
1081
1082
1082
1124
1008
1008
994
1001
994
861
862
862
870
886
966
965
979
979
1082
174
380
169
200
174
199
174
176
176
221
221
221
216
216
219
218
219
345
338
338
340
396
387
386
387
388
385
384
384
199
169
170
175
183
183
220
205
221
345
338
341
342
342
342
398
396
386
386
379
379
202
164
164
182
183
183
214
214
214
206
206
208
347
332
330
397
397
397
393
382
383
202
252
203
252
179
250
180
179
180
213
213
211
209
207
207
328
328
332
398
391
392
393
389
383
251
270
252
247
249
249
298
235
236
328
332
334
334
391
390
390
389
416
415
251
247
250
298
298
297
236
157
236
333
461
333
335
333
334
391
427
423
418
419
269
253
265
247
299
299
295
463
463
465
453
454
429
428
429
429
421
423
419
419
416
272
265
324
305
305
306
303
303
295
296
455
464
465
455
454
429
421
420
420
414
412
417
412
275
257
262
262
305
303
296
464
460
459
425
457
456
425
447
414
414
412
275
1152
262
304
1244
302
1244
296
467
467
459
851
458
851
857
857
414
927
1151
1151
1152
1241
1242
1287
1286
1286
1286
466
1297
850
853
851
856
857
931
930
931
931
927
927
1150
1150
1152
1154
1156
1241
1246
1240
1240
1242
1287
1287
1290
1297
1297
854
854
856
856
931
930
928
1150
1154
1153
1156
1246
1245
1273
1275
1299
831
832
855
855
922
922
925
938
924
938
939
1138
1156
1246
1246
1272
1273
1272
1280
1278
831
830
833
832
934
936
939
939
1137
1138
1145
1146
1145
1023
1023
1023
1279
1271
1279
1280
830
834
839
934
936
936
939
939
1137
1077
1077
1145
1073
1075
1024
1024
1023
1024
1024
1022
1276
1277
866
833
834
838
824
960
960
983
937
1077
1076
1076
1075
1083
1111
1022
1022
1021
995
1276
868
867
870
869
838
983
947
983
982
1079
1079
1078
1084
1109
1007
1007
1004
1004
1001
1001
1003
865
870
876
958
958
945
946
982
1079
1080
1081
1080
1082
1085
1082
1085
1083
1008
1008
1008
1001
1001
865
864
864
864
864
870
877
958
959
945
944
943
943
877
170
169
170
175
174
178
178
176
220
221
222
218
219
219
338
339
554
568
568
387
566
387
385
385
384
384
646
170
169
170
175
181
176
221
223
224
223
224
218
219
339
568
569
569
569
571
385
646
646
165
164
167
167
182
183
183
206
223
28
329
329
329
341
341
570
392
572
386
381
379
652
255
166
167
182
179
182
214
212
207
153
153
526
329
330
330
392
522
393
393
393
382
383
652
251
252
252
246
250
249
248
212
212
147
147
211
235
155
157
328
333
522
391
392
393
390
644
644
416
254
252
253
246
249
248
298
143
211
157
155
463
504
453
525
428
428
427
390
418
418
416
643
265
265
265
247
306
298
306
143
156
157
463
455
454
453
429
427
421
418
417
419
257
257
258
265
264
264
306
88
156
156
468
468
455
452
452
426
421
420
413
414
417
257
262
262
306
304
303
90
90
90
89
469
466
469
451
458
426
425
425
413
414
256
1148
261
261
304
1158
305
1158
87
90
91
467
466
458
466
469
451
458
850
858
414
689
412
1148
1148
1151
1161
1159
1166
1242
91
1290
1289
1289
470
818
850
858
927
689
1149
1151
1149
1149
1157
1159
1159
1242
1286
1288
1289
1290
1289
854
850
858
858
860
859
860
931
931
928
928
928
1153
1157
1156
1245
1284
1284
1285
1290
831
818
854
859
860
933
940
938
1153
1153
1155
1155
1155
1164
1246
1284
1285
1273
1280
1282
1282
832
839
934
935
941
1137
1138
1018
1018
1019
1280
1282
830
833
833
838
838
935
935
942
941
1066
1073
1074
1075
1018
1074
1017
1023
1020
1020
1021
998
1280
866
866
836
838
838
839
935
935
960
947
947
1070
1073
1070
1073
1075
1083
1014
1014
1020
1021
1021
998
997
867
866
873
960
962
962
946
947
947
947
1079
1080
1084
1084
1083
1006
1003
999
1003
997
865
867
867
876
876
876
961
959
945
946
943
943
1080
1080
1085
1085
1085
1006
1008
1006
1007
1000
1000
1003
864
865
864
877
877
958
959
945
944
944
1006
178
217
171
172
175
178
177
177
222
224
222
217
219
339
339
554
568
567
567
566
565
647
648
645
647
172
173
173
173
173
178
181
224
224
224
218
28
557
555
570
570
570
573
648
648
648
646
645
165
164
165
168
181
9
223
152
28
153
557
557
522
555
570
570
572
573
571
648
652
652
166
168
168
167
181
167
212
147
151
151
526
525
522
572
573
653
255
255
168
248
145
145
147
146
146
155
154
526
525
525
523
492
392
644
642
644
643
254
255
254
246
246
248
112
146
144
143
144
146
162
157
504
493
493
492
492
427
642
642
644
253
253
263
264
112
113
143
156
157
504
506
495
426
501
420
417
258
260
259
263
264
114
113
88
88
85
468
452
468
505
495
426
413
411
411
410
410
410
260
256
258
263
304
306
88
89
89
469
451
451
494
494
426
411
411
410
256
1148
256
261
1162
1162
1158
87
1166
90
91
91
91
470
469
451
816
494
814
696
686
690
690
689
689
1202
1148
1161
1203
1162
1162
1162
1159
1158
1166
1167
1171
1288
1288
470
1289
818
816
816
694
686
688
688
688
678
689
1207
1203
1161
1159
1166
1165
1288
818
818
816
815
859
692
678
1204
1207
1204
1157
1157
1164
1165
1165
1285
1285
1285
1290
808
819
815
819
860
778
860
933
691
933
942
940
1204
1204
1205
1157
1155
1016
1245
1164
1284
1282
807
819
764
832
859
777
933
942
941
940
1205
1067
1074
1018
1017
1017
1017
1019
1283
996
1283
1283
1282
762
762
835
835
839
932
942
942
941
1067
1074
1015
1015
1017
1017
1019
1020
1020
1020
998
998
998
762
761
836
835
837
837
962
935
951
1066
1066
1014
1013
1012
998
997
997
874
873
836
837
962
961
962
952
951
1070
1069
1072
1069
1072
1012
999
1003
1002
873
878
880
957
961
961
946
950
1069
1069
1084
1071
1071
1010
1010
1009
1011
1000
1002
1002
872
872
872
878
880
880
880
956
959
950
944
949
1068
1000
944
27
553
171
171
173
178
6
6
25
222
25
217
217
29
29
554
556
554
567
567
565
647
647
649
649
645
171
172
173
3
177
8
26
26
29
29
28
29
562
557
556
556
567
563
566
648
649
165
172
5
5
8
152
152
150
150
562
561
557
557
555
564
573
572
573
573
655
651
651
70
70
168
63
9
9
149
152
152
151
154
154
524
524
526
523
523
497
571
654
655
655
653
651
255
166
66
65
64
145
145
147
146
149
151
163
154
525
524
523
497
497
644
644
641
254
254
67
116
112
112
143
148
159
162
162
162
526
506
493
500
492
497
500
501
638
642
643
260
259
67
115
115
113
116
113
144
159
162
504
506
493
499
501
501
501
608
640
640
641
259
260
260
264
114
114
119
119
84
160
505
505
506
495
496
606
613
260
259
46
117
118
118
87
85
469
508
507
508
495
510
494
605
612
612
1201
258
1160
1160
117
118
87
84
85
85
85
86
470
507
510
814
696
687
686
690
686
689
1202
1203
1162
1167
1167
1172
1172
1171
803
817
816
816
696
696
696
690
676
1202
1203
1161
1163
1165
1167
1172
1168
1171
802
802
802
808
817
818
815
696
694
693
692
680
680
680
1199
1208
1208
1163
1208
1163
1163
1177
1168
1168
807
808
808
819
815
691
691
678
678
1207
1207
1164
1063
1063
1169
1169
1283
1281
806
808
778
777
778
734
735
942
735
941
727
1205
1205
1067
1101
1066
1015
1016
1063
1057
985
1281
996
762
760
760
763
776
835
776
932
776
954
932
736
735
1067
1067
1101
1015
1016
985
1061
984
761
761
761
763
954
954
952
952
951
1070
1106
1101
1072
1014
1061
1012
1012
1012
985
988
758
759
874
873
836
837
954
954
953
952
951
1069
1104
1069
1072
1072
1010
1010
1013
1013
1013
992
992
990
874
875
874
879
875
880
879
953
953
950
950
1068
1068
1071
1071
1010
1010
1011
1013
1011
999
992
1002
993
1002
990
872
872
875
878
880
879
957
957
957
956
956
949
949
949
948
949
558
617
77
76
4
2
4
6
25
25
22
22
22
27
558
553
553
549
564
549
566
549
649
617
617
619
617
4
3
3
6
8
26
26
29
562
24
561
562
559
553
564
567
564
565
654
618
645
650
78
76
3
5
5
8
9
26
150
560
562
561
560
561
555
561
563
563
564
654
650
650
70
66
70
63
63
64
63
7
7
150
154
560
532
530
564
571
655
498
655
655
651
70
69
70
67
64
66
64
61
149
149
149
163
154
531
532
531
530
530
514
638
639
635
641
69
68
65
67
65
116
116
116
120
149
148
159
163
163
161
162
499
500
500
498
608
638
641
640
641
69
50
115
116
115
122
158
82
158
159
161
161
505
503
502
503
496
499
501
608
614
614
613
49
50
46
47
119
119
122
160
160
160
508
506
511
502
496
496
496
604
608
614
614
614
613
49
46
117
119
84
83
86
86
507
508
508
510
510
604
605
605
605
605
612
609
611
611
1201
1190
1196
47
118
111
86
803
507
510
510
696
687
677
687
676
1201
1203
1202
1201
1194
1194
1178
1167
1176
1172
1172
1172
1171
803
803
812
813
814
695
695
695
692
677
679
679
1200
1200
1203
1199
1199
1208
1167
1176
1176
1175
1168
1170
802
803
817
813
809
695
693
692
682
680
679
1200
1200
1211
1211
1213
1176
1177
1169
1169
799
807
808
805
817
778
809
778
693
691
681
680
682
679
1206
1206
1206
1206
1208
1211
1213
1177
1057
1057
1281
806
806
800
807
807
804
764
764
777
777
734
735
1105
1221
1103
1065
1064
1065
1065
1060
1063
984
1058
800
760
764
764
763
775
776
774
774
736
736
736
737
728
1105
1103
1102
1064
1061
1062
1060
1061
985
984
984
758
759
765
765
775
732
736
737
728
728
1106
1106
1106
1102
1102
1034
1034
1062
1061
1061
988
988
987
987
758
759
765
771
711
697
729
729
729
1106
1104
1104
1101
1034
1034
1034
1013
991
992
987
993
874
759
875
879
955
957
953
697
948
697
1068
1100
1104
1096
1032
1032
1009
1011
991
993
992
993
871
875
875
879
957
955
955
955
956
948
948
77
0
4
0
2
30
31
22
24
24
558
537
543
543
544
549
616
618
618
78
77
76
3
2
30
31
34
31
23
23
24
559
559
543
546
546
615
615
618
619
78
76
3
7
7
34
33
33
33
23
560
560
559
545
545
546
654
635
619
621
78
62
129
130
132
532
532
532
512
512
516
516
639
637
635
636
635
650
70
70
68
66
67
62
61
129
129
132
532
531
527
530
515
498
514
514
639
639
636
69
68
65
62
120
120
129
159
128
140
141
141
531
529
529
514
498
599
641
50
41
41
60
115
121
122
122
122
158
159
161
141
141
528
529
529
502
502
499
608
607
600
599
50
50
48
47
121
121
121
82
82
138
503
511
604
586
608
606
607
609
609
613
49
49
46
47
117
111
111
111
111
101
101
511
509
604
606
609
611
611
1190
1198
1196
1198
1196
1195
111
111
84
86
801
511
813
580
694
687
676
610
677
611
1198
1197
1198
1194
1212
1175
1174
1170
801
801
812
813
813
675
693
677
683
1197
1197
1194
1213
1212
1178
1175
1175
1170
1170
781
801
812
812
809
695
673
681
682
683
683
1200
1199
1209
1213
1213
1176
1177
799
799
800
805
805
809
810
778
663
663
681
684
684
1223
1221
1211
1177
1058
800
804
764
810
810
773
734
681
734
727
1222
1221
1065
1064
1065
1060
1058
1059
1059
766
766
766
775
774
774
733
733
737
737
735
1105
1103
1103
1103
1064
1062
1056
1055
986
760
766
766
767
775
732
737
737
730
731
1096
1105
1103
1033
1102
1033
1062
1056
987
986
988
758
742
739
742
765
771
771
771
711
697
730
731
1100
1100
1096
1097
1097
1033
1032
1033
1031
1030
1030
991
987
989
987
739
739
768
771
772
771
772
772
707
698
698
701
699
699
1100
1100
1100
1097
1032
1031
1030
991
993
989
739
871
768
768
769
772
769
707
708
698
699
989
537
73
0
0
1
1
2
10
30
31
31
21
24
537
537
533
534
544
534
544
544
548
616
619
619
622
1
1
16
10
30
34
34
23
20
20
24
536
533
543
546
615
616
615
619
78
78
81
15
80
14
16
32
34
20
20
533
534
545
513
545
547
615
621
620
620
79
79
79
81
80
15
32
32
33
130
130
130
132
131
521
521
521
513
513
513
516
547
516
637
637
621
620
79
71
81
62
126
129
131
132
132
140
521
527
520
515
516
637
639
639
636
628
636
627
41
58
60
61
120
128
126
128
139
527
140
142
527
528
529
515
587
588
600
602
602
42
42
48
59
59
59
104
128
139
142
141
141
529
528
585
587
587
588
607
607
602
602
42
48
50
109
107
109
83
97
83
99
139
503
138
509
509
582
586
578
607
606
600
603
610
1196
1195
110
109
98
99
98
101
99
100
509
580
580
578
576
578
598
610
1189
1195
1195
110
110
110
83
1173
101
782
101
782
100
101
793
791
793
578
657
577
675
675
675
673
669
610
1189
1198
1178
110
1173
1174
782
791
792
813
811
657
673
675
673
676
1197
1197
1218
1218
1218
1217
1212
1210
1181
1182
1173
1173
1179
1174
781
782
781
656
811
656
656
672
671
685
683
1227
1223
1218
1217
1212
1210
1181
1179
1174
781
799
805
804
811
811
810
665
663
682
684
685
1223
1223
1209
1209
1053
1057
1047
1045
785
804
663
663
684
684
684
720
1223
1223
1222
1221
1222
1219
1219
1052
1054
1046
1059
1059
1045
1058
751
751
751
753
753
767
767
773
733
734
726
728
1089
1222
1095
1093
1052
1054
1056
1056
1056
1055
751
752
752
766
767
773
710
733
732
731
728
1089
1095
1095
1093
1092
1028
1056
1055
986
750
740
750
741
742
770
742
770
710
711
711
732
709
731
731
1096
1099
1092
1033
1092
1031
1028
1042
986
738
741
770
768
770
711
700
700
701
701
705
1099
1099
1098
1097
1031
1030
1026
1026
1026
1044
1042
989
738
738
768
769
708
707
708
698
701
701
699
1091
13
542
13
14
10
14
39
40
38
39
21
535
537
536
536
534
542
548
548
634
624
622
622
75
14
75
14
14
16
40
40
40
40
38
21
535
533
541
541
547
547
552
634
624
623
74
74
80
15
16
15
32
36
37
37
37
21
539
539
550
552
547
547
621
620
81
80
55
126
125
36
125
131
521
513
520
629
629
629
628
627
71
71
81
58
61
55
126
126
127
131
137
520
520
515
593
628
45
60
58
59
60
59
106
124
140
137
137
584
593
588
588
601
599
601
42
45
57
57
59
104
106
104
106
128
142
142
584
585
587
588
603
603
602
42
48
56
107
96
95
100
97
138
136
583
583
583
580
579
586
586
600
598
598
603
603
596
42
1193
1192
107
108
97
99
100
100
94
582
581
582
577
577
577
576
597
596
1189
1191
1191
108
98
98
783
793
790
657
577
576
669
597
669
1189
1218
1216
1182
1191
1187
783
783
782
783
793
793
792
657
674
675
674
672
669
669
670
1227
1229
1217
1217
1182
1181
1179
1179
788
786
792
792
660
656
672
672
685
668
1229
1229
1220
1216
1217
1181
1181
1179
1047
785
785
797
797
797
798
665
664
664
672
671
671
685
1227
1229
1209
1210
1053
1047
1047
1047
751
785
753
797
773
664
725
725
718
1090
1220
1219
1220
1210
1052
1053
1053
1046
1049
1045
1045
751
752
749
756
756
755
757
726
725
726
720
721
720
721
1089
1089
1093
1052
1054
1054
1046
1046
750
752
750
756
757
757
709
726
720
721
721
1095
1095
1088
1095
1027
1029
1029
1029
1029
1039
1037
742
740
742
745
757
710
730
706
705
731
1099
1098
1092
1092
1028
1028
1044
1039
1042
740
746
741
744
710
711
709
700
705
705
1098
1098
1091
1025
1026
1026
1043
1044
1044
1044
1044
1042
738
744
715
715
715
708
702
701
704
744
39
13
13
535
536
541
540
542
542
633
551
551
633
634
624
622
73
12
10
40
18
37
37
535
540
538
552
551
634
634
623
623
75
12
17
19
19
18
36
133
133
538
539
552
632
632
631
74
72
74
74
54
19
36
127
133
133
520
550
592
629
623
72
71
58
55
55
126
127
125
133
517
519
593
592
593
591
628
627
45
44
53
55
106
105
124
124
137
136
593
591
593
601
601
45
44
57
56
56
105
106
106
96
96
139
136
583
584
590
590
598
603
43
57
102
104
96
95
136
582
579
585
574
598
43
56
108
108
98
95
93
581
579
576
574
597
598
596
1193
1193
1191
1185
1188
1188
780
98
93
581
789
579
575
674
577
668
594
1189
1228
1216
1186
1188
1187
1187
779
783
793
790
658
790
660
674
669
670
1227
1228
1182
1187
788
786
786
789
790
660
665
672
668
666
1226
1229
1229
1216
1225
1215
1215
1181
1215
787
788
787
797
794
798
665
662
667
667
1226
1226
1220
1215
1180
1051
1048
1049
787
787
797
754
798
798
664
664
718
717
718
1219
1094
1224
1050
1049
749
749
754
755
756
724
724
724
725
717
721
1090
1094
1050
1039
1046
1037
748
749
755
757
713
726
722
721
1089
1088
1094
1027
1029
1039
1036
1039
1037
746
740
747
713
709
706
719
719
705
1086
1029
1025
1043
1038
1037
743
747
747
745
716
714
706
703
702
706
1086
1087
1091
1025
1043
1040
743
744
745
715
715
702
702
704
704
1043
12
11
39
38
634
631
73
38
551
632
12
17
19
35
552
125
134
517
519
631
627
72
51
127
519
592
592
626
54
134
519
625
625
44
51
105
123
135
585
589
590
596
51
107
102
103
96
93
135
583
590
590
595
1193
51
1185
94
92
575
1192
1185
92
575
670
594
1193
1186
1186
780
789
790
658
660
1228
1214
1180
1180
1188
784
788
789
659
662
1225
796
795
795
796
665
662
661
666
1224
1048
1049
794
661
718
1225
1051
1048
749
796
796
723
1088
1050
1036
748
756
757
723
720
1090
1086
1027
1038
748
747
745
713
706
719
1086
1036
1040
747
716
714
1087
1038
716
703
75
539
552
633
538
54
19
19
629
584
589
591
44
52
123
105
594
94
594
670
1214
668
1214
1228
784
779
660
787
660
1224
718
724
1090
1049
713
713
716
703
1041
1040
542
631
541
633
75
18
623
538
626
123
54
123
591
52
589
574
574
1188
780
779
666
1214
1180
661
662
1090
1048
796
1050
748
722
1036
746
747
1035
1038
746
712
703
704
11
551
35
550
550
632
72
517
124
626
52
589
595
43
103
93
95
581
92
780
786
794
787
754
1094
754
1041
712
719
1041
745
715
11
35
540
540
631
18
134
54
625
43
102
135
595
575
1193
1192
92
658
659
666
1225
1186
784
1226
1051
1048
1226
1224
1051
723
1035
1087
1087
1040
743
714
11
35
892
892
630
17
17
1255
910
53
518
518
625
103
52
103
1185
595
1185
667
1184
1184
667
659
784
660
795
795
653
754
723
722
712
1088
996
1035
712
722
1035
1041
512
653
892
518
630
630
910
910
53
518
53
919
630
919
1255
135
1183
1183
1190
626
1183
225
1184
990
996
990
225
1183
225
