1248
60
610
528
527
527
54
54
61
17
538
538
55
14
16
14
9
9
10
609
532
532
55
46
47
15
609
535
523
525
523
55
47
31
622
511
525
525
45
45
45
35
35
31
473
511
522
521
125
121
35
483
483
483
522
131
125
131
123
122
99
99
98
32
478
482
485
500
500
131
122
109
106
552
552
478
479
485
500
132
111
111
110
114
105
554
554
657
741
744
132
1009
655
657
656
743
744
744
1009
1026
655
654
654
743
1024
644
643
659
654
779
778
778
1016
1019
1024
1030
652
644
648
772
964
964
997
1019
1031
1032
1032
1030
652
652
738
771
775
963
963
958
1018
1075
1031
1072
651
651
739
959
1076
727
727
722
972
962
945
1074
945
1076
1076
1084
1084
665
671
728
728
972
970
1077
665
728
730
730
721
972
972
970
971
947
1078
1078
1077
1082
612
612
612
613
612
610
528
528
528
530
527
527
537
536
537
54
54
61
60
62
60
58
59
17
17
17
9
613
610
610
531
532
535
528
540
537
54
57
56
57
56
61
60
16
17
15
17
9
611
620
609
609
531
535
535
538
540
537
538
57
48
57
56
56
46
46
14
15
15
10
10
10
622
622
623
512
534
534
534
524
524
51
49
49
46
46
47
14
34
30
30
622
623
622
621
621
512
512
511
525
524
524
48
524
48
47
35
35
31
31
32
547
546
512
511
482
514
522
522
522
123
125
125
124
125
121
121
45
99
33
32
33
32
32
547
546
546
477
477
482
483
499
521
133
123
125
122
122
122
108
108
108
101
98
101
106
553
552
478
478
482
484
500
501
499
131
133
132
133
111
109
111
114
98
97
105
554
553
554
478
479
479
485
485
484
501
500
134
134
132
128
128
128
111
109
114
110
97
104
105
106
554
554
479
485
741
501
741
744
744
748
1010
128
110
110
110
115
114
1017
104
105
1025
646
646
657
657
656
656
653
656
750
742
741
742
743
744
1010
1012
1009
1009
1010
994
1017
1016
1017
1017
1025
1027
1026
646
646
655
655
653
653
742
743
778
778
778
1012
1012
1012
994
995
994
1016
1016
1023
1027
1027
1027
647
643
644
654
654
772
772
779
779
1013
1013
998
998
1019
1023
1024
1024
1029
1027
1030
644
649
658
738
773
772
779
779
777
777
964
997
997
1018
1019
1031
1032
1031
1030
650
651
652
648
649
738
658
740
739
771
775
776
964
959
997
1018
1021
1032
651
652
652
727
738
739
722
771
775
776
963
962
963
957
958
958
1074
1076
1075
1076
1084
1084
1086
673
666
666
666
727
727
722
721
722
775
974
962
962
959
957
959
958
945
1076
1084
1085
671
665
666
666
726
728
721
974
974
973
973
971
959
946
946
946
1074
1078
1077
1085
1083
671
671
663
663
663
730
730
730
725
721
972
973
970
971
947
1078
1077
1083
1082
1083
1083
1083
665
530
59
612
613
606
605
530
529
526
536
536
436
537
435
53
53
62
62
58
16
18
18
11
11
612
611
611
613
610
531
531
534
529
527
533
527
539
540
540
54
53
57
62
62
59
16
18
12
13
13
611
620
604
533
532
534
534
539
540
52
52
52
52
51
57
50
56
39
43
43
30
13
12
623
620
619
620
620
604
513
523
523
51
49
49
46
44
38
38
38
37
29
29
623
623
623
621
621
512
513
515
514
514
525
516
120
124
124
45
44
44
34
37
33
30
547
546
473
515
514
514
514
522
517
119
124
121
108
99
33
33
547
549
477
473
501
499
120
123
118
108
118
107
107
100
101
547
551
550
477
481
481
473
481
486
484
472
134
135
126
126
127
127
109
116
100
116
101
97
98
106
553
552
480
481
486
486
484
486
501
501
497
134
134
135
135
130
130
130
127
116
115
97
104
551
657
479
750
742
497
749
748
130
130
1010
130
115
1017
104
1052
625
645
657
656
750
751
751
746
747
748
1011
1010
994
995
1000
1015
1015
1015
1025
1025
1026
647
646
645
645
654
662
751
745
745
747
1012
1013
995
995
996
1014
1014
1023
1048
1026
647
647
645
643
643
660
659
661
661
774
774
777
1013
1013
998
996
1020
1019
1022
1023
1027
1028
647
650
649
658
773
779
777
777
1013
1004
997
997
1019
1022
1028
1030
650
648
740
773
771
770
770
776
776
955
987
993
1021
1021
1031
1072
1032
672
673
679
672
649
740
739
740
739
771
775
776
963
961
960
955
958
953
1075
1075
1073
1072
1086
673
673
672
676
726
726
740
722
737
724
960
969
960
956
954
945
1075
1072
1086
1086
1085
670
669
726
723
725
724
974
973
957
957
946
951
953
949
1081
1081
1085
671
671
670
670
663
664
664
664
729
729
729
723
723
725
974
973
971
965
947
971
949
949
949
948
1078
1080
1080
1082
1082
947
1079
1080
606
605
59
608
607
606
608
605
530
529
529
526
539
541
536
436
437
435
63
61
62
58
16
18
4
4
11
11
7
13
607
608
529
614
529
526
542
540
436
435
434
435
75
55
58
5
4
12
619
617
604
616
604
614
533
544
544
539
518
52
50
50
50
39
43
70
38
24
12
4
12
13
619
616
617
614
615
513
533
510
510
516
516
52
51
42
40
44
40
44
38
37
29
29
620
615
615
513
509
510
516
519
120
42
119
44
34
37
36
37
20
549
549
560
475
515
515
509
517
120
120
117
118
117
117
107
82
107
36
36
92
92
548
548
549
549
475
475
475
476
470
470
517
517
120
119
117
118
100
113
96
101
550
550
548
480
472
472
503
498
497
135
498
140
126
126
127
107
116
100
100
103
102
106
551
550
550
480
481
472
486
498
503
498
497
135
135
129
127
116
116
103
103
106
556
556
559
480
559
755
755
746
749
749
748
129
129
129
129
1000
1034
115
1035
1052
1050
1052
625
625
659
659
750
746
746
745
748
748
1006
1008
1000
999
1000
1015
1035
1051
1052
1052
1048
624
624
660
662
751
745
745
747
1011
1007
1011
1008
995
999
1014
1015
1014
1035
1051
1049
1048
627
627
661
754
774
766
766
761
1011
760
1005
1005
1005
1004
996
996
1020
1022
1042
1049
1048
627
660
634
660
661
774
765
766
761
964
1004
998
1022
1022
1029
1028
1028
650
680
672
680
649
736
773
765
770
768
961
767
988
987
993
991
1021
1022
1073
1089
1089
679
679
676
674
674
674
648
737
737
737
770
768
961
955
955
993
1073
1073
1091
676
675
674
740
731
731
732
969
960
969
967
956
954
954
953
1081
1081
1086
667
675
669
676
731
731
723
724
974
969
968
967
950
951
954
954
1080
952
1085
1088
670
670
669
664
664
734
725
733
725
966
965
965
965
951
948
948
948
948
1079
1079
1080
1087
1088
1088
729
1088
607
608
608
606
585
605
590
541
543
541
436
437
437
436
437
76
63
64
64
5
64
5
7
7
8
607
607
605
593
586
589
542
542
542
434
434
433
434
435
77
76
63
76
70
70
5
8
8
618
618
616
593
589
544
545
545
518
542
75
50
77
39
77
77
71
70
24
24
6
6
6
617
618
617
614
614
544
510
518
41
42
71
41
71
24
23
23
21
561
561
616
560
615
570
471
509
510
507
519
508
519
42
42
40
141
141
40
84
25
38
22
22
20
19
562
562
560
562
560
475
471
471
509
468
517
519
139
142
139
143
143
82
82
86
34
36
96
92
93
548
564
564
475
476
471
470
502
505
140
140
139
139
144
143
144
83
82
96
83
95
92
548
558
474
476
474
503
505
140
144
83
83
96
95
102
556
558
559
474
474
495
503
503
505
506
138
150
150
150
148
113
113
112
103
103
102
556
556
559
480
628
756
503
506
506
506
151
150
149
148
148
1000
1033
112
1037
112
112
103
1050
625
630
629
628
755
756
757
758
746
749
1006
1007
1006
1008
1000
1001
1034
1034
1036
1035
1052
1050
624
624
629
662
662
753
754
759
759
758
1007
1008
1008
1038
1037
1037
1042
1042
1051
1049
1043
626
626
626
634
661
637
661
754
754
754
762
760
1007
1005
1004
999
1020
1042
1041
1049
1045
1045
1049
681
634
627
633
660
765
766
766
760
769
761
979
979
988
987
987
1020
1039
1041
1040
1041
1045
1045
680
680
633
769
769
767
961
988
993
988
992
993
1039
1069
1071
1089
1089
1090
681
680
678
675
688
736
737
768
768
768
768
976
975
955
989
993
993
992
1069
1069
1091
1090
1091
677
675
675
675
688
732
737
708
708
969
967
950
950
952
953
1069
1073
1058
1091
1091
1091
667
668
685
684
731
735
732
734
724
968
968
968
967
950
954
952
1081
1087
1057
1088
668
668
668
686
686
684
735
735
725
733
966
966
965
951
951
948
1059
1059
1057
1088
686
586
8
600
600
585
586
585
590
590
541
445
445
443
446
443
433
437
433
431
73
64
64
3
2
3
3
7
3
8
596
600
600
586
589
590
543
543
446
431
75
77
76
76
64
72
65
5
0
6
8
596
598
598
593
592
589
544
545
545
543
446
430
75
77
69
72
72
24
27
23
21
618
597
618
597
595
615
593
593
592
567
507
507
518
422
422
431
74
41
72
68
28
27
23
23
561
561
561
571
570
569
471
519
519
142
42
69
141
71
26
26
22
20
20
564
571
570
471
469
468
520
520
520
137
137
142
143
145
84
25
86
25
26
95
562
563
564
572
504
504
520
140
136
140
145
145
84
85
83
85
86
95
95
95
93
563
563
476
469
474
495
469
504
505
505
138
136
138
138
144
80
81
78
94
94
87
87
87
555
555
558
559
496
502
506
152
150
149
81
148
148
81
94
88
88
87
555
630
559
496
756
487
756
502
151
152
149
1003
149
1003
1001
1033
88
1043
632
630
629
628
756
759
759
759
758
151
1006
1002
1003
1003
1034
1034
1036
1037
1037
1036
1051
1050
632
631
631
629
636
628
637
637
757
757
759
759
760
983
983
1007
1002
1001
1034
1036
1051
1043
626
627
634
637
753
753
763
761
979
986
987
985
1039
1038
1042
1042
1046
1046
1046
1046
640
634
635
753
765
764
764
764
980
979
986
988
985
1039
1041
1046
1047
681
681
640
634
633
736
720
720
769
762
767
980
976
991
991
1070
1070
1062
1063
1090
681
678
678
687
678
688
688
718
717
717
717
717
705
767
976
986
992
992
992
1070
1071
1071
1090
677
677
677
687
688
688
716
716
708
710
968
975
942
952
989
936
1071
1063
1058
1053
668
667
685
685
684
735
735
716
708
710
709
707
942
943
938
1061
1059
1058
1057
1053
668
701
685
701
685
685
682
686
684
734
735
734
709
707
942
944
943
944
944
938
938
1059
1061
1057
1056
1055
1055
938
599
599
603
586
585
587
588
587
441
447
445
443
444
432
73
73
67
67
65
2
2
3
2
1
1
1
186
598
596
603
588
591
590
445
439
447
447
446
446
431
74
66
66
66
65
0
0
186
186
596
598
597
595
591
592
592
424
447
430
430
430
74
74
73
72
72
27
0
0
21
180
575
597
597
592
565
567
545
428
422
423
423
198
74
69
69
68
69
27
27
27
23
21
180
575
576
576
576
565
569
567
567
507
428
428
428
421
422
423
142
141
69
68
28
28
23
179
179
19
575
576
576
571
570
569
569
468
468
421
421
137
137
145
142
85
84
86
26
26
93
93
177
563
564
582
572
469
469
494
487
504
418
136
137
145
144
85
85
86
94
91
93
563
584
584
582
572
574
494
488
488
488
155
155
146
146
146
81
81
79
90
91
91
582
558
557
496
496
495
490
490
491
488
154
152
154
147
146
80
81
79
78
90
555
630
557
557
496
839
495
846
487
491
490
151
153
152
153
154
147
149
1003
1215
78
1227
88
632
632
631
636
637
847
757
489
758
982
982
153
983
1002
1210
1043
1227
631
632
632
631
636
637
847
847
759
923
983
982
983
1002
1002
1001
1033
1210
1209
1209
1212
1036
1044
1044
1044
642
641
635
752
752
763
763
983
980
981
985
985
1038
1040
1047
1047
640
641
635
641
635
753
752
762
763
764
764
981
980
986
1039
1038
1062
1047
681
640
635
718
720
764
704
976
984
984
990
990
1067
1062
1066
1066
694
678
691
691
690
691
718
720
720
719
705
705
705
976
978
989
990
990
1070
1070
1063
1071
1065
1054
696
700
700
687
689
689
689
711
719
716
710
703
702
975
975
937
1071
1068
1068
1058
1054
1053
1065
699
700
700
682
682
711
710
709
710
702
942
943
942
936
937
936
1061
1060
1060
1056
1053
1055
699
701
683
683
683
682
733
713
713
709
707
707
944
943
944
939
939
1061
1060
1060
1056
1055
733
588
444
599
603
588
587
440
441
441
447
443
444
432
432
67
67
67
65
192
191
187
189
189
185
189
599
603
602
588
602
588
442
441
442
447
444
430
196
195
66
195
192
194
187
188
188
186
185
596
598
595
594
591
442
424
424
429
423
196
196
198
195
66
200
193
194
194
187
180
180
595
594
595
594
591
566
567
427
428
420
198
198
197
193
194
182
575
579
571
569
569
568
427
428
426
421
423
291
198
290
275
276
28
177
179
179
177
578
579
579
577
566
565
568
427
415
416
416
415
418
417
290
290
276
275
275
86
271
178
178
578
578
572
574
574
568
415
418
418
288
289
289
80
279
78
91
584
583
582
581
573
573
494
494
488
488
155
136
155
288
286
79
79
91
90
89
91
89
583
584
583
581
493
495
491
491
489
154
147
147
286
277
79
89
91
89
854
854
854
557
840
838
839
492
846
491
490
491
489
154
154
147
1203
285
1203
1217
1215
1225
1227
1227
1227
852
840
840
854
841
840
838
839
847
846
845
924
923
923
153
982
1201
1202
1203
1210
1215
1225
1216
1226
1226
1226
852
851
841
839
847
846
923
1197
1201
1202
1202
1199
1212
1219
642
852
642
642
636
844
847
845
919
919
919
981
981
1200
1200
1200
1210
1205
1209
1212
1211
1212
1212
1044
638
638
639
641
641
718
752
843
919
704
977
984
1204
1199
1199
1211
1212
1064
1064
1047
638
638
641
690
690
894
720
918
762
918
918
705
704
977
977
984
1114
1067
1062
1066
1066
1064
694
691
690
690
718
690
719
719
719
703
703
705
704
978
978
1113
990
1115
1067
1067
1063
1065
696
694
689
711
712
703
702
702
940
978
989
936
1068
1068
1068
1065
1054
696
696
700
700
697
714
712
707
706
940
937
937
1131
1133
1060
1054
1143
699
692
701
698
698
683
683
715
715
714
707
706
941
943
941
941
936
939
939
1132
1060
1142
1056
1056
699
714
1056
432
204
601
601
602
340
440
440
438
438
438
444
432
439
432
205
205
201
201
191
191
187
189
188
189
185
601
602
602
339
441
442
453
438
429
439
429
429
206
196
207
201
192
199
192
188
189
601
602
338
338
442
425
425
419
420
206
211
207
196
196
200
194
193
193
194
182
181
181
321
321
594
332
332
332
425
425
425
419
420
420
197
197
213
197
200
273
184
183
184
183
182
181
577
577
566
566
331
332
331
427
426
426
426
409
420
291
291
276
274
274
178
177
177
579
578
579
565
568
568
415
414
416
417
418
417
291
290
290
276
276
275
274
279
271
178
178
578
580
577
574
385
574
386
396
415
416
417
288
287
290
280
279
279
281
271
271
178
176
583
580
583
581
573
573
396
396
398
418
287
286
289
286
277
248
251
583
581
581
573
493
492
492
398
408
283
282
283
285
285
285
277
249
252
853
853
838
838
493
493
492
390
489
489
408
408
404
282
285
1203
1213
1217
1217
1223
1217
1227
854
851
841
844
845
925
924
925
931
1198
1201
1202
1213
1216
1216
1225
1226
852
850
841
842
845
845
924
924
924
932
932
1198
1198
1197
1200
1202
1209
1215
1214
1218
1219
1219
1226
851
841
850
842
842
844
843
917
917
919
1196
1197
1204
1200
1199
1211
1219
1219
1219
852
639
843
894
894
917
920
920
904
977
1196
1205
1114
1205
1229
1230
1230
1230
1064
1230
799
639
800
800
639
804
804
896
920
918
904
903
977
904
1116
1114
1115
1115
1114
1228
1229
1113
1228
1228
1230
696
694
796
796
894
892
893
903
978
1116
1117
1115
1133
1133
1065
1147
1066
696
696
695
697
689
895
711
712
893
869
876
876
1117
1129
937
1113
1113
1122
1133
1146
1143
1147
693
695
692
697
697
713
881
715
881
712
869
871
876
940
940
1129
1127
1129
1127
1122
1133
1142
1144
1143
693
693
698
698
698
713
715
715
715
714
871
706
871
706
871
941
941
1129
1126
1127
1127
1131
1132
1132
1142
1132
1144
1144
1144
1143
1144
204
162
317
316
340
340
340
440
454
438
448
460
460
460
205
205
201
203
202
203
191
190
190
162
162
164
162
339
339
339
338
454
453
453
460
206
462
207
206
207
199
202
191
202
190
190
163
185
163
317
316
337
338
336
337
453
456
419
211
206
207
213
207
210
208
200
199
202
184
181
160
321
322
322
322
337
335
332
333
455
425
420
211
213
210
200
184
184
273
184
182
181
325
324
325
324
331
323
335
334
333
413
412
411
211
308
213
308
308
307
273
272
183
175
176
325
325
382
382
335
385
334
331
334
415
414
414
412
409
410
288
280
280
274
274
272
272
176
250
176
384
384
380
386
386
396
414
397
397
410
410
288
288
305
311
289
281
280
281
270
250
251
251
384
384
580
381
386
388
396
398
398
407
283
287
284
284
277
278
281
281
262
249
249
251
251
383
581
380
391
398
398
408
407
408
282
283
284
284
278
278
278
260
260
249
249
252
245
853
855
856
381
380
391
407
407
282
282
285
1217
1217
1223
1223
1224
853
855
849
855
856
856
833
844
922
921
925
925
931
1190
1198
1193
1193
1201
1202
1213
1214
1216
1221
1220
1224
849
849
851
848
850
842
836
834
916
922
924
932
932
1198
1198
1193
1207
1206
1214
1218
1222
1220
1220
852
849
850
842
836
836
916
922
933
932
1197
1197
1195
1207
1205
1207
1205
1214
1218
1221
1222
1222
1222
799
799
799
799
800
843
837
896
917
920
920
904
905
905
1196
905
1195
1204
1119
1204
1229
1231
1232
800
800
797
804
805
804
896
896
896
904
898
905
1116
1119
1119
1111
1112
1114
1112
1112
1231
1231
1231
1231
1147
793
797
797
895
895
895
893
892
873
873
875
903
1117
1116
1115
1115
1135
1148
1148
1147
1147
793
793
793
798
796
796
881
895
893
893
873
873
875
875
876
1117
1126
1122
1135
1135
1146
1148
1140
695
695
792
798
881
881
881
879
870
870
869
871
1130
1129
1129
1126
1122
1131
1142
1137
1143
1140
693
791
692
791
794
880
880
879
870
870
871
868
1130
1130
1128
1127
1131
1127
1131
1125
1132
1141
1141
318
319
340
319
341
454
449
448
462
462
205
204
205
203
203
203
166
164
164
317
320
316
339
336
454
454
456
448
456
461
461
208
208
208
220
203
158
161
164
163
317
322
336
337
336
457
457
457
456
461
212
212
210
209
223
222
158
157
163
157
321
335
413
455
411
212
212
209
210
200
222
222
159
158
175
156
175
156
324
324
324
322
323
334
333
413
412
411
212
310
310
307
307
274
269
269
159
272
175
324
323
385
335
334
362
413
412
412
409
410
305
308
311
308
307
270
241
176
384
378
379
382
385
387
387
397
395
394
394
410
305
305
311
311
311
300
300
281
270
272
250
250
384
379
383
382
388
386
388
397
397
304
299
300
262
262
262
262
248
252
249
251
383
383
381
380
381
388
388
391
390
406
406
299
301
260
248
246
252
245
855
857
857
857
856
833
391
390
390
407
1189
283
1193
278
1213
1223
1224
245
1223
245
857
857
856
832
833
921
933
931
931
1189
1193
1193
1206
1240
1214
1241
1220
849
832
836
837
837
834
921
922
933
935
935
1191
1192
1193
1207
1206
1242
1221
1221
1222
1220
849
848
835
837
837
922
916
935
935
905
1195
1195
1191
1207
1208
1206
1233
1237
1221
1235
801
801
805
916
898
898
1195
1119
1207
1194
1208
1229
1232
1237
1232
802
806
805
806
891
896
900
892
898
1119
1119
1120
1112
1112
1111
1153
1154
1148
1231
1232
793
797
797
797
891
891
890
872
874
903
1120
1120
1118
1121
1153
1148
1149
1149
1149
792
793
798
878
798
878
890
893
873
874
875
875
1094
1107
1107
1118
1123
1121
1124
1136
1136
1149
1149
792
792
791
794
795
881
794
878
877
877
877
868
868
867
875
1106
1107
1128
1123
1124
1124
1124
1122
1135
1137
1138
1137
1141
1140
791
790
790
794
880
880
879
870
868
868
1106
1130
1106
1102
1125
1125
1125
1125
1139
1138
1141
867
227
318
319
319
341
320
342
342
451
449
449
452
462
226
228
226
228
216
228
219
217
173
166
164
164
167
320
341
346
346
449
457
449
449
459
459
462
227
226
219
220
174
161
161
161
317
317
320
347
337
346
347
347
457
461
461
226
231
223
231
223
220
158
161
161
160
330
330
330
327
326
333
457
369
455
455
466
465
465
465
212
231
209
209
223
223
223
222
221
159
159
157
157
330
327
323
364
369
369
465
411
409
306
309
309
309
267
269
268
159
241
241
157
156
240
379
372
387
364
362
395
369
412
394
310
306
306
310
310
311
267
267
269
242
241
241
378
379
373
387
373
364
362
394
401
306
305
305
300
298
298
258
258
269
270
261
239
239
378
377
377
389
389
362
393
395
395
403
401
299
304
301
300
297
258
261
261
246
244
247
247
857
829
393
389
393
403
403
402
403
401
299
301
301
256
260
261
246
247
828
829
829
389
392
392
393
926
406
933
406
1190
406
402
1190
1192
1189
256
1180
257
1240
1240
1240
1241
1243
247
828
829
834
392
926
926
934
1189
1192
1193
1180
1179
1242
1242
1242
1243
848
832
832
831
831
831
833
835
834
824
922
926
927
927
935
1190
1178
1179
1191
1180
1179
1241
1241
1235
1243
811
801
831
830
835
837
823
927
935
934
934
1194
1194
1192
1208
1208
1187
1233
1237
1236
1235
803
803
808
805
899
899
900
897
897
1194
1187
1233
1236
1237
1235
1236
803
802
802
801
803
808
808
891
890
900
900
900
900
897
898
897
902
1095
1095
1118
1093
1111
1154
1237
1154
1169
785
802
807
806
891
890
890
866
866
872
901
901
901
1120
1118
1111
1153
1153
1167
1169
1169
784
784
787
795
795
877
872
866
872
874
1094
1094
1107
1093
1123
1092
1121
1121
1136
1159
1159
1159
1160
1168
789
790
795
878
795
886
886
859
874
1102
1102
1101
1102
1124
1136
1139
1158
1140
1138
1160
790
790
789
789
880
884
886
884
859
858
867
867
1106
1102
1101
1125
1139
1139
1139
1139
1138
1137
1141
789
342
216
318
320
342
341
345
451
452
451
458
458
227
227
227
228
225
217
217
174
166
167
167
318
320
314
314
349
350
350
451
450
452
452
459
227
226
225
216
219
220
173
174
169
169
329
313
326
347
346
347
350
450
450
467
467
464
233
231
214
220
221
220
169
160
329
326
360
368
466
467
466
466
233
233
221
221
171
268
168
157
330
327
327
372
369
364
369
367
367
466
303
303
309
267
263
240
376
374
372
374
364
363
365
354
302
302
302
267
267
268
268
242
242
238
378
379
373
373
373
363
363
365
365
395
401
304
298
258
259
259
242
238
238
379
377
373
356
352
401
402
400
304
294
297
294
297
298
297
259
259
244
244
235
239
239
235
377
817
818
389
359
403
403
399
399
399
296
296
301
257
256
256
255
247
247
817
828
829
356
392
402
1176
1177
1180
257
256
255
1238
246
1244
828
831
820
820
820
928
929
929
1177
1178
1177
1177
1178
1180
1239
1242
1238
1241
1238
1243
1244
811
812
831
830
824
824
822
927
934
1178
1178
1173
1182
1180
1242
1239
1247
1247
812
812
808
835
830
824
823
927
910
908
912
1172
1173
1173
1187
1188
1186
1233
1234
1247
1234
1247
811
812
808
823
887
899
910
910
907
902
1100
1173
1187
1187
1233
1234
1236
785
803
807
807
806
887
887
888
906
907
897
907
901
902
915
1100
1100
1100
1098
1154
1152
1152
1167
1169
1167
1169
785
785
787
807
889
889
866
866
913
901
1094
1093
1093
1098
1153
1159
1167
1168
1168
784
784
786
788
885
885
889
885
889
866
862
1092
1108
1092
1105
1096
1157
1164
1164
1160
1168
781
780
787
780
885
885
859
865
862
862
1110
1107
1101
1105
1136
1159
1155
1161
1161
781
781
780
884
884
886
858
859
858
859
858
861
1110
1109
1105
1104
1104
1156
1156
1155
1161
1101
451
314
342
224
224
225
224
225
217
173
217
218
173
174
167
166
315
349
345
345
350
467
459
458
224
232
214
218
174
172
169
169
315
313
349
349
350
348
467
467
463
233
233
215
171
170
168
328
328
329
329
313
368
348
368
464
464
229
215
266
171
168
328
329
372
360
361
368
367
354
464
303
229
266
266
263
264
240
240
376
376
374
360
366
366
351
353
354
303
263
264
264
242
242
376
375
370
371
363
363
365
366
352
352
354
302
293
293
266
259
234
238
375
371
356
359
359
400
294
295
295
298
254
235
375
371
359
356
400
400
399
296
295
255
255
244
243
235
817
817
819
819
821
930
930
400
296
296
1176
295
257
1239
257
1238
243
817
813
816
820
822
822
929
929
1176
1177
1183
1183
1182
1182
1239
1246
1244
811
813
824
928
929
1175
1175
1178
1182
1182
1188
1239
1246
1246
810
813
812
830
812
825
825
827
827
911
912
912
1173
1170
1188
1186
1185
1246
1246
809
809
808
827
827
826
910
910
915
912
1172
1099
1173
1188
1234
1186
1234
1166
1166
815
807
808
826
907
915
915
914
1100
1099
1151
1151
1152
1152
1166
1166
788
788
888
865
906
906
914
915
1100
1098
1150
1154
1163
1168
786
786
787
883
889
865
864
865
913
862
1094
1092
1157
1159
1164
1163
1163
1160
781
885
883
860
865
863
1109
1109
1108
1101
1103
1157
1158
1158
1155
1164
781
783
780
883
861
861
1110
1109
1105
1105
1103
1156
1156
1155
1161
860
314
345
345
452
172
165
315
458
218
170
313
349
348
344
214
367
463
233
229
170
168
328
374
368
229
266
263
236
361
354
293
237
236
376
370
366
352
292
254
265
264
235
371
356
359
358
351
405
294
293
254
254
234
818
371
819
359
404
253
816
819
405
253
1245
243
817
821
822
930
1174
1183
1183
1182
813
825
827
823
822
908
911
1175
1186
1185
810
1170
1170
1171
1171
1188
1184
1184
1245
815
908
907
1172
1184
1165
815
909
909
915
1171
1151
1165
788
815
888
914
1099
1098
1151
1163
786
783
882
864
913
1108
1096
1150
1163
1163
783
864
861
1108
1103
1157
783
863
1104
1156
315
214
218
172
232
326
361
344
171
293
265
265
376
370
353
358
234
358
243
1244
820
1245
825
810
928
1174
1181
911
1185
826
1166
1151
788
907
1096
1150
1103
1162
860
861
216
172
225
173
315
348
169
232
236
353
360
366
264
355
254
253
255
821
930
1175
1246
825
826
1184
1185
785
908
1099
888
914
1162
909
1095
1095
882
863
1110
1096
1156
1161
343
218
463
215
215
170
328
229
354
236
355
265
234
375
358
405
351
296
404
930
1175
1170
912
914
788
1099
883
1097
1162
883
1109
1104
343
344
463
232
172
348
464
361
237
370
357
292
237
253
818
818
405
1181
1181
1245
810
821
911
809
826
909
809
815
909
1151
882
783
783
861
1109
1096
343
344
1134
1134
165
312
312
508
1145
357
230
230
237
358
355
357
816
234
816
1174
814
814
1174
1181
928
1185
1171
1171
521
913
1165
1165
1097
782
782
863
1097
1162
882
860
508
312
1134
230
165
165
1145
1145
357
230
357
1128
1079
1128
508
294
1029
956
312
10
1040
1029
19
1146
782
1146
19
1040
113
