1136
449
142
184
191
191
456
457
449
466
193
189
456
480
480
473
467
467
467
156
182
182
446
443
444
473
154
193
186
186
187
446
443
470
156
213
217
217
507
507
443
544
544
470
233
214
217
218
507
528
544
230
214
245
218
530
530
529
528
528
543
543
535
534
277
230
238
246
246
529
527
547
535
277
278
238
238
235
246
525
527
546
545
548
538
278
278
596
670
671
525
873
573
597
596
670
671
671
873
919
597
594
594
665
910
575
599
598
598
666
666
668
881
908
910
911
571
571
599
641
886
886
885
908
913
913
913
911
570
570
601
642
700
699
923
936
936
965
913
963
569
569
693
924
966
619
619
694
698
698
935
966
937
966
966
969
969
607
608
620
620
704
707
968
607
617
618
703
703
704
708
707
927
937
968
967
968
970
145
144
144
142
143
142
184
185
184
185
191
191
189
189
457
457
456
450
479
450
479
480
479
466
466
466
467
145
143
142
183
184
181
184
189
189
457
456
447
450
449
450
449
480
466
467
465
468
145
156
156
154
182
181
193
187
187
188
188
459
458
447
447
447
446
444
473
473
473
473
469
471
156
157
155
155
182
181
193
187
187
460
448
446
446
444
443
493
473
472
471
158
158
158
155
155
233
213
213
217
218
220
458
218
445
444
544
544
472
472
470
270
270
233
213
230
214
214
217
218
530
531
531
505
528
505
507
544
543
533
535
470
534
534
271
270
270
233
233
233
231
245
218
530
531
531
527
527
528
518
543
547
543
535
535
535
270
277
277
238
231
230
246
247
245
526
530
529
529
518
546
547
548
540
539
540
278
276
276
238
238
237
235
237
246
247
247
524
524
526
525
526
521
546
545
548
545
540
540
540
538
278
278
237
235
669
247
670
671
673
673
873
525
518
546
545
545
545
901
538
538
919
573
573
597
597
595
596
594
594
669
669
670
665
670
671
873
874
874
873
873
875
901
881
903
901
901
919
919
573
574
597
595
594
594
669
665
666
666
666
872
874
874
875
880
880
910
881
909
918
918
918
575
574
575
595
598
641
641
666
668
886
886
880
880
880
909
909
910
912
911
911
571
599
598
601
641
641
642
668
668
668
884
885
880
881
908
910
913
912
911
571
571
570
600
600
602
601
601
693
692
700
699
885
924
885
908
908
913
569
570
570
600
601
693
694
694
700
699
699
923
923
923
936
936
936
965
965
966
963
962
962
604
603
603
603
619
620
695
694
695
700
698
698
698
924
928
927
935
937
966
962
962
608
607
617
606
619
620
703
704
708
708
708
928
927
937
939
937
968
967
968
969
970
608
607
617
617
616
620
620
618
703
703
704
708
707
927
938
967
967
970
970
970
970
970
607
185
479
144
144
142
183
184
185
190
190
189
453
457
455
452
452
450
450
482
480
465
465
465
468
144
145
143
143
143
183
183
181
183
191
192
190
192
188
188
457
452
448
451
482
481
493
465
469
468
468
145
153
150
182
182
181
194
193
188
459
459
460
459
460
448
448
447
445
493
492
472
468
469
157
157
153
150
158
154
177
186
187
460
458
448
445
444
492
473
476
478
471
478
157
158
158
155
268
155
215
216
216
216
220
220
497
505
505
507
508
492
541
476
476
471
271
268
232
215
216
214
216
219
219
506
505
508
541
542
534
534
271
271
232
231
245
245
523
530
506
519
519
519
542
542
533
270
275
275
268
236
236
232
236
234
231
231
524
523
529
527
519
522
547
548
542
549
539
539
539
537
276
277
281
237
237
235
234
235
247
247
243
524
524
524
526
521
520
521
522
549
548
539
537
281
596
237
658
669
243
673
672
526
521
876
521
549
900
538
898
572
572
597
596
590
590
659
663
673
672
872
876
876
876
876
903
903
903
901
900
918
573
573
572
574
595
590
665
664
665
667
871
871
875
875
878
904
904
909
921
918
575
575
574
574
599
586
599
586
588
640
641
667
884
871
878
879
902
908
905
909
920
921
575
580
600
602
640
642
668
667
886
883
885
879
906
905
912
920
568
602
602
640
642
639
639
639
696
926
882
882
906
905
912
964
912
568
604
580
568
600
602
693
692
692
700
700
700
699
923
696
926
924
935
965
965
964
963
960
604
604
603
606
615
619
615
695
692
695
697
697
923
926
939
935
965
963
963
962
959
610
609
619
702
704
701
709
709
928
928
939
930
933
932
973
974
969
608
608
610
610
609
609
617
616
616
618
618
702
702
701
709
709
707
929
939
928
939
938
938
932
975
975
974
974
971
938
975
974
146
180
481
145
149
146
148
146
180
180
180
190
192
207
206
454
454
455
452
451
451
481
481
463
464
463
464
464
464
464
149
147
179
179
179
192
204
204
455
453
455
455
453
451
482
494
464
462
152
153
147
153
150
177
178
194
192
194
205
459
453
458
448
437
493
495
493
494
478
462
469
468
152
151
153
150
151
177
177
194
194
220
220
460
460
438
431
445
431
492
494
478
477
478
157
151
266
215
216
226
219
223
497
445
513
508
492
476
476
478
475
274
267
267
269
215
226
225
219
497
497
505
508
512
511
508
509
542
541
533
532
532
274
272
268
267
268
268
232
229
228
226
225
225
498
506
506
511
533
542
533
533
275
275
272
283
232
234
244
244
243
523
244
502
520
519
522
519
547
536
536
536
536
532
276
276
281
283
236
234
234
244
239
244
243
523
523
522
522
549
549
536
537
537
280
280
280
281
281
658
659
659
663
672
672
520
520
517
522
877
903
549
899
899
898
898
579
579
589
590
658
664
663
663
672
672
870
870
876
877
877
903
904
899
898
899
918
579
578
586
586
587
664
662
662
872
872
872
869
877
877
902
904
902
900
900
921
921
583
583
588
588
664
646
646
646
872
662
871
884
884
869
878
879
902
905
922
922
920
581
586
584
585
588
645
645
639
653
884
883
879
906
906
905
920
920
581
581
580
581
585
689
640
639
639
654
696
654
883
882
926
879
957
905
958
960
960
604
580
605
568
633
615
585
689
689
691
695
696
696
925
926
934
964
964
959
605
605
614
615
615
614
691
697
697
697
925
925
933
934
934
973
973
958
610
605
609
606
615
691
702
706
709
705
709
930
930
933
933
933
975
932
972
971
610
611
611
612
616
702
701
701
701
706
929
929
930
931
938
931
932
932
975
975
974
972
972
971
616
972
148
149
149
146
168
180
179
200
199
207
206
455
454
455
454
434
436
436
426
481
481
486
486
463
461
149
149
147
171
169
178
199
207
206
205
205
205
442
455
439
437
437
437
431
495
486
462
461
152
147
147
178
178
178
196
198
204
204
439
442
439
439
439
437
430
495
495
494
485
462
462
152
162
152
151
177
178
198
224
439
438
431
438
496
496
491
477
477
274
274
151
266
151
256
256
226
226
221
222
222
224
458
438
431
512
513
430
509
496
494
555
475
475
475
274
273
267
273
266
266
255
229
227
228
222
223
497
500
498
511
512
509
509
566
564
555
555
551
554
273
273
267
269
255
229
229
228
225
498
502
498
498
504
511
511
509
564
564
563
550
551
272
283
282
229
229
240
242
502
520
515
563
564
550
551
279
279
283
282
282
240
239
239
241
241
502
517
516
517
514
514
559
559
552
537
552
279
279
280
283
591
658
239
241
241
241
376
517
517
514
514
867
893
559
895
560
559
552
896
579
579
577
589
590
657
657
661
663
663
852
870
870
866
877
868
893
895
899
895
898
897
583
579
577
589
590
592
656
660
662
660
853
869
869
892
895
895
891
891
899
915
915
583
584
584
585
586
592
588
587
587
645
646
662
869
869
883
878
902
891
922
922
916
917
921
581
584
584
585
588
644
646
646
653
655
653
651
853
857
883
879
892
892
922
916
922
916
917
581
633
632
655
654
652
926
857
882
951
956
956
957
992
993
961
960
961
631
631
633
633
629
689
689
688
655
654
654
652
949
925
951
951
956
956
957
992
958
961
959
637
605
636
606
614
690
691
688
705
697
925
952
952
955
934
976
958
958
959
959
959
637
611
606
614
613
691
691
680
706
705
705
948
930
930
933
931
973
972
983
972
611
611
611
612
613
613
677
677
706
680
706
706
929
929
931
931
977
976
982
971
612
168
461
148
148
168
169
168
200
200
207
210
210
207
207
208
208
206
442
435
434
436
426
483
483
486
486
487
487
461
161
174
169
171
171
200
199
199
210
442
435
434
437
436
437
428
483
483
485
462
461
161
159
171
171
171
199
199
196
198
198
205
205
442
440
433
495
496
495
489
491
477
162
162
166
167
166
166
166
165
196
195
196
197
198
224
224
441
441
438
430
433
488
488
488
474
162
162
162
167
165
256
227
223
224
500
513
432
513
430
488
488
491
474
475
259
256
256
256
227
227
222
223
223
500
500
499
513
512
510
566
566
566
555
555
273
259
263
256
228
222
223
498
501
501
499
503
510
565
563
565
567
566
557
551
551
272
263
282
250
255
248
228
242
242
242
504
501
502
504
504
563
563
561
563
550
553
551
553
279
264
282
251
249
239
241
502
516
515
515
515
515
560
559
552
553
553
279
576
283
249
657
240
657
239
376
377
517
867
514
867
867
893
553
896
576
577
577
591
657
656
661
661
661
376
852
866
867
868
893
895
894
894
894
894
897
896
578
582
577
582
592
591
592
591
656
656
656
660
660
852
852
853
868
868
893
894
897
897
582
583
584
593
592
643
653
653
853
856
856
856
892
892
891
891
914
914
914
917
584
593
593
644
645
650
655
655
651
858
858
857
856
991
916
917
917
630
631
632
632
629
683
644
683
655
650
652
651
651
951
957
991
993
993
987
961
630
638
631
632
633
628
629
685
685
690
690
687
687
652
949
949
952
956
956
992
993
993
961
638
638
637
633
628
628
690
690
687
682
705
949
948
952
952
955
992
992
983
980
635
637
636
621
613
686
677
688
688
682
682
682
948
948
941
977
977
976
983
983
611
622
622
635
622
622
613
621
613
677
677
680
680
680
679
946
948
946
946
941
941
977
977
976
984
982
982
941
174
174
176
169
168
173
170
201
202
210
210
212
208
208
435
434
427
426
484
484
484
487
487
487
487
485
319
159
161
169
170
170
203
202
203
202
211
212
211
208
442
427
428
428
484
484
485
323
324
159
159
167
164
170
203
170
197
211
105
441
441
441
440
428
428
429
489
483
485
477
324
160
160
167
166
165
195
196
197
197
104
109
440
440
433
433
432
433
489
489
489
491
474
324
260
167
260
260
165
254
165
195
221
106
108
221
224
109
118
500
513
433
432
432
489
491
420
419
474
257
260
260
252
256
254
254
115
222
118
118
499
386
499
381
510
510
567
567
567
554
554
554
259
263
263
253
255
227
115
115
116
118
501
504
503
510
565
565
567
557
557
554
263
265
265
250
253
253
248
123
116
117
501
379
504
388
503
561
561
561
557
557
556
265
264
251
248
249
240
123
123
123
123
380
376
379
378
515
560
560
562
562
558
264
576
251
251
249
851
249
720
121
122
123
376
376
377
377
379
378
516
865
889
560
1123
553
578
838
848
847
591
721
657
119
661
855
852
377
853
866
865
897
896
578
576
839
848
847
593
721
721
660
713
855
855
854
866
866
868
890
890
863
890
890
889
915
915
915
796
794
593
643
643
643
649
855
858
854
856
863
890
887
914
914
582
793
632
794
794
593
644
643
650
649
649
649
859
857
862
888
985
988
630
630
627
683
683
650
647
859
857
857
953
955
991
991
987
987
638
631
632
629
627
628
685
683
684
684
687
648
647
647
950
950
955
954
955
991
993
989
986
980
638
638
636
636
628
626
628
686
686
687
681
687
647
944
949
942
990
990
990
983
980
983
989
635
636
626
626
625
686
682
681
681
679
948
947
947
942
942
940
979
979
984
984
980
984
635
634
621
621
621
623
676
676
676
675
682
679
946
947
946
943
941
979
979
978
981
982
676
173
209
175
175
176
201
201
202
201
212
212
212
209
435
435
427
427
426
331
330
322
322
319
319
319
174
176
176
172
172
173
203
203
202
211
209
105
313
312
427
429
429
335
323
322
323
324
320
160
159
160
163
172
96
197
101
105
104
313
313
433
288
429
288
335
335
325
325
323
324
160
164
163
164
164
164
195
106
107
103
291
291
290
429
336
325
258
258
163
254
46
49
106
107
109
114
114
381
291
382
289
384
432
420
419
420
420
257
258
257
260
252
252
49
108
108
109
109
108
112
118
381
382
382
384
384
567
422
419
420
259
257
252
253
52
48
115
117
117
386
387
387
565
422
561
556
265
265
262
253
250
52
36
121
121
120
379
386
379
386
388
562
562
558
558
558
556
556
261
265
265
250
249
116
122
122
120
379
378
388
389
389
562
558
558
556
264
838
264
251
849
850
851
116
720
122
122
119
119
380
380
378
864
388
865
1125
1124
1124
1123
1122
1123
838
848
848
838
849
851
850
851
720
720
719
713
713
1050
378
855
864
865
865
890
889
1124
1126
1124
1131
1123
839
838
847
851
721
721
713
854
864
861
863
860
1126
1132
796
839
796
848
847
846
721
718
724
724
725
855
854
861
861
861
863
863
888
887
887
887
887
915
796
797
797
793
794
718
643
718
724
649
859
858
860
860
862
862
887
988
988
988
797
795
793
794
627
779
684
723
650
726
726
650
648
950
859
950
862
954
985
986
986
988
795
793
627
627
685
779
774
684
684
684
648
648
647
944
950
953
953
954
954
990
985
986
781
638
625
686
676
681
647
678
944
944
953
953
990
989
990
989
981
781
781
626
635
626
675
773
681
679
944
942
942
940
978
979
984
981
634
634
621
624
623
623
623
674
674
675
679
678
947
947
945
943
940
943
940
979
979
978
984
981
634
675
981
100
311
175
175
173
173
201
92
93
212
92
209
209
100
105
311
312
311
331
331
330
322
322
321
321
320
174
175
172
33
203
92
93
104
105
104
105
105
315
312
313
312
331
288
330
325
320
160
176
27
26
26
101
101
101
105
315
315
313
313
288
334
335
336
336
335
327
327
324
16
13
163
47
46
46
107
101
107
102
103
103
290
290
291
289
289
336
336
333
326
325
326
327
258
163
13
47
47
46
49
106
106
107
107
114
114
291
285
289
421
421
419
420
418
258
257
15
52
49
49
49
111
111
113
112
114
381
385
382
384
384
421
421
422
424
425
418
261
262
37
52
52
48
52
48
111
111
112
385
386
382
383
384
422
383
423
425
417
417
262
261
262
250
38
52
35
35
115
117
386
388
387
389
389
423
402
261
262
36
36
36
35
121
120
380
375
374
373
389
372
389
361
401
401
841
261
849
850
36
56
122
120
119
119
120
129
374
374
372
1121
1121
1125
1126
1122
1125
1123
842
849
850
850
719
711
711
713
1049
1050
864
864
1121
1126
1126
1124
1131
842
839
845
845
719
719
710
710
710
1050
1049
1050
1052
1052
861
1120
1120
1126
1118
1132
1132
1132
1131
840
847
839
846
845
846
846
723
722
724
1051
1051
1052
860
861
1119
1129
1129
1132
797
797
846
779
723
723
724
726
726
859
1051
860
1010
1119
1127
1129
1129
1129
988
1130
795
797
795
795
793
791
780
780
725
726
726
726
950
1055
1003
1010
1010
1009
1009
985
1072
1071
1072
1066
1065
781
781
791
791
779
775
775
767
944
1004
1004
1009
1071
1071
986
1067
987
781
782
785
625
756
774
774
774
775
775
768
768
1014
1014
942
1018
954
1019
1069
1070
1070
1067
783
783
783
624
624
625
756
674
773
774
764
764
768
945
943
1014
1018
1013
1018
1019
1069
1070
1076
1076
783
784
624
624
624
623
674
773
674
675
764
678
764
678
766
945
945
1013
1011
1017
1013
1078
1077
1077
1075
1077
1075
1075
1076
1076
1076
311
321
11
30
33
34
33
92
93
93
91
99
99
100
317
311
310
329
329
329
329
328
330
321
321
343
320
33
33
27
27
95
96
93
100
315
99
317
317
317
316
331
330
334
328
333
343
320
343
11
30
27
27
27
26
96
102
102
315
314
315
314
318
290
316
289
334
334
326
327
337
16
13
16
12
28
47
46
45
96
102
103
314
284
290
334
333
332
336
332
327
327
16
15
16
15
12
13
47
45
44
110
110
113
114
285
285
285
285
284
408
424
326
326
418
16
15
51
37
47
51
44
48
44
110
110
111
113
113
125
113
383
383
408
408
425
425
418
417
418
39
39
37
51
50
50
111
130
132
125
125
125
385
385
370
387
383
369
421
424
425
402
417
40
40
37
38
50
35
55
130
129
124
375
387
373
373
361
362
361
360
423
404
401
402
402
40
39
38
56
128
128
129
128
375
375
375
373
372
362
361
361
422
361
403
401
400
399
841
841
834
38
56
56
129
1056
374
372
372
1125
1125
1122
1122
1133
841
842
842
841
837
849
819
719
715
711
711
711
712
1056
1050
1059
1058
1058
1120
1121
1120
1126
1134
1135
1131
842
840
842
836
840
843
843
845
714
715
710
712
1049
1049
1058
1064
1063
1120
1118
1118
1134
1135
1135
840
840
844
844
843
845
714
714
712
1054
1051
1052
1052
1064
1063
1063
1119
1119
1128
1128
1132
1130
1135
789
790
790
789
792
844
844
778
723
725
725
1055
1054
1054
1055
1055
1052
1003
1003
1010
1119
1127
1130
790
792
792
780
791
780
780
779
779
726
728
1055
1055
1003
1003
1010
1008
1010
1008
1071
1072
1066
1066
1065
1065
785
788
788
780
780
777
775
776
769
769
767
767
1004
1004
1009
1009
1071
1072
1067
1067
1067
782
785
785
787
787
756
757
776
772
775
769
769
770
768
768
1004
1018
1019
1069
1069
1070
1068
1068
782
782
786
787
756
756
756
773
773
763
764
766
1014
1014
1013
1018
1019
1078
1070
1081
1075
1074
784
784
783
784
754
754
755
773
763
763
764
766
1012
1013
1011
1017
1078
1017
1078
1078
1077
1075
1076
31
31
34
31
34
92
93
91
99
99
317
304
310
310
329
328
328
343
341
11
30
30
34
34
94
95
95
91
99
98
97
317
318
316
299
329
328
344
344
345
11
28
28
28
29
95
96
95
102
98
314
318
318
300
300
333
333
340
345
337
10
12
72
72
80
286
314
287
284
298
300
332
332
340
337
339
337
337
16
14
14
12
14
45
45
71
71
79
286
286
287
284
298
408
409
408
339
425
425
15
14
51
45
44
65
71
110
125
112
127
126
285
371
369
369
409
397
417
39
41
41
37
51
65
61
131
131
132
132
124
126
126
371
371
370
370
370
359
423
424
398
398
40
42
42
39
61
50
61
130
130
124
368
368
360
359
423
404
404
400
400
402
40
42
38
38
60
61
55
55
55
129
141
373
368
362
403
403
400
399
835
835
835
834
834
818
56
55
128
128
1056
373
1058
362
1112
1112
1133
399
1133
399
834
837
834
837
819
715
717
712
1049
1059
1059
1058
1061
1108
1118
1111
1133
836
837
843
843
820
819
715
715
712
717
1048
1047
1064
1060
1064
1120
1107
1134
1134
1135
1135
836
836
821
844
820
714
714
1048
1047
1054
1053
1062
1064
1064
1063
1105
1128
1128
1134
1135
789
789
792
736
728
1054
1053
1002
1064
1062
1006
1127
1130
1127
1130
790
792
778
809
778
778
728
728
727
1002
1003
1007
1008
1008
1006
1092
1094
1066
1066
1065
785
788
788
788
757
777
777
769
771
767
1005
1005
1005
1008
1092
1072
1065
1068
1068
786
786
788
757
787
761
777
772
770
771
771
767
1028
1021
1021
1005
1015
1007
1015
1092
1080
1068
1068
786
802
786
787
805
754
754
757
762
761
772
763
766
765
771
1012
1021
1011
1015
1016
1015
1016
1019
1078
1081
1081
1081
1074
1074
784
802
802
805
754
755
755
763
766
765
1012
1012
1012
1011
1016
1016
1017
1079
1080
1081
1073
765
304
25
31
31
32
32
32
32
89
89
90
90
97
304
304
309
307
307
309
351
310
350
342
341
341
341
31
34
29
20
91
94
91
91
98
97
97
309
309
309
351
350
344
344
345
10
10
30
29
28
23
20
94
94
98
98
301
316
296
298
299
299
340
344
345
345
9
10
10
8
0
29
72
17
87
80
80
80
79
80
286
293
293
298
300
298
300
299
300
340
339
340
338
8
9
14
0
64
72
80
79
79
127
287
287
293
409
409
410
339
397
394
339
394
394
41
1
69
65
65
131
73
71
76
287
127
127
287
371
371
369
416
409
397
397
398
42
41
70
69
69
68
65
132
126
127
126
127
370
371
359
359
359
409
424
406
398
398
42
42
43
60
61
61
53
131
132
132
124
368
134
367
367
367
358
360
404
404
406
398
400
835
827
54
60
53
130
140
140
139
141
368
366
360
355
404
405
405
400
835
818
818
54
54
54
54
717
140
717
140
1056
141
140
1056
1057
1057
356
1061
356
1112
1112
1112
1111
1110
399
828
829
819
54
716
717
1048
1059
1059
1060
1061
1108
1111
1107
1111
1115
836
829
829
830
821
820
819
820
820
744
716
716
742
716
1048
1047
1031
1061
1060
1061
1106
1107
1116
1117
1115
836
789
830
821
821
821
738
738
717
1048
1048
1062
1062
1064
1061
1062
1106
1104
1128
1117
1115
813
815
810
810
736
728
732
731
1053
1053
1105
1104
1117
1130
1117
1098
814
813
814
789
814
815
810
737
736
729
729
727
730
727
727
1033
1053
1002
1035
1007
1007
1006
1093
1094
1093
1099
813
814
815
809
760
760
777
729
730
730
730
1033
1028
1002
1007
1007
998
1092
1094
1099
1099
802
814
804
804
804
761
770
730
770
771
1027
1028
1028
1005
1015
1001
998
998
1091
1091
1091
1091
1087
1086
806
802
806
762
805
762
762
748
771
1020
1021
1023
1020
1016
1080
1081
1085
1073
1073
1086
803
803
806
805
755
755
761
747
747
748
746
765
1020
1020
1023
1016
1079
1079
1080
1081
1081
1073
1074
805
21
306
25
25
21
21
89
88
88
88
90
303
304
303
304
308
307
305
350
350
349
342
342
24
25
25
25
19
19
85
88
85
86
90
97
301
309
308
307
296
351
350
353
344
342
10
23
28
20
20
20
85
87
87
87
86
82
308
309
296
351
299
351
338
345
8
0
0
73
72
87
87
82
293
293
292
352
352
410
338
338
9
8
1
0
63
63
63
73
73
79
82
293
292
415
416
394
5
70
1
70
64
68
64
76
133
133
133
415
415
410
410
397
394
395
41
7
70
70
70
68
64
59
64
78
134
133
369
359
412
406
396
396
396
43
43
69
59
78
139
141
139
134
134
367
365
364
367
366
358
406
406
407
393
393
396
393
43
828
827
60
60
139
140
141
141
137
365
366
365
356
355
355
407
393
392
828
828
827
59
53
138
1057
1057
1043
1108
356
405
1110
405
1110
828
829
816
819
816
744
741
1031
1057
1039
1038
1038
1038
1043
1108
1111
1108
1109
1110
1115
1114
833
830
830
822
824
744
744
742
1031
1031
1038
1045
1043
1108
1107
1107
1115
1117
832
832
830
823
823
738
738
742
732
731
1031
1037
1045
1045
1045
1105
1106
1104
1116
1116
1116
1117
833
832
810
823
737
732
732
732
1034
1033
1037
1035
1006
1104
1104
1095
1097
813
815
810
812
809
737
737
736
734
731
727
734
1033
1033
1036
1035
1000
1000
999
1093
1093
1093
1094
1099
1098
1099
813
814
809
809
737
729
729
730
1027
1034
1027
1001
1001
1000
1092
1091
1098
1087
1099
799
804
799
799
762
759
760
761
752
753
751
1027
1027
1001
996
999
998
1087
1087
1087
1086
802
806
804
801
759
762
753
753
746
1026
1026
1020
1023
996
1079
1083
1085
1085
1084
803
803
805
759
759
747
747
748
748
746
748
746
1020
1022
996
997
997
1082
1082
1085
1084
1022
88
24
21
303
303
308
302
306
306
347
305
347
347
353
349
349
24
22
19
88
19
84
86
301
302
308
305
351
354
353
353
342
24
23
19
17
17
85
87
82
81
301
292
297
354
354
353
9
4
9
4
3
17
85
73
81
82
292
297
416
352
338
5
5
1
1
3
73
74
76
81
295
292
416
415
413
413
411
395
5
5
1
63
62
63
77
75
76
133
412
412
413
395
395
6
6
7
68
68
62
62
78
78
77
76
133
364
364
415
412
391
396
6
66
57
57
78
135
135
365
363
358
407
393
6
66
57
59
138
138
137
365
366
358
357
405
392
393
825
827
816
817
817
741
741
138
137
363
1039
366
356
1102
355
1109
392
828
833
827
816
744
744
742
1031
1039
1039
1043
1042
1043
1102
1109
1109
1114
831
833
743
742
741
1030
1039
1038
1046
1103
1106
1102
1116
1113
831
833
832
822
830
822
823
824
823
1029
1030
1030
1045
1041
1046
1106
1101
1113
1113
811
811
810
823
739
739
735
731
1037
1030
1035
1036
1046
1046
1104
1101
1097
1097
1097
812
807
808
737
735
1034
1034
1037
1035
1000
1105
1096
1095
1095
1098
1098
812
812
760
752
734
734
1034
1036
1000
1001
999
1093
1088
1086
798
799
807
759
760
753
752
753
751
1026
1027
1024
994
1088
1088
1090
1089
1086
798
752
749
750
753
751
1025
1025
1026
1023
996
996
1088
1083
1085
1090
798
801
801
749
745
746
1022
1022
1023
997
997
1083
1082
1084
1084
747
24
22
89
86
346
348
23
86
305
354
23
18
18
84
297
74
83
295
294
352
349
4
67
74
295
416
413
411
3
76
295
411
395
6
66
62
77
135
358
414
412
391
66
59
57
58
77
135
136
364
414
407
391
825
66
817
58
136
357
826
817
137
357
1114
392
825
817
743
741
1039
1042
1042
1042
832
824
824
743
743
740
1030
1041
1103
1100
833
1044
1041
1046
1044
1103
1101
1100
1113
808
733
735
1037
1101
1113
808
739
735
1036
1044
999
1095
799
807
750
1036
1024
999
1096
1089
799
798
759
752
1026
1024
995
1088
1090
1090
798
750
745
1025
994
1083
801
751
997
1082
24
305
354
346
302
3
17
84
352
364
414
414
7
67
75
57
391
138
392
1109
816
1109
822
831
740
1040
1103
1029
1103
808
1097
1096
812
735
994
995
994
1090
749
745
306
346
306
354
4
18
349
301
411
75
3
74
413
67
363
357
407
817
741
1040
1113
822
739
1100
1101
812
735
1044
739
1032
1089
733
1024
1024
758
751
1025
994
1083
1084
22
347
83
296
297
354
4
295
75
411
67
414
390
6
58
137
75
363
136
740
1041
1046
1030
1037
807
1032
749
995
1090
749
1022
997
22
83
302
302
346
84
81
3
390
7
62
135
391
357
825
825
136
1042
1102
1114
831
743
1029
811
739
733
811
808
733
1096
758
801
801
745
1025
994
22
83
907
907
348
18
18
987
888
2
294
294
390
58
67
58
826
391
826
1040
826
826
1040
1102
740
1100
1041
1044
490
1032
1096
1095
1032
800
800
750
995
1089
758
750
482
490
907
294
348
348
888
888
2
294
2
776
490
776
659
136
733
659
569
490
569
269
718
722
800
722
269
722
272
