4048
1654
773
787
987
986
1689
1698
1653
1580
997
1009
1694
1554
1562
1562
1580
1575
1576
689
766
767
1650
1652
1658
1548
690
990
999
1001
1000
1646
1658
1523
694
629
953
961
1857
1858
1656
1540
1534
1524
666
952
957
959
1852
1850
1540
531
532
530
959
1880
1878
1874
1848
1844
1981
1979
1993
1997
613
514
508
536
528
1876
1843
1978
1997
651
615
612
511
508
524
1893
1842
1975
1974
1969
1999
650
649
3829
3609
2913
1896
2934
3837
3833
3827
3617
2915
2915
2935
2627
3837
3799
3647
3615
2643
3845
3812
3801
3797
3633
3631
3631
2997
3001
2641
2627
3818
3813
3811
3625
2868
2867
2995
3003
2550
2556
2560
2554
3823
3819
3806
3718
3729
2866
2867
2848
2848
2551
2552
2552
3825
3824
3722
2854
2772
3945
3949
3716
3682
2862
2852
2770
2809
2772
2733
2726
2725
3958
3965
3949
3943
3680
2816
2726
3957
3937
3937
3689
3690
3676
3680
2817
2815
2819
2765
2764
2724
2724
801
804
800
803
805
773
783
789
787
788
985
987
1008
1011
1696
1690
1689
1661
1653
1662
1550
1553
1552
1564
1564
1580
1578
805
803
771
770
770
991
787
1011
1008
1698
1697
1674
1660
1662
1661
1654
1562
1564
1576
1580
1578
804
682
680
767
766
989
991
998
997
1009
1003
1698
1694
1674
1673
1672
1650
1649
1548
1546
1548
1522
1575
1520
689
692
688
668
994
995
990
1003
1000
1704
1673
1646
1646
1658
1656
1548
1536
1536
1520
691
694
690
665
664
670
630
951
949
963
963
1692
962
1692
1658
1538
1540
1534
1522
1524
662
641
631
629
631
955
952
953
963
1878
1856
1853
1854
1850
1858
1862
1540
1981
2005
1995
2006
2007
2007
660
662
618
619
618
617
532
527
959
1880
1880
1852
1846
1843
1844
1836
1978
1989
1977
1995
1995
1997
654
652
612
610
517
531
536
526
527
1876
1880
1876
1874
1838
1991
1971
1979
1993
2015
2010
652
654
651
613
609
510
514
512
536
524
528
1868
1866
1894
1891
1894
1890
1973
1969
1963
1971
2013
2011
2009
1999
648
650
512
511
3610
521
3607
2912
2911
2915
2933
1892
1973
1974
1975
1971
1969
2629
2010
1999
2625
3853
3852
3829
3830
3831
3827
3645
3649
3651
3611
3611
3619
3619
2913
2939
2938
2935
2934
2937
2993
2999
2997
2973
2998
2630
2625
2633
3843
3842
3835
3834
3831
3645
3610
3617
3614
3613
3614
2931
2931
2929
2995
2989
2993
2999
2997
2631
2638
2637
2635
3842
3834
3849
3800
3799
3627
3627
3635
3635
2928
2928
2991
2990
3002
2643
2641
2643
2644
2627
2553
3845
3813
3800
3797
3627
3625
3632
3629
3629
3631
2868
2989
2990
3003
3002
2551
2556
2546
2553
3821
3824
3819
3807
3809
3809
3807
3802
3721
3720
3728
3730
2856
2856
2848
3003
2549
2558
3825
3818
3823
3947
3806
3722
3720
3718
3730
3726
2864
2861
2863
2856
2850
2849
2852
2774
2774
2732
2734
2557
2728
3967
3965
3967
3951
3947
3945
3722
3688
3716
3724
3682
2863
3724
2857
2854
2854
2849
2806
2768
2730
2727
3965
3955
3951
3950
3951
3943
3688
3682
3680
3682
2862
2821
2821
2818
2807
2766
2770
2766
2737
2734
2720
3959
3959
3953
3949
3953
3943
3943
3941
3690
3689
3676
2817
2816
2818
2756
2765
2740
2724
2722
2722
2722
2720
3957
785
1550
799
800
795
785
785
789
980
985
1005
1686
1696
1686
1684
1688
1665
1664
1552
1559
1560
1568
1570
1569
801
792
793
797
771
761
765
760
780
986
981
983
983
1007
1005
1698
1690
1674
1666
1666
1556
1555
1560
1574
1572
1530
793
679
769
760
761
993
995
998
1007
1704
1705
1706
1706
1702
1670
1672
1674
1648
1554
1542
1528
1530
1530
685
682
686
679
680
769
994
999
1001
1706
1700
1668
1650
1650
1544
1545
1544
1527
1532
1532
691
692
665
670
670
668
627
967
949
951
963
972
1856
1854
1860
1857
1862
1538
1983
1536
2001
1523
642
666
625
627
966
630
955
957
969
1853
1852
1862
1983
1983
2006
2003
660
640
619
518
526
526
1870
1878
1846
1836
1838
1988
1988
1981
2005
662
656
657
622
611
611
621
520
518
534
534
1868
1872
1884
1848
1839
1882
1991
1989
1984
1965
2014
2013
2014
2023
649
615
609
610
516
516
534
508
522
522
521
1866
1868
1872
1893
1892
1887
1888
1840
1962
1961
2015
2017
605
3829
510
3650
3609
550
2911
2909
1896
1891
2937
1890
1962
2629
2011
2623
3852
3854
3833
3830
3651
3651
3651
3619
2921
2919
2938
2939
2985
2983
2985
2972
2975
2972
2631
2630
2639
3843
3853
3855
3835
3841
3649
3647
3619
3615
2917
2926
2927
2981
2983
2981
2975
2645
2644
2639
2635
3848
3851
3847
3847
3812
3839
3801
3841
3661
3655
3627
3635
2925
2925
2991
3007
3006
3001
2654
2655
2638
2649
3848
3817
3805
3803
3623
3633
3629
3546
2929
2908
2907
3005
3003
2655
2560
2554
3817
3803
3802
3621
3622
3714
3622
3546
3726
2904
2908
2906
2799
2536
2550
2547
2557
3821
3815
3815
3979
3931
3923
3721
3709
3722
3728
3726
3729
2864
2876
2874
2860
2850
2805
2805
2774
2773
2546
2558
3967
3976
3977
3977
3925
3925
3926
3698
3712
3672
3724
2870
2872
2858
2807
2809
2774
2738
2733
2727
2728
3963
3955
3927
3686
3685
3678
3672
2827
2858
2857
2806
2824
2811
2762
2768
2736
2730
3958
3962
3961
3962
3955
3971
3951
3970
3939
3939
3941
3684
3686
3685
3678
2829
2829
2825
2819
2825
2811
2758
2764
2755
2761
2760
2738
2742
2742
2755
2760
2740
795
776
1552
797
808
797
811
795
783
777
781
779
981
891
887
1679
1676
1677
1684
1664
1665
1601
1558
1559
1567
1566
1567
1566
1569
1570
819
821
777
763
780
980
947
945
1680
1686
1678
1678
1677
1670
1597
1615
1568
1572
791
818
792
818
762
765
762
929
927
1007
943
1706
1702
1768
1670
1760
1556
1619
1542
1619
1546
1613
1526
1532
684
673
686
674
672
668
929
931
965
975
973
1705
1702
1757
1762
1761
1761
1625
1615
1527
1528
1532
685
676
678
571
966
965
973
972
1796
1758
1797
1864
1617
1544
1915
1635
1917
646
641
677
625
627
967
971
970
1798
1795
1860
1864
1811
1813
1864
1810
1987
1949
1945
1914
2003
642
635
623
634
623
622
621
575
561
562
970
971
1799
1846
1797
1810
1987
1985
1947
2001
658
656
636
603
517
564
564
552
551
1870
551
1785
1884
1838
1840
1839
1985
1984
2021
2020
2023
2003
656
658
657
601
520
560
516
558
557
552
550
1872
1872
1884
1882
1963
1967
2020
2019
2016
604
709
607
602
605
3641
3643
3607
3596
2922
2923
1886
1886
1888
1887
2987
2977
1964
2607
2621
2623
2621
3857
3855
3839
3639
3650
3594
3596
3596
2923
2922
2942
2947
2987
2987
2985
2973
2603
2605
2623
2621
2633
3857
3854
3839
3841
3659
3592
3590
2916
2919
2943
2927
2945
2983
2979
3016
2979
2653
2645
2639
2639
2609
3849
3882
3663
3657
3659
3659
3635
3554
2916
2917
2954
2953
2926
2945
3011
3006
3015
2654
2650
2651
2637
3908
3816
3904
3805
3654
3654
3653
3551
3544
2902
3009
3009
3007
3010
2649
2542
2544
3906
3910
3902
3906
3817
3710
3623
3552
3714
3548
2875
3546
2902
2907
2906
2801
2801
2534
2536
2541
2544
3912
3911
3976
3979
3929
3931
3931
3708
3709
3712
3714
3701
2875
2874
2908
2805
2536
2782
2708
3981
3981
3935
3923
3925
3933
3698
3674
2876
2871
2872
2860
2813
2803
2776
2780
2782
2732
3973
3983
3969
3983
3926
3693
3697
3696
3674
3674
2829
2827
2813
2813
2811
2776
2761
2778
2737
2748
3963
3975
3970
3971
3927
3694
3697
3694
3678
3670
2827
2824
2835
2823
2756
2758
2752
2754
2754
2762
2746
2750
2745
2742
3939
2744
809
813
812
812
866
776
775
781
899
888
887
1682
1680
1679
1682
1736
1736
1738
1726
1597
1601
1599
1592
1593
1585
808
813
763
880
871
882
926
889
887
944
941
941
1746
1676
1770
1732
1738
1738
1738
1625
1598
1591
1584
815
816
821
878
883
926
931
933
944
945
1770
1768
1770
1756
1766
1734
1708
1625
1613
1615
1590
1635
1586
684
748
819
674
736
929
947
943
1770
1764
1760
1765
1627
1627
1643
1634
1635
644
643
676
677
673
735
577
931
918
919
975
919
977
1768
1758
1757
1814
1815
1762
1817
1627
1617
1949
1914
1633
1919
646
643
644
634
678
571
571
583
918
539
969
977
1799
1788
1796
1791
1811
1807
1951
1955
1951
1945
1915
1918
1918
638
636
634
574
573
579
562
561
544
1798
1784
1801
1783
1804
1813
1805
1819
1951
1951
1957
1947
1907
635
607
602
574
566
557
543
1773
1822
1823
1821
1939
1906
2019
710
708
603
597
596
554
560
558
546
548
1780
1780
1781
1828
1829
1819
1967
1965
2021
2017
2019
708
710
604
601
3637
3643
553
547
546
547
1140
1779
1827
1829
1828
2977
3033
1967
2601
1943
1942
1905
2618
3884
3875
3876
3860
3643
3643
3604
3596
3594
2921
2941
2942
2947
2960
2987
3035
3033
3035
2607
2603
2623
2619
3882
3883
3862
3861
3667
3667
3659
3604
3592
3590
2955
2945
2947
3013
2601
2603
2599
2599
2613
2613
2611
3882
3864
3887
3904
3861
3666
3661
3665
3657
3657
3592
3544
2955
2950
2951
3019
3017
2597
2599
2615
2615
2609
2615
3908
3902
3908
3904
3663
3655
3555
3550
3556
3556
3547
3572
2953
2894
2893
3011
3013
2653
2651
2591
2650
2538
2538
3910
3902
3929
3552
3547
3548
2904
2896
2908
2893
2786
2799
2592
2534
2541
2542
2540
2540
3911
3912
4027
3983
3935
3935
3747
3702
3704
3706
3704
2884
2879
2896
2878
2797
2805
2797
2534
2780
2707
2710
2707
4021
3981
4030
3983
3935
3754
3710
3700
3702
3706
2870
2880
2796
2795
2803
2780
2782
2703
2704
2747
2708
4021
3975
4039
3933
3999
3785
3693
3778
3674
3670
2841
2839
2832
2833
2813
2777
2782
2747
2750
2748
3973
3975
3975
3994
3995
3999
3784
3786
3696
3772
3670
2838
2835
2837
2831
2754
2752
2778
2746
2745
3993
863
1585
807
811
864
862
868
868
868
889
894
893
891
888
915
913
912
1748
1753
1752
1736
1725
1601
1607
1605
1605
1593
1595
1592
817
809
834
872
884
884
899
899
895
1745
1754
1750
1733
1732
1733
1734
1603
1599
1609
1590
1584
815
841
842
880
883
882
927
925
935
897
935
943
1744
1765
1716
1621
1623
1619
1623
1641
1629
817
749
816
748
728
730
880
738
878
920
923
939
935
937
937
1745
1742
1766
1720
1722
1627
1637
1643
1635
750
750
749
728
735
736
580
979
979
1789
1764
1721
1815
1722
1642
1636
1642
1631
1917
746
732
730
577
581
583
979
185
979
1787
1789
1793
1791
1817
1809
1953
1954
1954
1925
1913
638
699
702
579
540
540
542
1801
1773
1775
1791
1805
1825
1807
1820
1957
1957
1949
1903
1899
1919
696
700
573
599
575
588
566
539
544
543
1784
1776
1785
1783
1823
1821
1937
1939
1937
1939
1906
1907
1911
709
706
596
595
599
556
548
1773
1781
1833
1819
1822
1831
1941
1942
1941
1911
1910
705
3860
597
586
3641
553
3602
556
1142
1140
1832
2959
1832
2958
3033
3031
1909
2617
3874
3876
3862
3860
3637
3603
3604
3598
3597
1140
2971
2963
2961
2957
3030
3035
3029
2607
2605
2607
2619
2618
3884
3888
3875
3864
3869
3639
3667
3667
3665
3604
3588
3600
3600
2943
2969
2967
2961
3017
3029
2595
2613
2611
3886
3888
3899
3872
3665
3586
3555
3560
2954
2951
2950
3016
3015
2597
2599
2595
2571
2574
2572
2570
3918
3900
3574
3581
3551
3563
3554
3559
3568
2886
2888
2894
3019
2590
2582
2572
2571
3915
3918
3898
3904
3900
3574
3584
3748
3742
3562
3572
3569
2883
2787
2785
2592
2583
2584
2577
2540
3914
4023
4031
4026
4025
4012
4013
3761
3750
3752
3748
3750
3701
3704
2883
2880
2797
2785
2785
2681
2682
2706
2710
4022
4021
4029
4027
4015
4013
3754
3754
3736
3735
3706
2878
2845
2797
2793
2666
2680
2718
2704
2706
4033
4035
4036
3995
4015
3786
3784
3776
3776
3778
3773
3768
2841
2832
2661
2664
2674
2672
2718
2703
4035
4032
4037
4032
4039
4037
3996
3994
3997
3785
3780
3774
3774
3772
2838
2839
2843
2837
2837
2833
2662
2660
2674
2678
2692
2694
2693
2662
828
827
836
864
863
867
868
858
856
895
893
909
911
912
1754
1752
1730
1728
1603
1605
1607
1610
1607
1611
1589
1595
1092
844
840
835
871
872
855
894
897
897
905
907
915
913
1748
1727
1726
1711
1603
1611
1591
1103
1105
839
842
844
851
874
875
876
933
905
148
1741
1741
1746
1750
1716
1712
1708
1623
1610
1609
1631
1103
752
848
850
870
738
874
921
939
937
148
143
1740
1742
1718
1722
1722
1720
1621
1639
1636
1643
1629
1105
745
744
753
734
742
740
740
921
923
135
140
939
977
144
142
1788
1814
1718
1721
1710
1637
1643
1641
1927
1921
756
745
746
734
742
742
581
138
917
184
186
1793
1475
1793
1473
1809
1807
1959
1953
1924
1924
1923
1922
700
702
722
732
579
580
589
242
182
186
1777
1777
1803
1804
1809
1959
1955
1903
1903
1899
696
698
699
720
720
591
589
242
240
188
1775
1159
1776
1158
1825
1928
1931
1932
1935
1903
1901
697
705
592
587
585
554
244
238
248
240
1144
1144
1144
1150
1831
1180
1929
1929
1933
1933
706
3880
593
595
593
3483
587
3210
244
247
246
1142
1144
1152
1150
1152
1152
1833
2958
3030
1943
2274
1911
3879
3878
3870
3870
3869
3215
3602
247
3597
3580
2970
1152
2970
2959
3024
2611
2276
3879
3880
3886
3878
3868
3872
3216
3216
3598
3578
2971
3580
2969
2960
2963
3025
3031
3023
3022
3021
2587
2595
2575
2576
2576
3887
3866
3866
3585
3585
3588
3558
3568
2892
2966
2967
3022
3021
2588
2575
2574
3916
3894
3899
3892
3890
3582
3582
3586
3564
3559
3560
3566
3565
2888
3015
2591
2578
2562
3913
3915
3890
3574
3584
3564
3570
2886
2888
2787
2789
2786
2580
2582
2567
2566
4023
4031
4026
4006
4002
4012
3756
3747
3751
3738
3735
3740
3742
2884
2882
2792
2791
2670
2668
2584
2583
2682
2716
2713
4016
4019
4017
4030
4009
4011
4005
3760
3762
3752
3736
3742
3746
2882
2879
2792
2681
2670
2684
2672
2714
2718
2718
4043
4033
4036
4011
3997
3762
3769
3773
3770
3770
2845
2845
2845
2657
2658
2664
2674
2676
2675
2689
2712
2690
4043
4043
3987
3984
3985
3996
3782
3782
3780
3792
3766
3769
2843
2843
2837
2658
2662
2661
2675
2678
2688
2694
3782
858
910
827
834
835
860
860
855
854
903
901
903
910
1753
1754
1754
1730
1727
1389
1386
1384
1089
1093
1091
1093
828
836
831
830
832
858
876
856
907
905
909
273
1461
1311
1728
1714
1712
1079
1087
1089
1099
1103
1092
840
841
839
846
832
319
907
132
274
148
1459
1461
1718
1479
1711
1374
1373
1079
1081
1080
1105
1101
847
852
847
852
875
851
920
139
134
146
1485
1485
1481
1714
1081
1639
756
754
850
740
218
220
139
136
136
144
143
1471
1472
1472
1481
1174
1710
1038
1927
1921
1036
758
758
758
753
734
742
216
138
162
183
183
134
184
185
1477
1473
1175
1176
1174
1959
1255
1925
1922
716
756
722
722
212
214
228
182
188
1475
1183
1184
1182
1256
1935
1923
714
717
726
725
591
210
212
228
242
240
1160
1160
1159
1156
1178
1931
1932
1901
1222
1224
1224
1901
718
698
712
724
586
588
244
238
250
1147
1158
1167
1178
1179
1928
1218
1911
1224
704
3527
714
592
3479
3485
3484
224
3210
249
252
249
248
1148
1146
1167
2326
1179
2327
2221
2216
2217
2271
2273
2276
3517
3488
3488
3529
3481
3480
3480
3483
3215
3212
3214
3284
3578
3287
1150
3580
2323
2325
2327
2225
2226
2218
2220
2218
2276
2274
3517
3512
3489
3491
3216
3212
3288
2322
2965
2331
2331
3025
2228
2264
3314
3517
3315
3868
3866
3492
3216
3214
3226
3226
3260
3565
2891
2310
2312
2966
3024
2339
3023
2586
2238
2588
2564
2564
3916
3314
3313
3868
3894
3576
3581
3238
3228
3566
2890
2891
2309
3027
3027
2145
2587
2568
2561
2561
3306
3894
3892
4003
4001
3236
3756
3235
3562
3232
3227
3563
3570
3569
2892
2481
2473
2670
2580
2578
2568
2567
3914
4007
4003
4006
3760
4002
3758
3758
3758
3738
3745
3744
3740
2477
2481
2479
2789
2467
2670
2668
2577
2716
4017
4016
4011
3761
3733
3745
3744
3746
2505
2476
2793
2666
2686
2684
2686
2714
2713
4047
4045
4019
4047
4009
3794
3734
3768
3764
2509
2508
2529
2086
2686
2684
2690
2701
4047
4045
3987
3989
3989
3985
3984
3789
3794
3792
3763
3763
2511
2507
2513
2511
2657
2529
2528
2081
2676
2698
2689
2702
4041
3792
2692
269
1307
824
824
830
860
348
354
328
901
328
903
911
271
275
1306
1308
1309
1388
1390
1384
1089
1094
1085
1089
1095
826
826
831
361
860
320
257
256
273
255
275
274
1456
1459
1457
1311
1390
1372
1390
1087
1095
838
826
356
358
320
132
146
146
151
1455
1457
1461
1483
1479
1373
1389
1374
1077
1077
1081
1100
1099
424
423
846
448
322
322
128
130
129
152
154
150
1483
1485
1485
1481
1368
1258
1018
1016
1018
1029
1030
1100
752
848
388
449
447
220
219
140
135
127
129
156
155
1471
1496
1507
1257
1257
1038
1038
1039
754
758
389
206
220
216
220
164
172
180
180
155
1477
1509
1507
1264
1174
1258
1262
1262
1256
1254
1036
718
725
387
209
208
212
208
214
162
170
179
1509
1155
1176
1170
1175
1240
1246
1240
1255
1222
1040
717
718
716
724
210
208
202
226
225
175
1154
1155
1184
1183
1178
1237
1226
718
726
398
204
203
204
225
236
1148
1154
1168
1166
1180
1192
1191
1245
1220
1220
3529
712
3479
3484
204
223
224
222
250
252
233
234
1147
1164
1168
2326
2236
2222
2224
2214
2216
2276
3527
3513
3481
3485
3219
3222
3224
3288
3288
2321
2329
2331
2235
2226
2224
2217
2266
3515
3513
3487
3493
3218
3220
3220
3282
3284
3287
3286
3286
2319
2317
2322
2331
2234
2225
2240
2220
2268
2263
2268
3511
3489
3319
3491
3499
3493
3496
3204
3218
3282
3257
2317
2311
2311
2337
2240
2238
2262
2264
3317
3315
3492
3234
3240
3238
3228
3229
3258
3260
2310
2339
2473
2339
2149
2118
2149
2149
2562
2121
3307
3305
3307
3306
3295
3298
3299
3235
3230
3230
3263
3232
2481
3262
2481
2472
2473
2469
2469
2143
2144
2143
2147
2131
2119
3308
3309
3295
3297
3236
3253
3256
3153
2475
2493
2476
2469
2137
2147
2716
2129
2566
3366
3364
3294
4007
4005
3243
3732
3734
3254
3152
3152
3151
2477
2503
2508
2515
2479
2517
2066
2064
2700
2126
3364
3354
4047
3991
3990
3788
3381
3788
3242
3733
3143
3139
3151
2513
2509
2505
2527
2500
2529
2517
2066
2686
2702
2700
4043
3361
3990
3991
3989
3790
3790
3789
3794
3794
3145
3766
3145
3764
3141
2513
2513
2511
2524
2529
2525
2082
2085
2080
2696
2081
2698
2696
2702
2700
2701
1306
1083
368
369
350
354
350
353
259
259
263
271
271
269
1307
1309
1308
1380
1381
1382
1386
1378
1085
1083
1094
1127
1097
362
360
362
348
318
256
257
255
1463
279
1456
1305
1301
1293
1388
1390
1382
1375
1077
1128
1097
1127
425
362
362
358
356
317
319
255
152
1467
1469
1463
1468
1465
1483
1293
1370
1370
1376
1014
1101
1136
425
391
424
393
452
447
448
455
317
130
151
1469
1465
1500
1370
1018
1018
1260
1016
1033
1028
423
381
393
391
393
391
449
443
128
160
164
156
154
1497
1495
1497
1501
1505
1503
1252
1029
1030
1042
381
385
388
389
445
206
218
219
192
162
164
169
166
178
180
180
1172
1262
1264
1264
1251
1254
1042
1228
1040
385
407
200
191
198
196
172
232
167
169
176
174
1156
1509
1515
1172
1170
1186
1264
1235
1228
1228
1226
409
397
399
399
194
202
195
231
170
176
1194
1200
1198
1200
1188
1186
1245
1246
1238
1230
1230
1230
1232
395
396
203
223
226
230
234
236
1162
1164
1162
1198
1190
1187
1243
1188
1244
1242
1218
1220
1232
1232
3533
3531
3539
401
204
50
233
2378
1164
1168
1192
2222
2221
2271
2214
2272
3533
3533
3515
3533
3538
3504
3508
3219
3199
3224
3222
3198
3278
2376
2319
2307
2305
2329
2236
2231
2232
2228
2249
2268
2268
3519
3519
3512
3525
3523
3500
3507
3509
3202
3200
3280
3280
3286
2384
2323
2302
2337
2235
2242
2241
2246
2266
2255
3515
3522
3501
3499
3497
3495
3201
3201
3275
3271
3272
2315
2319
2312
2337
2313
2339
2240
2241
2245
2263
2248
2248
3316
3319
3316
3317
3303
3497
3496
3238
3240
3229
3264
3264
3258
3270
3257
3272
2315
2309
2497
2335
2145
2139
2119
3311
3291
3295
3299
3303
3303
3248
3247
3246
3263
3266
3262
2495
2496
2497
2487
2471
2473
2333
2136
2147
2118
2131
2123
2125
3309
3295
3374
3298
3244
3244
3254
3253
3252
3157
3149
3147
2491
2495
2489
2467
2137
2131
2127
2127
2126
3308
3353
3355
3356
3358
3380
3382
3243
3256
3251
3155
3161
3159
3153
3151
2491
2521
2520
2084
2066
2064
2129
2057
3366
3353
3358
3372
3382
3381
3380
3041
3145
3143
3161
3141
2505
2501
2500
2519
2515
2085
2064
2068
2060
2059
3360
3362
3362
3361
3378
3376
3042
3040
3040
3145
3143
3141
2505
2503
2499
2525
2086
2524
2082
2523
2067
2059
2058
370
366
364
370
352
354
261
263
277
278
1302
1303
1299
1381
1380
1378
1085
1125
1129
420
370
369
361
354
302
309
267
261
263
278
283
1301
1295
1295
1366
1376
1375
1133
1129
1128
421
453
360
451
318
315
265
311
265
265
1469
1468
1295
1295
1362
1364
1014
1020
1135
1137
419
453
159
91
83
1467
1469
1491
1499
1368
1361
1360
1025
1014
1034
1034
1032
1137
411
417
381
393
445
456
457
158
159
79
1493
1492
1501
1500
1505
1260
1505
1250
1024
1024
1033
385
383
445
443
190
192
160
168
168
78
12
8
1496
1515
1507
1503
1251
1058
1039
385
407
405
505
198
191
195
196
103
167
166
175
10
9
1517
1517
1517
1200
1400
1248
1236
1236
1210
1056
407
403
395
397
200
194
59
231
232
2
1200
1198
1248
1401
1238
1244
1216
1203
1211
1204
409
409
398
401
62
60
56
49
48
33
37
1196
1196
1243
1237
1212
1202
1204
3537
3535
3537
3535
3541
3505
49
50
34
34
2376
1196
2303
1191
2230
2214
2272
1208
2270
1208
3531
3541
3539
3541
3505
3200
3199
3277
2384
2378
2307
2305
2303
2202
2232
2252
2250
3521
3522
3504
3501
3509
3507
3196
3198
3277
3278
3276
2386
2305
2307
2302
2231
2198
2242
2252
2250
2255
3521
3523
3460
3500
3474
3206
3202
3270
3274
3271
2386
2297
2298
2299
2335
2211
2244
2244
2249
2258
3348
3349
3303
3204
3268
3266
2350
2497
2313
2297
2294
2141
2245
2139
2121
3347
3345
3301
3301
3246
3247
3240
3250
3115
2497
2496
2489
2489
2333
2335
2135
2139
2133
2122
2122
3311
3293
3291
3293
3374
3248
3251
3155
3157
3147
2493
2485
2484
2489
2136
2133
2123
2133
2125
3414
3356
3371
3368
3371
3096
3092
3252
3159
3159
3161
3149
2457
2461
2465
2483
2521
2484
2421
2073
2067
2070
2056
3354
3412
3355
3372
3370
3375
3375
3038
3050
3049
3038
3133
3139
3130
3161
2461
2463
2465
2521
2425
2521
2420
2519
2076
2076
2068
2062
2058
2057
3360
3412
3408
3402
3378
3042
3041
3037
3131
3133
2459
2501
2458
2458
2423
2520
2417
2417
2078
2060
2062
3131
1321
429
366
366
364
378
376
342
303
303
286
289
279
1303
1298
1302
1298
1297
1299
1357
1358
1356
1125
1123
1122
1122
371
374
330
341
301
308
309
267
291
283
277
1325
1287
1290
1364
1337
1131
1133
1123
421
420
372
330
452
330
330
315
315
267
283
1287
1293
1291
1291
1366
1364
1131
1133
1135
1136
411
411
415
460
465
455
313
313
313
93
93
84
85
85
1492
1285
1489
1289
1290
1360
1361
1366
1362
1026
1026
1107
1111
416
413
416
463
109
89
84
78
79
12
1493
1489
1487
1393
1397
1026
1026
1025
1057
1020
1032
1046
383
497
504
456
107
105
105
87
69
1491
9
14
1487
1513
1515
1403
1395
1252
1214
1056
1057
404
483
505
504
505
499
109
105
12
14
10
8
1511
1517
1399
1400
1401
1397
1234
1213
1053
1054
404
405
403
60
101
107
54
103
44
46
32
1510
2
1510
1426
1427
1423
1449
1235
1212
1216
1210
1203
3537
3540
52
59
54
44
46
36
44
38
1194
1429
1429
1453
1446
1447
1211
1206
3535
3503
3471
58
52
54
54
3174
33
3176
38
2382
36
37
2374
2372
2373
1452
2289
1451
2175
2176
2174
2180
2165
1208
3421
3541
3508
52
3195
3175
2380
2373
2374
2307
2291
2204
2176
2200
2178
2256
3525
3417
3455
3461
3459
3459
3475
3477
3475
3208
3194
3194
3195
3196
2382
2384
2402
2301
2299
2289
2200
2200
2180
2259
2256
3521
3349
3457
3461
3460
3459
3208
3206
3275
3276
2386
2386
2352
2298
2295
2293
2212
2208
2246
2260
2260
3351
3346
3323
3301
3177
3178
3187
3267
3268
2349
2212
2207
2159
2259
2258
2099
3348
3351
3341
3346
3345
3321
3327
3180
3084
3119
3118
3118
3117
3128
3127
3129
3123
2457
2352
2487
2431
2431
2141
2141
2108
2091
3343
3347
3320
3325
3090
3098
3086
3119
3114
3114
3125
3123
2455
2485
2429
2431
2103
2107
2100
2093
2092
3414
3394
3404
3370
3370
3094
3092
3115
3155
3157
2453
2452
2455
2457
2419
2426
2419
2420
2074
2072
2070
2046
2038
2091
3406
3412
3403
3368
3403
3048
3093
3055
3137
2465
2463
2424
2465
2424
2074
2028
2026
2026
2030
2036
3410
3409
3400
3400
3376
3048
3050
3046
3045
3058
3130
3135
2459
2438
2425
2423
2078
2078
2050
2078
2030
2030
2033
3402
378
1319
377
374
376
378
307
307
287
285
288
1321
1325
1327
1327
1325
1317
1358
1357
1338
1120
1121
1119
427
372
429
371
340
344
305
302
308
287
286
281
1327
1287
1313
1282
1345
1349
1350
1108
1115
1117
435
427
461
460
346
346
315
294
311
295
295
281
1287
1283
1281
1348
1344
1350
1109
1110
415
459
462
88
91
293
76
83
1277
1285
1271
1348
1107
1022
1110
1111
413
417
465
462
457
469
88
89
87
81
81
1489
1487
1392
1393
1046
413
503
494
503
463
498
109
67
14
4
6
1403
1394
1394
1022
1052
1058
1044
487
486
503
495
498
98
109
99
107
121
14
6
1405
1403
1395
1213
1052
1054
1053
486
485
501
101
120
24
23
26
23
5
1513
1437
1425
1427
1422
1423
1449
1214
1071
1072
1070
1074
1069
489
3443
3439
62
56
42
46
28
27
30
1511
1435
1426
1451
1452
1447
1445
1074
1206
3421
3441
3438
57
58
41
2380
2372
2291
2204
1453
1446
2172
1206
2166
3419
3455
3447
3473
3471
3176
3174
2390
2382
2400
2398
2396
2400
2291
2204
2175
2178
2180
2178
2166
2165
3421
3417
3455
3446
3474
3163
3164
3188
2388
2402
2402
2291
2287
2202
2198
2160
2254
2164
3429
3457
3457
3449
3449
3477
3182
3182
3186
3191
2402
2354
2354
2286
2295
2210
2210
2206
2160
2158
2159
2164
3428
3429
3327
3465
3180
3178
3177
3188
3129
2350
2348
2352
2294
2211
2208
2207
2156
3343
3341
3320
3321
3327
3088
3087
3088
3121
3121
3128
3111
3127
2349
2346
2368
2368
2364
2433
2109
2109
2108
2101
2101
2100
2089
3393
3343
3324
3325
3087
3084
3086
3117
3107
3125
2451
2457
2427
2432
2103
2107
2096
2092
2089
3392
3414
3394
3396
3097
3080
3096
3097
3092
3086
3109
2452
2444
2429
2427
2432
2103
2046
2038
2038
2093
3408
3406
3404
3390
3082
3094
3054
3052
3135
3137
2445
2463
2439
2421
2073
2049
2030
2038
2036
3409
3410
3402
3048
3044
3045
3046
3056
3056
3055
3058
3060
2435
2441
2407
2409
2407
2050
2028
2026
2034
2439
306
433
378
1323
1327
1315
1315
1315
1317
1336
1352
1352
1336
1338
1121
1120
429
341
342
307
344
299
291
1323
1323
1283
1353
1354
1337
1339
1115
1117
433
431
346
346
344
338
294
72
281
1279
1279
1345
1349
1340
1109
434
435
434
437
473
338
338
77
73
71
1275
1271
1419
1108
1113
439
437
497
467
469
117
75
77
72
1273
1270
1418
1411
1421
1416
1047
1043
476
477
495
469
114
115
119
66
67
6
1415
1417
1417
1048
1043
487
480
475
501
499
115
99
120
121
123
69
6
1405
1411
1409
1408
1072
1068
481
483
97
98
122
24
22
1432
1433
1422
1444
1071
489
485
96
95
42
26
27
1437
1431
1444
1440
1443
1061
1070
3443
3441
3431
3471
3437
3171
3170
30
28
1435
2283
1432
1439
2192
1445
2170
1062
3421
3417
3439
3473
3163
3164
3172
2390
2398
2398
2285
2283
2283
2190
2169
2169
2168
3427
3425
3473
3168
3170
2390
2394
2400
2286
2193
2210
2190
2164
2164
3427
3429
3429
3449
3453
3451
3463
3465
3466
3192
2388
2394
2354
2362
2287
2188
2184
2162
2154
3338
3339
3323
3469
3465
3184
3182
3187
2342
3103
2354
2370
2364
2366
2186
2188
2156
2156
2156
3334
3335
3330
3467
3110
3113
3103
2344
2368
2370
2188
2110
2185
2186
2097
2099
3396
3333
3090
3072
3110
3106
3113
2346
2370
2426
2105
2105
2117
2097
3398
3398
3335
3079
3098
3074
3073
3054
3106
3109
2453
2446
2105
2048
2044
2044
2040
2036
3388
3072
3080
3054
3052
3061
2437
2444
2443
2438
2411
2048
2043
2054
2054
2042
3388
3388
3390
3082
3066
3060
2435
2437
2405
2407
2409
2054
2052
2032
2033
3066
433
326
307
289
1333
1334
432
288
1354
1342
461
334
337
297
1346
76
299
1277
1271
1339
1113
439
494
75
1275
1418
1419
1048
467
65
1275
1047
1044
481
479
114
125
20
1425
1413
1409
1069
493
96
97
113
123
20
22
1437
1407
1408
1066
3443
479
3437
40
16
1433
3438
3433
18
1440
2168
1062
3445
3435
3166
3171
2396
2283
2281
2281
3424
3447
3463
3165
3166
3191
2388
2392
2190
2193
3428
2362
2362
2356
2358
2194
2181
2182
2152
3331
3101
3101
2340
2182
2154
3329
3184
3101
2346
2366
2366
2096
3396
3330
3070
2344
2449
2433
2117
2095
3393
3398
3079
3073
3107
2447
2412
2113
2043
2042
3398
3074
3061
2447
2415
2048
3390
3062
2409
2052
433
1282
1353
1332
1279
473
336
338
1421
1405
1411
1415
476
491
125
122
1060
41
1061
2172
3431
2170
3451
3425
3168
2392
2196
3103
2194
3469
2154
2111
3339
3111
2413
2111
2411
2040
3066
3060
1319
1334
1313
1342
441
332
1117
1279
1050
64
467
117
1416
493
1413
1441
1443
3437
3170
2391
2162
3453
3467
2181
2184
3343
3105
2358
3068
3105
2115
3070
2449
2446
3078
3062
2445
2413
2052
2034
324
1352
299
1271
1346
1340
441
1273
65
1050
491
1413
1066
480
111
18
69
1435
16
3172
2391
2362
2342
2343
3334
2370
3076
2412
2042
3076
2441
2405
326
297
1318
1318
1333
332
73
473
1064
477
113
19
1066
1441
3445
3445
18
2281
2192
2152
3423
3165
3192
3337
3466
3184
3338
3331
3068
2110
3078
3384
3384
3064
2437
2415
324
297
3896
3896
1330
334
334
2530
3920
471
1269
1269
1064
111
484
113
3433
1066
3433
2279
3435
3435
2279
2192
3190
2196
2360
2356
1583
3105
2117
2115
2359
3386
3386
3074
2113
2115
3078
3064
1847
1581
3896
1267
1330
1330
3920
3920
471
1267
471
2647
1582
2647
3692
22
2531
2898
2949
1587
2532
568
2897
2900
3386
2900
538
2548
567
