1280
527
166
166
205
205
537
539
527
509
203
204
535
493
493
493
508
506
506
171
161
161
525
526
526
494
307
208
215
219
218
536
520
495
305
259
216
219
521
521
520
498
498
496
309
258
217
217
631
631
498
255
256
255
256
638
639
638
636
633
586
585
590
594
261
269
268
242
242
638
633
585
591
313
313
266
266
267
243
629
633
584
583
582
591
314
313
678
689
687
629
1239
676
676
678
689
689
687
1238
1255
676
677
671
689
1265
648
673
670
671
682
681
681
1203
1204
1265
1261
649
649
673
705
1221
1221
1224
1204
1260
1260
1264
1261
796
649
782
705
703
1220
1147
1220
1200
1268
1263
1263
796
796
745
1141
1183
783
789
746
741
1140
1197
1184
1197
1184
1182
1185
1185
792
794
789
749
740
1158
1187
792
786
749
749
747
740
740
741
1155
1195
1199
1199
1187
1187
173
173
174
174
174
172
166
168
168
168
206
205
202
202
539
537
537
527
527
529
486
486
486
507
509
509
508
174
172
166
165
165
206
165
203
204
539
538
535
528
525
529
526
493
507
505
509
508
173
175
175
161
161
208
208
203
203
204
204
538
531
535
536
536
520
526
494
494
494
506
505
506
305
305
307
307
209
208
208
219
218
530
531
521
521
522
499
494
498
495
496
305
306
309
309
307
309
259
216
215
219
218
530
217
531
520
498
498
495
495
496
300
301
259
259
259
258
256
216
217
639
637
637
631
636
630
631
499
586
592
594
496
594
594
301
301
311
261
260
260
255
240
240
638
638
639
636
634
631
587
585
587
586
594
592
593
312
310
261
261
269
269
242
243
240
635
638
635
636
633
587
582
585
590
596
590
314
312
313
266
262
265
269
268
242
243
243
626
625
629
629
628
628
584
583
582
584
595
596
596
591
314
314
266
265
684
243
688
689
688
685
1239
628
584
584
584
583
583
1251
596
591
1255
645
645
676
679
679
679
677
678
669
684
684
683
689
687
1239
1235
1239
1239
1239
1202
1218
1202
1218
1218
1251
1256
1255
645
646
676
675
679
677
684
683
682
680
680
1236
1236
1236
1238
1222
1202
1203
1203
1250
1256
1256
1256
647
676
648
670
671
706
682
682
680
1220
1221
1222
1222
1203
1266
1266
1266
1266
1261
1261
648
673
670
670
706
706
703
681
681
681
1220
1224
1224
1204
1204
1268
1261
1264
1260
649
649
797
782
797
782
782
784
784
705
704
703
1221
1223
1224
1200
1268
1264
796
796
795
783
783
784
746
703
704
702
1147
1140
1147
1140
1141
1200
1184
1183
1183
1183
1185
1263
1186
795
795
791
795
783
783
745
746
702
704
743
1147
702
1141
1140
1141
1144
1144
1183
1185
1186
794
792
789
789
788
788
746
743
741
741
1159
1157
1141
1195
1197
1199
1184
1199
1182
1188
1188
794
793
786
789
786
749
749
749
747
740
744
1158
1155
1155
1195
1199
1187
1189
1189
1189
1189
1189
792
169
486
174
174
170
169
169
168
206
202
202
552
539
554
537
537
528
529
486
485
507
509
508
508
173
176
172
172
160
165
164
209
168
206
206
206
200
201
204
539
538
535
529
529
485
488
501
507
503
503
176
176
160
163
164
209
209
203
213
533
533
533
533
533
536
532
525
524
493
488
492
502
504
306
175
175
160
306
160
209
215
218
534
530
532
522
522
491
492
491
490
502
502
300
306
308
308
308
308
257
254
209
216
219
214
530
531
630
521
497
499
499
490
490
496
300
309
257
257
254
258
254
241
212
637
631
632
588
586
593
593
310
301
260
258
241
241
637
639
634
634
634
588
588
586
592
310
312
310
261
261
264
263
268
269
255
255
626
625
627
633
634
624
587
588
589
580
595
595
592
599
314
313
262
264
268
268
269
267
243
244
244
626
626
626
629
627
627
623
624
580
580
595
598
317
678
265
669
684
244
688
685
628
628
1237
623
580
1251
597
1257
641
641
679
679
669
669
683
688
686
686
1235
1238
1238
1237
1217
1219
1219
1219
1251
1250
1255
646
645
646
675
677
666
671
683
688
686
1236
1235
1237
1217
1202
1218
1250
1257
1257
1255
647
647
646
647
673
674
673
674
672
707
706
680
1227
1236
1222
1205
1205
1204
1243
1243
1256
1244
648
654
672
672
709
706
701
701
1221
1229
1224
1224
1200
1268
1264
1261
799
780
780
707
706
709
709
701
701
1229
1223
1201
1201
1269
1269
1269
1264
797
790
790
798
799
783
784
780
745
703
704
703
1149
1148
1149
1146
1223
1144
1201
1268
1180
1263
1264
790
791
797
798
788
788
787
745
757
743
700
1159
1149
1143
1144
1197
1183
1181
1180
1186
1186
793
794
787
748
744
744
742
1159
1159
1143
1144
1157
1193
1194
1182
1181
1188
793
793
793
793
785
785
788
785
786
748
748
748
747
744
744
1158
1158
1159
1195
1157
1196
1196
1198
1196
1198
1198
1181
1188
1189
1196
1190
1198
170
167
485
171
179
170
171
170
169
169
167
238
201
222
222
552
553
554
554
528
529
518
485
501
500
501
500
501
500
503
179
178
167
164
238
200
200
201
553
538
550
553
550
528
488
489
501
503
176
177
177
162
164
163
164
207
200
201
213
533
538
532
524
525
488
488
492
489
492
504
504
503
176
162
303
163
285
163
207
207
207
214
213
534
534
523
524
524
522
489
491
491
504
502
300
308
285
252
252
212
212
214
534
523
618
497
497
491
490
510
577
303
303
302
257
254
253
253
212
613
613
630
632
618
618
632
617
588
572
573
573
593
304
315
311
302
302
263
263
252
253
253
241
241
613
636
618
632
589
589
573
592
315
310
315
264
263
277
248
241
244
625
245
610
627
624
624
624
589
589
599
599
599
593
312
317
317
262
264
277
267
277
248
248
246
610
625
624
623
582
581
598
598
597
319
319
319
262
317
668
668
698
698
685
685
620
620
620
621
1217
1219
581
1254
1252
1259
1259
641
641
675
666
669
699
698
699
686
686
1232
1231
1237
1215
1217
1219
1252
1254
1259
1252
1258
641
640
674
674
660
699
699
697
1235
1232
1232
1230
1230
1216
1206
1219
1243
1252
1250
1257
1258
653
653
661
661
693
694
694
716
1232
697
1234
1227
1227
1230
1205
1206
1207
1244
1244
1242
1247
654
674
652
672
661
707
708
709
716
1227
1228
1229
1207
1207
1244
1262
1262
654
654
799
654
799
730
709
709
700
713
1148
712
1229
1229
1223
1209
1207
1269
1269
1262
1262
790
790
799
798
799
781
780
730
730
731
700
700
1149
1148
1146
1201
1269
1192
1272
791
798
781
781
787
781
757
743
1149
1150
1145
1146
1142
1193
1193
1193
1181
1180
776
762
762
787
787
757
757
755
743
742
1159
1159
1143
1156
1143
1193
1190
1194
1181
1171
775
776
762
764
785
758
758
758
744
742
1159
1157
1153
1156
1196
1194
1191
1191
1191
1190
1190
1170
1170
1171
748
1170
179
178
178
170
187
167
184
238
238
222
220
554
552
553
554
555
547
547
548
518
518
517
515
500
505
179
179
164
183
184
182
239
223
223
223
224
224
551
554
551
549
549
548
547
489
517
513
503
177
179
162
182
236
239
236
239
213
223
550
551
549
524
540
549
547
487
487
481
514
512
512
289
289
177
163
235
235
213
213
551
540
542
541
482
482
481
512
510
304
303
286
285
285
283
250
235
210
231
214
210
211
532
523
524
542
619
542
566
482
481
572
574
510
577
303
304
303
304
286
285
250
252
253
253
212
211
614
619
613
619
617
566
566
566
572
574
573
578
579
316
316
302
275
275
276
276
249
247
613
612
614
611
615
617
617
622
565
573
565
574
578
316
315
264
276
276
278
249
612
624
622
561
570
573
597
318
318
270
270
271
278
277
248
245
246
610
600
611
621
622
622
560
581
598
598
598
318
318
319
264
665
668
278
246
246
246
601
620
621
621
621
1214
1210
581
1254
560
560
576
1259
640
640
644
665
668
667
696
696
699
698
1233
1233
1231
1231
1215
1214
1210
1216
1253
1254
1259
1258
651
640
642
666
666
660
693
696
697
699
1234
1231
1231
1216
1240
1254
1241
1241
1258
1241
1249
653
653
650
652
662
664
661
660
660
693
694
697
1234
1230
1228
1206
1206
1240
1242
1242
1247
1247
1242
659
652
653
662
661
707
708
708
715
716
716
711
1226
1225
1228
1209
1209
1243
1244
1275
1244
1247
1273
658
657
732
713
714
712
1148
1128
1229
1129
1209
1209
1267
1267
1271
1274
1274
1274
772
774
774
774
761
732
731
713
713
714
714
711
1145
1146
1129
1142
1129
1121
1267
1192
1272
1272
1272
772
772
774
761
761
734
730
755
755
712
1149
1145
1142
1121
1193
1192
1180
1173
1173
1172
1272
776
776
763
760
760
759
758
759
756
756
1154
1154
1150
1151
1142
1194
1192
1172
1172
1171
775
775
762
764
764
764
759
758
756
759
756
1154
1153
1151
1156
1191
1191
1166
1170
1171
764
189
513
194
194
189
189
187
187
237
222
228
228
222
223
220
221
220
552
555
555
548
518
519
519
516
519
516
515
513
192
194
194
184
184
238
237
239
228
559
555
558
549
545
548
545
519
517
516
514
513
192
196
196
183
183
236
239
236
233
233
223
224
550
541
543
487
482
489
483
514
514
196
288
195
288
195
283
183
182
235
234
234
230
231
230
231
559
559
541
543
543
483
483
480
510
289
289
289
287
283
283
250
211
210
557
540
544
541
542
481
483
480
511
577
286
281
283
250
251
251
210
52
211
614
614
619
619
619
567
566
568
572
571
574
316
293
281
281
249
247
247
614
612
614
616
616
565
567
565
569
569
570
571
579
578
316
298
271
271
275
279
276
249
247
245
611
606
610
611
615
561
561
563
570
570
575
578
575
318
298
271
270
273
249
246
601
609
608
561
607
608
561
560
576
576
575
318
644
270
274
667
278
667
245
601
600
609
1213
608
1214
1210
1211
576
1245
643
644
642
665
667
692
696
696
695
601
1233
1213
1214
1213
1211
1210
1253
1253
1253
1253
1259
1246
643
650
644
650
663
665
664
664
693
692
694
695
695
1233
1233
1234
1213
1216
1216
1241
1246
1245
651
650
652
663
663
691
715
716
1234
1226
1225
1206
1208
1240
1240
1241
1248
1248
1249
1248
659
662
662
690
708
719
715
715
717
1226
1225
1225
1208
1276
1270
1273
1273
658
657
657
657
739
732
690
733
713
719
711
711
711
1128
1209
1276
1271
1270
1273
1273
657
770
773
773
773
765
732
733
733
733
733
731
713
714
1127
1128
1129
1123
1121
1161
1271
1274
1274
771
771
772
773
761
734
734
731
724
750
712
1145
1152
1120
1129
1120
1161
1161
1173
1173
777
777
777
765
760
721
759
721
755
756
753
754
1154
1150
1120
1165
1166
1166
1174
1174
775
777
763
779
763
766
764
763
760
728
721
726
753
753
1154
1153
1152
1153
1153
1151
1156
1166
1166
1166
1174
1174
1174
1156
194
193
188
189
189
186
187
185
237
228
228
226
226
221
555
556
556
546
519
519
361
516
515
516
516
513
369
192
192
188
184
184
237
229
232
227
229
229
224
221
558
546
546
379
378
364
514
368
368
196
196
195
198
180
232
180
230
227
45
558
559
559
558
545
545
543
379
517
514
511
368
288
199
195
181
181
180
234
233
230
45
45
557
558
541
543
544
543
484
484
483
480
511
366
288
288
287
287
283
284
284
234
234
42
42
231
211
47
52
557
541
544
544
484
484
480
470
471
511
291
287
293
281
284
282
251
50
251
54
52
616
427
616
427
567
567
569
568
568
579
577
472
292
293
294
282
275
251
279
60
52
54
606
616
616
615
569
569
568
571
472
579
292
298
299
298
280
272
279
61
60
54
604
606
605
607
607
564
564
564
571
579
476
298
297
273
274
274
278
61
63
64
60
604
601
604
609
608
562
562
564
563
576
297
644
272
273
274
809
278
882
61
64
64
601
602
600
602
604
609
609
1213
1211
562
1033
575
643
810
644
642
664
882
692
64
695
1061
1061
602
1064
1213
1067
1246
1245
643
643
651
811
656
663
882
884
692
897
1061
1060
1060
1212
1212
1212
1211
1065
1066
1065
1021
1246
1249
1245
1249
650
656
663
691
691
694
718
1060
1062
1063
1212
1208
1216
1275
1249
1249
659
655
655
655
739
663
690
690
719
718
718
717
1074
1225
1208
1275
1277
1278
659
659
739
737
737
719
710
1127
1128
1208
1123
1123
1276
1275
1279
1279
771
771
773
738
739
735
736
733
724
724
724
723
710
710
1127
1128
1123
1124
1124
1276
1271
1160
1270
1179
770
771
770
773
769
765
736
734
722
724
723
750
750
1125
1126
1126
1161
1163
1163
1160
1160
1173
1160
779
779
769
769
765
721
754
726
754
754
1152
1126
1125
1120
1132
1120
1165
1166
1168
1179
1179
1174
779
778
766
766
766
728
728
729
726
726
753
754
1152
1152
1151
1132
1137
1165
1168
1168
1179
1177
729
186
226
193
193
188
185
185
185
229
229
225
226
221
555
556
556
546
371
371
371
361
364
369
369
364
193
190
190
188
190
185
180
232
229
227
226
139
345
345
376
376
378
378
365
364
369
368
369
197
197
197
199
181
156
233
46
139
48
349
347
349
347
379
375
379
378
365
366
368
367
199
198
199
198
181
198
232
43
44
48
349
349
425
379
377
366
290
290
199
284
72
73
42
44
44
47
47
427
427
429
423
423
484
470
471
470
472
291
291
294
294
282
282
73
42
50
50
50
44
53
53
428
429
429
423
423
568
467
471
470
294
293
280
280
71
74
67
54
54
428
431
431
569
465
563
472
299
292
299
295
272
71
71
69
60
62
604
606
605
436
433
564
564
475
466
476
475
476
299
299
299
295
274
279
61
63
62
603
605
607
433
432
562
466
476
476
297
810
297
273
807
808
809
68
880
63
64
64
62
603
603
605
1068
433
1068
1038
1038
1034
1034
1033
1032
811
807
805
810
807
809
809
809
882
882
883
881
897
1090
602
1061
1064
1068
1068
1065
1039
1034
1039
1034
1032
1034
811
811
806
809
883
880
897
1064
1064
1069
1069
1066
1039
1025
878
811
878
805
656
806
884
884
897
898
898
1060
1062
1063
1063
1063
1066
1071
1066
1021
1021
1021
1020
1278
878
878
879
656
879
737
691
894
899
718
1072
1062
1070
1062
1066
1079
1021
1279
1278
1278
877
879
738
738
739
891
737
891
719
896
896
719
717
1073
1074
1127
1070
1124
1277
1277
1279
1279
877
738
738
735
735
736
722
724
722
723
751
751
710
1073
1073
1122
1122
1124
1124
1163
1277
1164
872
771
735
720
720
750
751
751
1125
1126
1122
1124
1162
1164
1163
1164
1178
872
874
769
779
768
725
723
754
752
1125
1134
1139
1139
1169
1169
1179
1178
779
778
768
768
767
729
729
729
725
725
752
752
1133
1133
1133
1133
1137
1137
1137
1167
1169
1169
1177
1177
778
725
1177
137
340
191
191
186
186
150
150
130
225
130
225
226
138
139
340
341
341
370
371
361
361
362
364
364
362
193
191
190
154
185
155
131
131
139
138
139
139
344
345
346
345
376
376
378
363
363
197
190
159
159
155
40
46
46
48
342
348
346
349
346
375
377
379
377
377
365
367
367
82
87
198
159
156
156
40
46
43
49
49
48
348
425
348
347
375
421
384
384
384
384
386
366
290
199
89
89
86
72
73
43
44
43
44
47
48
428
426
425
421
421
471
473
473
290
294
89
70
73
73
74
51
51
53
56
53
428
428
429
423
424
423
422
422
468
467
473
291
294
88
71
70
74
70
74
57
59
53
435
436
429
424
424
465
432
468
468
474
474
296
296
295
295
79
78
69
69
67
56
435
436
431
433
432
465
475
296
296
113
79
79
69
69
67
603
438
438
439
434
434
434
463
466
476
814
296
807
808
79
68
68
68
63
62
66
66
603
438
434
1068
1037
1037
1038
1033
1037
1032
810
812
808
808
883
880
881
881
1090
1091
1064
1069
1067
1039
1039
1034
1032
813
812
806
806
884
883
883
881
885
1090
1090
1090
1091
1084
1064
1069
1065
1039
1036
1025
1026
1025
1026
812
805
875
806
801
806
801
894
899
898
1099
1084
1084
1070
1067
1078
1021
1020
1025
878
879
800
890
894
894
899
899
898
1074
1072
1079
1079
1078
965
1024
1020
1024
1278
1024
876
879
877
877
879
871
890
890
899
896
896
896
1073
1073
1074
1077
1077
1077
1079
965
965
966
965
964
961
874
874
871
871
891
891
946
932
1073
1046
1046
1077
966
966
1164
962
1279
874
874
873
768
736
949
720
723
946
935
930
930
1046
1130
1132
1138
1122
1138
1163
1164
1178
960
861
860
861
768
768
729
943
727
949
720
935
938
930
1130
1133
1130
1134
1132
1139
1138
1162
1169
1178
1178
778
861
767
767
767
727
727
727
725
725
936
752
939
937
937
937
1133
1134
1134
1139
1139
1135
1167
1135
1169
1167
1175
1176
1175
1176
1175
340
360
94
91
153
151
151
150
130
130
136
136
136
137
344
341
341
370
372
374
374
374
360
363
362
398
362
153
154
154
155
155
131
131
138
344
138
344
343
343
358
370
370
372
374
363
387
367
387
82
91
154
159
158
159
156
131
46
342
343
343
342
343
348
346
359
372
372
383
367
385
82
87
82
87
159
158
157
158
156
40
48
348
359
359
375
383
384
421
384
386
386
84
83
84
88
89
89
86
157
72
41
51
49
49
426
350
350
426
425
421
469
467
386
473
83
83
89
88
86
70
72
74
76
57
59
59
59
51
55
55
424
422
422
420
468
468
473
474
474
83
111
78
76
77
75
57
67
58
59
56
55
436
435
430
430
431
430
422
469
468
477
477
110
111
113
113
77
78
75
57
56
56
437
435
437
430
432
410
463
464
464
461
466
478
478
110
113
79
69
67
65
66
66
438
438
438
437
434
462
463
463
463
462
460
460
478
478
814
818
819
113
79
6
66
1092
439
439
434
1037
1038
1033
1030
1030
814
814
813
818
817
802
804
883
887
887
885
885
885
1092
1091
1088
1087
1087
1069
1035
1035
1036
1029
1027
1026
813
813
813
815
815
803
804
804
887
889
886
1094
1090
1091
1087
1089
1081
1067
1036
1036
1029
1028
1027
813
812
800
801
803
803
894
886
886
1098
1099
1084
1084
1084
1071
1081
1078
1078
1022
1028
1026
1024
1027
876
876
876
875
875
800
801
894
893
899
898
1099
1098
1099
1099
1099
1083
1070
1047
1079
1078
1023
1023
876
875
870
890
871
872
892
893
893
896
895
1098
1048
1072
1048
1076
1076
1079
1076
966
964
964
964
961
961
873
873
870
948
948
945
946
946
932
932
933
933
1046
1045
1047
1076
969
962
963
960
960
873
862
864
863
870
871
947
948
949
946
935
932
934
931
931
1046
1045
1059
966
967
962
962
998
860
860
864
864
944
944
944
949
936
936
935
938
1130
1045
1131
1139
1138
1135
1162
999
1176
998
861
861
861
864
943
943
942
942
936
939
938
938
937
1131
1131
1136
1135
1136
1136
1136
1167
1176
1175
94
152
153
153
151
150
134
136
135
135
340
340
341
335
373
373
360
398
397
94
94
91
154
151
133
134
134
134
136
135
127
343
355
355
333
373
373
382
399
397
90
91
154
158
158
133
132
132
132
137
351
356
359
358
331
382
383
387
387
389
84
85
40
22
24
351
351
350
359
357
331
331
383
382
386
385
385
385
84
84
80
87
85
157
157
41
41
23
351
350
354
357
357
420
408
420
381
467
467
83
80
86
85
76
76
41
59
27
27
28
28
426
412
412
409
420
448
474
111
118
112
112
77
76
75
75
16
58
58
56
28
28
413
413
413
413
411
409
464
469
449
447
111
111
114
114
78
78
0
65
58
36
414
410
464
407
461
464
461
479
460
477
110
110
114
114
0
0
5
5
6
39
37
437
410
462
460
453
478
479
818
818
818
819
817
823
5
6
6
39
1092
439
1088
410
1035
1031
1030
479
1031
479
818
819
817
817
804
889
889
1094
1093
1092
1088
1088
1087
1005
1035
1030
1029
816
815
802
803
804
804
889
886
1094
1094
1096
1095
1089
1089
1089
1085
1008
1029
1029
1028
1028
816
815
832
800
828
888
886
1096
1095
1097
1095
1083
1083
1081
1081
1080
1022
1022
1029
1027
859
859
846
893
901
1097
1097
1048
1083
1082
1075
968
1023
1023
1023
858
846
846
846
892
892
901
895
903
1048
1049
1049
1076
1075
1075
969
969
964
963
961
862
857
870
847
947
948
945
920
934
933
1048
1047
1047
1042
969
963
963
980
984
862
862
863
947
863
947
945
945
934
934
934
933
1041
931
1041
1045
1059
1042
1058
967
990
999
980
864
866
864
863
867
944
944
949
940
940
949
939
938
925
934
931
1055
1055
1059
1058
1058
1058
1058
991
991
991
999
998
998
865
866
866
869
943
942
942
936
939
938
1055
1131
926
1056
1057
1058
1136
991
991
997
997
926
326
92
152
93
152
148
149
149
124
124
120
120
135
355
329
355
329
336
329
335
335
373
398
397
398
397
152
149
146
149
134
133
133
132
129
129
127
328
355
335
373
394
399
399
399
90
93
93
146
145
146
146
140
133
129
129
356
358
330
358
330
333
382
389
399
389
81
90
90
81
85
145
140
141
128
22
22
22
23
24
351
352
353
357
330
330
331
331
331
381
381
388
388
81
81
80
109
19
18
24
23
23
29
354
354
354
408
408
456
381
448
448
388
445
445
119
109
109
107
16
16
18
15
27
354
29
29
354
412
412
408
408
456
449
449
448
119
119
114
102
102
102
1
15
35
29
28
28
413
413
411
409
409
409
469
453
447
447
118
114
112
0
1
1
7
2
15
38
36
414
36
414
411
415
402
404
461
453
453
442
479
819
837
5
1
8
38
38
38
38
37
414
417
411
404
462
453
453
479
839
802
823
5
5
7
7
917
39
1093
39
1093
37
37
1092
1101
1106
404
1086
403
1006
1006
1006
1014
1014
479
839
837
823
7
889
917
1093
1088
1101
1088
1086
1005
1006
1009
1009
1012
816
834
834
833
833
829
829
828
829
888
889
888
888
889
1096
1095
1105
1085
1085
1086
1008
1008
1016
1018
1018
816
859
834
833
828
828
827
888
901
1096
1095
1082
1082
1086
1085
1080
1080
1008
1022
1019
1018
859
859
845
846
914
900
901
904
1096
1082
1080
1007
1015
1023
1019
1019
859
858
857
858
857
848
845
913
913
900
900
900
904
903
902
903
1097
1048
1118
1049
1043
1075
969
968
968
984
857
858
848
849
954
951
951
950
921
920
903
902
1040
1049
1043
1042
971
969
968
983
983
855
855
847
847
867
951
920
921
920
933
923
1040
1041
1043
1059
1043
1042
971
990
977
969
967
980
983
869
866
868
940
867
940
952
929
925
1055
1054
1057
1056
1057
990
994
999
998
999
981
865
866
868
869
940
941
941
941
957
929
926
926
926
1053
1056
1057
992
991
992
992
997
997
996
867
148
336
92
93
148
148
124
122
120
124
121
326
326
326
329
329
329
336
339
394
395
395
396
93
93
92
95
147
147
140
124
122
122
120
127
327
328
328
336
333
333
339
392
399
396
98
97
97
145
145
141
140
126
128
128
128
127
323
324
332
334
333
333
388
389
98
97
107
18
18
128
20
24
352
353
332
334
380
380
388
389
99
81
81
109
141
107
19
19
18
23
23
353
353
405
457
445
119
108
108
108
107
102
17
25
27
26
26
405
405
457
456
448
448
446
118
119
103
103
104
2
14
2
16
15
35
27
416
407
409
454
449
446
447
119
117
103
4
14
35
36
33
31
33
416
418
416
415
417
402
407
454
454
444
443
444
443
117
839
837
4
4
8
38
33
33
34
418
418
418
403
404
404
454
442
442
839
839
837
4
8
8
1106
1106
1104
1005
404
452
1014
452
1014
838
834
823
823
824
919
917
1109
1106
1109
1105
1101
1105
1102
1005
1006
1009
1013
1014
1014
1012
830
834
834
833
829
827
919
919
1109
1107
1105
1103
1103
1009
1008
1016
1018
1018
830
831
832
828
826
827
912
912
917
906
1107
1118
1114
1114
1114
1112
1008
1007
1016
1016
1016
1019
843
843
845
828
914
912
912
909
904
1119
1119
1114
1112
1007
1007
1015
1019
856
844
849
848
845
913
913
914
909
904
903
908
903
1119
1119
1118
1116
1112
1112
978
979
979
968
982
982
982
855
855
849
849
913
950
950
921
924
902
1040
1043
1043
1044
977
977
985
983
983
855
852
854
853
953
953
954
952
951
921
924
1041
1054
1044
1054
971
971
987
987
981
983
866
868
847
852
953
952
959
922
925
923
925
1053
1056
971
992
994
995
995
981
865
869
868
941
941
957
957
929
929
928
929
927
926
1053
972
972
972
994
994
995
996
1052
123
95
148
325
326
328
325
328
338
339
338
339
394
394
395
395
92
147
149
124
143
121
128
326
325
324
337
339
394
393
396
396
96
95
142
143
143
144
126
20
127
323
323
334
334
392
392
98
99
98
98
106
141
144
18
20
21
352
332
457
380
396
99
99
108
108
106
19
17
20
21
352
321
459
405
459
459
456
446
116
116
108
107
14
13
10
10
25
26
459
458
459
456
446
117
115
104
103
104
13
14
14
12
12
35
26
416
416
406
451
444
446
115
103
3
2
9
31
30
418
417
415
400
444
117
103
3
4
9
34
34
419
417
402
402
452
444
444
835
838
824
824
822
916
916
34
32
419
1104
419
403
1000
403
1013
442
838
838
838
824
822
918
919
1109
1109
1106
1104
1104
1103
1001
1013
1013
1012
830
831
827
919
917
1108
1108
1104
1103
1001
1003
1004
1010
1011
842
830
831
832
832
826
825
825
826
906
1107
1107
1114
1110
1113
1003
1004
1010
1017
843
843
844
826
825
914
909
908
1119
908
1118
1115
1114
1113
1004
1003
1016
1017
1017
844
848
841
913
909
907
907
1119
1116
1116
978
976
979
979
985
982
854
849
954
950
922
924
907
1117
1116
1044
978
978
988
988
854
854
849
953
954
958
958
922
924
923
1040
1054
971
977
987
988
988
981
852
954
956
959
958
924
1050
1050
1054
1054
974
973
987
987
993
989
852
850
850
956
928
927
927
1052
1053
974
973
994
993
995
996
957
95
123
123
121
393
391
96
121
338
337
97
142
143
125
337
17
126
323
321
392
390
99
104
17
322
457
459
455
106
21
321
455
446
115
100
13
12
31
402
406
458
443
100
3
3
9
12
31
30
419
400
450
441
836
100
824
9
32
401
836
824
34
401
1011
440
835
821
918
915
1100
1104
1102
1103
831
826
825
918
918
906
1108
1100
1004
1004
842
1110
1110
1111
1113
1003
1002
1002
1011
841
905
908
1117
1002
1017
844
910
909
1117
1113
976
985
853
841
954
1115
1044
976
979
988
854
853
953
958
924
1051
974
975
988
989
853
958
928
1050
973
994
850
958
974
993
96
324
339
393
323
106
143
144
380
416
406
458
116
101
11
14
441
9
440
1013
820
1010
820
831
915
1100
1001
906
1003
841
1017
976
844
908
970
975
974
989
959
927
327
390
327
393
96
144
390
323
455
10
101
10
458
101
401
400
452
822
916
1108
1010
820
911
1002
1002
856
905
1111
910
907
986
910
1051
1051
956
922
1050
973
993
996
147
338
126
324
337
393
96
322
25
455
101
406
441
115
11
34
31
419
32
916
1108
1110
1117
1115
840
1115
956
970
989
956
1052
972
123
125
322
322
390
144
21
106
450
116
13
30
450
401
836
836
32
1102
1000
1011
835
918
906
842
911
909
842
841
910
975
955
850
850
928
1050
973
123
125
658
658
391
142
142
1265
984
105
320
320
450
11
101
11
821
441
820
1100
821
821
1100
1000
915
1001
1111
1111
356
905
986
986
970
851
851
955
975
986
955
959
451
451
658
320
391
391
984
984
105
320
105
1071
440
1071
840
30
840
856
911
451
911
311
872
1031
851
1031
280
856
272
