3168
564
1424
1257
1247
1248
585
583
564
455
1383
1380
582
546
452
450
459
462
461
1418
1252
1253
555
545
546
450
1493
1378
1385
1371
1381
577
555
403
1517
1375
1362
1366
554
554
555
401
397
404
1486
1363
1366
1372
602
598
400
1307
1306
1306
1365
606
607
611
597
599
755
756
737
741
1522
1299
1583
1304
1289
608
599
745
722
1527
1528
1582
1581
1579
1289
620
761
753
752
744
722
1529
1529
2535
2754
2756
618
2226
2529
2526
2532
2758
2757
2752
2222
2331
2529
2551
2550
2755
2366
2544
2554
2554
2551
2730
2735
2734
2364
2365
2366
2327
2572
2571
2568
2727
2183
2183
2179
2365
2348
2350
2345
2346
2573
2571
2566
2726
2745
2133
2132
2144
2360
2344
2350
2344
2391
2393
2612
2141
1981
2404
2401
2615
2609
2148
2102
1985
2089
1984
1982
2007
2009
2381
2380
2422
2422
2599
2149
1982
2378
2424
2424
2618
2618
2602
2603
2601
2152
2090
1994
1993
1994
2015
1432
1429
1433
1429
1431
1424
1257
1260
1248
1261
1247
1245
1208
1208
1207
586
586
566
564
568
563
557
558
452
456
456
458
1434
1430
1424
1256
1254
1248
1257
1245
1208
583
582
590
591
566
568
564
447
456
449
456
460
1430
1414
1418
1418
1252
1378
1377
1384
1382
1381
1380
593
580
592
592
593
549
549
450
446
450
462
461
462
1517
1516
1492
1493
1376
1378
1378
1384
1381
573
577
577
555
548
545
419
401
405
402
1517
1518
1517
1496
1495
1496
1374
1375
1363
1371
1369
579
1372
579
552
400
398
407
406
404
1510
1511
1487
1375
1307
1363
1366
1362
1367
608
604
605
605
595
602
762
401
398
397
740
402
739
741
1511
1510
1523
1485
1489
1487
1310
1295
1295
607
606
605
595
762
597
762
758
759
756
741
737
741
1532
1523
1522
1583
1308
1308
1309
1288
1295
609
610
609
610
766
761
745
747
737
718
721
1533
1533
1532
1581
1573
1582
1304
1579
1304
1289
1289
617
616
619
619
618
623
751
743
746
750
744
719
719
722
1533
1528
1578
1579
2767
1292
2755
2758
2757
2752
2225
622
751
752
753
750
743
2374
718
722
2331
2546
2546
2525
2534
2532
2535
2531
2532
2771
2769
2754
2769
2758
2756
2225
2204
2226
2222
2224
2221
2374
2370
2370
2375
2375
2332
2331
2548
2548
2528
2529
2532
2550
2771
2755
2736
2736
2735
2206
2202
2203
2222
2186
2186
2365
2371
2333
2334
2328
2330
2547
2529
2543
2553
2551
2730
2730
2733
2734
2182
2183
2185
2186
2364
2367
2334
2368
2347
2333
2327
2543
2569
2554
2564
2727
2730
2746
2739
2739
2739
2132
2189
2189
2360
2359
2347
2349
2350
2346
2571
2573
2572
2565
2568
2563
2565
2564
2726
2727
2746
2743
2128
2145
2180
2359
2359
2350
2392
2391
2396
2405
2566
2612
2615
2744
2745
2606
2148
2142
2142
2142
2145
2099
1985
1984
1985
1991
2008
2345
2006
2393
2380
2381
2396
2403
2405
2611
2614
2615
2606
2609
2148
2608
2141
2150
2145
2102
2101
1981
2008
2009
2381
2378
2402
2402
2401
2422
2618
2607
2602
2609
2148
2149
2151
2090
2090
2089
1982
1993
1997
2007
2012
2377
2378
2414
2423
2413
2424
2420
2420
2621
2620
2599
2601
2152
2152
2087
1994
1996
2014
2013
2014
2012
2015
2378
1258
558
1431
1434
1427
1259
1261
1242
1244
1245
1210
1211
1208
1205
586
586
567
568
557
453
453
455
459
458
1433
1412
1430
1427
1427
1254
1257
1251
1241
1248
1242
1245
1273
1272
1210
583
586
591
568
559
561
447
453
460
465
464
1415
1413
1420
1251
1253
1250
1276
1383
1382
571
569
574
570
570
589
588
590
549
546
419
467
468
466
1415
1414
1413
1421
1418
1421
1350
1385
1381
574
580
577
552
549
415
405
413
411
469
469
1520
1519
1496
1495
1496
1493
1350
1349
1374
1360
1368
1368
603
604
601
552
551
416
416
407
406
403
1519
1485
1486
1352
1354
1352
1356
1366
1367
605
602
764
759
758
740
739
1513
1511
1490
1310
1310
1295
614
611
596
765
764
766
759
755
736
1523
1530
1526
1490
1574
1574
1489
1583
1301
1310
1309
617
613
629
598
764
629
765
746
781
787
756
781
737
728
1531
1527
1572
1576
1583
1300
1303
1304
1290
1291
1291
616
617
626
620
628
625
629
749
747
744
728
727
1572
2535
1579
2767
2767
1292
2750
2751
622
623
2224
629
750
2373
719
2325
2537
2538
2526
2534
2705
2766
2771
2759
2751
2749
2210
2224
2222
2217
2219
2215
2216
2375
2337
2336
2337
2548
2546
2536
2539
2559
2558
2771
2769
2755
2748
2203
2204
2217
2216
2186
2371
2375
2336
2315
2331
2548
2547
2540
2541
2557
2557
2554
2556
2560
2711
2732
2737
2207
2202
2188
2187
2371
2368
2355
2367
2332
2340
2544
2569
2561
2562
2733
2733
2741
2742
2183
2189
2179
2189
2359
2358
2340
2328
2398
2562
2563
2711
2724
2724
2724
2742
2741
2130
2180
2180
2351
2358
2348
1991
2343
2390
2390
2389
2398
2399
2404
2612
2723
2612
2744
2605
2743
2133
2129
2136
2128
2144
2099
1990
1991
1988
2341
2342
2383
2392
2396
2396
2410
2403
2409
2615
2582
2606
2606
2139
2139
2098
2094
2102
1988
1987
2006
2005
2006
2383
2384
2411
2622
2620
2600
2609
2177
2147
2150
2102
2096
2092
2081
2003
2003
2012
2386
2387
2387
2386
2417
2417
2414
2416
2424
2420
2420
2622
2621
2620
2603
2175
2177
2177
2090
2176
2086
2087
2086
2084
1996
2000
2002
2016
2013
2087
2000
1997
1426
1259
558
1432
1400
1426
1399
1427
1260
1258
1239
1238
1272
1270
1211
1211
1203
1201
502
567
560
560
447
493
490
491
465
494
490
464
1412
1398
1239
1396
1241
1242
1273
1199
1204
1204
1196
1205
536
589
561
492
494
465
1411
1412
1420
1395
1421
1251
1251
1276
1275
1276
1198
571
588
543
589
527
559
418
419
418
446
479
466
468
1412
1394
1388
1421
1393
1350
1277
1276
1359
1359
1369
569
573
541
526
552
530
419
412
412
467
440
1518
1492
1502
1350
1357
1358
1337
1338
652
576
654
416
415
411
410
440
439
1520
1504
1502
1501
1353
1355
1355
1356
614
651
602
657
658
657
759
656
784
409
410
733
731
1513
1514
1498
1503
1499
1498
1499
1561
1354
1331
1332
1332
614
596
653
657
784
780
734
734
1514
1526
1525
1526
1563
1331
1329
1335
1290
613
1334
625
627
627
632
766
787
786
781
728
727
731
1531
1530
1526
1575
1575
1560
1300
1301
1328
1334
1316
626
626
642
632
750
787
789
728
725
1542
1541
1542
1573
1542
2705
2708
2767
2760
2750
2749
642
638
641
637
2218
2269
788
2309
2324
2323
2322
2536
2538
2525
2535
2706
2764
2761
2763
2748
2749
2210
2209
2219
2219
2219
2373
2308
2311
2321
2324
2320
2537
2541
2540
2560
2713
2764
2764
2763
2207
2213
2210
2212
2191
2190
2195
2215
2354
2301
2315
2315
2321
2539
2509
2559
2712
2732
2714
2733
2675
2206
2762
2211
2198
2198
2192
2194
2194
2356
2356
2317
2316
2298
2486
2557
2480
2561
2709
2714
2710
2684
2678
2129
2199
2200
2355
2351
2339
2340
2342
2485
2485
2399
2476
2569
2721
2711
2684
2724
2681
2136
2677
2198
2201
2099
2201
2352
2353
2340
2341
2343
2390
2390
2399
2398
2399
2408
2408
2585
2582
2581
2582
2597
2135
2138
2130
2099
1991
1988
2026
2384
2397
2407
2408
2411
2408
2582
2596
2136
2168
2139
2139
2095
2093
2093
2001
2003
2006
2433
2384
2417
2410
2409
2584
2576
2596
2600
2594
2175
2173
2096
2096
2096
2094
2003
2080
2020
2019
2385
2385
2417
2417
2413
2576
2575
2576
2600
2593
2177
2176
2173
2084
2084
2081
2081
2083
2000
1995
2000
2021
2018
2016
2419
2017
1406
1398
1399
1401
1402
1239
1239
1269
1265
1270
1211
1202
1202
1202
1201
503
503
503
508
492
512
493
490
490
472
1408
1400
1397
1397
1403
1278
1271
1271
1270
1199
1196
1196
1196
1203
536
504
506
505
526
509
491
475
474
1391
1390
1396
1464
1279
1277
1283
1286
1198
1199
535
535
543
542
543
527
530
420
422
421
481
473
474
1388
1389
1390
1394
1462
1279
1360
1189
542
543
527
539
529
420
433
481
440
1507
1508
1393
1505
1394
1462
1461
1353
1358
1339
1338
1340
1320
541
539
539
662
659
530
660
424
413
436
437
440
444
1506
1508
1505
1507
1502
1502
1565
1353
1357
1341
1337
1319
651
652
654
658
660
665
783
769
409
410
734
731
442
1514
1503
1504
1563
1567
1566
1331
1331
1332
650
677
651
653
667
657
665
769
769
784
768
701
731
1514
1543
1564
1562
1561
1326
1335
679
632
631
771
784
734
725
1558
1545
1544
1564
1563
1560
1327
1327
1313
1315
677
640
642
642
632
787
791
788
724
725
725
1541
1556
1542
1576
2704
2707
1328
1316
1315
1316
690
640
638
637
635
2266
2269
790
2309
790
789
709
2322
2500
2499
2515
2515
2705
2707
2706
2761
2760
2759
2251
2212
2210
2274
2218
2266
2268
2260
2312
2308
2325
2320
2509
2506
2513
2558
2705
2699
2698
2696
2675
2693
2250
2211
2190
2260
2303
2302
2302
2303
2321
2314
2294
2509
2510
2505
2478
2557
2519
2719
2720
2712
2713
2683
2676
2213
2192
2198
2191
2195
2301
2318
2318
2296
2297
2315
2486
2479
2476
2479
2721
2711
2682
2683
2675
2677
2676
2229
2228
2197
2201
2199
2353
2354
2317
2288
2316
2300
2300
2486
2477
2452
2681
2627
2628
2136
2232
2200
2108
2105
2104
2352
2046
2043
2299
2300
2028
2437
2445
2447
2445
2451
2585
2657
2597
2625
2628
2627
2158
2155
2138
2155
2108
2105
2108
2104
2045
2026
2027
2027
2439
2444
2445
2445
2454
2584
2585
2597
2597
2594
2158
2154
2107
2110
2092
2045
1988
2023
2024
2024
2026
2433
2435
2467
2454
2465
2579
2576
2588
2593
2594
2170
2170
2172
2173
2095
2080
2001
2021
2020
2019
2433
2434
2436
2464
2466
2463
2578
2577
2590
2589
2591
2169
2166
2173
2117
2084
1999
2062
2017
2018
2464
1403
472
1405
1406
1402
1401
1439
1267
1266
1270
1264
1223
1223
1221
1222
1236
1236
1195
1234
502
505
507
484
483
485
486
487
485
472
1409
1409
1409
1443
1444
1267
1266
1265
1220
1191
498
496
506
504
507
509
508
486
478
480
475
1408
1482
1452
1446
1445
1278
1285
1284
1284
1285
1214
1193
536
536
524
517
521
421
422
481
481
1391
1483
1395
1484
1484
1463
1463
1462
1282
1282
1286
1215
1189
1190
1190
1193
533
538
530
519
428
429
425
443
1387
1388
1388
1484
1462
1471
1346
1318
1320
644
538
522
663
520
425
430
434
444
444
1548
1565
1467
1566
1347
1347
1341
1319
1322
645
645
647
659
667
663
424
778
436
437
437
1506
1548
1551
1567
1333
1318
1319
651
679
676
647
666
665
776
769
775
777
701
701
733
730
1558
1550
1564
1569
1568
1570
1325
1325
1313
1312
676
678
679
676
670
770
772
695
704
701
708
707
706
1557
1558
1543
1539
1536
1324
1313
678
684
635
772
634
635
771
791
695
710
710
1556
2516
1544
1536
2708
1326
2702
1313
689
691
640
2274
635
2265
2267
2269
709
2291
2501
2516
2516
2512
2702
2695
2694
2693
2692
692
2248
2276
2266
2266
2259
2269
2312
2309
2312
2312
2323
2290
2500
2507
2499
2513
2523
2512
2518
2701
2701
2702
2694
2695
2693
2247
2251
2249
2274
2258
2260
2305
2311
2293
2507
2506
2480
2519
2699
2699
2675
2678
2250
2237
2238
2263
2262
2306
2306
2287
2292
2293
2297
2297
2477
2492
2719
2720
2684
2690
2684
2674
2229
2228
2231
2238
2238
2286
2287
2296
2281
2483
2483
2477
2478
2492
2721
2716
2658
2624
2680
2625
2229
2231
2112
2263
2046
2043
2031
2031
2300
2482
2438
2447
2449
2449
2455
2452
2659
2659
2659
2658
2634
2623
2624
2157
2123
2108
2113
2111
2046
2042
2043
2028
2438
2440
2439
2447
2455
2455
2650
2633
2632
2643
2158
2155
2162
2108
2123
2111
2043
2030
2059
2024
2436
2433
2436
2474
2467
2650
2588
2649
2587
2591
2588
2642
2170
2164
2120
2065
2065
2059
2056
2023
2432
2430
2435
2434
2462
2473
2463
2464
2466
2578
2579
2588
2589
2590
2170
2167
2164
2167
2166
2116
2116
2064
2065
2058
2071
2070
2067
2117
1406
1405
1450
1438
1440
1440
1439
1437
1264
1220
1219
1223
1225
1236
500
499
499
515
512
484
482
487
482
478
471
472
44
1451
1409
1450
1445
1443
1263
1264
1281
1220
1214
1221
1213
1236
497
515
518
518
518
483
477
48
48
1476
1451
1484
1452
1446
1282
1444
1216
1214
1231
1230
1193
533
497
496
517
520
431
478
478
475
47
1477
1476
1482
1464
1469
1465
1283
1217
1215
1193
1192
533
533
523
523
521
524
431
431
431
434
443
20
1480
1483
1480
1479
1468
1470
1470
1344
1344
1343
1344
1339
1321
1190
1321
644
662
522
519
428
430
433
21
22
444
1174
1480
1547
1480
1468
1468
1347
1347
1340
938
1322
648
648
648
648
663
775
777
428
427
437
442
19
1548
1548
1551
1467
1570
1346
1325
896
893
892
673
676
667
667
775
776
704
703
713
706
1554
1554
1551
1551
1550
1568
1569
911
892
893
679
672
670
670
670
770
704
698
703
707
714
1553
1545
1539
1535
1536
1325
913
914
914
911
688
689
688
685
669
774
696
697
694
695
1556
2502
1538
1539
1539
2850
1536
2855
912
914
911
690
692
685
685
682
685
684
2272
2254
695
1690
708
2501
2504
2516
2522
2518
2857
2702
907
2693
2247
2246
691
2248
2276
2253
2290
2291
2503
2502
2503
2504
2522
2523
2857
2856
2696
2824
2247
2240
2247
2275
2276
2252
2253
2254
2252
2255
2285
2305
2292
2291
2294
2505
2521
2519
2699
2687
2687
2686
2244
2243
2249
2238
2256
2260
2288
2282
2282
2484
2495
2492
2489
2491
2717
2717
2689
2690
2686
2685
2242
2242
2237
2262
2288
2033
2282
2483
2483
2492
2656
2656
2690
2640
2232
2234
2234
2114
2114
2051
2032
2034
2037
2441
2437
2449
2460
2458
2461
2655
2657
2632
2631
2633
2631
2625
2158
2126
2123
2110
2113
2050
2051
2031
2050
2031
2036
2442
2440
2427
2449
2459
2455
2461
2648
2650
2634
2630
2630
2637
2161
2155
2122
2049
2053
2049
2055
2039
2054
2040
2426
2425
2470
2470
2465
2650
2642
2668
2637
2643
2162
2160
2161
2118
2119
2063
2063
2062
2054
2055
2068
2070
2429
2430
2472
2472
2473
2665
2577
2663
2668
2667
2646
2647
2167
2163
2164
2118
2119
2065
2062
2058
2067
2071
2664
1437
1226
1455
1459
1438
1437
815
1436
814
1220
1223
1226
1229
1234
498
500
514
515
29
29
26
38
40
43
38
1454
1449
1458
1456
1457
1437
1443
1264
809
1214
1228
1232
190
190
515
156
32
35
39
41
46
48
43
1449
1448
1449
1449
1443
808
1217
1216
1232
1231
151
153
156
159
518
159
32
33
34
39
48
5
1477
1474
1474
1473
1465
1474
1282
924
925
929
150
148
155
31
34
8
1171
1171
1474
1471
993
990
1344
923
939
937
929
310
156
307
308
306
428
23
23
20
19
1174
1173
1174
1170
1475
1469
990
922
917
939
939
923
939
937
311
305
305
304
305
778
269
16
21
1172
1174
1152
1151
1153
991
895
938
935
311
320
299
774
270
704
713
1554
1168
1165
1143
1140
1155
1154
900
895
905
673
672
673
316
318
696
697
713
713
716
715
715
1166
1554
1164
1143
1139
898
914
911
905
687
682
681
299
335
698
712
714
716
3160
3160
3160
1140
3129
3128
2848
899
2854
912
913
908
908
688
688
682
2272
323
2271
1727
1726
1694
1693
1690
1691
3141
3159
3119
3160
3127
3128
3127
2846
2846
2854
2853
2829
2824
2826
682
2241
2272
1717
2272
1729
1730
1692
1731
1693
1691
1694
3140
3141
3120
2850
2857
2854
2825
2241
2276
1864
1715
2257
1728
1692
2495
3142
2494
2520
2521
2851
2857
2856
2831
2830
2840
2243
2244
1864
1863
2235
2255
1711
2257
2285
1712
2284
2285
2278
2498
2495
2497
2489
2489
2717
2716
2862
2832
2838
2232
2235
1858
2235
2256
1712
2285
2279
2279
2281
2498
2497
2489
2458
2457
2922
2656
2835
2689
2835
2835
2690
2640
2127
2125
2125
1916
2052
2032
2034
2037
2037
2498
2459
2458
2460
2652
2458
2653
2656
2631
2631
2636
2639
2640
2127
2127
1905
2112
1907
2052
2053
2033
2036
2442
2441
2450
2652
2653
2637
2640
2637
2160
2124
2123
2109
2048
2049
2049
2039
2068
2426
2987
2469
2425
2470
2672
2672
2647
2645
2161
1885
1896
1895
2061
2056
2068
2078
2427
2984
2474
2470
2472
2664
2663
2665
2668
2670
2644
2644
1889
2164
1888
1886
2120
1884
1896
1901
2062
2074
2069
2078
2429
2668
2069
1229
192
1455
1455
1458
1061
815
815
811
812
810
1225
1229
794
1229
193
196
189
190
140
26
26
38
37
38
44
1454
1459
1457
1062
814
813
807
806
1228
793
1230
794
162
152
152
190
139
159
29
41
40
1038
1456
1058
1059
808
801
803
802
800
161
149
151
149
153
137
33
32
32
35
8
5
47
1037
1038
1010
998
997
996
926
801
926
802
928
929
150
148
169
156
158
267
11
11
10
8
8
4
1169
1009
1010
1011
994
995
995
922
923
924
925
932
932
314
314
308
266
267
22
20
14
1171
1172
1171
1153
994
992
991
917
918
935
935
934
310
313
306
307
305
271
271
271
292
16
17
1167
1165
1152
1151
1162
1154
1160
902
920
919
935
311
320
298
302
302
344
345
292
291
17
17
1167
1164
1166
1152
1142
1155
902
902
896
894
319
319
320
299
345
221
206
1168
1165
1143
1140
1148
899
898
904
980
317
329
331
323
323
335
343
220
202
3157
3157
3126
3126
1139
899
899
905
907
908
905
979
978
330
329
1718
1718
1727
1731
1688
1726
1691
3160
3125
3129
2847
2847
2854
2829
2825
2823
1836
1835
1715
1717
1728
1730
1687
1685
3142
3138
3120
3123
2865
2865
2868
2832
2829
2826
2823
2240
1866
1867
1864
1715
1711
1729
1724
1723
1705
1706
1706
3142
3119
3137
3123
3122
2851
2860
2863
2866
2831
2844
1865
1865
1861
1707
1709
1703
1704
1704
3140
2495
2922
2922
2863
2862
2830
2838
2841
2840
1858
1860
1914
1708
1610
1624
1610
1616
2278
1625
3049
2498
2993
2990
2488
3059
2923
2925
2835
2837
2838
2838
2126
2839
1857
1915
1915
1906
1916
1610
1609
1612
1610
1630
1625
2993
2990
3011
3011
2921
2934
2934
2903
2127
1928
1929
1905
1611
1613
2040
1627
2037
2985
2992
2990
3010
3008
2933
2662
2671
2934
2915
2903
2905
1929
1891
1883
1910
1906
1909
1894
1599
2074
1627
2986
2986
2983
3014
3008
2662
3016
2662
2943
2672
2915
2914
2904
1892
1892
1892
1886
1882
1897
1894
1895
2073
2074
2076
2982
2983
3014
3013
3014
2662
2661
2670
2670
2672
2915
2646
2912
2645
2910
1888
1889
1882
1885
1898
1884
1903
1901
1900
2074
1901
2078
2077
2078
2076
2078
193
25
1049
1055
1056
1061
1063
813
812
811
837
839
840
840
193
192
187
146
140
145
146
147
26
73
71
69
70
1056
1056
1063
1063
807
806
793
794
162
836
197
197
194
187
140
139
137
28
28
71
46
68
1036
1053
1052
1059
1058
997
809
800
799
162
164
163
165
163
170
195
159
136
137
9
5
51
1038
1009
1036
1008
1004
1007
998
1001
796
803
929
165
170
169
137
9
11
266
11
2
5
1038
1034
1037
1028
1010
1011
1006
1001
1001
916
917
932
161
314
167
387
388
386
267
269
7
2
14
1033
1034
1158
1158
1007
1161
993
992
1000
917
918
919
931
932
973
313
301
302
302
271
292
292
13
208
14
1179
1180
1158
1159
1161
901
920
902
970
972
972
317
316
382
395
299
344
341
270
294
221
209
205
1180
1180
1143
1146
1159
1149
987
985
982
981
317
320
324
322
342
339
342
343
296
221
204
205
206
1177
1175
1149
989
984
985
982
982
978
332
332
325
326
334
338
335
338
338
220
202
203
203
3157
3162
3165
1145
1148
951
982
979
330
329
323
1721
1727
1687
1688
1685
3156
3157
3132
3163
3125
3126
3085
2848
2868
2869
2828
2870
2822
1848
1848
1832
1836
1834
1718
1718
1720
1720
1700
1696
1696
3132
3131
3138
3132
3138
3123
3086
3086
2866
2870
2829
2823
2823
1848
1836
1835
1869
1715
1724
1724
1702
1706
1697
3142
3132
3137
3123
3109
2860
2859
2866
2777
2845
2843
1867
1866
1864
1861
1870
1707
1708
1723
1703
1705
1703
1706
3049
3048
3049
3045
3059
3105
3107
2863
2863
2780
2845
2845
2845
2783
2843
2844
1876
1861
1879
1860
1709
1616
1625
3049
3058
3060
2924
3061
2923
2930
2922
2930
2841
2782
2782
1858
1858
1927
1913
1913
1914
1912
1613
1612
1624
1629
1622
1622
2993
2989
3002
2924
2925
2937
2937
2935
2902
2897
2906
2906
1929
1927
1919
1907
1611
1629
1632
1628
1628
2993
2992
2990
3003
3011
3011
3006
2943
2936
2934
2917
2903
2909
2903
2904
1929
1918
1922
1600
1601
1588
1630
1589
2985
2987
2975
3010
3016
3008
3018
2940
2919
2919
2915
2911
1890
1890
1883
1898
1909
1904
1587
1598
1587
1589
2982
2972
2984
2972
3014
3018
3016
2940
2919
2919
2911
2910
1892
1892
1881
1897
1901
1902
1904
1903
1598
1586
1586
1049
1047
1056
1055
1060
810
825
838
839
836
196
181
187
143
147
145
94
73
71
1018
1050
1053
1062
1060
826
806
797
838
837
835
836
195
194
186
131
147
72
73
73
68
1019
1017
1052
1072
1072
797
796
797
800
800
164
172
171
125
128
134
57
57
69
51
1016
1006
871
867
875
168
166
172
171
126
127
127
56
57
1
51
2
50
1033
1028
1028
1005
1031
1004
1001
871
870
868
168
374
388
386
384
261
261
261
59
290
2
1034
1027
1157
1007
1000
1129
871
969
968
931
971
380
381
394
387
384
261
238
14
1179
1187
1183
1158
1162
1130
1130
969
967
968
971
973
382
382
393
395
385
340
340
341
295
293
218
208
1180
1185
1182
1146
1149
1160
1130
985
966
378
393
324
337
339
295
296
218
207
217
209
1177
1177
1145
1146
1149
1121
986
986
989
981
960
326
325
338
221
211
200
199
3163
3163
3164
3164
3166
3084
951
951
984
980
1847
331
1833
335
1749
1749
1686
203
1686
203
3162
3167
3167
3166
3085
2870
2812
2810
1848
1847
1833
1833
1842
1762
1721
1746
1700
3135
3134
3118
3110
3110
3083
2869
2870
2776
2776
2774
1845
1832
1840
1870
1714
1766
1724
1699
1700
1697
3135
3135
3113
3106
3110
2868
2779
2773
2772
2773
1875
1878
1878
1873
1869
1768
1766
1764
1700
1697
3046
3056
3061
2859
2780
2783
1876
1876
1877
1878
1873
1619
1702
1616
1625
3055
3057
3106
3067
2928
2928
2779
2935
2786
1925
1925
1924
1913
1619
1913
1618
1619
1631
1621
1622
3052
3057
3058
3060
3002
2928
2937
2897
2896
2781
1928
1925
1919
1910
1618
1631
1622
1632
1628
2974
2975
3004
3002
3005
2955
2944
2937
2897
2899
2898
2905
1950
1944
1944
1918
1920
1919
1969
1601
1597
1588
1585
2975
2970
2975
3004
3005
3005
3018
2944
2961
2944
2939
2917
2909
2909
2900
1943
1944
1945
1921
1972
1921
1968
1920
1600
1603
1598
1594
1586
1586
2972
2981
2980
2996
3018
2940
2940
2917
2912
2909
1944
1947
1946
1946
1957
1922
1902
1956
1604
1595
1595
2908
177
1046
1047
1047
1042
1040
1041
1039
827
826
818
832
830
181
181
181
180
143
184
143
143
93
94
69
63
63
1044
1043
1074
1067
827
824
825
829
880
829
836
184
183
131
147
95
66
66
65
1019
1019
1043
1073
1071
1075
1075
824
823
877
876
183
186
125
125
130
133
57
65
66
51
1015
1016
1018
1030
1029
1072
883
886
882
872
877
877
874
877
167
116
120
124
125
126
128
132
133
60
58
58
52
1016
1015
1028
1003
1127
871
874
873
874
373
376
375
390
256
263
264
60
237
237
59
236
244
1186
1090
1091
1127
1127
967
861
868
861
374
382
373
391
391
395
385
257
264
239
239
236
1187
1096
1100
1100
1099
1132
1130
970
975
379
379
381
395
394
385
286
286
263
293
218
238
209
1186
1182
1183
1098
1121
1130
987
967
966
976
976
379
379
350
351
350
347
280
294
218
215
212
198
3165
3151
947
1120
940
985
941
962
963
960
378
354
337
280
282
283
214
199
3144
3151
3073
948
946
948
951
2813
961
2809
961
1844
960
962
1851
1851
1855
279
1839
280
1761
1748
1749
1748
1752
200
3147
3150
3084
947
2813
2813
2810
1850
1854
1841
1841
1762
1749
1761
1746
1752
3134
3148
3115
3114
3114
3117
3083
3082
3083
2807
2807
2805
2806
2807
1844
1845
1853
1842
1840
1839
1767
1765
1737
1733
1741
3135
3045
3113
3116
3109
3110
2804
2807
2777
2772
1845
1880
1875
1878
1872
1873
1768
1768
1736
1734
1734
3046
3046
3066
3107
2804
2780
2792
2792
2774
1876
1767
1764
1735
1734
1733
1673
3054
3053
3053
3056
3054
3065
3065
2947
2928
2794
2942
2786
2795
2785
2786
2789
2781
1830
1830
1829
1978
1662
1619
1616
1659
1680
3052
3055
3064
3068
2947
2956
2942
2942
2888
2897
2788
2789
1950
1925
1975
1979
1646
1658
1680
1678
1677
3052
3052
3063
3002
3005
2954
2888
2888
2900
2899
1950
1949
1950
1975
1972
1974
1970
1968
1607
1647
1601
1650
1644
1678
2974
2978
2999
3001
2998
2962
2954
2871
2898
1945
1953
1971
1971
1972
1607
1606
1598
1591
1594
1642
2980
2978
2977
2996
2995
2962
2961
2959
2876
2873
2872
2882
1947
1938
1957
1957
1606
1607
1604
1603
1592
1590
1590
2996
1041
100
1046
1044
1039
1042
820
819
818
817
833
833
178
178
177
184
104
101
142
98
97
77
63
1050
1050
1088
1084
1068
824
889
819
824
818
818
830
175
184
102
101
131
131
93
96
66
63
1022
1083
1084
1072
1074
1073
886
879
880
879
880
850
115
114
106
109
132
134
53
54
1022
1078
1079
883
867
882
846
876
115
114
119
84
85
85
53
52
1022
1030
1031
1029
1003
1137
885
883
861
874
375
376
391
258
256
244
1110
1091
1094
1090
1133
1133
1134
860
373
370
370
255
258
264
264
239
239
246
1187
1112
1097
1094
1100
1121
1134
1126
1127
857
975
368
390
257
247
286
233
235
235
1185
1096
1100
1124
856
964
964
957
366
365
368
354
346
351
348
287
287
215
215
232
230
233
230
1185
3145
3151
1121
944
942
963
959
960
957
355
356
354
274
280
281
283
212
212
3145
3145
3151
1123
942
940
1792
1851
1839
274
281
282
1755
211
1751
3144
3100
3101
3071
3074
2813
2809
1791
1855
1793
1855
1851
1855
1838
1762
1745
1759
1746
1746
1752
1752
3148
3097
3115
3116
3083
3080
2805
2812
1793
1790
1854
1839
1802
1759
1759
1758
1743
1742
3098
3098
3113
3117
3112
3092
2804
2803
2801
2791
1786
1817
1880
1801
1873
1776
1759
1765
1736
1735
1737
1742
3043
3042
3113
3090
2946
2804
2801
2800
2788
1817
1817
1828
1828
1768
1663
1663
1675
3027
3039
3066
3039
3068
2947
2947
2950
2794
2792
2786
2795
2789
1813
1814
1830
1830
1829
1976
1659
1660
1659
1682
1682
1672
1681
3027
3030
3064
3067
2948
2950
2887
2887
1951
1814
1952
1975
1979
1977
1647
1647
1682
1681
1677
3051
2978
3029
3030
2956
2952
2951
2955
2953
2888
2885
1952
1953
1975
1970
1978
1646
1635
1643
1644
1678
2981
2978
2999
2999
2958
2953
2890
2891
2882
1954
1938
1954
1972
1969
1607
1657
1592
1644
1641
2979
2979
2996
2962
2962
2959
2876
2871
2872
2873
2875
2882
1937
1940
1960
1960
1959
1654
1655
1591
1641
1939
821
1087
1040
173
174
174
173
103
102
88
100
87
97
96
79
77
1085
1069
1065
821
890
843
849
833
175
111
110
110
95
91
78
62
1086
1083
1069
1068
886
889
846
850
849
113
113
109
91
85
82
1024
1025
1021
1084
1079
886
888
864
852
851
116
107
254
81
54
1025
1022
1093
1093
1078
865
864
852
852
370
119
255
255
251
250
242
246
1112
1111
1094
1137
1136
1137
858
862
860
370
252
247
251
241
246
1112
1111
1106
1097
1132
1136
1134
858
857
856
855
365
368
362
248
289
233
229
1109
1106
1124
1115
945
956
366
354
346
348
288
233
1109
1097
1123
1124
941
957
954
357
353
273
277
214
232
230
3153
3152
3074
3073
3071
2817
2820
957
355
357
1804
357
274
1774
274
1756
227
3147
3148
3101
3074
3071
2818
2818
1793
1792
1853
1801
1805
1802
1774
1756
1756
1754
3094
3094
3080
2816
2815
1793
1790
1799
1802
1777
1776
1774
1743
1743
3041
3096
3097
3104
3103
3104
3091
3092
3089
1784
1787
1786
1821
1789
1802
1781
1781
1739
1739
3040
3042
3033
3090
3092
2801
2801
2792
1817
1787
1826
1826
1821
1819
1780
1781
1672
1672
1674
3038
3036
3033
3088
2795
1814
1811
1816
1826
1826
1662
1666
1663
1660
1671
1673
3030
3039
2948
2950
2885
2884
1807
1813
1825
1977
1666
1659
1635
1682
3030
3028
3035
2965
2952
2889
2967
2885
2885
1932
1951
1935
1656
1650
1649
1635
1635
1642
3024
2951
2969
2890
2891
2893
1932
1941
1938
1939
1965
1656
1650
1652
1652
1643
3023
3024
2998
2958
2881
2882
1937
1941
1960
1963
1963
1655
1652
1640
1641
2875
1088
1065
820
832
98
79
1085
833
110
91
1080
1080
890
842
110
846
849
112
119
81
82
1025
1094
865
119
254
252
241
1137
852
361
242
246
1112
1106
1135
855
366
347
363
248
230
1106
1124
1115
1114
855
954
360
359
288
289
224
3154
1105
3070
944
954
275
3154
3074
953
277
1754
226
3154
3077
3080
2820
1799
1804
1803
1805
3100
3104
3091
3080
2817
2815
1784
1799
1781
1778
3043
1823
1799
1823
1823
1777
1779
1770
1740
3033
2797
2793
1816
1778
1674
3032
2798
2797
1808
1820
1819
1672
3029
3036
2967
1808
1935
1976
1665
1634
3027
3028
2967
2892
1807
1935
1966
1667
1649
1637
3021
2968
2877
1934
1963
1657
3024
2894
1962
1653
1087
107
88
89
113
1078
1077
888
84
361
363
249
1108
1103
863
1114
226
945
227
1755
3101
1756
3104
3095
2816
1796
1771
1783
1777
3089
1675
1665
3039
2793
1966
1666
1965
1637
2969
2882
103
75
104
88
1086
890
78
113
240
862
1103
863
250
1103
362
276
276
3071
2819
1790
1740
3103
3088
1770
1779
3027
1811
1822
2949
1811
1638
2892
1931
1935
2965
2893
1932
1966
1654
1641
1066
87
842
106
90
91
1024
118
854
240
1103
249
224
1109
1118
954
855
356
950
2819
1790
1797
1784
1810
3035
1820
2969
1966
1638
2965
1941
1960
1066
843
849
104
75
890
851
1078
223
1108
1117
359
224
275
3153
3154
950
1805
1774
1740
3095
3079
1784
3040
3089
2798
3041
3033
2798
1666
2964
3021
3024
2877
1940
1963
1066
843
2879
2879
76
1081
1081
1298
2931
1117
122
122
222
1118
1102
1118
3076
224
3076
1796
3077
3077
1796
1772
1785
1771
1798
1823
1296
1811
1669
1669
1806
3021
3020
2968
1667
1638
2964
2894
1297
1298
2879
121
76
76
2931
2931
1013
121
1013
2362
2010
2362
1297
360
3034
3062
1422
510
2616
2277
511
1683
3020
1683
578
2617
578
