224
10
98
98
111
111
13
13
10
5
110
109
13
5
5
5
6
6
6
99
98
98
11
11
11
5
99
110
110
110
110
13
11
0
92
87
88
88
11
11
11
0
0
0
86
88
88
88
27
27
0
87
87
89
88
24
27
27
27
27
20
20
20
0
86
85
85
89
89
24
27
18
19
91
86
85
85
85
89
24
18
18
18
18
19
91
91
153
142
142
24
169
147
153
153
142
142
142
169
194
153
153
153
142
195
147
152
152
152
140
140
140
189
189
195
194
157
147
152
144
170
170
170
189
195
195
195
195
157
157
152
144
144
178
178
172
184
184
195
183
157
157
144
178
184
160
160
144
144
179
180
184
180
184
183
183
183
159
159
160
160
161
179
184
159
160
160
161
161
161
161
179
179
181
184
184
184
182
100
100
100
100
100
100
98
98
111
98
111
111
109
109
109
13
13
10
10
10
10
10
10
5
5
5
6
100
100
98
98
98
111
98
109
109
13
13
13
13
10
10
10
5
5
5
5
6
100
99
99
99
98
111
110
110
110
109
109
13
12
13
13
13
11
11
5
5
5
6
6
6
99
99
99
99
111
110
110
110
110
12
12
12
11
11
11
5
0
0
0
92
92
92
92
92
92
87
88
88
88
110
12
88
12
11
0
0
0
0
0
92
92
86
87
87
88
88
88
88
27
27
27
27
27
27
27
11
20
0
0
0
0
0
92
92
92
86
86
86
87
88
88
24
27
27
27
27
27
18
20
18
20
19
20
19
91
91
86
86
85
89
89
89
89
24
24
24
27
18
18
18
20
20
19
19
91
91
91
85
86
85
85
85
89
89
89
24
24
24
24
24
25
18
18
18
18
19
19
19
19
91
91
85
85
142
89
142
142
142
142
169
24
18
18
18
18
18
194
19
19
194
147
147
153
153
153
153
153
153
153
142
142
142
142
142
169
169
169
169
169
189
189
189
190
189
194
194
194
147
147
153
153
153
153
153
140
140
140
140
170
170
170
169
169
189
189
189
194
194
194
194
147
147
147
153
152
152
152
140
140
170
170
170
170
189
195
194
195
195
194
194
147
157
152
152
143
144
144
140
140
140
170
170
172
189
189
195
195
195
195
157
157
157
158
158
152
152
152
144
144
144
144
172
178
172
184
189
195
157
157
157
160
152
144
144
144
144
144
178
178
178
178
180
172
184
184
184
183
183
183
183
157
159
159
160
160
160
163
144
144
144
179
178
179
178
178
180
180
180
184
183
183
159
159
160
160
160
160
161
161
161
179
179
179
180
181
181
181
184
184
184
183
182
159
159
159
160
159
160
160
163
161
161
161
179
179
181
181
184
184
182
182
182
182
182
159
98
10
100
100
100
98
98
111
111
109
109
108
109
108
13
13
10
10
10
5
5
5
6
6
100
100
100
100
100
98
98
111
111
111
111
111
110
109
109
13
13
13
10
10
10
5
5
6
6
6
100
99
99
111
111
111
110
110
109
12
13
12
12
12
13
13
13
11
10
11
6
6
6
99
99
99
99
99
99
111
110
110
12
12
12
11
11
0
5
5
1
6
6
92
92
92
92
92
92
87
87
87
88
88
110
27
27
26
11
11
11
0
0
1
0
92
92
86
87
87
87
87
88
88
26
27
26
18
20
0
0
91
92
86
87
89
89
27
27
26
18
26
18
17
20
20
91
91
91
86
86
86
86
85
85
89
89
24
24
25
27
26
25
18
18
20
17
20
19
19
19
91
86
86
86
85
85
89
85
89
89
89
24
24
24
24
25
25
25
25
17
17
19
19
91
153
85
151
142
89
142
142
24
25
169
25
17
194
19
194
149
149
153
153
151
151
151
141
142
142
169
169
169
169
190
190
190
190
194
194
194
147
147
147
147
153
153
153
141
141
141
170
169
169
190
190
190
194
194
194
194
147
147
147
147
152
152
152
152
152
150
140
140
170
170
169
172
190
189
189
195
194
195
147
157
158
152
143
140
140
140
170
172
172
172
189
189
195
195
157
158
152
150
144
143
143
143
143
172
172
172
189
189
195
184
195
157
157
157
157
158
160
144
143
144
144
144
144
178
178
178
172
172
180
184
184
183
183
183
157
157
157
158
160
160
163
161
162
161
179
179
178
180
180
180
184
183
183
183
183
159
159
160
163
161
161
179
179
178
178
180
181
180
181
183
183
182
159
159
159
159
159
159
160
159
160
163
163
163
162
161
161
179
179
179
181
181
181
181
181
181
184
184
183
182
182
181
182
184
98
98
10
100
101
100
101
100
98
98
98
111
109
109
109
108
108
108
8
13
10
10
3
3
3
3
3
3
3
6
100
100
98
104
111
111
109
109
108
108
108
108
8
13
10
3
3
6
100
99
100
99
99
111
111
110
110
110
108
12
13
12
12
12
10
10
5
3
5
3
6
6
99
99
99
99
93
111
111
106
110
110
110
12
12
12
12
11
11
11
3
6
6
1
99
92
93
87
87
87
88
105
26
12
26
11
1
1
1
1
1
92
92
93
84
87
87
87
88
26
26
26
26
26
26
17
17
17
1
1
20
20
93
93
92
93
92
93
86
84
87
87
88
88
26
26
26
26
20
17
20
20
91
91
93
86
85
84
90
89
89
24
90
24
25
26
25
18
17
17
20
19
19
19
91
91
91
86
85
85
85
89
90
89
90
24
24
25
25
18
17
17
19
19
91
91
91
86
94
151
151
141
141
142
142
25
25
25
25
190
191
17
193
193
193
193
149
149
153
151
151
141
141
141
142
142
168
169
169
169
190
190
191
193
193
193
194
149
149
152
152
150
141
141
141
170
170
170
170
169
190
190
190
190
193
193
193
193
147
149
150
150
140
143
140
143
170
140
170
170
170
169
169
190
190
189
192
192
195
154
152
158
152
150
150
143
143
143
172
172
172
189
189
195
195
195
157
154
158
154
158
150
143
143
143
143
178
146
172
172
172
172
187
189
188
188
188
157
157
158
158
158
158
158
163
143
162
143
143
178
178
172
172
187
187
188
158
158
158
160
163
163
162
179
178
179
178
178
180
180
180
183
183
183
157
158
159
160
163
163
162
162
161
179
179
178
180
181
180
180
183
180
182
182
159
159
159
159
163
162
161
162
161
161
179
181
181
181
181
181
181
181
182
182
182
182
182
182
163
182
101
101
101
101
101
98
101
111
106
109
108
108
108
108
108
8
8
9
9
3
9
3
3
3
3
101
101
98
104
101
104
109
109
109
109
108
108
108
108
8
8
8
9
7
7
3
4
3
104
104
104
104
106
106
106
106
109
109
8
8
8
12
8
8
7
7
3
3
4
4
4
99
104
104
104
106
106
105
105
8
7
7
7
7
2
1
4
1
93
93
93
93
93
95
84
106
105
105
105
105
105
12
12
12
21
21
7
16
2
1
1
1
1
1
93
93
93
93
93
93
84
84
87
87
88
105
21
21
26
26
26
16
17
16
1
1
20
20
14
93
93
93
84
84
84
84
90
90
21
21
21
26
22
26
26
16
17
17
16
15
20
93
93
86
84
84
90
90
21
25
16
16
17
20
19
91
95
94
94
85
84
90
90
90
90
23
25
25
25
25
17
17
17
19
19
19
95
95
94
86
151
151
90
90
90
90
23
25
25
25
25
191
191
17
191
17
17
14
193
149
149
149
148
151
151
151
141
141
141
168
168
168
168
168
191
191
191
193
191
193
193
149
149
148
150
151
150
151
141
141
141
168
168
168
190
191
191
193
192
193
192
192
149
148
149
148
150
150
150
150
150
150
143
141
168
169
172
169
190
190
192
192
192
192
192
154
154
154
158
150
150
143
143
143
146
146
173
173
171
172
171
189
190
192
187
192
192
192
154
154
158
146
146
146
174
174
172
171
171
171
187
187
188
188
188
188
154
154
154
158
158
163
166
143
146
146
146
174
174
171
174
171
171
171
187
187
188
188
188
156
158
156
158
163
163
163
162
145
179
178
178
180
180
180
187
188
188
188
188
188
156
156
156
163
163
162
162
162
161
161
179
176
178
181
180
180
185
182
185
182
156
156
156
156
163
163
162
162
161
162
161
176
176
181
176
181
182
185
182
182
163
101
3
101
101
101
101
101
101
107
107
107
107
107
107
107
107
108
108
108
8
9
9
4
4
4
4
4
4
3
104
101
101
101
101
106
106
106
107
108
8
8
8
9
9
9
9
3
4
4
3
104
104
104
104
104
106
106
106
106
106
107
105
8
8
7
7
7
3
2
4
4
104
96
104
104
104
95
104
104
106
106
106
105
105
105
105
105
8
7
7
7
2
2
2
1
96
96
96
96
95
95
84
105
105
21
7
7
21
7
2
2
2
1
1
96
95
95
84
84
84
105
60
105
21
21
21
21
21
16
2
16
2
2
14
93
96
97
95
90
90
90
21
21
21
21
22
16
16
16
16
16
15
15
14
14
93
97
94
94
84
84
84
90
90
90
22
22
22
22
22
16
16
15
15
15
14
14
14
95
95
94
94
94
90
90
23
22
22
16
22
22
15
17
15
14
14
95
148
94
94
151
90
151
90
23
23
22
168
22
191
191
191
14
193
149
149
148
148
151
151
141
141
141
23
168
168
168
191
191
191
191
191
191
193
193
193
149
149
149
148
148
151
151
151
151
151
140
141
141
168
168
168
168
191
191
193
193
193
149
149
148
148
150
150
146
146
173
173
171
190
190
190
192
192
192
192
192
192
154
148
150
150
143
146
146
146
173
173
173
171
171
187
192
192
192
154
154
154
154
165
166
166
166
146
146
146
173
174
171
187
187
187
188
188
188
154
156
154
154
154
165
165
166
166
166
166
166
146
146
174
174
171
171
187
187
188
188
188
156
156
156
154
165
165
166
166
166
145
176
174
176
176
174
176
188
188
185
188
156
156
156
164
163
167
162
166
162
162
162
145
176
176
176
186
186
185
185
185
156
156
156
156
156
156
163
164
163
162
162
162
162
162
176
176
176
176
176
176
176
186
186
185
185
185
185
176
101
102
102
101
101
102
102
102
107
107
107
107
107
108
9
9
9
9
9
4
4
4
4
4
4
4
53
104
104
102
102
103
106
107
106
107
107
107
107
108
8
9
9
9
9
4
4
52
52
104
104
104
103
103
106
103
107
107
77
77
61
8
8
8
9
7
2
4
4
1
52
96
103
103
103
103
103
106
105
105
61
61
29
8
7
7
7
7
2
2
2
2
1
52
96
96
96
96
95
95
95
105
105
62
62
105
105
61
60
21
21
7
7
2
2
2
43
43
1
96
96
96
96
95
95
84
62
87
60
60
21
21
21
21
16
16
16
2
2
14
14
43
97
97
97
95
84
84
58
58
62
60
22
22
22
22
16
16
15
15
14
14
97
97
97
94
94
94
84
58
58
60
23
23
22
22
22
16
15
15
15
14
14
97
94
94
94
94
84
58
57
57
58
23
23
23
22
22
16
15
15
15
15
95
149
94
94
94
139
84
123
58
57
57
23
23
23
23
23
23
22
168
209
15
207
14
149
138
148
148
148
123
151
57
141
173
168
23
168
168
209
193
207
149
149
149
139
148
148
123
123
140
125
168
173
173
168
168
191
191
209
209
209
208
193
192
207
192
148
148
148
150
140
140
140
173
173
173
173
191
191
187
197
192
149
154
165
165
165
150
150
146
146
146
146
173
173
173
187
187
187
197
154
154
165
165
166
146
145
173
174
171
171
171
187
187
197
197
155
154
154
165
165
165
165
166
166
166
166
145
145
174
174
174
171
171
187
187
187
186
188
185
155
156
155
156
165
165
165
167
166
166
167
145
145
174
174
177
186
186
186
186
185
185
186
155
156
156
164
164
167
145
167
145
145
176
176
176
177
177
175
186
186
185
185
185
185
155
155
164
164
164
164
167
167
167
167
162
145
176
176
176
177
176
186
186
185
185
185
167
102
77
102
102
102
102
79
102
79
107
107
77
77
77
9
9
9
9
55
55
55
53
53
53
53
102
102
102
102
102
102
103
107
79
77
77
77
33
29
9
29
55
55
53
53
53
53
53
103
103
103
103
103
79
107
61
77
61
29
29
29
29
9
29
55
55
55
52
52
52
103
103
103
103
103
103
106
62
62
61
29
29
29
55
55
52
96
96
103
95
63
62
62
62
62
61
61
30
29
30
30
30
2
43
43
43
43
96
96
96
96
95
95
63
62
62
62
62
62
60
60
30
30
30
30
30
16
44
43
43
97
96
97
95
64
58
58
62
60
30
36
36
16
44
15
14
97
97
97
97
94
64
58
58
58
57
23
22
23
35
36
15
15
14
15
14
14
14
97
97
97
94
94
58
58
57
57
23
23
22
37
37
15
15
14
14
138
138
138
94
139
139
139
58
123
57
57
57
57
23
23
23
213
37
213
209
209
207
207
207
207
138
138
139
138
139
139
139
139
123
123
123
123
125
125
23
173
213
213
213
209
209
207
209
207
207
207
138
138
139
139
123
123
125
214
213
213
213
213
209
207
128
138
128
139
148
127
123
123
123
124
124
173
173
214
213
214
209
213
208
208
209
208
206
206
128
128
128
148
127
165
150
122
122
124
173
173
214
214
213
217
208
197
197
197
128
128
165
165
165
118
166
122
146
124
122
146
145
174
173
174
217
171
198
197
197
197
128
165
165
165
165
165
166
166
166
166
145
145
145
174
174
174
171
171
171
186
187
197
155
155
164
167
167
145
145
145
177
174
174
175
186
186
186
186
196
155
155
164
155
164
167
167
145
145
177
177
175
175
186
186
185
196
155
155
164
164
164
164
164
167
167
167
145
145
177
177
177
177
175
175
175
186
186
185
185
196
155
167
185
77
33
102
102
102
78
79
79
79
79
79
77
77
77
77
33
33
33
55
55
55
53
53
53
53
53
102
102
102
78
79
79
79
77
77
77
77
77
33
29
33
33
55
29
55
53
53
103
102
78
78
79
61
61
61
61
33
29
33
29
29
55
55
55
55
55
52
52
52
73
73
103
63
63
63
62
61
61
61
61
61
29
29
30
29
29
42
55
52
52
43
43
52
96
103
73
63
63
63
63
62
62
62
62
61
61
30
30
30
42
42
43
43
43
96
96
73
63
63
63
62
62
62
60
60
60
30
30
30
30
30
42
42
42
44
44
43
97
97
64
64
64
64
64
58
56
56
60
30
35
36
36
36
36
36
44
44
43
43
97
97
97
97
64
64
58
58
58
56
35
35
36
36
37
45
45
97
97
64
64
64
58
58
57
57
35
35
35
37
36
37
37
45
45
138
138
139
139
64
65
58
57
57
57
57
57
57
35
35
213
209
209
209
207
209
207
138
139
139
139
123
123
123
125
125
214
213
213
209
209
209
207
207
138
139
139
139
123
123
123
123
123
125
125
214
214
214
214
213
209
209
209
206
207
206
207
138
139
128
127
139
127
127
122
122
124
124
214
214
214
213
208
206
206
206
128
127
127
118
122
122
122
124
124
124
214
213
217
213
198
197
197
197
197
197
128
128
128
128
127
127
118
118
122
124
124
124
174
124
219
217
217
217
217
198
198
198
198
198
197
128
128
127
127
118
118
118
114
174
219
219
217
198
198
197
197
197
155
155
127
164
164
118
167
167
118
113
114
114
174
177
177
175
171
223
186
196
196
197
155
155
155
164
164
164
164
167
117
167
113
113
114
177
177
177
177
177
175
175
186
186
196
196
155
155
164
164
164
164
167
167
167
167
113
145
113
145
113
177
177
177
175
175
175
175
175
175
196
175
196
196
196
196
196
33
53
76
76
78
78
78
79
79
79
83
83
83
77
33
33
33
54
54
54
54
54
55
53
53
53
53
78
78
78
78
79
79
77
77
33
83
33
33
33
34
54
55
54
55
55
53
53
52
73
73
78
78
78
79
79
77
61
33
33
33
33
33
29
33
29
54
54
52
52
52
73
73
73
73
74
63
63
74
79
61
61
33
28
29
55
55
42
42
52
52
43
73
73
73
73
73
73
63
63
63
62
61
60
30
30
28
28
30
30
42
44
44
43
43
73
73
64
73
73
64
63
63
63
62
62
56
60
60
60
30
36
36
42
42
44
44
43
44
43
72
72
64
64
64
56
56
56
56
56
56
35
35
35
36
36
36
36
42
44
44
45
45
72
72
64
64
64
65
65
56
56
56
35
35
35
36
37
37
37
37
37
45
45
45
45
72
72
64
65
58
56
57
57
57
35
35
35
37
37
37
37
37
37
45
45
45
45
138
138
136
64
65
65
57
57
35
35
37
209
209
207
207
207
138
138
138
138
136
136
135
123
122
123
123
122
125
214
214
215
215
213
213
209
208
209
206
207
207
138
138
138
136
139
139
139
135
122
122
122
125
125
214
214
215
213
213
208
208
206
206
206
138
138
127
127
135
135
122
122
124
124
214
214
214
214
213
215
213
213
206
206
206
206
206
128
128
128
128
127
127
127
122
122
124
124
124
124
124
214
124
214
214
219
217
217
198
198
128
127
127
127
127
127
118
118
118
124
121
124
219
219
219
217
217
217
217
198
198
198
198
198
197
128
129
129
117
118
118
118
118
114
114
114
114
219
219
217
217
198
198
198
197
197
128
129
129
129
129
129
117
118
118
118
114
114
114
114
114
219
219
223
202
202
196
198
196
155
155
129
129
129
117
117
117
113
113
113
113
177
221
177
175
175
175
196
202
196
202
155
130
155
130
129
117
117
117
113
113
113
113
177
177
175
175
175
175
175
223
202
196
196
76
76
78
76
78
79
83
83
83
83
33
34
34
54
54
54
54
53
53
76
76
76
78
78
80
83
83
83
83
83
83
34
34
34
54
54
54
52
49
49
76
74
76
74
79
80
80
80
83
83
34
34
34
34
54
54
52
52
49
49
73
74
59
59
59
28
34
28
28
29
42
42
42
52
43
44
43
49
73
73
74
73
74
63
63
59
59
60
28
28
28
28
28
42
42
42
44
44
44
73
73
64
63
63
65
59
59
60
60
60
39
28
39
28
28
42
48
43
72
72
72
72
64
65
65
56
65
56
56
56
39
39
39
36
36
36
36
36
44
44
48
48
72
72
72
72
65
65
65
56
56
35
35
36
37
37
45
37
45
45
45
45
72
72
72
72
65
65
65
65
65
56
69
35
37
37
45
46
45
45
136
136
136
136
136
133
65
65
58
57
212
35
215
37
208
208
207
45
207
45
136
136
136
136
135
122
125
125
212
215
215
215
215
208
208
208
206
136
136
136
135
135
135
122
122
125
125
125
215
215
215
215
216
208
206
206
206
206
136
136
135
127
135
122
122
124
125
124
215
215
215
215
216
216
206
206
206
206
128
126
127
122
121
121
215
219
215
215
217
198
206
205
197
128
126
127
126
118
118
121
118
121
219
219
219
217
217
217
217
199
198
198
198
129
129
129
129
117
118
118
114
114
121
219
219
219
217
199
198
198
199
200
129
129
129
117
129
117
118
118
114
114
114
114
219
221
221
219
223
219
223
202
202
202
200
130
130
129
129
130
117
129
117
117
117
117
113
113
113
114
221
221
221
223
223
223
223
223
202
202
202
202
202
202
130
130
130
130
117
117
117
113
113
113
221
221
221
221
223
223
223
223
202
202
202
113
31
76
76
76
78
78
78
81
80
83
83
82
83
34
31
34
34
34
31
54
54
54
50
49
49
49
76
78
81
81
83
80
83
83
82
82
83
31
34
34
54
51
49
49
49
76
76
76
81
74
76
81
80
80
83
82
34
34
34
34
54
54
52
49
49
49
74
75
75
74
74
74
80
80
80
59
59
59
59
59
28
34
28
28
34
34
42
54
42
42
44
49
49
74
74
74
74
67
59
59
60
60
28
28
28
28
42
42
42
44
44
48
44
44
48
72
70
70
63
65
60
67
59
60
28
39
39
28
39
39
40
40
42
48
48
48
72
71
72
72
70
70
65
56
68
39
39
39
39
39
40
40
40
47
44
48
48
48
72
72
72
65
65
65
68
68
56
68
68
39
39
38
36
38
40
41
47
46
48
46
45
136
136
65
68
68
68
68
69
69
69
35
38
37
41
41
41
46
45
137
136
133
68
68
68
68
125
69
125
69
212
69
69
212
212
212
41
216
41
208
208
208
208
203
45
137
136
135
68
125
125
125
212
212
215
216
216
208
208
208
203
136
136
135
135
135
135
135
135
135
133
122
125
119
125
212
212
212
216
216
216
216
204
205
205
203
136
126
134
135
135
135
135
119
125
125
212
215
215
215
216
216
216
204
205
205
205
132
126
126
126
119
121
121
121
121
215
216
204
205
205
205
205
132
132
132
126
132
126
126
116
116
121
121
121
121
121
121
121
121
219
218
219
219
217
199
199
199
200
132
132
132
126
116
116
116
116
114
114
121
121
218
219
219
217
223
199
199
200
200
129
129
129
129
130
116
114
114
114
114
221
218
221
219
221
221
223
223
201
199
199
199
200
200
130
130
130
117
130
117
117
113
113
221
221
221
221
223
202
201
202
202
202
200
130
130
130
130
117
117
115
115
115
112
113
113
221
221
221
223
201
202
201
202
202
202
202
130
78
31
76
76
78
78
80
80
82
80
82
82
31
31
31
31
31
51
51
50
50
49
49
76
76
76
76
81
81
80
80
80
80
82
82
31
31
31
31
51
51
51
50
49
49
75
75
75
74
81
81
80
80
80
82
82
82
31
31
32
51
51
51
49
49
75
74
74
67
59
80
59
59
32
32
32
47
50
47
49
49
75
74
74
74
74
70
67
67
67
59
28
28
32
40
47
48
71
72
70
70
70
70
66
67
39
39
39
40
40
47
47
48
48
48
71
71
71
71
70
66
66
66
66
67
68
39
40
40
40
47
48
48
48
71
71
71
66
67
68
69
69
39
39
39
38
38
38
38
40
41
48
46
46
46
48
46
71
137
137
68
68
68
69
69
69
69
38
38
38
41
41
41
41
46
46
137
137
137
68
68
68
212
212
210
41
41
41
203
46
203
137
134
134
133
133
119
119
212
212
212
212
212
212
210
208
208
203
203
203
203
203
137
134
134
134
135
133
119
119
211
211
212
210
210
216
204
204
205
205
136
134
126
135
134
135
119
119
119
121
211
211
211
210
216
216
204
204
205
205
205
205
132
132
126
135
116
119
120
120
121
211
218
215
216
216
204
204
205
132
132
126
132
126
116
116
116
120
121
121
120
121
218
218
218
218
218
222
199
204
199
199
200
205
200
132
132
131
126
116
116
116
112
112
121
218
218
220
218
199
199
200
200
200
131
130
131
131
116
116
116
116
116
112
112
221
220
220
220
222
222
199
200
200
200
130
130
130
131
115
116
115
112
112
112
220
221
221
223
201
201
201
201
201
130
130
130
115
115
115
115
112
112
112
112
112
221
220
223
223
223
201
201
201
201
220
80
76
78
31
31
31
31
31
31
51
51
51
51
50
50
50
76
81
81
80
81
82
82
82
31
31
51
51
51
50
50
49
75
75
81
81
81
81
82
82
82
32
32
51
51
50
50
75
75
75
75
75
81
81
67
59
59
32
32
47
50
49
75
75
70
70
70
67
67
59
59
32
32
40
40
47
47
47
48
71
71
70
70
66
66
67
67
59
39
47
47
47
47
48
71
71
71
71
70
66
66
66
67
67
67
39
38
40
40
41
46
48
71
71
66
66
68
69
38
38
38
40
41
46
71
71
66
66
68
69
69
38
38
41
41
46
46
46
137
137
133
133
133
119
119
69
38
38
210
38
41
203
41
203
46
137
137
137
133
133
119
119
212
212
212
210
210
210
210
203
203
203
137
137
133
119
119
211
211
212
210
210
216
204
205
203
132
137
134
134
134
134
134
134
134
120
211
211
211
211
210
216
204
204
205
132
132
126
134
134
134
120
120
211
120
218
218
210
216
204
216
204
205
205
132
131
126
134
120
120
120
218
218
218
216
222
204
204
205
205
132
131
116
116
120
112
120
218
218
220
222
199
199
200
131
131
131
115
116
115
115
112
112
112
220
220
222
199
200
200
200
200
131
115
115
115
115
112
220
220
220
220
222
222
200
201
201
200
131
131
131
115
112
112
220
220
220
222
222
201
201
201
201
115
75
80
80
82
50
50
75
82
51
51
75
81
81
82
51
67
82
32
32
50
50
75
70
67
32
32
47
47
70
59
32
47
48
71
71
66
67
39
40
40
40
46
70
66
66
66
67
69
38
38
40
41
46
137
71
133
68
69
41
137
133
69
41
203
46
137
133
133
119
212
210
210
210
134
134
133
133
119
119
211
211
216
204
132
211
211
210
210
216
204
204
203
126
120
120
211
204
203
126
120
120
218
218
222
204
131
126
116
218
218
222
204
200
131
131
115
115
112
220
222
222
200
200
131
115
112
220
222
201
131
115
222
201
75
32
51
50
31
75
81
81
47
38
40
40
71
70
67
66
46
68
46
203
133
203
134
137
119
211
210
120
210
134
205
222
132
120
222
222
222
200
115
112
31
50
31
51
75
81
50
32
47
67
70
67
47
70
40
41
41
133
119
211
203
134
134
204
204
132
120
218
116
120
199
120
220
220
115
112
220
222
201
201
79
51
82
32
51
50
75
32
67
47
70
40
46
71
66
69
69
38
69
119
211
210
211
218
131
218
115
222
200
115
220
223
79
82
82
31
50
81
59
70
47
71
66
38
46
41
137
137
69
210
203
203
137
133
119
132
134
120
132
126
120
222
126
131
131
112
220
222
79
82
196
196
50
81
81
85
147
66
32
32
47
66
70
66
133
46
133
211
133
133
211
203
119
210
211
210
85
120
204
199
222
131
131
126
222
199
126
115
56
56
196
32
50
50
147
147
66
32
66
220
201
220
74
38
148
201
75
2
147
148
6
196
131
196
2
196
15
