976
13
311
311
309
309
0
1
13
49
325
322
1
50
50
50
45
46
46
342
306
306
8
8
9
36
294
305
326
321
321
3
9
35
293
255
245
245
10
10
10
32
32
34
292
255
246
246
94
97
32
271
271
267
246
93
92
93
96
97
80
80
80
34
299
271
273
268
268
93
96
89
82
302
302
299
273
273
268
113
84
84
83
86
82
301
301
556
544
546
113
775
563
556
556
545
546
546
775
740
563
559
559
545
732
561
562
559
559
539
539
537
769
738
732
742
551
551
555
534
767
767
768
738
745
745
746
742
550
551
553
533
513
538
793
795
768
746
746
746
550
550
503
795
846
586
586
504
515
515
794
847
851
847
841
841
838
585
585
586
586
509
515
838
584
588
589
507
507
509
509
514
793
804
851
851
850
839
344
344
344
345
345
345
311
311
309
308
309
325
320
320
320
0
0
13
13
13
11
11
11
50
49
49
45
343
342
311
311
310
305
309
324
322
1
2
2
14
8
14
13
50
49
46
45
46
342
342
342
306
306
305
325
321
326
321
322
1
6
2
1
3
8
8
30
30
36
36
46
48
293
293
294
289
307
307
326
321
321
6
3
3
10
9
9
30
32
36
35
293
293
294
294
294
289
256
255
245
245
244
6
244
3
9
31
32
35
35
34
296
296
289
255
271
255
245
245
246
92
91
91
94
97
94
97
32
80
33
34
33
34
34
296
292
302
292
292
292
266
267
246
92
92
92
96
97
97
90
88
90
79
82
79
82
302
302
299
300
271
271
267
269
267
93
93
93
96
90
90
89
89
79
81
82
302
301
302
299
300
273
273
272
268
268
269
111
111
113
113
113
106
84
83
86
83
81
81
81
82
301
301
299
273
544
269
543
545
546
546
776
112
84
84
83
83
83
734
81
82
739
560
560
563
556
556
557
559
557
544
543
544
543
545
546
776
776
775
775
776
769
734
769
771
734
734
740
739
560
563
563
562
557
558
544
543
539
537
537
773
773
773
775
770
769
732
769
733
741
742
740
561
563
562
559
558
534
534
539
539
538
767
768
768
763
732
741
732
745
742
742
561
555
552
553
533
533
540
539
538
537
538
767
768
768
738
738
745
745
746
551
550
551
554
555
553
553
553
503
505
513
513
765
795
768
738
738
746
550
550
551
554
553
503
504
513
513
512
510
793
793
793
795
794
847
847
847
846
841
743
841
582
585
583
583
586
586
504
504
505
512
515
510
510
795
793
794
794
794
846
841
840
585
584
583
583
587
587
504
509
509
515
515
807
794
804
804
851
851
850
850
841
838
585
584
584
587
588
589
589
589
507
507
509
514
514
804
805
850
850
838
839
839
839
839
584
311
11
344
344
345
310
310
308
305
325
320
332
320
331
0
0
14
14
12
50
49
49
45
45
344
343
343
345
310
310
310
307
308
309
305
325
323
324
322
1
2
2
14
12
12
30
52
46
47
47
343
349
306
307
307
307
326
325
324
6
5
5
5
6
4
4
8
7
30
30
36
48
47
293
348
349
349
295
306
317
326
321
5
6
4
7
7
31
36
38
39
48
48
295
295
294
289
290
289
256
257
256
258
244
244
91
94
95
10
31
31
31
36
33
35
296
292
292
256
258
256
258
246
244
91
94
95
88
88
33
33
303
296
291
266
266
267
91
92
95
90
95
90
87
88
79
303
304
303
291
300
300
291
273
270
266
266
111
110
107
96
95
107
90
89
87
85
79
81
82
78
301
299
300
300
272
272
270
272
269
269
269
111
111
111
113
106
106
106
84
85
86
78
78
298
557
272
535
544
265
548
547
112
106
776
106
86
734
78
739
578
560
557
557
535
535
543
541
548
547
774
776
772
772
772
771
771
734
733
733
739
561
560
577
563
558
558
534
541
545
548
773
774
774
770
770
770
733
733
741
740
561
577
577
562
562
562
552
558
558
519
534
540
537
773
766
763
763
732
737
733
741
741
561
549
555
552
533
540
540
538
767
765
767
763
763
737
744
742
549
554
552
519
533
505
533
540
511
765
765
762
737
737
745
846
743
549
582
571
549
554
593
503
503
505
513
512
512
510
798
511
798
795
802
847
846
848
744
743
579
582
582
583
593
587
593
504
505
508
511
517
799
798
802
802
848
848
840
840
840
579
583
587
506
506
508
516
514
799
799
804
807
802
851
849
852
838
585
580
580
580
584
580
587
588
588
589
589
506
506
507
509
516
514
806
804
807
805
805
853
805
850
852
852
845
839
805
852
852
335
312
11
343
337
335
335
345
308
308
313
313
323
328
328
332
331
331
26
14
12
12
52
52
51
52
51
51
51
47
348
335
312
316
313
323
323
324
332
331
333
331
26
14
12
52
51
47
348
348
343
349
317
317
316
316
323
323
333
5
2
15
4
19
7
18
38
37
38
55
47
47
348
349
349
317
347
317
317
318
326
249
249
5
4
16
19
7
19
37
38
38
53
53
295
290
290
257
258
258
250
249
105
4
100
37
37
39
40
39
53
295
295
290
254
257
257
258
250
104
104
95
100
100
100
87
100
88
40
39
73
73
296
303
291
290
291
291
254
254
257
262
250
250
104
96
100
101
88
87
74
77
304
304
303
297
270
261
263
263
265
110
265
110
107
101
107
90
87
77
77
77
78
76
304
304
298
297
272
270
270
263
263
263
265
110
110
108
107
86
85
77
78
76
298
304
298
297
298
535
536
542
542
547
547
108
108
108
109
772
783
85
748
752
753
753
578
578
564
567
535
541
542
541
548
547
790
774
772
772
772
771
748
752
752
752
739
578
577
564
564
520
541
541
548
773
787
774
788
770
782
770
771
736
750
750
750
752
572
572
569
519
534
519
540
529
787
538
787
785
766
774
764
764
764
736
750
751
741
572
555
566
552
552
519
518
529
530
765
766
766
763
736
737
744
743
571
571
549
572
555
491
518
518
512
528
510
527
766
765
762
762
736
736
744
744
743
579
571
582
554
590
590
590
492
491
492
505
511
511
798
797
803
848
849
843
582
591
591
593
593
592
492
517
511
517
799
798
801
802
849
849
848
840
579
581
581
593
592
492
506
508
508
517
517
799
801
801
802
802
852
849
840
844
580
581
581
592
588
500
506
499
508
516
806
806
806
807
805
805
853
853
853
853
845
844
845
845
588
845
337
337
337
335
339
312
313
313
313
328
332
331
332
332
331
26
26
24
24
25
25
52
58
51
56
337
337
312
341
338
316
329
328
328
328
333
333
333
331
26
27
26
27
18
18
59
56
56
348
341
341
316
319
319
319
329
324
329
15
15
15
16
17
27
18
18
37
38
60
55
56
347
346
347
347
318
319
324
249
17
16
19
16
18
41
39
55
53
286
286
347
285
347
350
350
318
258
252
249
252
248
16
16
19
98
98
19
98
43
40
40
39
53
53
286
286
286
286
285
285
254
251
252
252
250
247
105
105
105
101
98
67
74
65
40
40
74
73
73
287
286
285
254
253
253
261
262
250
104
112
105
105
101
101
101
67
66
74
66
75
73
287
298
297
261
261
261
262
118
107
67
67
75
75
76
287
284
284
283
260
260
261
263
265
264
112
110
108
109
109
86
66
85
77
76
76
288
288
284
297
567
536
259
265
264
265
121
108
109
109
109
784
784
85
748
61
61
68
753
578
578
578
568
567
536
542
542
542
548
789
788
788
790
782
783
784
783
747
748
753
753
574
578
564
567
567
520
520
522
521
542
787
788
788
783
749
748
749
749
752
750
756
577
566
575
566
564
569
569
520
520
520
524
530
787
787
785
782
764
749
751
751
756
757
751
573
566
572
566
569
519
518
529
529
530
530
527
785
786
766
764
764
736
751
735
751
757
757
571
572
590
528
527
527
797
797
762
797
779
762
735
735
835
744
743
843
607
607
607
591
591
590
491
489
528
528
527
526
796
797
796
797
803
800
803
834
843
843
842
607
579
607
591
591
492
492
489
489
517
796
796
801
800
803
830
848
842
842
842
843
608
581
599
592
592
500
500
499
508
517
517
822
799
801
801
800
849
844
844
844
608
580
581
598
599
592
500
500
507
499
516
516
810
806
807
807
853
833
844
845
598
339
56
336
336
338
339
339
315
314
327
314
327
327
327
394
394
334
334
334
29
27
24
59
59
57
59
58
58
58
340
336
338
339
339
313
314
329
327
334
29
28
27
27
24
24
25
59
60
55
56
340
340
341
341
353
319
315
319
330
330
329
333
15
17
21
22
20
37
41
55
55
346
346
341
356
352
352
352
352
319
318
318
330
330
248
248
334
17
17
20
21
41
41
41
54
346
346
346
356
350
350
251
248
248
105
17
21
98
20
44
44
44
54
54
285
285
350
253
251
251
247
247
247
102
105
102
99
99
99
43
65
43
44
74
287
275
274
283
262
247
247
104
118
118
103
103
67
64
67
64
65
75
75
73
72
287
274
283
283
253
260
261
262
264
264
116
116
118
116
116
67
66
63
75
75
69
69
69
288
288
284
283
281
262
264
118
115
114
67
114
114
61
61
68
68
69
288
568
284
281
536
259
536
264
121
121
115
781
114
781
784
784
68
754
576
576
568
568
536
522
522
521
521
121
790
790
782
781
784
783
778
748
748
747
753
754
575
575
576
565
569
568
570
570
524
522
522
521
521
789
789
788
782
782
783
749
747
754
575
574
565
570
570
524
529
530
785
786
786
779
779
749
749
747
756
756
756
757
574
565
569
523
518
531
529
530
532
785
786
786
779
735
756
757
757
573
573
606
566
603
491
523
494
528
531
527
526
526
817
779
735
835
835
760
757
573
609
607
606
606
604
604
494
494
494
491
491
489
528
796
819
800
817
803
834
835
835
843
609
609
608
606
599
604
494
492
489
490
490
796
822
800
819
816
834
834
834
836
608
608
601
599
599
502
500
499
489
498
496
497
490
822
809
830
833
832
832
842
608
601
601
601
599
601
598
598
598
500
500
499
496
497
497
808
808
808
810
809
809
833
833
832
827
827
827
809
336
336
338
339
339
364
365
364
314
392
392
395
395
394
29
29
23
23
25
57
57
59
57
57
58
58
170
340
336
338
362
365
315
314
315
392
393
392
393
394
28
23
22
22
22
60
60
170
170
340
360
356
362
365
315
365
330
393
391
390
334
28
28
28
22
20
42
60
60
54
176
361
356
356
352
353
353
319
441
388
388
388
193
28
21
20
20
21
42
42
41
44
54
182
357
357
357
357
351
351
351
353
252
441
441
248
248
388
437
102
99
21
21
42
42
44
181
181
54
276
357
275
357
350
351
251
439
252
437
437
102
103
103
102
99
64
64
43
44
72
72
182
275
275
278
351
253
251
260
430
436
437
119
103
103
99
64
65
65
72
71
72
275
279
279
278
278
282
260
430
427
436
118
119
116
117
116
62
63
63
71
69
70
279
284
282
281
281
260
430
433
433
430
119
121
119
115
114
62
62
62
63
68
288
576
282
282
281
636
259
637
431
433
433
121
121
115
120
120
115
115
781
778
61
916
69
576
722
729
729
568
637
522
433
521
792
789
120
790
781
777
754
916
575
576
574
729
729
570
636
637
522
635
789
792
792
790
781
777
778
778
777
778
758
747
755
755
755
574
565
570
524
524
524
532
792
791
791
780
780
778
758
755
755
574
730
565
565
603
570
523
523
532
532
532
532
791
786
780
759
759
760
573
573
603
602
493
531
526
819
818
780
817
817
759
759
761
761
609
606
605
604
603
604
602
494
493
488
488
525
526
526
819
818
817
816
816
835
835
835
836
836
609
609
600
606
605
597
604
494
493
488
496
488
490
821
822
822
830
830
831
831
836
836
837
600
600
601
597
595
502
498
496
498
498
822
821
821
816
810
810
830
832
832
826
826
826
600
601
595
595
595
595
501
502
502
496
496
497
808
808
808
809
809
833
833
832
827
827
501
364
395
358
363
363
364
364
365
387
392
395
395
394
390
29
29
23
23
134
134
130
168
169
170
168
359
363
363
363
362
365
365
315
387
393
395
390
197
133
23
129
129
132
169
169
169
170
170
360
360
360
362
362
407
393
391
391
388
197
197
191
196
22
129
132
132
132
169
176
176
360
355
355
355
353
355
353
441
440
389
193
191
191
129
132
177
361
361
355
351
475
472
441
441
435
435
388
193
191
192
225
225
42
182
181
182
182
276
276
276
354
354
351
472
441
439
436
435
438
435
437
193
193
224
224
225
65
220
181
181
275
276
354
278
473
473
439
436
437
209
212
224
64
220
63
71
279
279
277
278
282
484
487
431
430
427
119
117
117
211
213
62
63
71
71
70
70
70
280
279
279
278
281
259
431
432
432
119
117
117
213
215
62
71
70
70
722
722
723
282
725
724
636
427
637
432
433
432
433
120
120
117
898
213
898
920
921
917
917
917
916
722
725
729
722
725
725
725
636
637
637
638
635
635
900
120
792
895
898
898
920
920
917
921
917
916
916
731
719
729
636
638
639
635
895
895
896
897
777
920
924
731
731
731
729
728
619
639
639
635
634
624
792
792
904
896
896
777
892
777
758
927
758
758
755
730
731
730
728
730
602
523
619
634
532
791
791
903
780
780
927
759
760
760
760
682
683
603
603
602
620
493
619
531
622
622
531
525
820
819
818
818
815
759
761
761
761
683
605
605
605
602
620
650
493
493
488
525
622
525
820
820
818
817
815
816
837
837
837
678
609
597
502
502
498
525
648
821
821
818
816
831
831
831
837
829
680
680
597
600
597
495
649
498
647
821
814
813
825
825
831
826
829
600
681
596
597
595
594
594
501
501
495
497
647
812
814
812
814
810
814
810
824
824
829
826
828
681
495
827
394
150
358
358
363
364
403
403
387
387
387
395
395
381
390
150
150
150
134
134
130
130
168
168
168
167
359
358
362
405
403
403
384
384
391
381
390
390
195
197
197
133
134
133
129
169
168
360
359
406
406
407
385
385
385
389
194
196
197
197
196
133
131
131
131
132
177
176
176
361
359
355
408
407
407
440
385
440
385
389
389
190
191
192
191
190
222
131
178
178
178
177
176
361
354
354
475
475
475
472
441
440
440
440
434
389
192
192
190
223
222
181
182
179
361
276
476
473
472
473
472
438
435
434
434
434
192
212
193
225
224
222
222
222
220
180
180
280
277
477
477
477
473
473
487
439
435
434
211
212
212
227
224
226
226
220
220
180
179
280
280
277
277
484
487
487
427
431
436
211
211
212
226
213
214
218
280
277
484
486
487
486
431
428
428
205
206
206
213
207
213
215
218
218
723
723
724
724
486
486
431
432
432
428
428
428
428
205
206
898
919
918
921
917
921
916
722
719
725
638
638
633
633
632
899
895
895
897
919
919
921
921
915
719
719
725
726
639
638
633
634
632
900
900
900
904
904
896
897
920
920
927
924
924
924
925
719
728
731
728
728
639
619
639
634
634
906
904
904
896
896
927
927
929
925
731
730
620
620
619
619
634
621
621
906
903
892
882
892
927
929
950
929
760
929
682
683
682
683
683
685
620
618
622
622
621
621
820
905
903
883
882
883
883
946
946
946
946
950
948
678
683
685
685
620
622
659
654
820
876
876
883
946
946
837
948
761
678
678
684
605
661
659
650
650
650
649
648
653
820
811
814
815
815
873
825
824
829
948
680
680
680
596
596
594
661
502
661
650
649
648
648
812
812
811
813
811
813
815
825
824
829
829
681
681
596
596
594
594
501
644
495
495
644
647
644
647
647
812
812
811
814
813
813
823
825
823
824
824
828
828
828
828
828
151
130
358
420
405
404
405
404
387
387
381
382
382
382
151
150
134
135
135
136
136
136
130
167
167
171
167
405
405
406
403
407
384
384
381
195
383
195
151
151
133
133
136
135
136
130
171
167
172
359
420
406
406
406
407
407
384
385
194
195
195
194
195
196
196
190
135
136
177
175
175
359
414
414
414
408
474
475
408
408
385
389
194
189
190
131
131
178
223
178
177
175
412
412
412
411
414
476
474
474
474
438
438
375
194
192
188
186
187
187
223
221
178
175
180
412
411
477
476
476
477
475
472
478
438
438
448
446
434
446
209
227
227
225
223
221
220
180
179
179
462
462
477
479
477
483
448
445
445
446
446
211
211
209
209
212
227
227
227
221
219
219
179
463
463
484
485
487
487
483
445
445
429
208
212
207
207
215
226
226
226
214
219
218
219
217
463
463
485
486
427
442
429
429
429
205
205
207
240
240
215
215
214
215
214
218
216
216
723
720
721
485
486
481
429
429
205
206
240
919
918
915
918
915
723
723
718
720
717
724
713
638
628
633
633
633
632
899
900
893
893
897
897
919
919
918
923
925
925
718
718
719
717
717
726
726
713
631
631
632
632
899
899
895
893
892
894
926
924
923
925
922
718
718
727
726
726
631
631
631
630
900
906
904
904
891
892
891
892
926
926
923
925
928
922
718
682
682
716
730
727
727
617
617
623
621
905
906
906
906
905
903
903
878
881
926
928
929
682
684
685
618
685
618
618
618
617
621
624
905
905
903
878
882
882
882
881
947
950
950
950
950
949
679
684
685
662
618
660
660
660
649
654
654
653
876
876
883
883
947
951
949
948
948
679
679
679
684
684
661
662
659
659
650
649
654
652
654
653
876
876
873
963
961
961
951
966
678
678
672
672
658
661
661
657
649
643
648
648
811
870
870
872
873
825
961
960
961
961
681
676
681
677
658
658
658
657
644
644
643
644
812
811
870
872
825
823
823
872
961
966
966
419
419
419
419
404
404
386
382
382
383
151
149
148
135
122
124
124
171
171
423
420
420
405
404
410
386
386
386
382
383
383
151
148
148
123
135
124
171
171
172
420
414
410
409
410
368
368
368
368
381
189
189
189
142
142
123
158
158
172
153
413
415
374
374
375
189
189
188
187
183
142
142
157
158
177
157
175
172
412
411
411
414
415
474
408
374
374
375
188
188
186
187
187
223
234
223
157
157
180
412
411
477
479
478
478
447
448
448
375
446
201
186
210
187
234
221
165
179
462
462
461
476
479
479
483
448
444
448
446
446
201
201
209
210
210
210
233
227
221
221
166
166
462
460
461
461
485
483
482
445
445
208
208
207
240
233
214
241
219
217
219
217
463
463
484
485
485
482
481
481
481
442
454
207
208
240
214
242
217
217
720
720
721
721
721
713
481
481
442
442
884
206
894
237
937
938
915
216
915
216
721
717
717
715
713
628
628
625
899
884
884
894
894
937
918
938
923
716
717
726
715
712
712
628
630
630
630
901
901
893
893
894
894
935
923
923
922
922
716
716
714
727
712
629
631
902
901
902
901
891
891
891
892
935
935
926
922
922
686
686
727
617
623
902
902
878
891
885
881
926
928
928
929
687
688
727
691
617
617
623
623
624
878
878
879
880
881
881
947
947
951
950
949
679
687
684
691
662
659
660
651
651
653
879
878
879
880
947
951
949
949
949
675
679
672
662
672
662
660
660
652
652
654
653
877
869
869
876
873
880
873
963
960
960
965
676
675
672
672
673
656
658
662
656
656
657
643
652
646
654
871
869
870
872
875
872
874
873
963
962
963
960
966
966
676
676
676
677
658
657
657
643
643
646
870
870
871
871
874
872
874
874
962
962
966
646
149
426
419
419
421
422
421
404
401
386
369
370
383
149
149
149
148
140
148
122
122
124
173
172
173
173
421
421
410
400
386
367
367
370
371
371
383
146
148
143
124
124
174
174
174
423
423
420
409
409
409
410
410
367
371
371
149
143
143
143
142
141
158
174
174
172
413
413
413
415
415
409
368
398
368
374
373
376
376
376
189
183
185
183
143
142
141
141
141
158
157
158
155
413
412
411
415
478
374
376
375
375
188
183
188
183
234
234
156
157
155
165
156
155
155
460
416
479
479
478
447
447
447
443
186
201
203
186
204
209
234
234
235
165
165
166
460
460
461
482
467
466
483
447
443
201
201
202
210
210
233
233
233
235
221
241
163
163
460
461
461
482
482
483
444
444
444
443
443
202
202
208
208
199
232
241
241
243
243
163
217
721
707
480
482
444
444
455
454
454
453
208
237
237
236
241
243
243
216
720
701
703
480
480
480
442
625
454
625
454
912
454
454
913
884
884
237
890
236
937
937
938
938
939
216
704
705
713
480
628
625
911
884
886
886
890
935
938
937
938
944
716
705
715
715
714
715
712
712
712
629
628
629
629
629
911
901
914
890
890
889
935
936
941
942
944
700
686
715
714
714
714
629
629
630
911
901
885
885
885
890
885
934
936
928
942
942
700
688
689
714
613
623
614
616
902
902
935
936
941
928
942
955
686
686
687
688
688
688
691
612
612
616
616
616
616
616
624
856
856
855
855
879
879
881
945
945
945
952
687
687
692
691
670
670
669
616
668
651
651
856
855
879
877
880
973
947
951
953
953
675
687
692
673
673
669
669
651
652
654
854
854
869
877
875
877
877
880
963
973
960
969
965
953
677
675
673
656
673
656
656
645
652
871
869
875
875
874
963
962
960
967
967
965
674
675
677
677
655
655
655
655
669
645
646
646
871
871
875
874
972
962
971
962
967
967
964
671
422
139
422
421
422
421
401
369
369
369
372
372
145
145
145
146
144
139
122
127
152
173
173
426
422
425
425
400
399
402
366
367
369
370
372
146
146
146
140
140
123
123
154
174
173
423
423
418
409
400
399
367
366
367
371
370
371
146
143
140
140
141
123
154
153
418
415
397
373
373
379
379
376
185
185
228
141
158
156
153
153
418
418
416
416
398
398
398
373
373
376
185
185
185
228
229
155
457
464
416
467
466
466
470
380
203
203
203
228
229
235
156
166
165
166
457
457
467
464
467
467
466
468
470
443
443
203
204
232
233
235
164
163
164
460
461
467
469
450
449
453
455
202
202
202
199
199
232
238
232
241
243
243
164
163
164
164
457
706
707
469
468
456
455
453
453
453
200
200
199
237
236
236
243
159
159
704
704
707
469
456
456
912
913
888
237
236
242
940
242
939
704
705
703
713
703
626
912
912
912
914
913
886
914
890
937
938
940
940
940
944
944
704
705
710
710
709
627
627
625
911
914
886
889
889
933
936
936
942
942
699
699
700
710
710
709
613
613
614
908
911
886
885
889
889
934
933
936
941
941
941
942
700
699
689
709
611
613
613
614
860
856
858
858
862
934
945
955
954
696
700
689
689
691
612
612
611
615
615
615
615
856
855
860
858
855
862
863
945
957
957
955
952
955
952
693
688
692
691
612
612
668
668
854
856
854
855
863
864
969
969
952
953
953
692
675
693
694
670
665
670
670
669
668
640
854
868
864
865
863
973
969
968
965
953
674
675
673
671
665
670
669
667
646
868
867
869
875
973
973
969
967
965
964
674
674
677
655
655
663
663
645
645
642
645
646
867
867
972
975
972
971
971
967
964
866
369
425
422
145
145
145
144
144
139
125
139
122
127
127
152
152
426
400
399
401
399
370
372
372
144
147
139
125
125
126
154
154
425
424
400
400
399
402
377
378
377
147
147
140
126
126
154
424
424
418
424
397
398
379
379
378
378
184
138
229
154
154
417
418
416
416
397
379
380
380
378
184
184
228
228
156
162
156
153
457
458
464
466
470
398
450
380
380
204
229
231
229
165
166
457
459
458
464
466
470
470
470
450
450
449
203
204
204
230
231
161
164
459
459
468
468
450
449
198
199
238
232
239
159
459
464
469
469
456
455
453
200
238
238
239
242
159
159
706
707
703
702
702
626
910
455
200
200
888
238
238
930
236
940
159
704
705
707
703
626
626
626
912
913
914
888
888
887
930
940
939
944
698
698
709
626
908
914
914
887
887
932
934
931
941
943
697
699
699
710
700
711
711
709
708
907
907
907
886
910
887
934
933
931
943
697
699
689
711
708
611
614
614
857
860
858
858
862
862
933
933
955
954
954
689
690
690
708
615
860
860
858
862
863
957
956
957
957
954
955
693
692
666
667
668
640
859
860
864
863
956
957
959
952
693
694
692
665
670
667
667
668
640
868
864
865
973
969
968
968
959
965
674
666
665
663
667
640
867
868
866
866
975
972
968
968
968
968
674
671
671
665
642
642
867
866
866
975
975
971
970
970
964
663
425
401
401
370
127
128
426
372
139
126
400
400
396
377
138
379
377
147
138
126
153
417
465
396
184
228
229
162
397
378
184
162
166
458
458
471
450
203
232
230
231
160
465
469
468
452
449
451
198
199
230
231
160
706
459
702
456
451
239
707
702
451
239
944
160
706
702
627
908
913
888
888
887
705
711
709
627
627
908
907
909
933
932
697
857
910
861
861
934
931
931
943
690
610
614
857
931
954
690
611
610
860
862
861
958
694
690
664
859
864
863
957
958
693
694
666
667
859
868
865
956
968
959
694
664
642
865
974
970
671
664
975
970
425
138
125
127
147
417
397
396
126
198
230
231
458
465
452
470
160
456
160
939
703
939
711
698
908
909
930
907
932
708
954
957
693
615
974
956
974
970
663
642
139
128
144
125
424
402
152
147
162
380
417
380
231
465
230
239
242
702
910
914
943
711
708
932
932
696
610
861
611
859
959
610
868
865
666
640
868
974
971
964
426
125
366
138
138
126
424
184
449
162
465
230
161
459
452
451
449
200
451
910
910
887
857
857
694
864
664
974
959
665
866
975
402
366
377
144
128
396
378
397
161
458
471
198
161
239
706
706
451
888
930
943
698
627
907
697
708
610
697
690
611
956
666
695
695
642
867
974
426
366
641
641
128
402
402
274
641
471
137
137
161
452
465
452
701
160
701
909
701
701
909
930
908
932
910
861
256
859
958
958
972
695
695
664
958
959
666
664
274
322
641
137
128
128
641
641
471
137
471
696
696
696
274
198
698
635
267
10
624
696
25
740
695
740
48
698
80
