400
126
65
58
59
58
105
105
103
136
60
61
103
126
126
126
136
136
136
66
56
56
100
100
126
133
66
56
60
60
60
101
100
133
75
99
90
90
100
100
100
140
140
133
75
99
90
90
118
119
140
98
98
98
90
124
118
124
118
119
140
140
137
137
99
98
97
88
88
124
119
141
137
79
79
97
97
97
88
124
119
141
141
142
137
79
79
205
211
210
124
310
275
275
205
211
210
210
310
326
275
204
204
211
329
277
284
204
204
209
209
209
304
329
329
328
286
284
286
204
303
303
304
329
328
328
328
328
286
286
204
223
223
303
313
305
305
341
328
340
286
286
218
313
341
285
292
218
220
313
321
321
321
341
341
339
339
287
287
290
290
220
323
339
287
290
290
290
219
219
219
323
323
323
338
338
338
339
65
65
65
65
65
65
58
58
58
58
58
61
61
61
105
105
103
103
126
126
126
127
127
126
136
136
136
65
66
66
58
58
56
58
61
61
105
105
103
103
103
103
126
126
136
136
136
136
66
67
66
66
56
56
60
60
60
60
60
101
102
101
101
101
100
126
126
133
133
133
136
132
66
67
66
56
56
56
60
60
60
102
101
101
100
100
125
125
133
133
133
75
75
75
75
75
75
99
99
90
90
90
102
90
102
100
140
140
133
133
133
75
75
99
99
98
99
90
90
90
118
118
118
118
118
119
119
140
140
137
137
133
137
137
77
75
80
99
99
99
98
88
90
123
124
118
118
119
119
140
140
142
138
137
137
137
79
79
80
97
98
98
88
88
88
124
124
124
124
141
141
141
142
138
139
139
79
79
79
97
97
97
97
97
98
88
88
123
123
124
121
121
121
141
141
142
141
139
139
139
139
79
79
97
97
211
88
211
211
210
210
310
121
141
141
141
141
141
327
139
139
326
277
277
275
205
205
205
205
205
205
211
211
211
211
210
310
310
310
310
310
310
327
304
311
327
327
326
326
277
277
275
284
205
205
204
211
209
209
209
308
310
310
310
304
304
329
304
327
326
326
326
277
275
284
204
204
204
204
209
209
303
303
304
304
304
329
329
329
329
328
328
286
286
204
204
203
203
223
209
209
209
303
304
304
304
329
329
328
328
328
286
286
286
285
285
285
285
218
218
218
223
223
303
303
305
329
329
328
281
286
286
285
285
218
218
223
223
223
313
313
313
313
321
321
321
341
341
341
340
340
340
281
289
289
289
292
290
218
220
218
220
220
313
220
313
313
321
321
321
341
340
340
287
288
288
288
288
290
219
220
220
220
313
323
321
323
321
323
341
338
338
339
339
287
287
288
288
288
290
290
290
219
219
219
312
323
323
323
338
338
339
339
339
339
339
287
58
127
65
65
65
57
58
58
59
61
61
105
105
104
104
103
103
103
127
127
135
135
135
135
65
67
66
65
66
57
57
56
57
58
59
61
59
61
61
105
105
101
103
127
127
127
135
136
135
134
67
67
66
56
56
56
59
60
61
102
105
102
102
102
101
101
101
100
126
125
132
136
134
67
67
67
67
67
66
56
60
60
102
102
101
100
125
125
133
132
132
132
132
77
75
75
75
76
76
93
93
93
91
90
91
118
102
120
100
147
125
147
132
132
132
77
75
99
93
93
99
91
91
91
118
118
119
140
140
137
137
80
77
99
98
88
89
123
124
120
119
119
142
142
140
138
80
80
80
80
96
96
99
96
96
98
98
123
123
124
119
119
121
142
142
138
142
138
138
138
139
79
79
78
96
96
96
98
97
88
88
88
123
123
123
124
121
121
121
121
142
142
138
139
78
205
97
201
211
88
210
210
121
121
310
121
142
327
139
325
276
276
275
205
201
201
201
208
210
210
308
310
310
311
311
311
311
327
327
327
326
277
277
276
277
205
201
204
207
211
210
308
308
311
311
304
304
327
327
326
326
277
277
277
284
284
284
284
284
204
203
203
209
308
308
304
305
302
329
330
330
326
330
277
284
285
203
203
209
209
207
303
305
303
305
305
330
330
328
286
285
285
203
223
224
224
224
223
305
305
305
302
330
330
341
328
281
281
281
281
285
285
218
218
218
223
223
223
313
314
314
314
305
322
341
341
342
340
340
281
289
289
289
292
292
292
219
218
220
220
314
313
322
322
321
341
342
340
340
340
287
289
292
290
219
219
220
312
313
322
321
322
322
324
342
338
339
287
287
287
287
288
288
288
288
290
290
292
290
219
219
219
312
312
312
323
323
324
324
324
324
338
338
338
339
339
324
338
338
62
57
127
65
62
62
62
65
58
57
57
57
59
53
53
104
104
104
104
103
110
127
127
135
135
135
135
135
135
135
62
62
57
63
57
59
59
61
104
105
104
104
104
103
127
125
135
134
67
67
67
64
63
63
57
59
59
59
50
102
105
101
101
107
127
125
125
125
132
134
134
134
67
64
64
63
63
63
59
52
59
91
91
102
102
107
107
100
107
125
125
132
132
132
67
76
76
93
93
91
91
92
102
101
106
147
147
125
149
132
131
77
76
76
93
93
93
91
91
118
112
120
120
120
120
120
120
147
149
149
148
137
77
80
80
76
76
80
95
95
93
89
91
91
123
120
120
120
149
149
149
138
78
80
80
80
96
94
89
89
89
123
89
123
121
120
122
119
142
138
138
138
138
139
79
78
78
96
96
96
96
96
87
89
89
123
123
122
122
142
142
138
139
139
78
78
78
96
78
202
202
208
208
210
210
122
121
122
121
311
311
142
325
325
325
325
276
276
275
202
201
208
208
207
210
210
307
307
311
311
311
311
325
325
325
325
326
276
276
284
275
201
207
207
207
308
307
308
307
311
311
302
311
330
327
327
326
326
277
276
201
201
203
203
207
207
308
207
308
308
308
307
302
302
302
330
330
327
326
282
284
283
285
203
203
203
224
224
303
301
301
302
302
330
330
330
281
281
283
282
285
224
203
224
224
224
314
224
301
305
305
301
302
330
342
340
340
281
281
281
281
283
285
285
292
224
217
224
223
314
314
305
321
342
342
340
289
289
291
292
292
291
214
220
314
314
314
314
322
322
322
342
342
340
295
289
288
289
292
292
218
214
220
312
312
312
322
322
322
322
338
322
337
337
287
287
288
288
292
292
219
214
219
213
312
312
312
324
324
324
324
324
324
324
337
337
337
337
292
337
62
62
62
62
71
57
57
57
51
53
53
104
104
104
104
111
110
110
110
127
128
130
130
135
134
62
62
63
63
71
63
51
50
53
50
50
50
109
104
111
111
110
110
107
128
130
134
134
64
64
64
63
51
51
51
51
50
50
109
109
107
107
107
107
128
128
128
129
129
134
134
64
64
64
63
63
51
52
50
106
107
107
108
128
128
129
131
131
77
77
64
76
63
76
93
52
52
52
92
92
92
106
106
107
108
108
128
113
147
125
149
148
131
131
77
77
76
77
76
76
95
93
93
92
91
92
112
106
112
120
120
114
147
147
147
149
149
148
148
77
77
76
95
95
95
94
89
89
112
112
112
112
113
120
113
114
149
149
145
149
148
78
80
96
95
94
94
89
112
122
114
114
149
149
143
78
82
82
82
94
94
94
87
87
87
116
122
122
122
122
122
145
145
143
143
143
78
82
82
96
202
202
94
87
87
87
116
122
122
122
122
309
336
145
335
145
145
143
325
276
276
276
275
202
202
208
208
208
208
306
307
307
307
309
309
336
335
335
335
325
325
276
276
275
275
201
201
201
208
207
207
308
307
307
335
335
335
332
332
325
332
333
276
283
279
283
284
201
201
200
201
200
207
207
307
307
307
302
302
335
332
332
332
333
326
282
283
282
283
200
203
207
222
222
221
221
221
308
301
301
301
302
334
332
332
332
332
333
282
283
283
221
221
221
314
300
301
301
301
301
334
342
344
345
345
345
282
281
283
289
291
291
217
224
221
221
224
317
317
314
317
320
320
320
342
342
345
345
345
294
289
295
289
291
291
216
214
213
314
314
317
320
320
322
342
342
345
345
337
345
295
295
299
291
291
214
214
214
213
213
312
316
312
320
320
320
342
337
337
337
295
295
295
299
299
291
291
214
213
213
213
312
316
316
318
324
324
337
337
337
299
71
134
73
73
73
71
72
72
55
54
54
54
54
53
53
53
53
109
109
111
110
110
130
130
130
130
130
130
134
62
73
73
71
71
51
51
51
54
109
111
111
111
110
110
110
129
129
129
131
134
69
69
73
71
71
51
51
51
52
51
50
50
109
107
108
128
128
128
128
129
131
64
69
64
69
69
63
68
68
51
52
52
52
50
50
50
109
106
108
107
108
146
146
129
131
64
64
64
69
68
81
95
92
92
106
106
108
108
146
146
146
148
131
131
86
81
81
95
95
95
92
92
92
106
112
106
106
113
113
147
147
147
148
148
77
84
82
81
89
92
92
112
112
112
113
113
114
114
114
145
147
149
148
148
148
78
86
82
83
95
94
94
87
87
87
112
117
116
113
113
114
145
144
145
143
143
143
143
82
86
82
82
83
87
87
116
115
115
114
114
115
145
145
145
143
143
82
280
82
83
202
94
202
87
116
116
115
309
115
309
336
336
143
331
280
275
280
275
202
208
208
208
206
116
306
309
309
309
336
335
336
335
335
335
333
331
280
279
280
280
280
202
202
202
202
202
208
208
206
306
306
307
309
302
336
335
333
333
279
279
279
278
200
200
206
222
306
306
301
302
334
335
332
332
332
333
333
333
282
278
200
200
222
222
222
221
222
306
300
300
301
334
332
333
331
282
282
283
283
278
217
217
217
221
222
221
221
317
319
301
344
344
344
344
345
282
294
294
283
294
297
296
217
217
216
217
216
221
221
317
317
320
319
320
344
344
345
345
294
294
295
297
297
297
216
216
216
215
317
317
316
320
319
320
344
344
345
345
295
295
295
299
291
291
214
214
214
213
213
215
316
316
318
347
347
347
347
345
295
295
295
295
299
299
299
299
291
291
214
214
213
213
316
316
316
316
316
318
318
318
347
347
348
348
348
318
73
73
73
71
72
72
72
72
55
54
55
54
54
53
111
111
111
110
129
130
155
130
130
130
130
130
150
73
73
73
71
71
72
55
55
55
55
55
54
53
109
110
110
155
155
154
129
150
150
70
70
69
70
71
71
71
52
55
38
109
109
109
109
111
110
128
154
129
129
131
150
69
70
69
68
68
68
52
52
50
37
37
106
106
108
108
146
108
146
128
129
129
131
164
69
69
69
69
69
81
68
68
52
41
41
52
92
40
40
106
108
108
108
146
146
146
164
164
131
84
69
84
81
81
81
95
41
92
40
40
112
197
113
183
113
114
146
146
146
148
131
163
86
86
85
81
95
95
31
31
42
40
117
113
113
113
114
144
147
148
169
148
86
86
86
82
83
83
94
31
31
31
117
117
117
115
114
144
144
144
144
143
169
86
82
83
83
83
94
33
33
33
31
117
116
117
115
115
114
144
144
144
144
86
280
83
83
83
263
94
236
32
33
33
116
116
115
116
117
115
115
309
336
145
353
143
280
280
280
280
280
236
202
33
206
206
306
116
306
309
336
333
353
280
280
279
279
280
278
236
236
206
206
306
206
306
309
309
336
336
336
336
334
334
333
333
331
331
279
278
278
200
200
206
206
206
306
306
300
334
336
332
331
331
279
279
278
278
278
200
200
222
222
222
222
222
228
300
334
334
343
331
282
282
278
217
217
222
228
317
300
300
319
319
343
344
343
343
294
282
296
296
296
296
217
217
216
216
216
216
221
317
317
319
319
319
343
344
344
344
344
349
294
294
294
297
297
297
296
297
216
216
213
215
215
315
317
319
347
346
346
347
349
349
349
294
294
297
297
297
212
213
212
215
215
316
315
315
319
318
318
347
347
347
348
349
348
293
293
299
299
299
299
214
298
212
212
213
215
316
316
316
318
318
347
347
347
348
348
299
74
54
73
74
74
72
72
72
55
55
54
54
53
109
111
111
111
155
155
155
154
153
150
150
150
73
74
74
74
74
72
72
55
55
55
54
38
185
185
155
155
155
154
153
153
150
150
150
70
70
70
70
74
39
55
38
38
37
185
185
183
185
155
155
154
154
154
153
150
164
70
68
70
70
68
68
68
41
41
37
183
183
183
155
154
164
84
70
70
81
1
19
41
41
41
40
37
183
183
183
183
195
146
164
164
164
163
84
84
84
84
81
81
19
41
42
42
42
41
40
40
197
197
195
195
195
146
165
163
163
84
84
81
81
19
19
31
31
31
197
197
197
144
194
144
163
86
85
85
85
83
20
19
31
31
31
117
117
117
197
198
144
144
169
169
169
169
169
85
86
85
85
83
32
33
33
33
117
115
115
198
193
144
169
169
169
86
265
86
83
263
263
263
32
236
33
33
33
33
117
116
115
391
198
391
352
351
351
353
353
353
266
264
264
265
263
263
263
263
236
236
236
235
206
206
116
306
391
391
391
352
351
351
351
351
353
353
266
266
263
263
236
236
229
391
391
391
391
336
351
354
279
266
279
279
278
262
236
236
235
229
230
230
390
392
392
392
336
392
334
334
350
334
331
331
279
255
255
278
278
200
200
234
234
228
390
390
392
300
334
379
334
331
331
331
255
282
278
296
296
234
217
234
222
228
234
228
228
228
390
379
379
343
343
343
343
343
282
296
296
296
217
296
240
216
216
216
215
228
228
378
378
379
319
379
343
343
343
349
294
294
297
212
212
242
228
242
315
315
319
319
346
346
346
346
349
293
293
297
293
297
212
240
215
215
315
318
318
346
346
346
349
349
293
293
299
298
298
298
298
298
212
212
215
215
315
315
315
315
318
318
318
346
347
348
348
348
293
212
348
45
186
74
74
74
72
72
39
39
55
39
54
54
45
38
186
186
186
155
160
154
153
150
153
153
151
74
74
74
11
72
39
39
39
38
38
38
38
186
185
185
185
155
155
154
153
150
70
74
11
11
1
39
38
38
37
186
185
185
185
185
160
154
154
154
154
153
150
150
4
4
70
1
1
1
41
37
41
37
37
37
183
183
183
183
182
166
166
166
166
166
164
164
84
70
4
1
1
1
19
41
41
41
41
40
37
183
182
182
195
166
164
164
163
84
84
4
19
19
19
19
42
42
40
34
40
183
197
197
195
195
195
195
195
165
163
163
84
85
17
20
20
19
19
19
36
36
34
197
197
197
195
195
194
194
165
165
163
163
85
85
85
85
20
20
18
18
31
34
199
198
197
196
193
169
169
85
85
18
18
18
18
32
32
117
199
199
199
198
198
198
193
169
169
265
85
263
263
18
18
32
32
33
33
32
32
117
199
198
391
352
352
351
351
351
353
265
264
263
263
236
235
235
235
387
387
391
391
352
352
351
351
353
266
266
264
263
236
236
235
235
235
229
229
387
387
392
391
391
352
352
350
350
354
354
354
266
264
264
262
264
262
262
234
235
229
230
390
392
392
392
350
350
354
354
255
255
262
234
234
234
234
228
230
230
390
392
379
392
372
374
372
374
331
374
255
255
255
255
255
253
253
245
234
228
228
228
378
230
378
379
379
379
379
372
372
372
372
372
371
255
255
253
253
245
244
245
242
378
378
378
379
370
372
346
371
343
293
250
252
296
296
245
240
240
240
240
242
242
375
375
319
377
376
377
376
346
349
371
293
252
293
298
298
298
298
212
240
240
241
241
242
315
315
375
375
375
376
377
346
346
349
349
293
293
298
298
298
298
212
240
212
212
240
215
241
215
241
315
315
375
375
376
375
376
376
376
348
376
348
348
349
349
349
186
153
9
10
10
10
11
39
39
39
45
45
45
45
186
186
160
160
160
160
160
161
153
153
151
151
151
11
11
11
11
39
39
45
45
186
45
186
186
186
185
160
160
160
161
153
151
151
151
3
11
11
11
11
1
39
38
38
184
184
186
184
184
184
185
182
160
160
166
162
162
4
4
4
4
2
1
1
1
39
38
37
184
184
182
160
166
166
166
166
162
164
5
5
4
5
4
4
1
1
1
42
42
40
37
182
181
182
182
182
182
165
166
162
163
5
5
20
17
4
20
19
19
22
42
42
36
34
40
34
34
196
195
195
195
165
165
163
163
163
17
17
20
20
20
19
36
36
36
34
34
34
197
196
196
197
194
196
194
165
165
170
170
17
17
20
18
20
18
24
36
34
34
199
196
198
196
193
193
194
194
194
170
170
170
170
17
17
18
18
32
35
32
32
199
199
199
198
198
193
193
193
193
193
170
170
168
168
265
265
267
18
18
23
32
387
199
199
198
352
351
353
351
353
265
265
266
265
267
264
264
236
233
235
235
235
235
387
387
389
389
389
352
352
352
351
354
355
353
266
266
266
267
267
264
264
262
233
233
235
229
387
387
389
389
388
352
350
350
354
354
355
266
266
262
262
262
262
233
233
229
229
387
390
389
392
392
388
392
350
350
354
354
354
354
254
255
254
254
254
262
262
234
234
230
230
230
230
230
390
230
390
392
390
380
380
374
374
255
254
254
253
253
253
245
245
245
230
230
230
390
390
378
380
380
379
380
372
372
372
371
371
371
250
254
253
253
245
245
244
244
242
242
242
239
378
378
380
379
372
372
371
371
371
250
250
250
252
252
251
251
245
244
244
242
242
241
242
242
378
377
377
370
370
368
371
368
250
250
252
252
251
251
251
240
240
241
241
241
375
375
375
377
377
376
368
369
368
368
293
250
250
252
251
251
298
240
240
241
241
241
381
375
375
375
376
376
376
376
369
368
368
9
10
10
10
10
48
48
45
45
45
186
179
178
160
161
161
153
151
151
3
9
10
10
10
48
48
48
49
45
44
44
184
184
178
161
161
161
151
151
152
3
4
10
2
11
48
48
48
43
44
184
184
184
175
160
161
166
167
152
162
3
2
42
43
43
184
184
181
182
182
175
166
167
167
162
162
162
162
5
5
5
4
5
2
2
42
42
25
181
181
181
182
181
194
194
166
167
165
162
5
5
20
22
22
22
42
36
36
25
25
28
182
188
196
194
194
174
163
17
16
16
16
20
22
24
36
35
36
36
34
28
28
196
196
196
196
196
194
194
165
174
174
17
16
16
17
24
24
24
36
35
34
196
198
193
191
170
193
170
170
170
170
17
17
17
16
24
24
24
23
23
35
34
198
198
193
170
168
168
168
265
265
265
267
267
274
23
23
32
35
387
199
389
193
358
358
353
168
350
168
267
267
267
267
274
233
232
232
387
387
389
389
389
358
350
358
355
267
267
264
262
274
274
233
233
229
229
229
387
389
389
388
350
358
350
354
354
355
266
267
273
262
274
233
233
229
229
229
389
388
388
388
388
361
350
374
355
355
254
254
253
233
225
225
390
390
388
399
388
373
374
374
374
254
254
253
253
245
245
227
244
243
378
380
380
380
380
380
373
373
371
374
374
250
254
254
253
251
245
244
244
238
239
378
378
380
377
373
371
371
371
371
250
250
252
251
252
247
244
244
242
239
242
239
383
381
381
378
377
377
377
370
370
368
368
250
257
252
252
252
251
251
244
247
247
244
241
241
239
241
381
381
381
377
386
377
386
377
370
369
369
369
368
368
250
257
257
258
251
247
247
237
239
239
381
381
381
381
386
377
376
386
369
369
368
239
179
9
9
9
10
9
10
8
49
49
49
49
45
179
179
180
178
178
178
161
159
161
151
152
152
152
9
10
8
8
48
48
48
44
44
44
44
180
180
178
161
161
151
151
152
3
3
10
8
2
8
8
48
48
44
44
180
175
175
175
175
159
161
152
152
152
3
3
3
5
2
2
48
2
47
43
43
43
43
44
181
175
181
175
175
175
175
159
159
167
167
167
167
3
3
5
2
22
47
43
25
25
25
181
181
181
175
175
167
167
165
172
167
162
172
16
13
13
22
22
36
26
25
27
181
28
28
181
188
188
189
190
167
174
174
174
16
16
16
13
13
13
22
36
27
28
28
28
188
188
189
190
191
190
165
174
174
174
16
16
16
24
24
24
24
35
35
35
35
199
28
188
188
188
192
192
192
170
173
173
168
265
268
23
24
23
35
30
35
35
30
199
187
188
192
192
192
173
168
265
264
274
23
23
23
23
232
35
232
35
394
30
30
395
395
395
192
361
192
358
358
358
358
356
168
270
270
274
23
232
232
393
395
395
389
388
361
358
358
358
355
267
270
273
273
273
273
274
274
274
232
233
232
233
233
393
393
393
361
388
361
361
358
357
355
355
267
254
269
273
273
273
274
233
225
225
393
393
399
388
388
388
361
361
354
355
355
261
261
260
253
227
227
227
225
225
399
373
373
374
374
374
374
261
261
261
261
261
261
260
249
245
227
243
227
243
225
225
225
225
397
399
399
384
380
373
373
373
374
261
261
260
260
249
249
244
243
243
243
238
225
383
378
384
380
370
373
373
367
364
257
261
260
252
252
247
244
243
239
239
383
383
383
384
386
384
386
386
370
370
370
365
367
367
257
257
258
251
258
247
247
239
239
381
383
386
386
386
370
369
369
368
369
367
257
257
257
258
251
247
247
247
247
237
239
239
381
382
386
386
370
369
369
369
369
369
368
258
9
178
9
9
8
9
49
49
49
49
46
179
179
179
179
180
178
159
161
157
157
152
152
9
9
6
6
8
8
46
49
48
46
49
44
180
180
180
178
159
159
158
157
152
152
3
6
0
0
8
8
47
46
46
44
46
44
180
175
177
159
159
159
156
152
3
0
2
47
47
47
47
43
176
177
177
159
157
167
172
172
3
5
5
13
2
12
2
26
26
25
25
181
177
177
175
172
15
13
13
13
13
13
22
26
25
25
28
189
190
190
167
174
174
172
16
15
14
14
14
21
22
22
22
27
28
28
189
189
190
191
174
174
174
16
16
14
21
27
27
30
30
29
29
188
188
189
189
187
191
191
173
173
173
173
173
173
15
268
268
24
23
27
30
30
30
30
188
187
188
192
192
192
191
173
168
270
270
270
23
23
30
394
395
395
361
192
192
356
168
356
270
270
273
274
274
232
232
394
394
394
395
395
395
361
361
358
357
357
357
357
356
270
269
273
273
274
272
232
232
393
393
395
395
360
361
357
357
355
355
269
269
269
273
273
274
227
227
227
227
393
399
399
399
399
360
360
357
357
357
357
355
269
259
260
274
249
227
227
227
225
397
397
399
399
360
373
363
364
261
261
260
260
260
249
249
249
226
227
225
226
225
397
397
398
399
398
384
373
363
363
373
364
363
364
256
261
260
260
249
243
243
243
238
225
383
384
384
384
365
365
363
367
364
261
257
256
258
249
249
249
249
248
243
238
383
383
384
386
384
365
367
367
367
367
257
257
258
258
246
246
248
248
239
238
382
381
386
386
370
365
366
366
366
257
257
258
247
247
246
247
237
237
237
237
237
381
382
385
385
385
365
366
366
366
382
49
6
6
179
179
180
179
178
178
158
158
158
158
157
156
156
6
8
8
49
8
46
46
179
179
180
158
158
157
157
156
156
6
6
8
7
7
47
46
43
43
180
177
159
157
157
156
0
0
0
0
7
7
47
47
43
43
176
177
177
157
156
0
0
13
13
7
26
26
26
43
176
177
190
177
167
172
172
172
15
15
13
12
12
12
27
26
26
28
190
190
190
172
172
15
15
14
14
14
12
21
27
27
27
27
28
188
189
189
191
171
174
15
14
21
21
27
29
29
187
187
189
191
173
15
14
21
21
30
30
29
187
187
191
191
173
173
173
268
270
268
272
272
231
231
30
29
187
395
187
192
359
192
357
171
270
270
270
272
272
232
231
394
394
394
395
359
359
359
356
356
356
269
269
272
231
231
393
394
395
399
359
360
357
357
356
269
269
269
273
271
271
271
271
271
393
393
393
399
396
360
360
360
357
364
259
259
260
271
271
226
226
226
397
396
399
397
399
398
360
360
363
364
364
259
260
259
271
226
397
397
397
398
398
362
362
362
363
364
364
256
260
249
248
243
238
238
397
398
384
362
362
363
364
256
256
260
246
249
248
248
248
238
238
383
383
362
365
365
367
367
367
258
248
246
248
248
238
382
382
382
382
385
365
366
365
366
366
257
258
258
246
237
237
382
382
385
385
385
365
366
366
366
246
6
6
49
46
157
156
6
46
158
158
7
7
7
47
158
47
43
176
177
157
172
0
14
47
176
177
190
172
12
26
176
171
172
15
14
12
27
29
189
189
190
171
14
21
21
21
27
29
25
187
191
191
171
268
14
268
21
29
187
268
272
29
187
356
171
270
272
272
231
394
359
359
359
269
271
271
272
231
231
393
394
360
360
269
396
396
398
398
360
360
361
364
259
226
226
397
362
364
259
226
226
397
398
398
363
256
259
248
397
383
384
362
363
256
256
248
248
238
382
385
362
365
367
256
248
237
382
385
365
258
237
385
366
6
177
158
157
180
0
7
47
157
176
176
190
15
14
26
21
171
30
171
356
272
356
271
269
231
394
359
396
360
271
364
362
259
238
384
362
385
367
246
237
178
156
180
158
0
7
156
180
172
26
12
26
190
12
189
191
191
272
231
394
356
271
271
361
362
259
396
398
249
396
363
226
383
383
246
238
382
385
365
366
6
158
46
177
158
157
0
176
26
171
12
189
171
15
21
29
27
187
29
231
394
396
396
397
259
398
246
384
367
246
382
385
6
46
178
178
156
47
43
7
171
15
12
29
171
187
268
268
29
359
359
356
269
272
396
259
271
226
259
259
226
362
246
256
258
237
382
385
6
46
231
231
156
7
7
303
243
12
176
176
171
21
12
21
268
171
268
359
268
268
359
359
396
361
396
398
162
396
362
363
398
256
256
246
362
363
246
237
162
162
231
176
156
156
243
243
0
176
12
300
168
300
300
25
300
300
300
168
320
87
303
323
256
323
78
342
89
