3248
434
1124
1124
867
867
430
426
436
631
884
878
426
645
639
644
630
617
616
1139
1140
1135
432
433
433
655
1139
870
886
882
882
450
455
614
1039
817
831
835
448
447
455
651
648
614
1031
832
836
836
448
531
647
993
994
990
836
515
514
518
523
529
721
720
747
740
984
977
977
997
996
517
531
715
740
1063
1064
984
988
981
999
553
530
723
726
727
737
1062
1064
1913
1771
1768
553
2523
1922
1910
1914
1763
1767
1767
2521
2546
1909
1727
1726
1764
2580
1920
1916
1904
1730
1742
1739
1737
2443
2577
2579
2556
1860
1920
1847
1736
2453
2451
2447
2577
2560
2561
2559
2557
1863
1861
1841
1736
1668
2452
2450
2441
2441
2563
2559
2818
1857
1862
1843
2450
2817
2018
2019
1658
1653
2768
2802
2801
2800
2799
2820
2821
2821
1981
1981
2019
2027
1651
2770
2820
1984
1989
2029
2028
1657
1651
1651
1650
2767
2810
2793
2792
2833
2834
1143
1146
1142
1146
1145
1149
1122
1127
1126
1127
866
867
879
879
879
429
430
435
434
435
638
639
638
629
628
631
633
1146
1146
1124
1124
1136
868
1126
876
879
414
428
425
427
432
442
436
645
629
632
633
633
1145
1162
1164
1140
1138
870
872
886
885
879
881
426
414
418
419
420
453
433
645
644
656
617
616
617
1034
1036
1035
1140
870
870
886
885
882
413
407
448
454
453
649
658
650
655
613
1038
1037
1039
1030
1032
1032
817
817
832
836
834
411
834
410
455
650
647
648
656
614
1057
1038
975
994
972
820
832
831
835
515
410
521
447
521
448
454
651
721
746
746
743
739
742
1057
1057
1056
973
975
975
994
991
825
515
515
521
524
531
529
712
721
711
720
740
745
740
1057
1057
983
984
978
993
1000
998
996
517
514
518
523
530
712
715
715
747
758
757
1060
1060
1064
984
988
986
980
979
1001
998
997
508
507
552
557
553
557
722
727
733
724
757
759
760
736
1060
1062
988
980
1771
999
1774
1765
1763
1768
2523
555
724
723
722
734
726
2587
760
737
2545
1923
1923
1910
1912
1911
1914
1726
1806
1770
1773
1771
1775
1765
1764
2519
2519
2523
2523
2518
2509
2585
2509
2510
2585
2587
2539
2545
1922
1926
1909
1903
1911
1727
1772
1775
1741
1738
1738
2512
2516
2516
2521
2499
2508
2580
2509
2582
2540
2540
2539
1925
1917
1920
1904
1730
1729
1730
1740
1741
2452
2447
2446
2447
2483
2580
2538
2580
2561
2539
2556
1920
1860
1841
1841
1735
1736
1734
1742
1737
1739
2453
2447
2446
2443
2576
2577
2561
2560
2557
1859
1862
1860
1847
1847
1849
1841
1844
1844
1664
1669
1669
2449
2450
2444
2577
2563
2559
1857
1863
1861
1846
1843
1844
1658
1668
1669
1670
2456
2456
2455
2450
2775
2441
2801
2799
2798
2828
2817
2818
2823
1857
1980
1987
1986
2019
2018
2025
1660
1672
1671
1654
2456
1671
2776
2769
2774
2774
2775
2799
2821
2824
1981
1988
1986
1987
2022
2021
1659
1659
1651
1653
2768
2769
2770
2811
2811
2793
2800
2792
2841
2821
2831
1983
1984
1989
1990
1989
2029
2027
2028
1657
1657
1656
1654
2767
2767
2811
2793
2834
2833
2834
2830
2830
2834
1984
1127
636
1143
1142
1153
1118
1127
1121
863
864
889
888
888
891
429
427
442
441
636
639
629
628
625
626
1143
1164
1148
1148
1138
1136
1133
869
1121
867
873
864
873
876
889
426
428
418
442
442
636
642
623
632
626
618
1162
1166
1138
1130
1135
869
872
884
876
414
417
417
416
414
420
422
419
451
642
641
611
618
620
1034
1162
1035
1165
1035
1140
814
886
882
417
406
408
450
451
657
658
654
654
610
611
1037
1036
1030
1028
1029
1029
813
813
816
820
829
829
411
408
444
445
455
649
718
657
743
614
1017
1031
975
972
823
817
820
826
826
521
524
526
718
718
744
743
1053
1020
974
972
991
991
511
524
527
527
527
712
714
721
744
1054
1054
1054
973
969
969
974
976
978
990
1007
509
512
550
531
544
556
711
715
716
732
756
755
755
752
1060
1063
988
986
978
979
1001
981
1000
1014
1013
509
507
508
553
557
550
556
544
731
734
758
750
1048
1913
986
1803
1771
1013
1757
1762
547
557
2519
555
733
2586
759
2545
1888
1923
1910
1912
1806
1806
1772
1753
1762
1761
2519
2521
2503
2500
2503
2505
2506
2585
2587
2587
2542
1925
1927
1887
1917
1903
1806
1730
1773
1774
1760
2516
2515
2500
2509
2508
2510
2583
2541
2541
2546
1927
1925
1926
1919
1916
1906
1904
1907
1818
1819
1732
1745
2513
2516
2480
2482
2482
2579
2569
2582
2539
2554
1920
1868
1849
1849
1733
1745
1740
1747
2451
2478
2444
2478
2566
2570
2554
2553
1860
1851
1850
1819
1736
1665
1733
1744
1673
2440
2478
2477
2565
2567
2564
2564
2557
1854
1854
1853
1857
1847
1851
1844
1666
1666
1669
1673
1672
2456
2459
2458
2460
2441
2771
2567
2798
2826
2828
2824
1854
1995
1996
1996
2020
2021
2020
1660
1665
1663
1670
2788
2785
2777
2773
2802
2799
2826
2828
2824
2823
1998
1999
2022
2025
1657
1647
1654
2788
2790
2776
2777
2780
2772
2806
2796
2841
2831
1981
1983
1997
1999
1990
2001
1990
1990
2029
2029
2025
2025
1625
1648
1646
1640
2790
2781
2810
2781
2815
2815
2807
2813
2808
2808
2840
2841
2837
2815
2808
2839
1152
1118
636
1153
1151
1153
1151
1149
1117
1118
1120
901
908
902
908
899
895
892
478
439
439
664
635
623
622
661
625
623
626
626
1156
1158
1121
1132
1121
863
907
912
889
892
892
891
478
423
663
696
623
619
1161
1166
1166
1166
1133
1130
1132
854
873
876
912
416
423
499
422
486
642
694
642
696
653
704
619
620
1162
1165
1023
1129
1080
1130
854
854
822
828
829
417
407
498
486
451
482
692
705
654
611
610
1017
1028
1082
814
823
822
829
848
406
445
497
502
692
654
809
702
803
1023
1017
1016
931
823
823
820
826
594
591
444
501
504
606
526
502
775
808
808
801
742
1022
1053
1019
1020
1020
1019
972
935
927
1006
819
825
591
524
590
542
718
776
810
745
1042
1044
1043
966
968
1007
1007
1006
1012
511
1012
560
550
543
544
544
730
730
756
750
749
736
1041
1045
1044
965
964
968
1004
1003
1003
1012
1014
512
550
533
534
731
730
750
751
753
1048
1049
1047
964
1048
1802
1803
1754
1755
1757
1758
549
546
547
547
2502
2491
732
2623
2622
2627
2628
1886
1887
1905
1805
1802
1753
1754
1752
1762
1762
2535
2536
2503
2500
2503
2506
2625
2624
2626
2544
2545
1888
1885
1907
1905
1824
1752
1751
1760
2513
2534
2515
2526
2499
2494
2508
2505
2583
2583
2542
2638
2637
1885
1885
1821
1818
1732
1815
1745
1749
2512
1747
2529
2527
2526
2525
2481
2484
2485
2570
2634
2633
2554
1869
1906
1866
1850
1819
1819
1816
1745
1747
2454
2481
2480
2483
2574
2569
2554
2551
1867
1873
1865
1869
1838
1701
1816
1691
1663
1691
2457
1696
2472
2478
2475
2474
2574
2574
2564
2551
2551
1854
1867
1856
1837
1838
1837
1851
2012
1701
1700
1664
1663
2457
2460
2461
2566
2565
2795
2738
1995
1992
2012
2011
2012
2014
1629
1644
2458
2786
2786
2789
2760
2771
2795
2796
2826
2828
1944
1991
2000
1993
2009
2012
1626
1648
1647
1644
2790
2788
2780
2779
2772
2773
2807
2805
2841
2836
1941
1998
2001
2003
2009
2008
1648
1625
1646
1640
2782
2783
2783
2780
2815
2813
2805
2805
2804
2806
2839
2840
2836
2837
2024
2838
1157
1159
1159
1152
1203
1118
1196
1196
901
908
899
898
896
899
897
479
477
466
467
661
664
660
671
671
676
1157
1158
1133
1206
1204
1207
902
905
908
909
911
910
894
895
475
476
478
467
483
695
661
675
676
1156
1156
1155
1206
1207
859
861
858
912
912
476
472
476
486
485
475
483
696
694
705
683
673
673
1070
1070
1156
1130
1209
860
851
848
496
496
486
495
691
692
709
702
702
1023
1066
1067
1066
1082
1081
932
850
849
849
845
841
848
499
497
501
506
505
482
502
692
705
807
807
701
803
1025
1026
1023
1026
1082
1082
937
933
851
927
840
842
595
587
591
608
506
597
775
777
774
809
811
800
804
1026
1026
1016
936
937
937
933
940
950
594
563
592
591
608
608
608
540
775
775
778
811
801
1042
1043
965
914
935
940
950
559
542
540
539
778
810
753
1041
1050
1045
915
914
940
1004
1007
1009
1010
559
560
549
532
534
540
765
730
750
752
751
1051
1049
1048
966
1813
1803
943
1010
1010
1009
567
546
532
533
536
2497
2491
729
2617
764
766
788
2629
1886
1885
1900
1894
1805
1811
1784
1755
1752
1758
1758
2534
2536
2536
2494
2497
2491
2491
2623
2624
2628
2627
1879
1878
1891
1894
1811
1826
1824
1787
1790
1752
2528
2535
2536
2490
2620
2625
2621
2621
2638
2636
2637
1877
1877
1880
1891
1894
1809
1825
1825
1824
1826
1792
1748
2528
2526
2526
2493
2485
2621
2634
2633
2610
2611
2638
1874
1865
1868
1838
1821
1815
1793
1793
1790
1748
1749
1697
2527
2470
2471
2485
2484
2574
2634
2596
2596
2607
2612
1874
1866
1835
1691
1698
1698
2459
2471
2478
2470
2466
2474
2572
2572
2719
2608
2551
2735
1873
1872
1872
1993
2015
2015
1701
1687
1691
1688
1696
1697
2754
2762
2753
2761
2475
2760
2572
2722
2735
2739
2737
1951
1991
1948
1992
2016
2016
1701
1629
1643
1644
2785
2764
2763
2759
2760
2721
2735
2729
2736
2739
2738
1945
1942
2002
2016
2014
1628
1626
1629
1644
1638
1638
2750
2786
2744
2760
2742
2732
2727
2728
2731
1942
1942
2002
2003
2005
2009
2009
1635
1648
1632
1641
1641
2782
2780
2741
2813
2805
2732
2731
2691
2005
1200
676
1183
1184
1200
1200
1202
1197
1197
905
1403
1403
1403
910
1372
1378
897
896
1371
480
467
466
664
668
667
666
681
679
676
1176
1184
1184
1204
1203
1197
904
905
1405
894
480
468
479
464
467
465
664
661
683
681
675
1177
1175
1175
1213
1213
1207
858
859
857
857
905
909
472
496
491
687
695
696
688
704
699
1178
1072
1174
1067
1210
1080
1210
1210
1209
860
861
856
844
845
847
848
473
496
490
493
686
686
707
702
1069
1070
1070
1075
1083
1084
932
842
848
588
498
489
506
493
708
708
709
698
804
1073
1079
1089
936
927
927
841
839
839
588
593
588
504
606
506
785
784
781
807
807
1025
1115
1108
1078
949
950
840
595
593
592
590
604
598
598
598
601
784
776
806
801
800
1042
1108
1078
918
937
917
929
948
950
948
563
577
563
562
604
601
777
762
763
788
787
791
791
1051
1099
1107
913
915
941
948
560
563
537
540
599
537
766
765
763
788
790
1050
1901
913
921
1812
942
1784
942
569
565
566
2496
536
2496
2497
2618
788
2631
1901
1901
1899
1894
1812
1786
1787
1787
1776
569
2532
2532
2494
2497
2487
2618
2618
2617
2614
2615
2630
2629
1878
1881
1900
1891
1894
1813
1809
1813
1783
1784
1786
1787
1778
1777
2531
2532
2494
2488
2488
2615
2636
2630
1882
1879
1891
1808
1809
1798
1789
1790
2529
2469
2463
2462
2462
2620
2595
2636
2608
2611
2612
2612
1871
1830
1822
1822
1793
1790
1792
1693
1694
2469
2468
2472
2466
2597
2596
2610
2612
1875
1872
1872
1835
1835
1710
1711
1711
1690
1690
1698
1693
1694
2761
2465
2598
2718
2717
2608
2607
1876
1952
1950
1835
1947
1965
1964
1709
1710
1704
1704
1703
1687
1698
2752
2753
2762
2650
2648
2721
2718
2735
2736
1952
1943
1951
1947
1962
1961
1702
1704
1714
1713
1688
2752
2751
2763
2764
2649
2722
2716
2728
2737
1945
1944
1948
1974
2016
1960
1635
1716
1629
1641
1632
1719
1638
2750
2684
2656
2726
2726
2727
2729
1941
1937
1938
1939
1968
1968
2006
1968
2006
2006
1634
1631
1632
1641
1638
2748
2747
2745
2745
2744
2742
2684
2724
2724
2691
2690
2691
2741
1183
1182
1186
1201
1200
1201
1202
1194
1402
1405
1403
1378
1377
1371
461
460
461
458
669
670
670
667
667
681
679
679
182
1178
1176
1186
1215
1215
1197
1407
1397
1406
1406
1407
1378
1372
469
458
465
463
669
668
683
189
182
1177
1175
1175
1169
1216
1212
1213
857
1390
1389
1383
1384
470
470
468
464
493
689
666
683
699
189
1072
1169
1168
1217
1085
1213
857
1232
1390
1384
1384
473
469
489
491
493
488
687
689
688
707
699
198
1073
1076
1076
1076
1087
1086
1085
852
850
1232
1231
844
838
1229
839
588
505
489
489
685
686
707
198
197
698
1115
1076
1113
1079
1088
1088
930
930
926
1223
839
587
585
603
585
606
597
783
785
780
804
804
195
1108
1108
1105
1089
930
930
929
946
946
945
578
585
604
604
600
782
781
798
798
797
1108
1102
1101
1097
1104
917
918
956
946
946
578
582
575
575
601
771
770
770
762
791
796
1100
1100
924
921
920
941
952
959
963
953
580
568
582
572
574
601
772
772
768
769
1099
1896
924
923
924
2148
943
2153
955
958
962
569
567
566
566
581
572
571
3100
3134
764
2844
791
1897
2047
1901
1893
1813
2155
1784
961
1777
1778
3115
565
3113
3099
3098
2631
2844
1897
1896
1882
2057
1899
1809
2154
2153
1776
1780
3114
1781
3114
2532
3098
2487
2618
3135
3135
2853
2853
2614
2605
2603
2604
1880
1828
1832
1797
1800
1799
1796
1796
2469
3112
2463
2466
2599
2596
2603
2604
1881
1829
1829
1830
1831
1822
1797
1799
1800
1795
1679
1796
1676
2469
2599
2599
2593
2602
1876
1875
1831
1709
1711
1678
1675
2757
2756
2466
2641
2649
2598
2597
2593
2590
1929
1949
1949
1964
1957
1963
1958
1711
1706
1712
1713
1677
1679
1685
2756
2641
2648
2647
2650
2717
2719
2716
2715
2700
1930
1950
1930
1948
1963
1962
1965
1961
1707
1704
1717
1714
1684
2749
2754
2685
2725
2647
2720
2726
2699
2698
2716
1939
1938
1978
1977
1967
1717
1720
1720
1720
1724
2751
2751
2751
2686
2687
2655
2656
2726
2703
2694
2694
2694
1939
1936
1974
1968
1974
1970
1635
1971
1635
1632
1719
1722
2748
2747
2748
2686
2684
2656
2703
2703
2694
2691
1971
1193
1381
1181
1187
1187
1193
1416
1399
1416
1405
1381
1381
1375
1374
460
461
457
458
160
155
163
162
179
181
181
1182
1189
1191
1191
1190
1194
1400
1400
1399
1389
1378
1394
17
13
458
45
174
176
166
166
186
187
182
1171
1170
1172
1170
1216
1397
1396
1390
1394
1383
15
41
42
42
463
49
175
176
165
188
189
185
1172
1217
1169
1169
1217
1217
1397
1234
1233
1229
39
42
39
174
176
200
1115
1111
1075
1084
1574
1590
1232
1232
1240
1226
1229
362
38
363
357
357
686
198
202
198
194
1114
1111
1115
1110
1086
1087
1590
1239
1242
1241
1242
1240
1222
1220
363
362
360
360
356
782
217
202
201
1113
1115
1104
1105
1597
1588
1587
1222
1223
375
376
359
783
217
769
796
1098
1098
1098
1091
921
1595
1595
956
952
953
581
577
582
374
381
772
769
798
798
794
794
793
1101
1102
1097
1092
921
956
956
959
963
582
575
575
381
403
771
768
794
794
2044
2044
2042
924
2041
2146
2145
955
2150
958
963
962
963
580
569
572
3099
383
3100
2859
2856
2856
2846
2843
2844
2046
2043
2039
2044
2040
2147
2147
2146
2153
2151
2151
2164
1781
1780
572
3115
3119
3103
3096
3134
2859
2847
2858
2847
2842
2846
2058
2046
2056
2148
2154
2151
2164
3119
3097
3097
3103
3097
2850
2850
2079
2060
2077
2056
1832
2141
2155
2135
2133
2132
2132
1796
3113
3112
3096
3109
3138
3145
3138
2852
2853
2849
2850
2605
2078
2076
2074
1829
2075
1683
1798
2142
2133
1675
3111
3112
3216
3109
3137
3138
2853
2593
2601
2601
2078
2075
1828
1955
1958
2274
1707
2275
1677
2367
2367
1678
1679
1676
2757
2640
3219
2647
2592
2593
2589
2589
2068
1955
1954
1955
1958
1957
2280
1707
1706
1712
1681
1682
1684
2669
2669
2643
2641
2644
2647
2714
2716
2699
1933
1929
1961
1960
1716
1682
1685
1681
2666
2668
2641
2644
2652
2696
2697
2697
2698
1932
1933
1977
1939
1975
2238
2380
1722
1723
2665
2685
2688
2653
2653
2705
2700
2709
1936
1934
1976
1978
1974
1971
1970
2241
2236
2237
1723
1724
2678
2678
2677
2678
2684
2688
2655
2656
2706
2706
2706
2709
1936
2237
2693
1374
21
1181
1187
1189
1354
1416
1419
1418
1417
1417
1381
1380
1380
1375
22
22
14
155
157
161
163
178
162
178
182
1181
1189
1191
1356
1416
1420
1413
1413
1393
1392
1394
1394
20
16
15
13
157
45
160
166
179
1171
1191
1346
1351
1410
1412
1392
1253
1254
5
4
17
42
47
171
176
175
172
169
166
185
186
1616
1613
1619
1578
1397
1409
1235
1251
1235
1251
1228
1228
39
39
8
41
48
223
168
168
125
202
200
184
1111
1619
1618
1573
1575
1575
1589
1234
1233
1239
1237
1226
1229
366
366
357
225
223
201
195
194
1614
1111
1622
1593
1590
1590
1587
1242
1241
1220
1221
1226
365
366
366
357
360
227
224
226
216
202
190
1093
1094
1621
1596
1593
1596
1597
1587
1481
1242
1220
374
377
363
398
360
394
396
217
217
192
191
1095
1095
1094
1092
1603
1595
1486
1479
1482
1221
378
379
377
381
395
277
275
1093
1091
1603
1602
1485
1485
1488
1473
1507
367
371
368
384
385
385
395
276
275
2050
2044
2040
2145
1484
1487
1487
1488
959
961
1506
1508
1508
372
384
3106
3102
2855
2856
2861
2856
2844
2047
2039
2041
2144
2150
2165
2167
2163
3093
3118
3104
3104
3103
2858
2859
2862
2872
2059
2059
2066
2138
2135
2139
2166
2164
2164
3089
3091
3092
3117
3117
3119
3105
3143
2859
2866
2881
2869
2869
2868
2060
2057
2062
2065
2066
2141
2142
2136
2136
2161
3090
3112
3110
3109
3145
3143
2850
2891
2869
2079
2076
2142
2273
2273
2136
2161
2371
2369
3205
3198
3138
3220
3143
2957
2888
2956
2889
2602
2889
2072
2077
2071
2069
2074
2263
2263
2271
2367
2371
2369
2371
3205
3205
3199
3217
3221
3221
3220
2956
2957
2959
2957
2945
2945
2069
2068
2331
2262
2275
2281
2278
2361
2669
3157
3154
3221
2958
2960
2697
2951
2590
2311
2313
2333
1955
2266
2279
2279
2282
2282
2366
2380
2361
2669
2666
2687
2643
2644
2661
2653
2696
2708
2951
2309
2332
1932
1976
1975
2242
2244
2241
2242
2280
2379
2380
2374
2665
2666
2674
2678
2675
2660
2660
2652
2706
2709
2709
1936
2310
1973
2250
2243
2243
2241
2235
2238
2236
2380
1722
2358
2358
2358
2358
2672
2673
2681
2680
2681
2662
2659
2658
2706
2658
2713
2712
2711
2713
2711
23
140
1358
1359
1354
1354
1356
1415
1420
1418
1270
1269
1270
1373
24
21
14
154
153
152
152
153
161
144
141
150
141
1355
1356
1352
1352
1413
1413
1413
1392
2
1271
20
24
20
44
157
156
157
160
169
147
187
151
1359
1345
1346
1351
1349
1409
1410
1254
1254
3
2
2
3
1
46
16
49
44
172
121
185
118
1613
1619
1613
1612
1577
1577
1573
1584
1248
1244
1250
4
8
47
171
169
124
222
124
117
185
1615
1615
1616
1623
1619
1623
1578
1581
1581
1245
1238
1249
5
365
8
311
311
312
223
223
125
118
190
1614
1529
1621
1622
1623
1592
1574
1586
1580
1587
1237
1238
1257
1226
1256
375
388
397
224
226
220
220
191
264
192
1561
1562
1606
1593
1593
1482
1482
1482
1474
1255
1256
375
379
323
388
376
397
387
227
220
264
264
263
1565
1564
1600
1600
1478
1485
1479
1473
1472
1504
369
378
390
389
395
400
394
396
219
276
277
275
267
1563
1599
1603
1486
1473
1473
1505
1506
1507
367
369
391
382
405
401
404
402
403
272
273
266
267
2050
2049
2035
1603
1485
1493
1504
1503
372
371
383
2864
2863
2862
2862
2872
2050
2050
2052
2051
2038
2038
2145
2145
2179
2166
2165
2168
2168
3073
3094
3073
3125
3105
3103
3106
2866
2866
2877
2872
2872
2053
2054
2051
2052
2063
2066
2139
2139
2177
2181
2167
2158
3094
3092
3119
3128
3141
3141
2884
2883
2881
2869
2871
2058
2063
2063
2066
2229
2138
2176
2161
2157
3090
3091
3110
3128
3127
3145
3132
3145
3140
2882
2883
2890
2888
2890
2072
2072
2072
2063
2065
2230
2230
2142
2431
2431
2369
3204
3206
3208
3205
3207
3197
3216
3197
3211
3213
2886
2891
2071
2062
2329
2263
2263
2260
2259
2274
2272
2371
2434
3208
3199
3198
3156
3217
3214
3219
3214
2960
2959
2944
2945
2948
2954
2326
2333
2328
2265
2272
2278
2277
2278
2366
2363
2360
2361
3157
3157
3151
3221
2958
2945
2946
2954
2953
2312
2313
2333
2333
2331
2266
2266
2268
2278
2281
2383
2361
2384
2374
2373
3154
3153
3149
3008
3008
2950
2951
2951
2312
2313
2323
2332
2250
2249
2244
2235
2382
2384
2384
2384
2671
2675
2673
2680
2661
2663
2704
3002
2713
3005
2310
2316
2309
2316
2250
2247
2241
2234
2235
2356
2356
2356
2354
2674
2672
2681
2663
2662
2663
2663
2659
2712
2713
1367
1368
1365
1369
1365
1419
1285
1269
1273
1272
23
87
19
58
60
59
144
140
149
1358
1362
1362
1356
1352
1285
1285
1282
1287
1270
1271
1272
2
20
34
57
154
143
144
149
150
1362
1345
1349
1348
1349
1283
1248
1282
1253
1254
11
10
36
36
29
27
121
122
151
112
1613
1582
1243
1245
1250
8
10
33
35
48
27
26
123
121
117
114
115
115
1536
1532
1529
1623
1533
1583
1581
1243
1244
1260
11
314
315
312
312
225
203
208
123
220
113
1530
1530
1605
1582
1581
1438
1437
1255
1260
1258
1260
326
315
309
312
306
205
261
113
1562
1561
1572
1606
1605
1608
1463
1481
1435
1476
1475
1257
328
325
305
309
306
388
388
398
205
258
261
264
1564
1571
1569
1600
1610
1478
1463
1474
1475
324
392
390
401
401
255
248
255
266
273
263
1563
1565
1600
1606
1461
1461
1462
1493
1495
1517
1504
392
391
404
272
273
270
267
2032
2032
2031
2032
2035
2193
1493
1494
1494
1504
3071
368
3125
405
2864
2861
2876
269
2878
268
2034
2035
2035
2038
2221
2180
2171
2156
3093
3072
3070
3125
3125
2908
2866
2878
2877
2054
2128
2038
2130
2222
2222
2179
2180
2157
2158
3084
3086
3128
3131
3130
3141
2906
2884
2875
2875
2874
2053
2125
2126
2229
2232
2179
2177
3084
3089
3208
3085
3128
3132
3132
3141
2914
2915
2882
2887
2875
2081
2102
2100
2177
2433
3207
3208
3201
3132
3202
3211
2967
2887
2887
2886
2104
2100
2260
2259
2260
2271
2434
2431
2435
3157
3147
3148
3214
3213
3211
2965
2967
2948
2947
2948
2326
2329
2328
2329
2269
2269
2425
2427
2364
2364
3156
3154
3148
3150
2965
2946
2948
3002
2954
2325
2326
2323
2265
2322
2268
2392
2425
2375
2376
2377
2364
3160
2374
3159
3154
3194
3150
3196
3007
3008
3002
3004
2315
2318
2325
2323
2294
2247
2250
2253
2253
2252
2351
2382
2383
2348
2377
2374
3186
3186
3193
3195
3193
3195
3196
3008
3014
3013
3001
3005
3005
2316
2320
2316
2294
2247
2257
2235
2351
2347
2354
2671
2672
2354
3185
3192
3192
3191
3014
3014
2999
2999
2353
87
1321
1369
1367
1368
1369
1364
1365
1290
1290
1288
1276
1279
86
87
77
76
58
76
61
58
61
136
150
149
137
1369
1365
1349
1336
1284
1283
1285
1282
1281
1279
1273
77
78
58
59
52
144
142
150
1361
1361
1362
1339
1341
1343
1338
1318
1318
1282
1278
78
36
30
36
28
55
111
147
147
147
1536
1539
1539
1533
1533
1584
1317
1314
1314
1247
1265
1247
1264
1264
11
33
32
33
30
29
28
27
27
121
122
111
112
1535
1536
1533
1527
1437
1263
1267
1266
1266
317
317
315
313
210
208
208
120
257
299
112
114
299
1568
1525
1607
1583
1438
1435
1436
1262
1445
315
328
321
314
309
309
347
211
205
257
260
298
1570
1571
1557
1610
1559
1608
1463
1434
1443
328
328
326
305
342
343
346
238
205
204
256
303
261
1568
1572
1570
1610
1610
1463
1490
1435
1476
1514
1517
323
324
353
353
354
344
248
237
255
258
261
269
2032
2113
1491
1460
1513
1514
1514
1521
1517
1521
337
350
400
252
248
248
280
268
2110
2037
2184
1460
1491
1490
1495
2170
1516
2171
1517
3075
1520
1519
3072
3070
3081
252
3124
251
2909
2906
2905
2940
2931
270
2109
2127
2225
1491
2170
2171
3083
3071
3078
3124
3122
2909
2906
2906
2942
2876
2125
2125
2127
2129
2129
2225
2224
2221
2225
2199
2181
2174
2173
2174
3084
3085
3078
3122
3121
3122
2912
2912
2940
2875
2925
2082
2080
2130
2119
2231
2232
2228
2176
2174
3084
3087
3086
3202
3131
3122
3130
2911
2916
2879
2928
2925
2082
2104
2099
2232
2388
2431
2412
2410
3236
3201
2916
2916
2929
2887
2924
2962
2103
2081
2084
2104
2103
2102
2100
2387
2390
2430
2428
2433
2426
2435
2435
3235
3237
3232
3230
3210
3168
2988
2967
2963
2967
2954
2084
2104
2100
2286
2269
2392
2425
2425
2428
2427
2419
3239
3163
3147
3170
3151
2973
2965
2962
3022
3023
2318
2326
2283
2288
2287
2393
2393
2426
2375
2363
3162
3158
3159
3158
3194
3167
3169
3011
3011
3011
3010
3011
3029
3024
2323
2318
2291
2253
2291
2257
2253
2350
2376
3186
3189
3189
3186
3192
3018
3016
3002
3005
2998
3031
2320
2320
2305
2293
2247
2256
2257
2257
2351
2351
2347
2348
2354
3179
3188
3192
3015
3017
3015
3013
2999
2999
3004
2294
1335
74
1326
1327
1335
1336
1291
1292
1288
1292
1276
1275
87
85
83
77
82
73
60
131
136
138
137
1321
1327
1321
1327
1342
1338
1311
1292
1316
1316
1287
1279
80
79
79
72
54
55
52
102
136
134
1538
1321
1341
1341
1343
1339
1318
1316
1318
1298
1298
1302
93
80
71
54
55
52
112
134
1539
1524
1448
1314
1263
1313
1304
1265
100
33
97
51
103
103
108
109
1539
1536
1526
1526
1455
1456
1457
1262
1263
1267
318
318
308
214
210
299
1542
1533
1524
1527
1455
1454
1457
1440
319
320
320
347
214
211
207
302
299
301
1567
1552
1558
1559
1559
1470
1456
1470
1435
1444
1442
321
342
347
239
239
303
303
302
1568
1569
1559
1470
1432
1444
1521
1511
331
338
354
339
354
344
352
238
237
256
285
289
290
290
290
1568
2108
2113
1459
1460
1514
1511
1521
1521
1519
337
340
354
250
252
251
244
282
282
2109
2108
2113
1460
1513
1510
3075
3080
3048
250
252
247
2937
279
2932
2110
2128
2183
2184
2184
2202
2201
3069
3077
3068
3078
3081
3077
3054
2909
2941
2938
2941
2942
2940
2931
2107
2123
2120
2211
2225
2198
2199
2174
3069
3067
3078
3056
3053
2908
2912
2927
2925
2926
2122
2122
2120
2231
2212
2228
2215
2173
2414
2411
3087
3229
3052
3053
3052
2903
2912
2915
2929
2926
2928
2925
2088
2088
2226
2232
2389
2415
2415
2411
3237
3236
3230
3234
3211
2914
2916
2986
2919
2085
2097
2093
2094
2226
2390
2389
2390
2421
2412
2435
2422
3235
3240
3240
3234
3232
3233
2989
2985
2986
2985
2963
3021
2986
3021
2085
2094
2287
2286
2387
2386
2424
2420
3163
3239
3162
3167
3169
3168
2989
3043
3042
3024
3023
2283
2290
2297
2285
2288
2395
2396
2394
2393
2405
2420
3160
3172
3170
3189
2973
2973
3029
3029
3031
3022
2320
2305
2284
2291
2254
2394
2393
2335
2348
3173
3172
3173
3189
2976
3017
3018
2995
3031
3026
2307
2305
2294
2255
2255
2336
2339
2338
2339
2339
2338
2342
3179
3180
2976
2980
2975
3016
2996
2995
3026
3178
1292
1322
1326
85
85
82
83
83
74
64
67
67
66
131
138
138
1323
1336
1336
1291
1332
1297
1298
1279
90
93
72
67
64
106
133
134
1324
1320
1343
1342
1311
1311
1298
1303
1300
92
98
70
52
105
106
1543
1544
1546
1546
1448
1308
1311
1314
1305
1303
98
69
214
102
109
1541
1546
1524
1525
1448
1436
1441
1305
1302
318
97
214
214
213
236
296
295
1541
1542
1523
1447
1454
1453
1445
1441
1440
331
211
234
235
296
301
1552
1552
1554
1558
1468
1454
1468
1431
1432
1432
1443
319
334
334
229
234
288
303
1548
1557
1470
1428
1429
1422
339
350
350
343
245
290
1552
1555
1429
1465
1511
1500
1497
338
349
245
245
279
280
289
2117
2114
2186
2187
2185
2201
2202
1511
341
341
3048
350
242
2938
245
2937
283
2107
2107
2113
2185
2199
2199
2206
3069
3069
3080
3055
3045
3055
2900
2938
2934
2932
2106
2107
2198
2206
2206
3067
3068
3056
3054
2901
2902
2893
2927
2921
2088
2123
2123
2212
2119
2207
2208
2214
2208
3059
3062
3062
3229
3062
3053
2894
2893
2921
2917
2090
2091
2097
2219
2215
2214
2414
2410
3244
3247
3230
3227
3224
3224
2894
2894
2918
2918
2919
2097
2094
2219
2217
2422
3243
3246
3245
3234
3232
2988
2991
2983
2983
3020
3021
2085
2093
2396
2403
2421
2419
3243
3242
3234
3166
2993
2989
3044
3021
2296
2297
2284
2285
2396
2404
2399
2404
2345
3175
3166
3165
2972
3036
3044
3041
3042
3031
2307
2395
2399
2335
2405
2345
3174
3183
3182
3178
2976
2976
3036
3037
3034
3034
2307
2306
2291
2254
2339
2342
3181
3181
3179
2979
2978
2996
3034
3027
3027
2336
1322
1330
1329
1276
131
128
1324
1276
73
64
1343
1332
1308
1295
70
1304
1301
99
96
106
108
1546
1524
1307
100
233
235
296
1448
1305
333
293
295
1548
1555
1454
1432
331
352
232
229
288
1555
1465
1428
1429
1423
1498
335
334
230
230
285
2116
1551
2187
1501
1497
242
2112
2186
1498
242
2935
283
2114
2190
2196
2206
3065
3047
3047
3047
2123
2209
2209
2195
2196
2205
3058
3065
2902
2897
2089
3227
3061
3224
3224
2903
2897
2896
2922
2219
2418
2418
3245
2896
2922
2097
2409
2417
3246
3226
2992
2983
2297
2218
2407
3243
3166
2992
2983
3041
2296
2300
2398
2403
3176
3174
2970
2990
3043
3039
2300
2399
2341
3182
2977
3037
2306
2345
2979
3034
1323
71
63
130
93
1545
1308
1308
103
334
233
233
1549
1554
1426
1431
288
1501
283
2935
2183
2935
2211
2115
2205
3065
2900
3058
2901
2219
2917
2991
2091
2418
2973
2993
2977
3037
2336
2342
89
131
90
64
1544
1332
134
93
293
1424
1450
1424
236
1466
333
241
244
2190
2204
3064
2934
2207
2215
2897
2897
2085
2418
3227
2409
3243
3040
2407
3176
3166
2402
2345
3175
2970
3033
3027
1330
67
1295
69
70
105
1543
99
1423
293
1466
232
286
1549
1425
1500
1422
340
1496
2204
3065
3046
3247
3244
2096
3227
2399
2970
3039
2402
3183
2980
1330
1295
1301
90
130
1310
1300
1450
293
1549
1468
329
286
242
2116
2117
1496
3047
2899
2932
2115
2195
3059
2089
2217
2409
2090
2218
2409
2991
2401
2300
2301
2341
3180
2978
1330
1293
2438
2438
128
1333
1333
1385
2548
1451
96
96
292
1426
1466
1425
2189
286
2189
3050
2190
2191
3050
2899
3059
2900
3061
3223
1398
3146
2982
3040
2969
2300
2299
2401
2970
3040
2402
2344
1387
1386
2438
95
127
127
2548
2548
1451
95
1451
2303
2192
2303
1386
335
1624
2192
1387
437
2200
1692
678
2160
2299
2160
677
2193
438
