528
144
112
114
113
113
142
142
144
172
82
82
142
171
172
172
170
170
170
101
111
111
147
144
144
171
101
84
83
83
83
143
147
189
101
81
85
85
146
146
147
197
197
189
100
85
85
89
146
162
197
67
67
67
89
159
159
159
156
162
197
197
191
190
69
67
67
67
89
159
162
197
191
70
70
69
68
66
86
163
162
194
194
193
191
70
70
313
321
323
163
424
318
313
313
323
323
323
424
406
313
314
314
323
421
318
316
314
314
297
307
307
421
421
421
405
277
318
277
298
440
440
438
421
405
405
405
405
277
277
287
297
299
300
440
438
438
455
455
458
276
276
286
440
454
281
281
282
301
301
430
454
430
454
457
457
457
279
279
281
282
302
301
457
279
280
282
282
282
302
302
301
430
431
461
461
461
459
103
103
103
103
103
112
112
114
114
114
113
82
82
82
142
142
142
144
144
145
145
145
145
172
172
172
170
103
103
112
112
111
113
114
82
82
142
142
143
143
144
144
144
171
172
172
172
170
104
101
101
111
111
113
82
83
83
83
83
143
141
143
143
143
147
144
171
171
171
170
170
170
101
101
101
111
111
84
84
83
83
141
141
146
146
147
147
171
171
171
189
101
101
100
100
100
100
81
84
85
85
85
141
85
141
147
197
197
189
189
189
99
99
81
81
67
84
85
85
89
156
141
156
146
156
146
146
197
197
196
189
189
189
190
99
99
71
69
69
67
67
89
89
159
159
156
156
162
162
161
197
196
196
191
191
190
71
71
71
69
67
67
66
86
89
159
159
159
159
162
194
194
195
191
191
191
70
70
70
68
68
68
66
68
66
86
86
158
158
158
163
163
164
194
194
193
194
193
192
192
191
70
70
68
68
321
86
321
323
323
323
424
163
194
194
194
193
193
420
192
191
406
318
318
313
313
313
313
314
314
327
321
321
321
323
323
424
424
424
424
424
423
420
420
423
420
420
406
406
318
318
313
316
314
314
321
321
307
307
307
425
425
425
422
422
422
421
421
407
406
406
406
318
318
317
314
314
298
298
297
307
425
425
422
422
421
421
404
421
404
405
405
317
277
316
298
298
297
297
297
297
307
440
425
437
438
455
455
405
405
405
277
277
277
277
275
287
287
287
286
298
299
300
440
440
438
455
455
458
276
277
277
281
287
286
286
299
299
300
300
440
440
439
438
438
454
454
454
454
457
458
458
276
276
278
276
281
281
282
299
299
299
301
303
300
439
440
440
430
430
457
457
458
279
279
280
278
281
281
282
302
301
301
301
430
430
430
430
432
457
461
461
457
459
279
279
280
280
280
281
282
283
283
302
302
301
301
430
432
461
461
459
459
459
459
459
279
114
145
103
103
112
112
114
114
113
82
82
132
142
132
132
142
145
145
145
167
172
172
170
170
103
104
104
103
112
111
112
113
114
113
113
113
97
97
82
142
132
143
145
145
167
167
167
169
169
169
104
102
111
108
111
107
84
83
98
140
140
140
140
140
143
140
143
147
171
178
169
169
169
102
102
102
102
102
111
108
84
83
140
141
140
147
147
178
171
173
173
169
169
102
99
100
100
100
108
81
81
84
84
85
89
141
141
146
146
147
178
196
173
190
189
99
100
81
81
84
81
88
88
89
156
156
161
196
196
190
190
99
99
69
81
88
88
157
156
160
162
162
161
195
196
196
71
71
71
69
69
69
69
68
66
66
79
158
158
164
162
162
164
194
195
195
195
195
195
191
192
70
70
73
68
68
66
66
66
86
86
86
158
158
158
158
164
163
164
164
193
193
192
192
73
313
68
327
321
86
324
324
163
163
424
164
193
418
192
407
319
319
313
313
327
327
327
322
324
324
424
424
423
422
423
423
423
420
407
407
406
318
318
317
317
316
315
327
321
321
324
425
427
422
423
422
420
420
407
406
406
317
317
317
317
316
315
316
315
316
327
298
312
425
425
422
438
420
421
456
404
406
404
317
273
275
316
298
297
297
310
425
437
437
437
455
455
404
405
275
275
287
298
297
298
298
312
300
437
437
438
455
455
455
454
405
273
276
276
276
275
287
286
287
286
299
299
299
300
439
303
439
438
429
454
454
453
458
458
278
278
276
278
281
281
284
286
286
303
303
303
439
429
429
429
454
457
458
458
458
278
278
280
283
302
302
304
304
435
430
430
431
429
432
460
460
459
279
279
279
279
279
265
280
280
280
283
283
283
283
302
302
304
301
435
431
431
431
432
432
432
461
461
460
460
459
432
461
461
110
110
167
103
105
105
105
112
114
114
109
109
97
91
97
133
133
132
132
136
136
136
167
167
168
167
168
168
168
168
106
105
110
108
109
113
97
97
133
132
133
133
133
136
136
167
168
168
104
104
104
104
108
107
107
107
97
97
98
140
140
134
140
139
145
177
178
178
169
174
169
169
102
104
102
108
108
108
107
96
84
98
98
134
140
134
139
147
139
178
178
173
174
173
102
100
108
80
94
94
88
95
141
146
160
139
178
173
173
173
176
99
99
100
80
81
79
88
88
157
157
160
161
160
160
161
161
196
196
190
190
190
99
129
71
129
80
80
80
79
79
79
88
88
157
156
160
161
196
187
181
190
72
71
71
73
79
79
75
88
86
158
87
157
164
164
164
164
195
195
195
192
192
190
70
73
73
73
68
75
66
75
75
86
87
158
158
164
164
193
193
195
192
192
72
72
72
73
73
326
326
322
322
324
324
163
163
152
164
423
417
193
418
410
410
410
319
319
315
315
327
322
322
322
324
324
426
426
423
423
423
419
418
410
407
407
406
319
319
315
315
327
322
322
324
425
428
427
427
422
417
419
419
419
407
407
407
410
317
320
315
328
327
311
311
312
428
312
428
428
427
427
422
420
456
456
408
408
404
273
315
274
287
316
327
311
311
312
437
427
437
456
456
404
404
404
273
273
274
273
275
287
311
311
299
309
300
310
437
437
437
442
456
456
453
450
450
273
273
275
275
275
275
287
284
285
285
299
300
300
439
437
442
453
453
450
278
275
284
284
284
284
285
303
303
303
439
439
429
429
429
453
460
458
264
278
265
278
284
284
283
286
304
304
304
435
435
431
429
429
460
434
460
459
265
265
265
265
280
283
283
294
302
304
435
435
435
431
431
431
432
432
432
432
460
460
460
460
283
460
106
105
105
105
110
110
109
109
109
91
91
133
133
133
133
137
136
136
136
167
136
168
168
168
166
106
105
110
108
105
109
97
93
97
98
98
91
135
133
135
137
137
137
136
177
168
166
166
106
106
105
107
107
107
96
97
98
98
135
135
139
139
138
137
177
177
177
178
174
174
166
102
130
104
108
127
107
98
98
134
134
139
138
177
177
173
174
174
130
130
130
130
130
127
127
80
94
94
95
94
95
134
134
139
139
160
139
161
180
178
173
176
176
176
129
130
130
129
130
80
80
78
94
78
95
95
157
160
157
160
161
155
187
187
187
181
181
181
181
129
129
129
80
80
78
79
79
88
157
157
157
157
155
160
155
153
187
187
187
181
182
129
73
76
79
74
75
87
150
153
153
188
187
182
182
72
72
73
76
76
74
75
75
87
87
150
150
152
152
152
153
185
185
182
182
182
72
72
72
73
326
326
75
87
87
87
150
151
152
152
152
417
417
185
418
185
185
182
410
319
319
319
320
326
326
326
322
322
324
426
426
426
426
426
417
417
419
410
418
410
410
320
319
320
315
329
328
328
325
312
322
428
427
427
419
418
418
408
408
410
408
411
320
320
320
320
315
329
328
328
328
328
311
312
428
427
428
427
416
408
408
408
409
409
409
272
274
272
274
328
328
311
311
312
310
310
310
428
443
443
442
456
456
408
452
408
409
409
272
274
287
309
310
310
439
443
442
443
442
442
456
456
449
449
450
449
272
273
274
275
269
284
289
309
309
309
310
310
444
439
444
442
442
442
453
453
450
450
450
264
273
264
269
284
285
285
291
303
303
439
444
434
434
429
453
453
445
450
450
450
264
264
271
284
284
291
285
294
303
304
304
436
435
435
434
434
453
445
445
445
264
265
265
271
271
285
285
294
292
294
292
304
436
435
433
431
434
447
445
446
271
119
166
106
105
119
105
119
109
109
93
93
93
91
91
91
91
91
135
135
132
137
136
165
165
165
165
165
165
166
106
106
106
119
119
109
93
93
93
135
135
137
137
137
137
137
177
177
165
166
166
106
115
115
122
122
107
109
107
96
93
93
98
135
138
138
177
180
177
179
174
174
115
131
115
131
121
127
121
121
121
121
96
96
96
96
95
135
134
138
138
138
179
179
179
176
131
130
131
131
127
127
78
95
95
134
134
138
138
180
179
179
175
176
176
130
128
127
78
78
78
94
19
95
154
154
154
160
155
155
180
188
180
175
181
129
124
128
128
78
94
95
154
150
150
154
155
155
188
188
188
188
187
181
181
181
129
124
76
76
78
74
78
75
87
87
154
150
150
152
153
188
187
186
187
182
182
182
183
72
125
76
76
76
75
87
150
151
153
153
153
153
185
185
183
183
182
72
364
76
77
326
74
326
75
150
151
151
416
152
417
417
418
183
411
364
364
364
319
326
325
325
325
325
151
426
416
417
417
417
418
418
418
418
411
410
411
364
364
364
364
320
329
329
329
328
326
325
325
312
426
426
428
416
416
419
411
411
411
363
320
320
329
329
328
312
312
428
428
427
416
419
419
408
408
409
409
409
409
272
320
329
328
311
305
311
310
305
443
443
443
441
452
409
409
399
272
272
274
274
274
289
289
289
309
309
310
308
308
441
441
452
452
449
399
449
272
267
264
274
269
269
289
288
289
290
289
290
309
309
444
444
442
441
442
452
449
449
449
267
267
264
269
269
288
291
291
290
292
309
444
436
434
444
434
449
449
445
450
264
264
269
271
285
291
294
291
291
292
294
293
304
436
433
447
447
447
445
445
265
271
271
264
271
271
271
271
285
294
294
294
294
293
293
436
436
436
436
433
434
434
447
447
446
446
446
433
117
117
118
119
119
119
119
119
120
93
92
91
90
90
242
242
242
251
251
165
247
165
165
165
166
166
250
115
117
118
122
122
120
93
92
92
92
92
91
90
240
251
251
252
251
248
165
250
249
115
115
115
116
122
122
122
96
92
17
240
240
135
240
240
252
180
252
177
174
174
249
131
116
116
122
121
121
96
96
96
17
17
240
240
138
138
180
239
179
179
179
175
174
249
131
131
131
131
127
127
121
121
94
23
23
94
95
17
17
154
154
215
180
180
179
175
175
175
176
123
131
124
128
127
127
78
20
94
19
19
154
219
154
219
155
155
188
180
175
175
176
176
124
124
124
128
74
78
74
30
19
19
149
154
155
155
188
188
188
184
184
184
124
125
125
126
128
77
74
32
30
19
150
149
149
153
153
186
186
186
183
183
184
125
76
77
77
77
74
32
31
31
32
148
151
148
149
153
185
185
186
186
183
125
364
77
77
77
366
74
386
32
31
31
151
151
151
151
148
149
149
414
412
185
402
183
363
363
364
365
365
386
326
31
325
513
513
151
513
416
413
411
402
364
364
363
363
365
365
386
386
325
384
513
513
513
416
416
413
412
413
413
412
396
411
411
398
398
369
369
329
385
385
305
305
513
514
514
416
413
419
396
398
398
367
367
274
369
369
370
329
305
305
305
305
305
514
443
452
396
399
399
272
272
289
289
289
305
308
443
443
441
441
441
452
452
399
399
267
267
269
269
288
268
288
289
290
290
290
306
308
308
444
444
441
441
452
452
452
451
449
448
267
267
267
269
268
268
288
288
291
290
292
290
308
496
444
444
447
451
451
448
448
445
451
266
266
271
268
268
291
292
295
292
292
436
496
496
433
433
433
447
447
446
446
445
446
266
266
270
270
270
296
294
296
295
295
293
293
436
496
436
433
433
447
447
447
446
446
296
120
90
117
118
118
120
120
120
120
92
90
90
90
242
242
242
242
251
251
251
247
247
250
250
250
117
118
118
118
118
120
122
120
92
92
90
43
242
242
251
252
252
248
248
248
250
250
250
115
115
115
116
122
33
92
22
43
17
240
240
239
239
252
252
252
248
248
249
249
249
116
116
116
116
122
116
121
23
22
17
240
239
239
252
248
249
123
123
116
127
26
26
23
23
23
17
17
219
239
219
217
215
180
249
175
175
210
123
123
123
124
128
128
26
23
20
20
20
20
19
19
219
219
215
215
215
188
212
175
175
124
123
128
128
24
26
26
19
19
219
218
215
186
216
186
184
125
124
126
126
77
24
24
32
32
30
148
149
149
218
215
186
186
184
184
184
184
184
125
125
125
126
77
74
32
31
31
148
149
149
215
230
186
183
183
184
125
363
125
77
366
366
366
28
386
31
31
31
31
148
148
149
414
226
414
415
412
403
403
403
402
363
363
365
363
365
366
366
366
386
386
386
384
384
513
148
513
517
414
414
412
412
403
412
403
402
402
363
363
365
365
386
385
384
514
517
517
413
413
396
396
367
367
367
369
369
370
385
385
383
383
305
513
514
518
517
517
413
413
413
396
396
396
396
398
367
367
367
369
369
370
385
385
385
306
514
514
518
518
413
397
397
399
399
398
368
368
369
370
288
351
288
351
306
306
306
306
306
498
514
502
502
451
397
399
399
399
368
334
268
268
288
334
290
290
290
290
308
308
308
498
498
502
441
502
451
451
451
448
267
267
268
288
291
292
308
308
495
495
441
433
451
448
451
448
448
266
266
268
266
268
295
295
293
293
496
495
480
481
485
448
448
483
266
266
270
270
270
296
296
296
295
295
293
293
496
496
496
496
433
480
480
485
482
482
446
483
266
295
446
43
241
117
117
118
120
34
34
34
92
34
90
90
43
43
241
241
242
251
253
247
247
250
247
248
250
117
117
118
35
120
34
44
44
43
43
43
43
243
241
241
241
251
252
247
248
250
117
118
35
35
33
22
22
22
17
243
243
241
239
239
253
253
252
253
248
248
255
249
54
54
116
55
33
33
23
22
22
22
16
17
239
239
244
239
239
217
256
256
256
256
255
249
123
116
54
55
55
26
26
23
23
23
22
16
16
219
221
217
216
216
213
249
210
123
123
54
24
26
26
26
20
20
16
18
16
219
218
219
217
215
216
216
216
212
213
213
123
124
59
24
24
24
24
27
27
20
18
218
218
218
214
215
214
214
212
213
213
210
126
126
126
126
24
24
28
29
30
18
218
218
218
214
214
207
209
126
126
59
28
28
28
32
30
148
227
227
227
226
226
229
230
209
209
377
126
366
366
28
28
32
32
31
30
30
30
148
227
226
414
415
415
415
403
415
402
377
378
366
366
386
384
384
384
512
517
517
414
414
415
412
403
402
378
378
365
365
385
386
383
383
384
512
512
512
512
518
517
516
413
412
401
401
402
396
402
378
369
371
369
371
370
374
385
383
383
512
514
518
518
517
397
396
396
398
367
367
370
351
351
385
383
306
306
514
514
518
501
515
397
398
397
397
398
398
368
368
368
368
367
334
334
351
352
352
306
306
498
498
499
502
502
502
502
397
465
484
465
465
464
368
368
334
334
351
353
350
346
498
498
499
502
484
484
451
464
448
336
336
334
268
332
350
296
292
353
349
346
346
498
495
495
480
484
484
484
484
482
464
336
336
266
270
270
296
332
296
333
295
349
349
346
496
495
495
480
495
480
480
484
482
483
483
266
337
270
270
270
296
296
295
295
295
349
293
349
293
349
496
496
495
480
480
480
481
485
485
482
485
483
483
483
483
483
241
247
49
52
35
34
35
34
44
44
44
44
44
43
241
241
241
254
253
254
254
254
247
261
261
261
261
35
35
35
34
33
44
44
43
243
42
243
243
245
245
253
253
253
254
256
261
261
261
52
52
35
35
35
33
33
44
22
243
243
243
244
243
246
245
246
253
253
256
255
255
52
54
52
54
56
55
55
56
33
22
16
244
244
246
253
256
256
216
256
255
255
53
53
54
53
55
54
55
55
27
21
20
16
16
221
244
221
221
217
217
212
256
255
213
53
53
55
54
55
25
26
27
27
27
20
21
18
16
18
16
214
214
217
216
212
213
213
213
210
60
60
25
25
25
27
21
29
21
18
18
18
218
221
221
218
214
214
216
212
213
209
210
60
60
59
59
25
28
29
29
18
18
227
218
226
226
230
229
230
230
207
207
209
209
209
60
59
25
28
29
29
30
30
227
227
227
226
229
229
230
230
230
230
207
209
209
208
377
377
375
59
28
28
30
526
227
227
226
415
415
403
403
402
377
377
377
377
375
375
373
386
381
383
384
383
384
526
512
516
516
516
414
415
415
401
400
400
402
377
378
378
378
378
374
373
373
382
381
383
384
512
512
517
516
515
414
401
401
400
400
400
378
378
371
374
374
382
382
383
382
511
511
511
518
518
518
515
515
515
397
401
401
397
400
371
368
371
371
371
374
374
351
350
352
352
511
511
511
511
511
511
518
500
501
501
463
462
368
371
334
334
334
351
350
350
350
352
352
511
500
500
500
501
501
501
501
465
465
465
465
465
464
336
335
335
332
350
350
353
353
352
352
346
498
498
499
499
502
465
465
464
464
464
336
336
336
335
335
332
332
350
353
353
348
346
346
346
497
498
499
479
484
484
482
464
482
336
336
337
335
332
332
332
333
348
349
349
349
497
497
495
480
481
485
482
485
482
482
337
337
337
337
333
333
333
333
348
348
349
349
497
495
497
480
481
481
481
481
485
483
483
49
36
36
36
36
34
44
42
42
42
245
231
245
235
254
254
247
261
261
52
49
52
35
34
46
46
46
46
42
42
42
243
245
245
235
254
254
256
261
262
52
52
35
56
33
46
45
45
46
42
244
244
245
245
236
257
257
258
262
258
52
56
21
6
1
244
244
246
246
246
236
257
257
257
255
258
255
255
53
53
53
54
53
56
56
21
21
1
244
220
220
221
220
216
217
216
257
212
213
53
53
55
55
27
27
27
21
21
1
0
0
221
220
221
217
212
211
210
60
60
58
61
25
25
25
27
11
21
21
18
0
0
221
221
214
214
228
214
212
212
211
211
60
60
59
59
25
25
14
29
29
10
229
229
230
228
207
207
207
209
209
209
60
60
59
59
14
14
15
15
29
10
10
226
229
230
207
206
208
208
376
376
375
375
375
376
15
15
29
10
526
227
516
229
415
403
403
208
403
208
375
375
375
375
373
381
381
380
527
526
526
516
516
475
401
473
400
377
375
373
373
373
388
381
382
382
382
527
527
516
516
515
515
474
401
400
400
400
378
371
374
374
388
381
382
527
512
511
521
521
516
515
515
476
476
463
400
462
372
372
374
382
362
511
521
500
518
521
501
463
462
463
462
372
341
351
331
351
350
361
352
361
500
500
500
501
501
501
463
463
465
463
462
336
335
335
335
332
350
353
353
346
498
500
499
499
479
463
465
464
492
492
337
336
335
332
332
331
353
353
347
347
346
346
510
510
510
499
478
499
479
479
485
492
492
337
345
337
335
331
331
333
332
331
331
348
348
347
347
346
497
509
509
478
478
478
478
479
481
485
489
491
491
491
337
345
345
330
333
333
333
348
348
347
497
497
497
509
478
478
481
478
481
482
491
347
232
49
36
36
36
36
36
40
48
48
48
47
42
231
231
231
231
235
231
235
235
254
263
262
262
262
36
36
40
40
46
46
46
46
45
42
42
231
231
235
254
260
261
258
262
52
49
51
37
56
40
40
37
45
45
42
231
245
236
246
236
235
257
258
262
258
51
51
51
51
56
56
45
37
45
6
6
6
1
1
244
246
246
246
236
236
236
236
236
257
257
258
258
51
51
53
65
7
6
6
1
1
1
246
220
220
199
200
200
257
211
210
258
210
210
58
65
65
64
14
7
7
6
4
220
0
0
220
220
220
228
200
212
211
211
211
58
58
58
61
61
64
14
11
11
0
0
0
228
228
228
228
228
200
212
206
211
211
58
58
58
14
14
14
10
11
11
11
11
228
0
229
229
224
228
230
207
206
206
208
208
376
376
15
14
10
10
10
10
11
9
227
225
229
222
206
206
206
208
376
376
389
15
15
15
10
380
10
380
8
527
9
8
526
524
526
222
475
222
474
474
474
473
473
208
376
376
388
15
381
380
527
526
526
524
524
475
474
474
474
473
377
375
373
373
373
388
388
388
388
387
381
381
381
381
527
527
527
475
516
475
475
474
473
472
472
372
372
371
395
373
395
388
381
382
527
527
521
521
522
515
515
477
476
462
462
472
372
372
371
374
358
362
362
362
521
521
466
468
468
462
462
468
372
372
338
372
338
341
341
358
358
361
361
362
361
362
506
506
506
503
504
500
503
466
466
463
468
462
338
338
341
341
358
358
361
361
361
352
506
506
506
499
503
479
479
463
463
492
492
338
338
341
331
331
356
353
361
347
510
510
510
510
510
509
503
479
479
489
488
492
488
492
492
337
345
344
331
330
330
331
348
347
509
509
478
509
478
479
489
491
491
491
492
345
345
345
344
330
330
330
330
355
348
347
347
509
509
478
478
489
489
489
489
491
491
491
330
39
233
39
39
39
39
48
48
47
48
47
232
232
232
232
231
233
237
237
260
263
263
263
49
39
49
39
40
37
48
48
47
47
47
41
232
231
233
233
235
237
237
260
263
262
50
50
51
56
40
37
45
47
45
45
47
41
234
233
236
238
235
235
263
262
51
65
64
7
6
45
6
1
234
236
198
235
257
259
258
258
51
51
65
65
64
64
7
7
6
1
1
220
199
199
200
210
57
65
65
65
64
64
7
5
0
2
3
199
200
200
200
211
211
205
57
57
61
61
61
13
12
13
12
4
0
3
224
228
200
202
205
205
205
58
58
61
13
12
11
11
8
3
3
224
224
224
224
225
223
202
206
202
204
205
205
205
58
392
392
14
13
11
8
9
9
8
225
225
225
222
222
222
202
204
208
391
376
392
15
15
8
525
526
524
475
222
206
473
206
473
391
392
394
388
389
380
380
525
527
525
526
524
525
475
475
474
474
473
473
473
473
391
395
395
394
388
387
387
379
525
519
522
524
477
475
474
472
472
472
372
395
395
394
395
387
387
379
379
379
521
521
522
522
522
477
477
476
472
472
468
472
393
393
395
388
358
362
362
362
506
506
504
522
500
477
466
468
469
338
340
341
340
341
358
358
358
360
362
362
360
506
506
505
504
504
504
466
466
466
468
468
468
468
468
338
338
341
341
358
361
361
360
510
506
510
503
503
503
488
494
493
494
494
338
344
339
339
331
356
356
356
356
357
360
510
507
503
487
486
488
494
494
494
492
345
345
344
344
330
356
357
357
347
507
507
509
509
488
489
488
491
490
490
345
344
344
330
330
355
355
355
355
355
355
355
509
508
487
487
487
489
490
490
490
508
48
49
39
232
232
232
232
233
233
237
237
237
237
260
263
263
49
40
40
48
38
47
47
232
234
234
238
237
260
260
263
263
50
50
40
38
37
37
41
2
41
234
234
238
238
259
259
50
50
50
50
64
37
37
7
2
2
198
238
199
259
262
63
63
65
65
64
7
5
5
2
198
198
201
199
200
201
203
205
57
63
65
64
7
7
4
5
2
3
200
201
201
203
205
57
57
62
61
61
12
12
4
4
4
4
3
224
224
201
202
205
205
57
61
13
13
13
3
3
225
225
224
223
204
57
61
13
13
8
8
9
225
225
222
223
202
204
204
392
392
389
389
389
380
380
8
9
225
524
225
222
470
222
470
204
391
391
392
389
390
390
380
525
525
525
524
524
524
475
470
471
471
391
391
387
379
379
525
525
524
522
477
477
470
472
471
393
393
393
395
395
394
394
387
394
519
519
519
522
519
522
477
477
470
469
393
393
395
394
387
359
360
360
519
519
522
504
522
467
476
477
469
469
469
340
340
340
358
360
505
505
505
504
504
466
467
466
468
469
469
339
340
358
357
360
360
505
505
504
503
467
466
493
493
339
339
340
343
356
357
357
357
354
507
507
507
488
488
494
494
493
494
344
356
356
355
357
354
508
508
508
508
487
488
494
494
490
494
345
344
343
343
355
354
508
508
487
487
487
489
490
490
490
355
39
39
48
47
260
259
49
47
237
238
40
38
38
41
238
5
41
234
198
259
262
63
62
5
198
198
201
203
64
2
198
203
205
57
62
5
4
3
223
223
201
204
62
13
13
12
4
3
2
224
223
202
202
392
62
389
13
9
223
392
389
9
223
471
204
392
390
390
379
523
523
523
523
395
394
387
387
390
379
519
523
477
476
393
520
520
520
520
477
476
470
471
394
359
360
519
470
469
340
359
359
505
520
467
469
339
340
357
505
504
467
467
493
339
339
356
357
505
507
486
486
493
493
339
357
354
508
487
488
343
354
487
490
49
233
238
260
234
63
38
37
259
198
198
201
57
62
5
12
204
8
204
471
389
470
394
391
379
523
476
519
476
340
469
467
339
360
486
467
486
493
355
354
233
260
233
237
50
38
263
234
203
5
63
5
201
62
223
223
202
390
380
523
471
394
387
470
476
338
359
520
359
505
493
359
507
507
343
354
507
486
488
490
39
237
41
238
238
260
50
198
4
203
62
201
203
57
12
9
4
225
9
380
520
520
519
505
340
504
356
486
493
343
508
487
38
41
234
234
260
38
2
63
203
62
12
3
203
223
392
392
9
523
470
471
391
390
519
393
359
359
393
340
359
467
343
344
343
354
508
486
38
41
370
370
259
38
38
342
282
63
199
199
203
12
62
12
389
203
389
523
390
390
523
470
379
476
520
520
132
503
467
467
486
339
342
343
486
493
343
354
132
207
370
199
259
259
282
282
63
199
63
471
202
471
342
2
342
342
342
207
342
110
307
342
342
342
110
307
110
