3216
72
1171
1194
1196
1198
89
99
71
183
921
915
98
58
186
186
193
190
190
1057
1188
1190
60
54
58
179
1063
918
905
908
907
83
55
133
1059
931
949
951
51
51
53
139
139
133
1020
948
951
952
328
342
138
859
930
882
952
349
348
350
343
343
275
274
274
136
1047
858
867
883
884
350
340
296
261
1052
1051
869
871
868
884
388
285
299
297
264
262
1054
1053
2647
2495
2038
387
2099
2660
2645
2649
2498
2039
2040
2099
2259
2646
2453
2454
2508
2225
2662
2629
2451
2453
2507
2507
2510
2079
2231
2230
2239
2624
2622
2630
2451
2071
2068
2068
2231
2244
2244
2245
2247
2620
2624
2632
2536
2534
2071
2206
2136
2137
2241
2243
2330
2621
2621
2526
2210
2351
2812
2813
2526
2545
2200
2145
2348
2151
2352
2324
2324
2328
2785
2785
2803
2802
2546
2173
2324
2783
2803
2806
2542
2542
2546
2548
2174
2177
2149
2337
2338
2325
2325
1177
1179
1178
1172
1176
1169
1172
1202
1197
1203
1196
921
915
912
914
88
89
70
74
71
73
73
74
187
183
182
192
1178
1167
1171
1195
1195
1197
1194
912
915
98
96
97
88
70
69
72
185
187
180
183
193
1174
1057
1056
1187
1191
1189
918
909
906
915
906
97
83
95
94
93
52
60
180
177
179
189
190
190
1057
1060
1063
1188
1189
917
918
909
907
76
86
84
52
55
54
178
139
128
132
1060
1059
1063
1066
1065
1066
934
931
949
953
953
82
953
83
53
142
139
129
130
134
1010
1009
933
931
857
930
948
949
953
346
341
346
330
343
327
286
142
272
129
135
133
135
136
1009
1020
1046
1022
1021
858
857
890
942
349
348
346
340
287
342
287
273
281
273
262
270
262
1048
1047
1047
877
859
862
881
890
889
350
350
339
340
281
285
296
268
275
268
262
1054
1050
1051
870
870
871
861
868
882
883
890
380
381
386
388
388
399
300
296
296
298
265
265
260
261
1053
1054
869
867
2495
888
2496
2497
2038
2040
2100
387
300
298
299
297
295
2249
265
260
2260
2660
2658
2644
2646
2648
2649
2452
2457
2457
2494
2497
2496
2498
2039
2101
2102
2098
2099
2102
2087
2253
2079
2088
2252
2250
2260
2259
2662
2660
2645
2643
2643
2456
2495
2509
2511
2509
2511
2105
2105
2104
2099
2082
2080
2224
2080
2248
2256
2258
2257
2662
2662
2654
2642
2454
2442
2454
2504
2510
2071
2067
2082
2083
2084
2225
2256
2233
2240
2255
2246
2622
2627
2629
2451
2442
2501
2535
2507
2061
2507
2062
2068
2084
2083
2235
2230
2246
2244
2247
2623
2624
2617
2633
2625
2634
2630
2636
2529
2529
2533
2533
2205
2209
2137
2231
2234
2244
2621
2624
2620
2633
2632
2528
2525
2535
2531
2202
2203
2208
2207
2209
2137
2136
2349
2350
2350
2353
2331
2331
2335
2765
2768
2768
2767
2813
2812
2526
2545
2532
2530
2199
2198
2203
2210
2207
2210
2146
2151
2351
2331
2333
2786
2783
2808
2809
2811
2802
2541
2545
2547
2199
2200
2176
2177
2152
2152
2338
2348
2340
2341
2328
2327
2785
2787
2807
2809
2807
2803
2804
2805
2542
2542
2547
2174
2174
2177
2149
2337
2316
2328
2313
2313
2312
2313
2782
1203
67
1176
1179
1168
1160
1205
1204
920
921
912
986
914
991
91
91
70
70
67
187
187
183
193
192
1177
1175
1175
1168
1167
1192
1192
1190
1201
1198
926
921
925
911
912
99
92
94
64
63
66
177
185
196
200
200
1174
1075
1187
1182
1191
1185
927
918
906
78
79
77
80
77
93
85
95
61
58
141
196
198
197
1057
1075
1074
1075
1062
1188
1182
905
908
80
83
85
61
61
149
178
176
127
197
198
1060
1063
1066
1065
1066
1181
934
937
934
938
946
946
331
330
327
52
142
142
145
149
130
133
1010
1021
856
855
939
934
940
943
946
331
328
283
284
271
130
134
1043
1008
856
855
880
890
345
346
334
286
282
284
278
272
270
1044
1050
1044
1022
878
876
878
875
865
861
881
379
377
384
340
282
400
280
293
267
293
268
268
259
259
1049
1052
1032
877
875
865
862
865
887
887
886
381
379
380
388
383
383
401
281
293
264
252
253
1032
2647
874
2461
2495
887
2037
2037
386
399
2086
399
292
2250
251
2272
2657
2657
2643
2648
2459
2457
2492
2489
2036
2037
2101
2100
2086
2093
2090
2089
2088
2253
2248
2249
2257
2658
2658
2655
2652
2643
2457
2454
2504
2508
2042
2105
2108
2093
2087
2080
2228
2227
2256
2263
2258
2655
2653
2655
2652
2651
2640
2626
2640
2440
2442
2500
2503
2065
2105
2082
2075
2228
2228
2235
2225
2256
2238
2654
2618
2626
2635
2500
2501
2506
2061
2071
2073
2068
2075
2235
2233
2237
2236
2617
2637
2635
2438
2536
2523
2523
2483
2197
2138
2139
2140
2234
2235
2241
2356
2245
2615
2764
2614
2768
2633
2637
2529
2520
2526
2534
2532
2531
2202
2206
2196
2205
2140
2141
2349
2353
2356
2330
2333
2765
2765
2768
2773
2798
2811
2799
2539
2529
2544
2197
2193
2208
2146
2158
2145
2352
2355
2334
2334
2333
2777
2783
2811
2539
2539
2544
2192
2184
2198
2158
2152
2159
2155
2344
2341
2341
2328
2787
2786
2776
2777
2783
2792
2808
2792
2805
2806
2804
2538
2553
2538
2548
2179
2173
2181
2149
2176
2157
2152
2346
2155
2340
2341
2315
2319
2313
2148
2347
2316
1157
1160
67
1175
1166
1157
1157
1169
1202
1204
1201
1200
924
1004
995
990
991
989
48
92
64
67
171
172
169
174
170
170
166
199
1165
1163
1205
1185
1201
924
993
994
991
986
987
987
44
92
63
172
173
200
1078
1076
1162
1077
1184
1185
1185
928
925
926
992
78
96
34
86
14
64
20
177
147
177
173
196
200
1079
1067
1077
1069
1068
1182
1182
928
927
945
922
79
76
36
14
61
13
145
147
148
196
103
1075
1067
1072
818
937
940
946
977
331
84
335
144
145
148
126
108
104
1006
1007
1018
818
937
939
938
946
331
309
334
336
337
335
283
337
278
149
127
215
217
1008
1016
1019
1019
1019
1018
856
821
824
880
943
942
309
333
334
336
271
278
215
256
1043
1044
1016
1046
864
893
893
899
887
376
899
378
384
334
397
281
289
255
255
251
256
259
1050
1050
1031
873
876
864
865
894
896
898
901
378
377
391
401
293
290
253
252
259
1034
1041
1035
874
1032
2460
2461
2492
2489
2037
2046
394
390
393
400
2089
2301
293
2310
2309
2272
2269
2685
2685
2639
2459
2460
2492
2488
2489
2042
2046
2045
2092
2096
2093
2090
2252
2310
2309
2272
2300
2272
2687
2652
2652
2640
2446
2491
2503
2042
2107
2045
2107
2109
2093
2094
2220
2227
2228
2300
2263
2263
2271
2655
2683
2444
2448
2504
2476
2504
2486
2065
2064
2109
2065
2065
2108
2077
2076
2221
2218
2296
2266
2262
2693
2627
2699
2634
2437
2439
2475
2485
2484
2062
2072
2074
2222
2219
2240
2237
2238
2614
2692
2618
2691
2625
2520
2439
2522
2523
2513
2195
2011
2074
2073
2139
2118
2219
2219
2356
2409
2411
2764
2615
2774
2771
2771
2797
2636
2561
2520
2522
2523
2514
2197
2187
2138
2142
2356
2360
2410
2774
2774
2797
2800
2800
2795
2561
2192
2196
2193
2187
2186
2143
2143
2141
2344
2358
2335
2776
2773
2778
2798
2799
2561
2559
2557
2554
2193
2183
2187
2159
2157
2159
2154
2343
2344
2322
2322
2777
2779
2780
2788
2792
2558
2554
2553
2554
2551
2184
2182
2182
2159
2149
2155
2344
2345
2347
2346
2319
2320
2322
2321
2793
2319
1166
1163
1156
1160
1106
1159
1107
1201
1113
1001
984
990
984
989
983
49
16
8
10
10
11
171
168
169
167
1166
1166
1160
1122
1144
1124
1003
1002
1002
992
980
980
980
991
47
49
16
17
14
23
174
164
164
1078
1163
1162
1125
1125
1124
959
1000
994
993
45
45
44
32
33
17
19
20
123
124
158
163
164
1079
1090
1076
1068
1103
1129
922
978
35
33
14
33
24
124
111
108
105
1005
1007
1071
1071
1069
1097
817
937
936
958
958
965
978
34
35
32
321
321
19
320
117
149
110
102
103
101
1005
1013
1006
1012
1072
1024
818
818
936
823
968
966
306
306
308
317
321
314
240
249
145
126
215
218
218
1015
1016
1025
821
820
827
824
892
899
312
312
309
309
318
318
318
243
240
240
239
225
217
1016
1025
873
821
824
893
899
311
396
396
243
240
224
223
1040
1041
1035
808
807
812
893
895
902
903
376
394
394
394
397
290
241
289
221
221
220
1041
1041
1034
874
2426
2461
894
903
903
901
368
393
390
391
397
2096
2303
290
2308
233
234
221
2269
2687
2687
2680
2445
2459
2417
2492
2470
2489
2046
2046
2055
2095
2055
2096
2290
2302
2300
2307
2310
2269
2271
2683
2685
2678
2445
2445
2425
2447
2473
2482
2470
2043
2109
2094
2287
2288
2307
2293
2297
2263
2264
2273
2682
2699
2677
2699
2640
2429
2444
2447
2448
2446
2476
2484
2024
2109
2024
2076
2222
2297
2265
2265
2277
2278
2264
2692
2696
2698
2696
2437
2438
2475
2476
2485
2483
2481
2012
2023
2034
2072
2077
2221
2218
2296
2216
2266
2276
2278
2693
2696
2721
2517
2515
2011
2188
2029
2120
2121
2121
2118
2216
2215
2404
2401
2411
2400
2717
2723
2723
2771
2746
2560
2520
2514
2516
2514
2195
2013
2190
2189
2189
2120
2118
2117
2360
2360
2409
2411
2407
2718
2774
2724
2771
2746
2583
2561
2557
2557
2197
2188
2187
2124
2124
2142
2360
2358
2407
2406
2407
2410
2727
2778
2770
2796
2795
2584
2558
2559
2551
2551
2180
2163
2180
2126
2123
2124
2358
2320
2382
2322
2727
2780
2779
2790
2789
2788
2562
2563
2554
2595
2551
2179
2183
2181
2130
2155
2345
2383
2319
2322
2789
1144
167
1135
1156
1143
1144
1107
1106
1112
1003
1113
1273
1004
1001
1272
1277
984
984
983
48
8
11
152
155
152
151
159
160
166
1165
1134
1145
1121
1122
1112
1113
1000
999
981
49
47
49
8
8
22
11
152
158
159
164
1139
1088
1146
1121
1122
1129
1128
1129
959
1000
1000
997
45
42
30
21
23
115
123
111
107
1089
1091
1088
1087
1088
1104
1104
1104
1129
1127
959
956
956
955
976
977
41
29
21
25
122
121
121
108
1091
1089
1090
1082
1103
1101
826
967
975
305
36
27
324
24
122
119
110
104
102
1013
1097
1097
820
828
964
967
971
969
306
306
322
323
325
321
116
248
116
114
214
1012
1013
1029
1093
823
968
966
312
311
312
317
315
315
246
242
245
250
248
224
222
218
1015
1029
1024
809
821
815
828
851
853
902
353
371
367
353
354
243
241
236
237
225
222
223
201
1040
1038
1029
809
808
895
903
366
362
356
243
355
356
234
234
234
208
221
1037
2680
807
812
2416
846
2416
896
365
367
362
2058
361
2059
2302
2303
209
2283
2679
2680
2680
2426
2413
2472
2469
2473
2470
365
2052
2059
2054
2057
2291
2301
2306
2308
2306
2305
2269
2283
2687
2677
2678
2677
2427
2426
2428
2425
2412
2417
2464
2472
2473
2049
2049
2055
2056
2291
2288
2294
2306
2285
2683
2683
2699
2428
2432
2436
2482
2482
2024
2034
2033
2220
2213
2297
2297
2293
2274
2275
2273
2275
2688
2704
2432
2435
2479
2479
2486
2481
2012
2024
2030
2034
2032
2216
2276
2277
2274
2689
2691
2695
2696
2745
2579
2435
2578
2516
2478
2015
2014
2012
2121
2213
2216
2404
2401
2396
2400
2690
2718
2724
2721
2721
2746
2746
2586
2577
2582
2582
2517
2513
2515
2013
2017
2121
2112
2118
2403
2404
2401
2411
2715
2718
2717
2724
2748
2747
2584
2582
2608
2608
2170
2190
2171
2124
2126
2134
2404
2403
2365
2407
2730
2727
2724
2760
2796
2583
2564
2581
2557
2594
2596
2592
2164
2171
2131
2378
2380
2383
2371
2371
2727
2730
2729
2730
2759
2762
2790
2760
2796
2564
2562
2597
2597
2595
2165
2162
2165
2162
2161
2130
2129
2380
2381
2382
2372
2372
2372
2130
1135
1135
1147
1147
1144
1110
1108
1109
1116
1271
1271
1272
1276
1278
39
39
2
2
11
154
153
152
154
161
161
160
616
1141
1141
1146
1147
1118
1116
1116
1115
1269
1270
1270
1270
1278
38
1
5
5
4
155
157
614
614
1141
1140
1088
1154
1119
1126
1119
956
1258
1261
1261
974
41
42
42
3
22
118
158
158
105
614
1085
1081
1082
1118
1102
1126
962
962
956
973
974
418
42
29
30
26
25
120
118
120
111
108
772
1084
1084
1085
1081
1102
1100
1101
961
965
962
964
965
975
973
976
302
325
26
27
117
119
111
775
774
101
1559
1083
1083
1096
1094
1093
826
828
965
970
969
303
302
323
322
324
245
250
113
114
205
206
773
1027
1027
1581
1097
828
827
815
850
970
971
370
303
315
314
246
250
250
203
202
206
1027
1567
1568
1579
1029
814
814
850
852
852
375
375
353
354
355
231
237
228
236
202
201
1568
1037
806
812
811
846
848
849
849
853
374
368
375
359
356
231
230
228
227
209
1038
2668
805
806
805
2420
812
2414
845
843
849
366
364
362
363
372
359
362
2058
1686
233
1666
209
2668
2668
2664
2423
2427
2414
2413
833
2470
2048
2052
365
2051
2056
1688
2283
1665
2676
2677
2671
2672
2674
2429
2420
2412
2473
3211
2052
3211
2049
2055
2057
2290
2288
1687
1687
1685
1691
2306
2285
2285
2285
2670
2702
2432
2433
2462
2464
2464
2049
2026
2026
2032
2212
2287
2294
2280
2281
2688
2711
2705
2704
2700
2434
2433
2479
2467
2465
2466
2466
2018
2034
2213
2213
2397
2281
2690
2689
2738
2578
2576
2465
2605
2014
2029
2032
2115
2111
2388
2388
2398
2394
2715
2714
2720
2743
2739
2749
2577
2579
2610
2611
2612
2610
2605
2015
2020
2115
2114
2112
2391
2387
2396
2391
2396
2361
2737
2715
2734
2721
2749
2747
2748
2585
2582
2607
2612
2608
2601
2168
2168
2126
2373
2378
2374
2375
2362
2365
2390
2735
2730
2752
2752
2758
2585
2594
2598
2608
2602
2163
2171
2171
2133
2132
2133
2375
2384
2385
2369
2366
2372
2726
2733
2762
2762
2762
2758
2563
2566
2566
2599
2596
2592
2162
2164
2162
2130
2132
2381
2381
2385
2369
2368
2567
1149
1275
1132
1150
1147
1109
1296
1108
1296
1269
1273
1276
1279
1280
39
39
2
2
654
655
625
627
620
616
620
1134
1153
1150
1150
1152
1110
1116
1116
1301
1258
1277
1261
430
434
5
409
658
656
626
624
610
614
619
1141
1138
1137
1152
1153
1301
1258
1258
1257
1267
429
432
413
431
5
410
657
657
656
611
611
613
1138
1152
1137
1099
1119
1099
1127
1371
1370
1267
419
413
413
658
664
611
1559
1479
1082
1094
1421
1600
962
1372
1378
1391
1390
418
413
407
406
404
113
776
774
777
776
1558
1559
1559
1573
1100
1100
1597
1377
1380
1379
1378
1377
1389
1389
416
415
407
403
403
250
761
760
775
1562
1562
1580
1577
1596
1597
1379
1380
1389
416
525
516
231
761
229
205
1566
1567
1565
1578
1577
1576
1590
846
851
831
375
371
370
522
514
231
228
203
211
212
212
212
1565
1568
1568
1579
812
846
843
848
831
373
358
359
515
554
228
211
208
212
2665
2668
3004
806
2665
2423
2422
842
3192
830
832
834
834
373
365
359
1793
519
1793
1705
1703
1669
1669
1667
1666
2667
2665
2673
2664
2423
2423
2423
2419
2420
3191
3193
3210
3211
3214
372
2052
1803
1790
1793
1686
1706
1668
1704
1669
1665
1669
2671
2671
2672
2420
3195
3200
3215
1804
1806
1806
1791
1808
1707
1671
2712
2671
2712
2673
2701
2431
2432
3200
3198
3198
3119
3120
2026
1800
1808
1806
1688
1787
1685
1691
1684
1691
1670
2281
2708
2711
2710
2701
2700
2434
2436
3064
3197
3120
2018
2030
1801
1808
1807
1869
1691
2394
2393
2280
2707
2708
2705
2740
2740
3060
2576
3064
2479
3062
3062
2467
2605
2021
2018
2017
1861
2111
2388
2398
2397
2394
2707
2742
2738
2743
2575
2739
2576
2576
2610
2612
2602
2604
2605
2021
2020
1864
2115
1863
2389
2391
2388
2363
2736
2715
2757
2586
2566
2602
2605
2601
2167
2168
2115
2134
2377
2374
2377
2363
2362
2736
2737
2752
2735
2752
2570
2591
2592
2589
2168
1908
1907
1982
1980
2373
2366
1967
2734
2732
2755
2755
2754
2758
2758
2573
2573
2591
2588
2589
1895
2171
1894
1906
2131
1905
1977
1979
2384
1969
2369
1967
2733
2599
2369
1280
438
1132
1132
1149
1412
1297
1298
1295
1295
1295
1275
1276
1284
1279
437
436
437
675
677
676
624
620
622
627
616
1131
1132
1154
1414
1298
1295
1305
1302
1260
1283
1261
1283
447
430
429
435
655
434
654
626
620
1465
1138
1415
1415
1301
1301
1264
1264
1266
447
429
429
431
432
663
664
664
664
661
605
608
614
1464
1481
1481
1424
1422
1421
1373
1263
1370
1264
1267
1266
412
412
424
409
410
793
660
660
605
764
770
610
1465
1478
1478
1476
1423
1423
1598
1373
1372
1371
1370
1392
1393
415
425
406
795
793
777
772
767
1464
1562
1479
1596
1599
1599
1600
1376
1376
1390
1388
1391
419
426
422
407
404
792
796
794
757
764
773
1562
1580
1573
1577
1607
1597
1605
1587
1375
1366
1389
416
526
526
571
562
563
563
756
761
760
767
1564
1561
1565
1581
1577
1590
1589
1587
1367
1385
521
515
525
514
561
719
703
1565
1578
1570
1592
1594
1593
843
831
837
522
505
507
516
518
556
563
718
711
3004
3003
3000
3001
1593
1594
843
831
833
832
837
840
837
506
518
1795
1697
1703
1707
1663
1703
1666
3004
2991
3001
3194
3192
3191
3208
3211
3215
1804
1795
1795
1697
1704
1706
1663
1660
3014
2991
2990
2931
3200
3194
3201
3198
3206
3212
3213
3214
1798
1797
1804
1791
1685
1705
1700
1675
1674
1672
1660
3013
2674
2994
2702
2991
3195
2931
3202
3202
3205
3122
1798
1801
1801
1788
1685
1672
1671
1670
2868
2710
2879
3059
3063
3064
3198
3119
3116
3117
1801
1808
1870
1788
2007
1987
1988
1989
2394
1996
2869
2708
2871
2871
2710
2880
2877
3054
3064
3105
3115
3115
2021
3117
1873
1859
1860
1860
1861
2008
2009
2009
2008
1986
1995
2875
2875
2884
2883
3059
3042
3041
3103
2021
1876
1872
1859
2005
2005
2391
1992
2361
2874
2875
2884
2742
2835
3043
2570
2611
3042
3107
3104
3104
1886
1892
1907
1864
2004
2005
1983
2002
1969
1991
2841
2848
2732
2755
2754
2572
2828
2570
2827
2569
3101
3099
3104
1893
1892
1891
1908
1892
1979
1983
1981
1964
1970
1966
2733
2844
2755
2753
2753
2572
2573
2573
2570
2598
3100
2588
3098
2589
3097
1893
1894
1895
1905
1906
1904
1979
1981
1975
1963
1978
1970
1970
1967
1970
1967
441
621
1446
1445
1412
1411
1412
1297
1303
1303
1286
1285
1285
1283
441
438
436
675
677
677
676
667
625
623
623
645
617
1414
1417
1415
1412
1304
1304
1286
1284
446
1292
440
441
443
435
673
677
673
667
661
622
607
608
1468
1418
1418
1415
1409
1422
1305
1302
1264
447
450
447
451
444
428
444
410
672
673
604
607
608
1467
1480
1467
1481
1428
1429
1424
1429
1244
1300
1267
449
451
422
663
661
793
793
605
605
768
1465
1470
1481
1473
1477
1475
1430
1431
1419
1361
1376
1393
419
426
423
423
421
422
803
799
764
769
770
1471
1471
1607
1574
1476
1606
1603
1598
1603
1376
1364
1364
1384
1392
1384
425
572
572
796
794
754
758
766
763
767
1546
1574
1606
1602
1605
1586
1365
1367
1367
1386
1386
522
523
521
524
524
563
571
795
755
756
705
704
1549
1547
1574
1571
1590
1591
1587
1366
1406
1404
504
523
513
513
554
555
563
560
560
720
703
704
705
1548
1571
1591
1587
1402
1402
837
840
840
505
504
512
512
557
557
554
559
554
718
711
711
709
3004
3007
2998
1570
1592
1584
839
840
506
507
519
1702
1703
1663
1663
1659
3010
3007
3010
3006
2999
3000
2936
3193
3189
3192
3207
3207
3208
1768
3213
1769
1765
1795
1790
1697
1697
1699
1678
1678
1660
3010
3012
3014
3014
2994
2991
2937
2938
3185
3184
3206
3205
3212
1760
1803
1782
1788
1785
1700
1700
1679
1674
1677
3013
3014
2993
2931
2931
2928
3184
3201
3205
3123
3123
1798
1773
1797
1788
1781
1788
1785
1700
1680
1675
1681
1680
2869
2869
2869
2868
2881
2881
2927
3057
3056
3124
3124
3126
3126
3125
3126
3122
1772
1800
1883
1870
1870
1989
1988
2872
2886
2888
2877
2878
2879
3054
3060
3057
3116
3137
3126
1874
1873
1872
1882
1867
1869
1870
2009
2009
1987
1986
1985
1995
2872
2888
2883
2834
3053
3054
3041
3045
3106
3105
3110
3103
1875
1873
1879
1863
2005
2001
1993
1991
1992
2875
2841
2848
2847
2884
2836
2836
3043
3044
3042
3106
3107
3113
3109
3110
1886
1897
1896
1999
2002
2002
2002
1998
2840
2841
2849
2850
2837
2838
2835
2826
3095
3092
3100
3098
1888
1886
1904
1903
1973
1982
1963
1962
1964
1961
2844
2844
2841
2843
2830
2831
2828
2826
3095
3095
3101
3098
1887
1892
1904
1904
1979
1976
1976
1973
1980
1960
1961
1446
1445
1449
1447
1440
1294
1251
1251
1289
1288
441
499
486
673
670
668
621
642
645
1462
1446
1417
1416
1408
1245
1245
1248
1250
1292
1291
1292
443
444
488
669
669
667
630
641
645
1468
1474
1416
1428
1408
1245
1247
1248
1208
1292
449
451
444
465
686
686
630
629
644
636
1468
1477
1361
1207
1206
451
450
475
466
464
801
802
799
630
769
764
768
644
1459
1474
1470
1475
1474
1430
1431
1360
1361
1383
471
472
472
468
469
803
802
803
780
758
764
1471
1474
1607
1603
1603
1530
1361
1358
1358
1383
1382
551
424
541
422
469
798
748
767
1546
1545
1553
1552
1607
1531
1531
1364
1363
1364
1406
1385
551
549
546
541
573
510
574
574
755
757
725
708
1546
1546
1556
1552
1527
1590
1526
1365
1405
503
510
513
560
576
720
560
725
707
726
707
1548
1549
1547
1552
1517
1517
1518
1584
1583
1404
1396
513
510
553
719
717
713
714
2969
3006
3007
2997
2997
2935
1584
1584
1402
1394
1769
504
1766
556
1616
1616
1659
711
1662
714
3007
2997
2999
2997
2935
3188
3187
3176
3204
1768
1769
1766
1778
1619
1696
1611
1678
3010
2994
2998
2923
2938
2937
3189
3189
3205
3175
3132
1759
1765
1782
1782
1785
1616
1699
1682
1682
1678
3012
2994
2925
2930
2927
3189
3185
3132
3131
3132
1771
1774
1775
1780
1784
1785
1635
1636
1681
1641
2866
2866
2880
3056
3138
3136
3135
1882
1773
1775
1883
2007
1679
1636
1996
2865
2886
2878
2878
3057
3057
3048
3048
3049
1875
1880
1881
1867
1866
1867
1922
1923
1986
1986
1994
2872
2888
2886
2888
2833
3054
3047
3050
3114
3135
1876
1878
1878
1867
1923
2001
1994
1929
1993
2846
2847
2846
2834
2838
2833
3044
3045
3114
3112
3113
3109
1845
1844
1844
1898
1898
1897
1901
1932
1999
1998
1935
2850
2863
2847
2849
2856
2837
2831
2834
2816
2816
3094
3092
3099
3092
3114
1889
1848
1818
1896
1817
1900
1816
1900
1973
1973
1947
1937
1960
1936
2844
2863
2862
2856
2830
2827
2815
3095
3092
3097
1889
1888
1887
1818
1817
1901
1976
1972
1975
1961
1939
3091
498
1456
1448
1455
1448
1449
1440
1439
1253
1253
1255
1220
1288
498
501
500
487
487
488
670
666
667
647
645
642
650
1447
1440
1409
1440
1253
1248
1251
1251
1214
1223
1289
500
491
486
668
698
641
632
642
1462
1461
1454
1427
1425
1437
1426
1244
1248
1214
1214
490
485
485
466
685
686
630
634
635
635
1458
1462
1462
1502
1502
1426
1247
1240
1217
1207
1211
1206
1210
1210
474
461
473
464
461
465
788
686
788
779
780
632
636
1458
1459
1473
1502
1345
1347
1208
1383
1383
476
473
476
468
801
803
783
779
783
747
783
742
742
1554
1504
1527
1529
1530
1357
1348
1358
1354
471
550
549
472
540
541
575
566
799
722
747
750
1556
1554
1552
1526
1521
1519
1531
1358
1328
551
551
547
544
541
573
575
576
798
754
723
751
708
1553
1555
1556
1516
1527
1531
1401
1327
1406
1329
1406
546
547
543
510
544
598
592
723
727
725
727
713
2969
2964
1518
1518
1310
1405
1399
1399
1398
1397
504
601
555
591
592
591
726
714
2969
2996
2948
1517
1515
1514
1402
3182
1398
3176
1399
3173
1396
1399
1763
1763
1762
600
1778
600
1619
1618
1618
1612
1631
714
2967
2966
2936
1515
3182
3175
3176
1769
1759
1766
1777
1713
1616
1619
1613
1629
2984
2983
2922
2922
2920
2922
2933
2934
2934
3181
3188
3182
3182
3187
3128
1760
1744
1778
1778
1713
1712
1610
1612
1642
1630
2984
2866
2924
2917
2922
2923
2928
3179
3132
3129
3129
1774
1771
1779
1779
1780
1713
1635
1638
1641
1643
2906
2906
2924
2925
3029
3048
3163
3139
3134
1772
1716
1637
1638
1640
1641
1641
2906
2905
2905
2866
2903
2913
2913
3028
3031
3015
3049
3048
3016
3139
3137
3138
3135
1874
1756
1881
1835
1879
1923
1926
1926
1914
2897
2903
2912
2908
3030
3032
3032
3015
3051
3051
3151
3148
3148
1880
1836
1879
1825
1933
1926
1914
1913
2897
2902
2909
2825
2825
3037
3050
3020
3114
3110
1842
1842
1845
1843
1819
1836
1814
1826
1948
1933
1928
1932
1928
1911
2859
2863
2855
2824
2824
2819
2816
3073
3112
1848
1843
1820
1820
1820
1950
1951
1948
1936
1938
1944
2861
2863
2858
2854
2819
2818
2816
2817
3073
3073
3069
3070
1848
1850
1820
1817
1951
1951
1951
1947
1938
1937
1935
2856
1441
482
1456
1455
1443
1441
1236
1255
1255
1254
1220
1219
499
497
497
501
481
681
681
698
647
652
652
1452
1454
1456
1433
1437
1235
1233
1255
1233
1233
1214
1223
494
490
479
484
689
688
698
633
649
650
1490
1493
1493
1425
1436
1427
1241
1232
1216
1217
1216
1222
491
485
485
689
689
688
638
634
1491
1506
1497
1348
1348
1217
1217
1211
459
463
463
789
633
783
639
639
1484
1483
1503
1502
1497
1495
1345
1348
1353
1355
474
475
462
564
788
742
1534
1536
1504
1520
1501
1521
1340
1355
550
533
534
567
569
782
783
752
748
750
1534
1537
1537
1536
1520
1519
1529
1339
1339
1333
1330
535
569
569
582
723
752
751
752
1533
1556
1523
1508
1333
1327
1330
1326
547
532
544
532
586
568
597
582
590
722
736
736
739
738
737
1534
2971
2975
1509
1311
1328
1329
1326
1325
1326
543
529
544
602
592
593
595
738
717
2972
2965
2964
1514
1311
1310
3173
1763
1727
602
595
595
1632
717
1632
2965
2966
2950
2947
2949
3167
3173
3173
1763
1743
1741
1741
1740
1726
1619
1613
1610
1609
1611
1630
1629
2983
2987
2919
2916
2933
2944
3181
3178
3129
1744
1741
1729
1731
1713
1610
1610
1644
1643
2984
2918
2919
2916
2918
2934
3179
3179
3164
3162
3128
1755
1757
1730
1716
1715
1710
1635
1637
1644
1638
1642
2977
2981
2915
2916
3029
3163
3025
3164
3151
3135
1753
1757
1716
1716
1655
1648
1648
2896
2906
2913
2910
2956
3028
3029
3025
3017
3162
3150
3151
3147
3148
3142
1753
1752
1753
1830
1922
1655
1926
1925
1914
1649
1914
2897
2903
2908
2913
3030
3031
3017
3019
3087
3148
1842
1836
1835
1839
1931
1930
1920
1911
1910
2903
2859
2891
2891
2825
3039
3039
3038
3038
3020
3089
1842
1841
1838
1814
1826
1826
1929
1943
1945
1911
2861
2858
2825
2853
2822
3037
3076
3075
3070
3088
1851
1848
1819
1825
1950
1954
1954
1942
1945
2861
2859
2856
2819
2819
3074
3076
3076
3073
3067
3076
3069
1851
1851
1810
1809
1811
1958
1958
1939
1942
1850
1234
1452
1442
492
496
497
497
481
482
692
683
682
697
698
652
652
1452
1437
1442
1235
1242
1226
1223
1223
492
494
680
682
700
701
648
648
1490
1492
1437
1499
1242
1233
1228
1230
1229
493
479
689
699
702
638
1489
1485
1489
1493
1498
1240
1241
1347
1230
1230
463
454
790
633
639
1483
1484
1505
1506
1498
1345
1344
1355
1230
460
453
566
569
790
786
745
744
1532
1482
1503
1496
1341
1342
1353
1351
1355
535
786
785
786
748
752
1534
1541
1540
1523
1524
1342
1339
1342
1333
1332
1354
534
535
587
587
582
735
750
1543
1540
1338
1339
1308
1326
538
532
588
589
581
736
1541
1509
1306
1508
1322
1323
1323
532
602
598
602
716
736
739
2972
2971
2950
2948
2947
3165
3169
1322
528
528
1728
597
602
1621
595
1625
733
2972
2988
2974
2950
2944
3166
3166
3168
1742
1743
1730
1727
1732
1723
1621
1631
1627
2986
2986
2944
3167
3172
3156
1742
1741
1729
1725
1709
1621
1625
1626
2977
2985
2987
2917
2959
2959
2916
2963
2963
3157
3157
3156
1757
1738
1732
1709
1710
1624
1647
2978
2978
2952
2962
2963
3026
3164
3164
3142
3157
1757
1746
1757
1719
1657
1719
1646
1650
1646
2911
2911
2956
2956
3160
3151
3145
3142
1753
1747
1719
1833
1657
1657
1650
1649
2894
2910
3035
3019
3016
3089
3143
3142
1747
1837
1831
1930
1920
1911
2892
2891
2909
2821
3039
3034
3034
3085
3089
3089
1838
1837
1823
1931
1918
1920
1920
1944
2853
3039
3079
3075
3085
3088
1858
1858
1856
1856
1822
1822
1953
1957
1954
1943
2852
2853
2821
2822
3065
3066
1851
1858
1813
1811
1810
1954
1958
1941
1942
3074
1433
1443
1236
1220
691
695
1451
1220
680
700
1493
1499
1239
1226
679
1351
1228
460
454
701
639
1482
1524
1345
459
453
789
745
1495
1350
463
745
744
1542
1540
1341
1335
537
589
586
585
737
1512
1509
1306
1307
1333
1320
536
531
582
581
729
2973
1540
2947
1307
1318
578
2975
2949
1319
579
1628
732
2974
2941
2944
3169
1735
1728
1726
1731
2988
2959
2961
2961
3165
3154
3154
1738
1710
1725
2981
1749
1738
1748
1749
1718
1653
1622
1626
2952
3160
3160
1755
1657
1647
2953
3026
3026
3141
1750
1717
1656
2893
2956
3023
3143
1839
1831
1656
1919
2894
2890
3035
3022
3087
1854
1828
1833
1918
1916
2892
3079
3067
1854
1823
1956
2853
3085
1813
1956
1452
479
680
692
494
1505
1238
1239
790
537
585
585
1542
1512
1336
1335
732
1308
733
1628
2950
1625
2958
2980
3170
1735
1724
3154
1725
2955
1647
1719
2893
3145
1830
1832
1827
1956
3079
3066
482
691
479
699
1490
1239
648
494
743
1351
1496
1336
786
1512
588
579
594
2947
3168
1735
1625
2959
2963
1653
1653
2896
3160
1750
3023
3145
1917
3023
1853
1854
3082
3085
1854
1828
1958
1942
1434
683
1226
455
680
702
1485
460
1350
743
1512
585
730
1543
1317
1319
1334
529
1318
3170
1737
1738
3157
3144
2891
1746
3078
1828
1916
3082
1856
1809
1434
1226
1228
478
695
1239
1229
1496
730
1539
1316
538
730
578
2973
2975
1320
1720
1722
1627
2980
2943
3154
2976
2956
3026
2976
2953
3023
1652
3081
2899
2899
3065
1858
1827
1434
1225
1694
1694
695
1487
1487
996
1692
1316
456
456
728
1317
1511
1317
2941
729
2941
1734
2941
2940
1734
1722
3153
1724
1737
1748
997
3159
1653
1917
1829
2900
2900
3081
1832
1917
3082
3079
1312
1313
1694
457
694
694
1692
1692
1314
457
1314
2069
2127
2069
1287
536
2025
2292
1315
165
2125
2027
15
2314
2900
2314
56
2289
276
