688
102
198
186
184
184
101
101
102
149
191
190
104
139
139
143
149
145
145
198
182
182
96
96
97
143
224
183
191
192
192
96
96
144
224
254
245
245
100
100
97
141
141
144
223
244
245
246
100
100
141
253
253
253
245
117
117
117
115
115
163
163
165
165
256
253
256
239
239
117
111
107
171
219
217
256
256
255
239
113
111
108
108
169
171
217
217
562
567
568
113
383
570
570
562
568
568
381
383
393
570
559
559
567
391
571
569
559
559
582
582
370
371
390
390
394
544
569
546
584
370
372
372
390
396
396
396
394
543
544
546
584
583
370
360
373
373
396
396
422
543
543
547
351
423
546
538
553
554
362
353
419
353
423
426
426
426
541
541
538
556
554
362
426
541
537
556
556
553
554
554
362
351
350
427
427
424
424
200
200
200
200
200
199
186
186
186
185
184
190
190
190
190
101
101
102
102
102
139
139
140
149
149
149
149
200
198
198
186
182
183
186
191
190
104
101
102
103
102
103
102
139
149
145
149
147
198
203
203
198
182
183
191
191
191
192
192
106
98
105
105
105
96
96
143
143
143
144
145
145
224
224
224
224
183
183
191
192
192
98
105
99
96
97
141
142
143
143
144
222
224
224
223
224
223
254
244
245
245
246
98
246
99
97
141
141
143
144
165
215
223
252
254
254
244
245
245
246
117
99
98
99
115
100
100
141
163
164
165
164
165
165
215
219
219
252
252
252
253
240
246
116
117
115
115
111
111
110
163
110
163
165
165
165
219
219
219
257
253
253
239
240
240
116
117
117
117
111
110
107
169
171
171
171
217
217
219
256
256
257
255
256
255
239
239
112
116
113
113
113
111
108
107
107
108
169
171
171
171
217
217
256
256
566
239
568
568
568
568
383
113
108
108
108
107
107
389
171
171
393
572
572
570
562
562
562
563
562
563
566
567
566
567
568
383
383
382
383
383
377
389
377
376
389
389
393
392
572
572
570
570
562
560
566
567
567
567
381
382
382
382
382
371
371
391
371
391
393
392
392
571
570
571
559
559
581
582
582
582
370
372
372
371
371
391
395
391
395
395
394
571
544
559
559
584
584
584
582
370
370
370
372
372
371
390
390
396
396
394
544
543
544
546
545
546
546
547
547
584
583
370
375
373
374
390
390
396
543
543
543
546
546
547
553
583
583
360
360
361
361
361
353
373
419
423
423
423
426
425
425
543
541
540
538
538
547
557
553
583
583
362
360
360
361
361
351
353
353
423
425
425
540
541
538
539
538
538
553
554
554
362
362
351
351
351
353
350
419
427
427
426
426
541
540
541
537
537
556
556
556
555
554
554
362
362
351
350
427
424
424
424
424
424
424
541
185
140
200
200
199
185
186
185
188
189
190
181
190
180
101
101
103
103
140
140
148
148
149
147
200
203
199
199
198
182
186
182
185
184
189
189
189
189
192
104
101
105
103
103
140
139
148
145
147
147
203
203
198
183
182
183
187
191
191
104
104
106
104
106
105
106
105
97
139
142
146
145
145
222
203
202
202
222
201
183
191
192
98
98
106
96
97
142
142
142
146
146
146
222
222
223
223
220
223
254
254
244
244
246
246
98
99
99
100
97
141
161
142
164
144
222
223
252
254
244
254
244
246
246
115
115
100
163
163
164
164
216
215
252
254
240
240
116
117
109
110
110
110
161
163
164
219
218
218
215
257
257
252
257
257
253
253
116
116
114
111
111
109
110
168
169
168
169
169
170
170
217
218
218
257
257
255
255
255
239
238
238
116
112
112
113
114
114
114
111
168
169
170
170
226
562
257
563
566
238
565
381
113
114
383
108
107
389
170
392
573
572
570
562
563
563
566
566
568
381
381
382
383
382
377
376
376
389
389
389
392
572
572
573
572
560
563
563
566
567
384
386
386
382
377
371
376
391
395
392
392
571
573
573
571
569
569
560
560
560
581
581
587
384
386
372
374
365
391
388
391
395
395
571
544
545
560
581
582
582
370
372
375
375
374
373
390
395
394
544
545
547
581
584
581
584
587
359
375
375
374
388
388
396
422
394
544
542
523
543
545
547
547
547
557
583
583
583
360
361
360
361
375
353
423
423
422
422
425
542
542
542
542
538
538
558
553
558
553
360
363
361
352
352
353
423
422
425
425
425
540
539
537
556
555
555
364
364
364
352
352
352
352
349
421
428
426
540
540
540
540
539
539
537
537
537
556
557
557
555
555
555
364
364
364
350
351
350
350
349
349
427
427
428
428
424
350
428
427
199
185
140
199
196
199
196
199
185
185
185
188
189
188
181
181
180
178
90
103
103
140
140
148
148
148
148
148
147
147
203
196
185
194
188
189
189
181
181
180
180
180
90
103
140
131
148
147
203
202
202
202
201
194
182
187
189
187
179
106
106
106
105
88
139
131
142
131
146
129
146
146
203
202
202
201
201
201
187
187
187
243
243
104
106
92
88
97
88
133
129
146
146
146
222
220
220
251
244
241
243
243
98
99
94
95
133
142
162
129
150
222
220
220
249
251
241
241
243
127
127
99
95
94
94
95
95
161
162
162
164
164
215
216
215
215
220
215
249
251
251
240
243
243
128
115
109
109
161
161
162
164
216
218
216
218
257
251
240
240
238
116
238
128
112
109
109
110
168
168
169
170
170
166
218
218
218
228
257
248
255
248
236
238
238
112
112
114
109
107
168
168
166
170
226
225
226
226
226
561
564
565
565
565
381
112
114
114
114
377
376
168
406
402
402
402
573
573
569
561
563
565
565
565
381
381
385
385
377
377
376
376
405
404
402
402
392
573
573
569
569
563
585
587
384
384
385
386
386
386
377
366
376
405
405
404
404
404
573
571
560
580
581
585
587
587
384
384
386
384
386
386
366
365
365
388
403
403
401
523
569
524
545
560
580
585
587
587
375
369
374
365
388
395
395
394
523
523
523
524
545
588
581
589
589
590
359
359
375
374
374
365
388
388
422
409
409
523
523
542
542
522
545
545
558
589
589
589
590
359
359
375
373
422
421
409
542
522
522
538
558
558
558
363
360
363
363
361
348
352
352
421
421
422
529
531
539
539
558
558
557
553
555
363
364
364
348
345
352
352
428
345
428
429
531
531
539
532
537
557
555
549
555
548
364
357
357
345
350
349
349
349
349
349
428
429
429
429
557
429
196
196
196
197
197
184
184
188
188
181
181
178
178
178
178
90
87
87
87
138
136
138
138
138
147
196
196
194
194
197
194
188
173
181
181
180
180
180
178
90
89
90
87
88
131
138
135
147
193
194
194
210
210
188
172
173
179
179
90
104
90
88
89
89
88
131
131
129
136
129
135
193
193
202
201
209
187
172
179
92
92
88
92
133
133
130
129
129
221
221
201
220
201
227
251
172
241
241
243
241
242
92
92
95
95
94
95
95
133
133
162
150
150
150
221
221
221
221
221
220
251
251
241
241
243
242
127
91
127
94
94
95
161
160
161
162
162
151
150
216
216
221
249
227
251
251
236
236
127
128
127
128
122
109
122
120
161
162
159
151
166
216
228
249
249
249
248
236
128
122
120
120
167
166
166
225
225
228
228
249
247
248
236
237
237
128
125
118
119
119
120
167
167
167
166
166
226
225
226
228
561
564
247
237
237
237
125
118
119
119
119
380
380
167
407
167
167
157
402
577
577
577
574
561
564
564
592
592
565
385
385
385
378
380
380
380
407
406
407
402
402
578
578
576
576
561
561
580
592
586
592
384
385
378
366
407
405
405
403
404
404
400
578
578
578
576
576
576
561
580
580
580
585
587
385
386
369
366
366
405
403
404
401
401
404
525
524
524
522
580
580
586
585
586
586
587
367
367
369
369
365
365
388
403
387
403
401
401
524
524
522
590
590
355
359
369
374
369
368
365
387
387
410
401
409
409
525
523
521
521
522
517
588
589
590
590
359
355
354
359
354
373
373
348
388
421
409
409
408
529
521
521
521
517
558
588
589
590
363
363
354
348
348
348
421
421
408
408
429
409
529
531
533
532
558
550
557
549
548
548
363
357
357
348
348
345
421
429
428
429
529
531
531
533
532
532
550
549
548
549
548
358
357
357
345
345
345
415
429
429
532
197
135
195
197
197
197
212
212
184
174
174
174
174
175
176
177
178
178
177
87
87
87
138
137
137
138
138
137
135
195
195
197
213
210
188
174
173
174
177
90
89
89
86
86
86
136
138
137
135
135
194
208
208
210
210
210
173
172
173
173
173
179
90
89
89
131
133
131
132
130
129
193
207
193
207
208
209
209
209
210
209
172
172
179
179
284
179
284
92
88
93
132
132
132
130
193
193
193
207
206
209
250
242
242
91
92
93
94
93
133
132
130
150
150
231
231
231
250
250
250
242
286
242
91
127
91
94
94
93
160
160
160
158
151
216
232
231
231
236
242
242
127
126
128
128
122
122
122
120
159
159
160
158
151
151
225
234
227
227
250
247
250
236
237
237
128
126
128
122
122
120
159
156
159
156
157
151
157
225
225
228
229
229
236
237
125
118
119
120
121
119
155
167
156
157
157
225
577
228
229
564
247
564
237
125
125
118
379
119
380
380
407
157
399
577
577
574
574
564
591
592
592
592
125
378
379
380
379
380
407
406
406
406
406
402
399
579
579
579
578
576
576
575
575
591
564
591
592
595
594
378
378
379
366
407
406
406
399
579
578
578
575
575
591
586
586
367
369
369
366
366
405
403
403
400
400
400
401
524
576
575
597
585
586
586
586
367
367
368
368
368
387
401
401
400
525
525
524
522
519
588
597
598
590
585
355
355
355
346
365
387
410
410
397
401
525
528
521
522
521
517
517
517
588
598
588
589
590
590
355
354
347
347
347
410
410
408
408
528
529
529
521
533
517
596
588
600
600
356
354
356
348
347
347
410
412
408
408
529
529
533
533
532
550
550
550
549
548
549
599
358
357
344
414
414
415
415
408
529
531
533
530
533
533
532
533
532
550
550
549
549
548
358
358
358
357
358
344
344
345
414
415
416
416
416
344
195
195
213
213
212
212
212
212
174
175
175
176
176
177
40
42
40
86
136
137
136
137
137
137
135
135
78
204
195
213
213
211
211
174
174
175
175
175
175
177
42
86
86
86
136
137
134
134
134
204
204
208
208
211
211
211
173
175
288
288
284
89
42
42
86
86
132
136
134
134
134
207
208
208
210
206
211
172
280
288
284
284
284
42
91
91
93
32
132
132
132
130
130
153
207
207
207
207
206
206
209
283
280
282
280
280
286
284
286
91
91
33
93
158
132
130
154
154
153
232
207
232
231
231
227
281
280
280
286
286
126
126
126
35
93
93
160
160
158
154
150
153
232
231
232
231
250
250
300
300
280
286
126
126
121
122
121
159
160
158
152
151
234
234
234
233
233
227
247
300
300
286
123
123
121
121
121
159
159
155
156
156
152
234
228
229
227
229
247
296
296
296
296
125
125
123
118
121
121
155
155
155
156
225
577
229
229
229
626
247
626
300
296
296
125
124
124
124
124
118
118
379
469
155
435
157
577
628
579
574
574
626
591
296
595
594
594
124
378
379
469
399
435
579
579
579
579
574
575
626
626
592
595
594
594
594
378
379
379
407
471
471
471
431
406
399
399
399
579
575
575
591
591
591
595
595
367
378
368
366
407
397
400
400
525
519
519
519
519
597
597
597
593
595
593
595
593
368
387
387
397
398
525
525
520
597
597
593
593
355
368
368
346
346
387
397
397
398
528
525
520
520
516
517
516
598
598
596
600
601
601
355
354
346
347
346
412
410
410
412
411
411
528
528
528
534
534
534
516
517
598
596
600
600
601
354
354
347
414
413
413
415
411
411
412
530
530
534
534
532
550
600
552
600
600
356
356
356
347
344
413
414
414
415
416
411
416
530
530
536
536
536
536
551
551
552
552
548
599
358
356
358
344
344
414
414
415
416
416
551
213
176
195
214
213
212
306
212
306
175
176
176
177
177
40
40
40
84
84
84
83
79
79
78
79
204
214
214
214
214
213
211
211
307
288
176
288
42
41
83
32
82
81
134
79
78
78
78
204
204
205
205
214
308
289
289
288
288
42
42
32
41
82
32
81
81
81
75
134
75
205
206
208
208
211
206
209
283
280
289
36
36
32
82
81
130
230
230
208
281
283
283
283
282
279
285
284
35
36
35
33
33
158
154
154
153
153
230
230
232
232
206
206
281
283
279
279
279
279
285
286
35
35
33
33
33
160
50
154
154
232
232
233
233
277
281
300
279
286
12
20
20
159
51
158
153
234
234
235
233
227
273
299
300
300
297
123
126
123
12
16
155
155
152
156
152
152
152
234
234
234
233
298
300
298
297
297
123
123
121
16
16
155
156
157
152
633
633
633
229
625
625
627
298
627
297
296
297
297
124
124
118
468
16
469
438
439
439
435
435
435
628
633
625
633
625
625
625
626
626
626
627
676
594
670
124
594
468
469
468
469
439
439
439
439
435
435
628
628
623
626
627
676
670
463
468
468
469
471
439
431
518
628
518
574
574
624
626
676
676
666
669
595
462
462
468
468
471
472
471
431
431
431
431
399
518
518
518
519
519
597
597
666
666
593
462
462
470
470
471
472
431
398
398
398
518
520
520
520
516
656
598
666
597
667
666
593
593
355
491
489
489
412
397
397
397
398
518
520
520
516
516
516
596
598
598
596
601
601
601
491
491
489
346
489
412
412
412
411
528
528
536
516
551
601
601
601
491
491
346
346
413
413
413
411
411
530
527
534
530
534
552
596
599
599
356
485
485
512
413
415
418
418
530
526
535
535
535
536
536
551
552
552
599
599
487
356
485
485
344
485
512
512
415
418
418
418
530
552
416
177
40
195
214
214
309
306
306
307
307
307
176
176
319
319
40
41
40
84
84
84
79
79
79
79
78
204
214
214
309
306
306
307
307
319
319
288
319
37
41
41
41
84
41
84
79
79
205
204
310
310
308
289
289
289
289
38
38
37
42
41
82
81
82
81
81
76
75
75
342
342
205
310
308
308
282
289
289
287
287
38
36
36
36
32
32
49
82
80
76
80
76
75
230
205
343
277
277
283
283
283
282
282
287
285
287
35
36
36
49
49
154
153
60
230
230
341
277
281
281
283
279
279
285
285
285
35
12
35
33
33
49
49
49
52
50
153
235
235
323
277
278
281
278
299
294
294
285
12
12
20
20
20
51
16
51
51
152
60
235
235
235
233
273
273
299
299
299
292
13
13
20
20
16
51
63
235
235
323
273
273
299
299
297
295
14
14
14
16
17
17
16
63
63
633
633
625
625
273
298
298
298
297
297
297
295
123
14
13
469
437
438
438
436
438
435
633
628
625
627
627
675
675
675
670
463
468
469
467
438
438
439
435
628
629
623
624
676
627
676
676
675
670
670
670
463
463
468
467
471
439
437
434
434
432
434
629
623
629
624
623
624
624
674
676
669
669
462
462
470
471
472
431
430
432
628
519
624
656
656
666
666
667
669
669
462
472
470
472
430
430
430
430
398
432
620
518
620
620
520
621
621
657
666
667
667
667
491
668
492
490
490
490
490
430
514
514
514
504
504
527
527
622
621
659
659
659
662
491
493
493
489
515
514
412
499
398
527
527
527
534
655
659
551
596
659
663
662
662
491
487
485
489
510
510
512
499
418
499
526
526
526
535
535
536
655
551
655
659
665
665
662
487
487
487
485
487
512
510
512
413
418
418
526
526
535
535
535
536
551
663
552
552
665
599
665
599
664
487
487
487
485
483
483
511
512
511
417
512
417
417
418
417
417
37
77
337
337
309
309
309
306
307
307
320
320
320
319
37
40
85
85
85
85
85
83
83
77
77
77
77
309
309
309
310
308
307
320
319
319
320
37
37
37
23
85
84
85
83
80
77
78
75
342
342
310
310
310
310
308
320
287
38
39
38
39
39
38
38
32
85
82
76
75
76
342
343
342
342
310
301
276
301
308
289
287
38
39
36
82
80
48
48
80
76
75
341
341
343
343
343
343
277
276
282
290
287
287
34
34
34
34
34
34
49
52
50
59
60
341
341
277
324
341
278
277
281
276
282
294
294
292
285
292
12
20
19
49
49
52
52
60
60
60
322
322
278
278
278
294
294
294
293
292
292
12
12
11
18
20
19
19
51
52
60
58
60
322
322
323
323
273
274
275
293
293
295
13
13
13
19
17
17
15
15
51
61
63
63
63
322
323
273
275
299
293
295
295
295
14
14
13
17
17
15
17
15
15
61
63
63
63
633
632
631
323
275
275
295
295
14
14
17
438
438
436
436
436
632
632
630
632
631
631
639
627
675
675
675
675
672
453
670
466
466
467
467
467
437
437
433
433
434
630
630
630
630
629
623
639
639
674
676
676
672
670
463
463
466
470
467
437
437
434
434
433
630
630
629
623
640
640
674
674
671
669
670
463
464
465
470
465
472
472
430
434
434
432
433
629
620
620
629
623
624
640
657
674
667
669
669
668
668
668
668
463
462
492
472
472
430
432
620
622
622
621
621
621
657
659
657
667
667
668
492
492
492
490
490
490
490
514
514
504
504
504
504
620
622
622
656
659
658
658
658
660
660
662
662
493
493
490
490
515
504
504
499
499
620
619
619
619
622
656
655
658
658
659
660
662
661
662
662
493
489
489
515
515
499
499
500
527
527
619
618
655
655
655
663
663
665
665
664
486
486
486
483
510
511
499
501
417
500
526
615
526
618
618
647
655
663
663
665
665
664
486
486
483
483
512
511
511
511
512
417
417
337
337
337
337
302
306
317
320
321
321
37
24
23
85
85
83
83
77
77
340
337
342
309
302
302
317
317
317
320
321
321
39
23
23
73
85
83
76
66
66
342
342
301
301
301
318
318
318
316
320
39
39
29
29
73
73
80
76
66
68
340
343
290
290
291
39
39
31
30
30
45
48
48
80
59
59
59
68
340
339
339
343
324
276
276
290
290
291
31
31
30
30
30
49
48
48
50
50
59
341
324
278
276
276
276
290
294
292
34
291
11
34
18
18
18
52
59
60
326
326
326
324
278
278
274
294
268
293
293
292
11
11
11
18
18
19
19
19
52
52
58
58
322
326
325
323
274
278
274
293
293
10
10
19
15
6
51
15
61
62
61
62
322
322
323
325
274
274
274
275
275
261
260
13
10
15
61
61
62
62
632
632
632
631
631
639
275
275
261
260
453
14
466
17
441
436
436
62
436
62
631
631
631
644
639
673
673
672
672
453
453
466
467
441
437
444
433
630
644
640
641
640
639
673
673
673
672
671
464
466
466
465
467
440
437
433
433
433
630
629
641
640
640
674
674
671
671
668
464
464
466
465
470
459
445
445
433
433
606
606
621
674
684
682
668
492
465
464
465
445
432
449
432
608
611
621
611
657
657
684
658
684
492
492
488
488
488
488
515
514
503
504
503
620
622
622
622
656
657
658
660
661
682
493
493
493
515
514
503
503
503
502
619
619
618
656
618
648
658
658
661
661
661
661
480
476
477
493
484
488
484
515
515
500
500
619
615
619
618
617
648
618
656
648
648
663
665
664
664
661
486
477
483
484
484
484
484
510
510
513
513
501
500
500
615
615
615
617
647
647
647
663
664
664
486
486
486
483
483
484
511
510
511
501
501
664
24
335
337
336
337
335
335
302
315
317
317
313
321
24
24
25
23
23
23
72
72
72
64
66
66
66
336
336
302
302
317
318
317
317
316
321
321
25
25
23
72
70
67
67
66
340
340
336
301
333
336
301
302
318
316
321
25
29
29
29
73
73
67
68
68
68
340
340
340
339
328
301
318
305
316
316
316
316
291
316
31
29
27
30
29
29
73
73
73
67
67
67
68
339
339
339
329
268
267
291
291
291
31
31
31
30
45
45
43
50
50
59
43
59
55
326
329
324
268
268
264
267
290
265
31
11
2
31
3
18
6
45
50
43
58
56
325
325
325
324
324
269
268
264
262
11
10
11
18
3
6
6
6
45
52
58
56
58
326
325
325
274
271
271
272
262
262
262
262
10
10
10
5
3
5
9
52
61
58
61
62
632
643
272
271
272
261
261
261
261
260
10
5
5
9
9
9
54
62
632
643
643
272
272
272
272
678
261
672
261
672
260
260
453
453
455
8
456
8
441
441
441
444
444
62
643
643
639
272
673
678
672
453
455
453
456
456
441
440
440
442
644
644
644
644
641
641
639
641
640
636
673
678
678
673
671
455
455
456
466
456
459
440
444
450
450
606
606
644
641
641
641
640
677
671
671
671
464
464
465
465
465
460
445
449
450
450
606
606
611
611
677
677
684
683
682
464
461
445
449
449
450
449
606
606
608
611
608
610
611
651
651
684
660
684
684
684
684
683
682
480
479
479
481
488
445
445
447
502
608
608
610
611
651
650
650
653
660
660
683
682
480
481
481
488
509
509
503
502
502
614
617
617
617
617
649
660
653
661
661
476
480
476
481
477
481
481
513
513
509
503
497
503
502
618
615
617
648
617
648
648
645
476
477
477
475
477
475
513
501
501
500
501
495
615
615
616
616
647
647
649
647
649
645
645
476
477
477
475
484
506
513
513
513
501
501
500
616
335
22
335
336
335
335
315
315
315
315
313
313
24
24
24
25
22
72
72
70
64
64
64
336
336
334
333
303
302
314
315
314
314
314
321
25
25
22
22
74
72
70
67
64
66
340
333
333
333
303
305
318
314
318
311
314
312
25
25
74
74
73
73
68
68
339
328
328
267
267
311
311
312
27
26
26
74
67
43
55
55
340
339
329
329
269
269
267
267
267
291
28
31
26
26
46
55
331
324
329
329
269
269
268
265
2
2
2
1
46
45
43
56
43
55
326
331
330
330
330
271
268
271
268
264
262
2
1
6
45
45
56
56
56
326
325
330
271
263
262
262
259
2
4
3
4
3
5
5
6
6
58
54
57
57
57
57
326
602
642
271
271
262
261
260
260
259
3
0
3
8
9
9
9
54
54
603
643
643
272
272
259
681
455
456
8
9
9
444
54
444
643
644
642
636
635
678
681
681
455
454
455
454
455
456
440
440
440
444
444
444
442
603
605
642
642
638
636
678
678
681
452
455
458
458
456
440
443
450
450
605
605
605
641
642
638
677
677
677
681
681
452
452
458
461
461
460
445
450
450
449
450
604
605
611
641
651
677
677
685
683
682
479
461
461
461
447
447
449
608
610
610
610
611
651
651
651
685
683
683
683
682
480
687
479
479
478
508
509
447
509
449
502
449
502
608
608
610
611
651
650
653
653
480
683
480
481
481
482
509
497
498
498
502
614
614
607
614
648
650
650
648
653
653
653
482
476
482
475
508
509
498
497
496
496
615
616
614
614
649
649
645
654
476
476
473
476
475
506
513
497
494
495
495
616
616
616
649
649
649
645
645
645
645
645
473
477
474
506
506
506
506
494
495
495
475
315
334
335
21
24
21
21
22
22
70
71
71
70
70
64
64
334
303
303
315
305
314
313
313
21
21
72
71
70
69
64
65
334
333
305
305
305
304
311
312
312
27
27
74
71
69
65
338
338
338
333
328
304
304
267
312
312
27
74
46
43
65
338
338
329
329
328
267
266
265
312
28
26
46
26
46
44
43
55
331
331
329
328
269
266
267
266
265
2
46
47
46
44
56
331
332
332
330
270
269
269
266
263
263
265
2
4
1
1
47
57
56
331
330
270
270
263
258
4
3
0
5
7
57
331
330
270
270
259
259
258
4
8
8
7
54
54
57
602
602
635
635
635
679
679
259
0
0
454
0
8
443
8
443
54
603
603
642
635
636
636
679
681
454
454
458
457
458
457
443
444
442
603
603
636
678
681
681
454
454
458
457
460
443
443
442
604
604
605
642
605
638
638
637
637
680
680
680
452
452
461
460
460
443
448
604
604
610
637
637
637
685
683
687
687
479
478
461
461
447
460
447
448
448
610
609
609
637
686
687
687
479
478
478
461
508
447
447
448
448
607
610
650
652
686
654
686
480
478
482
508
509
498
496
614
607
609
613
650
652
652
653
654
473
482
482
507
497
497
498
498
496
616
652
649
646
654
654
473
474
474
475
505
506
497
497
494
497
616
616
613
649
646
473
473
474
475
505
505
494
494
495
495
646
334
303
315
314
69
65
334
313
71
71
333
305
304
311
74
266
311
27
26
69
55
338
329
266
27
47
46
44
328
28
26
44
55
331
332
266
265
2
5
1
47
57
330
270
270
264
263
258
0
4
7
47
53
602
332
635
259
258
7
602
635
258
7
442
54
602
634
636
679
454
457
457
457
605
638
638
637
636
680
680
451
460
459
604
452
451
459
459
460
446
446
442
609
685
686
452
446
448
609
685
685
687
478
508
446
607
609
652
687
482
508
508
498
607
612
652
652
686
474
505
507
498
498
612
652
654
474
505
494
613
654
505
494
334
22
71
69
21
328
304
304
47
4
1
47
332
332
263
263
53
259
53
443
634
443
638
603
679
451
457
680
459
637
448
508
607
686
507
507
505
498
646
473
22
69
21
70
334
304
65
27
44
266
327
266
47
332
1
7
7
634
679
451
442
638
637
446
446
607
686
478
650
686
496
685
479
482
613
654
473
507
494
495
303
71
311
74
71
69
338
28
265
44
327
1
53
332
264
258
265
0
258
679
451
452
680
687
609
478
646
507
496
613
474
506
303
313
311
21
69
304
312
327
53
332
270
4
53
7
602
602
258
457
458
442
603
636
680
604
637
685
604
609
685
508
613
612
612
646
474
505
303
313
419
419
65
305
305
44
420
327
28
28
53
264
327
264
634
53
634
451
634
634
451
458
679
459
451
459
44
687
446
446
507
612
612
613
507
496
613
646
151
248
419
28
65
65
420
420
327
28
327
420
420
420
248
0
393
419
166
298
393
420
248
393
612
393
248
420
290
