3680
1823
730
720
828
828
1806
1805
1824
1614
851
851
1810
1612
1616
1616
1626
1651
1651
741
727
814
1834
1826
1827
1666
555
807
859
860
861
1833
1827
1642
550
612
629
629
1504
1503
1829
1441
1443
1644
559
616
631
625
1506
1496
1443
664
614
595
630
1520
1521
1522
1517
1497
1450
1448
1446
1455
541
665
689
591
595
1520
1497
1472
1452
528
528
689
676
677
591
1534
1482
1482
1485
1469
1453
530
530
3069
2987
2982
1535
2003
3060
3075
3068
2989
2983
1987
1999
1953
3066
2881
2876
2985
1903
3058
3049
2879
2877
2914
2914
1989
1996
1898
1903
1942
3053
3048
3048
2919
2180
2165
1985
1899
2295
2297
2299
2296
3144
3051
2886
2930
2929
2180
2183
2162
2161
2287
2294
2287
3144
3146
2923
2182
2247
3116
3116
2921
2107
2109
2253
2255
2253
2248
2244
2284
2282
3129
3132
2830
2830
2106
2102
2284
3127
2826
2825
2823
2821
2106
2100
2101
2104
2266
2260
2262
2283
2275
745
744
746
742
746
733
731
719
832
830
832
828
849
848
1806
1793
1795
1820
1818
1824
1612
1618
1621
1616
1630
1630
1625
745
742
731
730
731
832
832
851
853
1810
1810
1817
1817
1821
1822
1823
1612
1614
1666
1628
1650
740
708
741
726
729
806
811
859
856
853
855
1810
1808
1815
1835
1832
1831
1821
1666
1661
1666
1649
1651
1651
550
550
558
555
806
807
811
859
861
1798
1832
1834
1828
1828
1826
1662
1664
1664
1644
552
552
559
559
555
559
612
614
629
627
626
1808
625
1835
1829
1443
1443
1654
1653
1642
557
557
612
616
672
614
630
631
626
1515
1515
1515
1507
1506
1508
1503
1441
1439
1439
1455
1644
1456
1457
539
539
543
541
572
665
616
595
619
1522
1518
1510
1511
1501
1496
1493
1450
1494
1449
1453
1446
1455
521
541
543
685
664
667
595
593
593
1520
1521
1518
1517
1492
1494
1481
1470
1446
1460
1461
519
521
521
689
687
682
679
677
590
591
593
1524
1525
1536
1532
1536
1531
1484
1481
1472
1483
1463
1464
1465
1452
518
518
686
676
2980
591
2987
2985
2967
2983
2000
1531
1486
1486
1485
1468
1470
1939
1463
1463
1953
3056
3055
3075
3068
3065
3069
2881
2976
2979
2981
2987
2988
2988
2982
2002
2001
2002
2001
2003
1999
1937
1994
2006
1939
1937
1948
1954
3060
3060
3074
3067
3065
2881
2981
2989
2915
2916
1988
1971
1987
1985
1984
1992
1994
1901
1994
1949
1950
1954
1952
3058
3060
3053
3065
2881
2877
2876
2916
2915
1989
1985
1992
1996
1996
1903
1950
1903
1906
1941
1942
3053
3049
2879
2884
2884
2912
2911
2914
2178
2178
2180
1985
1992
1996
1899
2293
2296
2294
2297
3053
3051
3135
3134
3159
2888
2883
2888
2923
2919
2928
2178
2164
2160
2161
2251
2250
2298
3139
3144
3145
3134
2886
2923
2921
2929
2927
2184
2184
2182
2183
2182
2162
2157
2255
2255
2250
2248
2286
2289
2291
3145
3141
3142
3142
3109
2828
2828
2925
2926
2925
2111
2110
2109
2116
2118
2113
2114
2114
2247
2280
2279
3132
3128
3118
3118
3116
2830
2821
2840
2107
2109
2110
2118
2113
2265
2264
2262
2244
2260
2244
2284
2280
3130
3130
3128
3118
3114
2825
2830
2823
2823
2841
2839
2099
2101
2104
2265
2262
2277
2284
2273
2272
2272
2275
3129
719
1620
746
744
738
736
720
823
821
848
849
1790
1804
1792
1792
1793
1812
1820
1623
1616
1627
1627
1626
1625
746
710
734
733
731
825
729
813
824
830
819
828
837
857
853
1805
1795
1817
1813
1822
1622
1619
1628
1656
1637
1647
708
709
726
816
814
816
811
857
855
1808
1800
1797
1799
1802
1833
1815
1817
1837
1619
1660
1656
1650
1649
547
708
706
706
548
727
816
856
860
1799
1797
1839
1836
1831
1662
1664
1657
1658
1640
1639
552
548
558
573
572
574
673
606
609
607
627
619
1515
1508
1508
1504
1489
1660
1439
1654
1653
1644
552
572
674
674
607
616
604
620
619
1513
1507
1500
1490
1450
1457
1456
535
535
669
672
598
597
1513
1510
1499
1493
1500
1491
1477
1450
1449
539
523
543
545
683
684
670
684
681
667
663
1525
1529
1549
1499
1501
1539
1491
1477
1475
1477
1448
1474
1459
1461
519
528
526
683
685
678
663
678
600
602
601
1524
1527
1527
1534
1551
1551
1549
1484
1467
1469
1460
1465
529
3071
687
2977
2980
600
2967
1980
1535
1532
2000
1538
1467
1939
1464
1928
3092
3073
3075
3071
2977
2976
2979
2965
2967
1980
1981
1999
2009
2010
2007
2005
2005
1937
1934
1939
1954
3055
3056
3091
3075
3066
2895
2898
2970
2969
1977
1975
1975
2011
2009
1991
2050
1901
1949
1952
1954
3058
3102
3098
3098
3063
3062
3067
3063
2894
2902
2897
2909
1970
1974
1992
2046
2053
1898
1910
1905
1948
1946
3102
3077
3078
2884
2897
2912
2911
2176
1973
2167
2165
2169
2158
1908
2298
1941
3159
3161
2887
2900
2930
2918
2905
2904
2174
2167
2169
2158
2187
2187
2295
2246
2299
3135
3136
3139
3146
3161
2888
2923
2888
2918
2930
2926
2927
2176
2172
2171
2164
2160
2157
2251
2246
2191
2286
2289
3137
3137
3141
3153
3111
3108
2828
2842
2831
2843
2111
2083
2116
2126
2126
2253
2246
2279
2291
2289
2291
3124
3121
3108
2823
2841
2843
2075
2099
2118
2118
2126
2119
2264
2258
2243
2277
2282
3125
3125
3123
3124
3127
3114
3118
3113
2826
2818
2819
2819
2833
2840
2100
2074
2102
2120
2266
2120
2270
2268
2262
2270
2260
2257
2277
2277
2273
2268
2257
2244
738
722
1621
734
701
738
703
738
721
825
823
820
838
839
835
1791
1786
1788
1788
1813
1762
1622
1610
1635
1635
1635
1637
1637
1633
1633
691
695
724
724
824
821
837
844
1791
1790
1786
1788
1788
1812
1623
1675
1637
1632
710
709
696
694
696
817
813
809
837
844
842
1801
1801
1802
1839
1736
1618
1714
1661
1712
1656
1676
1645
1647
710
706
715
713
713
818
818
809
811
846
846
1800
1798
1747
1738
1836
1738
1712
1675
1658
1639
1640
547
574
573
641
609
605
623
868
1599
1837
1603
1488
1711
1657
1697
1707
1709
565
566
567
673
640
606
605
621
1513
1564
1508
1605
1604
1604
1490
1582
1489
1417
1419
1418
1436
562
535
545
561
568
545
674
650
648
604
621
620
1561
1511
1605
1582
1421
1416
1421
1421
536
523
537
545
669
647
598
598
601
1529
577
1529
1551
1551
1539
1492
1479
1475
1459
1459
1427
1426
523
523
532
524
682
681
679
663
576
602
579
1527
1529
1549
1539
1479
1479
1474
1428
1426
482
487
483
526
483
2951
2952
2965
2967
2963
1982
1544
1545
1545
1543
2007
2061
1468
1915
1935
1930
1929
3091
3096
3073
2960
2948
2969
2972
2974
1980
1982
1965
1968
2011
2009
2006
2049
1912
1913
1932
1934
1931
3092
3094
3100
3062
2894
2974
2970
1978
1978
1981
1975
1963
2010
2049
2051
2050
1909
1913
1935
1944
1931
3102
3104
2893
2893
2898
2902
2907
2909
1971
1977
1957
1970
1975
1964
2047
2047
2054
1909
1920
1921
1946
3089
3077
3080
3078
2893
2901
2902
2905
2904
2176
2045
2045
2054
1910
1906
1946
1946
3087
3089
3149
3086
3159
2900
2901
2801
2931
2786
2176
2174
2145
2169
2169
2133
2233
1908
2189
2194
2194
3136
3148
3153
3161
3157
3161
3155
2803
2799
2801
2799
2792
2171
2172
2167
2132
2189
2222
2193
3153
3151
3156
3109
3107
3106
2836
2082
2082
2081
2079
2116
2129
2124
2223
2224
2190
2190
3122
3153
3121
3111
3106
2835
2837
2842
2076
2076
2075
2078
2126
2122
2123
2226
2222
2224
2201
2201
3122
3123
3121
3114
3114
2834
2844
2833
2845
2074
2071
2119
2088
2122
2270
2270
2223
2268
2216
2258
2203
2205
2202
2200
2818
2203
703
692
701
736
802
722
804
823
883
835
835
1783
1784
1784
1783
1764
1761
1762
1768
1683
1682
1691
1689
1688
1633
701
692
724
792
800
792
839
838
834
835
841
841
1740
1786
1764
1766
1766
1766
1762
1715
1688
1670
1633
716
691
695
751
886
884
890
888
844
842
1752
1741
1752
1736
1749
1766
1733
1714
1716
1698
1676
1678
1673
714
717
717
694
817
889
846
875
1750
1748
1736
1726
1734
1712
1698
1679
1677
564
564
757
570
753
633
641
878
878
871
868
866
867
1748
1747
1738
1609
1607
1738
1609
1712
1698
1697
1706
1706
1709
566
562
565
561
570
568
641
643
643
586
623
868
1565
1598
1562
1603
1607
1587
1389
1388
1417
1412
1421
1435
1435
537
533
567
652
650
650
648
583
587
1565
1561
1563
1563
1587
1583
1587
1583
1385
1417
1386
1410
1436
536
532
670
651
647
658
588
1561
1583
1590
1384
1416
1419
1426
485
485
473
473
651
659
660
584
578
580
1574
1547
1547
1543
1541
1479
1398
1396
1428
1427
1424
487
487
482
472
2959
2950
660
581
581
579
1576
1544
1543
1541
1543
2057
2056
1396
1917
1400
1400
1423
1928
3095
3095
3094
3038
2952
2951
2949
2972
2974
2963
1959
1958
1966
1966
1968
2059
2061
2061
1916
1915
1928
1929
3104
3096
3100
3100
2959
2958
2948
2945
2974
2972
1961
1965
1964
2052
1923
1912
1923
1924
1932
1919
1890
3104
3098
3094
3082
3082
2958
2895
2890
2891
2891
2943
2909
1960
1963
1956
2045
2053
1925
1919
1921
1892
1891
1944
3089
3080
3087
3082
2890
2902
2907
2797
2909
2782
2783
2143
1956
2147
2147
2046
2042
1910
1920
1879
1908
1895
1894
3089
3084
3156
2800
2783
2785
2155
2145
2132
2147
2135
2131
2233
2231
2189
1894
2194
2196
3186
3148
3149
3151
3157
3155
2806
2801
2787
2787
2786
2155
2153
2145
2153
2131
2133
2131
2231
2231
2194
2198
2198
3166
3151
3171
3171
3200
2804
2803
2794
2792
2083
2078
2129
2128
2225
2225
2226
2191
2210
2197
2210
2198
3168
3170
3197
3107
3200
2837
2834
2836
2845
2072
2080
2094
2079
2085
2124
2217
2222
2204
2204
2201
3168
3173
3171
3197
3195
3192
2835
2855
2844
2854
2072
2071
2088
2088
2086
2215
2217
2216
2205
2201
3195
801
1669
703
703
801
798
804
792
900
902
904
904
902
906
919
919
919
1754
1759
1759
1761
1769
1682
1685
1693
1689
1695
1695
1667
699
698
799
799
792
884
900
883
902
1741
1759
1755
1764
1779
1768
1780
1683
1691
1693
1671
1673
698
775
756
794
794
886
888
889
888
899
911
875
1741
1750
1727
1716
1715
1714
1722
1680
1678
716
759
758
758
753
750
750
749
878
882
890
871
875
873
875
1740
1744
1749
1734
1729
1720
1722
1700
1707
711
714
715
757
748
634
645
864
868
1599
1601
1731
1609
1733
1702
1702
1702
1704
1705
516
493
634
633
645
645
863
346
863
1601
1562
1601
1607
1609
1585
1389
1391
1412
1702
1414
533
514
515
494
586
586
588
1564
1553
1554
1597
1593
1586
1393
1386
1384
1391
1414
1414
1434
1434
478
480
471
469
652
656
654
584
587
577
1556
1558
1557
1556
1594
1382
1385
1406
1401
1410
1431
1430
1432
487
478
471
469
473
583
580
1574
1572
1572
1382
1592
1590
1398
1400
1404
1432
1424
485
3037
473
466
2949
657
2950
576
1578
1574
1570
2033
1570
2034
2036
2056
1423
1872
3044
3042
3038
3037
2956
2941
2941
2940
2962
1576
1958
2038
2040
2034
2057
2061
1862
1916
1917
1863
1930
1872
3046
3045
3044
3036
3009
2960
2954
2958
2954
2948
2941
2945
2944
2962
1959
1960
2040
2052
2059
1923
1870
1874
3045
3104
3080
3008
2954
2938
2943
2780
1957
1961
2043
2043
2051
1925
1924
1869
1896
1891
1890
1892
3085
3006
3009
2938
2810
2776
2782
2776
2778
2143
2142
2147
2042
1878
1896
1895
1888
3085
3084
3012
3012
3006
2806
2811
2812
2787
2797
2785
2778
2155
2140
2136
2233
2241
2240
1886
1894
3026
3186
3190
3188
3189
3202
3199
2807
2808
2808
2807
2801
2793
2787
2155
2151
2129
2136
2233
2235
2241
2197
2196
3183
3166
3168
3188
3204
3202
2804
2793
2794
2792
2081
2153
2092
2129
2139
2229
2237
2235
2211
2198
3173
3168
3171
3195
3200
2870
2859
2857
2859
2859
2859
2851
2095
2097
2215
2218
2219
2237
2757
2210
3164
3175
3173
3175
3197
3215
3193
3197
3193
2874
2872
2854
2855
2850
2095
2090
2097
2090
2089
2085
2215
2219
2218
2237
2753
2755
2755
2086
778
776
784
798
802
781
796
791
896
904
904
914
912
917
1759
1755
1771
1773
1687
1687
1687
1692
1695
1695
1671
1669
1370
773
699
800
796
796
892
895
893
899
909
906
911
917
1754
1773
1781
1775
1685
1687
1670
1373
1372
775
773
756
766
796
881
794
873
908
142
1743
1745
1743
1743
1779
1781
1780
1724
1685
1680
1677
1375
775
765
760
751
748
880
881
870
873
377
377
1745
1744
1726
1729
1730
1730
1724
1724
1722
1700
1679
1357
503
760
759
754
749
635
876
880
871
397
395
871
864
379
347
1601
1597
1729
1731
1719
1724
1700
1359
1360
1705
504
510
510
512
636
638
638
394
643
351
347
1596
1064
1597
1068
1584
1585
1392
1719
1718
1413
1704
1362
516
516
516
494
653
645
654
439
348
349
1554
1557
1593
1587
1392
1393
1388
1414
938
1434
479
479
515
469
493
464
653
441
440
349
1553
1580
1558
1591
1594
1382
1407
1407
1405
1430
940
480
478
465
466
465
658
442
433
433
439
1580
1579
1580
1572
1592
1149
1398
1403
1405
1404
476
3042
461
462
462
3403
659
2956
444
432
433
1576
1578
1567
1568
1580
1568
1572
2033
2067
1400
1851
1431
3040
3040
3036
3033
3038
2934
2941
435
2945
3542
3538
1567
2030
2037
2036
1874
1841
3046
3044
3022
3024
3034
3010
2956
2936
2945
3542
3537
3542
3537
2040
2038
2069
2069
2067
2069
2069
1869
1870
1873
1874
1884
3024
3015
3010
2936
2936
2943
2779
2779
2027
2032
2032
2065
2063
1881
1883
1883
3030
3015
3015
3016
3004
3008
2938
2810
2766
2780
2776
2778
2761
2028
2065
1879
1880
1888
3027
3027
2994
3001
2812
2764
2762
2150
2142
2138
2138
2135
1880
1881
1886
2723
3184
3184
3188
2996
3002
3203
3001
2806
2811
2816
2789
2773
2764
2149
2150
2139
2140
2370
2229
2239
2241
2241
2240
2730
3180
3189
3182
3190
3219
3203
3204
2804
2814
2790
2790
2789
2769
2149
2151
2363
2235
2369
2735
2735
2737
2759
2736
3164
3175
3213
3217
3202
2870
2850
2857
2769
2769
2094
2093
2093
2363
2359
2366
2732
2733
2757
2759
2759
2757
3164
3175
3215
3206
3215
3192
2871
2870
2872
2871
2852
2852
2090
2092
2090
2359
2358
2365
2732
2733
2752
2752
2874
782
913
778
785
784
780
780
897
897
907
915
915
917
1757
1757
1771
1771
1769
1328
1337
1340
1369
1378
1371
1368
769
788
787
789
789
782
893
896
895
908
914
141
1191
1189
1777
1776
1776
1333
1379
1335
1379
1372
1371
771
773
775
767
788
188
909
382
141
386
1180
1190
1727
1187
1777
1186
1333
1335
1335
1377
1373
1357
770
763
767
766
763
763
882
397
399
385
1179
1184
1184
1775
1330
1352
506
505
767
636
422
418
395
400
401
379
379
1067
1182
1072
1087
1071
1720
1360
1359
1362
1364
507
508
504
512
512
635
418
397
354
353
353
399
356
346
1069
1069
1071
1076
1072
1391
964
938
1362
514
503
492
492
430
426
449
348
351
1067
1065
1076
1083
1080
1406
940
497
497
497
492
464
429
424
459
442
440
1127
1065
1127
1127
1147
1149
945
940
947
943
940
942
500
475
499
490
466
656
444
441
435
1133
1130
1147
1147
1149
1403
947
942
943
475
3040
476
461
3400
3401
3405
455
3546
433
437
437
437
1134
1578
1130
2025
1143
2024
1858
1863
1853
1849
1848
1842
3020
3042
3034
3443
3401
3400
3404
3403
3404
3547
3548
3556
3542
3525
1132
3538
2020
2024
2023
2067
1862
1851
1867
1853
1842
1851
3019
3020
3033
3403
3547
3546
3523
2030
2032
2021
2018
2040
1867
1874
3030
3022
3023
3024
3010
3010
2934
3545
3540
3509
3511
3522
2454
2454
2021
2032
2062
2017
2063
1877
1865
1876
1876
1884
3031
3029
3013
3017
3017
2998
2938
3545
3540
2766
2445
2027
2438
2028
2065
2442
1877
2543
1888
1888
3031
3013
2993
2993
3003
2999
3003
3581
2766
3599
3574
2766
2764
2762
2444
2435
2442
2440
2715
2726
2724
2724
3026
2991
2994
2996
3001
3002
2816
2814
2814
2816
2770
2771
2761
2388
2444
2368
2435
2435
2370
2706
2239
2723
3180
3183
3217
2868
2868
2773
2771
2770
2412
2387
2362
2368
2739
2736
2740
2737
2730
3181
3180
3219
3181
3219
2864
2864
2851
2848
2412
2361
2363
2365
2743
2735
2759
2749
3182
3178
3215
3217
3211
3206
3211
2862
2862
2865
2852
2847
2408
2361
2410
2379
2359
2359
2366
2742
2744
2746
2750
2748
3176
2866
2753
138
1202
777
785
789
781
200
200
131
907
129
913
912
137
137
1201
1206
1204
1338
1338
1337
1340
1367
1342
1369
1370
769
787
789
195
892
198
135
133
140
139
142
139
1194
1189
1190
1206
1328
1187
1333
1378
1368
770
771
194
196
187
381
382
381
384
1194
1179
1191
1180
1189
1326
1331
1324
1330
1335
1377
1377
1375
61
63
767
13
187
192
392
382
388
386
386
386
1184
1182
1168
1184
1186
1085
1324
1269
1271
1353
1353
1352
506
765
97
12
13
422
422
399
401
389
400
374
375
1068
1060
1087
1089
1089
1363
1357
1363
508
507
6
428
420
420
418
365
354
356
357
358
1067
1062
1074
1084
1076
1084
1085
1081
966
967
1364
501
489
1
430
428
429
424
426
363
363
356
1057
1064
1076
1079
1082
1081
1083
963
968
938
936
501
498
500
489
403
430
457
458
458
369
1125
1125
1123
1145
1149
969
946
498
490
2
403
452
457
459
451
1134
1127
1131
1125
1142
1122
1142
1137
947
947
3448
499
3394
3393
453
453
455
451
435
437
447
446
1133
1131
1130
2025
1859
1860
1856
1848
1857
1841
3449
3443
3398
3405
3549
3555
3553
3554
3526
2512
2023
2023
2016
1860
1857
1853
1845
3427
3427
3398
3397
3549
3545
3552
3555
3556
3527
3523
3525
2456
2455
2020
2013
2017
1864
1865
1867
1846
1846
1846
3425
3024
3430
3016
3429
3396
3396
3558
3560
3523
3515
2454
2455
2438
2018
2424
1867
2541
2542
3249
3023
2999
3580
3580
3573
3558
3513
3513
3511
2446
2442
2438
2424
2713
2541
2715
2541
2542
2543
3250
3031
3225
3221
2992
2992
2998
3583
3574
3596
3512
3513
2445
3512
2447
2433
2433
2433
2440
2715
2712
2713
2715
2711
2728
3226
3224
3260
2991
3581
3588
3592
3597
2392
2446
2390
2435
2706
2708
2726
2729
2730
3231
3231
3221
3219
3207
3591
2868
2816
3588
3599
3603
3604
2388
2413
2363
2377
2368
2377
2740
2718
2717
2730
3233
3229
3178
3213
3210
3207
3276
2861
3679
2864
3619
3618
3604
2409
2412
2414
2381
2414
2383
2375
2739
2744
2751
2720
3178
3243
3209
3209
3211
3211
2862
2862
2866
2865
3621
2852
3614
2848
3617
2409
2410
2408
2380
2379
2380
2385
2741
2385
2743
2742
2751
2747
2750
2747
2749
1200
1341
66
65
180
199
181
200
135
131
119
121
120
138
1201
1204
1204
1348
1348
1349
1350
1345
1340
1341
1367
1306
1302
181
183
185
196
198
135
135
140
1193
128
1198
1198
1206
1206
1328
1348
1328
1350
1331
1288
1367
1287
60
68
182
195
194
190
188
133
384
1194
1194
1198
1166
1196
1177
1196
1173
1326
1323
1268
1356
1292
63
99
61
68
95
11
13
192
192
391
385
1165
1167
1172
1324
1274
1265
1091
1278
1269
1357
63
87
99
99
97
6
12
9
421
393
388
375
374
1059
1170
1170
1059
1044
1091
964
1270
1270
1355
87
88
6
6
4
428
422
421
413
389
365
365
361
358
372
357
1062
1079
1079
1091
966
968
936
959
936
18
20
407
412
408
414
365
411
363
367
370
372
1058
1057
1058
1074
1082
1041
1080
970
967
930
931
18
16
1
27
415
404
411
368
368
370
1105
1122
1103
1123
1136
1139
1136
1041
970
975
933
932
921
15
25
403
457
448
451
446
451
1101
1102
1101
1102
1145
1141
1139
1137
974
1140
945
929
922
922
3447
3449
3437
2
452
260
447
3535
1101
1132
1143
1859
1858
1849
2617
1844
3447
3443
3423
3448
3437
3394
3407
3548
3562
3550
3554
3553
3535
2527
3527
2513
2514
2014
2014
2013
1856
1856
2557
2553
1845
3422
3426
3427
3426
3429
3398
3393
3410
3564
3563
3560
3533
3526
2523
2512
2510
2427
2016
2535
2536
2534
2555
2555
3425
3427
3430
3398
3415
3410
3558
3560
3531
3516
3516
2456
2451
2426
2428
2428
2424
2424
2536
2534
2539
2532
2539
3250
3250
3249
3254
3254
3252
3416
3584
3573
3509
3509
3518
3515
3520
2449
3519
2452
2452
2463
2416
2417
2531
2539
3226
3254
3259
3256
3257
3252
3585
3582
3585
3513
3518
3518
2447
2449
2460
2430
2431
2442
2417
2706
2711
2710
2711
2711
2721
3224
3221
3261
3256
3592
3590
3588
3592
3597
3595
3606
3594
2392
2461
2431
2430
2708
2708
2722
2728
2720
3225
3233
3228
3258
3261
3260
3270
3591
3592
3588
3612
3596
3611
3605
3603
2392
2390
2397
2695
2708
2717
2722
2720
3233
3231
3229
3274
3276
3272
3271
3678
3620
3620
3621
3617
2413
2405
2402
2381
2377
2375
2718
2682
2746
2684
3242
3242
3233
3245
3276
3276
3679
3677
3677
3615
3619
3615
2404
2406
2401
2383
2384
2385
2385
2383
2681
2684
2684
66
176
176
180
173
200
119
120
126
127
1202
1218
1228
1238
1346
1344
1342
1305
1302
65
66
70
182
185
166
167
116
119
121
125
127
1198
1196
1229
1260
1349
1344
1288
1306
1302
70
68
183
190
190
165
171
170
117
124
1165
1166
1176
1177
1262
1274
1274
1290
1287
1292
63
94
392
309
310
1168
1166
1175
1177
1173
1262
1274
1276
1277
1290
1292
1290
1292
90
91
90
99
98
9
192
391
391
313
1170
1170
1055
1172
1046
1089
1046
1091
1271
952
954
88
88
4
11
412
413
393
361
360
296
298
295
1060
1053
1054
1044
963
961
959
19
19
23
4
406
406
415
414
267
361
361
369
299
300
1053
1051
1051
1050
1039
1038
972
966
961
959
18
20
27
27
408
407
269
411
367
239
1098
1096
1141
1038
969
974
976
932
933
931
15
16
25
27
269
270
267
260
260
240
237
1097
1098
1141
974
929
921
924
3445
3445
3439
3439
3441
3408
262
260
259
243
2527
1103
2514
1139
2622
2620
2553
925
2620
926
3440
3441
3440
3441
3412
3552
3500
3535
3535
2525
2529
2513
2505
2627
2620
2617
2553
3423
3432
3419
3420
3411
3410
3562
3563
3533
3533
3529
2522
2509
2509
2510
2505
2618
2535
2557
2557
2555
3422
3434
3418
3414
3416
3562
3564
3528
3531
3519
2471
2470
2426
2426
2427
2615
2561
2560
2557
2548
3332
3332
3286
3576
3475
3477
3520
2458
2451
2469
2419
2560
2531
2559
2539
3329
3281
3301
3299
3584
3583
3578
3569
3566
2463
2461
2421
2420
2416
2420
2571
2560
2704
2570
2576
3222
3328
3259
3286
3257
3590
3571
3571
3602
3595
2459
2460
2323
2377
2567
2704
2721
2667
2668
3247
3228
3264
3270
3271
3671
3671
3570
3613
3601
3605
3606
2311
2302
2306
2390
2397
2398
2399
2696
2695
2675
2668
3246
3238
3247
3266
3268
3272
3274
3678
3669
3670
3675
3611
3611
3609
3608
2406
2302
2402
2394
2395
2399
2395
2398
2699
2699
2701
2681
2686
2686
3243
3237
3240
3266
3274
3679
3674
3673
3614
3608
2406
2405
2404
2401
2394
2397
2373
2373
2701
2682
2686
3638
1220
77
178
177
176
177
174
174
158
159
156
156
126
1218
1220
1231
1231
1229
1235
1238
1237
1346
1295
1306
1305
1297
178
173
229
212
167
165
166
117
152
124
128
1220
1234
1228
1345
1311
1304
1283
1306
59
59
70
229
95
212
229
227
170
116
124
1211
1234
1263
1175
1264
1259
1277
1288
1304
1280
85
84
70
94
106
223
169
223
171
311
311
310
315
315
1156
1154
1155
1176
1264
1263
1262
1258
1258
1278
1276
1285
1281
92
90
92
104
332
334
313
313
315
296
1151
1152
1152
1048
1048
996
1276
954
954
1285
950
950
30
102
55
56
344
342
335
309
291
1151
296
298
1054
1053
1055
1048
1048
952
957
957
961
23
29
50
54
54
56
272
342
236
295
300
299
1051
1051
1036
1039
993
997
972
956
961
930
22
23
23
269
271
271
267
274
234
236
234
1097
257
1098
1096
1110
1094
1025
976
975
957
929
924
3437
3337
262
270
286
232
241
242
231
239
1105
1094
1094
1026
1030
1034
1029
926
3347
3408
3374
263
264
264
262
3502
241
3498
240
3496
242
243
2527
2528
2528
1024
2507
1024
2625
2622
2622
2634
2634
925
3346
3441
3411
263
3500
3498
3498
2529
2522
2507
2503
2629
2622
2629
2618
2553
3431
3431
3420
3420
3420
3419
3407
3412
3391
3504
3500
3506
3505
3506
3528
2525
2517
2507
2507
2503
2627
2618
2631
2550
2545
3434
3333
3432
3360
3415
3418
3390
3506
3498
3497
3529
2523
2470
2502
2505
2419
2615
2615
2532
2550
2550
3334
3334
3283
3283
3389
3577
3461
3476
3475
2471
2564
2562
2573
2548
2548
2577
3333
3330
3330
3332
3328
3281
3283
3301
3576
3577
3569
3578
3567
3476
3475
3477
3472
2459
2465
2469
2324
2421
2561
2560
2563
2578
3324
3329
3281
3286
3298
3660
3571
3567
3571
3569
3601
3472
2313
2458
2322
2325
2566
2567
2576
2672
2670
3322
3320
3290
3264
3264
3671
3613
3566
3612
3602
2313
2313
2309
2311
2305
2322
2323
2372
2696
2697
2697
2658
2667
2671
3245
3240
3266
3268
3268
3669
3671
3650
3609
2304
2305
2347
2306
2348
2699
2688
2675
2675
2679
2661
3240
3240
3235
3245
3268
3667
3670
3674
3675
3649
3638
3642
2302
2343
2348
2386
2689
2701
2689
2701
2678
2677
2686
3267
205
1225
203
202
205
214
159
158
156
154
151
1216
1218
1216
1220
1233
1225
1237
1242
1313
1294
1295
1298
77
202
75
210
213
227
160
161
161
154
156
123
1213
1233
1227
1233
1242
1240
1239
1310
1299
1297
84
75
75
228
229
228
169
146
169
147
149
124
1222
1235
1254
1239
1259
1260
1285
1281
82
106
114
332
333
147
302
303
1155
1154
1256
1252
1283
995
1285
1280
85
91
106
106
112
112
336
336
334
315
293
1156
1037
1046
1005
950
32
52
102
55
101
44
343
320
293
292
289
1042
1003
997
996
957
954
986
34
29
49
52
54
276
344
275
342
325
298
289
1037
1036
992
993
1019
1019
1018
30
50
49
277
329
236
236
253
257
256
1110
1111
1120
1093
1108
993
1034
1034
1032
1014
1018
1017
1019
34
3348
3337
278
275
231
232
257
255
253
1112
1108
1110
1022
1024
1026
1034
1015
1015
3348
3346
3336
286
286
286
2519
2518
2474
2628
1025
1030
2636
1029
2642
3347
3344
3375
3371
3374
3502
3480
3487
2520
2521
2521
2516
2516
2474
2629
2624
2625
2636
2636
2634
2639
3357
3361
3362
3381
3385
3390
3504
3505
3486
2492
2517
2502
2498
2629
2624
2632
2546
2546
3358
3362
3358
3381
3383
3391
3389
3506
3493
3494
3494
2489
2490
2498
2499
2609
2613
2612
2631
2550
2580
2545
3355
3358
3283
3389
3305
3463
3463
3463
3469
3468
2464
2467
2419
2615
2563
2573
2579
3323
3325
3278
3279
3298
3303
3305
3305
3625
3461
3473
3466
3472
2464
3468
2466
2465
2466
2327
2564
2562
2574
2574
2578
2579
2577
3323
3324
3288
3299
3302
3659
3626
3628
3635
3466
2313
2316
2325
2320
2571
2657
2647
2670
2670
3322
3312
3319
3311
3288
3662
3664
3659
3660
3628
3633
2311
2309
2316
2330
2324
2693
2656
2653
2671
2672
3238
3236
3288
3309
3666
3663
3650
3650
3642
3642
2354
2304
2348
2339
2689
2692
2677
2664
2660
3234
3236
3235
3666
3667
3653
3648
3649
3648
3650
3646
3640
2353
2356
2339
2341
2341
2688
2678
2679
2660
2346
163
203
205
1213
1216
1216
1215
1226
1226
1308
1244
1245
1312
1311
1298
1294
77
214
213
160
221
149
152
1213
1209
1223
1247
1245
1313
1310
1321
1299
73
209
212
217
219
219
146
303
305
1213
1222
1251
1240
1319
1321
80
81
83
83
114
216
219
333
305
307
1159
1254
1251
1315
1321
79
82
102
104
114
335
320
302
306
1158
1256
1003
1042
1004
1001
989
985
32
39
46
112
338
337
327
322
293
289
1003
998
1005
989
985
34
41
39
43
44
340
343
337
328
329
325
293
1120
1118
999
992
1010
1019
40
37
276
274
281
249
245
1111
1116
1116
1032
1017
34
43
282
278
284
252
257
1112
1107
1022
1021
1028
1008
1014
3338
3341
3376
3374
3369
3482
3479
253
255
1108
2473
1108
1022
2605
1022
2636
1007
3344
3344
3340
3376
3371
3502
3481
3480
2519
2520
2474
2478
2478
2607
2644
2644
2642
3355
3355
3372
3493
3486
3487
2483
2481
2498
2603
2610
2607
2632
2640
3355
3357
3362
3361
3360
3379
3382
3387
3383
3490
3489
3489
2490
2487
2500
2611
2611
2598
2586
3350
3351
3279
3382
3386
3293
3463
3461
3468
3470
2489
2488
2500
2499
2613
2610
2580
2584
2585
3279
3278
3297
3305
3459
3469
3452
2488
2467
2320
2592
2593
2592
2582
2584
2584
3326
3289
3303
3626
3625
3634
3466
2315
2318
2320
2589
2591
2656
2647
3317
3319
3290
3310
3663
3624
3624
3631
3634
3633
2316
2316
2693
2658
2658
2654
2649
2661
3312
3664
3657
3646
3623
3630
2356
2352
2344
2347
2329
2693
2658
2654
2654
2653
3317
3308
3310
3652
3644
3640
2354
2356
2343
2339
2341
2691
2663
2665
2665
3653
210
206
163
154
1312
1317
72
151
1247
1249
209
217
221
145
1249
322
305
1161
1256
1319
1321
81
45
332
1159
1256
1004
990
114
306
1158
990
986
40
36
338
328
250
1116
1118
998
1010
48
277
282
281
329
250
245
1120
981
981
1012
3339
36
3367
280
248
983
3340
3369
253
983
2642
1007
3341
3365
3372
3482
2485
2476
2478
2478
3362
3381
3385
3386
3484
3490
3489
2483
2607
2603
3353
2487
2481
2493
2494
2609
2600
2598
2640
3296
3456
3458
2492
2598
2585
3295
3293
3458
3470
2496
2496
2582
3319
3297
3622
3465
2320
2327
2593
2647
3319
3311
3662
3624
3635
2350
2330
2591
2657
2648
3317
3624
3644
2352
2333
2692
3309
3630
2329
2663
72
1223
1247
1309
1209
108
217
216
1252
1120
1117
999
41
46
317
329
1010
284
1008
2644
3375
2644
3377
3353
3484
2485
2602
3455
2602
3296
2586
2593
3325
3459
2332
2589
2334
2649
3653
3640
1225
1316
1227
1308
73
221
1320
1212
990
322
108
322
1001
48
1114
983
1032
3369
3479
2483
2638
3379
3387
2600
2596
3326
3456
2494
3292
3452
2651
3636
2350
2350
3656
3631
2352
2334
2691
2664
207
1244
145
1249
1249
1309
80
1161
327
990
48
977
1012
37
318
249
323
1114
248
3481
2481
2480
3451
3451
3289
2318
3657
2332
2648
3657
2344
2341
206
145
1208
1208
1316
221
307
108
988
39
340
245
979
983
3339
3338
248
2476
2605
2638
3353
3365
3490
3351
3292
3454
3350
3295
3454
2593
3655
3308
3308
3643
2356
2333
207
143
2569
2569
1317
225
225
2207
2337
110
1163
1163
988
317
48
318
3367
1012
3367
2485
3364
3364
2485
2605
3491
2599
2481
2493
1394
3455
2596
2596
2318
3315
3315
3655
2589
2651
3655
3646
978
1380
2569
1163
1267
1267
2337
2337
110
1163
110
2336
1772
2336
2436
246
2300
2307
2206
1099
2594
610
2208
2212
3315
2212
661
2308
617
