416
101
181
179
195
195
103
97
101
82
197
197
97
103
81
81
82
83
83
176
179
179
102
102
102
81
175
191
197
197
197
98
102
80
177
191
194
194
98
102
102
54
54
80
175
194
194
194
98
68
54
185
194
194
194
69
69
69
68
68
54
54
54
80
187
185
186
190
190
69
68
56
55
173
173
187
186
186
190
65
52
56
56
56
55
173
173
366
407
407
65
237
365
365
366
407
407
407
237
225
365
415
415
407
231
364
367
415
415
406
406
406
234
231
231
224
368
367
367
415
238
238
234
231
210
210
210
210
368
368
367
394
394
239
239
235
235
210
210
209
368
368
395
247
209
379
377
395
392
248
247
247
247
208
209
211
211
381
381
377
377
392
248
213
382
377
377
390
390
392
392
248
248
251
213
213
213
211
180
180
180
181
180
181
179
178
178
178
195
195
199
199
199
103
101
101
101
101
100
100
100
81
82
82
82
180
181
181
179
179
195
179
197
199
97
97
97
101
101
101
101
81
82
83
82
83
180
176
176
179
179
191
197
197
197
197
197
97
98
97
97
97
102
103
81
81
81
83
83
83
177
177
176
175
191
191
191
197
197
99
98
98
102
102
102
81
81
79
80
177
177
177
175
175
175
191
191
194
194
193
98
193
98
102
54
54
80
80
80
177
177
185
191
185
194
194
194
193
69
98
69
98
68
68
52
54
54
54
80
80
80
80
177
177
174
185
185
185
194
194
193
69
69
69
68
52
68
52
54
52
54
55
54
55
173
173
174
187
185
185
190
190
190
69
69
69
69
52
52
56
57
57
57
55
173
173
173
187
187
187
186
186
186
190
190
70
70
70
65
65
65
56
56
56
56
57
55
55
55
173
173
187
186
414
190
407
407
407
408
237
65
56
56
56
56
56
230
55
55
225
364
364
366
366
366
366
414
366
414
414
407
407
407
407
237
237
237
237
237
237
230
234
241
230
230
224
225
364
365
365
365
366
414
414
406
406
406
406
237
237
238
237
234
234
230
234
224
224
224
224
364
365
364
365
415
415
415
406
406
238
238
234
234
234
231
224
231
224
224
224
364
369
367
415
415
415
406
406
406
406
238
234
234
234
231
210
210
210
210
368
368
368
369
369
369
367
395
395
395
394
394
238
235
235
208
208
210
368
368
368
369
367
395
395
394
394
394
239
239
239
239
247
247
247
208
208
208
209
209
209
368
381
381
380
379
377
395
395
395
394
391
239
394
249
248
247
247
247
208
211
211
381
382
382
382
377
377
390
392
392
392
248
248
247
251
251
251
213
213
213
211
211
381
381
382
377
382
377
377
377
390
392
392
248
248
248
251
213
213
211
211
211
211
211
382
178
100
180
181
181
178
178
178
195
198
198
199
199
200
103
101
101
100
100
81
82
82
82
82
180
180
180
181
181
179
179
191
178
195
195
195
196
196
199
97
97
97
100
100
100
81
82
83
82
83
180
176
179
179
179
191
191
196
196
99
99
99
99
99
97
99
103
103
103
89
83
83
83
176
176
176
176
176
175
191
196
197
99
98
99
102
102
90
81
90
79
79
79
177
177
176
175
175
175
182
192
191
192
193
193
98
98
73
102
53
89
53
79
79
80
177
175
185
182
192
192
192
193
193
68
68
52
53
53
80
80
174
174
185
183
190
190
69
69
68
52
52
52
53
53
53
174
174
174
174
187
187
185
186
186
185
183
70
70
70
68
65
67
52
57
53
57
57
57
55
59
173
173
169
187
186
186
186
186
190
190
190
70
70
70
70
65
67
65
65
57
57
57
59
169
366
187
414
414
189
408
408
65
65
241
65
57
230
55
225
376
366
365
366
414
414
414
408
408
408
242
237
241
241
241
241
241
230
225
225
225
364
364
376
365
365
413
414
414
407
406
238
238
241
241
234
230
230
224
225
225
364
364
364
364
367
365
367
365
413
412
415
405
238
238
236
236
230
231
231
231
224
221
364
369
369
412
412
405
405
405
238
236
235
236
235
231
210
224
369
369
369
412
415
395
404
405
394
235
235
235
231
231
210
208
210
371
371
371
368
369
379
395
395
395
394
394
394
239
239
239
235
235
252
208
208
208
209
209
380
380
380
380
379
379
379
392
395
391
394
249
249
252
252
252
208
212
209
209
209
381
382
379
390
392
392
391
249
249
249
251
251
252
251
212
212
211
381
381
381
381
382
382
382
382
377
377
379
390
390
392
392
249
248
249
251
248
251
251
250
250
213
213
212
212
211
250
213
213
181
178
100
180
156
181
156
181
178
178
178
195
198
198
198
200
200
200
95
101
100
100
84
84
84
84
84
84
84
82
156
156
178
159
195
195
198
198
200
199
199
200
95
101
100
89
84
83
180
165
180
166
159
159
159
196
196
196
199
99
97
91
99
93
100
89
90
89
90
90
83
79
176
166
166
166
166
166
192
196
192
196
196
99
99
91
93
103
93
89
90
90
79
79
176
176
166
182
192
192
193
205
98
99
73
53
89
90
79
79
78
177
176
175
182
182
192
192
193
74
74
73
73
73
73
53
73
53
53
79
79
79
172
174
174
172
172
172
184
184
183
192
193
193
74
68
73
73
53
64
64
60
174
174
174
174
183
183
189
189
189
70
189
67
67
67
66
52
53
59
59
59
59
59
173
169
169
187
187
183
186
183
189
189
189
70
70
67
66
57
57
59
59
59
169
169
169
187
169
409
409
414
408
408
408
67
67
67
67
241
229
57
228
226
226
226
376
376
366
366
414
410
410
408
408
408
242
242
241
241
241
230
228
226
226
226
225
376
376
365
365
413
410
405
408
244
244
242
242
242
241
232
230
230
228
225
225
225
371
376
413
413
412
412
412
405
244
405
244
244
238
242
236
236
232
232
221
221
221
371
367
372
369
412
412
412
404
405
238
236
236
231
232
221
221
214
371
371
371
371
369
397
412
404
393
404
239
405
236
236
235
236
232
232
209
214
214
371
371
371
369
378
379
378
378
393
393
393
393
239
239
235
252
208
208
214
380
380
378
379
378
378
390
391
239
249
249
249
252
252
252
212
212
209
384
380
382
380
379
378
390
391
391
391
249
249
252
252
252
252
212
250
212
212
381
381
382
380
379
390
390
390
391
391
249
248
258
251
250
251
250
250
250
250
212
212
212
212
379
212
156
156
156
156
161
178
161
195
195
198
200
200
200
200
200
95
96
96
96
84
96
84
86
84
84
156
156
159
159
156
159
195
198
198
198
199
199
199
200
91
96
96
96
93
89
85
86
84
165
165
159
159
159
196
207
207
198
198
91
91
91
93
91
93
93
89
89
90
90
90
86
165
165
165
166
167
207
196
204
91
93
93
92
93
89
87
90
78
176
166
166
166
166
167
182
182
192
207
205
205
205
91
93
93
72
72
93
72
89
90
87
78
78
78
172
172
172
172
166
172
182
182
182
188
193
205
74
72
74
73
73
72
64
63
64
64
64
78
78
172
172
172
184
184
184
183
188
188
74
74
74
74
71
73
73
73
64
64
64
64
60
172
171
184
184
183
183
188
74
66
66
62
64
59
59
169
171
170
170
184
183
183
189
189
189
75
67
67
67
66
66
62
62
59
59
59
169
169
170
187
409
409
183
189
189
189
77
67
66
66
66
240
229
62
228
62
62
60
226
376
376
376
373
409
409
410
410
410
408
244
244
242
242
242
229
229
228
226
228
226
226
376
376
373
373
413
413
413
410
410
410
244
242
242
232
228
228
221
221
226
221
222
376
370
376
370
373
374
413
413
413
413
411
405
244
242
244
242
232
232
221
221
222
222
221
372
372
372
370
413
412
404
404
404
404
405
245
244
246
236
236
232
232
221
233
221
222
222
372
372
378
404
404
404
239
245
236
253
255
255
233
233
218
214
214
214
372
371
385
380
378
378
397
393
404
393
404
245
253
253
253
255
255
255
233
218
214
214
214
385
380
385
380
378
397
397
393
393
393
253
253
253
255
252
220
218
216
216
216
214
384
384
384
378
378
400
390
400
391
391
258
258
258
258
252
250
220
216
216
216
384
384
384
387
387
379
400
400
391
400
391
258
258
258
257
250
250
220
216
216
387
160
86
158
156
158
156
160
161
206
206
206
201
201
201
202
202
200
200
202
95
96
96
85
85
85
85
86
86
86
156
158
158
161
161
161
206
206
201
204
95
94
96
96
96
96
85
85
85
86
86
158
165
158
161
161
159
207
207
207
206
206
204
91
92
92
89
89
89
88
87
87
165
165
165
165
167
167
167
167
159
207
207
207
207
204
204
204
91
92
92
92
88
88
87
87
165
165
165
167
167
167
182
205
205
91
91
92
72
92
87
88
87
78
78
164
167
167
184
182
182
205
205
205
71
74
72
72
72
72
63
63
63
87
64
172
163
164
164
188
188
188
74
75
74
72
71
71
63
63
63
63
64
64
60
78
171
171
170
170
184
184
184
188
188
188
75
75
75
75
71
62
62
62
62
60
60
60
60
169
171
170
170
170
188
188
75
77
66
66
66
66
62
62
62
60
60
169
373
170
170
409
109
409
188
77
77
77
240
66
240
229
229
60
226
375
375
373
373
409
411
410
410
410
77
243
240
240
240
229
229
228
228
228
228
226
226
375
375
375
373
373
373
374
409
411
411
411
410
410
243
243
244
240
229
229
228
222
223
375
376
370
374
374
411
404
405
244
246
246
232
232
232
232
222
222
222
222
222
372
374
374
413
412
403
404
403
245
245
245
246
246
233
222
222
222
372
372
370
370
370
397
397
397
403
403
403
245
245
255
233
233
218
218
217
214
372
385
385
389
389
389
388
397
397
397
397
397
393
393
253
253
255
255
255
218
218
218
214
385
385
385
389
389
388
397
398
398
396
393
253
259
255
253
255
218
218
216
216
384
384
384
387
387
401
400
400
400
400
400
399
258
259
257
219
220
220
216
216
384
384
384
384
387
387
387
387
387
400
400
400
400
399
258
258
259
258
258
257
257
250
220
220
215
215
215
257
158
158
158
158
160
160
161
160
206
201
201
201
202
202
95
95
95
95
85
85
85
85
85
86
86
86
19
158
158
158
161
161
161
201
206
201
201
201
202
202
94
96
96
94
85
85
86
19
19
162
168
168
168
161
161
161
207
206
204
204
204
94
94
94
96
92
88
88
87
87
19
162
162
168
168
168
168
207
207
206
204
204
94
94
92
92
92
92
88
88
88
87
87
21
164
164
164
164
167
167
167
116
207
116
116
205
205
204
205
71
72
92
92
88
88
87
20
20
78
163
164
164
164
167
106
116
116
116
114
205
71
71
71
71
72
72
63
88
88
78
78
20
163
163
163
164
184
184
109
113
113
113
75
75
71
71
63
63
63
64
58
58
171
171
163
171
164
105
109
109
113
113
75
76
75
75
71
61
61
61
61
60
58
171
171
170
109
170
109
107
107
107
107
76
77
76
76
75
61
61
61
61
58
171
375
170
170
170
322
109
321
109
107
107
77
77
77
77
76
76
76
240
229
62
308
60
375
327
375
373
373
321
409
107
410
243
243
77
243
240
229
223
308
375
375
375
328
373
374
322
321
411
318
243
243
243
246
240
229
229
227
227
227
227
228
223
223
223
375
374
374
411
411
411
403
243
245
246
246
227
227
227
223
223
372
370
370
374
374
374
411
411
403
403
403
243
245
246
233
233
233
223
372
372
370
388
398
403
396
245
246
254
254
255
233
233
217
217
385
385
389
389
388
389
388
397
398
398
398
396
396
259
253
254
255
254
219
218
218
218
217
215
385
385
383
389
389
389
388
397
398
398
402
396
396
259
253
256
219
219
219
219
217
216
217
383
384
386
386
387
402
399
402
399
399
259
259
259
257
257
257
219
220
220
215
215
215
383
383
387
387
386
387
401
401
402
402
399
399
258
259
258
257
257
220
220
220
215
215
401
160
203
157
157
158
160
160
160
201
201
203
203
202
202
95
95
95
94
24
24
24
24
19
19
19
157
157
157
157
157
160
160
201
201
203
203
202
4
4
94
4
23
23
22
24
19
19
19
162
162
162
162
160
149
206
206
203
204
0
4
0
4
94
4
23
23
23
22
19
21
162
168
168
168
168
168
168
116
115
144
0
0
0
23
23
23
163
162
162
106
116
116
116
115
114
114
114
37
0
33
33
33
88
20
20
20
20
163
163
163
164
162
106
106
116
113
113
113
115
114
114
37
38
33
33
33
63
50
20
20
163
163
105
105
105
106
113
113
114
37
38
38
61
32
61
58
171
163
120
120
105
105
109
109
113
111
76
75
76
37
38
61
61
58
58
58
58
58
120
171
120
120
108
109
109
107
107
76
76
76
38
32
61
58
58
58
327
327
327
108
325
322
322
108
321
107
107
107
107
76
77
76
279
38
279
306
306
306
308
308
308
327
325
325
327
325
322
322
322
321
321
321
318
318
285
76
243
279
279
279
306
306
306
306
306
308
308
328
327
328
322
321
321
318
284
246
279
279
246
306
309
329
328
329
328
374
324
321
321
318
318
318
243
243
284
279
246
227
280
227
227
305
227
223
223
329
329
329
374
329
388
411
323
323
403
245
246
284
246
227
286
227
223
223
223
330
329
370
388
388
323
398
323
403
354
323
403
396
259
245
254
254
254
233
217
217
217
330
389
389
388
388
388
398
398
398
398
396
396
396
259
259
254
254
254
254
219
217
217
383
385
388
401
402
396
396
396
259
256
254
254
219
219
219
217
215
383
383
389
383
386
402
402
399
399
256
256
257
257
219
219
215
215
383
383
386
386
386
386
386
401
401
402
399
399
256
256
256
256
257
256
257
219
220
220
215
215
383
402
215
202
3
157
157
157
160
132
149
149
203
149
203
203
203
202
3
4
4
25
25
24
24
24
24
24
19
157
157
157
132
160
149
149
203
203
203
202
203
2
4
4
4
25
4
24
22
19
162
157
132
132
149
150
150
150
150
2
0
4
4
4
25
23
23
23
23
22
21
19
142
142
142
137
149
149
115
150
115
150
144
144
0
0
0
4
5
34
22
22
22
22
21
21
162
142
142
141
106
116
106
116
115
115
115
114
144
37
37
33
34
34
20
21
21
141
163
141
106
106
106
116
115
114
114
114
114
37
37
33
33
33
34
34
34
50
20
20
120
120
121
105
105
106
105
106
115
113
114
37
38
38
33
33
32
32
50
50
20
20
120
120
120
105
105
105
109
108
113
112
37
38
38
38
32
51
40
120
120
120
108
108
108
108
111
111
37
36
36
38
36
35
32
40
40
327
327
325
322
108
108
108
108
107
111
111
111
111
36
36
279
307
307
306
307
306
308
327
325
325
322
321
318
318
318
285
285
279
279
307
307
306
306
308
326
325
328
324
321
321
319
318
318
285
285
285
284
284
279
279
305
306
305
305
309
309
309
328
328
329
328
328
324
324
323
323
318
283
284
284
279
280
305
305
309
309
329
329
324
323
323
323
318
354
283
283
284
280
266
280
286
288
288
288
223
288
330
329
330
330
329
329
347
348
354
354
354
354
268
268
268
268
266
266
266
286
286
286
286
287
287
330
330
340
347
348
354
348
355
268
268
268
266
289
286
217
291
217
338
338
340
389
347
348
402
402
354
354
356
355
268
270
256
272
254
272
289
291
291
291
338
339
383
386
386
401
350
401
350
402
356
356
356
256
256
270
269
269
272
272
289
291
290
290
383
338
386
386
386
401
401
401
401
402
353
399
353
399
353
399
256
269
269
269
269
289
289
289
290
289
290
290
290
290
290
3
18
131
131
131
132
132
149
149
149
151
151
151
151
3
3
5
25
25
25
24
25
24
18
18
18
18
132
131
132
132
149
150
151
151
2
151
2
2
5
5
25
25
25
25
22
18
19
18
142
131
132
132
132
132
149
150
150
2
2
2
2
2
0
5
5
5
25
22
21
14
142
142
142
142
137
137
137
137
150
150
144
2
1
0
23
22
22
34
22
22
21
142
141
142
141
142
142
137
137
147
115
115
145
0
37
1
31
33
33
34
50
22
21
21
141
141
105
121
141
105
106
106
104
115
115
110
112
114
112
37
33
34
34
34
50
50
21
40
21
141
121
104
104
104
104
110
112
110
112
112
37
37
29
31
38
32
35
34
50
50
40
40
122
122
121
121
104
104
104
112
112
111
36
38
36
35
32
35
32
32
51
51
40
40
40
122
121
104
108
112
112
111
111
111
36
36
36
35
35
32
32
51
51
40
41
41
41
327
327
325
121
108
124
111
111
36
36
35
307
307
308
307
308
327
326
326
326
325
325
316
322
319
319
319
319
320
285
285
285
281
281
305
307
307
307
309
309
309
326
326
326
326
325
328
322
324
323
319
319
320
285
285
281
281
280
305
305
305
311
309
309
328
326
328
324
324
324
323
319
320
283
283
284
284
280
280
280
280
305
305
309
309
311
309
330
330
330
330
329
324
324
324
362
363
354
283
283
283
283
283
282
284
267
266
286
288
288
330
330
340
347
347
324
347
348
348
354
363
283
268
268
267
267
266
266
266
286
288
288
287
287
287
339
340
340
347
348
348
354
348
354
355
355
355
268
268
267
266
286
287
287
291
291
338
339
339
340
340
347
347
348
348
354
356
356
356
356
355
268
269
272
289
289
291
291
291
338
338
339
340
350
350
350
350
353
353
356
356
270
270
269
269
272
289
291
291
290
291
338
338
338
338
338
350
350
350
353
353
353
353
352
270
269
269
289
271
289
271
289
290
290
131
131
131
131
131
152
152
152
151
151
3
3
5
5
11
11
17
18
18
140
131
131
132
130
154
152
152
152
151
151
151
2
5
5
9
25
17
15
18
18
131
130
130
130
130
154
150
154
150
151
2
1
1
5
9
9
15
15
18
14
142
137
147
147
145
1
1
1
1
5
9
9
15
15
14
15
14
14
140
141
140
142
138
137
147
147
147
145
1
30
31
31
31
34
45
45
15
50
13
141
141
104
137
147
104
147
110
110
145
112
29
31
31
31
31
50
44
13
122
122
122
119
104
119
104
110
110
110
110
112
29
30
31
31
31
35
35
32
50
50
40
40
122
122
121
121
119
104
125
110
112
29
29
35
51
48
51
51
51
41
41
40
122
122
121
121
121
125
124
124
124
129
129
36
35
51
51
41
41
41
326
326
326
333
333
316
124
124
129
129
285
36
281
35
307
307
308
41
308
41
326
333
325
333
316
319
320
320
285
285
281
281
281
301
307
310
310
326
331
325
331
316
316
319
319
320
320
282
285
281
281
280
305
300
311
311
311
310
326
331
331
324
316
319
319
283
283
283
282
282
280
280
280
303
303
311
311
311
335
334
334
323
363
282
282
267
284
282
267
288
288
288
287
335
334
324
347
347
348
363
362
363
267
267
267
266
266
266
286
288
287
288
287
339
340
340
340
347
348
362
362
355
355
267
267
267
272
286
287
287
287
287
339
339
340
347
340
349
348
362
356
355
355
355
262
355
270
270
271
272
271
296
296
291
298
339
339
339
339
339
350
350
349
349
349
349
353
356
352
356
356
270
270
269
271
271
271
271
296
295
295
295
290
290
338
343
343
343
350
350
349
353
353
352
270
270
352
270
269
271
271
271
295
295
295
352
7
133
134
133
131
134
134
134
155
152
152
153
153
8
7
8
8
11
8
11
11
11
17
18
18
17
134
130
130
135
152
154
152
152
152
153
151
8
8
10
11
11
17
14
18
140
133
130
130
130
135
130
154
154
152
152
8
5
10
1
9
9
15
14
14
14
140
140
140
140
137
137
154
147
147
145
145
145
145
145
1
1
1
1
9
9
9
9
9
15
15
15
14
140
140
140
138
147
147
145
145
145
30
30
30
30
45
45
45
15
44
44
15
13
44
122
138
119
137
110
110
148
147
126
30
29
30
30
30
31
45
45
45
44
44
44
122
118
119
119
119
119
125
110
126
29
29
29
31
31
27
45
48
45
50
51
43
43
122
122
122
119
119
125
124
126
110
129
129
29
29
27
27
27
48
49
51
51
39
41
41
333
333
124
125
124
129
129
129
129
128
29
27
35
49
49
49
39
41
333
333
312
124
124
124
124
320
129
320
129
278
128
129
277
277
277
49
275
49
301
300
300
300
310
41
333
333
316
124
320
320
278
277
277
281
275
301
300
300
300
310
331
331
331
331
331
316
316
316
317
317
319
320
317
320
278
282
277
275
281
275
303
300
300
310
310
335
335
331
331
316
316
317
317
320
278
282
282
282
281
281
280
303
303
311
311
310
335
335
334
334
357
362
358
358
282
282
303
303
311
311
311
292
335
335
335
334
335
334
334
345
345
358
362
363
362
363
363
363
282
262
262
267
263
266
286
288
294
292
335
335
334
345
345
345
362
362
362
362
363
363
262
267
272
272
272
294
293
292
292
342
339
340
346
346
349
362
362
355
355
352
262
262
262
271
261
272
272
296
296
296
296
298
292
343
343
342
349
346
349
349
353
352
270
261
261
270
271
296
295
296
298
295
298
343
343
343
343
350
349
349
349
349
353
352
352
352
261
261
271
295
295
295
295
295
295
298
343
134
11
134
134
134
134
155
155
153
155
153
153
7
7
7
8
7
11
11
17
17
17
17
133
134
133
134
135
155
155
154
154
155
153
153
8
8
8
10
10
11
12
14
17
17
139
133
130
130
135
154
154
154
154
144
153
144
8
8
10
10
9
9
14
14
140
138
138
148
148
148
144
145
6
6
10
9
15
13
13
13
140
140
138
138
147
136
148
148
148
145
30
30
30
46
46
44
139
138
138
138
138
119
148
146
29
26
26
46
46
45
45
44
44
44
117
117
118
118
119
125
125
125
125
126
126
26
27
47
47
45
43
43
43
117
118
119
125
126
126
128
128
26
28
27
28
27
27
27
48
48
49
39
43
43
43
43
117
332
332
125
125
127
129
128
128
128
28
28
27
49
49
49
49
39
39
332
333
333
125
124
127
278
277
275
49
49
39
301
39
299
333
333
315
316
312
314
313
278
278
278
277
277
277
275
301
300
301
300
300
310
310
332
331
331
315
317
317
314
314
278
277
277
275
274
301
300
300
310
310
336
336
336
316
315
317
317
314
358
358
278
273
274
274
274
304
304
303
300
310
303
310
336
336
334
317
345
358
357
358
359
273
273
274
267
303
303
303
311
335
337
334
334
334
345
345
357
358
358
363
359
363
262
273
263
263
263
264
294
303
294
293
293
293
292
342
335
346
345
345
361
361
360
360
363
262
262
261
263
296
294
293
293
292
342
342
341
342
346
346
345
346
361
361
360
262
262
261
261
264
264
293
298
298
292
343
343
346
342
346
346
361
361
352
352
352
261
261
265
296
296
298
298
298
343
343
342
344
344
344
351
351
351
351
351
351
352
260
265
265
265
296
297
298
298
260
155
133
134
7
7
7
7
7
11
12
12
12
12
16
17
17
133
135
135
155
155
153
153
153
7
8
10
12
12
16
16
17
133
133
135
135
155
155
143
144
143
6
6
10
12
13
13
139
139
139
139
136
148
146
148
143
143
6
10
46
13
13
139
139
138
138
136
148
148
144
144
26
6
46
46
46
46
42
42
139
139
138
136
148
148
126
146
144
26
46
47
46
44
44
117
117
118
118
118
123
123
126
126
126
126
26
27
27
47
47
43
43
117
118
123
123
127
127
28
28
28
27
48
43
117
118
123
123
127
127
128
28
28
48
48
39
39
43
332
332
312
312
312
314
313
128
28
28
275
28
48
301
49
299
39
332
332
332
312
314
314
314
278
278
277
275
275
275
301
301
299
299
336
336
317
314
313
278
278
277
274
304
304
301
299
299
336
336
336
315
337
315
315
317
315
359
276
276
274
276
274
304
304
299
299
337
337
337
315
317
357
358
358
273
359
273
263
274
263
303
304
303
292
292
337
337
337
345
358
359
359
273
263
263
304
302
302
302
293
292
341
341
345
361
361
360
359
262
263
264
264
294
294
293
342
341
346
344
346
361
361
361
360
360
262
261
264
297
293
293
293
293
342
346
344
361
361
360
260
260
261
261
265
265
297
297
297
297
342
342
344
344
351
351
351
260
261
265
265
297
297
298
298
351
133
135
155
153
16
16
133
153
12
12
135
135
146
146
10
146
143
6
6
13
13
139
118
146
6
46
46
42
136
144
26
42
42
117
118
148
126
26
47
47
47
43
118
123
123
123
126
127
26
28
47
47
42
332
117
312
127
128
48
332
312
128
48
299
39
332
314
314
313
276
275
275
275
336
315
317
314
314
359
276
276
304
304
336
274
276
274
274
304
304
302
299
337
358
359
273
302
292
337
357
358
273
263
264
293
341
345
357
273
260
264
302
293
341
341
346
361
360
260
264
294
297
293
341
361
351
260
265
297
342
360
265
297
133
10
12
16
6
136
136
146
13
26
47
46
117
118
127
123
43
127
39
299
312
299
315
336
313
276
304
359
304
315
292
302
337
359
264
264
265
297
360
351
7
16
7
12
139
155
16
6
42
146
136
146
46
118
47
48
39
314
313
276
299
315
315
302
302
337
359
263
357
359
294
357
260
260
344
360
260
264
297
298
135
12
143
10
12
16
139
6
127
42
118
47
42
117
123
127
127
28
128
313
276
274
273
273
341
263
344
264
294
344
260
265
155
146
143
6
16
146
143
136
42
117
123
26
42
48
332
332
128
275
301
299
336
314
359
337
357
357
337
337
357
302
344
341
342
351
260
265
135
146
367
367
16
135
135
136
240
136
3
3
42
123
117
123
312
42
312
276
312
312
276
301
313
304
276
274
143
359
302
294
264
341
341
344
264
294
344
360
143
143
367
3
16
16
240
240
136
3
136
409
370
409
143
26
313
313
143
94
370
247
103
313
341
313
103
247
103
