2880
543
1343
1344
1391
1390
564
563
542
648
1393
1378
569
649
651
650
639
636
640
1318
1331
1330
558
559
560
673
1216
1385
1376
1376
1375
581
557
662
1221
1107
1136
1137
581
425
561
668
666
653
1234
1112
1140
1138
424
426
667
1081
1110
1080
1140
406
415
409
409
423
478
478
479
654
1099
1082
1083
1126
1125
406
422
532
490
1239
1239
1101
1100
1084
1125
379
536
530
529
475
489
1238
1240
2561
2696
2690
381
1482
2550
2561
2563
2699
2690
2688
1482
1548
2555
2583
2583
2684
1534
2548
2546
2583
2583
2685
2687
2687
1443
1505
1531
1549
2731
2546
2545
2573
1474
1475
1477
1505
1540
1539
1536
1537
2728
2730
2572
2629
2630
1640
1641
1486
1489
1538
1540
1559
2729
2729
2620
1626
1714
2819
2817
2628
2800
1621
1736
1712
1736
1714
1713
1728
1727
2737
2738
2814
2815
2795
1621
1727
2736
2813
2813
2805
2803
2797
2797
2796
1623
1735
1742
1742
1729
1722
1323
1321
1322
1324
1325
1342
1345
1346
1344
1349
1391
1391
1379
1381
1379
566
564
544
544
544
547
546
546
651
648
647
636
1326
1324
1328
1346
1330
1385
1345
1382
1379
569
568
570
572
542
541
543
651
650
638
640
637
1318
1320
1319
1328
1331
1384
1385
1376
1372
1378
1373
569
574
568
569
570
558
559
674
674
672
662
639
660
1222
1223
1219
1218
1386
1388
1385
1376
1374
575
579
581
558
561
560
674
663
672
661
1222
1222
1221
1219
1216
1219
1109
1111
1137
1139
1143
575
1138
581
557
667
665
664
662
653
1236
1235
1107
1112
1108
1112
1136
1140
1140
415
413
414
412
421
426
425
668
666
664
655
656
656
655
1232
1234
1235
1097
1098
1098
1112
1135
1134
408
413
415
421
422
423
539
480
539
481
491
479
492
1236
1244
1244
1098
1088
1082
1126
1127
1135
407
408
409
409
536
538
535
476
479
476
491
1241
1237
1241
1099
1101
1100
1087
1085
1084
1128
1129
365
367
380
378
380
373
536
533
532
528
476
473
494
490
1238
1241
1101
1083
2696
1129
2699
2698
2689
2690
1484
379
528
529
530
531
533
1545
473
489
1547
2550
2551
2560
2561
2564
2564
2582
2563
2579
2695
2696
2697
2699
2690
1481
1484
1481
1483
1484
1447
1442
1444
1446
1445
1543
1547
1548
2552
2549
2556
2554
2562
2577
2582
2684
2683
2684
2686
1481
1481
1473
1476
1441
1444
1442
1443
1542
1550
1551
1551
2547
2549
2544
2554
2585
2585
2586
2681
2687
1475
1477
1478
1477
1506
1533
1533
1534
1532
1550
1537
2542
2546
2572
2574
2573
2616
2631
2685
2678
2687
1639
1477
1494
1488
1506
1531
1540
1540
1536
2732
2729
2731
2572
2569
2571
2572
2575
2575
2620
2629
2631
1632
1625
1494
1488
1497
1539
2729
2728
2730
2818
2574
2575
2628
2628
2627
2623
1641
1627
1639
1627
1630
1489
1711
1711
1712
1718
1728
1565
1720
2726
2723
2723
2818
2819
2816
2830
2628
2628
2624
2799
1641
2623
1626
1622
1629
1629
1736
1714
1726
1726
2735
2821
2822
2822
2817
2816
2804
2800
2799
2800
1621
1624
1630
1735
1736
1741
1714
1742
1730
1731
1724
2738
2736
2820
2822
2820
2815
2814
2826
2804
2803
2797
2798
1624
1623
1739
1742
1729
1723
1725
1722
1725
1724
2737
1347
547
1322
1323
1343
1341
1349
1348
1392
1391
1382
1404
1381
1396
566
565
541
541
549
651
648
648
631
631
1321
1316
1317
1326
1328
1329
1337
1387
1349
1390
1392
1394
1394
1382
1382
563
566
571
550
550
548
643
645
638
633
630
1319
1317
1335
1336
1329
1387
1388
1393
1373
577
576
573
578
573
582
583
571
552
552
552
669
637
637
1225
1320
1225
1316
1225
1335
1386
1372
1374
578
574
584
558
554
671
673
670
659
660
659
1224
1224
1217
1219
1228
1218
1104
1105
1103
1146
1142
1142
411
412
417
553
555
555
663
665
658
662
1233
1228
1109
1104
1103
1111
1131
1146
1144
412
424
419
519
480
654
653
1232
1233
1098
1108
1133
1135
411
415
420
539
419
539
521
482
482
1244
1247
1244
1227
1097
1094
1093
1095
1090
1081
1089
366
370
378
420
419
374
537
519
474
526
482
476
493
494
1241
1240
1253
1095
1086
1085
1086
1087
1129
1128
1129
366
365
369
377
378
378
375
536
527
475
484
485
1251
2561
1092
2578
2696
1165
2698
2691
381
377
1483
373
531
1545
485
1544
2538
2538
2556
2562
2580
2580
2578
2699
2692
2693
1469
1484
1447
1452
1446
1450
1450
1449
1545
1545
1550
2552
2551
2539
2558
2555
2576
2586
2679
2684
2664
1469
1472
1441
1447
1441
1448
1543
1542
1551
1546
2548
2540
2541
2543
2546
2558
2553
2553
2585
2585
2681
2680
2663
1473
1478
1495
1501
1506
1502
1532
1551
1571
2547
2704
2569
2568
2617
2617
2678
2678
1474
1495
1493
1494
1489
1504
1567
1537
2732
2569
2567
2567
2616
2619
2617
2621
2622
1632
1494
1490
1499
1498
1538
1497
1564
2726
2725
2702
2724
2718
2830
2620
2566
2620
2630
2625
2625
1640
1634
1637
1633
1625
1746
1500
1497
1715
1565
1565
2734
2726
2726
2724
2833
2833
2831
2811
2831
2791
2624
1638
1638
1628
1733
1733
1716
1717
1719
1719
1720
2744
2741
2832
2805
2802
2810
2798
1658
1622
1628
1733
1654
1748
1752
1717
1731
1723
2735
2735
2735
2741
2740
2740
2821
2812
2813
2828
2827
2826
2802
2802
2797
1656
1657
1657
1739
1657
1738
1740
1740
1749
1754
1754
1730
1731
1722
1739
1753
1754
1341
1340
545
1325
1308
1306
1307
1342
1348
1349
1340
1358
1353
1359
1354
1404
1402
1396
588
566
550
611
643
645
644
645
634
645
634
633
1314
1315
1339
1334
1360
1360
1351
1351
1405
1400
1401
1400
589
572
549
704
634
634
1311
1312
1315
1314
1334
1334
1336
1364
1363
1350
1413
577
582
605
584
601
550
629
670
704
669
707
632
633
1312
1313
1195
1333
1205
1333
1365
1365
1361
1145
1143
576
584
603
626
554
626
627
703
671
659
659
1225
1217
1207
1106
1103
1145
1146
1154
432
583
432
553
693
695
696
696
690
1233
1229
1230
1121
1106
1105
1132
1146
435
437
417
417
444
447
520
505
520
693
695
458
460
1233
1246
1227
1230
1229
1227
1121
1122
1114
1132
1132
1134
436
418
437
448
481
518
455
492
1247
1247
1243
1249
1089
1124
1159
1131
1166
367
1166
370
368
420
371
537
525
486
488
487
488
493
1247
1252
1250
1091
1094
1090
1090
1160
1160
1166
1166
370
370
372
375
536
527
486
484
494
1251
1248
1250
1091
1253
2602
2603
2676
2673
2693
2691
369
372
362
374
1455
1455
526
1619
1606
1601
1600
2537
2538
2557
2601
2579
2675
2675
2672
2693
2692
1465
1469
1454
1454
1455
1450
1610
1607
1607
1606
1546
2538
2541
2558
2558
2577
2674
2674
2665
2665
2664
1470
1472
1452
1455
1529
1450
1501
1610
1607
1569
1572
2540
2533
2587
2590
2679
2611
2681
2611
2665
2665
1471
2661
1472
1471
1529
1492
1503
1503
1611
1570
1573
2704
2543
2713
2569
2584
2589
2614
2614
2633
1632
1508
1491
1506
1502
1570
1568
1568
2704
2703
2718
2704
2717
2566
2612
2612
2621
2633
1637
2638
1507
1491
1490
1492
1500
1498
1566
1567
1564
2702
2704
2718
2718
2720
2721
2721
2831
2618
2858
2619
2622
1638
1635
1635
1486
1499
1744
1553
2742
2719
2720
2834
2834
2834
2809
2791
1638
1661
1661
1633
1645
1748
1745
1745
1716
1718
2744
2743
2741
2742
2825
2831
2809
2811
2792
2792
1661
1663
1653
1655
1655
1748
1754
1745
1731
1791
2744
2744
2741
2789
2827
2825
2807
2808
2810
2793
1658
1657
1664
1654
1739
1748
1751
1750
1750
1752
1793
1790
1793
1791
2828
1792
1309
1309
1308
1306
1268
1340
1340
1358
1357
1354
1405
1397
1397
1405
1398
588
587
610
611
611
608
716
716
715
698
1309
1309
1337
1277
1267
1279
1359
1353
1354
1403
1403
1405
1401
1402
606
589
588
585
628
629
716
700
700
1311
1315
1315
1281
1280
1363
1368
1367
1351
1351
604
604
606
601
606
589
628
629
704
706
707
699
701
1196
1192
1314
1334
1281
1364
1362
1413
606
602
625
597
627
685
694
706
689
1202
1201
1193
1207
1205
1208
1116
1362
1361
1371
1153
1151
1154
602
603
626
445
446
626
504
681
692
696
696
690
690
1199
1199
1202
1202
1207
1207
1118
1117
1114
1148
1151
1153
433
434
436
449
447
504
505
503
693
693
457
460
460
1198
1199
1202
1121
1206
1117
1124
1163
1150
431
429
430
437
438
449
448
496
521
518
507
456
460
1246
1249
1093
1123
1124
1162
1161
431
371
496
498
518
455
459
1248
1257
1256
1255
1120
1120
1159
1161
1165
1169
390
361
361
364
363
525
522
523
488
487
467
1252
1258
1256
1092
2601
2603
1160
1168
1169
1167
389
361
363
362
364
1460
1461
524
1619
522
524
467
1601
2537
2526
2530
2528
2602
2598
2676
2673
2673
2673
2660
1466
1466
1466
1452
1459
1461
1459
1619
1610
1600
1601
2533
2527
2525
2608
2607
2597
2596
2669
2666
2672
2660
1470
1467
1527
1609
1610
1612
1613
1607
1604
1603
2539
2535
2525
2535
2588
2609
2587
2591
2591
2589
2611
2662
1463
1472
1507
1528
1529
1613
1612
1602
1602
1574
1569
2707
2707
2706
2713
2591
2590
2613
2614
2650
2633
2639
2639
2662
1515
1508
1529
1519
1520
1611
1596
1571
1574
1573
2707
2712
2715
2636
2639
2639
1634
1515
1511
1511
1523
1518
1520
1519
1562
1554
1568
1555
2710
2701
2711
2719
2761
2868
2875
2636
2635
2634
2638
2641
1648
1649
1649
1510
1511
1521
1518
1562
1556
1556
1556
2780
2701
2786
2789
2763
2870
2870
2859
2791
2640
1649
1646
1646
1643
1746
1744
1715
1790
1799
1789
1553
2780
2779
2788
2762
2824
2860
2808
2808
2794
2794
1661
1664
1664
1663
1643
1747
1785
1790
1785
1790
2782
2783
2789
2787
2789
2825
2825
2808
2807
2838
2793
1660
1662
1653
1696
1749
1751
1786
1793
1793
2787
1269
698
1285
1307
1270
1268
1270
1262
1355
1355
1436
1438
1437
1439
1437
1427
1399
1399
1398
593
586
611
710
710
716
709
717
718
719
1299
1286
1289
1267
1266
1356
1356
1357
1439
1413
592
592
586
585
610
614
608
713
713
701
700
1300
1304
1302
1278
1278
1280
1368
1368
1367
1368
1409
1413
605
600
623
613
620
704
676
707
701
1301
1193
1304
1192
1302
1205
1277
1281
1281
1369
1370
1370
1410
1408
1412
1413
600
597
619
623
678
677
685
687
1194
1196
1195
1214
1205
1204
1118
1156
1154
434
597
623
446
618
685
682
684
689
690
1201
1208
1210
1116
1115
1115
1156
1157
1157
433
428
442
446
445
501
503
500
681
682
456
1199
1180
1176
1211
1148
1151
1151
429
430
431
439
440
497
500
499
499
509
506
452
457
451
1182
1182
1206
1211
1122
871
1124
1162
1150
1169
397
393
390
398
396
498
507
515
507
471
468
451
469
1259
1185
1256
1255
873
1163
1169
392
398
402
496
404
403
514
523
471
469
468
1259
2530
1256
875
2599
1047
2600
1168
388
389
401
1456
403
1457
1461
1616
468
1598
2529
2530
2530
2528
2600
2670
2668
2667
2667
389
1465
1458
1456
1458
1460
1616
1616
1619
1618
1617
1600
1601
2522
2521
2526
2527
2608
2607
2606
2605
2596
2599
2670
2668
2666
2656
1463
1466
1457
1526
1524
1618
1603
1599
2520
2534
2535
2606
2595
2597
2651
2646
2661
1517
1514
1527
1525
1596
1596
1604
1576
1577
1577
1574
2707
2609
2588
2595
2614
2652
2651
2651
2648
1516
1516
1514
1525
1594
1595
1574
1581
2708
2709
2712
2715
2714
2876
2874
2876
2636
2654
2642
2647
1652
1511
1522
1592
1561
1558
1583
1554
2710
2773
2786
2715
2711
2766
2764
2873
2875
2869
2870
2858
2636
2642
1652
1651
1646
1522
1521
1562
1562
1556
1555
2774
2773
2780
2766
2761
2762
2870
2861
2859
2857
2640
1648
1700
1645
1646
1673
1783
1784
1784
1798
2783
2780
2786
2755
2763
2872
2849
2861
2860
2836
2839
2843
1700
1644
1670
1779
1781
1787
1787
1799
2782
2784
2783
2783
2788
2785
2752
2752
2751
2846
2847
2850
2839
2838
1699
1702
1701
1664
1703
1697
1697
1778
1778
1787
1796
1795
1796
1696
1286
1285
1288
1267
1269
1261
1266
1264
1431
1435
1436
1438
1426
1427
595
593
594
616
608
710
708
712
710
717
719
718
7
1301
1299
1287
1267
1276
1264
1433
1428
1430
1429
1434
1439
1426
592
615
617
613
617
713
711
8
5
1300
1303
1304
1298
1275
1274
1275
1407
1429
1415
1416
1414
599
591
592
614
619
675
713
711
701
28
1172
1296
1304
1276
1272
1275
1369
1407
1409
1416
1414
600
600
621
618
620
623
679
675
676
683
687
29
1194
1213
1214
1212
1214
879
1272
886
1371
915
913
1410
1157
1408
1155
443
443
622
622
679
677
685
36
38
687
1180
1213
1177
1211
1210
878
887
906
912
901
1157
428
441
443
442
502
502
501
682
682
454
454
33
1175
1175
1177
880
867
1115
867
907
910
909
393
440
439
438
497
510
510
452
453
454
1183
1184
1184
1182
1176
868
867
1049
908
909
391
394
397
396
402
513
509
516
470
471
465
1183
1257
876
872
872
1046
1048
1056
1050
1050
391
392
386
400
404
513
512
515
516
471
1258
2524
874
876
876
2467
873
2324
1047
1055
1053
389
388
383
382
385
400
401
2024
1615
514
1948
468
2523
2449
2474
2473
2605
2327
2598
1053
2658
2658
2005
383
2004
2021
2023
1598
1949
2523
2524
2522
2472
2474
2606
2327
2326
2669
2659
2006
2659
2006
1463
2022
1524
1616
1588
2015
1940
1590
1618
1579
1579
1578
2406
2405
2606
2594
2594
2651
2646
2656
1517
2003
1514
1526
1588
1587
1579
1578
2521
2406
2715
2403
2403
2593
2594
2654
2653
2651
2647
2648
2644
1514
1594
1596
1593
1582
2709
2708
2764
2877
2874
2654
2645
1652
1513
1514
1666
1523
1593
1592
1585
1585
2777
2710
2765
2766
2757
2759
2878
2879
2865
2863
2862
2866
2641
1652
1650
1666
1670
1675
1675
1558
1561
1767
1558
1776
2776
2777
2777
2766
2758
2760
2760
2871
2871
2864
2864
2862
2840
1707
1650
1708
1780
1674
1767
1783
1776
1799
1775
2770
2774
2784
2747
2752
2872
2837
2850
2836
2842
1700
1709
1709
1672
1694
1671
1779
1780
1787
1797
1798
1795
2771
2771
2755
2755
2755
2752
2848
2847
2849
2850
2837
2844
1703
1700
1702
1697
1697
1781
1778
1786
1796
1796
2846
1261
1421
1284
1288
1287
1261
1263
1264
1432
1432
1435
1418
1425
1425
594
595
615
616
14
14
15
4
8
6
6
1284
1289
1290
1292
1292
1264
1275
1431
1433
1430
1427
1423
97
92
617
94
18
21
3
3
10
9
5
1295
1295
1294
1297
1291
789
1428
1407
1424
1415
125
123
124
94
617
91
17
18
21
2
29
28
1295
1297
1296
1298
1274
890
1272
915
914
926
127
124
126
18
20
29
1174
1171
1214
887
886
887
912
915
914
901
926
251
126
250
253
254
678
35
37
34
34
1173
1173
1180
1178
881
879
887
912
905
907
910
917
904
901
251
256
254
252
252
508
345
38
38
1179
1180
881
861
880
882
906
910
903
248
257
257
508
266
516
454
1185
1189
1188
1187
862
860
868
1046
1049
1041
384
395
395
226
239
513
516
462
462
463
464
464
1191
1190
1190
863
875
871
1048
1056
1052
385
394
399
240
238
513
462
465
463
2451
2451
2450
874
2471
2464
2468
870
2324
1055
1053
1052
1053
384
386
399
2022
238
2024
1945
1953
1953
1947
1950
1949
2444
2471
2471
2451
2470
2466
2466
2468
2327
2323
2325
2320
2659
2659
382
2005
2021
2023
2024
1942
1941
1952
1952
1979
1949
1950
2444
2445
2474
2467
2326
2323
2296
2003
2021
2020
2013
2014
1941
1959
2389
2444
2389
2474
2473
2454
2327
2325
2297
2299
2296
2643
2004
2012
2016
2018
2014
2013
1589
1589
1942
1587
1576
1579
2393
2388
2393
2406
2402
2316
2594
2307
2298
2643
2009
2008
2010
2017
2015
2146
1590
1584
1583
1581
2395
2394
2405
2403
2877
2315
2879
2307
2654
2300
2303
2653
2645
2152
2153
2143
2147
1675
1593
1584
1585
1585
2394
2397
2757
2759
2878
2314
2220
2865
2867
2867
2841
2866
2644
2153
2153
1669
1669
1668
1675
1767
1593
1775
2776
2777
2758
2873
2863
2840
2841
2842
1709
1709
1666
1673
1770
1770
1769
1773
1776
2775
2775
2747
2768
2749
2853
2186
2845
2845
1709
1694
1671
1684
1769
1770
1776
1757
2770
2768
2748
2748
2746
2753
2754
2855
2852
2853
2845
2845
1701
1706
1689
1693
1672
1694
1682
1683
1755
1755
1755
1758
2771
2853
1756
1422
99
1282
1282
1292
803
803
797
797
1434
796
1420
1419
1420
1422
95
96
95
111
103
15
12
1
4
3
7
1283
1283
1292
802
797
796
957
1418
1421
1418
1424
1423
122
96
121
97
110
93
14
3
9
1295
1290
808
809
790
929
929
930
932
119
123
122
125
93
108
21
18
17
21
23
32
31
783
786
784
788
791
789
918
928
929
932
925
924
128
128
127
93
93
260
25
26
26
23
32
32
1172
1171
890
889
898
885
885
913
915
918
918
926
926
251
250
253
262
260
38
35
43
1174
1178
833
878
884
883
882
921
920
902
903
902
251
249
255
263
256
261
261
266
346
37
33
1191
1188
833
862
893
883
878
858
919
905
904
226
228
257
268
265
265
266
347
346
42
44
1188
1191
1187
860
864
861
859
1045
1044
1042
229
229
229
240
242
347
357
1191
1188
864
864
856
869
1044
1042
1039
228
231
235
240
239
246
243
358
359
2448
2447
2465
2465
869
870
1054
1044
1056
1037
1038
1038
1037
232
237
1998
1943
1954
1953
1956
1953
1949
2451
2471
2465
2464
2319
2321
2321
2336
2043
2003
1995
1993
1943
1944
1944
1955
1975
2444
2459
2453
2456
2318
2318
2320
2298
2336
2041
2044
2042
2012
2011
2021
1993
1940
1945
1939
1967
1979
1979
1979
2445
2472
2389
2453
2453
2456
2456
2308
2299
2296
2046
2009
2012
2017
2018
1938
1966
1961
1977
2389
2406
2403
2315
2310
2310
2297
2301
2302
2009
2008
2016
2147
1987
1818
1961
1804
1965
1582
1961
2395
2395
2392
2391
2397
2398
2316
2312
2305
2305
2302
2300
2152
2150
2148
2144
2145
2144
2147
1817
1818
1819
1817
1802
1803
2390
2390
2400
2399
2219
2219
2226
2202
2151
2148
2151
2143
1821
1821
1772
1772
1774
2427
2429
2397
2756
2211
2220
2217
2217
2218
2185
2203
2204
2120
1688
1691
1669
1669
1819
1685
1773
1762
1774
2429
2426
2768
2749
2748
2854
2212
2854
2212
2217
2186
2184
2201
1706
1690
1689
1691
1691
1680
1677
1686
1770
1759
1759
2771
2409
2748
2746
2746
2856
2856
2855
2852
2853
2184
2844
2190
2843
2191
1705
1706
1690
1694
1679
1678
1683
1686
1683
1765
1683
1758
1763
1759
1764
1759
99
12
780
779
801
803
803
797
962
957
958
960
959
1419
98
98
105
105
104
105
103
102
15
49
1
55
1
802
800
807
809
793
963
957
959
118
977
122
120
122
108
111
110
109
13
19
49
10
50
782
777
806
808
806
791
790
931
932
118
120
121
119
113
113
116
91
108
109
24
31
46
781
786
782
786
805
899
899
788
787
929
924
131
134
133
108
25
26
259
26
23
32
781
838
784
840
890
890
897
894
895
935
923
923
130
249
132
216
209
208
260
342
24
40
41
834
839
892
841
891
892
898
884
896
917
919
920
941
923
1060
248
267
269
263
262
343
344
44
355
42
836
833
865
894
857
1043
921
1045
1067
1061
1059
227
228
221
206
257
269
268
266
347
347
356
355
835
844
865
843
858
859
1005
1067
1067
1036
233
229
235
234
241
244
243
241
341
340
359
359
357
845
845
864
1008
1044
1064
1041
1035
1039
230
230
234
245
245
242
244
284
285
358
359
351
349
2447
2437
2439
846
856
1006
1035
1036
232
231
237
1936
1956
1947
1955
1976
2448
2448
2442
2431
2459
2458
2512
2318
2330
2321
2321
2335
2336
2027
2042
1991
1995
1994
1998
1935
1937
1936
1973
1976
1976
2441
2441
2442
2434
2432
2459
2458
2455
2331
2333
2336
2338
2041
2043
1992
1995
1987
1997
1938
1937
1971
1978
1970
2443
2434
2460
2462
2461
2456
2309
2333
2337
2045
2046
2012
1988
1989
1986
1990
1987
1939
1967
1966
1978
1965
1969
2385
2386
2386
2385
2398
2461
2462
2310
2310
2304
2305
2046
2046
2039
2009
2037
1981
2010
2158
2137
2138
1964
1961
2391
2387
2399
2314
2400
2313
2311
2223
2311
2301
2305
2037
2156
2159
2159
2140
2138
2146
2141
1818
1818
1803
1804
1801
1807
2392
2420
2419
2215
2225
2224
2221
2226
2195
2194
2204
2149
2149
2159
2144
2144
1820
1802
1810
1807
1807
2428
2429
2426
2418
2419
2210
2215
2225
2226
2218
2193
2203
2201
2204
2121
2120
2129
2134
1821
1821
1762
1808
1761
2428
2429
2422
2421
2210
2212
2211
2206
2186
2183
2185
2192
1706
2121
1691
1679
1677
1686
1762
1860
1764
1762
2409
2410
2426
2411
2207
2209
2206
2206
2183
2183
2188
2192
1706
1688
1688
1678
1684
1680
1683
1677
1685
1765
1763
780
800
800
800
799
793
966
958
976
975
99
142
100
105
101
101
48
49
54
779
780
777
801
807
961
961
963
965
960
977
976
114
116
115
169
102
47
49
55
55
776
777
806
806
787
962
936
951
931
932
129
114
116
116
176
174
66
65
50
57
783
785
936
938
940
130
131
133
134
107
175
175
64
64
41
57
41
57
774
772
838
786
842
899
896
934
933
941
132
218
211
209
210
260
297
292
61
344
40
839
840
891
899
895
1029
933
934
1061
941
1061
220
218
205
209
208
342
335
43
839
836
842
841
893
829
1002
1002
1002
1066
1060
1059
221
221
206
204
206
203
202
267
341
343
336
334
836
854
850
843
848
857
847
1067
1067
224
202
203
283
300
341
283
339
351
353
356
835
853
844
846
847
1003
1004
1007
1007
1064
1072
235
198
285
340
352
350
350
2437
2436
2437
2440
2438
2513
1008
1006
1063
1073
2027
235
1995
246
1956
1956
1975
352
1972
349
2440
2440
2439
2438
2513
2330
2329
2339
2035
2029
2029
1992
1998
1932
1936
1972
1973
2431
2433
2459
2519
2510
2510
2332
2333
2339
2338
2034
2030
1991
2000
1990
1998
1926
1967
1971
1968
1969
2434
2434
2518
2460
2509
2333
2331
2038
2045
2040
2037
1981
1989
1990
1987
1926
1925
1963
1968
1970
2350
2350
2355
2309
2278
2040
2039
2155
1990
1983
2139
1815
1962
1963
1960
2377
2355
2313
2352
2312
2222
2284
2222
2198
2159
2159
2157
2141
2137
2140
1815
1814
1801
1801
1809
2378
2375
2420
2355
2214
2224
2223
2194
2196
2150
2156
2157
2130
2127
1812
1810
1809
1810
1807
2425
2418
2423
2215
2423
2246
2246
2221
2195
2201
2202
2204
2100
2123
2125
2130
2136
2129
2136
1886
1859
1810
1806
2426
2414
2421
2422
2408
2208
2208
2215
2237
2235
2233
2189
2192
2189
2201
2124
2124
2119
2132
2133
2136
2135
2136
1858
1860
1859
1863
1865
1866
2410
2413
2417
2411
2207
2209
2233
2188
2192
2192
2125
2122
2122
2116
2118
2136
2118
1884
1857
1861
1864
2190
142
740
727
741
727
727
730
729
946
966
966
968
975
140
145
145
144
165
145
167
166
82
72
53
55
54
727
729
744
730
964
952
966
965
972
974
977
143
153
179
168
82
48
46
51
766
766
777
746
763
725
746
745
950
974
974
153
152
177
152
179
170
65
46
52
52
773
766
771
770
764
764
952
761
950
937
982
944
944
943
129
156
154
178
179
178
179
176
174
66
63
62
58
775
775
771
760
1032
937
944
941
940
217
214
218
212
293
292
295
61
333
333
62
327
327
839
822
822
822
1031
1031
1034
935
1016
218
221
215
212
212
211
298
299
294
332
332
334
851
851
850
831
830
831
1030
1057
1058
222
222
220
206
205
181
301
302
300
338
338
336
335
854
851
854
848
829
1004
1005
1001
1064
1058
1057
223
223
197
198
200
290
291
341
340
320
321
348
2437
2496
1011
1003
1009
1064
1070
1068
1069
1071
224
197
198
289
284
282
321
353
2482
2511
2494
1010
1011
1010
1009
2260
1069
2259
1070
2033
1071
1073
2028
2026
2026
289
1999
288
1934
1931
1931
1898
1899
348
2481
2496
2513
1011
2330
2258
2034
2029
2029
2001
2001
1933
1930
1934
1931
1900
2434
2475
2516
2517
2517
2511
2512
2510
2510
2266
2330
2262
2268
2332
2033
2035
2031
1999
2000
1984
1927
1925
1908
1911
1911
2431
2348
2516
2515
2518
2519
2267
2267
2337
2032
2032
2030
1981
1984
1984
1984
1927
1927
1964
1908
1910
2347
2347
2354
2355
2288
2288
2284
2280
2038
2082
1927
1925
1905
1962
1909
1834
2350
2376
2376
2350
2349
2361
2355
2287
2247
2285
2198
2279
2163
2280
2279
2278
2085
2082
2076
2139
2128
1813
1815
1815
1829
1833
2378
2377
2361
2352
2248
2249
2245
2162
2164
2197
2197
2084
2085
2155
2130
2127
1888
1812
1835
1836
1838
2374
2375
2371
2372
2372
2246
2193
2197
2197
2102
2102
2101
2102
2101
2132
2095
2128
1885
1885
1889
1812
1887
1837
1838
2416
2417
2408
2237
2370
2237
2242
2178
2112
2115
2099
2133
2116
2133
1884
1862
1862
1866
1863
1848
2412
2413
2417
2415
2237
2235
2234
2234
2234
2177
2178
2105
2123
2106
2119
2133
1883
1858
1857
1857
1864
1861
1865
2411
728
164
741
726
728
730
948
949
947
949
970
971
142
142
144
145
135
166
167
83
73
74
74
739
741
740
734
724
745
954
953
955
954
947
973
139
153
135
165
170
168
82
83
72
51
767
735
733
763
746
746
951
955
953
974
968
969
155
153
172
171
173
169
60
59
772
762
761
981
938
983
983
986
155
156
173
88
63
68
59
60
773
774
770
762
761
761
1033
1034
942
944
215
214
212
297
293
330
816
825
823
824
760
830
1034
1020
213
190
190
299
298
296
295
333
333
330
852
817
827
824
828
997
1030
995
1031
1016
1015
189
181
302
301
294
322
328
328
854
851
828
996
1013
1016
1072
1077
188
186
187
194
199
201
201
274
275
320
277
322
325
325
325
853
2480
2495
999
996
994
1068
1078
1079
1079
194
194
199
288
290
291
281
323
316
2480
2481
2496
998
992
993
2069
2065
2056
287
287
282
1897
316
1898
2482
2485
2497
2513
2494
2259
2260
2069
2064
2068
2066
2055
2064
2051
1934
1931
1934
1896
1895
1900
1899
2476
2479
2516
2498
2504
2266
2271
2261
2067
2067
2057
2057
2054
1933
1928
1907
1909
1911
2475
2516
2346
2504
2501
2504
2268
2262
2261
2253
2031
2089
2057
2057
1983
1919
1928
1925
1908
1908
1905
1911
2347
2347
2360
2504
2287
2288
2288
2285
2282
2088
2088
2077
2077
1919
1924
1903
1905
2380
2346
2360
2361
2352
2248
2249
2294
2285
2282
2281
2281
2085
2085
2088
2079
2077
2077
1877
1828
1830
1831
1824
1834
1831
1833
2382
2381
2372
2357
2249
2249
2164
2162
2099
2084
2098
2082
2095
2096
1889
1829
1841
1838
1840
2373
2374
2383
2369
2240
2243
2241
2243
2246
2163
2160
2102
2099
2093
2093
1876
1888
1835
1852
1837
1838
2414
2417
2372
2369
2242
2242
2179
2180
2178
2112
2114
2105
2106
1881
1886
1853
1854
1849
1849
2412
2416
2408
2227
2236
2234
2181
2181
2177
2180
2181
2175
2105
2105
1882
1880
1882
1883
1855
1847
1848
2107
948
737
723
139
141
138
137
135
164
79
164
80
80
83
74
73
738
724
724
946
752
980
969
970
139
150
164
162
83
86
77
77
738
735
743
749
743
751
983
985
988
149
148
171
89
89
77
769
769
769
734
755
750
981
982
987
986
154
172
304
68
60
768
769
756
757
755
1034
1018
985
986
183
147
304
305
314
311
311
329
817
817
825
754
1028
1026
1022
1022
1020
190
296
313
303
314
330
820
820
813
828
828
1027
1027
1028
1016
1013
1022
190
187
181
307
276
324
325
819
814
995
997
991
1015
189
191
192
200
276
324
820
828
998
1000
993
994
1078
194
192
273
274
281
316
317
2493
2485
2496
2490
2490
2257
2257
1077
195
193
2051
191
288
1916
288
1895
319
2484
2485
2483
2506
2270
2270
2256
2069
2065
2066
2053
2051
2052
1916
1896
1897
1894
2476
2477
2271
2269
2258
2069
2060
2057
2053
1915
1918
1916
1907
1894
2344
2478
2479
2500
2499
2501
2504
2505
2507
2254
2061
2062
2073
2062
2052
1919
1920
1902
1904
2343
2344
2359
2503
2505
2294
2289
2282
2091
2273
2076
2078
2074
2072
1922
1922
1905
1826
1826
2361
2358
2358
2292
2282
2086
2276
2090
2080
2079
1828
1874
1832
1831
1841
1840
2384
2381
2240
2161
2161
2170
2275
2088
2080
2096
1875
1829
1829
1841
2384
2383
2371
2240
2243
2167
2167
2160
2169
2113
2099
2096
1875
1887
1851
1844
1842
1843
2366
2243
2239
2181
2166
2168
2111
2111
2104
2108
1878
1881
1852
1855
1855
1852
2366
2365
2368
2227
2175
2175
2110
2111
2107
1879
1878
1854
1846
1847
1849
2172
738
723
946
968
81
70
738
971
161
85
733
749
752
979
161
983
989
148
160
67
76
731
823
1033
147
305
303
310
755
987
183
311
330
816
814
1026
1018
188
272
308
306
317
814
999
1000
990
1013
1074
184
186
273
277
279
2493
814
2487
992
1076
270
2492
2490
1075
271
1893
318
2485
2506
2271
2257
2060
2051
2051
2054
2478
2498
2507
2271
2269
2253
2061
2060
1921
1922
2341
2074
2063
2073
2071
1919
1922
1901
1892
2342
2289
2276
2089
1902
1892
2356
2294
2291
2091
2072
1873
1831
2384
2357
2165
2087
2096
1876
1832
1842
2382
2369
2240
2167
2170
2114
1870
1872
1851
1843
2366
2167
2175
2111
1868
1868
2369
2166
1879
1846
738
161
87
86
149
756
749
750
88
183
308
306
818
813
1019
1024
318
991
319
1891
2497
1891
2500
2477
2252
2060
1915
2273
1915
2342
1826
1873
2381
2276
1877
1872
1870
1850
2172
2175
163
69
139
85
731
751
77
150
311
1019
757
1019
313
811
272
271
277
2490
2255
2059
1894
2499
2292
1913
1920
2380
2276
2070
2293
2275
1823
2291
2113
2094
2231
2169
2114
1869
1855
1849
721
79
979
160
87
86
731
147
1022
310
811
307
280
819
1025
1074
1021
195
1075
2257
2063
2050
2090
2091
2381
2078
2228
1870
1844
2228
2108
1880
721
980
989
136
69
752
988
755
280
818
1024
182
280
270
2493
2493
1076
2048
1916
1894
2341
2263
2254
2343
2294
2290
2344
2356
2290
1874
2230
2365
2362
2174
2111
1868
721
980
2265
2265
70
748
748
732
2251
753
159
159
280
1025
811
1025
2487
279
2489
2048
2488
2488
2048
1914
2252
1913
2063
2071
792
2273
1822
1822
1871
2366
2363
2230
1869
1823
2231
2172
1147
794
2265
158
71
71
2251
2251
758
158
758
2117
1557
2117
794
184
2306
2532
821
705
1485
2531
642
1958
2363
1958
641
2532
705
