2192
467
940
927
1000
999
457
461
467
297
996
1008
460
290
289
289
304
306
304
955
944
925
475
476
478
283
947
1072
1006
1066
1005
456
477
276
954
1074
1076
1068
448
505
477
279
278
277
949
1077
1068
1067
504
505
279
1041
1075
1046
1067
497
510
496
508
507
364
363
349
343
1029
1041
1038
1044
1046
497
507
366
347
908
907
1036
1036
1038
1045
499
486
486
368
370
346
910
908
1324
1282
1276
488
1801
1319
1319
1325
1278
1276
1275
1799
1885
1318
1332
1330
1277
1906
1348
1329
1333
1334
1273
1270
1269
1786
1907
1908
1912
1146
1348
1139
1274
1784
1781
1782
1907
1917
1915
1914
1913
1146
1146
1163
1248
1245
1717
1717
1742
1789
1911
1916
1708
1145
1143
1160
1718
1696
1161
1154
1175
1176
1726
1744
1698
1735
1696
1711
1711
1710
1130
1131
1148
1147
1176
1724
1711
1137
1150
1149
1171
1171
1177
1177
1178
1725
1736
1694
1694
1681
1681
932
932
933
940
933
939
926
929
999
928
998
1000
1004
1004
1003
458
457
466
467
469
290
290
287
296
297
298
298
932
939
939
927
924
999
927
1009
1004
461
461
459
463
469
469
467
290
296
304
298
307
932
955
955
944
925
1071
996
1005
1009
1005
1008
461
448
453
454
455
476
474
283
282
283
307
304
307
955
956
948
947
1071
1072
1069
1006
1005
447
454
455
476
477
281
283
280
275
276
956
958
949
948
949
949
1074
1077
1076
1066
1065
448
1066
448
477
279
278
277
277
276
896
896
1073
1074
1074
1077
1077
1068
1068
512
512
512
505
506
505
504
279
359
349
348
343
342
343
896
895
893
1029
1030
1030
1075
1047
1061
497
511
509
509
485
507
484
364
366
362
346
349
344
895
895
893
1027
1043
1042
1046
1050
1047
497
496
498
498
486
483
365
363
357
358
358
909
909
907
1035
1036
1037
1040
1038
1045
1045
1044
501
503
499
492
488
488
489
367
369
368
358
354
355
347
910
909
1036
1038
1283
1051
1283
1276
1287
1287
1801
488
487
489
368
368
367
1899
355
355
1885
1349
1349
1320
1323
1324
1323
1325
1322
1313
1280
1283
1280
1278
1276
1800
1803
1801
1799
1801
1817
1897
1818
1818
1898
1897
1884
1885
1349
1350
1319
1318
1323
1331
1279
1278
1270
1270
1270
1804
1803
1784
1788
1787
1785
1907
1818
1889
1884
1883
1884
1350
1319
1347
1333
1333
1334
1274
1272
1269
1783
1784
1787
1786
1786
1906
1915
1908
1917
1884
1912
1348
1138
1333
1334
1247
1274
1249
1267
1268
1268
1716
1782
1787
1786
1905
1916
1917
1916
1913
1144
1145
1146
1139
1138
1163
1163
1163
1160
1249
1246
1246
1719
1718
1790
1905
1905
1914
1145
1145
1142
1162
1163
1163
1174
1248
1246
1242
1717
1718
1719
1718
1745
1744
1697
1698
1695
1702
1707
1707
1708
1142
1142
1133
1142
1154
1162
1159
1175
1175
1242
1180
1728
1242
1727
1727
1745
1745
1745
1696
1710
1709
1133
1136
1153
1153
1154
1148
1170
1179
1180
1180
1726
1727
1736
1735
1734
1692
1698
1693
1687
1711
1710
1131
1137
1136
1150
1134
1147
1148
1165
1171
1171
1177
1180
1725
1736
1734
1694
1681
1681
1679
1678
1679
1678
1137
928
286
935
934
937
936
927
998
998
997
1001
1002
1004
988
464
464
463
468
287
289
296
297
298
294
934
953
938
938
939
924
926
1071
931
999
994
998
993
1009
1001
460
458
454
462
469
286
285
292
303
293
305
953
952
942
942
925
1071
996
996
1009
452
451
452
452
452
456
453
475
474
285
284
302
306
307
958
957
951
944
957
944
1070
1007
1007
451
445
455
475
478
280
275
275
302
300
300
958
956
948
946
946
945
1084
1084
1070
1063
1066
1064
512
446
473
473
471
281
360
275
345
299
896
892
1090
1090
1086
1075
1085
1062
1062
512
508
480
360
362
343
344
897
890
1028
1086
1046
1049
511
510
481
483
480
484
361
359
349
897
891
891
893
1028
1028
1028
1027
1043
1043
1043
501
503
492
486
479
491
366
366
362
374
357
373
356
351
909
908
918
1034
1040
1039
1042
1040
1050
1050
1050
500
501
501
502
492
495
495
490
375
370
358
351
917
1322
1037
1313
1282
1051
1290
1286
493
494
1798
490
369
1899
354
1893
1335
1336
1321
1323
1314
1313
1280
1298
1286
1287
1805
1799
1816
1799
1816
1820
1820
1819
1899
1899
1886
1350
1351
1336
1321
1332
1314
1330
1280
1277
1291
1804
1802
1788
1817
1785
1820
1898
1890
1890
1886
1351
1351
1351
1346
1329
1327
1329
1326
1331
1302
1271
1272
1804
1803
1787
1792
1827
1907
1903
1904
1889
1909
1348
1345
1329
1334
1240
1273
1267
1268
1784
1796
1781
1791
1789
1905
1910
1912
1140
1158
1158
1306
1249
1240
1247
1247
1244
1713
1796
1790
1903
1903
1917
1702
1914
1144
1132
1100
1143
1138
1156
1160
1156
1160
1249
1243
1245
1717
1713
1715
1712
1742
1743
1697
1696
1701
1704
1705
1133
1133
1141
1141
1152
1154
1155
1174
1172
1173
1242
1720
1728
1741
1738
1744
1700
1700
1704
1709
1704
1128
1135
1151
1164
1169
1173
1179
1723
1728
1727
1744
1732
1739
1692
1686
1686
1709
1130
1129
1128
1127
1135
1134
1152
1150
1150
1165
1164
1165
1168
1168
1178
1723
1724
1722
1733
1732
1731
1734
1693
1730
1694
1686
1686
1680
1679
1734
1691
1687
937
930
287
935
822
936
824
937
929
931
930
1025
994
1019
995
990
990
989
465
463
462
310
288
292
291
292
293
292
293
294
823
825
931
838
1025
993
1021
1001
990
989
991
989
458
463
311
332
293
305
953
951
953
835
941
838
931
1010
1013
994
969
449
459
450
455
470
285
331
285
332
301
334
301
300
950
951
951
942
943
942
1011
1012
1069
1064
1007
450
446
425
470
471
418
330
338
302
302
300
958
946
946
1088
1083
1083
1064
972
445
472
427
471
329
274
406
336
405
903
904
906
1090
1086
1085
1078
1063
512
546
473
473
422
422
480
422
360
406
410
408
344
903
891
892
905
906
906
1090
1088
1086
1079
1079
1061
544
481
481
480
362
361
410
345
899
890
898
893
1032
1031
1060
1059
1049
503
1053
544
492
482
482
482
374
373
356
352
350
344
912
911
918
1034
1033
1032
1040
1059
1060
1059
1055
514
503
495
490
375
375
373
353
351
915
912
915
1034
918
1316
1317
1298
1298
1287
1284
493
494
520
495
1815
1822
375
1895
1893
1891
1892
1338
1338
1320
1315
1313
1299
1300
1296
1285
1284
1807
1809
1816
1816
1821
1822
1899
1895
1894
1893
1886
1335
1336
1327
1326
1303
1299
1297
1285
1805
1809
1803
1811
1797
1821
1831
1820
1902
1896
1896
1888
1887
1346
1344
1308
1302
1271
1237
1272
1257
1804
1291
1811
1814
1810
1808
1795
1792
1827
1902
1896
1890
1887
1344
1327
1345
1328
1305
1301
1238
1239
1260
1713
1797
1797
1791
1903
1910
1909
1912
1101
1102
1105
1103
1138
1306
1240
1240
1244
1236
1714
1261
1797
1796
1741
1792
1901
1901
1702
1706
1706
1101
1100
1106
1140
1105
1157
1158
1156
1234
1233
1243
1244
1715
1715
1713
1743
1702
1699
1706
1106
1107
1157
1156
1151
1212
1188
1182
1714
1721
1721
1728
1738
1740
1740
1688
1700
1704
1128
1106
1127
1152
1166
1167
1167
1182
1173
1181
1723
1720
1737
1730
1738
1740
1689
1689
1682
1683
1129
1128
1122
1122
1166
1167
1169
1189
1173
1184
1723
1732
1779
1732
1729
1730
1690
1691
1691
1691
1685
1683
1685
1684
1166
1685
823
823
824
829
841
828
842
1025
1026
1018
987
988
987
991
987
436
465
429
429
311
310
308
323
323
319
823
822
828
838
825
836
1020
1018
1019
992
992
986
991
991
443
442
428
431
429
330
308
324
317
835
834
837
836
1011
1011
1013
1012
1021
1021
444
449
443
416
444
431
417
332
331
338
321
317
317
880
880
835
838
888
1010
1013
972
444
415
415
426
330
330
337
333
336
903
902
878
904
888
889
1087
1082
1083
968
971
967
972
450
426
421
420
427
418
420
328
338
406
407
336
405
903
900
904
901
874
906
1088
1088
1083
1081
1080
975
547
427
547
427
422
538
386
390
387
406
410
402
403
901
901
905
1089
1094
1095
1092
1078
1081
547
543
547
539
535
534
537
537
389
409
389
409
403
899
898
1033
1092
1092
1057
1056
544
534
537
388
389
410
351
914
916
916
922
1032
1031
1058
1059
1053
1054
514
520
519
520
533
533
372
374
353
352
353
916
913
915
1034
1316
1317
1058
1055
1055
1055
515
520
532
533
533
1842
1838
371
1881
371
372
353
1892
1338
1338
1360
1352
1317
1317
1299
1300
1300
1285
1284
1807
1806
1807
1843
1837
1837
1822
1882
1882
1893
1891
1340
1340
1354
1308
1315
1304
1303
1293
1297
1294
1813
1809
1809
1831
1880
1881
1875
1874
1894
1875
1873
1339
1346
1340
1362
1307
1308
1308
1303
1302
1303
1257
1296
1814
1811
1814
1831
1829
1877
1875
1875
1858
1859
1888
1103
1355
1344
1362
1306
1302
1256
1238
1256
1261
1260
1259
1814
1794
1793
1795
1830
1900
1877
1854
1858
1857
1860
1103
1109
1361
1235
1261
1259
1715
1770
1796
1757
1762
1761
1901
1901
1668
1858
1860
1662
1102
1104
1109
1105
1212
1225
1234
1233
1236
1236
1236
1770
1771
1756
1757
1756
1760
1761
1760
1667
1705
1662
1661
1096
1106
1107
1105
1214
1225
1225
1188
1182
1241
1769
1754
1755
1753
1739
1666
1700
1663
1663
1703
1662
1126
1126
1121
1214
1213
1191
1190
1190
1182
1183
1778
1779
1777
1777
1738
1753
1688
1683
1666
1682
1126
1127
1122
1122
1206
1207
1191
1189
1184
1196
1184
1779
1780
1776
1747
1730
1690
1653
1657
1685
1207
841
319
827
827
847
829
842
840
1026
1019
1024
979
978
978
979
985
987
985
984
437
429
432
309
314
312
308
323
322
323
830
826
829
846
846
1026
1026
1020
978
963
436
442
430
431
430
431
309
308
321
320
317
831
831
837
845
846
1015
1017
1016
1017
1017
960
964
444
443
416
325
325
332
326
334
335
831
879
835
877
878
889
884
887
1015
1015
1016
968
969
970
972
964
441
413
417
412
327
341
340
336
867
880
880
874
888
889
1093
974
975
424
426
413
419
417
338
341
341
336
405
871
886
885
1095
1095
1093
975
973
974
424
545
424
427
420
420
386
387
387
407
409
900
870
872
886
1081
1081
1080
546
545
544
540
540
538
392
391
392
391
387
397
408
402
899
870
922
923
1094
1091
1092
1056
1052
1053
540
526
513
535
535
391
389
380
382
383
394
394
393
913
914
923
923
921
1057
1054
514
518
531
530
531
530
381
381
381
396
396
913
1360
923
919
1316
736
1310
1053
516
514
517
1841
532
1843
1839
1839
395
1873
1360
1359
1356
1352
1312
1293
1292
1295
1295
516
1807
1841
1842
1840
1837
1838
1879
1882
1882
1879
1872
1873
1342
1342
1360
1357
1354
1312
1311
1312
1309
1309
1292
1293
1294
1507
1812
1811
1840
1836
1837
1880
1880
1873
1341
1340
1355
1366
1312
1253
1257
1261
1813
1812
1793
1831
1831
1876
1877
1874
1865
1865
1864
1859
1355
1362
1364
1304
1237
1255
1257
1259
1258
1812
1826
1794
1831
1854
1858
1859
1863
1098
1098
1108
1362
1364
1364
1251
1251
1263
1255
1263
1259
1770
1757
1830
1853
1667
1668
1863
1860
1099
1099
1110
1109
1111
1211
1228
1226
1226
1227
1226
1234
1235
1262
1770
1771
1755
1761
1761
1665
1668
1664
1662
1097
1096
1110
1109
1211
1214
1224
1188
1187
1185
1766
1769
1764
1753
1754
1753
1666
1677
1663
1664
1126
1116
1124
1208
1214
1213
1192
1197
1188
1183
1197
1766
1778
1777
1753
1655
1653
1666
1660
1663
1125
1124
1123
1115
1124
1124
1209
1209
1206
1192
1192
1197
1196
1194
1775
1780
1772
1777
1780
1746
1746
1655
1655
1652
1658
1657
1657
1747
827
827
848
841
841
839
839
840
1023
977
976
978
983
985
438
439
439
433
315
313
315
313
312
322
324
319
30
833
830
848
846
844
1023
1022
1023
962
962
977
960
985
438
435
434
435
315
315
321
32
32
832
832
877
852
844
1015
843
960
961
966
966
963
442
441
437
435
417
325
314
321
316
31
867
875
876
884
882
882
1017
959
960
964
970
441
441
411
412
412
412
325
326
339
340
333
6
867
875
875
875
889
885
887
712
967
713
718
968
975
970
973
424
423
411
414
328
339
341
7
5
404
865
876
872
874
886
657
715
717
718
703
973
542
541
542
542
414
536
390
385
384
398
405
1
871
872
872
885
1094
1095
742
743
703
705
526
539
541
538
392
392
384
397
397
397
870
859
857
856
863
670
742
741
741
705
527
527
525
523
538
379
382
383
383
394
394
857
923
923
670
737
742
740
750
752
741
529
516
529
524
531
379
378
376
377
383
913
1359
920
920
919
1481
737
1540
739
748
752
516
515
517
518
528
522
522
1841
1839
380
1867
396
1358
1499
1359
1353
1352
1539
1310
751
1509
1508
1507
521
1846
1841
1833
1870
1868
1358
1358
1342
1426
1356
1365
1537
1538
1293
1513
1507
1509
1507
1848
1848
1833
1832
1833
1833
1835
1878
1879
1871
1871
1865
1357
1369
1367
1253
1252
1254
1509
1509
1826
1846
1847
1844
1834
1856
1864
1865
1342
1369
1369
1368
1368
1366
1253
1251
1255
1255
1263
1519
1520
1825
1845
1855
1852
1862
1098
1098
1368
1364
1251
1265
1263
1768
1825
1825
1759
1762
1854
1854
1852
1850
1097
1112
1112
1229
1232
1228
1231
1226
1220
1221
1186
1266
1266
1767
1768
1759
1758
1758
1751
1671
1677
1677
1676
1673
1114
1112
1114
1111
1210
1211
1232
1224
1227
1187
1186
1186
1765
1764
1767
1749
1670
1672
1672
1675
1674
1674
1677
1115
1113
1114
1203
1211
1223
1194
1197
1185
1765
1774
1772
1765
1752
1748
1752
1669
1653
1660
1659
1658
1659
1116
1115
1208
1209
1203
1209
1192
1200
1195
1197
1193
1775
1773
1775
1772
1749
1748
1655
1654
1653
1658
1657
1201
853
983
850
848
847
839
771
839
773
976
977
982
981
980
439
439
433
432
20
20
19
27
33
29
29
833
855
855
854
855
844
844
1023
775
962
982
966
129
104
435
108
22
24
28
27
33
33
32
832
833
851
852
854
775
962
780
781
708
129
109
109
109
434
105
22
23
24
28
11
10
866
883
883
883
882
883
1014
713
711
709
120
107
107
21
24
12
864
867
874
656
653
651
715
713
716
707
706
138
106
139
142
141
327
7
5
7
1
865
865
869
869
873
657
657
718
717
718
703
716
702
705
138
139
144
143
144
385
150
4
5
869
868
674
673
657
656
714
703
705
156
155
143
379
149
382
398
857
858
856
862
669
670
670
742
741
744
527
526
526
157
167
379
377
401
399
401
400
401
858
859
857
863
668
736
738
749
751
529
524
523
168
168
376
399
396
401
1499
1499
1500
920
1487
1482
1482
737
1539
748
751
752
752
528
529
522
1846
167
1839
2014
1866
1866
1867
1869
1868
1498
1488
1485
1501
1487
1488
1481
1480
1539
1540
1538
1532
1514
1514
522
1508
1953
1954
1955
1832
1879
1867
2017
2009
1868
1869
1432
1504
1485
1481
1539
1538
1513
1959
1847
1952
1954
1848
2018
1870
1432
1431
1431
1426
1365
1427
1537
1527
1529
1528
1519
1510
1510
1959
1955
1848
1834
1984
1835
1855
1856
1856
1852
1862
1434
1431
1433
1367
1421
1363
1253
1527
1526
1520
1823
1825
1985
1845
1844
1978
1856
1852
1861
1862
1434
1433
1369
1368
1231
1610
1231
1524
1250
1525
1525
1266
1265
1768
1823
2127
1980
1750
1850
1850
1849
1850
1434
1229
1229
1230
1232
1232
1222
1219
1219
1220
1264
1266
1264
2124
2123
2128
1759
2128
1750
1671
1677
1676
1097
1112
1202
1223
1222
1194
1765
2156
2131
2124
1759
1751
1672
1670
1672
1675
1645
1117
1118
1205
1114
1204
1216
1215
1194
1774
1764
2139
2113
2121
1651
1660
1660
1647
1115
1120
1203
1205
1199
1201
1201
1200
1218
1215
1775
2145
1773
1772
2137
2138
1752
2136
2121
2119
1651
1650
1646
1647
1120
1195
1656
980
133
850
850
853
559
771
771
772
772
772
983
983
783
981
130
131
130
118
117
20
18
26
26
26
30
849
850
855
559
770
773
774
776
965
781
966
781
128
129
128
131
113
105
20
28
33
851
852
552
553
775
777
780
779
779
122
119
129
109
104
112
23
22
22
24
13
10
31
602
605
606
555
555
555
711
777
710
708
709
709
107
107
119
108
105
150
15
16
16
15
12
11
864
606
604
652
653
651
653
712
713
711
711
707
709
137
138
141
153
153
7
6
3
602
869
600
655
651
655
715
698
696
706
694
707
138
140
139
142
144
150
151
149
260
5
1
861
860
675
675
659
654
655
684
698
696
704
156
155
139
148
146
146
145
264
260
0
1
861
861
860
674
672
673
683
683
743
695
154
155
162
163
169
212
214
861
862
672
667
668
667
739
745
745
158
161
159
167
165
170
240
214
213
1500
1501
1487
1482
668
679
738
749
750
751
747
747
746
160
166
1968
1968
2014
2014
2011
2013
1868
1499
1504
1487
1482
1536
1533
1533
1533
1511
1953
1953
1954
1967
2019
2019
2012
2007
1506
1506
1485
1481
1536
1536
1534
1529
1532
1512
1512
1512
1958
1959
1952
1955
1982
2019
2019
2017
2010
2010
2009
1505
1426
1430
1425
1494
1427
1427
1527
1528
1531
1523
1959
1957
1983
1983
1977
2000
2001
1851
1432
1426
1427
1610
1609
1527
1529
1525
1523
1520
2130
1985
1985
1984
1999
2001
2000
2000
1862
2002
1436
1436
1436
1437
1422
1423
1616
1610
1524
1515
1516
1516
2126
2125
2130
2130
1980
2128
1979
1977
1978
1980
1999
2065
2001
1435
1435
1423
1423
1616
1623
1625
1516
2125
2126
2123
2127
2111
2111
1677
2071
1673
1381
1379
1383
1205
1230
1624
1222
1222
1625
1623
2156
2155
2124
2131
2139
2112
2112
2112
2110
2114
1645
2071
1118
1383
1117
1204
1205
1199
1634
1217
1619
1217
1221
2143
2147
2145
2139
2134
2139
2134
2122
2113
2118
1651
1644
1645
1120
1120
1203
1198
1199
1199
1218
1218
1218
1217
1216
2143
2143
2144
2145
2145
2137
2138
2136
2122
2136
2121
2120
2119
1651
2119
1649
1649
1646
1645
1647
132
18
561
563
563
558
559
771
772
776
782
785
786
786
132
133
116
118
117
115
117
114
18
42
26
47
25
563
564
556
559
755
760
782
786
121
786
134
134
135
111
113
117
112
17
17
47
30
47
601
564
548
553
553
552
775
778
779
121
122
134
124
123
119
135
102
111
112
13
10
44
601
604
601
605
551
550
653
555
760
777
708
120
124
102
112
14
15
152
16
8
10
602
600
606
603
606
604
658
663
662
691
690
686
120
199
126
199
198
197
152
262
16
9
3
599
600
659
660
661
659
652
655
663
691
690
697
685
686
693
156
148
147
151
153
263
260
2
216
3
600
644
675
665
682
684
698
700
700
696
693
156
157
189
201
140
147
148
146
264
210
216
215
642
644
675
671
683
683
684
698
696
730
159
155
164
162
169
170
146
242
242
212
214
220
221
641
643
672
677
739
728
744
745
747
158
159
165
165
170
240
169
239
240
211
219
221
220
1501
1500
1496
672
679
678
747
729
160
161
167
2014
2012
2004
2012
2007
1503
1503
1502
1503
1497
1497
1450
1483
1552
1535
1535
1534
1533
1962
1512
1960
1961
1966
1968
1968
2016
2018
2003
2008
2008
1503
1505
1506
1491
1494
1493
1483
1452
1550
1552
1531
1530
1511
1564
1953
1964
1982
1981
2016
2015
1989
2010
2008
1505
1506
1494
1428
1452
1453
1550
1531
1531
1522
1521
1957
1956
1957
1984
1976
1982
1982
1994
1989
1986
1987
1987
1429
1437
1429
1430
1421
1428
1419
1612
1611
1517
1518
1522
1523
1523
2129
1521
1957
1985
2180
1985
1970
1995
2001
1437
1437
1422
1424
1423
1424
1615
1610
1612
1515
1518
1518
2129
2129
2180
1976
1969
1980
1970
1970
1999
1999
2066
1998
2068
1378
1386
1384
1616
1616
1614
1623
1625
1621
1517
2153
2125
2125
2180
2179
2112
2111
2066
2067
2068
2067
1379
1379
1379
1386
1382
1384
1631
1613
1624
1625
1618
2152
2149
2156
2156
2132
2132
2107
2111
2114
2070
2071
2071
1380
1381
1383
1383
1633
1630
1634
1620
1619
2142
2151
2142
2147
2132
2134
2106
2106
2120
2070
2073
1648
2077
1119
1377
1380
1371
1632
1634
1634
1620
1620
2141
2141
2141
2146
2134
2135
2136
2122
2122
2117
2117
2119
1649
1649
560
562
562
564
557
756
754
762
785
785
133
97
136
116
115
114
43
43
46
615
561
564
557
556
755
754
758
753
783
785
784
135
136
135
82
115
45
45
50
46
615
549
549
551
554
760
760
758
759
779
125
123
124
111
78
82
39
39
49
36
614
609
818
818
821
126
126
127
103
103
79
79
41
40
9
35
9
44
611
608
608
604
610
662
663
817
690
685
127
199
203
196
197
153
257
257
41
261
8
608
607
658
666
666
665
692
692
688
686
688
190
199
201
196
197
264
234
3
644
646
646
661
659
666
684
699
699
701
701
694
189
191
200
201
201
163
172
148
264
263
210
216
644
645
647
647
680
682
680
700
701
188
176
165
241
246
242
242
210
219
212
214
642
642
641
647
679
679
681
676
676
730
730
164
178
240
212
208
221
221
1486
1492
1492
1495
1495
1451
679
677
728
727
1963
159
1960
170
2034
2011
2003
218
2004
218
1492
1492
1497
1497
1451
1551
1556
1574
1562
1963
1962
1960
1966
2036
2016
2003
2003
1491
1494
1496
1470
1454
1452
1552
1551
1563
1563
1563
1565
1961
1964
1965
1974
2035
2016
1988
1986
1990
1489
1490
1471
1469
1454
1552
1550
1561
1565
1558
1564
1930
1964
1975
1974
1973
2049
1995
1989
1993
1411
1410
1420
1611
1561
1559
1558
1931
1976
1931
1976
1994
1997
1996
2002
1408
1417
1419
1420
1612
1612
1603
1622
1602
2181
2182
2182
1969
1970
1972
1971
1996
2065
1996
1997
1378
1385
1385
1417
1613
1614
1622
1622
2153
2153
2181
2182
2179
2107
2096
2064
2064
2063
2068
1370
1386
1386
1631
1384
1627
1618
1621
2148
2154
2154
2155
2184
2154
2184
2178
2108
2179
2109
2096
2115
2069
2069
1376
1376
1370
1371
1371
1630
1633
1631
1627
1629
1618
2150
2151
2148
2152
2146
2171
2162
2163
2109
2108
2092
2109
2115
2115
2073
2072
2077
2077
1376
1376
1377
1373
1632
1629
1628
1617
2141
2150
2146
2133
2146
2161
2163
2109
2116
2117
2117
2073
2078
2140
98
566
560
566
562
572
571
579
756
754
762
763
764
98
98
101
99
80
100
81
81
54
66
49
50
46
570
579
581
580
753
758
754
762
807
761
784
101
100
80
82
53
42
45
49
615
614
548
577
549
578
578
757
758
814
812
101
91
77
91
76
84
38
48
48
48
611
613
615
609
586
550
816
597
813
819
820
821
821
821
127
91
127
103
76
77
79
79
78
39
41
39
35
612
608
610
594
598
818
819
687
821
191
204
203
203
256
257
259
41
234
233
35
233
232
646
587
660
666
664
692
800
688
687
204
191
195
202
203
202
272
273
258
235
236
236
648
649
649
632
632
632
664
688
721
190
189
189
175
174
171
257
246
258
262
210
237
216
646
648
649
618
632
681
621
721
701
732
732
176
187
176
177
173
245
244
246
209
206
205
217
1486
1475
623
619
621
728
731
732
732
734
176
177
172
244
243
244
208
218
1486
1475
1447
622
623
623
623
1555
728
1574
730
1574
733
735
1950
1951
1951
244
1943
247
2034
2036
2036
2031
2005
218
1474
1475
1451
622
1557
1557
1574
1949
1951
1960
1945
2033
2036
2035
2030
2006
1490
1474
1468
1468
1471
1470
1450
1454
1454
1554
1554
1557
1553
1557
1562
1565
1573
1965
1964
1935
2032
2029
2029
1992
1990
1489
1411
1467
1470
1471
1471
1453
1554
1561
1560
1565
1930
1934
1944
1974
1974
1936
2049
1989
1993
1993
1409
1411
1416
1419
1595
1601
1603
1608
1561
1932
1971
2048
2040
1992
1993
2040
1411
1409
1409
1410
1407
1407
1420
1594
1595
1601
1600
1603
1602
1603
1559
1559
2191
2189
1933
1931
2177
1972
2047
1996
2044
2060
1401
1408
1417
1417
1640
1640
1583
1601
1584
1584
2191
2190
2191
2182
2174
2179
2095
2096
2064
2060
2059
1401
1403
1391
1392
1392
1642
1618
1584
2149
2189
2185
2183
2184
2175
2175
2176
2174
2094
2093
2093
2064
2087
2063
2061
1373
1375
1392
1626
1392
1627
1643
1578
2171
2161
2162
2164
2164
2092
2090
2075
2073
2078
2074
2079
1375
1374
1372
1373
1627
1629
1642
1629
1641
1576
2170
2173
2171
2162
2164
2091
2092
2090
2089
2074
2074
2079
2078
1387
572
73
569
570
572
571
765
767
767
768
764
764
97
96
99
100
72
75
81
54
65
67
67
565
569
566
570
580
580
769
768
769
769
762
811
96
101
94
73
84
83
54
58
66
49
613
583
549
578
581
577
816
815
816
814
807
811
88
91
69
83
84
84
36
37
612
589
595
796
818
816
813
821
86
92
71
55
40
56
37
36
612
610
587
586
597
598
597
795
803
820
193
193
202
272
269
233
639
635
589
630
596
631
598
803
194
193
195
273
273
258
259
237
235
232
634
633
636
636
631
632
628
619
789
722
722
194
174
272
271
258
238
238
238
634
649
632
617
790
721
734
724
187
187
175
186
174
171
173
254
246
206
206
225
224
225
224
634
1478
1479
618
619
721
735
733
734
735
187
179
178
248
250
250
249
208
205
1473
1475
1479
619
621
720
1572
1951
1946
248
250
250
2031
208
2022
1472
1468
1464
1451
1446
1555
1547
1572
1574
1571
1949
1950
1948
1939
2033
2034
2033
2028
2031
2006
2005
1473
1462
1468
1463
1440
1441
1554
1556
1571
1923
1947
1943
1937
2033
2029
2028
1990
1991
1458
1462
1461
1464
1466
1442
1597
1597
1596
1541
1560
1933
1934
1944
1936
1935
2049
2049
2029
1991
2039
1991
1457
1457
1415
1443
1595
1597
1597
1607
1608
1932
1932
1933
1926
2047
2046
2044
2040
1400
1406
1415
1407
1418
1593
1595
1593
1606
1608
1605
1605
2190
2191
1924
1928
1928
1929
1927
2047
2045
2045
2044
2060
2040
2060
1400
1402
1394
1415
1594
1601
1583
1586
2188
2188
2189
2186
2177
2177
2096
2088
2057
2062
2062
1403
1393
1403
1393
1639
1643
1640
1640
1587
1586
1586
2184
2172
2177
2160
2097
2094
2057
2085
2081
2061
1375
1375
1391
1390
1643
1643
1577
1577
2172
2172
2172
2173
2160
2092
2089
2088
2075
2081
2081
1388
1373
1387
1638
1642
1641
1576
1578
1575
1577
1576
2170
2170
2166
2102
2102
2102
2101
2074
2078
2080
2159
767
568
572
95
96
94
93
94
73
52
74
51
54
65
67
67
566
574
580
768
576
805
811
810
96
87
74
75
53
59
65
63
583
582
576
576
575
798
804
812
811
87
88
70
58
58
63
585
584
585
583
592
597
796
800
809
809
92
70
269
56
37
584
588
589
594
593
799
800
802
808
193
71
273
270
269
268
231
232
639
639
635
595
596
598
803
802
801
185
271
267
268
235
238
638
638
636
627
629
629
628
790
788
787
803
195
185
184
271
253
223
237
638
633
617
789
790
723
186
181
182
173
253
225
637
627
617
616
719
724
723
180
182
254
254
207
222
225
1476
1478
1446
1447
1449
1546
1547
724
180
180
1948
181
248
2025
247
2027
229
1472
1473
1460
1440
1440
1548
1547
1570
1571
1948
1945
1939
1939
1942
2025
2022
2023
1458
1456
1440
1548
1547
1571
1569
1948
1941
1942
1938
2027
2026
2023
1456
1457
1457
1463
1462
1466
1465
1441
1466
1542
1542
1569
1918
1919
1938
2054
2054
2027
2020
1405
1404
1414
1466
1442
1592
1599
1608
1923
1541
1933
1925
1929
1926
2053
2054
2039
2038
2038
1407
1415
1413
1443
1606
2187
1922
1925
1929
1928
2047
2042
2043
2045
2037
2038
1400
1403
1593
1590
1591
1585
2188
2188
2186
2176
2097
2042
2058
2062
1402
1395
1394
1637
1588
1588
1590
1586
1585
2168
2185
2158
2097
2088
2087
2057
2057
2062
1388
1587
1637
1577
1590
1582
2166
2165
2157
2160
2104
2102
2085
2086
2085
2082
1388
1389
1390
1638
1579
2169
2170
2166
2160
2103
2105
2085
2083
2083
2081
1576
568
766
765
763
60
61
568
810
75
57
574
574
576
798
69
796
806
86
71
59
64
584
625
796
86
265
267
230
593
809
192
231
230
639
626
591
787
184
255
266
268
223
627
617
791
791
788
726
183
186
255
252
222
1477
627
1449
719
725
255
1479
1448
726
251
2023
229
1476
1438
1439
1545
1566
1940
1939
1941
1462
1464
1439
1439
1546
1544
1569
1568
2053
2052
1456
1919
1946
1918
1921
1937
2054
2051
2021
1413
1599
1607
1925
2050
2020
1412
1598
1599
1925
1920
1927
2045
1396
1413
1589
1924
2186
2098
2042
2058
1395
1396
1636
1591
2168
2167
2098
2099
2088
2055
1398
1590
1582
2158
2104
2086
1390
1581
2104
2082
568
68
52
60
87
589
593
798
55
184
265
268
640
625
793
790
223
720
229
2022
1460
2027
1459
1455
1545
1566
1942
1544
1942
1444
2038
2041
1399
1604
2097
2099
2104
2086
1580
1582
72
60
94
52
583
797
64
87
231
801
590
800
267
625
255
252
252
1449
1545
1568
2021
1459
1445
2051
2052
1400
1604
1921
1593
1922
2056
1589
2168
2158
1636
1581
2168
2100
2084
2083
567
51
804
69
69
58
584
86
801
227
625
266
226
638
792
726
788
179
725
1546
1569
1938
1923
1922
1396
1920
1637
2100
2055
1637
2157
2103
766
805
806
85
60
798
809
592
227
640
629
184
228
251
1477
1477
726
1940
2025
2023
1456
1438
1544
1404
1444
1599
1405
1413
1598
2042
1636
1398
1390
1579
2166
2105
766
805
1281
1281
61
573
573
807
1289
591
89
89
226
793
624
792
1448
228
1448
1567
1445
1445
1567
2024
1543
2051
1946
1921
1048
1544
2050
2056
2100
1398
1397
1635
2099
2056
1636
1580
794
794
1283
90
62
62
1289
1289
591
90
591
1824
1418
1824
794
182
1288
1828
689
318
1337
1343
318
1828
1397
1828
524
1290
502
