160
65
21
34
34
34
66
66
65
61
32
32
66
61
61
61
61
61
61
20
34
34
65
65
65
61
20
34
32
32
32
66
65
60
20
36
36
39
79
79
74
74
74
60
26
36
39
39
79
79
74
35
36
36
39
77
79
77
79
79
74
72
72
60
26
35
35
36
36
77
79
73
72
25
25
35
35
35
36
77
73
73
73
72
72
25
25
155
153
154
77
103
157
155
155
153
154
154
103
105
155
155
153
153
106
157
157
155
153
153
153
153
101
106
106
105
145
157
149
150
103
100
100
106
105
105
105
105
145
145
149
150
150
103
117
100
100
106
105
105
145
145
149
119
113
149
149
148
148
118
112
113
112
113
113
113
113
147
147
148
148
148
118
113
147
147
148
148
148
148
118
118
119
119
114
114
114
114
21
21
21
21
21
21
34
34
34
34
34
32
32
32
66
66
66
65
65
65
65
65
65
61
61
61
61
21
21
21
34
34
34
34
32
32
66
66
66
65
65
65
65
61
61
61
61
61
21
20
20
20
34
34
32
32
32
32
32
66
66
66
66
66
65
65
61
61
61
61
61
61
20
20
20
34
34
34
32
32
32
66
66
66
65
65
65
60
60
60
60
20
20
20
20
20
20
36
36
36
39
39
66
39
66
65
74
74
60
60
60
26
26
36
36
36
36
36
39
39
79
79
79
79
79
79
74
74
74
74
60
60
60
60
26
26
26
26
26
35
36
36
39
77
77
79
79
74
79
74
74
73
74
72
72
72
26
26
26
35
35
35
36
36
36
77
77
77
77
73
73
73
72
72
72
72
25
25
25
35
35
35
35
35
36
36
36
77
77
77
77
77
77
73
73
73
73
72
72
72
72
25
25
35
35
153
36
153
154
154
154
103
77
73
73
73
73
73
106
72
72
105
157
157
155
155
155
155
155
155
153
153
153
153
153
154
103
103
103
103
103
103
106
101
102
106
106
105
105
157
157
157
157
155
155
153
153
153
153
153
103
103
103
103
100
101
106
101
106
105
105
105
157
157
157
155
155
150
153
153
153
103
103
100
100
100
106
106
106
106
105
105
157
145
155
150
150
150
150
153
153
153
103
100
100
100
106
106
105
105
105
145
145
145
149
149
149
149
149
149
150
150
150
100
100
100
100
106
105
145
145
145
149
149
149
148
150
150
150
117
117
117
117
119
100
113
113
113
113
113
105
113
145
147
147
147
149
149
148
148
150
150
118
117
117
119
119
119
119
119
113
113
113
147
147
147
147
149
148
148
148
118
118
118
119
119
119
112
112
113
114
114
113
114
147
147
147
147
147
148
148
148
148
148
148
118
118
119
112
114
114
114
114
114
114
114
147
34
65
21
21
21
34
34
34
33
32
32
67
66
67
67
66
65
65
65
61
61
61
61
61
21
21
21
21
21
34
34
34
34
34
33
32
32
32
32
66
67
66
65
65
65
61
61
61
61
63
21
21
21
34
34
34
33
32
32
66
66
66
66
66
66
66
65
69
61
60
60
61
61
20
20
20
20
20
20
33
32
32
66
66
66
65
65
60
60
60
60
60
60
20
20
20
20
20
34
36
38
36
38
39
39
79
79
79
79
74
60
74
60
60
60
26
26
36
36
38
36
38
39
39
79
79
74
74
74
60
60
26
26
35
35
36
37
79
79
79
74
74
74
74
74
72
26
26
26
26
35
35
35
35
35
35
35
77
77
77
79
73
77
73
73
74
73
72
72
72
72
25
25
25
35
35
35
35
35
36
37
37
77
77
77
77
77
77
77
73
73
72
72
72
25
155
35
155
153
37
154
154
77
77
103
77
73
106
72
105
158
158
155
155
155
155
153
154
154
154
103
103
103
103
103
102
102
106
106
106
105
157
157
157
157
155
155
153
153
153
154
103
103
103
103
101
101
106
106
105
105
157
157
157
157
157
157
157
157
155
150
150
153
103
103
100
100
101
106
106
106
105
105
157
157
157
155
150
150
150
151
103
100
100
100
100
106
105
105
145
149
149
150
150
150
150
151
151
100
100
100
101
106
106
106
105
145
145
146
145
149
149
149
149
149
150
150
150
117
117
117
117
100
119
100
113
113
105
113
145
145
147
147
149
149
149
148
149
150
117
118
117
119
119
112
113
113
113
113
113
147
147
149
148
148
148
118
118
119
119
119
119
112
112
114
114
114
147
147
147
147
147
147
147
147
148
148
148
148
148
148
118
118
118
119
119
119
112
112
112
112
114
114
114
114
114
112
112
114
21
34
65
21
24
21
24
21
34
34
33
33
32
33
32
67
67
67
67
67
68
68
64
64
64
64
64
64
64
63
21
24
33
33
33
33
32
32
67
67
67
67
67
69
65
64
64
63
21
21
21
21
21
33
33
33
33
32
30
66
67
69
69
69
65
62
60
62
60
64
60
63
21
20
20
20
20
33
33
33
32
39
39
67
66
69
69
69
69
62
63
60
63
63
20
20
20
38
38
38
39
39
79
69
78
74
62
60
62
63
63
26
26
26
36
38
38
38
39
79
78
79
79
78
78
74
74
74
74
60
63
60
26
26
26
26
26
26
35
38
38
38
39
39
78
79
79
79
74
74
70
72
26
26
26
25
35
37
37
37
37
77
37
77
77
79
75
73
73
73
72
72
72
72
25
25
25
25
35
37
35
37
37
37
37
76
77
75
75
73
73
72
72
72
25
25
25
25
25
156
156
154
154
154
154
75
75
75
75
102
102
73
108
108
108
108
158
158
158
155
155
154
154
154
154
154
104
103
103
103
102
102
108
108
108
108
105
158
158
157
157
155
154
154
154
103
104
104
104
103
102
101
102
108
108
108
109
109
157
158
155
155
153
150
153
151
104
154
104
104
104
104
101
101
101
109
109
109
109
157
157
159
157
155
150
150
151
151
104
100
100
101
101
106
109
105
146
146
145
146
145
150
150
151
151
151
117
151
100
100
100
101
101
107
106
105
105
146
146
145
145
145
149
149
149
142
142
150
151
117
117
117
100
106
112
113
147
145
149
149
149
149
141
118
117
118
117
117
119
112
112
112
113
113
146
145
147
147
149
149
148
141
118
118
118
118
119
119
119
112
112
112
114
114
146
146
147
147
147
148
141
141
148
118
118
119
118
119
112
112
112
112
112
112
114
114
114
114
148
114
24
24
24
24
23
33
33
33
33
30
30
67
67
67
67
68
68
68
68
64
68
64
64
64
63
24
24
24
24
24
33
33
30
30
30
30
30
67
67
68
68
68
68
69
62
64
64
63
22
24
24
33
33
33
33
30
30
30
67
67
69
69
69
68
69
62
62
63
64
63
63
21
22
21
20
33
33
32
39
69
69
69
69
62
62
62
63
63
26
29
20
29
20
29
38
38
38
38
39
38
39
69
69
69
78
78
69
74
62
62
62
63
63
63
29
29
29
29
29
29
38
38
38
38
39
39
78
78
78
78
78
71
74
71
74
70
70
63
63
26
29
29
28
29
38
38
38
39
78
78
78
78
75
78
78
71
74
70
71
70
70
26
25
25
37
37
37
37
78
75
75
71
70
70
70
25
25
25
28
28
37
37
37
37
37
76
75
75
75
75
73
73
73
70
70
70
25
25
25
25
156
156
37
37
37
37
76
75
75
75
75
102
102
73
108
73
70
70
108
158
158
158
158
156
156
154
154
154
154
154
104
104
104
102
102
102
102
108
108
108
108
158
158
158
159
156
156
156
152
154
154
104
104
104
102
108
108
108
109
108
109
109
158
159
158
159
159
156
155
156
156
156
152
154
104
104
104
102
101
109
109
109
109
109
109
146
159
159
159
155
150
151
151
151
151
151
151
104
100
100
101
101
107
109
107
109
109
109
146
145
159
151
151
151
117
117
100
117
101
101
107
107
107
109
109
109
146
146
145
145
145
142
142
151
151
151
151
117
117
117
117
117
119
115
107
112
113
113
113
146
146
145
145
142
142
142
140
140
118
117
117
119
115
112
112
113
113
113
113
113
146
146
143
143
143
141
141
141
141
118
118
118
118
119
119
112
112
114
114
114
146
146
146
143
143
143
141
141
141
141
141
118
118
119
119
112
112
112
114
114
143
23
63
24
24
23
24
23
33
33
30
31
31
31
30
31
31
31
67
68
68
68
68
64
64
64
64
64
64
64
24
24
24
23
23
33
31
30
31
67
68
68
68
68
68
68
64
64
64
63
63
24
22
24
23
23
33
33
30
30
30
30
30
67
69
69
62
62
62
62
63
63
22
22
22
22
22
22
22
22
33
30
30
30
30
39
39
67
67
69
69
69
62
62
62
63
22
22
22
22
22
29
38
39
39
78
78
69
78
69
62
62
62
63
63
29
29
29
29
38
38
39
39
39
78
78
78
78
78
78
71
71
70
62
70
29
29
29
28
38
38
39
78
76
78
78
75
71
71
71
71
71
70
70
70
63
25
28
28
28
28
28
38
37
37
37
75
76
76
75
75
71
71
71
70
70
70
70
70
25
27
28
28
28
37
37
76
75
75
71
75
75
71
70
70
70
70
25
158
28
28
156
37
156
37
76
76
75
102
75
102
102
108
70
108
158
158
158
159
156
152
152
152
152
76
104
102
102
102
102
102
108
108
108
108
108
108
158
158
158
158
159
156
156
156
156
156
152
152
152
152
104
104
102
102
102
108
108
108
158
158
159
159
156
156
152
151
104
104
104
101
101
108
109
109
109
109
109
109
159
159
159
156
151
152
151
151
151
104
104
101
101
107
109
109
109
146
146
146
159
159
159
156
142
151
152
151
151
117
115
101
107
107
107
107
109
146
146
146
145
145
143
142
142
142
142
142
142
151
151
117
115
115
115
115
111
111
111
110
146
146
146
145
143
142
142
142
140
140
118
117
116
115
115
115
111
111
110
110
146
146
144
143
143
143
141
140
140
140
140
140
118
116
116
111
111
111
110
110
146
144
144
144
143
144
143
143
143
141
141
141
140
140
118
118
116
118
116
116
116
111
111
111
110
110
110
116
24
24
23
23
23
23
23
23
31
31
31
31
31
31
68
68
68
68
68
64
59
64
64
64
64
64
55
24
24
23
23
23
31
31
31
31
30
31
30
31
68
68
68
59
59
59
64
55
55
24
24
22
22
23
30
23
30
30
10
67
67
67
67
68
68
69
59
64
64
63
55
22
22
22
22
22
22
30
30
30
10
10
67
67
69
69
69
69
62
62
62
62
63
57
27
22
29
29
29
29
29
38
38
10
10
39
39
10
17
78
78
69
69
62
62
62
57
57
63
27
29
29
29
29
29
38
19
38
17
17
78
44
78
44
78
71
71
62
62
63
63
57
29
29
28
29
28
38
19
19
17
17
76
75
75
78
71
71
71
70
47
70
27
27
27
28
28
28
28
19
19
17
76
76
75
75
75
71
71
71
70
70
47
27
28
28
28
28
37
19
19
19
19
76
76
76
76
75
71
71
71
71
70
27
158
28
28
28
136
28
156
19
19
19
76
76
76
76
76
76
75
102
83
71
82
70
158
158
158
159
159
156
156
19
152
152
152
76
104
102
83
108
82
158
158
158
158
159
159
156
156
152
152
152
152
152
102
102
102
102
83
83
83
83
108
109
108
109
159
159
159
156
152
152
152
152
104
104
104
101
102
107
109
109
159
159
159
159
159
156
156
152
152
152
151
152
126
104
101
107
107
107
146
146
142
142
142
152
126
115
115
101
115
115
107
107
107
107
146
146
143
143
142
143
142
142
142
140
140
140
151
115
115
115
115
115
115
107
107
111
111
110
144
144
144
143
143
143
143
142
142
142
140
140
140
116
115
116
111
111
111
111
110
110
111
144
144
144
143
143
141
140
140
140
140
116
116
116
116
116
111
111
111
110
110
110
110
144
144
144
144
144
143
141
141
141
141
140
140
116
116
116
116
116
111
111
111
110
110
141
23
31
24
23
23
23
23
31
31
31
31
31
31
68
68
68
68
59
59
59
59
55
55
55
55
24
23
23
23
23
23
31
31
31
30
31
11
50
50
59
59
59
59
59
59
55
55
55
24
24
24
22
23
11
30
10
11
10
50
51
51
51
59
59
59
59
59
57
57
57
22
22
22
22
22
22
30
10
10
10
51
51
51
59
59
57
27
27
22
29
8
8
10
10
17
17
10
44
51
44
42
42
62
57
57
57
57
27
27
27
27
29
29
8
10
19
17
17
18
17
17
44
44
42
42
42
71
48
48
57
27
27
28
28
8
8
19
17
17
44
44
44
71
42
71
47
27
27
27
28
28
9
9
19
19
19
76
76
76
44
44
71
71
47
47
47
47
47
27
27
27
28
28
19
19
19
19
76
76
76
43
43
71
47
47
47
27
158
27
28
136
136
136
19
129
19
19
19
19
76
76
76
84
43
84
83
83
82
82
82
82
135
158
136
135
136
136
136
136
136
129
129
129
152
126
76
152
84
84
84
83
83
82
83
82
82
82
135
135
159
136
129
129
126
84
84
84
84
84
83
82
134
135
134
159
159
159
156
129
129
126
126
152
104
88
84
84
83
84
83
83
83
83
83
107
134
134
134
159
134
156
156
129
129
126
104
104
88
84
84
93
83
107
107
107
134
134
143
142
142
123
142
129
152
126
126
126
126
126
115
115
93
115
107
107
107
107
134
143
143
143
142
142
142
142
142
140
140
126
126
115
115
115
115
115
115
111
107
110
133
143
143
143
141
140
140
140
116
115
115
115
111
111
111
111
110
133
133
144
144
144
141
140
140
140
116
116
116
111
111
111
110
110
144
144
144
144
144
144
144
141
141
141
140
140
116
116
116
116
116
116
116
111
111
110
110
110
144
141
110
11
50
23
23
23
23
23
11
11
31
11
31
31
11
11
50
50
50
59
59
59
55
55
55
55
55
24
23
23
0
31
11
11
11
11
11
11
11
50
50
50
50
59
59
59
59
55
24
24
0
0
0
10
10
10
10
50
51
50
51
51
59
59
59
59
59
59
57
55
4
4
22
8
8
8
10
10
10
10
10
10
51
51
51
51
59
42
58
58
57
57
57
57
27
22
4
8
8
8
8
10
10
10
10
17
10
44
44
42
42
42
57
57
57
27
27
4
8
8
8
8
18
17
17
17
17
44
44
44
42
42
42
42
42
48
48
57
27
27
9
9
9
8
8
9
18
18
17
44
44
44
42
42
42
42
48
48
47
47
27
27
27
28
9
9
9
9
19
17
44
44
44
44
43
49
47
27
27
7
9
9
9
19
19
76
43
43
43
43
43
43
43
47
47
135
27
136
136
9
9
19
19
19
19
19
19
76
43
43
84
84
83
83
82
83
82
135
136
136
136
129
129
129
129
126
89
84
84
84
83
83
82
82
135
136
136
136
129
129
129
129
129
126
126
126
88
88
84
84
83
83
83
82
82
82
82
135
136
134
134
136
134
134
129
129
126
126
88
88
84
84
83
82
82
82
134
134
134
123
129
129
129
126
126
126
88
84
93
84
98
98
98
98
107
98
134
134
134
134
134
134
123
123
126
126
126
126
115
126
93
93
93
93
93
93
93
93
98
98
98
133
133
133
133
123
123
123
126
94
94
94
93
92
98
111
98
107
133
133
133
143
143
123
141
140
123
121
121
126
94
92
116
92
115
92
92
99
110
98
133
133
133
144
144
144
144
141
123
141
121
121
121
116
116
92
92
92
92
92
92
111
110
110
144
132
144
144
144
144
141
141
141
141
121
140
121
140
121
116
116
92
92
92
92
92
92
92
110
92
110
110
110
110
110
50
55
0
0
0
0
0
11
11
11
11
11
11
11
50
50
50
58
58
58
58
58
58
55
55
55
55
0
0
0
0
11
11
11
11
50
11
50
50
50
50
58
58
58
58
58
55
55
55
4
0
0
0
0
0
11
11
10
50
50
50
51
50
51
50
51
58
58
58
57
57
4
4
4
4
4
8
8
8
11
10
10
51
51
51
58
58
58
42
58
57
57
4
4
4
4
4
4
8
8
8
10
18
10
10
44
51
44
44
42
42
48
57
57
57
4
4
8
9
8
8
8
8
8
18
18
18
17
17
17
17
42
42
42
42
48
48
57
48
47
7
7
9
9
9
9
18
18
18
18
17
17
44
44
44
44
42
42
42
48
48
48
47
7
7
9
7
9
9
9
18
18
18
43
44
43
43
43
43
42
42
49
49
47
47
47
7
7
9
9
18
18
18
18
43
43
43
43
43
43
43
43
49
49
49
47
47
47
135
135
136
7
9
5
18
89
43
43
43
83
83
82
82
82
135
135
135
135
136
136
139
129
128
129
129
129
128
89
89
89
89
84
84
84
83
83
82
82
82
135
135
135
135
136
136
136
139
129
128
129
128
126
89
89
89
84
84
83
83
82
82
81
135
135
136
134
139
139
129
129
128
126
125
88
88
88
84
88
84
84
83
82
82
82
82
134
134
134
134
134
134
134
129
129
125
126
125
125
125
125
125
88
88
93
93
93
98
98
134
134
133
134
134
134
123
123
123
126
125
125
93
93
93
93
93
93
93
93
98
98
98
98
98
133
133
133
123
123
123
123
123
121
125
121
126
94
94
94
93
98
98
98
98
98
133
133
133
133
133
133
123
123
123
123
121
121
121
121
121
94
94
94
92
99
99
98
99
133
133
133
133
124
124
124
124
121
121
121
121
92
92
92
92
92
92
99
96
96
96
132
132
133
132
124
124
124
124
121
121
121
121
90
92
92
92
92
92
92
92
96
96
96
0
0
0
0
0
11
12
12
13
11
50
50
50
50
58
58
55
55
55
0
0
0
0
0
12
12
12
12
13
13
13
50
50
50
53
58
58
58
55
55
0
4
0
3
0
12
14
14
14
13
51
51
51
51
53
58
58
57
55
56
4
4
14
14
13
51
51
51
51
51
53
58
58
58
57
57
57
55
4
4
4
4
4
8
8
14
14
13
51
41
41
42
41
42
42
48
57
48
48
4
4
9
8
8
8
14
18
18
17
17
17
44
41
44
42
48
48
48
7
7
7
9
9
9
9
18
18
18
18
17
17
17
44
41
41
44
41
42
48
48
48
48
7
7
7
7
9
9
9
18
18
15
43
43
49
41
49
49
49
47
49
47
7
7
7
7
7
5
5
5
5
18
15
43
43
49
49
49
47
47
135
135
135
135
136
139
5
5
18
18
89
43
89
43
80
80
82
47
80
47
135
135
136
136
139
128
128
128
89
89
89
89
89
80
83
80
81
135
136
136
139
139
139
128
128
128
128
128
89
89
89
88
84
80
80
81
81
81
135
135
139
139
139
128
128
125
125
125
88
88
88
88
84
80
80
98
81
81
130
130
134
129
125
125
88
93
88
88
93
98
98
98
98
130
131
134
131
123
123
125
125
125
93
93
94
93
93
93
93
98
98
98
98
133
130
133
131
123
123
123
121
121
125
94
94
94
94
97
99
98
99
99
132
133
133
123
133
123
123
123
121
121
121
121
91
90
90
94
94
94
94
96
96
99
99
132
132
133
133
132
124
124
123
124
124
124
121
121
120
121
90
90
90
94
94
94
94
94
96
96
96
96
96
96
132
132
132
132
124
124
124
121
121
121
90
90
90
90
92
94
92
94
96
96
96
120
54
1
0
1
0
1
1
1
12
12
12
12
13
54
54
54
54
54
54
54
54
58
56
55
56
56
1
1
1
1
12
12
12
13
13
13
13
54
54
54
58
56
56
56
56
4
0
0
1
3
1
1
12
12
13
13
54
50
53
51
53
53
58
56
56
56
4
4
4
3
3
3
14
2
14
14
13
13
13
13
51
51
51
51
53
53
53
53
53
58
58
56
56
4
4
4
3
6
14
14
13
13
17
41
41
41
41
48
46
58
48
48
56
48
45
7
3
9
6
6
18
14
14
16
41
17
16
41
41
41
41
46
48
48
48
45
7
7
7
9
6
6
6
18
16
16
16
16
41
41
41
41
41
48
48
49
48
48
7
7
7
7
6
5
5
18
18
15
15
43
16
41
41
41
41
49
49
49
48
48
47
135
137
5
5
5
18
15
15
15
15
43
40
41
49
49
49
49
47
135
136
139
5
5
5
5
128
15
128
15
89
15
15
89
89
89
49
89
49
80
80
80
80
81
47
135
136
139
5
128
128
86
89
89
89
89
80
80
80
80
81
135
135
139
139
139
139
139
139
139
138
128
128
128
128
86
89
86
88
88
88
80
80
80
81
81
135
130
139
139
139
139
139
128
128
128
89
88
88
88
88
88
88
80
80
81
81
130
130
131
131
127
127
127
125
125
88
93
98
99
98
99
99
130
130
130
130
130
131
131
122
122
127
125
125
125
125
125
125
125
93
85
93
94
93
97
98
97
99
130
130
131
131
122
123
123
122
123
125
125
125
91
94
94
94
94
97
99
99
99
132
130
131
131
132
124
123
120
120
121
91
91
91
91
94
91
94
94
96
96
99
96
99
99
132
132
132
124
132
124
124
120
120
90
90
90
90
94
96
96
96
96
96
95
132
132
132
132
124
124
124
124
124
120
120
120
90
90
90
94
96
96
96
96
96
96
96
132
1
54
1
1
1
1
12
12
12
12
12
54
54
54
54
54
54
54
52
56
56
56
56
1
1
1
1
1
1
12
12
12
12
12
13
54
54
54
54
53
52
52
56
56
56
3
3
3
3
1
2
14
14
14
13
14
13
53
53
53
52
53
52
56
56
3
3
3
14
14
14
13
13
53
53
53
52
56
46
56
56
3
3
3
3
6
6
6
14
14
13
13
41
41
41
46
45
3
7
3
6
6
6
6
16
16
16
16
41
46
46
46
45
46
45
7
7
6
6
6
6
6
5
6
16
16
16
41
41
46
46
45
45
45
7
7
6
5
16
16
15
15
16
16
41
40
40
41
40
40
49
49
45
45
45
45
45
7
137
137
5
5
15
15
15
15
15
40
40
40
40
49
49
49
45
47
137
137
137
5
5
15
86
89
89
89
49
49
80
49
81
137
139
138
138
138
128
128
86
86
86
86
89
86
89
80
80
80
80
80
81
81
137
137
139
139
138
138
127
128
86
86
86
89
87
89
80
80
81
81
137
139
139
139
139
138
127
127
127
127
86
85
88
88
88
87
87
80
80
81
81
81
137
137
131
139
122
127
127
127
125
85
85
88
88
87
97
97
99
130
131
131
131
131
122
122
122
127
127
125
127
125
85
85
85
85
85
97
97
97
97
99
99
99
99
130
130
131
131
122
122
122
120
120
125
91
91
91
91
97
97
99
99
99
130
132
130
130
124
122
122
124
122
120
120
91
91
91
91
91
97
99
95
95
99
132
132
132
132
124
124
124
120
120
120
90
90
90
91
96
95
96
95
95
132
132
132
124
124
124
124
120
120
120
120
120
90
90
91
91
91
95
95
96
95
90
12
1
1
54
54
54
54
54
54
52
52
52
52
56
56
56
1
1
1
12
2
12
13
54
54
53
52
52
52
52
56
56
3
3
2
2
2
12
13
13
13
53
53
52
52
52
56
3
3
3
3
2
2
14
14
13
13
53
53
46
56
56
3
3
3
3
2
14
14
13
13
53
53
46
41
46
46
46
45
2
2
3
6
6
6
16
16
16
16
46
46
46
46
45
2
2
2
6
6
6
6
16
16
16
16
16
40
40
40
46
45
45
2
6
5
5
16
16
16
40
40
40
49
45
2
6
5
5
15
15
15
40
40
40
40
49
45
45
137
137
138
138
138
128
128
15
15
40
87
40
40
80
49
80
45
137
137
137
138
138
138
128
86
86
86
87
87
87
87
80
81
81
137
137
138
127
128
86
86
86
87
87
87
80
81
81
137
137
137
139
139
138
138
138
138
86
86
86
85
86
87
87
87
81
81
131
131
131
138
138
127
127
127
85
85
85
85
85
87
87
87
97
99
99
131
131
131
138
127
85
85
85
85
85
97
97
97
97
99
99
130
131
122
122
127
120
127
85
85
91
97
97
95
99
130
130
131
122
122
122
122
120
120
120
91
91
97
95
95
95
95
95
132
122
122
122
120
120
90
90
90
90
91
95
95
95
95
95
130
132
132
124
120
120
90
90
90
91
91
95
95
95
95
124
1
1
12
12
52
52
1
12
52
52
3
2
2
14
52
14
13
53
53
52
56
3
6
14
53
46
46
46
2
16
53
46
45
2
2
6
16
16
40
40
46
45
6
5
5
5
16
15
15
40
40
45
45
137
2
138
5
15
40
137
138
15
40
81
45
137
138
138
128
86
87
87
87
137
138
138
138
138
127
86
86
87
87
137
85
86
85
85
87
87
87
81
131
127
127
85
87
81
131
127
127
85
85
97
97
130
131
122
85
91
97
97
95
130
130
122
122
120
90
91
97
95
95
130
122
120
90
91
95
132
120
91
95
1
53
52
52
53
3
2
14
52
40
40
46
2
2
16
5
45
15
45
81
138
81
138
137
127
86
87
85
87
138
99
97
131
127
97
97
91
95
122
120
54
52
54
52
3
2
56
53
46
14
2
14
46
6
40
40
49
138
128
86
81
138
138
87
87
130
127
85
122
127
95
127
91
91
122
120
90
97
95
95
1
52
12
53
52
52
3
53
16
46
6
40
45
2
5
15
16
40
15
128
86
86
85
85
131
85
122
97
95
122
90
91
1
12
54
54
52
14
13
2
45
2
6
15
45
40
137
137
15
87
87
81
137
138
86
131
138
127
131
131
127
97
122
130
130
120
90
91
1
11
117
117
52
2
2
131
101
2
46
46
45
5
6
5
137
45
137
86
137
137
86
87
86
87
86
85
45
127
97
95
97
130
130
122
97
95
122
122
55
47
117
46
52
52
101
101
2
46
2
107
46
107
154
15
154
152
153
46
106
36
110
101
130
101
36
106
30
