1392
457
324
279
278
278
477
477
457
499
289
292
468
503
504
504
499
497
499
323
272
275
465
466
457
508
304
273
289
288
287
462
466
510
307
250
246
247
382
382
466
505
506
510
254
245
249
248
383
380
506
244
244
242
248
389
390
389
380
381
430
415
430
434
250
255
259
242
242
390
381
418
434
211
211
260
260
258
241
349
421
422
422
418
427
213
213
1165
1103
1105
348
971
1167
1167
1165
1104
1105
1105
970
879
1166
1110
1110
1104
885
1170
1173
1109
1110
1101
1101
1100
962
886
886
876
1199
1170
1210
1114
1023
1022
1032
886
883
883
882
882
1200
1199
1112
1114
1085
1081
1023
950
950
881
881
881
1200
1198
1059
1003
947
1060
1064
1059
1080
1080
949
946
943
946
924
928
928
1206
1204
1056
1057
1048
1001
928
1206
1055
1058
1058
1047
1048
1078
1078
1000
943
938
938
939
926
322
322
322
324
321
325
279
279
278
277
278
276
292
292
476
476
477
456
457
460
500
503
500
498
498
498
497
322
325
323
271
271
274
277
291
292
468
477
456
458
458
458
457
503
498
499
499
497
320
306
306
323
271
274
273
288
289
287
288
468
469
462
462
462
465
458
504
504
508
509
499
491
307
308
305
272
275
273
273
288
287
470
462
461
466
466
505
502
507
507
510
307
308
307
305
304
252
252
246
246
249
247
469
247
469
466
506
506
507
509
510
216
196
250
245
253
246
246
249
248
390
384
384
384
383
383
382
505
415
431
434
510
434
433
195
216
214
250
254
254
245
239
248
390
390
384
381
381
380
414
415
413
430
434
431
434
216
216
214
260
255
243
242
240
239
385
389
388
388
413
414
422
418
430
428
427
213
212
212
260
260
259
255
259
242
242
240
385
386
385
349
349
352
421
422
420
423
428
428
427
426
213
213
260
259
1097
240
1103
1104
1107
1107
970
349
421
421
423
423
423
871
428
427
879
1168
1168
1167
1166
1166
1165
1097
1164
1096
1097
1103
1103
1104
1105
971
1025
971
971
971
959
871
959
960
870
871
879
879
1169
1169
1167
1173
1164
1096
1097
1102
1102
1102
1101
1024
1025
1025
969
963
963
885
959
877
878
876
879
1169
1170
1170
1164
1110
1119
1115
1102
1101
1022
1022
1031
962
962
885
883
885
883
877
876
1170
1211
1109
1109
1116
1115
1114
1100
1100
1100
1023
1031
1031
887
887
887
884
884
882
1199
1200
1199
1211
1210
1113
1113
1113
1112
1114
1085
1085
1030
1032
1032
887
888
884
1200
1200
1198
1060
1112
1112
1059
1085
1086
1081
1081
1003
1003
1003
950
950
949
947
946
924
924
881
925
1197
1198
1205
1197
1064
1060
1061
1046
1086
1086
1080
1082
1081
1004
1001
1001
948
943
947
927
925
1204
1205
1055
1205
1064
1057
1047
1046
1079
1080
1079
1000
1001
943
945
937
937
938
939
928
927
1206
1206
1055
1055
1054
1057
1057
1058
1047
1047
1048
1078
1000
1000
944
938
939
928
926
926
927
926
1206
279
500
321
322
324
281
280
277
276
276
291
476
476
473
475
475
459
460
460
501
495
495
495
489
322
321
325
325
325
271
271
274
280
277
269
276
269
290
291
468
475
463
460
460
501
502
495
494
494
490
320
312
319
275
275
274
270
289
290
470
467
470
471
471
462
461
463
464
503
502
509
491
493
308
306
312
312
306
304
270
288
288
471
469
463
465
465
517
508
516
509
491
493
308
308
305
305
202
272
252
233
246
235
247
228
384
378
378
382
416
505
416
507
509
510
195
196
254
252
235
245
235
249
229
374
383
376
417
417
433
433
215
196
254
253
241
239
390
388
376
414
376
414
417
415
431
215
212
215
214
258
257
254
255
257
243
243
387
386
388
380
376
352
413
419
418
419
431
424
432
426
212
211
209
258
256
256
243
256
241
240
240
387
387
386
385
350
350
352
351
419
420
425
426
210
1165
258
1096
1097
219
1108
1106
348
350
970
352
420
870
428
874
1162
1162
1166
1163
1096
1095
1096
1108
1108
1106
1024
970
969
969
961
961
960
960
871
872
878
1169
1168
1162
1172
1164
1163
1095
1095
1102
1099
1026
1026
969
959
963
960
870
877
878
879
1170
1161
1161
1172
1173
1172
1173
1171
1117
1118
1115
1099
1024
1025
1031
1027
964
886
889
889
877
876
1160
1159
1211
1109
1116
1116
1098
1098
1022
1029
1032
1028
890
890
884
876
1210
1211
1111
1119
1116
1116
1116
1129
1083
1030
1030
1027
888
890
884
880
882
1214
1196
1214
1198
1211
1061
1061
1113
1061
1085
1086
1085
1082
1004
1083
1004
1030
950
949
947
930
881
897
1196
1196
1197
1197
1064
1064
1063
1046
1061
1084
1082
1079
1004
1002
948
949
946
930
924
925
925
1203
1202
1063
1058
1048
1046
1079
1005
1005
1004
945
1006
941
937
937
931
927
1204
1204
1203
1202
1205
1202
1054
1054
1056
1058
1057
1045
1045
1045
1078
1007
1007
1006
945
1007
945
945
935
944
939
936
931
932
932
944
935
939
317
281
501
321
316
317
317
319
281
281
281
268
291
268
285
472
474
474
475
459
459
436
501
496
496
496
496
496
490
490
315
318
280
318
267
268
286
286
472
473
473
473
474
459
436
518
496
492
309
309
319
312
319
263
264
270
269
290
284
471
467
467
463
454
502
521
518
517
518
492
493
493
309
313
313
314
314
263
263
270
270
228
228
471
471
448
453
464
454
519
518
518
493
491
308
314
202
233
234
234
228
228
370
461
379
416
519
516
516
481
479
195
196
200
202
233
234
235
235
373
373
378
378
379
377
416
409
417
429
429
400
433
195
215
214
198
202
201
253
222
224
224
217
229
372
375
374
376
429
408
400
432
207
206
206
209
257
223
227
218
218
387
218
371
375
376
351
413
419
424
424
425
425
432
207
209
209
208
257
222
256
227
226
219
219
361
386
351
351
419
419
424
425
426
210
207
210
208
210
1093
1094
1094
1108
1107
1106
348
350
354
352
961
957
420
999
873
874
874
1162
1162
1163
1141
1094
1089
1089
1108
1107
1106
1038
968
968
968
961
958
958
873
873
873
878
1162
1161
1172
1163
1117
1089
1089
1099
1024
1040
1026
1039
963
957
966
958
958
872
872
872
902
1160
1160
1171
1119
1118
1122
1129
1130
1038
1099
1039
1041
1026
1029
964
964
966
890
909
909
911
1160
1171
1159
1111
1119
1118
1122
1129
1128
1023
1029
1028
964
890
889
911
911
1214
1214
1208
1213
1211
1111
1118
1129
1084
1067
1083
1128
1029
1028
1027
1027
888
890
880
897
897
1212
1213
1209
1209
1208
1209
1111
1062
1071
1071
1084
1084
1083
1002
1002
954
888
956
897
1201
1207
1207
1063
1063
1062
1044
1076
1082
1010
1010
1002
955
955
955
956
931
930
1203
1201
1201
1201
1062
1062
1044
1065
1076
1076
1008
1010
1006
941
941
955
936
956
931
932
1203
1203
1202
1192
1054
1050
1044
1053
1045
1077
1007
1007
1008
942
944
941
936
940
935
936
934
934
933
932
1056
933
316
316
316
317
345
281
267
266
266
285
285
472
472
474
474
439
439
439
437
487
486
487
483
483
489
315
316
318
346
343
264
269
286
285
285
284
296
445
474
446
438
439
438
455
521
487
483
490
309
310
318
333
265
264
265
282
286
286
446
445
446
454
449
455
455
521
520
518
480
492
492
311
310
310
314
263
264
282
230
449
449
454
450
521
521
512
481
482
197
197
314
200
314
204
205
233
234
237
230
236
232
448
448
453
453
379
453
409
519
517
511
511
479
478
198
197
197
198
200
202
201
238
238
238
229
232
373
370
370
379
379
409
409
409
407
407
400
399
401
199
198
200
201
201
223
224
224
217
373
372
373
372
364
375
377
405
409
408
408
400
397
199
206
208
222
222
226
218
371
356
405
406
391
400
397
207
174
209
181
181
225
227
227
221
220
361
361
353
354
357
404
404
391
391
397
396
210
175
175
208
1141
1093
226
219
220
220
362
353
354
354
357
957
995
392
999
392
392
396
903
1154
1154
1155
1142
1141
1093
1094
1090
1091
1108
1038
1040
968
967
967
996
995
957
999
998
874
902
1157
1156
1155
1143
1143
1124
1124
1091
1091
1090
1038
1040
967
966
998
998
907
907
902
908
905
1161
1159
1156
1158
1171
1145
1117
1123
1124
1124
1122
1099
1040
1039
1042
965
966
907
908
909
910
905
909
1217
1158
1159
1158
1119
1123
1130
1130
1130
1130
1128
1041
1042
1043
1028
1028
966
900
909
901
909
912
911
1213
1213
1176
1128
1069
1068
1020
1020
1028
1018
1018
954
901
901
896
912
912
898
1213
1213
1208
1208
1178
1072
1071
1067
1069
1068
1068
1020
1021
1017
1017
1018
954
953
954
956
898
898
918
1212
1212
1207
1178
1178
1072
1072
1065
1066
1083
1010
1017
1009
953
955
956
930
929
918
929
918
1186
1186
1190
1177
1050
1050
1053
1053
1077
1077
1009
1009
1010
1009
951
951
929
934
934
934
1185
1185
1190
1192
1192
1191
1050
1053
1053
1052
1077
1008
1008
1006
942
942
940
917
934
933
1192
344
489
342
316
344
344
345
267
267
301
298
297
297
297
297
296
295
444
444
440
438
436
487
486
485
488
484
485
483
315
327
343
346
346
267
298
301
303
444
444
442
438
437
437
437
488
488
484
480
480
327
329
342
347
346
265
265
262
282
301
301
284
446
447
452
520
520
520
520
481
481
310
328
313
331
332
332
331
333
265
262
262
283
282
230
230
445
447
449
455
452
514
515
513
481
311
311
311
332
333
205
237
231
232
447
448
451
450
450
512
513
512
479
479
193
204
204
205
238
238
231
231
232
369
369
369
379
377
412
411
411
407
511
401
199
194
193
183
217
236
217
373
371
372
370
365
405
412
406
406
411
407
401
401
399
199
193
181
182
182
179
223
225
221
221
364
363
362
356
356
406
406
395
394
394
398
397
398
174
174
178
178
179
226
220
361
359
357
405
356
355
406
391
394
398
398
175
1142
177
180
1093
225
1092
221
360
362
353
987
355
987
995
995
392
903
1154
1155
1142
1142
1139
1087
1087
1090
1090
360
1036
987
967
987
996
996
999
999
999
997
903
903
1154
1156
1155
1156
1145
1143
1144
1143
1092
1092
1087
1087
1091
1037
1037
1039
988
965
996
997
902
904
1153
1157
1158
1145
1144
1121
1127
1125
1041
1042
1043
965
966
997
908
908
906
906
905
906
1217
1145
1145
1123
1122
1126
1127
1127
1041
1042
1043
1043
965
900
910
910
906
1216
1217
1175
1217
1176
1123
1121
1070
1067
1126
1069
1012
1020
1018
900
901
901
896
893
912
1216
1215
1174
1174
1174
1176
1176
1070
1070
1072
1072
1071
1067
1068
1021
1021
1018
952
952
913
896
898
893
1189
1189
1186
1178
1177
1177
1073
1075
1066
1066
1011
1021
1011
953
1017
953
913
913
920
918
1185
1186
1193
1195
1177
1049
1051
1074
1065
1065
1052
1271
1014
1013
951
951
915
917
916
922
1185
1193
1190
1187
1190
1193
1191
1191
1191
1050
1049
1051
1052
1052
1014
1015
1015
1015
1013
1013
940
940
917
917
922
921
923
942
342
337
342
344
344
341
345
345
298
303
303
297
297
295
441
440
441
435
486
486
627
484
485
485
484
485
613
327
327
343
347
347
299
300
298
303
302
303
296
295
444
435
435
629
628
626
484
613
613
330
329
331
335
347
261
347
283
302
129
443
443
444
442
442
435
452
625
488
480
482
611
330
329
334
333
333
261
262
283
283
127
127
443
443
452
452
451
451
515
515
515
512
482
611
191
334
334
334
332
205
333
261
237
170
168
231
232
127
127
447
450
451
451
514
515
513
568
569
478
191
191
194
192
204
203
203
155
236
165
165
369
542
365
541
412
412
412
514
513
511
478
567
194
194
193
183
182
223
154
155
152
152
363
364
365
365
412
410
410
399
578
401
187
188
188
178
183
183
181
153
153
152
363
368
364
363
357
403
402
393
394
398
578
188
177
178
180
179
225
157
162
161
153
366
362
366
367
355
403
403
393
395
395
175
1152
177
177
180
1132
179
1139
158
158
161
360
360
359
359
367
359
355
987
994
395
977
398
1152
1152
1151
1150
1144
1139
1092
162
1088
1037
1036
358
1036
988
986
975
975
1153
1153
1153
1151
1151
1144
1131
1139
1088
1088
1037
1035
1037
988
988
986
994
994
981
990
989
997
904
904
905
1148
1148
1146
1136
1120
1120
1125
1037
1034
1033
988
982
994
892
906
906
1147
1148
1146
1146
1146
1136
1136
1121
1125
1127
1125
1034
1034
1043
982
900
894
895
1216
1216
1181
1179
1121
1126
1268
1019
1019
1016
1016
952
899
899
895
895
1215
1215
1175
1181
1180
1183
1179
1070
1075
1075
1074
1265
1069
1012
1019
1016
953
834
952
899
896
914
893
920
1188
1189
1188
1174
1183
1183
1184
1073
1075
1075
1074
1066
1268
1012
1021
750
913
834
914
914
919
920
919
1188
1189
1193
1182
1184
1073
1271
1283
1266
1271
1014
1011
1011
751
751
751
915
917
916
923
923
923
1187
1187
1195
1195
1195
1194
1051
1049
1051
1283
1271
1271
1015
1014
1013
750
751
915
915
916
923
921
1194
340
293
338
337
344
341
341
299
300
303
294
294
295
440
441
441
435
628
627
627
618
617
617
614
614
326
339
337
340
339
341
299
300
300
302
293
121
693
695
628
629
628
626
617
618
612
612
612
330
329
330
328
339
120
302
125
122
129
693
694
690
694
629
629
625
625
626
609
613
611
328
336
336
335
335
335
261
168
169
129
692
692
690
629
624
609
189
189
336
203
21
86
168
170
170
167
129
541
690
540
538
539
514
568
569
568
567
190
190
191
192
192
203
86
170
173
173
173
169
167
165
542
541
539
539
539
410
573
569
569
194
190
192
183
83
86
155
165
166
542
542
537
403
545
402
566
187
187
186
184
182
83
85
154
153
160
368
365
368
529
526
403
393
580
580
579
580
578
188
188
188
176
180
154
159
157
162
368
368
367
526
524
393
579
579
578
176
1152
186
176
1135
1134
1132
158
1140
159
162
162
161
366
358
367
983
524
983
991
991
977
976
976
975
1329
1149
1149
1336
1135
1131
1134
1131
1140
1140
1140
1088
1035
720
358
1036
985
979
983
990
990
977
992
974
973
977
1329
1329
1151
1132
1140
1140
720
985
985
984
980
986
989
974
1147
1329
1148
1151
1150
1150
1138
1138
1120
1261
724
1035
1034
984
984
984
981
980
981
989
990
989
892
891
1147
1351
1352
1148
1148
1137
1136
1137
1261
1262
1033
1033
745
982
982
833
899
894
895
891
1351
1175
1181
1181
1180
1137
1179
1290
1126
1264
1264
1265
1265
1012
1019
745
833
836
826
894
894
895
1215
1183
1181
1180
1180
1180
1285
1075
1285
1285
1266
1265
1268
748
748
742
742
836
834
834
893
920
1377
1175
1184
1184
1286
1266
1268
1267
755
748
742
742
792
914
791
919
920
1380
1376
1182
1188
1182
1286
1287
1271
1270
755
752
752
792
791
916
919
802
1187
1378
1195
1182
1195
1194
1194
1295
1284
1284
1270
1270
757
756
757
756
751
753
752
795
795
801
923
802
1378
1283
922
121
686
338
338
340
341
341
113
113
294
113
294
293
123
121
686
685
695
621
621
618
618
615
618
617
615
326
338
340
31
299
114
120
122
122
122
121
123
689
695
693
695
628
694
626
617
614
326
326
31
30
30
120
126
126
126
688
691
693
691
694
623
625
624
624
624
609
610
611
19
20
336
25
21
22
119
126
125
126
128
129
691
692
692
690
678
545
645
644
645
645
643
610
189
328
18
25
25
21
84
169
169
169
169
167
128
541
533
538
546
545
568
567
565
189
190
18
82
84
86
86
173
173
167
166
167
540
532
539
538
539
545
546
547
573
574
567
185
185
81
83
82
85
82
85
172
173
166
542
542
537
537
547
551
552
573
573
566
566
187
185
185
184
83
83
72
70
156
166
529
525
525
526
550
576
580
186
184
73
71
71
72
159
159
366
531
531
530
526
525
524
548
576
579
1336
176
1135
1134
71
72
158
159
162
160
160
160
358
531
525
979
978
991
992
976
991
973
1336
1331
1135
1134
1132
1260
1260
1260
720
736
983
979
978
993
993
977
973
1330
1327
1133
1133
1138
1310
1259
1260
1260
721
721
721
721
736
985
979
981
992
869
869
974
974
974
1330
1327
1326
1151
1327
1138
1311
1289
1258
1258
723
724
729
745
980
832
869
864
892
1351
1352
1137
1290
1290
1289
1261
1261
723
724
745
833
833
832
826
864
826
866
891
864
1350
1351
1350
1352
1352
1353
1353
1288
1290
1264
1265
1263
744
744
746
746
835
836
835
832
832
835
826
787
787
1377
1377
1370
1353
1290
1285
1293
1263
749
749
748
743
789
788
788
787
895
1377
1376
1376
1370
1297
1293
1286
1286
1287
1264
1278
1267
749
755
752
743
836
789
791
790
790
783
1380
1380
1380
1378
1298
1297
1298
1295
1297
1287
1274
1269
1267
757
756
755
753
759
753
741
792
790
803
803
1380
1379
1378
1372
1298
1297
1295
1295
1284
1284
1274
1270
1269
1269
1269
757
757
757
754
754
753
795
792
797
801
795
803
803
803
803
802
686
616
10
28
28
26
26
114
115
113
112
111
111
123
686
685
675
621
623
622
622
619
618
616
615
651
615
27
27
31
30
114
119
112
123
689
110
689
689
685
675
621
622
623
619
619
649
612
649
19
27
31
31
31
30
119
120
124
688
689
689
687
687
691
687
678
678
623
643
610
646
19
20
20
23
24
24
25
24
119
126
128
688
683
677
678
644
645
544
644
643
610
20
17
20
16
23
18
25
22
22
98
171
128
128
533
684
683
533
534
544
575
575
646
565
17
16
81
79
25
82
84
84
77
172
171
172
163
163
164
163
534
547
547
546
575
575
565
574
566
61
60
79
78
78
78
172
156
156
164
164
164
529
528
535
537
552
534
546
571
574
584
584
61
60
81
75
85
70
70
156
149
151
529
522
523
522
550
549
551
552
577
586
586
582
581
59
59
73
72
156
150
151
151
531
531
531
523
523
549
550
550
548
548
576
586
582
582
1336
1335
1333
73
71
67
151
719
530
530
524
993
993
976
848
972
1335
1336
1335
1335
1332
1332
1312
1312
1257
1259
1259
1259
719
735
721
738
737
737
979
978
993
992
867
859
972
1328
1328
1330
1331
1326
1327
1312
1312
1257
1256
1258
720
721
734
736
738
732
978
868
868
867
860
860
1330
1328
1326
1311
1311
1310
1255
1257
1258
723
722
722
736
729
772
732
831
831
869
868
866
866
866
1349
1351
1350
1349
1352
1354
1311
1289
1289
1262
1262
723
723
726
724
723
722
746
772
831
830
827
866
1350
1348
1358
1353
1355
1354
1288
1292
1288
1263
1262
725
746
746
746
772
828
833
830
829
827
827
786
786
784
1375
1371
1371
1301
1293
1292
1292
1292
1279
1279
1280
1263
747
747
747
835
788
787
787
784
784
1375
1375
1376
1371
1370
1370
1301
1299
1293
1291
1278
1279
1278
1282
1281
749
743
743
789
791
785
787
783
1376
1376
1373
1374
1298
1296
1298
1294
1287
1274
1278
1273
759
759
760
754
741
796
790
793
801
798
1379
1379
1379
1372
1372
1296
1298
1294
1294
1274
1275
1273
758
759
760
754
796
754
797
797
796
801
798
10
28
26
28
36
114
115
112
111
110
685
660
675
675
620
620
616
650
650
10
11
27
26
35
115
115
115
112
112
111
110
687
674
675
670
622
619
649
651
651
11
29
29
29
29
115
95
95
124
124
682
682
676
677
673
671
644
641
651
648
19
23
97
97
100
684
684
684
677
677
671
671
642
642
643
641
646
646
17
15
16
20
15
24
22
97
98
98
684
683
681
683
676
544
543
544
642
575
575
17
16
79
80
76
77
97
171
141
163
134
133
533
536
536
534
543
570
565
60
61
64
79
80
80
77
156
142
142
141
133
133
133
536
535
536
535
553
552
571
571
584
584
61
61
63
60
75
78
74
142
150
149
528
523
549
553
576
577
585
581
586
581
59
59
73
75
75
70
66
67
68
151
147
527
527
549
585
585
583
583
1334
1334
1334
1333
1333
1314
67
67
150
151
735
530
737
549
851
848
859
582
848
583
1333
1333
1333
1332
1314
1256
1253
718
717
735
733
738
737
851
849
848
859
1331
1332
1306
1305
1313
1313
1257
1256
719
718
727
734
738
738
732
849
849
868
867
860
860
1328
1326
1305
1305
1310
1257
1255
727
727
726
728
729
731
732
730
843
843
837
866
861
1349
1348
1355
1255
1249
726
725
772
731
729
730
829
865
837
865
1348
1355
1354
1355
1288
1292
1244
1291
1248
774
774
776
828
830
828
829
829
786
827
865
1387
1358
1371
1358
1301
1292
1291
1277
1280
1280
774
774
775
789
812
785
786
785
784
1387
1373
1374
1301
1374
1301
1299
1291
1279
1282
1282
1282
768
1281
766
747
740
775
740
813
793
785
783
1373
1387
1373
1374
1390
1300
1372
1301
1300
1302
1302
1276
1275
1275
1282
1281
766
760
743
740
740
739
740
796
793
793
800
800
798
1386
1386
1388
1391
1296
1303
1303
1276
1275
1273
760
760
758
758
758
740
739
794
797
799
799
1273
660
2
34
3
34
34
36
35
118
116
116
109
108
660
662
659
657
670
659
670
670
620
635
651
650
637
34
36
35
35
116
96
116
109
88
109
110
659
659
670
620
633
649
647
651
12
11
11
41
42
42
41
96
96
100
89
660
674
672
676
673
669
647
647
648
648
14
12
12
15
7
40
95
40
106
100
101
100
101
101
684
679
680
676
673
673
673
673
671
642
642
647
648
14
14
15
5
76
107
101
99
99
132
681
681
680
543
543
591
642
570
602
641
570
600
62
5
80
76
76
142
107
98
141
681
133
132
681
562
536
553
558
572
570
607
602
64
64
63
74
52
53
77
141
144
134
134
133
536
564
553
553
588
572
572
572
608
608
62
64
64
74
74
66
69
144
142
146
149
528
131
527
564
564
563
596
571
585
587
606
581
1334
1339
68
66
69
150
146
148
148
147
528
563
549
597
596
595
595
583
1341
1339
1314
65
68
69
69
1252
148
718
148
717
148
148
735
733
733
597
705
597
851
851
851
852
858
583
1341
1339
1313
68
1254
1253
718
733
734
738
704
705
851
852
852
859
1343
1344
1306
1306
1306
1309
1313
1308
1313
1324
1256
1254
1254
1254
717
734
715
704
731
698
849
850
850
863
863
1343
1349
1343
1309
1305
1308
1310
1255
1253
727
727
728
728
731
730
730
700
843
867
862
863
1361
1361
1369
1355
1246
1244
1246
1249
727
728
830
844
838
865
861
838
1361
1361
1363
1348
1363
1369
1368
1238
1237
1244
1244
1249
1248
1249
1249
1249
773
773
773
776
775
828
842
837
838
819
1362
1363
1365
1365
1238
1236
1233
1233
1220
1277
1247
1247
773
776
776
775
812
814
817
819
819
1387
1363
1366
1385
1385
1302
1277
1220
1277
1280
1219
768
767
768
770
771
771
812
813
814
813
814
815
819
1390
1388
1390
1300
1385
1304
1300
1276
1281
766
767
770
770
770
794
805
825
800
800
816
1388
1388
1391
1391
1304
1304
1303
1303
1302
1276
1272
1272
1272
763
763
739
805
794
805
794
799
799
798
1391
33
666
3
3
33
36
118
117
108
117
108
661
662
662
662
659
657
666
665
634
635
636
636
3
3
4
4
37
41
94
117
96
94
109
89
658
659
658
666
670
669
633
633
637
637
12
1
7
42
42
41
96
94
95
88
88
89
658
658
672
669
672
669
639
640
13
7
8
107
107
93
106
101
679
679
672
668
630
590
639
640
14
14
6
6
40
49
49
107
107
101
99
680
680
557
557
602
56
55
6
53
49
51
48
102
132
130
130
558
558
591
591
602
601
600
62
56
55
55
53
52
48
48
144
144
134
131
554
554
588
587
607
608
607
64
63
53
52
145
145
147
138
137
131
562
561
562
564
563
588
588
587
587
606
608
608
607
62
1338
1339
65
66
145
146
138
138
139
561
560
564
597
597
597
595
605
605
1341
1341
1340
65
65
146
711
711
703
705
596
595
857
605
858
1341
1340
1320
1322
1322
1252
1252
711
711
712
715
716
715
704
705
852
856
856
858
858
858
1344
1344
1307
1309
1317
1318
1324
1253
713
707
715
703
700
705
850
855
863
863
1343
1342
1307
1308
1309
1318
1319
1245
1245
1240
707
707
707
698
699
699
844
843
862
862
862
863
1347
1347
1368
1308
1237
1245
1246
1245
1242
725
781
697
697
844
842
840
841
1362
1363
1369
1367
1368
1238
1237
1237
1233
1246
1248
1243
1247
782
781
782
782
779
778
842
842
840
838
817
840
819
1362
1363
1365
1368
1238
1236
1220
1221
1218
1247
768
782
769
779
814
814
817
818
818
1365
1390
1359
1366
1230
1230
1236
1230
1233
1220
1221
768
767
771
771
769
812
817
825
815
818
1388
1389
1385
1384
1231
1232
1227
1224
1219
1218
1219
766
763
806
805
813
825
824
816
1388
1391
1391
1304
1304
1232
1227
1227
1227
1227
1226
1227
1272
765
806
807
806
804
824
824
816
765
117
4
33
661
662
658
653
657
666
632
667
665
634
633
636
636
2
39
33
118
39
87
87
661
653
652
667
667
634
632
635
637
4
1
39
39
38
94
88
90
90
654
654
668
631
631
639
0
0
13
1
8
38
93
106
91
90
680
664
557
630
639
13
6
6
9
8
105
105
102
90
655
663
557
558
590
590
601
600
56
56
51
50
49
50
104
103
102
130
591
590
556
601
601
57
57
55
53
53
50
48
104
145
143
136
131
562
555
554
588
606
608
57
54
47
52
143
136
137
561
559
564
594
606
57
54
47
47
140
140
139
561
560
593
593
594
605
605
1338
1340
1321
1321
1322
1325
1250
139
138
560
716
560
593
701
594
856
605
1341
1344
1340
1322
1325
1324
1250
713
712
716
703
702
703
705
856
857
858
1346
1346
1318
1251
1251
713
712
716
698
696
700
855
855
854
1346
1344
1347
1307
1307
1315
1317
1318
1316
1240
706
706
710
710
699
700
847
855
853
1345
1345
1369
1316
1319
1319
1239
1242
707
1243
781
781
698
699
844
847
841
841
839
1367
1369
1368
1316
1242
1243
1243
781
779
778
847
811
847
840
841
839
1360
1366
1238
1234
1221
1222
1241
782
779
769
811
810
822
818
1359
1359
1366
1231
1236
1224
1232
1221
1222
1219
768
761
810
810
821
821
821
815
1389
1232
1232
1226
1224
1218
764
764
762
765
808
806
825
825
825
823
1389
1384
1385
1231
1226
1225
1225
764
763
807
808
804
823
824
816
1226
4
33
118
87
634
638
2
87
667
631
7
39
38
92
664
105
91
655
663
631
639
0
51
105
655
556
556
598
8
91
663
598
600
58
54
50
104
137
563
555
589
604
44
47
46
46
143
137
137
559
593
589
603
1338
54
1321
46
135
592
1337
1321
139
592
854
604
1337
1323
1324
1251
714
702
702
702
1342
1317
1317
1319
1325
1240
713
709
700
845
1347
710
709
710
708
700
845
845
854
1315
1239
1242
706
846
853
1369
1235
1235
780
777
778
841
1359
1364
1234
780
782
778
846
822
1360
1383
1232
1224
1222
762
761
810
821
822
1383
1229
1225
761
808
804
1384
1224
807
823
4
663
665
632
654
9
38
93
630
555
555
556
58
44
103
46
604
140
604
857
1320
855
1315
1347
1251
714
696
1239
696
1316
841
847
1360
1241
811
811
808
820
1229
1225
652
638
652
632
1
37
639
654
598
103
9
104
589
44
559
592
594
1325
1250
712
855
1315
1319
845
847
1360
1241
777
1234
1241
822
1234
762
761
1228
1222
762
809
804
823
32
665
88
664
664
631
0
655
103
598
44
554
599
58
45
140
136
559
135
1250
709
709
706
780
1364
777
1229
809
820
1231
765
807
32
92
653
653
638
93
91
9
599
58
45
137
599
592
1338
1337
135
702
701
854
1346
1323
1240
1345
1316
1235
1345
1367
1235
846
1228
1383
1384
1223
764
808
32
92
1357
1357
638
37
37
1149
1356
43
656
656
599
45
44
45
1320
603
1320
714
1323
1323
714
701
1251
696
708
708
522
1239
846
839
777
1383
1382
1229
809
820
1228
1223
577
532
1357
656
640
640
1356
1356
43
656
43
1382
577
1382
1358
135
1381
1381
1133
532
1157
251
1381
875
1382
875
251
972
251
