3872
208
1297
1295
1089
1113
231
229
210
57
1095
1098
228
47
54
49
41
40
39
1309
1278
1282
193
191
190
51
1280
1041
1088
1086
1085
215
189
120
1415
1042
1075
1078
213
183
187
111
108
120
1410
1076
1078
1080
369
375
112
1019
1019
1010
1080
386
392
389
390
377
250
249
280
116
1382
1017
1022
1010
1011
387
377
243
283
1375
1375
1380
1379
1023
1008
406
263
261
259
269
286
1373
1373
3218
3386
3361
407
2880
3163
3216
3218
3385
3380
3361
2883
2730
3215
3212
3210
3383
2724
3158
3160
3223
3208
3281
3273
3271
2826
2822
2723
2736
3156
3160
3160
3255
2830
2834
2832
2823
2689
2687
2691
2685
3178
3154
3248
3256
3294
2547
2545
2814
2817
2683
2683
2681
3180
3178
3242
2552
2530
3014
3015
3240
3026
2543
2488
2532
2490
2530
2525
2516
2512
3003
2996
2989
2988
3037
2549
2514
3004
2993
2991
2980
2981
3039
3039
2583
2551
2492
2482
2483
2514
2518
1322
1320
1322
1320
1318
1297
1297
1294
1114
1286
1112
1095
1103
1102
1102
233
231
210
207
208
202
198
200
59
59
59
42
1316
1317
1293
1294
1284
1114
1295
1097
1099
227
228
235
239
210
203
210
46
55
51
59
42
1317
1310
1309
1283
1284
1036
1038
1085
1093
1099
1098
241
224
236
237
237
195
195
49
51
51
38
39
40
1407
1420
1408
1280
1042
1035
1040
1086
1082
223
215
215
193
190
191
47
110
106
119
1416
1415
1411
1412
1407
1412
1030
1041
1074
1084
1083
211
1083
213
187
112
111
108
106
120
1365
1414
1395
1030
1017
1074
1076
1075
1080
379
380
381
367
369
369
375
185
252
108
118
119
118
115
1366
1365
1362
1384
1395
1395
1015
1003
1004
388
392
382
384
375
377
245
249
244
282
279
279
284
1367
1365
1383
1383
1019
1019
1012
1002
1004
388
387
390
389
248
246
258
269
280
278
284
1370
1371
1375
1382
1379
1390
1021
1023
1010
1012
1005
399
396
405
407
405
412
260
258
270
259
274
276
275
283
1369
1373
1380
1022
3379
1006
3387
3387
3381
3363
2881
406
263
260
261
271
269
2741
275
286
2732
3165
3167
3214
3218
3212
3220
3210
3220
3377
3379
3386
3375
3381
3380
2881
2886
2887
2883
2880
2875
2855
2855
2857
2855
2740
2734
2729
3165
3163
3215
3208
3212
3210
3379
3385
3272
3269
3272
2885
2885
2887
2875
2825
2827
2827
2826
2734
2736
2736
2729
3162
3157
3158
3208
3222
3254
3252
3281
3273
2885
2833
2831
2825
2825
2723
2724
2726
2728
2736
2684
3156
3160
3222
3254
3256
3255
3279
3275
3275
3271
2568
2833
2832
2816
2823
2682
2687
2689
2684
3154
3156
3181
3188
3190
3250
3250
3250
3248
3242
3294
3296
2570
2553
2819
2816
2679
2689
3179
3182
3178
3188
3250
3248
3240
3292
3296
3296
2547
2544
2544
2551
2554
2814
2532
2530
2532
2526
2515
2691
2540
3180
3000
2997
3014
3014
2987
2987
3292
3289
3290
3027
2545
3296
2553
2551
2555
2555
2554
2526
2511
2538
2996
3024
3016
3016
3015
2988
2981
3037
3027
3026
2543
2585
2549
2491
2490
2484
2486
2484
2525
2516
2511
3002
3004
3023
3022
3023
2993
2989
2991
2980
3039
3039
2580
2583
2585
2494
2482
2517
2514
2517
2520
2520
2518
3003
1287
202
1322
1320
1299
1299
1287
1118
1118
1101
1101
1125
1103
1128
233
233
206
204
199
54
53
57
41
44
1322
1308
1318
1316
1284
1284
1272
1035
1286
1113
1108
1118
1109
1093
1097
229
239
241
204
203
199
46
55
32
34
35
1310
1314
1283
1276
1282
1036
1038
1095
1093
218
221
225
219
225
236
241
235
195
196
185
31
36
34
1420
1313
1312
1312
1418
1278
1032
1088
1082
219
224
217
193
195
85
94
83
94
36
96
1420
1418
1411
1408
1397
1393
1034
1034
1040
1052
1084
1072
380
367
365
183
187
185
110
106
114
120
1416
1410
1397
1029
1053
1030
1051
1078
1068
382
369
372
256
252
116
115
1367
1363
1386
1014
1011
1003
379
381
373
246
371
245
254
250
299
1366
1371
1363
1384
1388
1388
1386
1390
1027
1014
1015
386
397
401
377
373
414
248
243
253
265
274
274
282
289
1370
1377
1377
1390
1025
1027
1027
1027
1008
1006
1005
399
397
396
402
403
401
414
414
271
270
278
290
1354
3220
1378
3377
3379
995
3358
3363
403
402
2879
412
267
2743
276
2745
3167
3171
3216
3220
3233
3227
3377
3374
3359
3363
2889
2886
2877
2878
2874
2853
2851
2857
2740
2741
2732
3165
3167
3171
3171
3212
3233
3227
3373
3383
3371
2891
2895
2877
2875
2836
2857
2739
2728
2749
2730
3162
3175
3173
3152
3152
3231
3223
3230
3229
3261
3252
3277
3269
2891
2842
2842
2837
2822
2754
2728
2734
2728
3148
3148
3190
3254
3258
3281
3275
3277
2830
2830
2834
2840
2817
2726
2691
2685
3185
3190
3243
3262
3258
3238
3279
3279
3288
2569
2840
2815
2799
2678
2683
2678
2691
3182
3179
3204
3181
3188
3244
3242
3246
3242
3290
3289
3294
2558
2568
2556
2563
2552
2588
2819
2679
2534
2683
2676
2996
2998
3000
3012
3010
2975
2978
3033
3237
3031
3288
2561
2562
2587
2587
2488
2528
2534
2538
2539
2539
3006
2998
2976
2985
3037
3033
3031
2581
2579
2592
2592
2590
2499
2486
2528
2536
2512
3002
3008
3005
3005
3022
3019
3024
3020
2993
2991
2993
2983
2985
3035
3035
2580
2585
2581
2492
2585
2494
2493
2483
2507
2482
2505
2536
2522
2524
2494
2503
2504
1299
1291
200
1325
1328
1326
1324
1299
1291
1289
1291
1116
1108
1105
1125
1129
1129
1126
134
233
206
142
23
29
27
25
28
27
21
44
1302
1326
1289
1272
1116
1106
1106
1146
1121
1127
1121
1127
133
239
197
23
28
34
1314
1313
1306
1304
1274
1276
1274
1110
1110
1109
1148
218
241
172
217
168
198
164
85
89
31
25
32
35
1314
1306
1405
1276
1399
1276
1032
1055
1055
1070
1072
221
223
174
166
187
160
165
83
85
96
96
1420
1403
1393
1032
1055
1053
1072
1072
450
217
425
181
80
77
76
94
103
1418
1405
1401
1397
1034
1051
1052
1068
450
452
365
365
424
435
361
362
256
79
91
297
296
1404
1347
1362
1400
1397
1335
1331
980
981
982
985
989
452
384
437
372
301
253
301
299
1352
1349
1350
1388
1025
980
969
987
986
395
989
394
410
409
409
244
254
300
301
293
292
295
1352
1350
1349
1339
1390
974
1025
972
970
986
997
394
395
422
414
266
266
291
292
289
1354
1356
1354
1377
1341
3332
3329
3374
3358
3363
3365
420
422
422
416
2849
2853
267
2778
2776
2747
2746
3169
3169
3235
3235
3329
3375
3356
3359
3366
3367
2897
2893
2879
2877
2851
2857
2777
2777
2751
2743
2750
3175
3173
3152
3235
3227
3339
3371
3368
3369
3367
2889
2895
2895
2849
2838
2853
2753
2739
2739
2749
2751
3173
3175
3229
3266
3339
3309
3281
3311
3369
3277
2893
3316
2891
2895
2838
2842
2807
2753
2756
2766
2749
3148
3152
3201
3244
3266
3260
3262
3309
3317
2570
2789
2842
2821
2799
2754
2670
2674
3205
3203
3186
3203
3184
3246
3261
3283
3284
3322
2568
3318
2787
2840
2815
2799
2802
2672
2672
2676
2676
3205
3204
3186
3185
2933
3009
3243
2973
3237
3238
3284
3288
2558
2564
2566
2803
2672
2497
2666
2997
3009
2972
2976
2975
2974
3044
3031
2560
2562
2560
2564
2600
2588
2501
2501
2536
2540
2908
3012
3018
3010
2969
2978
2985
3045
3031
3029
2576
2575
2592
2596
2592
2499
2504
2501
2538
2523
3008
3006
3020
3019
2966
2985
3041
3042
3035
3029
2573
2573
2574
2590
2494
2509
2509
2507
2507
2503
2505
2440
2523
2524
2983
2522
1329
1330
1328
1325
1250
1291
1252
1116
1204
1123
1125
1128
1133
1132
1131
135
135
138
142
23
142
27
21
29
17
1330
1329
1272
1250
1267
1248
1108
1105
1123
1123
1146
1121
1142
1126
131
130
133
137
161
163
25
21
19
1301
1306
1306
1248
1207
1209
1206
1195
1148
1146
172
172
170
168
180
170
165
164
88
87
6
19
19
1301
1233
1302
1304
1422
1209
1056
1144
178
176
161
174
159
88
77
87
99
1404
1405
1447
1399
1423
1423
1422
1057
1057
1056
1070
1044
1064
175
176
174
429
427
159
360
81
81
79
76
104
102
1405
1437
1403
1439
1445
1401
1425
1046
1045
1047
1068
1059
450
424
452
437
429
362
360
356
80
79
304
296
306
1348
1442
1443
1337
1425
977
982
981
985
452
445
446
446
432
437
434
358
361
316
356
314
297
1347
1333
1335
978
980
973
987
448
410
338
335
313
301
289
1360
1356
1338
1338
1337
973
974
969
996
996
480
420
420
417
418
333
334
265
293
291
290
1356
1357
1342
1339
3333
3331
972
995
993
997
483
422
418
417
416
2868
2866
333
2780
334
312
329
2746
3661
3662
3687
3689
3329
3333
3341
3356
3356
3366
3365
2900
2898
2899
2899
2867
2867
2849
2776
2778
2745
2747
3673
3662
3684
3235
3233
3225
3339
3341
3354
3354
3368
2897
2898
2872
2782
2782
2782
2756
2761
2762
2760
3175
3150
3674
3150
3231
3659
3229
3225
3265
3264
3310
3316
2903
2893
2788
2836
2837
2758
2766
2761
2764
2764
2766
3193
3199
3199
3201
3266
3266
3309
3307
3310
3320
3318
3314
3316
2788
2787
2808
2806
2757
2756
2706
2766
2674
2674
3193
3199
2931
3321
3323
3326
2569
2785
2800
2783
2812
2804
2801
2693
2694
2670
2676
2668
3197
3197
2914
2933
2933
2974
3078
3283
3321
3286
3324
2603
2605
2563
2566
2599
2804
2600
2803
2694
2667
2667
2668
2908
2910
2910
2928
2929
2973
3076
3046
3046
3288
2561
2598
2599
2600
2499
2501
2534
2432
2434
2432
2666
2906
2910
2953
2972
2970
3069
3042
3041
3045
3049
2577
2574
2575
2594
2594
2508
2497
2441
2439
2441
2904
2951
2950
2951
2950
2970
2969
3052
3050
3054
3048
2577
2576
2573
2596
2509
2509
2437
2440
2426
2966
1269
17
1262
1263
1267
1269
1254
1253
1189
1197
1189
1158
1151
1151
1155
1152
1132
1133
1131
134
137
142
14
12
13
14
4
1
2
1218
1220
1263
1250
1252
1203
1205
1205
1157
1142
129
130
131
148
138
148
140
8
10
6
17
1218
1237
1238
1244
1245
1209
1204
1209
1194
1197
1162
1148
172
180
153
150
163
89
65
70
100
1232
1235
1239
1237
1239
1434
1244
1435
1207
1198
1194
1201
1148
1138
1140
1142
178
180
160
157
61
66
69
100
1232
1233
1447
1445
1435
1433
1049
1066
1064
444
178
154
429
156
68
72
68
104
103
1443
1425
1426
1427
1047
1046
1060
1060
1062
444
440
427
425
435
350
74
353
74
71
303
1439
1437
1442
1427
985
1066
1059
448
440
445
437
433
358
348
358
348
354
316
313
304
305
1348
1333
1335
1345
1337
976
978
991
990
990
438
471
481
465
462
336
336
309
314
310
330
327
324
1358
1360
1343
1343
1345
970
991
481
458
465
338
467
467
335
312
310
331
331
1358
3688
1341
1458
3332
1541
3331
993
479
480
459
2862
467
2860
2868
2866
329
2774
3664
3687
3688
3689
3543
3341
3334
3356
3354
477
2901
2864
2861
2861
2872
2849
2780
2782
2780
2769
2771
2772
3661
3672
3664
3685
3685
3683
3657
3657
3337
3335
3335
3352
3351
3344
2901
2900
2862
2872
2870
2770
2768
2772
3674
3673
3684
3659
3659
3337
3311
3317
2903
2795
2789
2808
2807
2757
2758
2762
2713
2711
2712
2709
3193
3653
3659
3264
3305
3304
3304
3320
3314
2790
2791
2791
2810
2700
2706
2708
2709
3195
3197
2912
3201
2931
3077
3077
3080
3322
3307
3324
3326
2602
2785
2809
2700
2698
2695
2708
2664
3195
2916
2913
2931
2913
2922
2921
3082
3078
3074
3076
3074
3287
3323
2607
2607
2598
2645
2802
2693
2696
2663
2664
2918
2906
2908
2927
2929
2921
3076
3076
3072
3116
2618
2607
2617
2600
2610
2643
2445
2434
2434
2429
2957
2906
2955
2955
2928
3067
3054
3069
3044
3050
3054
3123
2617
2622
2656
2447
2449
2443
2437
2432
2959
2963
2953
2959
2955
2955
2938
2953
2968
2968
3069
3054
3052
3049
2620
2620
2622
2621
2622
2657
2655
2448
2448
2436
2423
2424
2426
2657
1262
1220
1265
1269
1269
1261
1253
1254
1186
1159
1159
1151
1153
1155
123
127
122
144
140
14
12
13
12
4
2
1
709
1218
1220
1267
1246
1246
1187
1187
1191
1161
1163
1161
1153
1152
125
145
146
150
150
10
6
707
706
1224
1227
1238
1226
1242
1203
1245
1195
1162
1168
1136
1135
124
124
127
148
153
64
8
6
98
681
1235
1226
1227
1244
1433
1242
1199
1201
1140
1138
1135
575
125
155
155
156
153
66
64
65
69
99
672
1449
1447
1450
1451
1434
1429
1433
1199
1045
1675
1677
1140
1064
1140
1064
444
427
154
157
62
62
70
677
678
102
1764
1451
1449
1450
1426
1428
1049
1554
1044
1545
1062
444
442
431
442
350
348
352
71
72
308
305
675
1441
1440
1771
1431
976
977
1529
1555
1550
1546
469
440
433
432
350
352
354
308
319
306
1441
1775
1774
1770
1798
1796
1528
1535
1544
1544
471
468
463
461
462
341
342
346
309
327
318
1773
1342
1794
1458
1456
1528
1539
1536
1538
1537
475
483
473
454
465
340
344
344
346
327
1357
3666
1791
1792
1792
3544
1458
3545
1541
1538
1539
479
479
457
457
474
459
458
2860
2409
344
2378
330
3665
3665
3680
3679
3681
3540
3334
1520
3350
3346
3346
477
2863
2863
2404
2771
2380
3666
3664
3669
3670
3681
3657
3543
3551
3352
3351
3344
3348
3347
2864
2860
2870
2870
2410
2407
2411
2401
2769
2770
2774
2712
3668
3653
3655
3548
3552
3298
3303
3344
2796
2797
2795
2809
2872
2706
2711
2713
3672
3634
3649
3651
3651
3655
3549
3305
3299
3298
3301
3300
3300
2790
2810
2705
2704
2719
3197
3195
3649
3079
3079
3299
3121
2603
2793
2793
2645
2812
2705
2706
2714
2717
2917
2914
2912
2925
2924
2923
3081
3080
3072
3135
3117
3140
3121
2607
2615
2611
2645
2640
2639
2698
2696
2458
2695
2428
2916
2917
2961
2923
2922
2920
2924
3063
3084
3074
3127
3117
3116
2615
2605
2610
2445
2641
2460
2445
2430
2430
2467
2957
2961
2963
2948
2938
3063
3127
3061
3127
3124
2618
2630
2628
2643
2660
2643
2447
2443
2437
2422
2429
2424
2959
2963
2940
2940
2946
2938
3067
3065
3067
3059
3052
3125
2620
2630
2622
2656
2659
2449
2442
2437
2421
2423
2968
1258
1177
1212
1265
1257
1259
1180
1186
1185
1157
1158
1178
1166
1166
122
123
146
145
558
557
712
703
706
708
708
1216
1214
1257
1261
1213
1259
1193
1193
1190
1161
1176
1170
584
569
144
565
723
725
703
715
705
707
709
1221
1224
1222
1213
1240
1190
1191
1163
1168
1136
583
582
588
588
150
564
724
723
715
705
682
686
1222
1230
1231
1229
1242
1229
1198
1672
1676
1688
576
588
578
723
724
682
1767
1768
1231
1428
1821
1810
1671
1676
1675
1692
1689
859
575
849
563
848
61
673
679
673
675
1762
1766
1768
1768
1431
1429
1811
1673
1554
1549
1549
1677
1548
1546
861
853
848
853
876
353
780
678
677
1762
1764
1814
1796
1812
1529
1556
1550
1545
861
851
851
352
874
342
318
1775
1775
1771
1778
1798
1796
1531
1533
1537
1526
474
468
469
856
883
341
346
322
321
323
319
323
1773
1775
1774
1798
1458
1531
1535
1536
1522
475
455
463
881
880
346
321
322
323
3715
3715
3713
1791
3711
3707
3545
1456
3544
1525
1520
1521
1521
473
477
455
2108
883
2415
2414
2367
2371
2375
2375
2380
3717
3677
3677
3717
3710
3677
3709
3707
3543
3541
3541
3537
3348
3527
454
3348
2107
2413
2106
2409
2411
2371
2372
2373
2380
2380
3670
3717
3680
3679
3540
3553
3526
2109
2107
2106
2405
2405
2401
2388
3668
3669
3634
3635
3653
3655
3547
3551
3553
3536
3303
3348
3347
2113
2103
2104
2404
2393
2403
2403
2403
2403
2401
2720
3638
3640
3632
3636
3631
3409
3549
3548
3552
3301
2797
2796
2088
2104
2407
2395
2398
2721
2721
2720
3640
3640
3651
3646
3407
3406
3081
3405
3141
3139
3141
3139
3143
3120
2613
2609
2089
2641
2399
2715
2715
2714
3638
3647
3647
2925
3082
3406
3136
3084
3140
3137
3119
3145
3121
2615
2615
2635
2637
2636
2640
2460
2704
2471
3840
2918
2946
3065
3132
3129
3121
3129
2628
2611
2635
2639
2462
2460
2458
2466
2469
3830
3840
2948
2963
2948
3060
3133
3129
3125
2630
2646
2661
2633
2464
2464
2428
2477
2961
3832
2948
2946
2944
2939
2939
3057
3058
3059
3123
3124
2626
2630
2625
2647
2661
2660
2659
2451
2464
2476
2422
2478
3828
3060
2421
1166
571
1210
1256
1257
1258
1180
1183
1184
1174
1184
1178
1176
1172
1169
570
569
569
556
557
713
711
698
697
695
699
1212
1212
1214
1904
1180
1185
1174
1172
1177
1172
1168
1170
592
582
583
567
550
565
713
705
699
1221
1216
1902
1898
1181
1683
1685
1685
1680
589
586
584
588
586
547
725
721
719
717
694
684
681
1851
1847
1230
1819
1821
1821
1669
1685
1665
1685
1687
1689
580
580
576
578
563
720
720
688
689
690
692
686
1766
1853
1853
1817
1817
1821
1808
1673
1671
1672
1665
1693
1693
859
908
580
870
869
679
672
666
1768
1768
1760
1812
1810
1810
1554
1552
1552
1692
1564
1693
861
861
849
872
853
876
874
874
781
671
668
1756
1779
1758
1814
1806
1811
1800
1556
1568
1570
1548
857
855
853
866
876
867
868
779
781
669
669
1777
1783
1779
1798
1786
1802
1531
1533
1555
1544
901
898
896
879
880
776
764
1783
1778
1786
1794
1462
1454
1533
1526
1514
902
906
905
881
898
878
887
764
768
3712
3719
3709
3709
1453
1453
1454
1525
1522
1520
1513
1513
1514
906
904
2415
2414
2369
2367
2371
2369
2378
3712
3719
3711
3558
3560
3533
3532
3534
3530
2110
2108
2059
2419
2419
2373
2373
2384
3704
3702
3710
3740
3568
3561
3560
3538
3537
3528
3526
3528
2114
2110
2109
2058
2410
2419
2390
2372
2386
2388
2386
3702
3636
3698
3635
3742
3564
3562
3564
3568
3536
3519
2116
2114
2112
2103
2391
2397
2388
2388
3644
3634
3651
3405
3405
3566
3566
3143
3517
3144
2116
2089
2093
2395
2397
2352
2399
2351
2719
2354
3642
3644
3644
3813
3631
3646
3409
3410
3398
3145
3145
3143
2613
3101
2025
2088
2093
2091
2091
2398
2395
2246
2265
2267
2257
3838
3839
3823
3823
3407
3137
3399
3102
1937
2024
2021
2015
2247
2248
2467
2255
2717
3838
3840
3821
3819
3432
3389
3131
3135
3133
3136
3106
3106
1938
1937
2649
2637
2636
2246
2462
2471
2471
2254
3831
3840
3830
2943
2942
2936
3432
3065
3422
3132
3089
3094
3106
2628
2624
2624
2647
2649
2651
2632
2462
2464
2479
2469
3831
3828
2943
2944
2936
2936
3056
3056
3057
3061
3089
3095
3094
3093
3095
2625
2626
2646
2652
2653
2651
2456
2452
2456
2473
2452
2477
2475
2479
2474
2478
570
697
1877
1881
1889
1900
1900
1183
1624
1174
1596
1598
1595
1165
571
566
546
552
545
553
552
554
712
697
698
649
701
1904
1902
1904
1898
1620
1620
1595
1598
590
1602
596
592
595
545
548
558
550
717
717
637
701
643
1847
1902
1904
1898
1896
1892
1669
1681
1679
600
590
589
602
594
586
594
564
548
547
693
686
637
1850
1855
1850
1855
1816
1824
1819
1825
1667
1683
1688
598
604
580
560
721
690
719
689
694
684
1849
1849
1855
1857
1853
1856
1817
1829
1829
1665
1691
1691
600
909
932
924
909
908
869
780
688
692
667
1756
1760
1804
1760
1859
1805
1827
1808
1827
1567
1570
1560
1558
1693
1562
919
866
864
872
870
785
784
671
783
668
1756
1760
1805
1800
1800
1566
1572
1567
1572
1563
1562
857
856
921
911
851
868
864
867
785
783
766
766
1781
1781
1786
1788
1461
1460
1477
1571
1564
1517
900
898
898
896
884
889
885
887
775
777
769
770
766
1783
1783
1790
1461
1524
1481
1516
1516
1518
901
902
904
879
891
885
884
777
834
775
768
761
762
3713
3691
3719
1790
1462
1479
1518
1517
906
906
878
2363
2365
2375
2365
2376
3696
3696
3696
3694
3740
3724
3558
3560
3555
3560
3534
3533
3532
2078
3527
2076
2063
2059
2417
2417
2361
2365
2382
2381
2381
3703
3703
3704
3702
3742
3742
3740
3562
3568
3556
3538
3526
3530
2086
2074
2061
2058
2419
2360
2361
2346
2382
2350
3700
3699
3738
3736
3738
3561
3566
3568
3514
3518
3521
2113
2084
2112
2099
2101
2393
2391
2390
2358
2386
2351
2350
3699
3644
3642
3698
3632
3736
3414
3415
3395
3590
3518
3517
3519
3522
3523
3523
2096
2097
2095
2101
2395
2358
2352
3813
3813
3825
3411
3825
3417
3413
3396
3417
3102
3588
3522
2024
2097
2023
2098
2012
2093
2093
2248
2264
2264
2261
2267
2256
3817
3817
3823
3411
3410
3402
3400
3400
3112
3112
3104
3104
1940
2025
2015
2015
2247
2265
2256
2254
2255
3836
3834
3833
3821
3819
3430
3430
3394
3389
3399
3112
3114
3108
3114
1940
2019
2021
2030
2251
2250
2240
2262
2242
3836
3833
3834
3821
3430
3432
3432
3422
3087
3091
3091
3097
1938
1942
1946
2653
2633
2454
2471
2240
2474
2241
3827
3827
3832
3866
3428
3427
3424
3424
3086
3086
3091
3097
1948
1948
1944
2652
2454
2651
2456
2456
2451
2473
2475
1877
1889
1885
1889
1884
1624
1623
1600
1602
1601
573
573
567
546
552
554
641
641
647
1881
1878
1879
1900
1896
1622
1624
1623
1630
1596
1600
1602
595
596
561
516
553
658
641
645
648
1879
1891
1894
1892
1894
1620
1666
1613
1681
1680
598
604
604
561
526
520
658
660
643
654
1851
1859
1666
1654
1662
600
602
930
604
560
526
523
663
660
692
654
684
654
1872
1849
1869
1856
1857
1825
1829
1652
1653
1655
932
930
923
924
923
806
807
805
662
784
667
1698
1696
1804
1827
1829
1744
1653
1570
1558
1658
1465
921
919
911
913
913
805
735
666
1698
1700
1696
1804
1806
1743
1745
1568
1466
1572
1560
1562
917
919
921
912
913
893
889
866
832
785
739
740
1700
1705
1706
1758
1802
1802
1740
1572
1563
916
894
893
832
837
772
832
773
770
769
764
1781
1708
1790
1790
1788
1474
1475
1477
1480
1505
1507
894
891
833
776
758
760
760
3692
3692
3691
3730
3732
3726
1475
1479
1479
1511
2075
905
2063
891
2363
2328
2384
762
2327
761
3694
3732
3732
3734
3724
3556
3581
3511
3511
2078
2075
2063
2063
2316
2365
2322
2346
3694
3744
3748
3750
3747
3629
3555
3536
3515
3513
3515
2084
2074
2070
2069
2417
2324
2345
2346
2348
2350
3700
3743
3746
3738
3629
3614
3596
3513
3514
3521
2086
2082
2071
2071
2101
2314
2331
2358
2348
2350
3758
3763
3765
3615
3589
3588
2081
2096
2099
2080
2101
2209
2356
2356
2354
3753
3762
3415
3413
3414
3396
3589
3398
3590
2022
2022
2013
2017
2210
2012
2213
2210
2263
2261
2257
3816
3815
3825
3825
3393
3392
3395
3500
3110
3101
2023
2019
2010
2017
2212
2263
2262
2259
2259
3869
3817
3817
3393
3426
3392
3390
3402
3114
3110
3114
3104
1994
1942
1942
2021
2032
2017
2032
2252
2252
2244
2244
3859
3857
3869
3871
3871
3427
3428
3394
3440
3420
3390
3091
3097
3099
3110
1948
1942
1944
2028
2028
2032
2035
2032
2251
2294
2292
2291
2241
2242
3858
3858
3859
3867
3424
3422
3420
3087
3099
3099
1950
1950
1949
1950
1946
2030
2036
2036
2288
2291
2296
3099
511
1919
1887
1877
1889
1887
1883
1884
1632
1629
1629
1590
1600
511
507
509
506
541
506
542
543
622
639
649
649
647
1887
1885
1896
1925
1624
1622
1630
1594
1594
1592
1602
513
490
541
515
625
641
640
649
1909
1919
1878
1896
1891
1933
1933
1611
1610
1594
1591
488
490
528
486
518
520
658
637
645
645
1872
1874
1874
1868
1866
1824
1667
1844
1650
1660
1662
1660
1656
1662
932
490
934
486
528
528
526
520
520
664
663
660
656
1872
1869
1868
1840
1843
1654
1660
1656
1658
936
936
934
926
815
807
803
664
736
734
662
656
728
1698
1864
1753
1823
1745
1464
1645
1652
1639
928
921
936
928
928
928
813
809
806
738
734
730
1702
1704
1703
1753
1751
1753
1743
1465
1492
915
916
917
967
963
961
808
836
811
773
737
740
732
1706
1703
1705
1741
1753
1744
1480
1466
1466
1491
1490
951
951
967
967
965
838
837
838
772
738
743
757
3730
3726
1474
1740
1473
1481
1509
1511
1510
1506
951
958
889
841
834
846
752
758
3728
3726
3726
1469
1471
1470
1471
3580
1511
3583
1510
2136
1507
1511
2140
2141
2142
840
2067
842
2319
2326
2325
2327
2312
757
3728
3734
3627
1470
3621
3582
3582
2076
2140
2061
2065
2318
2328
2320
2321
2311
3743
3734
3750
3750
3748
3722
3627
3629
3629
3619
3620
3620
3621
3619
3513
2086
2145
2065
2071
2067
2316
2321
2322
2338
2339
3761
3759
3744
3798
3750
3746
3615
3614
3579
3577
2086
2084
2081
2071
2070
2069
2229
2225
2358
2341
2337
3761
3759
3762
3765
3617
3596
3596
3585
2171
2082
2218
2217
2341
2356
2341
2199
3752
3755
3754
3758
3752
3763
3780
3473
3471
3598
3498
3586
3498
3586
3588
1982
1983
2003
2004
2006
2009
2214
2209
2197
2196
2195
3755
3753
3773
3776
3476
3477
3499
3496
3499
3498
1985
1983
1995
2008
2008
2013
2212
2212
2197
2194
2194
3849
3848
3853
3437
3443
3492
3500
3493
3108
1993
1994
1993
1995
2009
2028
2010
2038
2034
2284
2285
2250
2284
2238
2182
3869
3857
3871
3441
3443
3447
3441
3490
1968
1961
1959
2040
1959
2040
2286
2290
2298
2297
2297
2271
3861
3861
3866
3865
3445
3446
3446
3420
3492
3488
3486
1972
1950
1965
1963
2035
2289
2288
2289
2294
2292
2296
2269
3445
1923
537
1917
1921
1923
1921
1628
1627
1627
1626
1575
1575
511
513
513
509
507
543
542
624
622
639
619
1919
1918
1919
1917
1931
1617
1615
1632
1610
1615
1590
1592
505
488
505
537
541
515
626
626
639
648
1909
1919
1931
1933
1935
1935
1611
1614
1613
1594
1585
1587
493
490
530
531
518
516
652
651
1874
1866
1839
1647
1649
1649
1650
1662
498
486
528
611
609
611
652
656
1874
1869
1866
1866
1838
1843
1842
1647
1647
1655
936
934
926
812
815
728
1723
1696
1864
1749
1840
1748
1841
1639
939
939
939
812
813
802
803
736
735
729
1700
1721
1712
1711
1751
1747
1747
1736
1464
1494
1490
941
961
808
809
802
739
729
732
1704
1702
1751
1734
1496
1491
1505
1488
943
940
967
965
963
963
959
830
836
755
755
743
743
746
745
1708
3783
3783
1741
1469
1492
1509
1501
1503
1503
953
957
965
842
844
845
845
749
749
3791
3730
3722
1734
1473
1486
2136
2142
2131
840
841
846
2313
753
2309
3728
3734
3808
3627
3722
3581
3583
2136
2146
2138
2144
2141
2145
2128
2320
2326
2319
2313
2312
2313
2311
3791
3801
3797
3806
3622
3623
3605
3577
2172
2173
2144
2129
2128
2318
2324
2301
2339
2337
3800
3802
3800
3806
3804
3623
3617
3594
3592
3579
2173
2155
2157
2157
2151
2227
2225
2331
2343
2343
2343
2338
3795
3802
3779
3625
3464
3594
3598
3591
1987
2171
2155
2157
2006
2225
2218
2200
2207
3757
3772
3778
3774
3469
3470
3473
3471
3504
3598
3585
1986
1985
1982
2163
2002
2004
2002
2042
2214
2217
2203
2196
2199
2201
2195
3851
3757
3776
3469
3470
3475
3494
3494
1991
1985
1990
2003
1997
1998
2213
2188
2189
2184
2183
3849
3853
3851
3853
3440
3461
3477
3477
3496
3493
1966
1989
1968
1998
2040
2043
2044
2274
2272
2272
2182
3862
3861
3437
3855
3447
3462
3492
3490
1972
1968
1972
1961
1965
2038
2286
2285
2298
2271
2270
3863
3863
3867
3445
3447
3482
3487
3486
3486
3487
3488
1972
1961
1957
2040
2051
2052
2290
2280
2280
2270
1963
1628
1915
1923
501
513
503
503
505
537
632
539
632
622
625
619
619
1912
1925
1925
1617
1605
1579
1587
1575
501
494
531
539
624
628
617
619
1913
1907
1935
1935
1609
1607
1585
1587
1583
492
498
530
634
611
607
1911
1911
1911
1909
1836
1844
1606
1643
1582
1581
498
533
795
609
651
1870
1861
1862
1834
1836
1647
1642
1637
1581
947
498
796
794
792
790
792
728
1720
1723
1711
1839
1842
1841
1645
1638
1639
942
811
790
795
792
730
1720
1717
1713
1712
1749
1738
1738
1494
1495
1494
1639
942
940
945
797
820
747
747
1716
1713
1737
1736
1495
1484
941
959
959
963
828
746
1716
1714
1732
1731
1485
1488
1501
955
959
828
828
753
752
745
3784
3787
3782
3609
3608
3574
3573
1503
953
955
2121
958
824
2305
844
2301
751
3789
3791
3808
3607
3609
3604
3575
2137
2138
2146
2131
2126
2125
2304
2303
2313
2307
3789
3794
3603
3571
3570
2134
2133
2121
2129
2237
2226
2304
2333
2335
3794
3789
3801
3810
3798
3804
3803
3622
3601
2177
2176
2172
2155
2161
2153
2228
2228
2332
2332
3769
3770
3779
3803
3625
3464
3591
3592
2171
2169
2159
2158
2151
2151
2235
2227
2200
2205
2204
3778
3774
3780
3469
3502
1986
2164
2158
2159
2002
2216
2222
2219
2201
2207
2204
3845
3773
3476
3503
3504
1980
1987
1990
2000
1997
2042
2220
2186
2183
3851
3845
3437
3439
3475
3507
3508
3503
1980
1978
1991
1976
2044
2188
2190
2190
2189
2184
3855
3461
3462
3484
3506
1970
1975
1957
1965
1965
2056
2050
2274
2276
2282
2278
3862
3855
3439
3439
3480
1970
1956
1957
1963
2050
2052
2282
2282
2280
2269
3483
1915
1927
1617
1574
630
615
1913
1575
539
634
1931
1929
1609
1578
535
1643
1582
496
533
607
607
1861
1748
1641
496
794
796
788
1834
1637
947
788
727
1721
1715
1738
1635
943
830
798
800
744
1714
1731
1732
1730
1496
1499
949
945
830
820
822
3785
1715
3613
1485
1498
826
3782
3612
1503
824
2309
751
3787
3600
3603
3574
2133
2127
2127
2125
3797
3810
3600
3604
3605
3570
2176
2119
2226
2235
3795
2149
2123
2148
2153
2229
2231
2231
2335
3767
3454
2169
2161
2233
2329
3767
3465
3454
2165
2153
2048
2203
3847
3469
3452
2163
2000
2042
2219
2192
3845
3847
3458
3508
1980
1975
2056
2186
2188
2192
3847
3507
3480
1955
2054
2276
3435
3506
2056
2278
1912
532
634
630
493
1862
1830
1607
611
947
798
800
1719
1711
1635
1738
744
1486
751
2307
3808
2303
3810
3793
3571
2119
2237
2169
2237
3467
2205
2220
3772
1979
2043
2048
2056
2180
3482
3480
504
630
505
634
1907
1605
617
494
787
1634
1833
1642
790
1726
830
826
820
3608
3573
2134
2333
3810
3601
2233
2235
3757
2167
2149
3465
2167
2186
3452
1974
1976
3457
1980
1978
2054
2282
2278
1927
632
1578
532
535
628
1911
496
1637
787
1726
797
821
1717
1729
1484
1484
957
1498
3575
2122
2122
2165
2164
3768
1999
3482
2047
2180
3439
1955
2051
1605
1579
1584
499
615
1606
1583
1836
818
1719
1728
949
821
826
3785
3784
1499
2126
2305
2330
3793
3603
2177
3770
3468
3454
3769
3767
3451
2222
3458
3843
3435
3479
1957
2054
1927
1577
3450
3450
615
1929
1929
1090
3460
1832
522
522
818
1729
1726
1730
3613
822
3612
2118
3611
3611
2118
2305
2175
2237
2123
2148
1091
2167
2233
2179
2046
3843
3842
3456
2047
2179
3457
3484
998
1143
3450
524
613
613
3460
3460
1832
524
1832
2072
2702
2072
999
949
2701
2847
1000
97
2845
2844
90
1953
3842
1953
92
2843
325
