2208
505
641
595
600
601
488
490
505
331
585
578
489
322
314
324
334
340
342
653
642
599
515
514
509
325
643
559
584
571
583
492
509
339
623
556
565
567
491
447
508
400
403
339
752
565
568
566
447
447
401
709
710
703
568
438
442
436
443
444
404
402
388
387
725
708
727
704
702
438
415
409
392
736
736
724
724
714
705
425
415
413
411
384
392
737
740
1648
1615
1616
425
2053
1650
1650
1653
1617
1617
2052
2055
1932
1649
1652
1651
1604
1958
1385
1641
1627
1627
1608
1611
1611
2011
2012
1957
1936
1390
1380
1624
1633
2057
2058
2017
2012
1946
1947
1947
1948
1389
1391
1626
1531
1532
2057
2077
2072
2009
1964
1944
1945
1389
1388
1572
2076
2176
1581
1581
1571
2090
2081
2205
2174
2204
2174
2173
2186
2186
1408
1397
1579
1586
2090
2094
2184
1413
1578
1586
1585
1583
2089
2089
2094
2091
2203
2195
2195
2184
2183
647
647
646
647
647
639
641
595
602
597
602
600
578
580
577
490
488
504
505
507
315
315
317
332
332
335
334
654
652
640
641
599
601
602
581
578
490
490
488
502
506
506
505
315
331
333
334
334
654
653
654
643
642
558
585
585
584
578
582
486
494
486
485
485
516
515
325
324
326
342
342
343
623
624
628
643
559
559
558
583
572
498
492
492
511
516
509
323
326
326
338
623
623
628
627
628
625
557
559
564
568
572
494
566
494
509
401
403
326
337
338
741
742
557
556
708
565
565
568
567
441
445
441
446
446
446
447
400
403
403
388
339
390
389
741
743
744
752
753
751
710
703
566
437
436
445
444
416
443
417
402
398
404
387
388
390
744
743
729
725
708
710
705
706
702
438
438
436
436
415
410
410
405
383
385
386
739
740
738
724
724
726
713
726
705
705
704
434
433
434
424
425
423
412
409
406
413
383
385
385
392
740
739
726
727
1615
706
1620
1617
1620
1616
2054
423
413
413
412
411
411
1938
385
386
1934
1387
1387
1647
1648
1655
1653
1651
1655
1613
1612
1614
1614
1618
1606
2053
2054
2052
2054
2053
2030
2027
2027
2027
2027
1939
1937
1935
1386
1384
1650
1649
1654
1655
1614
1605
1607
1607
1607
2059
2060
2060
2016
2013
2014
2012
2014
1936
1937
1933
1933
1384
1650
1380
1652
1652
1634
1634
1609
1608
2059
2060
2016
2014
2011
1958
1957
1958
1963
1936
1948
1385
1623
1628
1627
1633
1634
1530
1610
1610
1611
2057
2017
2017
2010
1965
1964
1947
1946
1948
1391
1388
1390
1624
1623
1622
1626
1626
1572
1531
1534
1534
2015
2077
2010
2010
1965
1945
1389
1389
1400
1580
1572
1572
1570
1533
1534
2080
2081
2077
2076
2077
2074
2205
2175
2176
2176
2180
2185
1945
2187
1398
1397
1400
1400
1581
1581
1570
1533
1526
1533
2079
2081
2081
2075
2075
2075
2206
2206
2174
2186
2189
1407
1412
1399
1400
1579
1579
1583
1553
2090
2090
2078
2092
2074
2204
2204
2194
2174
2195
2178
2188
2182
1408
1408
1413
1579
1412
1586
1586
1585
1583
1583
1553
2093
2094
2091
2190
2195
2184
2184
2181
2182
2181
2182
1413
594
317
649
648
639
638
595
597
586
600
579
580
580
829
501
501
503
507
316
314
332
335
327
328
648
651
652
651
641
599
644
598
597
602
587
601
611
582
579
489
484
486
503
507
317
311
312
333
328
341
654
631
645
645
599
596
610
585
581
499
497
499
498
499
486
484
514
513
322
318
344
340
344
622
622
632
635
621
643
553
582
571
498
494
492
515
516
318
325
321
336
343
343
622
624
628
626
626
625
553
555
554
563
570
569
440
493
511
511
510
323
397
319
337
339
741
753
753
552
563
555
562
561
561
439
446
416
399
397
390
390
746
748
751
708
699
699
439
442
420
417
416
399
399
398
380
749
746
745
752
730
731
751
731
712
709
711
433
432
426
415
416
427
410
406
396
405
380
379
380
393
740
736
729
730
731
713
711
714
701
700
701
432
431
434
425
422
427
429
414
408
384
382
393
735
1648
726
1612
1614
701
1620
2062
430
423
2054
423
408
1999
382
1935
1499
1499
1647
1655
1646
1644
1613
1619
1620
2062
2064
2055
2033
2034
2034
2028
2029
2029
1939
1938
1934
1387
1387
1498
1638
1654
1646
1644
1605
1604
1606
2066
2069
2031
2030
2013
2026
1960
1959
1933
1932
1385
1381
1381
1383
1641
1641
1628
1640
1645
1637
1634
1609
2066
2060
2016
2001
2004
1960
1955
1959
1937
1941
1381
1393
1622
1628
1637
1608
1610
1523
2058
2007
2017
2005
2009
1965
1941
1940
1393
1622
1621
1635
1530
1528
1528
1529
1529
2008
2008
2006
1954
1965
1964
2180
1948
1396
1398
1396
1404
1623
1575
1569
1574
1570
1531
1527
1534
2080
2083
2086
2073
2072
2207
2175
2176
2179
1944
1943
1398
1403
1403
1401
1577
1577
1576
1555
1570
1527
2078
2085
2084
2071
2206
2207
2180
2177
2189
2187
2189
1406
1411
1577
1584
1553
1554
2087
2092
2070
2070
2206
2102
2200
2196
2178
2177
2186
1408
1407
1406
1405
1413
1410
1412
1410
1586
1584
1586
1564
1552
1553
2088
2088
2094
2103
2203
2100
2191
2191
2197
2191
2197
2196
2178
2140
2139
2191
2198
2196
639
684
317
651
649
649
668
639
595
597
589
589
611
607
608
831
831
830
500
503
503
316
313
312
330
312
329
330
330
327
650
668
684
682
589
586
609
605
829
828
829
830
483
502
310
312
330
329
629
632
651
631
644
634
587
610
610
611
606
499
484
496
484
512
310
311
320
289
321
321
344
341
632
635
632
634
636
633
614
620
554
569
570
497
496
535
512
513
537
289
321
320
344
336
622
636
637
553
555
563
569
569
496
513
544
549
288
319
282
277
276
742
742
756
758
553
563
560
561
440
439
511
550
551
551
418
550
399
397
348
352
389
747
748
749
748
753
756
758
723
721
721
699
561
439
421
421
419
397
360
347
391
746
746
749
729
712
722
698
699
700
432
696
451
427
421
419
418
407
381
380
382
395
391
738
733
735
728
731
715
711
711
693
701
697
432
426
428
428
408
407
382
394
395
733
732
733
729
735
1643
1593
1619
1620
1620
2064
430
429
430
430
2032
2029
408
1989
1998
1971
1970
1499
1498
1639
1642
1644
1601
1602
1603
2061
2062
2064
2067
2034
2034
2033
2029
1989
2000
2000
2000
1935
1499
1497
1639
1638
1632
1597
1595
1596
2062
2068
2069
2069
2031
2032
2003
2028
1987
1999
2000
1997
1997
1383
1383
1645
1630
1636
1637
1609
1598
2065
1596
2069
2066
2066
2069
2002
2004
1956
1956
1995
1994
1941
1394
1641
1383
1622
1630
1637
1635
1525
1522
2056
2002
2007
2004
1956
1963
1941
1943
1395
1395
1393
1394
1623
1548
1528
1525
1529
1525
2083
1522
2007
2006
2073
2006
1954
1956
1961
1942
1943
1396
1396
1402
1404
1444
1575
1574
1574
1546
1546
1526
1519
2086
2082
2073
2201
2180
2201
2155
1402
1401
1573
1576
1577
1574
1563
2079
2086
2096
2084
2071
2131
2200
2202
2202
2179
2189
1415
1402
1409
1402
1565
1568
1563
1555
2088
2098
2098
2103
2101
2100
2099
2200
2197
2202
2188
2140
1406
1406
1410
1410
1565
1565
1555
1559
1554
2087
2103
2102
2103
2100
2190
2193
2192
2192
2198
2197
2142
2141
2139
2140
1564
2142
670
667
668
678
679
684
588
589
593
607
834
831
832
831
832
533
500
518
520
313
294
298
306
298
305
669
668
684
682
678
681
611
607
608
606
605
833
833
829
531
533
518
520
519
292
297
308
309
629
666
683
682
615
615
612
604
606
606
529
495
533
537
532
533
536
291
290
292
303
307
307
630
630
630
634
634
614
619
574
535
534
537
535
291
292
283
281
277
798
798
636
800
636
775
774
617
620
619
576
576
574
496
544
550
548
551
537
549
289
289
346
276
277
278
797
795
800
798
799
757
758
719
620
720
575
573
449
543
449
544
550
460
361
361
360
347
347
352
349
793
794
800
758
757
723
722
723
691
448
450
449
450
457
420
461
462
361
361
358
347
351
793
749
754
722
723
717
692
451
462
464
464
357
348
395
804
804
735
755
755
717
718
693
695
696
467
473
472
473
470
462
376
377
377
395
394
733
803
789
734
1642
1593
718
695
694
697
477
473
471
470
469
2025
2024
377
1991
378
378
364
1971
1495
1495
1497
1484
1643
1594
1594
1603
1602
1603
2035
2068
2064
2063
2021
2023
2025
1991
1984
1990
1998
1971
1496
1496
1494
1645
1646
1631
1592
1601
1598
1603
2049
2069
2020
1987
1990
1991
1993
1993
1997
1996
1978
1491
1494
1494
1493
1641
1485
1629
1631
1632
1631
1597
1595
2049
2048
2049
2002
2004
1992
1995
1995
1974
1975
1997
1439
1392
1392
1382
1630
1630
1598
1541
1542
1524
1523
2050
2051
2047
2007
2001
1954
1955
1995
1949
1994
1975
1974
1437
1446
1548
1525
1520
1520
2083
2126
2005
2127
2134
2132
1953
1954
2165
1976
1943
2153
1437
1433
1447
1445
1445
1548
1550
1518
1521
1519
1520
2126
2129
2083
2129
2133
2132
2132
2132
2165
2153
2154
2154
1434
1434
1434
1445
1440
1568
1546
1544
1518
2085
2086
2128
2131
2130
2201
2163
2165
2152
2152
2155
2154
1415
1414
1425
1566
1567
1561
1562
1563
1554
2097
2096
2095
2096
2101
2131
2160
2163
2141
2141
2141
1415
1414
1425
1425
1425
1566
1567
1561
1558
1559
1558
2098
2098
2102
2100
2193
2161
2162
2146
2146
1424
679
305
671
670
680
680
679
675
593
607
592
843
844
843
844
837
834
833
835
528
518
517
294
296
300
298
298
299
309
666
671
669
677
678
593
593
603
841
960
529
533
533
520
518
520
294
294
300
309
309
664
665
666
687
686
615
613
613
618
612
841
960
530
532
539
290
291
292
287
303
304
663
815
666
812
685
637
682
685
615
617
620
619
604
937
958
958
530
535
539
542
285
287
281
279
816
795
798
811
772
774
773
576
574
546
546
541
547
538
282
280
282
278
278
800
775
775
775
720
719
576
898
574
545
454
546
544
551
547
353
353
359
346
346
793
794
796
760
690
690
691
449
455
450
452
457
463
461
461
355
358
359
345
352
352
793
802
755
791
754
785
722
692
691
694
450
479
472
456
456
464
357
375
358
375
365
362
363
804
802
788
789
786
693
695
477
473
471
464
463
470
378
378
374
365
365
804
1490
788
787
1594
717
1594
695
476
467
468
2021
470
2021
2024
1985
364
1972
1490
1489
1484
1486
1512
1591
1591
1600
1600
474
2035
2019
2020
2018
2025
1991
1986
1986
1983
1983
1970
1971
1496
1492
1489
1494
1484
1486
1485
1485
1592
1594
1589
1599
1600
2036
2036
2048
2021
2022
1988
1984
1983
1973
1492
1491
1494
1514
1514
1587
1598
1542
2050
2051
2048
2003
1952
1988
1993
1993
1980
1981
1981
1975
1439
1505
1505
1631
1537
1542
1542
1540
2050
2051
2044
2046
2046
1951
1977
1975
1982
1438
1439
1447
1446
1504
1548
1538
1550
1540
1537
1521
2124
2125
2134
1952
1950
2166
2166
1977
1976
1436
1436
1434
1447
1448
1441
1441
1551
1549
1545
1549
1546
1519
1520
2126
2128
2133
2135
2135
2167
2166
2164
2154
1431
1432
1433
1444
1443
1440
1551
1545
1543
1536
2096
2129
2117
2131
2127
2135
2165
2168
2151
2152
1415
1416
1430
1428
1423
1567
1560
1544
1563
1558
1557
1292
2117
2116
2107
2159
2163
2163
2148
2152
1417
1429
1430
1417
1430
1429
1423
1422
1566
1567
1561
1556
1557
1558
2117
2120
2119
2120
2120
2106
2107
2160
2161
2162
2145
2146
2146
2107
671
671
676
680
680
673
675
675
591
842
842
844
839
835
528
528
522
522
296
295
295
300
299
300
308
305
97
663
664
676
677
689
590
591
590
840
841
843
836
837
526
521
524
524
296
296
303
102
97
664
662
665
661
688
613
688
935
936
960
960
957
530
526
526
523
539
286
293
303
304
102
816
812
812
687
772
686
616
946
937
958
958
525
526
542
539
541
542
285
287
287
283
279
101
816
811
815
810
771
772
772
768
617
947
945
947
944
937
964
546
548
542
541
284
285
283
86
86
278
817
811
814
811
774
760
767
716
716
900
898
455
453
452
453
540
460
356
353
354
350
350
89
805
796
806
761
765
720
766
930
900
898
455
454
457
457
459
355
354
346
369
349
801
802
809
792
792
759
765
929
930
897
482
480
479
458
458
371
373
372
375
362
368
809
789
792
784
785
717
924
925
925
930
481
477
481
466
466
459
370
370
372
375
802
1488
792
787
786
1509
785
1510
922
923
925
477
475
468
468
482
465
466
2019
1926
378
1913
363
1487
1452
1490
1483
1485
1512
1594
925
1600
2037
2038
475
2038
2018
1926
1973
1913
1487
1488
1479
1479
1484
1513
1517
1512
1590
1354
2038
1354
2038
2040
2019
2023
1985
1924
1924
1923
1931
1983
1979
1972
1978
1467
1507
1505
1588
1590
1589
1350
2036
2044
2043
2045
2022
1988
1979
1981
1981
1467
1469
1508
1507
1507
1514
1588
1537
1352
1542
1539
1349
2047
2046
1951
1952
1967
1980
1438
1439
1508
1505
1538
1540
1305
2123
2122
2046
2138
2138
1950
1949
1967
1968
1435
1436
1448
1448
1502
1442
1502
1550
1538
1535
1536
1284
1540
2126
2121
2122
2137
2137
2136
2167
2166
2172
2169
2150
1421
1432
1420
1448
1443
1443
1443
1551
1551
1543
1286
1286
1287
2114
2129
2113
2156
2157
2156
2172
2169
2148
2171
1421
1416
1430
1427
1423
1551
1292
1281
1292
1290
2117
2114
2115
2109
2109
2111
2156
2158
2147
2148
2150
2148
1418
1419
1428
1428
1426
1423
1561
1134
1280
1281
1291
1292
2119
2118
2120
2106
2107
2159
2158
2144
2149
2143
1134
673
838
655
658
672
674
850
675
851
841
844
838
839
835
527
528
522
522
82
81
76
75
95
96
94
656
662
660
673
660
673
688
591
846
836
837
836
33
31
524
29
71
72
73
74
102
102
97
662
662
661
659
689
940
936
935
859
959
33
32
27
32
524
30
71
72
69
100
102
102
819
687
813
813
688
769
616
947
947
931
26
28
28
71
70
87
818
826
813
768
770
768
945
946
944
964
964
224
28
231
210
207
285
86
86
88
89
818
818
818
826
762
770
767
944
899
899
900
943
901
898
230
231
208
208
210
354
164
92
89
805
817
761
760
762
766
927
900
902
227
228
215
356
216
373
369
808
809
807
781
791
761
765
929
930
919
482
479
479
226
237
372
372
369
367
367
369
368
807
808
809
792
784
785
923
929
918
481
480
466
237
223
371
366
367
367
1450
1450
1449
792
1454
1455
1510
1091
1509
922
924
918
918
481
474
478
1724
236
1723
1921
1919
1919
1912
1912
1913
1452
1450
1451
1450
1454
1490
1455
1515
1512
1511
1363
1371
1353
1356
482
2037
1717
1724
1724
1926
1926
1918
1919
1907
1911
1913
1478
1452
1481
1517
1517
1364
1354
1705
1706
1722
1724
1700
1931
1908
1466
1479
1467
1479
1506
1514
1517
1362
1365
1351
1350
1350
2041
1706
1701
1701
1924
1698
1929
1930
1928
1930
1931
1979
1467
1472
1469
1468
1469
1503
1587
1516
1367
1349
2044
2044
1702
1701
1699
1928
1929
1966
1969
1982
1472
1473
1507
1501
1503
1503
1503
1367
1366
1303
1367
1351
1305
2124
2123
2122
1699
2138
1795
1967
1967
1969
1436
1500
1500
1501
1503
1503
1285
1535
1285
1284
1287
1304
1305
2115
2121
1728
2138
1727
2136
2170
2168
2169
1420
1431
1442
1135
1279
1287
1287
1289
2114
2114
2108
2109
2157
2172
2170
2172
2150
1421
1163
1427
1419
1426
1280
1277
1292
1289
2113
2110
2111
1836
1841
2156
2150
1835
1419
1158
1427
1131
1132
1133
1134
1134
1283
1282
1290
1289
2118
2112
2105
2105
2110
2105
2111
1841
1841
1840
2144
1834
1418
1281
2143
861
20
657
657
658
1009
850
852
852
846
851
845
860
861
861
20
19
20
18
82
81
75
94
74
74
97
656
658
660
1011
850
852
847
846
860
858
960
859
24
32
33
17
80
29
76
73
95
822
660
1012
1010
848
934
932
932
932
24
26
33
32
31
80
77
71
78
70
69
99
99
822
819
825
1004
939
940
940
934
933
931
962
962
25
26
3
27
30
211
70
133
134
93
87
101
822
827
825
769
1070
939
942
942
944
941
933
965
963
225
225
209
212
212
88
88
90
826
824
826
1100
770
766
942
913
904
965
904
965
224
231
231
210
208
210
213
214
164
93
91
824
806
823
761
1101
760
1103
927
913
912
902
226
229
230
218
207
221
216
163
164
92
91
807
777
806
781
781
1102
1093
927
928
901
232
237
229
239
223
169
160
777
781
783
790
1093
1091
928
920
914
233
233
233
237
240
238
222
161
162
1463
1453
1454
1456
1091
1091
923
921
918
919
915
915
915
234
238
1723
1917
1921
1919
1920
1921
1912
1452
1454
1456
1515
1373
1374
1372
1354
1356
1717
1716
1724
1916
1916
1922
1922
1910
1475
1480
1481
1481
1362
1363
1374
1365
1371
1355
1358
1356
1705
1704
1706
1724
1924
1925
1927
1907
1906
1908
1908
1475
1482
1477
1482
1482
1516
1216
1370
1364
1357
1346
1705
1706
1701
1700
1928
1931
1904
1908
1471
1468
1506
1219
1370
1370
1369
1352
1352
2041
1703
1698
1697
1693
1794
1904
1794
1903
1969
1904
1471
1472
1473
1168
1469
1217
1220
1223
1367
1302
1304
1305
2121
1310
1730
1732
1726
1728
1725
1795
1796
1797
1796
1802
1810
1159
1162
1169
1169
1220
1303
1248
1309
1772
1730
1729
1726
1797
1797
2171
1807
1968
1163
1163
1164
1165
1135
1124
1279
1278
1279
1303
1296
1310
1772
1774
2109
1728
1728
1764
1844
1843
1829
1806
1158
1165
1157
1132
1131
1136
1137
1283
1137
1279
1296
1298
1298
2113
2113
1773
1768
1774
1767
1763
1844
1843
1834
1835
1158
1157
1132
1132
1130
1136
1283
1276
1283
1282
1277
1288
1298
1289
1297
2118
1773
1769
1770
1768
1770
1836
1837
1837
1841
1839
1833
1832
1834
1833
1834
22
108
655
1015
1016
1009
1011
852
847
846
854
853
853
861
22
20
18
83
83
85
84
85
74
110
108
106
107
1016
1015
1011
1010
848
847
857
857
23
856
24
21
22
9
79
85
80
85
78
108
98
105
820
1013
1013
1011
1007
1007
847
858
932
23
5
24
4
4
8
8
15
15
77
134
99
132
820
825
980
1012
1005
1070
1070
1005
888
933
962
2
3
1
80
134
133
212
135
132
99
822
821
827
981
1004
978
1069
1071
942
938
933
963
26
268
3
268
267
270
211
166
132
132
90
821
979
1100
978
1099
1100
1070
906
1071
905
913
913
911
965
904
227
218
217
214
213
166
165
91
165
91
824
824
1103
1103
1102
906
913
905
913
909
903
226
226
266
272
229
215
218
216
171
164
159
160
779
776
780
783
1087
1093
1086
912
910
917
232
228
240
239
223
220
222
186
169
170
161
160
160
777
777
1090
1094
921
920
914
917
917
235
235
240
239
219
219
223
187
187
169
158
157
162
1465
1464
1460
783
1094
1092
916
917
235
234
238
1917
1921
1910
1920
1909
1465
1465
1462
1465
1460
1456
1209
1373
1378
1373
1374
1374
1361
1666
1356
1717
1719
1719
1721
1916
1916
1915
1897
1905
1905
1462
1474
1461
1462
1476
1482
1209
1210
1368
1379
1372
1361
1358
1714
1717
1718
1721
1720
1914
1915
1898
1906
1899
1475
1475
1184
1216
1210
1214
1369
1369
1359
1357
1358
1703
1715
1713
1693
1708
1692
1692
1928
1902
1903
1902
1900
1477
1472
1471
1477
1482
1215
1216
1223
1370
1348
1347
1347
1346
1348
1703
1346
1712
1702
1731
1693
1696
1902
1904
1160
1172
1171
1220
1172
1219
1222
1249
1222
1310
1347
1347
1730
1731
1732
1732
1697
1697
1697
1797
1796
1803
1803
1808
1809
1159
1168
1170
1123
1221
1221
1247
1249
1302
1308
1310
1309
1772
1730
1732
1727
1801
1803
1808
1806
1807
1162
1161
1162
1167
1169
1122
1122
1123
1248
1246
1295
1296
1295
1293
1306
1772
1775
1763
1842
1844
1829
1802
1831
1161
1163
1167
1164
1130
1121
1137
1251
1277
1299
1296
1298
1773
1775
1774
1768
1764
1837
1843
1828
1829
1829
1155
1156
1158
1117
1129
1130
1137
1251
1276
1299
1301
1300
1779
1774
1769
1768
1836
1767
1839
1766
1844
1832
1833
1025
1023
1016
1015
1008
896
895
893
856
855
22
7
17
56
59
58
110
110
104
1024
1024
1014
1016
1008
896
896
894
894
854
856
855
7
9
10
54
84
123
122
106
105
1014
1013
1006
1006
1007
889
888
890
889
854
6
5
9
16
15
53
135
135
125
125
975
1005
956
956
954
3
2
1
12
15
14
14
137
137
131
129
130
124
976
982
980
981
981
1072
1072
955
956
949
1
274
275
268
270
212
195
205
136
166
130
979
979
1100
1071
1071
1073
955
907
908
948
948
266
268
274
269
270
168
145
130
994
994
999
1098
1101
1097
1087
906
1086
908
910
904
265
265
272
272
270
253
254
218
168
166
143
144
779
998
997
998
1098
1103
1088
910
909
264
254
254
188
185
170
188
171
157
157
159
779
779
783
1098
1089
1089
1086
1094
1065
1045
1044
240
256
187
170
158
156
156
1464
1464
1458
1458
1457
1207
1094
1064
1046
1046
1666
235
1719
220
1883
1880
1910
157
1910
155
1459
1460
1460
1186
1208
1377
1379
1360
1361
1666
1664
1719
1721
1883
1914
1885
1898
1462
1182
1185
1185
1210
1209
1378
1379
1360
1361
1322
1715
1715
1709
1708
1721
1885
1915
1898
1898
1900
1477
1182
1184
1216
1214
1376
1368
1321
1359
1346
1715
1713
1710
1710
1693
1691
1871
1872
1897
1899
1151
1183
1217
1213
1329
1329
1345
1734
1712
1711
1695
1799
1902
1872
1901
1152
1172
1218
1218
1223
1223
1331
1247
1330
1736
1735
1736
1695
1696
1695
1801
1800
1805
1808
1809
1160
1170
1172
1171
1123
1222
1247
1247
1307
1308
1736
1735
1739
1738
1801
1805
1810
1804
1809
1166
1167
1166
1122
1122
1123
1256
1246
1294
1294
1294
1307
1782
1781
1781
1771
1761
1738
1761
1862
1862
1831
1830
1156
1160
1167
1117
1116
1128
1130
1124
1128
1250
1250
1301
1301
1272
1293
1778
1780
1762
1762
1760
1761
1759
1765
1861
1861
1856
1855
1831
1831
1155
1113
1119
1117
1125
1125
1251
1251
1301
1300
1779
1778
1779
1777
1760
1765
1766
1766
1859
1857
1855
1272
37
1025
1023
1023
1033
1031
1033
1034
880
895
893
893
865
7
35
10
34
55
35
59
55
59
110
103
106
104
1022
1034
1007
1034
896
891
894
892
876
862
856
36
11
56
59
58
110
122
106
974
1024
1022
1001
1003
1029
1000
891
891
876
878
7
11
13
13
54
53
123
125
126
125
975
974
975
982
1003
1000
891
1075
871
954
877
878
949
877
1
11
0
12
13
16
51
54
52
137
137
126
127
977
977
981
970
1075
956
954
948
949
261
273
273
273
194
194
205
136
143
141
128
129
139
994
971
1097
1074
1074
908
953
953
951
274
266
259
274
275
272
197
197
205
143
145
141
997
999
998
1098
1095
1096
1073
907
1050
263
263
266
253
252
251
195
185
197
168
142
144
145
996
998
995
1088
1096
1086
1065
1048
1048
1050
1050
264
262
255
257
252
184
186
185
170
143
147
147
1458
1203
1064
1066
1047
1048
1045
1044
1051
1043
255
257
257
183
187
181
149
156
1458
1203
1202
1068
1067
1068
1065
1324
1045
1324
1045
1667
1044
1044
1667
1665
1670
182
1680
183
1883
1881
1881
1881
1893
156
1195
1203
1208
1068
1377
1323
1320
1665
1671
1664
1679
1678
1880
1887
1884
1893
1181
1182
1186
1187
1189
1189
1208
1212
1214
1227
1379
1375
1376
1375
1322
1667
1672
1678
1710
1678
1677
1885
1885
1878
1892
1178
1178
1182
1189
1211
1211
1214
1376
1321
1322
1322
1714
1712
1710
1709
1708
1686
1867
1874
1879
1878
1177
1178
1184
1218
1241
1338
1336
1328
1334
1712
1694
1871
1874
1874
1879
1874
1150
1150
1154
1151
1154
1153
1236
1239
1241
1339
1331
1331
1331
1329
1329
1334
1335
1733
1733
1734
1740
1695
1800
1799
1799
1809
1152
1154
1147
1147
1238
1256
1242
1245
1242
1243
1333
1335
1782
1736
1740
1738
1737
1801
1805
1824
1824
1143
1152
1146
1107
1107
1255
1243
1242
1268
1306
1784
1783
1782
1741
1761
1741
1741
1738
1862
1860
1805
1812
1822
1823
1120
1119
1117
1127
1106
1128
1255
1275
1268
1776
1781
1788
1776
1759
1862
1857
1854
1855
1857
1853
1113
1112
1119
1118
1128
1126
1253
1252
1252
1275
1272
1272
1777
1785
1788
1760
1859
1858
1859
1859
1856
1855
1850
1118
1031
40
1021
1022
1032
1033
880
881
882
881
865
865
36
37
34
35
41
57
59
116
115
109
119
1025
1022
1018
1017
1028
887
886
881
887
881
893
863
36
43
41
43
57
59
67
121
117
119
968
1017
1002
1003
1029
1001
887
871
890
878
873
863
49
48
62
63
52
52
128
127
969
973
1003
870
952
871
875
878
49
47
60
51
120
120
128
128
977
976
971
970
1075
1085
1084
953
953
950
261
261
271
196
194
140
990
992
972
992
1083
1079
1085
950
258
259
258
196
196
206
206
141
141
139
994
993
991
992
1096
1095
1080
1063
1080
1049
1049
263
251
197
203
206
152
152
154
996
995
1096
1063
1057
1051
1050
1041
263
241
250
246
250
252
257
175
185
176
176
151
153
153
153
996
1193
1191
1066
1066
1051
1051
1042
1042
1042
246
248
256
183
180
180
177
147
147
1195
1194
1203
1068
1067
1040
1669
1669
1680
182
183
181
1895
146
1896
1195
1188
1205
1207
1205
1324
1324
1320
1668
1672
1671
1670
1672
1679
1883
1887
1886
1887
1895
1893
1893
1197
1187
1189
1189
1232
1230
1227
1325
1320
1663
1672
1680
1674
1678
1887
1868
1878
1877
1178
1180
1184
1212
1189
1230
1229
1336
1337
1313
1316
1661
1660
1687
1689
1688
1868
1868
1873
1877
1873
1879
1180
1180
1236
1240
1241
1336
1338
1336
1333
1334
1748
1687
1689
1689
1867
1870
1879
1144
1153
1149
1148
1236
1240
1241
1241
1342
1339
1330
1341
1334
1748
1332
1749
1743
1742
1744
1814
1814
1814
1825
1827
1826
1827
1143
1154
1147
1238
1238
1258
1244
1244
1270
1333
1783
1739
1741
1743
1813
1812
1825
1823
1824
1147
1115
1140
1141
1107
1257
1258
1257
1258
1242
1267
1783
1784
1740
1752
1757
1756
1822
1851
1853
1824
1113
1119
1107
1106
1105
1255
1264
1263
1268
1268
1791
1781
1787
1753
1860
1846
1851
1852
1852
1113
1115
1120
1104
1126
1253
1274
1275
1275
1275
1275
1273
1789
1786
1752
1751
1750
1847
1846
1849
1850
1785
882
1020
1031
38
36
39
39
41
41
66
65
65
66
116
119
115
1019
1028
1034
880
885
869
863
862
38
48
63
64
68
113
118
119
1017
1017
1029
1028
886
887
873
877
867
50
50
62
68
120
117
968
967
968
969
1027
1085
873
871
875
866
47
60
193
121
118
967
969
972
973
1082
1085
1053
875
874
261
47
196
190
203
199
200
139
990
989
992
1082
1085
1085
1053
1055
951
242
204
203
203
200
138
988
988
986
983
1079
1078
1080
1057
1052
1056
1035
259
242
250
192
204
154
153
988
984
1061
1056
1057
1036
244
248
247
252
175
151
987
983
1060
1061
1040
1039
1041
246
247
175
175
177
149
151
1193
1191
1204
1206
1206
1327
1327
1040
246
245
1662
248
174
1889
181
1895
149
1195
1197
1191
1205
1227
1227
1326
1327
1669
1669
1673
1676
1674
1674
1896
1896
1891
1197
1197
1226
1325
1326
1658
1658
1662
1673
1674
1686
1894
1894
1890
1174
1179
1180
1188
1176
1198
1232
1232
1231
1314
1315
1315
1660
1663
1684
1686
1866
1869
1876
1174
1176
1176
1235
1231
1229
1342
1337
1316
1315
1661
1749
1682
1689
1870
1866
1869
1875
1875
1149
1148
1236
1240
1342
1333
1318
1748
1742
1745
1688
1744
1870
1870
1826
1826
1145
1149
1238
1245
1341
1269
1341
1748
1743
1745
1756
1814
1811
1827
1139
1140
1141
1105
1258
1266
1266
1264
1270
1270
1783
1793
1757
1812
1821
1822
1822
1820
1115
1257
1254
1264
1263
1269
1790
1793
1786
1788
1758
1753
1851
1846
1845
1852
1114
1115
1104
1111
1274
1273
1789
1790
1788
1750
1750
1846
1848
1849
1850
1261
1018
879
880
864
113
112
1019
865
65
68
1029
1027
885
869
63
873
867
49
42
114
117
967
985
1084
47
189
202
200
1082
875
260
200
139
990
983
1078
1053
244
191
192
199
150
983
1061
1060
1058
1053
1038
244
241
192
176
179
1193
984
1206
1060
1038
173
1190
1206
1037
172
1891
148
1191
1225
1225
1327
1656
1676
1675
1676
1175
1199
1232
1228
1225
1313
1311
1658
1685
1864
1173
1682
1659
1684
1682
1686
1865
1864
1890
1234
1344
1344
1663
1866
1876
1176
1229
1343
1318
1681
1744
1815
1140
1234
1265
1318
1747
1745
1816
1825
1145
1139
1105
1266
1270
1793
1758
1818
1812
1819
1139
1266
1260
1793
1758
1847
1111
1260
1751
1848
1020
42
68
113
50
973
1081
872
120
242
189
190
989
986
1055
1057
151
1040
149
1896
1199
1894
1199
1196
1312
1657
1675
1314
1684
1234
1876
1816
1145
1341
1757
1755
1758
1819
1261
1273
40
112
39
67
966
884
119
50
201
1055
985
1054
199
1062
191
172
177
1224
1327
1656
1890
1198
1229
1864
1866
1144
1344
1682
1237
1317
1818
1265
1792
1793
1109
1260
1791
1755
1848
1852
1030
65
869
61
61
114
967
46
1055
201
1077
192
179
988
1059
1036
1035
248
1038
1327
1658
1683
1315
1318
1141
1747
1110
1754
1820
1111
1786
1750
883
869
867
44
113
884
867
1082
178
989
1078
244
179
173
1192
1193
1038
1676
1889
1890
1196
1225
1311
1174
1233
1343
1174
1234
1343
1816
1108
1139
1111
1262
1790
1755
883
868
2039
2039
112
1026
1026
707
2042
1078
45
45
178
1059
1062
1058
1200
179
1200
1657
1201
1201
1657
1889
1312
1863
1659
1684
763
1317
1815
1818
1747
1138
1142
1108
1755
1818
1109
1262
778
764
2040
45
111
111
2042
2042
1076
45
1076
1960
1838
1960
782
243
1690
1691
764
301
1838
1882
302
1962
1142
1962
435
1817
302
