224
53
57
41
89
33
31
56
61
61
59
59
53
52
54
51
51
56
62
53
54
51
56
62
62
59
53
52
52
54
54
51
51
57
62
59
59
52
52
45
46
58
62
59
52
43
45
45
45
57
58
69
44
44
43
45
46
63
64
67
69
68
44
43
46
63
63
63
64
67
68
44
44
43
48
46
48
48
63
64
67
67
68
36
39
85
85
68
104
104
36
39
40
85
85
86
86
104
36
36
39
41
85
86
102
102
37
39
40
40
85
86
102
86
102
102
37
37
35
40
41
85
90
100
100
102
102
41
41
89
90
100
100
33
33
33
32
89
89
90
100
100
110
110
33
32
88
87
87
111
111
111
33
88
87
108
87
111
34
34
31
31
88
87
108
111
111
111
34
31
61
61
53
54
54
51
51
56
61
59
53
54
56
62
59
53
53
52
52
51
51
57
57
62
59
59
69
51
46
57
69
69
52
43
45
63
67
67
69
44
43
45
46
65
67
69
44
44
43
45
64
67
68
64
64
68
68
68
68
36
36
39
48
63
64
68
36
36
39
39
40
48
86
86
104
36
40
48
85
85
86
102
104
104
37
40
41
85
102
102
102
37
40
89
90
86
102
37
102
37
40
40
90
100
100
102
33
32
32
90
87
100
110
110
34
33
32
89
87
100
110
34
31
31
88
111
111
87
108
108
108
111
34
34
31
56
56
61
59
59
54
51
51
56
61
59
53
52
51
57
56
62
62
62
59
51
51
57
58
59
52
52
54
45
57
57
58
62
69
52
44
43
46
46
63
57
67
69
44
63
67
68
44
44
43
45
45
46
46
63
64
64
67
67
68
44
44
43
43
48
48
48
63
39
48
63
64
67
104
104
36
39
48
85
85
85
86
68
104
104
36
39
40
85
86
104
37
37
40
41
85
86
102
102
103
37
37
90
90
100
102
40
41
41
89
90
100
110
32
89
100
110
33
32
31
89
88
100
110
111
34
31
31
88
88
87
108
111
34
34
31
88
108
111
34
31
56
61
61
61
59
53
53
54
54
56
56
62
59
59
53
54
51
51
51
57
56
62
59
53
52
54
51
62
59
52
52
45
51
58
67
69
69
52
43
46
57
69
44
44
43
45
68
44
43
45
46
46
63
64
67
68
44
48
48
48
64
64
67
68
68
36
48
39
48
63
64
64
104
36
39
48
48
85
85
86
86
104
36
36
39
41
85
85
86
104
104
37
39
40
40
85
103
37
40
90
99
99
37
32
40
32
41
89
90
90
99
35
33
33
32
32
41
89
87
90
100
110
110
110
33
32
89
87
100
110
34
33
32
32
87
87
108
111
34
34
31
31
31
88
87
87
108
108
108
111
34
31
31
56
56
61
59
55
53
54
51
51
56
61
61
59
53
54
54
59
53
53
54
54
50
50
58
52
53
46
57
57
58
58
62
69
69
44
44
55
45
63
58
65
67
44
44
45
45
46
46
46
63
65
69
43
43
47
65
68
44
43
43
46
63
64
67
68
68
68
36
36
48
48
39
41
85
85
86
103
103
36
36
40
86
86
102
103
37
40
85
99
102
101
37
37
40
40
41
90
86
86
99
102
102
35
41
100
110
33
32
89
90
100
110
111
32
31
100
111
31
88
88
87
108
110
34
32
31
87
108
108
34
34
34
31
56
61
61
59
59
55
54
54
54
54
54
50
56
61
61
61
60
53
53
54
54
50
58
60
59
53
53
51
50
57
58
59
55
45
58
58
42
43
45
46
46
57
65
66
66
44
42
44
45
63
64
66
67
69
44
43
43
45
46
63
63
65
64
67
69
68
43
48
48
63
63
64
67
39
48
48
48
84
64
64
68
104
104
36
36
39
84
104
103
36
37
39
40
41
41
85
86
86
84
104
103
37
41
41
89
85
86
99
101
103
35
37
86
86
99
102
35
89
89
90
99
100
110
110
33
33
32
30
89
89
87
99
33
32
32
87
109
111
34
89
87
108
109
110
111
31
31
88
88
88
87
108
108
108
34
34
31
56
61
55
51
51
50
56
61
61
60
50
58
62
62
62
53
55
55
57
58
62
60
52
53
55
55
55
51
50
57
69
52
52
57
58
67
42
42
45
46
63
65
66
66
69
46
63
65
64
64
67
67
43
47
47
47
64
68
36
39
47
47
104
104
103
39
48
47
84
104
104
37
39
40
84
37
39
38
86
99
102
103
101
101
35
40
30
90
90
99
102
101
35
40
100
99
110
30
89
90
90
87
100
110
110
33
33
32
32
29
89
109
109
110
34
32
29
88
88
111
34
31
88
87
108
109
111
111
34
34
31
56
61
61
60
60
50
50
56
61
60
60
60
53
55
55
50
57
58
62
55
50
50
50
57
60
60
52
53
55
50
57
58
58
62
58
60
52
65
66
66
66
69
69
45
45
46
46
63
65
65
69
42
43
42
42
66
66
69
43
47
65
67
68
36
36
39
47
65
67
104
103
103
37
39
38
41
84
84
104
104
103
103
103
37
38
41
41
89
84
101
37
38
38
41
85
84
84
102
101
101
35
30
30
30
99
99
101
101
35
33
35
30
30
90
90
90
99
99
110
33
30
30
89
90
100
110
33
33
89
89
87
87
110
33
29
88
87
109
111
111
31
29
109
111
111
29
29
56
56
61
60
60
60
55
55
55
49
50
49
60
55
50
58
58
61
60
60
55
50
50
50
57
58
62
60
52
55
50
57
58
60
60
42
42
42
45
45
47
57
65
65
66
66
42
66
66
69
42
42
47
65
65
66
69
38
47
47
65
65
65
65
66
39
38
47
84
65
103
103
103
37
38
38
84
84
84
84
103
38
38
41
41
84
84
84
101
35
38
38
96
84
101
101
35
30
30
96
101
35
35
30
30
96
99
99
99
101
35
30
30
89
96
96
99
109
109
33
29
29
88
99
99
99
109
109
109
32
88
108
108
109
109
29
29
29
29
88
88
88
108
109
111
29
29
29
60
55
55
49
49
49
56
80
60
60
60
81
55
55
49
80
76
76
52
55
49
50
71
80
62
76
76
49
50
50
62
42
72
66
76
42
42
47
47
71
66
66
42
42
42
47
47
65
65
65
66
66
69
69
38
38
38
47
47
65
66
38
38
38
38
47
94
65
100
103
103
35
38
47
94
84
103
103
35
38
38
38
4
41
96
94
95
84
84
5
38
96
96
84
101
101
35
35
35
30
30
96
96
101
35
35
30
30
30
3
96
96
30
30
30
3
96
99
107
109
29
96
96
109
109
29
29
88
109
109
109
29
29
29
88
108
109
109
109
29
3
81
80
80
76
81
81
55
55
49
49
81
80
81
81
49
49
49
81
80
76
76
21
49
49
49
72
75
21
49
28
72
72
71
76
76
76
76
42
49
49
49
47
28
72
71
76
76
76
42
47
72
72
71
71
71
75
76
42
42
42
72
72
71
75
38
42
1
71
66
66
66
2
38
1
94
94
100
103
2
94
95
84
35
35
1
1
4
84
101
103
35
0
4
4
4
95
95
101
101
0
5
3
96
96
96
99
101
0
5
3
96
107
107
105
105
5
5
3
96
96
97
99
107
107
107
30
3
97
107
5
29
29
97
97
109
105
97
108
109
105
105
29
3
3
81
81
80
80
82
81
81
81
21
49
49
80
82
81
81
21
21
49
49
49
81
80
80
80
80
75
21
28
80
76
76
76
21
21
49
28
72
72
71
76
21
21
21
28
28
72
72
75
76
76
21
18
47
28
72
71
75
75
75
75
1
71
71
75
17
1
1
1
94
71
73
2
1
1
1
1
1
94
95
98
98
2
1
4
1
4
1
94
94
95
98
2
2
2
1
4
4
4
95
98
98
0
5
4
94
95
95
101
98
0
5
5
4
95
105
105
0
5
5
5
94
95
107
105
5
5
3
3
96
107
107
105
105
5
5
3
3
3
96
96
97
97
107
107
105
5
3
3
97
97
97
97
107
105
105
6
6
3
97
97
105
105
105
3
81
83
82
21
21
21
28
81
82
82
82
82
23
21
28
28
80
80
82
76
21
28
28
80
80
80
75
76
21
21
21
28
28
28
28
72
72
75
75
76
18
18
72
72
72
75
75
21
21
18
18
28
72
72
72
75
75
74
17
17
18
18
28
71
75
17
17
1
1
1
1
71
71
73
1
94
94
71
73
98
2
2
2
1
94
95
95
98
98
98
98
4
4
4
94
98
0
2
4
4
94
94
98
0
0
4
94
94
101
105
0
5
3
3
96
95
101
105
5
5
97
97
107
105
5
5
3
3
3
97
97
107
107
105
6
6
97
97
97
107
107
105
105
105
6
6
97
97
107
107
105
6
6
81
81
81
83
83
83
82
82
23
21
28
83
82
82
82
23
23
28
28
82
82
23
21
23
28
80
80
75
76
21
23
80
80
72
75
74
18
18
18
18
18
28
28
72
72
75
74
74
18
18
18
72
72
74
17
17
18
28
70
71
73
74
17
17
18
73
73
74
98
17
17
17
1
1
70
95
71
2
2
14
1
94
94
95
95
98
98
2
2
4
94
95
95
98
0
4
4
4
4
94
92
98
98
98
0
0
0
2
4
94
92
92
98
0
5
5
3
92
92
107
0
5
5
3
97
97
92
13
6
97
93
107
107
13
6
6
6
93
93
106
105
6
6
6
97
106
12
6
70
81
83
83
82
23
23
23
23
27
27
81
83
83
82
23
23
81
81
82
82
23
23
27
80
79
79
75
26
27
27
79
18
26
27
70
75
75
74
18
18
18
19
70
73
75
74
74
17
17
17
19
19
70
71
73
74
17
17
19
14
70
70
71
73
73
74
74
19
14
73
17
2
14
95
95
98
2
2
2
14
91
91
95
95
0
2
92
0
2
4
92
0
0
0
5
7
91
92
92
92
93
92
13
13
6
92
93
10
12
7
6
93
107
107
13
6
93
93
93
106
12
12
6
93
106
106
12
12
12
6
83
83
22
23
23
23
27
27
27
77
83
22
23
23
27
27
27
77
83
82
82
23
26
77
79
79
18
23
26
26
27
77
79
79
79
82
18
18
18
26
70
79
74
18
19
70
70
70
70
74
74
19
19
19
19
70
70
73
74
74
17
19
19
19
19
70
71
73
73
74
17
20
14
71
73
74
2
2
14
14
70
95
73
95
95
98
0
11
14
91
92
98
0
0
11
7
14
14
92
92
92
92
7
7
6
91
92
92
10
10
10
11
93
10
7
7
6
91
91
93
92
93
93
93
93
13
13
13
8
6
91
91
93
93
106
106
13
12
8
8
8
93
106
106
106
13
8
91
91
106
8
8
8
77
83
22
22
26
27
27
77
77
83
83
22
26
27
77
77
79
79
79
22
23
23
26
27
27
77
79
82
23
26
26
26
26
27
78
79
82
82
17
78
78
17
17
17
70
70
74
20
19
19
19
73
73
20
20
19
19
19
70
73
73
73
19
14
70
70
73
73
20
11
14
130
129
73
11
11
11
14
130
98
98
7
91
11
11
11
7
14
92
92
10
7
7
7
6
91
91
131
92
93
10
13
7
91
91
13
13
7
8
91
93
93
106
13
13
8
8
91
93
106
106
13
13
12
8
8
8
91
106
106
106
106
106
13
12
8
77
77
83
83
83
83
22
26
77
79
79
83
22
22
27
27
27
77
79
83
22
22
22
26
26
25
78
78
22
25
78
78
79
22
22
26
25
25
25
70
78
78
78
74
74
20
17
19
25
25
70
78
78
78
20
20
20
19
130
130
78
78
74
20
19
19
129
73
15
14
129
73
20
20
11
15
15
130
130
130
11
11
11
11
16
14
130
130
131
11
11
15
14
14
131
131
131
10
11
16
14
131
92
10
10
10
7
9
131
131
10
13
13
7
9
91
127
127
93
13
13
13
9
9
91
93
93
106
12
13
13
8
91
106
106
106
106
13
12
8
8
91
106
106
106
13
12
12
12
8
8
83
22
22
26
27
24
77
83
83
22
22
26
27
77
79
151
22
22
22
25
27
77
78
151
22
22
26
25
70
78
151
151
22
25
25
78
78
151
20
20
20
25
25
78
78
78
151
74
20
20
20
130
78
20
20
20
20
15
15
130
130
129
153
153
20
15
130
129
153
153
11
16
153
131
153
11
16
15
15
15
130
130
131
131
131
131
11
11
16
16
14
130
130
10
16
16
16
16
131
131
131
10
10
11
16
9
91
131
131
10
10
9
9
9
127
131
10
10
12
9
9
9
9
127
127
10
12
12
9
9
8
127
127
91
126
12
9
8
8
127
127
127
127
126
126
12
8
146
79
79
22
22
160
159
26
26
24
79
79
83
160
160
159
25
25
77
77
79
151
151
160
26
27
77
79
160
26
25
25
25
78
151
156
159
26
25
147
78
151
151
151
25
25
147
147
78
156
156
20
129
129
153
153
20
15
130
153
153
153
153
16
15
15
15
129
129
16
15
15
130
130
129
16
16
15
15
14
130
130
130
129
153
11
16
16
132
11
16
16
16
16
14
132
132
131
10
118
16
9
131
131
10
10
118
9
128
127
127
12
9
127
10
10
12
9
9
9
9
127
127
127
127
12
9
8
128
127
126
126
12
12
9
7
146
79
150
160
25
24
146
79
150
160
159
159
25
25
24
150
160
24
77
77
151
151
151
151
160
24
147
147
151
159
157
24
147
148
148
148
148
151
156
156
159
157
157
157
147
151
156
156
20
15
157
148
148
152
153
153
156
156
15
148
153
153
156
15
15
15
130
129
129
129
129
153
153
15
15
15
129
129
153
153
153
153
16
16
122
130
129
129
122
122
122
16
117
130
132
129
129
129
123
122
132
132
122
16
7
132
132
122
122
118
118
9
7
128
127
126
118
118
118
9
128
128
126
126
118
118
7
128
127
127
126
126
118
115
127
127
126
118
115
7
7
7
146
150
160
160
159
159
24
146
146
150
150
150
150
160
24
24
77
150
150
160
160
159
24
77
150
151
160
159
159
24
24
147
147
147
151
151
151
151
155
159
157
147
148
151
151
155
155
157
157
148
149
152
152
155
156
157
157
148
148
148
152
152
156
156
157
148
152
153
156
157
15
129
152
153
153
156
156
156
158
129
122
221
221
132
132
129
221
132
132
123
122
122
122
117
223
132
123
123
122
122
118
117
223
128
132
128
132
131
122
122
122
118
118
118
223
128
128
127
123
122
118
223
118
126
126
126
118
118
115
7
128
128
128
126
112
118
7
128
128
126
126
112
112
112
115
115
115
146
146
146
150
160
160
160
159
159
159
24
150
150
160
160
159
24
146
150
150
166
160
160
159
159
159
24
147
150
150
150
160
159
159
24
147
148
151
150
166
159
157
157
157
148
152
155
155
155
157
148
148
149
155
152
155
155
155
157
157
148
149
152
156
155
155
157
157
149
149
152
156
156
156
147
152
152
158
221
221
132
132
152
152
154
156
158
122
158
220
221
221
132
132
132
152
125
125
125
223
221
132
132
125
125
122
223
223
132
123
123
123
122
117
117
223
128
128
132
126
132
123
122
118
223
223
128
128
126
117
118
223
128
128
126
126
112
118
118
115
115
128
126
126
112
112
118
115
115
128
126
112
112
115
115
115
146
146
140
140
160
24
146
150
166
160
158
24
146
166
166
166
160
159
24
24
146
147
150
166
166
159
150
150
166
166
165
165
148
145
148
152
155
155
157
157
157
148
148
148
149
152
155
155
157
158
148
149
149
149
152
152
154
156
155
147
149
149
149
149
154
156
156
158
221
149
152
154
154
158
220
221
132
133
149
154
154
220
221
132
132
125
125
125
125
220
133
125
125
122
117
117
220
123
123
122
117
117
223
220
123
123
123
122
117
117
223
223
138
123
114
117
116
223
128
139
126
112
112
118
117
115
115
138
128
139
114
118
115
115
115
128
139
139
139
112
112
112
112
115
115
115
115
24
146
146
146
140
166
166
158
158
24
146
140
166
166
24
146
146
140
166
166
158
24
145
145
146
140
165
158
24
145
145
166
165
165
165
165
157
145
152
152
166
155
158
145
148
149
152
152
154
155
155
158
149
154
155
158
149
149
154
155
221
147
149
149
149
154
154
154
220
220
220
221
133
149
154
154
154
220
133
133
125
125
125
154
113
117
220
220
220
138
133
125
113
117
220
220
220
138
138
123
123
125
117
117
117
223
223
138
123
123
117
117
223
138
138
139
123
112
117
117
116
223
138
114
116
116
223
138
139
112
116
116
115
139
112
112
114
116
116
115
146
140
166
164
164
146
146
140
166
166
164
164
164
158
197
145
145
166
164
165
197
145
145
166
164
145
143
143
167
166
165
165
158
158
145
145
143
143
167
165
165
158
143
143
154
165
155
158
158
144
144
149
143
154
161
155
155
201
201
158
158
147
147
149
154
154
201
147
147
149
154
154
161
147
133
125
154
113
220
220
220
220
220
221
133
125
125
125
113
113
220
220
133
133
133
125
113
117
220
138
123
125
125
114
113
223
223
222
138
134
123
124
124
114
117
223
222
138
138
138
123
124
114
223
139
139
139
139
112
114
114
113
116
116
138
138
139
139
139
112
114
114
116
116
116
222
138
139
139
139
112
114
114
114
116
116
116
141
141
140
140
140
140
167
167
164
164
197
164
164
164
197
141
141
140
140
166
164
164
164
197
197
145
145
140
167
167
164
165
197
145
145
167
164
165
165
165
165
145
145
145
143
144
143
143
165
165
158
144
143
165
161
165
158
144
144
143
143
143
143
161
158
144
143
154
161
161
201
201
201
147
144
144
161
161
201
221
221
133
133
125
161
201
221
221
133
133
125
113
220
221
133
133
133
125
113
220
222
134
113
223
222
134
123
124
113
113
223
138
123
124
124
113
113
116
223
222
138
139
123
114
114
113
113
116
222
138
138
138
139
112
114
114
114
113
116
222
222
138
112
114
114
222
141
140
140
140
167
167
164
164
197
197
141
141
141
140
167
164
197
141
140
140
167
164
197
197
197
142
140
167
167
167
167
164
145
145
142
143
162
162
167
167
197
197
145
143
143
143
162
167
165
202
202
202
144
144
143
143
143
162
161
165
202
144
144
144
161
161
161
201
144
144
161
161
161
202
202
147
147
144
144
161
161
201
201
202
221
133
133
125
161
201
221
221
133
133
119
119
119
161
219
221
221
135
119
119
113
219
219
135
135
135
135
124
124
124
119
119
113
217
219
222
135
135
135
124
124
124
116
222
219
222
135
135
139
124
124
113
138
139
137
112
113
113
116
137
137
114
113
116
116
222
138
139
137
137
114
114
116
116
222
141
141
142
140
167
167
167
197
141
141
141
142
167
197
197
197
141
142
142
140
167
167
167
141
141
142
140
162
162
197
142
142
162
167
163
164
165
143
162
162
163
165
202
145
144
143
162
163
161
202
202
202
0
144
144
144
162
161
161
202
144
144
144
161
201
201
202
202
120
161
201
202
133
121
121
119
161
201
221
221
135
133
121
119
217
201
135
135
135
119
119
119
119
217
219
121
124
219
222
135
135
135
217
134
135
137
124
124
211
217
222
134
136
136
137
137
137
124
124
113
211
217
222
139
114
116
217
139
139
136
137
137
137
137
211
217
222
141
141
186
142
142
207
197
197
141
141
142
142
198
198
197
198
141
142
142
162
167
163
198
197
197
198
142
142
142
162
164
164
196
142
142
142
162
198
196
196
143
162
163
163
163
163
202
202
196
192
120
120
162
162
201
202
202
192
120
120
120
201
202
202
202
202
192
121
121
201
200
200
202
133
121
121
120
119
200
201
201
201
135
121
121
119
119
217
219
219
135
135
135
121
119
217
219
135
121
121
119
119
217
217
217
219
219
219
134
134
136
121
124
217
219
134
136
136
124
217
222
137
137
124
211
211
211
217
222
134
136
137
137
137
211
211
211
217
217
222
136
137
137
211
217
217
217
217
141
186
188
162
108
207
198
198
198
186
188
188
188
162
198
198
141
141
186
185
162
198
198
198
198
142
142
185
162
163
163
163
198
198
198
192
142
162
163
163
198
198
196
142
192
192
162
163
199
196
192
192
192
162
163
163
163
201
202
202
192
120
120
120
163
201
200
192
192
120
120
120
120
120
200
192
193
120
120
120
200
200
200
193
193
121
200
193
193
193
135
121
121
121
119
218
218
219
219
134
135
121
121
119
218
219
134
135
136
136
119
119
119
218
218
218
218
213
134
134
136
124
124
210
218
218
218
218
219
134
136
121
180
211
218
218
136
211
211
211
217
218
134
136
137
180
211
222
222
134
136
136
137
211
211
211
217
141
186
188
207
206
206
206
198
186
186
188
188
206
198
186
186
188
187
207
198
142
185
188
188
187
198
196
195
185
163
163
163
198
196
196
192
185
185
163
163
199
196
192
192
192
185
120
199
196
196
196
192
120
163
199
199
199
200
196
192
193
120
120
120
120
200
200
192
193
193
121
121
121
199
200
200
200
200
172
121
199
200
200
193
172
121
119
200
200
219
219
193
170
172
136
172
218
218
219
219
172
210
218
218
170
136
136
180
180
210
218
213
134
136
180
180
212
211
218
218
134
134
136
136
180
180
180
212
211
211
214
136
136
136
137
180
211
211
214
134
137
137
137
180
211
211
217
186
186
188
188
188
188
206
206
206
186
186
188
188
188
188
206
206
189
189
186
186
186
188
188
187
206
196
186
188
187
187
206
198
196
189
186
185
187
187
206
196
196
195
195
185
185
163
199
196
196
192
192
192
195
185
163
204
199
199
196
192
192
192
195
185
120
199
199
193
199
199
199
199
196
172
172
199
199
200
200
172
210
200
200
219
193
193
193
193
172
172
172
210
205
219
170
172
172
210
210
210
214
214
219
170
170
172
180
210
214
218
213
170
172
180
210
210
212
212
218
218
218
213
213
170
170
174
180
180
180
212
212
218
213
180
212
212
214
214
134
134
134
180
212
212
214
214
134
180
212
214
214
186
186
188
182
182
182
207
206
206
206
191
186
188
182
187
206
206
206
209
189
186
188
187
206
209
189
189
185
186
188
188
187
187
206
189
185
187
187
206
209
195
195
195
185
185
185
185
206
196
195
195
185
185
204
204
204
199
196
195
185
175
176
204
199
196
193
195
172
175
199
199
204
204
199
200
200
193
193
190
199
204
205
205
193
193
193
172
172
210
204
204
204
205
193
193
171
171
210
204
204
204
205
170
170
171
171
171
210
213
213
213
171
172
171
210
210
213
170
170
172
210
212
214
174
174
212
214
213
174
174
174
180
212
212
214
214
134
174
174
174
180
181
212
214
214
174
180
180
181
212
212
214
214
214
186
183
183
183
183
182
207
206
186
188
183
187
187
206
189
186
183
182
206
209
189
188
182
187
206
209
209
189
189
195
185
185
187
187
187
187
189
189
189
185
185
204
209
195
195
195
190
176
176
209
195
195
190
190
204
209
209
209
195
190
172
175
176
176
204
205
209
193
190
172
175
204
205
171
171
175
204
204
205
193
171
171
175
175
204
204
205
170
171
171
204
204
213
213
170
170
171
210
210
213
213
170
174
174
174
171
210
210
210
213
213
213
169
170
174
174
180
210
212
216
169
174
174
181
180
212
212
216
214
214
214
174
174
174
181
212
212
214
169
169
181
181
181
212
212
212
214
216
191
191
183
183
182
182
182
207
207
207
207
208
191
183
183
182
207
208
208
189
189
183
183
183
182
182
209
208
189
189
183
184
184
182
209
209
209
209
189
191
184
187
177
209
209
189
189
195
190
177
209
209
195
195
190
177
177
209
195
195
195
190
190
175
176
194
194
194
176
176
205
190
172
176
176
176
204
205
205
194
171
172
175
175
205
205
168
171
171
171
171
175
205
205
213
213
170
170
171
171
171
181
175
215
213
170
210
216
216
215
213
171
173
210
216
216
215
169
169
174
179
216
216
216
169
174
173
173
178
216
169
181
178
178
216
216
169
169
174
181
216
216
191
183
183
182
208
191
191
191
183
183
183
183
182
207
207
207
208
182
182
208
208
189
189
184
184
184
182
189
191
184
184
187
177
209
209
191
191
184
187
209
203
189
194
195
175
177
177
203
194
194
190
175
175
177
177
177
205
203
203
203
194
194
172
177
177
203
203
194
194
194
194
176
177
168
176
176
177
205
168
168
181
175
175
175
213
168
181
176
205
215
213
168
171
173
179
179
179
179
216
215
173
173
179
179
178
216
215
215
215
215
169
171
173
179
178
216
215
215
169
173
173
179
179
178
216
215
169
169
169
174
174
173
179
179
179
216
216
169
174
173
181
181
179
216
184
183
207
207
208
208
191
182
182
207
207
207
207
208
191
191
184
183
182
207
207
208
208
194
191
184
184
184
182
177
208
208
208
194
191
184
184
177
191
191
190
184
184
177
177
177
208
203
194
191
194
190
184
177
203
203
194
194
190
190
190
175
177
203
203
190
190
176
176
203
203
168
168
176
177
203
203
203
194
168
168
181
181
176
205
203
168
168
181
181
176
176
176
205
168
168
181
181
205
205
215
168
168
179
216
215
213
170
168
179
178
178
216
169
169
173
173
173
179
179
179
179
178
216
215
215
169
173
179
179
178
215
173
173
178
179
178
215
215
173
181
178
178
215
215
215
184
184
184
183
207
207
208
208
183
182
182
207
208
208
191
191
184
183
208
191
191
190
184
207
208
191
191
190
190
184
177
208
184
177
177
208
203
203
194
190
190
177
203
203
194
190
175
175
168
175
176
177
203
194
194
168
175
176
168
168
181
176
176
205
205
203
170
168
181
205
203
170
168
181
181
170
168
179
179
181
215
170
168
173
173
179
216
216
215
169
178
169
169
173
173
178
178
215
169
173
178
178
178
178
169
169
173
173
181
178
178
178
178
