864
406
145
207
208
208
378
378
379
416
209
209
379
409
407
407
417
415
415
144
204
204
388
410
410
412
132
204
211
210
210
387
410
411
133
185
167
167
217
216
216
256
256
264
131
167
167
165
217
242
256
186
186
163
162
237
237
237
242
242
257
257
263
265
121
186
182
163
163
237
242
259
265
121
123
182
182
182
164
240
231
231
260
260
268
123
123
502
468
471
240
666
505
503
479
471
471
471
666
695
503
481
479
471
685
504
501
480
479
466
467
467
648
676
676
687
538
501
537
484
663
663
650
676
682
682
682
687
539
538
483
484
456
662
717
716
676
675
682
683
539
539
457
717
750
530
530
457
715
715
702
750
702
750
743
743
743
533
533
532
532
453
723
743
528
532
531
454
454
454
722
723
723
706
755
754
755
742
147
146
147
146
146
145
207
207
208
208
208
213
213
213
378
378
379
380
406
406
407
407
406
417
417
417
415
147
145
145
207
207
204
208
213
212
378
379
389
379
389
380
406
408
416
416
417
415
144
144
144
145
203
204
209
210
211
210
211
389
387
389
389
389
388
410
409
412
412
411
415
415
133
133
132
202
204
204
211
211
210
386
390
388
388
410
410
409
409
411
411
134
133
132
132
132
132
185
167
167
165
165
387
165
387
410
256
256
263
413
264
134
134
185
186
185
166
167
166
165
238
218
218
218
242
217
216
256
257
263
265
264
264
265
134
131
121
131
131
186
186
163
162
238
238
238
241
231
242
231
257
259
257
265
263
265
122
121
121
184
186
188
163
164
162
237
237
241
241
230
231
259
259
269
269
268
123
122
122
182
183
183
188
183
188
164
164
236
236
240
240
240
229
231
260
259
260
269
269
268
267
123
123
183
182
468
164
469
471
470
470
666
229
229
229
260
260
260
684
268
268
695
505
505
502
502
481
502
481
477
477
468
468
469
471
471
665
667
666
666
666
648
684
648
658
684
684
687
695
505
505
503
503
481
481
468
468
465
467
467
664
667
667
650
649
648
685
648
685
686
687
695
504
505
501
481
480
479
479
465
467
663
663
650
650
649
685
686
685
686
687
687
504
537
480
483
485
484
466
467
662
467
663
650
649
649
676
676
682
682
683
538
539
538
537
537
483
483
482
483
484
456
456
663
717
649
676
675
683
539
539
539
537
483
483
457
456
456
720
715
715
717
717
716
702
750
750
750
750
743
683
744
535
535
535
535
530
530
457
458
455
456
719
719
715
717
717
716
702
702
750
744
744
533
528
530
530
530
532
454
453
722
715
719
723
717
706
702
754
754
754
755
743
744
533
528
528
532
527
532
531
531
454
454
453
723
723
723
706
755
755
743
742
742
742
742
528
207
407
147
146
146
139
207
206
213
213
212
381
378
383
382
379
380
380
405
407
417
416
417
415
147
147
144
146
145
205
205
203
206
208
214
213
215
212
212
378
383
390
380
406
405
408
416
416
414
414
144
141
143
203
203
203
214
214
211
386
386
386
386
386
390
390
389
388
408
408
413
414
414
133
141
141
143
133
143
202
211
210
386
387
390
388
410
409
412
412
413
414
413
133
134
132
132
129
202
179
178
178
166
166
165
218
218
217
216
216
409
258
413
264
411
134
131
185
179
178
178
166
166
162
218
218
216
258
258
265
264
122
128
185
185
163
162
238
238
217
230
230
230
258
257
263
122
122
127
128
184
184
184
184
188
188
187
236
238
241
241
230
233
230
259
262
262
269
269
269
267
123
121
126
184
183
187
188
188
164
172
172
236
236
239
240
240
239
235
230
261
261
269
266
124
502
183
475
469
172
470
665
239
229
666
229
261
691
268
696
506
502
503
478
477
477
469
469
470
665
665
667
657
657
658
658
658
684
691
692
695
504
505
504
503
481
478
479
465
465
664
667
667
657
657
649
659
685
686
696
695
504
499
501
501
501
503
480
480
480
485
485
466
661
667
650
652
648
677
677
686
687
686
499
500
537
482
485
466
466
661
663
653
650
652
677
677
683
687
536
537
482
485
484
485
484
466
720
652
652
652
677
677
682
675
683
538
534
495
539
536
482
457
482
457
455
455
456
720
721
721
716
716
704
675
675
746
683
681
534
534
535
535
529
530
529
458
458
455
720
719
718
703
704
704
751
751
744
744
744
534
527
529
452
453
453
722
724
719
719
706
707
704
754
751
753
744
533
533
526
526
528
527
527
527
532
531
531
452
452
453
722
724
724
724
706
724
707
706
754
707
755
755
753
747
747
706
753
755
139
135
405
147
140
139
140
146
205
205
206
206
215
215
212
381
383
383
382
380
380
405
405
418
418
418
420
418
420
420
141
139
205
137
206
215
215
212
381
383
385
382
383
390
405
429
420
420
141
141
143
143
143
202
203
214
214
214
194
385
385
385
390
393
408
429
408
429
412
426
413
414
141
142
142
143
142
202
202
190
214
165
209
385
385
391
392
388
392
428
426
413
413
413
133
130
130
179
178
168
162
169
226
388
221
219
428
412
244
426
248
128
130
130
179
178
178
168
166
225
225
217
221
221
221
220
220
258
244
245
245
265
128
127
129
129
129
129
179
179
178
173
168
168
225
241
221
220
258
258
245
263
127
127
127
127
187
176
173
173
172
236
172
239
239
233
233
230
262
262
266
266
267
267
124
124
127
126
184
187
187
187
174
172
172
239
239
235
232
262
262
261
266
267
124
124
124
126
126
475
475
469
470
470
665
235
235
235
235
658
659
261
691
691
697
697
506
506
502
478
477
469
462
462
664
665
674
674
657
657
658
659
691
692
696
691
696
506
501
501
478
477
462
462
664
664
674
667
673
657
659
660
659
678
692
692
692
696
500
499
478
474
465
464
465
463
661
661
673
661
661
673
651
651
678
678
693
693
700
499
500
500
482
473
474
485
464
463
662
653
653
677
678
686
681
681
499
495
536
495
536
442
485
442
455
434
721
721
653
653
652
652
680
678
681
681
681
534
495
536
536
518
536
518
442
442
442
455
455
721
721
713
703
675
749
745
535
534
518
529
529
518
458
719
720
718
718
718
703
704
704
751
751
746
522
534
526
529
529
458
452
458
722
725
726
718
705
705
705
704
753
752
748
747
526
526
526
515
527
452
453
450
453
722
724
724
726
707
707
707
752
753
753
753
753
748
747
747
531
748
140
140
140
139
135
205
206
206
198
197
197
382
381
381
383
394
382
397
396
424
424
418
419
418
419
140
140
135
137
135
137
215
199
215
193
194
197
384
383
393
397
397
397
392
429
421
419
419
136
136
137
149
191
191
190
194
194
194
384
384
393
393
393
393
392
428
429
429
421
420
419
136
136
136
142
190
190
194
193
391
391
393
391
428
428
427
426
426
128
113
142
130
142
161
181
190
189
192
170
170
169
385
391
392
219
221
392
219
428
428
244
244
248
248
128
108
130
111
113
130
181
181
180
168
170
169
225
226
225
221
220
220
254
254
254
244
245
247
248
111
111
130
181
181
181
176
173
168
225
227
225
225
223
221
220
220
252
245
252
243
247
111
127
184
176
176
176
173
227
233
233
253
252
245
267
125
125
126
115
176
176
175
174
171
171
227
234
234
234
232
232
252
262
266
267
266
125
125
125
126
476
475
175
171
171
171
276
235
235
232
232
655
655
261
690
249
249
246
697
506
506
510
510
475
476
459
461
462
462
671
674
674
674
657
655
655
659
689
690
697
696
507
508
508
478
478
474
474
461
464
461
671
673
673
660
688
690
694
694
692
693
701
507
500
508
500
473
473
473
474
474
474
464
463
673
673
671
660
660
694
693
693
701
701
692
497
495
500
496
473
474
464
464
464
463
463
711
671
668
653
651
680
680
693
679
693
700
700
498
496
518
434
434
711
721
713
653
713
651
680
680
680
740
700
700
740
498
523
496
517
518
518
442
434
434
434
721
711
714
713
713
713
703
709
749
749
746
745
745
522
522
523
517
517
441
442
450
433
720
718
714
714
703
704
749
746
746
745
746
745
522
522
515
514
514
448
458
450
450
725
725
726
726
705
705
752
751
748
748
748
524
524
515
515
514
514
448
448
450
451
451
725
726
726
705
707
752
752
748
747
515
135
419
138
140
153
135
150
150
198
199
198
199
197
197
197
196
196
381
394
394
397
396
424
423
422
424
421
422
419
139
138
138
149
150
191
198
199
199
384
394
394
397
397
397
396
424
424
421
421
419
138
156
154
149
149
191
191
191
194
199
199
193
384
400
403
431
431
429
431
427
426
136
157
137
157
160
161
160
160
191
189
190
192
194
193
193
384
399
403
404
403
431
431
427
427
136
108
108
161
161
161
180
169
169
226
391
403
219
404
431
430
427
248
248
112
113
161
181
180
180
170
81
169
226
226
224
224
224
219
254
255
254
243
244
111
108
112
113
173
170
170
228
228
228
224
223
222
255
253
253
252
254
243
243
247
111
112
113
114
177
177
177
174
174
171
223
228
227
223
222
253
252
250
250
243
246
247
246
125
119
115
115
116
174
171
227
234
234
253
233
232
249
249
249
246
246
125
510
115
116
475
175
459
174
276
278
234
656
234
655
655
690
246
697
509
510
510
510
476
459
459
461
461
276
671
656
656
656
655
690
689
690
690
689
697
697
507
508
510
508
512
476
476
476
476
459
460
460
461
671
672
673
656
660
688
689
689
698
507
507
508
472
472
472
464
463
671
669
651
660
679
688
694
694
701
698
701
701
497
493
473
472
439
440
440
440
669
669
669
651
660
679
694
701
701
497
498
496
496
493
444
438
444
434
439
711
711
711
708
680
679
741
741
738
700
498
498
523
496
496
517
517
444
444
441
441
442
434
433
712
714
713
708
737
737
741
740
739
498
522
523
517
517
516
441
441
433
433
725
714
728
709
714
735
740
740
731
740
524
524
523
519
514
448
448
449
450
451
451
437
725
728
710
729
729
731
731
745
524
519
524
524
515
519
513
515
514
448
448
449
451
451
727
727
727
726
727
710
710
729
730
731
732
732
732
710
138
138
154
154
153
153
150
148
198
201
200
197
196
196
395
395
395
395
423
423
423
422
422
422
422
422
344
154
138
154
154
149
150
198
201
201
201
201
197
196
399
396
396
401
423
423
421
350
344
156
156
157
156
149
189
150
192
201
17
399
399
399
399
398
401
402
430
424
421
425
349
157
156
160
160
158
160
189
192
193
84
84
400
399
403
403
404
403
430
430
430
427
427
349
108
157
157
161
161
159
159
189
192
93
93
192
169
84
84
226
224
403
404
404
430
427
299
299
248
109
108
109
113
159
159
180
93
170
81
81
228
272
224
224
222
222
255
255
255
243
248
298
112
112
112
113
177
180
177
92
92
81
228
223
223
222
253
255
255
250
301
247
112
119
119
118
114
114
177
71
81
81
227
282
223
277
222
251
250
251
250
247
302
119
115
116
114
116
177
71
73
73
71
276
278
282
277
277
275
249
251
251
250
120
509
115
116
116
562
175
608
70
73
73
276
278
278
278
278
277
277
656
827
249
832
246
509
509
509
512
512
608
459
73
461
672
672
278
670
656
827
697
832
509
509
507
511
512
512
608
608
460
614
672
614
672
654
654
654
688
823
823
823
824
689
698
698
698
508
494
493
472
460
460
460
672
669
670
654
654
688
694
698
699
497
494
493
494
493
472
472
439
440
440
440
439
669
668
679
679
738
699
497
497
493
444
438
440
712
712
670
654
708
735
741
741
738
739
486
498
496
492
492
516
444
444
438
432
433
432
433
712
712
708
709
735
737
741
741
736
738
739
491
523
525
523
516
516
516
443
443
441
432
432
435
712
714
709
729
737
737
731
736
734
736
525
525
520
520
513
449
436
449
436
436
728
728
728
709
709
729
730
730
731
734
734
732
525
525
519
513
520
513
448
445
449
449
451
437
727
727
727
710
710
729
730
730
734
732
445
153
195
151
152
153
148
148
148
200
200
195
195
196
394
395
395
395
396
341
341
340
346
346
344
346
151
152
152
154
152
148
150
200
200
201
196
17
398
398
401
401
401
338
350
346
350
344
344
156
156
156
155
152
7
201
88
17
85
399
398
400
398
401
402
338
338
348
350
350
349
155
158
155
158
158
158
189
89
89
85
400
400
402
402
338
348
110
110
155
159
87
87
93
89
93
84
84
271
400
402
402
270
404
299
297
299
299
110
110
109
109
158
159
59
93
92
92
91
90
82
82
272
272
270
270
270
255
297
297
299
109
109
118
118
59
59
92
92
82
271
272
275
288
288
250
301
119
119
118
118
114
56
56
71
71
72
282
271
282
271
275
251
251
302
302
302
302
302
119
119
120
118
114
175
71
71
72
281
282
277
275
284
251
307
302
302
120
564
120
116
561
561
562
70
609
70
73
73
72
281
276
282
847
275
847
827
827
831
831
832
832
564
561
560
564
561
561
562
562
608
608
609
614
614
614
281
672
843
847
847
827
827
831
829
831
832
832
511
566
511
562
609
609
615
843
843
843
846
846
829
831
487
511
487
511
512
493
608
607
618
618
618
618
670
844
844
843
823
849
823
824
824
824
824
699
487
487
488
494
494
438
438
625
607
618
670
670
844
844
849
849
824
699
699
699
488
488
494
492
492
626
443
626
439
621
621
440
435
712
670
790
776
735
738
738
738
739
486
486
492
492
443
492
443
443
438
432
435
435
435
789
790
790
708
776
735
736
738
739
491
486
516
446
446
436
435
436
800
789
708
735
737
736
736
736
734
491
491
520
519
520
447
446
436
437
728
800
798
775
770
730
734
733
525
519
520
520
521
513
513
445
447
447
437
437
799
728
799
799
710
798
775
774
730
730
733
733
525
447
732
16
366
151
151
152
153
8
8
14
200
14
195
195
16
17
366
366
365
341
341
340
346
346
345
346
345
151
151
152
10
148
8
14
15
17
15
17
17
369
364
365
365
341
364
340
350
345
155
152
6
8
7
88
88
88
85
369
370
370
398
364
338
338
338
339
338
348
349
349
47
47
155
52
7
7
89
88
88
85
86
85
367
367
367
402
375
339
339
347
347
348
348
349
110
155
50
50
52
87
87
87
89
89
89
86
86
367
374
375
289
339
299
299
298
110
110
50
58
59
59
93
91
91
82
83
86
374
272
270
289
270
289
289
288
304
297
298
117
117
50
58
58
59
58
54
91
91
82
271
272
272
286
288
288
288
304
297
301
301
117
117
117
118
56
56
54
54
68
82
273
275
274
274
284
307
307
120
117
33
56
55
55
70
68
281
280
281
280
275
274
274
285
307
307
564
120
561
562
55
55
70
70
72
72
72
67
281
281
282
847
826
826
826
830
826
832
564
560
561
562
609
610
610
614
615
843
843
847
827
829
829
831
831
566
565
560
562
609
607
610
611
615
615
615
615
845
845
845
846
823
829
828
828
835
833
835
566
511
565
494
565
607
543
607
607
618
619
845
845
844
846
825
825
833
833
487
487
571
626
626
625
611
617
620
620
844
849
849
848
825
834
825
834
699
834
488
488
488
488
486
571
571
626
621
621
617
631
791
620
791
790
777
776
776
825
782
782
782
781
779
489
486
571
571
626
623
622
631
789
791
790
790
782
782
736
780
739
491
491
489
520
584
622
446
432
622
621
630
630
789
800
800
776
776
772
775
770
771
780
490
490
490
521
521
445
583
446
583
446
629
629
630
799
800
800
798
800
775
775
770
770
733
733
490
490
521
521
521
445
445
447
447
447
629
437
629
437
627
799
799
800
798
798
798
774
774
774
769
774
733
769
733
769
733
366
345
44
44
9
9
9
8
14
14
13
16
16
16
366
366
365
343
343
342
340
342
340
345
345
334
334
10
10
10
8
8
15
15
16
369
19
370
369
365
364
341
341
343
340
337
333
344
333
47
47
10
10
6
7
7
15
85
369
369
369
368
370
367
370
375
337
337
347
349
333
47
51
47
52
52
53
53
6
7
88
85
368
368
375
337
339
347
339
347
348
349
48
49
48
51
52
51
53
53
87
90
90
86
86
374
374
374
374
375
371
303
347
348
298
49
49
50
50
51
58
58
58
58
90
90
91
83
86
83
83
286
286
289
289
304
303
298
300
301
49
35
57
57
57
54
91
68
69
83
83
83
273
273
292
272
286
286
289
304
304
308
300
34
35
35
33
54
55
54
68
69
67
279
273
273
274
285
283
285
285
305
306
307
308
308
34
35
56
55
68
68
67
67
280
280
280
279
274
284
285
284
285
284
307
306
309
309
564
563
559
33
55
62
67
616
280
280
274
826
829
830
830
830
563
563
563
563
560
560
545
609
613
610
610
610
616
841
615
841
840
840
847
826
828
828
836
835
835
563
566
566
566
565
560
545
545
611
613
611
616
616
841
840
838
848
846
828
828
836
835
835
566
566
565
543
544
544
611
611
617
619
619
845
837
845
849
839
848
848
825
833
833
834
833
565
569
569
569
572
572
543
625
625
621
617
620
620
619
620
619
837
844
793
849
848
825
834
569
570
570
571
572
571
624
626
626
617
617
620
791
791
791
793
778
777
778
777
782
781
780
779
779
489
570
586
585
624
624
623
622
623
633
631
631
789
791
795
777
782
781
780
780
780
489
592
489
592
586
586
585
622
622
623
633
630
632
630
630
789
797
797
772
770
771
780
771
491
491
592
586
584
585
584
583
628
629
629
627
801
802
802
798
775
775
771
771
771
771
490
590
490
593
584
584
583
583
628
628
629
627
801
801
802
798
774
775
773
773
770
769
769
44
11
11
11
9
25
14
13
19
19
366
357
365
343
343
342
342
334
334
44
44
44
10
9
25
25
15
13
13
19
19
370
370
364
343
343
342
333
334
333
44
52
10
6
6
26
26
26
15
18
368
368
367
372
372
337
337
331
333
330
48
52
94
94
96
368
368
377
375
373
373
373
332
332
330
331
330
330
48
48
49
51
51
53
53
94
94
95
376
376
376
375
373
289
287
287
331
303
300
49
49
51
53
57
63
94
90
95
104
105
105
374
292
292
287
304
300
300
35
34
37
33
57
57
63
75
75
75
76
105
105
104
292
292
291
286
287
287
305
304
303
300
34
34
35
35
56
57
60
75
68
105
273
283
285
283
305
305
305
308
306
308
34
34
33
33
60
60
62
62
62
80
80
279
283
284
306
306
309
309
559
559
559
559
558
547
62
62
67
80
841
280
842
283
813
813
830
309
830
309
558
558
558
542
545
613
613
616
616
841
842
840
840
813
828
815
836
553
558
542
543
544
545
613
613
616
616
602
841
838
838
839
846
814
828
836
836
836
553
553
540
543
544
612
611
602
619
598
837
837
838
839
848
853
821
822
836
836
569
568
572
625
598
598
598
793
839
839
839
822
834
822
834
569
570
572
572
624
624
643
623
643
793
793
795
778
778
778
778
781
781
779
779
567
567
570
570
585
624
623
633
633
631
793
793
795
777
777
781
779
756
756
592
592
593
585
586
585
622
623
633
632
632
631
805
805
805
795
796
795
796
772
769
756
756
592
590
593
593
593
585
584
585
582
582
628
628
629
627
632
801
805
802
797
796
796
796
772
773
773
760
760
760
761
590
590
590
587
584
583
582
628
628
627
802
801
801
802
797
797
773
773
773
760
760
627
357
43
11
12
11
12
11
1
24
25
24
13
19
357
357
361
361
360
361
343
329
329
326
334
334
335
11
11
1
1
25
26
25
13
18
18
19
357
361
360
342
328
336
336
336
46
46
45
3
45
2
3
3
26
18
18
357
364
372
371
372
372
332
336
336
336
42
46
46
45
45
3
26
3
26
96
96
96
95
96
377
377
377
371
372
373
373
372
373
332
331
331
331
41
42
48
28
63
98
96
95
95
104
377
376
377
373
371
332
332
303
321
331
300
321
37
29
28
28
63
75
98
94
99
376
104
104
376
292
292
291
287
303
323
323
323
36
36
36
27
29
28
63
76
76
105
105
105
292
291
291
287
310
310
305
310
322
322
37
36
36
60
60
63
75
75
75
76
76
279
107
296
291
296
290
315
305
306
316
322
308
559
547
62
61
77
80
77
80
80
79
279
295
283
315
315
316
316
309
559
547
547
61
61
61
77
601
80
601
80
601
79
79
842
842
842
313
854
313
813
813
813
815
810
309
556
558
545
61
612
601
602
842
842
842
854
854
814
814
815
810
553
553
542
542
542
541
544
544
544
612
612
612
612
612
602
841
863
854
838
853
853
821
815
816
816
553
568
542
541
544
543
552
612
602
602
600
838
837
839
853
853
856
821
821
817
816
568
568
575
572
644
643
603
597
598
837
853
821
822
817
817
817
568
569
569
568
568
575
575
647
647
643
643
643
643
597
599
598
599
792
792
792
794
778
821
822
822
758
567
567
575
573
647
646
642
642
642
633
641
599
599
792
795
795
777
766
758
758
758
591
567
573
586
580
646
633
642
633
632
803
803
805
794
796
794
794
772
764
765
756
765
756
757
593
591
593
581
581
581
582
640
632
804
805
807
805
807
772
764
761
761
760
759
590
591
591
587
581
582
582
582
640
640
640
635
804
806
806
807
764
764
764
764
760
761
759
587
12
360
12
12
1
2
23
24
24
24
21
359
359
359
358
361
360
360
329
329
326
326
335
43
12
43
0
2
1
22
24
22
22
21
18
359
361
363
360
355
328
328
328
336
335
46
46
45
3
2
3
26
22
22
22
22
18
362
361
355
355
355
328
335
336
45
45
32
98
98
22
97
96
362
371
352
351
332
324
330
330
42
42
45
28
32
32
98
98
98
95
95
377
352
352
351
321
42
29
29
28
28
27
64
99
107
107
107
290
290
311
311
323
323
321
37
37
36
29
27
65
64
64
64
76
107
107
291
290
311
311
323
322
323
37
36
27
66
74
74
79
78
106
106
296
296
293
290
295
310
310
316
316
318
322
322
318
37
556
557
60
66
74
78
79
79
78
296
295
296
313
315
315
316
318
319
556
556
547
61
77
77
601
863
862
854
315
316
810
319
810
556
542
548
548
548
606
601
601
863
863
863
862
863
854
814
815
814
815
815
810
810
555
540
541
541
550
549
606
604
602
860
860
861
856
854
814
820
816
816
555
540
540
541
541
552
644
603
603
604
600
860
861
861
856
855
856
820
820
816
820
817
555
555
575
552
644
644
644
603
599
598
792
861
855
855
820
820
817
576
576
575
574
575
647
647
644
641
597
597
597
599
599
596
784
792
784
785
766
819
766
822
758
819
758
576
576
573
573
647
642
642
641
636
599
803
792
794
785
765
766
766
757
757
579
591
579
579
580
638
646
646
646
641
635
803
803
794
807
785
765
758
761
757
757
591
591
580
589
581
638
639
640
635
635
809
805
806
807
764
763
761
761
759
589
587
587
581
581
639
639
640
640
640
639
635
804
808
807
787
787
763
763
761
759
806
24
0
0
359
359
358
358
363
363
329
354
354
329
328
326
326
43
2
1
24
4
21
21
359
358
363
355
354
329
327
326
335
40
0
2
5
5
4
20
101
101
362
362
355
328
324
324
40
40
40
41
30
5
20
97
101
101
353
355
351
324
335
42
41
29
32
30
97
97
99
103
353
353
352
352
351
312
320
321
42
42
29
32
64
64
99
100
99
107
311
312
312
320
321
39
39
38
27
27
65
65
64
74
74
99
106
294
294
294
311
318
323
39
38
66
65
74
106
106
296
293
290
314
318
39
38
66
66
78
78
102
296
295
313
314
316
318
319
557
556
547
548
548
606
606
78
102
295
862
295
313
810
313
812
319
556
554
547
550
549
606
606
605
863
863
862
851
851
851
812
811
811
555
554
549
606
604
600
863
862
861
851
856
812
812
811
554
555
555
541
540
552
552
552
551
604
600
600
860
859
856
855
852
812
818
577
577
574
552
551
644
603
603
595
595
860
784
861
855
820
855
819
818
818
577
574
574
551
597
596
596
595
784
784
855
785
819
819
818
818
576
579
647
641
641
636
596
596
784
785
785
766
766
767
579
579
573
580
646
637
637
637
636
636
803
809
788
765
768
768
768
757
589
638
638
639
637
636
808
809
809
806
788
763
768
768
762
768
589
589
580
580
639
635
808
808
806
787
787
763
762
762
759
639
0
23
23
21
327
325
43
21
354
327
2
5
4
20
355
97
101
362
353
324
324
41
31
97
353
352
351
320
32
103
353
320
321
39
38
65
100
106
293
294
312
319
31
66
66
69
100
103
103
293
311
311
317
557
38
546
77
102
314
557
548
102
314
811
319
557
550
549
605
862
862
851
851
540
550
550
549
606
604
604
859
852
852
554
858
859
858
858
856
850
850
811
574
594
594
860
850
818
574
645
645
595
858
785
819
579
573
645
596
784
785
786
767
578
578
638
637
636
809
787
786
768
767
578
637
634
809
788
763
589
634
787
762
43
363
354
327
362
41
5
4
351
294
294
312
39
31
100
65
319
78
319
812
548
812
550
554
605
857
852
594
852
551
818
786
577
594
788
786
788
768
638
634
363
325
363
327
40
4
326
362
320
100
32
100
312
31
293
314
314
548
605
859
811
550
551
850
850
576
594
858
645
596
767
645
807
809
588
636
809
788
763
762
0
354
20
356
356
327
40
353
100
320
31
294
317
39
69
103
106
293
102
605
859
859
595
595
579
783
638
788
767
589
808
787
23
20
358
358
325
4
101
30
317
38
65
103
317
314
557
557
102
857
852
811
554
549
604
577
551
645
577
574
645
786
588
578
589
634
808
788
23
20
783
783
325
5
5
668
804
30
356
356
317
69
31
69
546
317
546
857
546
546
857
852
605
852
859
858
425
594
850
767
783
578
588
588
786
767
588
634
297
425
783
356
325
325
804
804
30
356
30
857
425
857
688
103
662
662
668
425
662
145
678
749
588
749
209
668
209
