3200
763
1391
1391
1455
1455
796
795
764
677
1472
1464
795
683
683
686
688
691
692
1361
1376
1380
752
754
753
684
1377
1538
1472
1470
1469
777
755
612
1298
1539
1527
1526
761
760
758
619
621
614
1289
1525
1529
1530
459
455
620
1583
1584
1586
1530
469
461
474
451
455
548
547
544
527
1595
1583
1580
1503
1505
469
454
523
532
1264
1264
1595
1594
1580
1504
439
439
516
517
502
533
1265
1263
1672
1952
1970
438
2545
1652
1672
1664
1952
1970
1969
2542
2693
1673
1665
1663
1955
2659
1657
1689
1695
1695
1997
1958
1958
2561
2658
2658
2686
1683
1683
1698
1999
2566
2565
2558
2657
2680
2680
2679
2685
1685
1682
1699
1839
1842
2567
2420
2570
2570
2655
2676
2677
1686
1686
1845
2424
2651
1744
1747
1845
2408
2408
2438
2708
2439
2708
2708
2736
2730
1710
1709
1745
1741
2407
2400
2707
1708
1739
1742
1808
1811
2405
2405
2404
2427
2426
2724
2723
2724
2727
1371
1373
1372
1374
1372
1370
1392
1398
1388
1399
1455
1452
1463
1465
1463
797
796
766
765
765
770
770
770
677
676
677
688
1374
1370
1392
1392
1389
1454
1388
1467
1467
794
797
795
799
764
764
763
683
680
685
677
690
1369
1361
1361
1378
1379
1541
1452
1473
1474
1464
1474
795
777
792
792
791
751
752
685
686
684
690
692
691
1299
1299
1292
1377
1542
1542
1541
1470
1469
783
780
779
761
755
754
610
624
623
613
1296
1298
1289
1288
1292
1291
1539
1538
1525
1529
1532
776
1533
777
758
620
622
622
616
613
1277
1289
1569
1582
1583
1545
1526
1527
1533
470
460
460
457
461
455
760
619
620
621
526
614
526
530
1276
1275
1280
1589
1589
1583
1585
1536
1536
470
472
459
452
455
455
522
524
524
549
527
545
529
1276
1275
1595
1588
1584
1577
1585
1504
1535
462
473
474
474
521
523
515
501
544
542
533
1267
1266
1264
1595
1599
1592
1577
1580
1579
1505
1503
466
463
467
439
441
442
514
515
500
517
542
542
536
532
1266
1265
1599
1580
1977
1502
1951
1952
1970
1971
2545
439
513
513
516
505
501
2692
542
533
2688
1660
1659
1674
1674
1664
1674
1663
1664
1977
1976
1952
1955
1954
1970
2545
2548
2549
2542
2545
2541
2691
2552
2520
2692
2691
2697
2695
1661
1661
1673
1655
1666
1667
1977
1955
1957
1958
1958
2546
2547
2547
2542
2560
2561
2659
2552
2689
2696
2694
2696
1658
1652
1652
1665
1695
1999
1999
1993
1961
2567
2558
2557
2561
2555
2660
2698
2661
2680
2699
2686
1683
1677
1698
1695
1999
1997
1839
1961
1961
1961
2566
2558
2558
2561
2658
2655
2682
2680
2685
1683
1686
1680
1699
1676
1697
1699
1849
1847
1848
1842
1829
2564
2563
2569
2655
2674
2677
1686
1685
1679
1676
1699
1846
1844
1842
1842
1830
2419
2423
2423
2422
2442
2570
2654
2651
2655
2710
2735
2677
2733
1722
1708
1710
1747
1745
1744
1845
1841
1841
1830
2411
2419
2408
2421
2424
2442
2442
2442
2711
2735
2734
1711
1708
1749
1748
1749
1745
1811
1810
2410
2408
2409
2430
2427
2426
2439
2722
2708
2724
2720
2736
2730
1709
1711
1739
1749
1739
1742
1741
1740
1808
1811
1802
2400
2429
2427
2433
2724
2720
2729
2727
2726
2730
2727
1708
1399
770
1365
1373
1364
1396
1397
1398
1451
1451
1467
1492
1465
1499
798
798
767
767
771
680
679
680
689
689
1371
1358
1370
1370
1392
1389
1383
1453
1394
1455
1461
1452
1461
1466
1467
794
799
792
774
773
772
682
680
695
697
696
1358
1357
1378
1379
1380
1542
1460
1474
1474
783
785
783
786
784
791
788
792
751
683
611
695
698
699
1297
1361
1360
1360
1295
1376
1542
1473
1470
784
777
780
752
753
611
623
608
617
699
698
1297
1296
1292
1292
1291
1377
1573
1545
1544
1547
1533
1532
458
458
497
761
758
605
604
624
617
612
1295
1289
1569
1570
1547
1545
1545
1536
1536
458
457
495
522
549
530
530
1285
1284
1589
1570
1508
1511
470
474
498
522
495
520
508
548
545
1277
1286
1286
1589
1592
1591
1552
1591
1576
1586
1558
464
472
473
451
494
442
519
500
549
508
547
539
539
536
1267
1264
1597
1598
1592
1577
1577
1580
1501
1502
1501
462
464
466
467
442
445
449
514
504
502
538
535
1260
1670
1599
1982
1977
1502
1964
1974
448
441
2540
442
504
2692
541
2688
1623
1650
1674
1670
1986
1979
1980
1963
1972
1973
2544
2549
2542
2539
2520
2519
2520
2692
2689
2689
2697
1659
1660
1624
1654
1667
1666
1980
1978
1955
1965
2548
2538
2539
2520
2555
2551
2661
2699
2694
2693
1658
1656
1656
1655
1689
1655
1689
1692
1691
1989
1995
1960
2526
2546
2560
2555
2551
2658
2672
2660
2698
2682
1657
1602
1688
1694
1994
1993
1961
1917
2565
2572
2563
2574
2554
2672
2683
2683
1678
1697
1849
1987
1839
1848
1827
1915
1829
2573
2574
2574
2672
2674
2667
2674
2683
1601
1721
1605
1679
1680
1727
1847
1849
1845
1839
1827
1830
2420
2421
2413
2422
2570
2447
2668
2666
2702
2676
2733
1722
1723
1715
1716
1748
1728
1729
1801
1822
1826
2414
2417
2416
2444
2446
2438
2711
2710
2734
2732
2733
1705
1700
1730
1808
1811
1801
2410
2401
2415
2441
2442
2435
2449
2722
2709
2709
2730
1711
1711
1704
1701
1702
1702
1749
1738
1739
1740
1730
1807
1808
1810
2404
2402
2402
2430
2433
2430
2432
2433
2714
2436
2723
2719
2720
2745
2727
2433
2716
2720
1363
1395
769
1366
1367
1365
1367
1364
1397
1396
1395
1411
1458
1411
1492
1493
1498
1497
709
766
773
772
671
672
670
674
670
669
664
689
1352
1354
1394
1383
1410
1458
1458
1489
1492
1496
1496
1497
711
789
771
673
670
696
1358
1352
1355
1355
1382
1386
1383
1460
1461
1461
1483
786
789
744
788
730
774
609
611
609
694
673
695
697
1358
1355
1222
1386
1222
1385
1424
1423
1547
1486
1486
785
783
749
729
758
727
610
608
607
695
626
1294
1223
1224
1574
1549
1549
1534
1483
483
779
499
605
605
608
601
634
627
1295
1295
1220
1573
1571
1549
1524
1534
483
483
499
497
488
499
520
492
520
602
616
568
530
1283
1284
1279
1283
1280
1279
1552
1574
1570
1508
1508
1507
485
452
499
495
549
507
564
545
1285
1259
1283
1598
1551
1558
1508
1511
1510
463
1511
405
445
495
446
520
508
508
539
539
534
529
1255
1255
1261
1597
1592
1554
1557
1558
1513
1511
1510
404
444
447
435
505
511
511
536
536
1254
1255
1261
1599
1260
1985
1983
1983
1964
1972
1973
445
448
449
446
2522
2522
510
2628
2649
2645
2644
1621
1624
1669
1670
1983
1966
1963
1967
1971
1974
2533
2538
2517
2517
2523
2524
2633
2649
2647
2649
2695
1623
1620
1654
1670
1979
1978
1967
1965
2532
2533
2532
2536
2539
2522
2583
2524
2632
2633
2647
2611
2610
1608
1607
1692
1992
1994
1990
1995
1924
2527
1916
2535
2526
2536
2536
2585
2583
2582
2604
2611
2611
2610
1604
1689
1608
1691
1692
1988
1988
1919
1916
2564
2586
2584
2555
2671
2667
2667
2683
1605
1605
1602
1601
1677
1819
1989
1835
1827
1834
2412
1915
2591
2574
2573
2584
2670
2672
2667
2664
2664
1724
1602
1717
1678
1714
1713
1638
1822
1822
1824
1827
1833
2414
2412
2572
2599
2670
2705
2741
1715
1714
1713
1727
1729
1727
1813
2411
2413
2474
2416
2415
2448
2446
2447
2705
2704
2733
1724
1717
1701
1716
1730
1816
1815
1814
2411
2471
2473
2417
2445
2445
2444
2448
2717
2703
2747
2746
1704
1705
1700
1735
1736
1817
1805
1804
1802
2470
2401
2430
2464
2436
2435
2436
2714
2714
2717
2714
2716
2748
2745
2744
1730
2745
1345
1366
1346
1363
1302
1395
1309
1411
1411
1491
1492
1498
1495
1495
1494
711
710
711
722
672
724
671
664
670
663
1347
1347
1383
1302
1338
1301
1408
1408
1492
1489
1488
1489
1482
1499
739
708
711
708
729
717
674
667
667
1351
1352
1354
1322
1420
1423
1422
1421
1485
1489
739
738
739
745
745
730
727
645
645
644
652
666
667
1217
1216
1352
1386
1386
1424
1458
1486
744
747
730
746
726
645
633
634
635
1212
1214
1224
1223
1222
1207
1572
1572
1549
1412
1486
1477
1479
748
748
749
490
491
727
491
642
608
639
627
626
629
1212
1213
1220
1213
1219
1220
1571
1564
1564
1523
1520
1477
486
479
483
489
492
590
604
595
602
601
563
570
569
1283
1235
1220
1552
1567
1567
1560
1523
1519
486
485
486
482
430
498
489
589
592
563
591
567
569
1282
1259
1552
1555
1561
1561
1522
402
433
589
591
585
564
572
1255
1258
1257
1270
1555
1561
1558
1514
1516
1517
403
404
445
433
434
511
583
511
573
574
574
1251
1252
1258
1554
1930
1982
1514
1514
1515
1517
403
447
436
436
435
2500
2501
511
2629
583
582
573
2645
1622
1622
1620
1626
1985
1926
1983
1944
1966
1964
1945
2533
2517
2511
2511
2505
2502
2523
2630
2630
2649
2644
1619
1621
1636
1635
1986
1929
1991
1948
1923
1945
2527
2535
2510
2583
2636
2633
2635
2634
2647
2608
2620
1619
1608
1620
1642
1634
1635
1634
1991
1990
1992
1924
1922
2529
2536
2528
2586
2583
2632
2608
2607
2608
2620
2611
1609
1611
1608
1642
1639
1987
1924
1920
1924
1922
1917
1914
2530
2592
2592
2585
2576
2602
2605
2600
2604
2621
2624
1604
1610
1638
1920
1914
1913
2480
2591
2599
2592
2597
2598
2669
2670
2772
2622
2622
2740
1795
1795
1794
1765
1766
1820
1824
1836
1835
1833
1836
2479
2480
2478
2477
2599
2599
2596
2670
2701
2742
2742
2737
1796
1723
1795
1714
1767
1823
1823
1814
1832
2472
2473
2477
2491
2492
2449
2705
2702
2739
2738
2737
2741
1786
1720
1718
1733
1733
1817
1815
1814
1803
2470
2472
2474
2467
2467
2445
2492
2705
2749
2749
2747
1786
1719
1720
1734
1732
1736
1816
1804
1805
1878
1803
2470
2464
2467
2466
2436
2717
2717
2748
2745
1735
1339
663
1344
1345
1339
1338
1310
1309
1405
1407
1405
1446
1440
1447
1442
1441
1495
1495
1429
709
706
724
660
658
660
661
650
655
664
1349
1348
1346
1302
1303
1410
1404
1408
1447
1433
705
702
708
708
722
722
724
661
651
651
667
1348
1333
1342
1302
1304
1420
1421
1420
1416
1401
1408
1433
739
742
734
717
733
645
649
633
636
1333
1204
1320
1205
1320
1207
1319
1322
1420
1419
1422
1413
1414
1436
1435
1483
742
746
727
732
647
648
647
632
1215
1216
1217
1203
1208
1208
1563
1476
1477
478
747
736
490
732
641
638
639
630
630
1214
1211
1211
1566
1564
1564
1477
1478
1480
480
480
477
488
489
598
642
595
641
639
567
1236
1236
1234
1210
1521
1524
1520
486
401
401
477
429
588
599
590
599
594
566
567
568
570
1235
1239
1210
1270
1555
1561
1560
1521
1519
1515
408
408
402
430
430
589
592
586
586
567
571
571
561
1252
1242
1257
1269
1270
1522
1516
405
420
433
589
426
434
583
585
558
561
572
1251
1627
1270
1273
1927
1169
1925
1513
416
420
432
2508
433
2502
2501
2627
559
2642
1613
1614
1630
1627
1925
1949
1949
1949
1944
417
2513
2508
2509
2505
2500
2627
2627
2628
2629
2626
2645
2642
1615
1616
1614
1630
1633
1636
1633
1930
1929
1927
1936
1948
1946
1942
2514
2511
2511
2578
2503
2635
2641
2642
1617
1611
1641
1633
1932
1936
1923
1914
2530
2529
2580
2579
2577
2634
2601
2608
2619
2620
2620
2623
1611
1642
1632
1933
1920
1911
1919
1914
1901
2528
2588
2592
2579
2601
2605
2623
2624
1789
1788
1792
1642
1639
1819
1933
1854
1834
1910
1902
1902
2480
2595
2576
2770
2772
2774
2761
2621
1788
1797
1795
1765
1764
1764
1767
1852
1855
1855
1820
1824
1833
1833
2480
2476
2477
2596
2597
2770
2773
2772
2740
1799
1797
1796
1766
1770
1770
1850
1824
1899
1889
2471
2479
2455
2492
2491
2492
2769
2770
2769
2738
1785
1786
1761
1757
1733
1851
1876
1898
1813
1879
1880
1883
2469
2453
2497
2783
2783
2786
2786
2739
1786
1761
1760
1783
1761
1758
1734
1758
1733
1864
1864
1877
1878
1880
2470
2463
2454
2464
2464
2467
2497
2782
2783
2785
2789
2789
2788
2459
1345
1344
1342
1341
1339
1308
1311
1310
1405
1448
1449
1440
1441
1429
704
704
703
720
724
657
658
661
657
654
654
655
20
1332
1349
1342
1305
1305
1402
1405
1402
1449
1445
1446
1445
1427
701
719
720
713
712
658
650
20
19
1333
1333
1320
1317
1304
1401
1303
1414
1444
1431
1433
1433
741
701
702
714
733
712
661
652
636
20
1226
1335
1320
1322
1324
1324
1417
1416
1436
1436
1435
742
742
734
736
735
736
649
649
649
633
635
33
1215
1205
1203
1202
1201
1208
1324
827
1412
1119
1120
1413
1480
1436
1479
478
476
736
735
642
648
633
36
34
630
1229
1204
1233
1201
1211
836
827
1116
1118
1103
1478
479
410
477
477
597
597
599
642
638
552
629
30
1232
1234
1232
1211
1567
1567
1127
1117
1117
1102
411
407
427
429
598
599
595
552
551
552
1241
1242
1242
1239
1239
808
1127
1174
1101
1101
408
409
408
427
427
580
586
577
558
560
554
1239
1258
1274
1130
1274
1130
1173
1174
1172
1174
413
415
414
423
426
579
580
580
577
558
1252
1614
1272
1272
1273
2178
1130
2167
1172
1170
1169
417
415
419
420
424
424
422
2507
2816
583
2837
561
1613
2094
1630
1629
1626
2166
1926
1166
1947
1938
1937
420
2513
2508
2817
2642
2838
1615
1617
1616
2067
1630
1633
2167
2167
1947
1946
1937
1939
1941
2509
2508
2505
2627
2817
2817
2827
2827
2641
2613
2614
2614
1641
1649
1647
1936
1936
1908
1908
1942
2514
2514
2580
2578
2636
2600
2614
2613
1609
1648
1646
1646
1645
1932
1935
1910
1908
1908
1902
1901
1905
2589
2577
2602
2758
2617
1789
1792
1645
1858
1861
1911
1904
2481
2589
2595
2594
2595
2758
2757
2761
2761
1799
1798
1763
1764
1773
1774
1858
1854
1859
1898
1897
1897
1890
2481
2482
2485
2489
2488
2766
2773
2774
2765
2754
2755
1776
1799
1777
1764
1771
1769
1774
1851
1850
1899
1897
1888
1889
2452
2477
2495
2764
2767
2764
2763
2755
2755
2754
1783
1782
1761
1755
1770
1852
1879
1875
1888
1889
2454
2453
2451
2495
2498
2775
2776
2783
2786
2792
2792
2791
1783
1783
1758
1757
1753
1865
1863
1864
1876
1877
1885
1881
2461
2455
2459
2499
2497
2777
2777
2786
2792
2789
1864
1308
1439
1330
1327
1342
1308
1052
1307
1055
1448
1442
1438
1430
1430
705
703
719
720
5
5
4
14
17
23
24
1329
1326
1327
1316
1317
1308
1311
1402
1053
1445
1439
1427
109
145
714
145
8
11
16
15
15
20
24
1334
1336
1336
1317
1317
1093
1445
1095
1089
1090
109
108
105
107
713
149
8
7
11
16
40
41
1335
1314
1313
1314
1324
1313
1417
1120
1124
1089
102
105
104
8
10
47
1227
1227
1314
826
827
827
1118
1123
1121
1103
1091
342
105
342
345
345
647
33
35
32
33
1228
1230
1230
1233
1202
835
836
1119
1114
1117
1113
1122
1105
1104
341
342
344
347
345
595
210
34
36
1233
1229
811
810
834
834
1116
1113
1102
329
325
346
576
211
577
552
1241
1247
1245
1245
807
808
1126
1127
1174
1164
409
410
411
333
305
579
577
555
558
553
555
554
1247
1242
1244
1245
1129
1130
1173
1164
1167
414
421
421
305
317
580
557
561
553
2095
2095
2095
1272
2097
2177
2180
1136
2164
1170
1170
1165
1167
413
416
422
2811
304
2810
2844
2847
2848
2842
2841
2839
2096
2094
2099
2099
2177
2179
2179
2180
2167
2164
2174
2161
1939
2153
423
1938
2804
2809
2810
2817
2826
2849
2847
2849
2839
2838
2066
2098
2182
2178
2164
2164
2152
2805
2805
2801
2817
2814
2827
2828
2067
2066
2067
1648
1647
2181
2166
2172
2157
2156
2291
1941
2516
2800
2802
2802
2813
2820
2813
2829
2827
2830
2830
2616
1791
2074
2070
1649
1644
1861
1935
2196
2158
1903
2516
2588
3029
2814
2814
3025
2829
2615
2616
2615
2073
1792
1645
1645
1857
2194
1861
2197
1911
2298
2299
1911
1903
1904
2483
2486
3027
2595
2758
2761
2759
2760
1792
1772
1772
1773
1858
1858
1860
1860
1861
1894
1892
1891
1905
2483
2486
3001
2488
3005
2767
2766
2758
2751
1777
1799
1770
1871
1895
1891
1890
1892
2451
2485
2489
2494
2764
2764
2765
2752
2795
1777
1776
1754
1779
1754
1873
1895
1886
1882
2452
2499
2495
2776
2780
2779
2792
2795
1780
1780
1755
1753
1752
1866
1867
1865
1870
1886
1883
1881
2460
2461
2458
2460
2499
2498
2775
2778
2779
2794
2791
2797
1780
1875
2789
1430
133
1328
1328
1326
999
1051
1052
1054
1053
1054
1438
1439
1086
1427
136
136
136
144
142
5
2
14
13
14
23
1329
1330
1316
997
1052
1055
1058
1083
1426
1083
1427
1083
114
107
108
135
145
148
5
17
14
1334
1327
995
996
1057
1094
1099
1098
1089
114
110
111
111
108
148
11
8
9
11
46
42
42
961
954
955
988
989
989
1093
1094
1095
1098
1092
1092
101
102
102
105
149
211
45
49
49
49
47
42
1226
953
953
830
830
829
830
1123
1122
1124
1121
1111
1091
342
339
339
208
210
35
33
26
961
1228
957
835
830
836
833
1114
1110
1111
1108
1104
338
328
339
345
349
211
211
208
216
29
30
1249
1248
811
811
819
833
832
1127
1142
1139
1105
330
327
346
348
347
320
320
217
217
29
25
1249
1249
1248
811
810
808
1133
1133
1138
1108
333
333
332
305
319
220
236
1249
1245
804
807
1134
1135
1132
1163
1155
336
333
308
305
302
302
317
235
235
2090
2097
2080
2176
1134
1135
1136
1164
1166
1165
1164
1155
1155
335
302
2811
2807
2845
2845
2841
2847
2837
2091
2099
2177
2177
2173
2170
2161
2151
2155
2974
2804
2809
2819
2836
2836
2848
2867
2089
2099
2183
2183
2172
2172
2174
2158
2161
2154
2154
2153
2955
2955
2801
2808
2824
2835
2833
2833
2864
2871
2864
2054
2063
2064
2182
2064
2181
2198
2199
2158
2158
2292
2954
2951
2800
2819
2824
2828
2873
2872
2073
2062
2194
2199
2197
2196
2157
2299
2292
2289
3030
2820
3026
2823
3127
3130
3130
3129
2617
3145
2071
2072
2072
2070
2069
2192
2192
2195
2298
2296
2297
2294
2482
2295
3042
3030
3026
3005
3004
3127
3025
3010
3127
3126
3130
2397
2395
2191
2192
2226
2230
2227
2297
3039
3042
3042
3002
3011
3011
2752
3132
2760
2399
2399
2392
1771
1872
2229
1874
1894
2228
2264
2265
2295
3039
3078
2495
3002
3005
3011
3010
2751
2795
3133
2399
2392
1779
1752
1751
1871
1872
1873
2320
1874
2264
2267
2265
2458
2457
3079
3023
3078
3021
3008
2778
2780
2799
2795
1780
2375
1752
1752
1867
1866
1869
1870
1869
1870
2258
1885
2260
1882
2259
2458
2458
3077
3024
3024
3023
3017
3017
3016
2799
3017
2798
2799
2798
2799
2797
133
2
984
984
980
979
998
1051
1058
1085
1086
1086
1086
1082
133
136
129
142
142
142
139
139
2
85
22
80
22
995
994
996
999
1058
1061
1085
1083
113
1080
116
115
135
130
145
141
140
1
9
80
22
78
972
995
995
997
990
989
1061
1096
1097
114
114
117
119
115
110
117
147
146
140
45
42
89
960
952
950
955
992
845
849
988
1060
1099
1090
122
120
101
146
45
44
205
45
39
41
961
961
951
951
954
952
845
847
849
1036
1111
1030
121
338
121
354
355
355
204
203
49
39
27
958
958
820
820
844
845
846
833
847
1142
1141
1149
1111
1110
1107
330
348
349
207
208
217
216
27
214
26
957
802
819
839
822
1142
1141
1139
1148
1149
1108
329
327
328
326
327
322
323
208
221
214
232
233
892
891
801
805
833
815
1133
1139
1149
1151
336
327
308
309
320
324
320
324
219
220
236
233
233
892
801
803
1133
1138
1152
1152
1151
1155
335
336
308
311
314
316
317
316
317
219
225
226
228
2092
2092
2080
805
803
1158
1154
1155
307
301
302
2845
2844
2842
2880
2866
2091
2090
2089
2086
2080
2076
2129
2174
2110
2173
2170
2160
2151
2970
2970
2974
2974
2808
2808
2807
2836
2836
2867
2864
2864
2089
2088
2089
2084
2052
2063
2186
2186
2108
2109
2161
2152
2155
2972
2974
2959
2823
2822
2832
2833
2870
2872
2863
2054
2052
2051
2185
2186
2133
2107
2111
2114
2292
2286
2955
2955
2952
2820
2952
2824
2824
2833
2874
2874
2873
2871
2055
2074
2053
2052
2070
2189
2189
2198
2235
2283
2291
2288
2288
2286
2289
2286
2908
3029
3047
3033
3033
3149
3147
2071
2057
2070
2188
2192
2189
2323
2227
2195
2294
2283
2285
3041
3041
3047
3034
3032
3027
3034
3033
3127
3130
3134
3144
3145
2395
2391
2388
2324
2226
2227
2236
2229
2296
2283
2295
2295
3039
3042
3045
3005
3135
3136
3133
3133
3132
2397
2398
2395
2391
2392
2314
2320
2324
2228
2230
2263
2264
2270
2274
2273
3039
3001
3008
3011
3192
3183
3134
3183
2399
2399
2383
2392
2315
2317
2317
2311
2264
2266
2266
2267
3080
3077
3076
3022
3022
3014
3183
3182
3185
3186
2375
2376
2377
2386
2316
2316
2310
2310
2258
2258
2261
2261
3080
3079
3077
3021
3017
3014
3013
3014
3184
3184
3186
985
986
977
983
979
1058
1070
1076
1078
1079
133
158
130
129
138
139
86
82
79
974
986
983
980
998
1073
1070
1070
1070
1077
1077
1079
116
127
130
188
139
86
86
80
80
974
991
991
992
990
1061
1061
1074
1097
1096
124
120
119
127
198
196
99
99
75
89
972
963
1034
1035
1029
122
123
120
126
147
197
197
97
99
38
95
39
88
970
967
967
950
964
849
849
1035
1036
1029
123
360
361
355
352
204
202
205
95
213
39
958
964
820
845
839
842
1034
1145
1145
1030
1027
374
354
361
352
351
202
259
25
889
889
895
824
823
821
841
1142
1144
1147
1149
1108
370
374
361
352
352
322
323
324
222
214
214
232
892
897
898
802
821
822
816
1147
1148
370
309
310
314
324
221
224
223
227
225
233
891
892
804
814
814
817
815
1158
1158
1183
1183
310
311
314
220
238
227
229
2083
2085
2083
2082
2077
2125
1160
1158
1157
1182
2969
308
2967
313
2885
2880
2867
230
2879
228
2085
2086
2077
2076
2130
2103
2105
2117
2970
2970
2966
2973
2956
2886
2880
2880
2867
2084
2079
2080
2048
2130
2130
2104
2111
2114
2115
2113
2972
2973
2961
2960
2822
2886
2861
2870
2869
2870
2055
2052
2049
2036
2133
2110
2109
2282
2114
2286
2908
2908
2959
2960
2990
2992
2860
2861
2870
2855
2060
2058
2036
2108
2283
2286
2908
3049
2951
2910
3035
3148
3146
3148
3145
2058
2035
2189
2322
2195
2236
2249
2233
2249
3049
3045
3044
3036
3033
3035
3102
3149
3136
3146
3147
2394
2389
2389
2389
2323
2324
2236
2233
2271
2280
3048
3047
3045
3008
3101
3135
3144
3158
3158
2383
2395
2388
2320
2314
2324
2308
2232
2270
2272
2273
2272
3072
3083
3084
3038
3020
3007
3008
3189
3190
3183
3157
2377
2379
2383
2382
2386
2317
2317
2320
2304
2307
2311
2257
2270
2255
2274
3083
3082
3086
3019
3089
3019
3091
3020
3191
3192
3191
3178
3176
3177
2376
2380
2378
2386
2301
2301
2311
2258
2260
2259
3085
3077
3083
3085
3086
3020
3014
3090
3199
3185
3177
2254
157
917
982
985
977
976
977
904
1064
1064
1063
1020
1078
158
158
151
152
183
152
189
182
73
82
76
77
77
983
977
939
905
1069
1074
1072
1076
1022
1020
1080
157
164
189
188
74
85
98
77
973
974
983
939
941
903
938
1073
1074
1002
1001
166
164
194
164
195
192
99
89
91
89
969
973
974
963
945
942
1060
942
1005
1033
1004
1000
1025
1000
124
163
170
126
195
199
199
198
196
97
95
99
92
966
969
967
945
842
1033
1025
1026
1026
372
359
360
358
292
201
280
94
260
261
95
261
261
895
948
823
842
842
1145
1049
1032
1044
361
374
373
358
357
358
398
292
202
252
252
261
899
895
895
824
864
864
841
1145
1197
372
374
373
392
399
396
397
245
202
222
223
252
251
896
896
899
814
813
817
1195
1196
1196
1197
1199
370
370
392
389
392
397
248
224
241
242
252
230
2083
2014
1161
816
1194
1195
1194
1185
1199
1186
391
388
314
249
239
242
241
226
2083
2075
2017
814
1159
1161
1160
2124
1183
2116
1183
2939
1186
1186
2963
2962
2964
247
2957
246
2884
2886
2885
2877
2899
229
2019
2014
2125
1159
2104
2116
2117
2966
2964
2967
2958
2989
2886
2883
2877
2854
2061
2018
2045
2045
2047
2046
2129
2133
2136
2135
2103
2105
2102
2102
2942
2942
2944
2988
2956
2988
2991
2861
2857
2855
2854
2061
2061
2044
2049
2048
2046
2133
2101
2114
2115
2942
2911
2911
2961
2992
2990
2992
2992
2861
2850
2852
2061
2030
2036
2036
2341
2235
2248
2247
2277
2911
2991
2860
3139
3138
3138
3139
2058
2060
2360
2057
2029
2033
2035
2340
2342
2249
2233
2246
2249
2246
2276
2276
2280
3049
2910
3045
3066
3114
3102
3137
3104
3141
2360
2358
2358
2337
2338
2339
2211
2210
2211
2233
2280
2280
3074
3049
3067
3036
3101
3102
3142
3160
3161
2372
2357
2358
2322
2314
2308
2211
2208
2270
2271
3074
3073
3071
3069
3087
3064
3065
3092
3189
3188
3188
3172
3158
3161
2383
2380
2370
2319
2303
2305
2308
2252
2269
3084
3069
3088
3087
3092
3190
3195
3187
3180
3179
3154
2378
2379
2386
2385
2305
2302
2304
2302
2307
2252
2252
2254
3083
3060
3088
3090
3197
3198
3198
3199
3179
3178
3176
2369
901
183
910
900
902
902
1065
1064
1023
1067
1020
1017
160
159
152
151
155
182
186
71
72
83
83
917
900
917
920
903
939
1066
1064
1072
1023
1024
1019
161
167
155
183
191
192
73
74
83
76
924
920
919
941
939
942
1074
1015
1021
1001
1022
1007
166
164
194
192
193
192
92
91
966
946
945
1048
1033
1004
1005
1002
172
169
193
52
50
51
54
92
970
967
949
949
839
870
870
1033
1048
1027
365
367
358
292
298
261
885
894
947
867
869
866
870
1045
364
366
366
291
296
297
280
255
259
258
888
886
875
880
863
864
870
858
873
1049
1198
364
398
396
279
279
254
253
254
897
898
864
861
1039
1199
1185
1188
363
383
392
383
395
399
389
283
244
242
274
271
272
253
272
888
2024
2024
861
859
1195
1189
1180
1186
1179
378
380
392
249
245
249
239
270
268
2020
2013
2014
860
1192
1191
2939
2962
2958
247
248
238
2899
270
2895
2020
2014
2017
2136
2015
2123
2124
2938
2939
2949
2945
2963
2945
2983
2882
2883
2882
2877
2898
2899
2894
2011
2008
2045
2045
2136
2136
2146
2102
2941
2947
2945
2957
2995
2989
2883
2858
2851
2852
2011
2008
2033
2047
2041
2135
2132
2102
2239
2245
2942
2911
2902
2902
2995
2994
2997
2856
2858
2851
2857
2850
2011
2010
2033
2040
2342
2239
2239
2239
2244
2907
2919
2901
2904
2995
3105
3103
3111
2361
2030
2033
2029
2032
2340
2341
2347
2238
2245
2247
2244
2277
2920
2924
2914
2912
2913
3123
3105
3104
3103
3137
3142
3108
3141
2361
2361
2330
2337
2339
2211
2208
2207
2214
2279
3073
3070
3067
3066
3114
3171
3166
3161
3161
2358
2370
2354
2353
2330
2334
2338
2334
2210
2208
2208
3072
3052
3064
3063
3065
3114
3158
3153
3155
3160
2374
2370
2329
2364
2335
2336
2202
2202
2255
2253
3061
3061
3089
3091
3196
3195
3194
3153
3155
2374
2373
2370
2303
2305
2336
2223
2224
2252
2224
2223
2251
3060
3058
3098
3099
3099
3196
3195
3180
3152
3058
1067
916
901
161
159
154
154
155
186
68
186
63
72
71
61
58
917
905
904
1067
932
1014
1021
1020
160
167
186
186
70
69
61
60
924
920
934
935
935
933
1003
1008
1008
174
174
191
69
51
55
924
921
923
924
926
936
1015
1046
1008
1008
170
176
299
50
61
922
947
946
948
927
874
1047
1047
1008
365
169
292
288
297
295
277
258
884
886
879
866
874
872
1049
1046
1045
367
296
295
298
276
258
884
886
880
875
867
872
873
874
1038
1038
1044
364
382
395
292
283
273
255
883
876
858
858
1192
1179
383
377
376
395
283
274
882
877
859
861
1192
1189
1180
379
376
244
285
270
274
271
2022
2024
2017
2142
2142
2123
2121
1188
378
379
2986
377
246
2888
249
2898
264
2019
2018
2016
2144
2147
2147
2122
2939
2949
2948
2986
2985
2983
2982
2897
2899
2894
2011
2001
2145
2119
2120
2947
2948
2944
2983
2980
2999
2889
2891
2890
2005
2010
2008
2039
2039
2039
2042
2145
2040
2930
2930
2927
2902
2936
2983
2999
2999
2889
2892
2004
2005
2030
2042
2143
2345
2242
2245
2921
2927
2915
2917
2902
2904
2996
2997
3108
3109
3110
2025
2352
2027
2348
2241
2920
2923
2922
2913
2914
3122
3124
3107
3108
3110
3109
2355
2352
2349
2205
2205
2214
2213
2919
2912
3064
3124
3122
3165
3167
2372
2354
2330
2330
2347
2201
2204
2202
2216
2216
3070
3064
3117
3174
3172
3165
3166
3154
2374
2335
2333
2220
2202
2217
3057
3052
3054
3055
3095
3197
3174
3174
3170
3170
2374
2364
2333
2333
2222
2221
3057
3058
3097
3098
3099
3195
3170
3151
3151
2220
914
908
1067
1024
68
58
913
1017
175
66
920
934
936
1014
175
1003
1011
173
176
55
54
921
867
927
172
288
299
276
927
1011
385
277
258
885
877
874
1042
364
394
387
295
273
851
861
858
855
1039
1175
386
383
282
283
266
2023
876
2141
1192
1176
284
2024
2142
1177
285
2895
264
2022
2148
2149
2120
2949
2986
2984
2986
2008
2041
2144
2149
2146
2120
2930
2935
2999
2975
2001
2915
2936
2905
2905
2995
2976
2977
2892
2026
2242
2241
2922
2977
2892
2026
2345
2242
2923
2916
3123
3108
2353
2348
2347
2924
3070
3124
3120
3167
2355
2364
2327
2205
2214
3052
3053
3116
3173
3163
2367
2205
2222
3055
3095
3174
2364
2217
3097
3170
914
177
64
67
174
944
936
936
52
385
288
294
883
879
1042
855
264
1191
264
2897
2017
2897
2038
2002
2119
2935
2979
2927
2980
2027
3111
3120
2352
2214
3117
3124
3095
3163
2220
2221
185
67
155
70
914
933
61
174
275
1041
944
1041
295
851
395
286
286
2142
2121
2949
2891
2039
2143
2976
2975
2361
2933
2916
2349
2933
3164
2344
3051
3053
2326
2217
3052
3117
3169
3152
908
63
1014
177
64
66
922
172
1042
275
852
289
267
883
854
1175
1042
380
1177
2122
2926
2936
2927
2921
2352
2917
2332
3117
3164
2333
3054
3099
908
1014
1009
165
67
932
1011
926
267
883
852
386
266
284
2021
2021
1176
2984
2888
2892
2002
2148
2930
2004
2345
2242
2005
2351
2344
3120
2327
2367
2363
2219
3058
3095
908
1013
2169
2169
58
929
929
911
2127
930
180
180
267
855
850
855
2138
263
2138
2931
2139
2139
2931
2875
2929
2979
2934
2905
909
2933
3120
3119
3112
2367
2366
2327
3116
3164
2326
2220
978
911
2169
179
57
57
2127
2127
930
179
930
2639
2700
2639
837
386
2662
2650
911
781
2663
2637
778
2652
2366
2652
716
2638
715
