2896
1167
373
564
552
551
973
981
1167
1090
550
595
982
1157
1169
1087
1096
1096
1094
404
561
561
961
1154
1156
1100
399
543
686
684
685
962
1162
1195
402
698
697
692
954
952
1161
1160
1159
1197
498
697
693
694
954
1008
1160
639
640
643
694
998
1013
1013
1009
1007
1209
1213
1188
1194
505
638
513
644
644
997
1007
1199
1177
504
504
511
512
635
648
996
1028
1206
1207
1214
1177
525
526
2073
1857
2883
1029
2895
2078
2080
2074
1859
2883
2882
2893
2745
2080
2055
1863
1856
2748
2065
2054
2056
2055
1873
1874
1876
2848
2752
2753
2738
2040
2038
2045
1929
2889
2888
2839
2752
2736
2736
2735
2736
2037
2039
2047
1944
1943
2662
2662
2628
2627
2727
2733
2733
2036
2036
1932
2650
2554
2116
2115
1930
1919
2647
2626
2553
2624
2555
2555
2542
2544
2084
2083
2113
2113
1921
2652
2535
2082
2112
2112
1907
1906
1920
1921
2651
2653
2642
2571
2570
2572
2536
381
382
383
377
376
374
562
558
558
558
553
552
594
593
973
973
974
1166
1168
1166
1168
1173
1171
1088
1090
1089
1093
381
376
375
563
564
544
564
597
595
980
976
965
976
964
1165
1169
1155
1090
1094
1089
1096
378
405
406
400
561
544
543
688
687
685
685
982
957
963
963
964
962
1164
1155
1099
1101
1099
1096
1107
404
406
398
400
545
547
687
688
685
957
969
953
954
1154
1163
1156
1160
1101
1196
403
403
402
395
398
396
700
700
697
679
679
957
679
957
1163
1159
1160
1197
1197
1197
521
520
498
698
638
697
697
692
693
1016
956
1012
951
1009
954
952
1162
1210
1188
1194
1193
1194
1194
521
520
505
501
501
498
643
645
691
999
1013
1013
1010
1026
1007
1199
1211
1202
1212
1179
1190
1191
521
503
504
512
640
639
642
647
645
999
998
997
1010
1202
1199
1201
1213
1180
1180
1179
527
528
530
513
511
509
637
508
637
646
646
1001
1002
996
1030
1030
1030
1208
1204
1205
1208
1214
1178
1186
1185
527
525
510
510
1865
647
1858
1857
2883
2883
2894
1029
1208
1208
1207
1205
1204
2756
1178
1177
2745
2061
2062
2080
2071
2071
2074
1865
1885
1865
1864
1859
1859
1859
2882
2895
2891
2895
2895
2894
2806
2756
2847
2815
2756
2758
2744
2747
2061
2060
2080
2079
2070
1885
1865
1858
1873
1875
1874
2892
2886
2886
2846
2846
2849
2751
2849
2759
2744
2743
2744
2059
2064
2068
2057
2057
1868
1868
1867
1875
2887
2888
2845
2849
2848
2749
2750
2750
2726
2738
2728
2065
2046
2056
2048
1870
1870
1941
1873
1872
1876
2661
2838
2840
2752
2753
2726
2728
2731
2736
2038
2039
2042
2043
2045
2051
2048
2049
1929
1929
1944
1941
2668
2648
2839
2752
2722
2732
2037
2040
2043
2043
2047
1932
1931
1944
1941
1940
2662
2647
2660
2668
2627
2628
2550
2552
2551
2554
2543
2733
2541
2098
2098
2099
2099
2116
2116
1932
1907
1930
1942
1916
2660
1941
2648
2649
2649
2633
2626
2555
2543
2544
2085
2081
2106
2099
2115
2111
1907
1918
1920
1919
2654
2653
2650
2625
2625
2624
2555
2572
2568
2542
2535
2083
2085
2107
2107
2107
2113
2113
2110
1909
1906
1921
2656
2652
2645
2642
2571
2568
2535
2538
2536
2538
2537
2081
557
1171
370
383
373
555
564
558
553
593
594
994
980
994
983
976
1166
1166
1172
1087
1088
1090
1093
1093
382
379
380
377
375
563
562
546
559
551
550
550
549
596
598
981
984
970
1175
1175
1172
1173
1127
1095
1092
1105
378
385
392
560
561
546
547
550
598
977
979
978
978
971
971
970
965
1152
1157
1151
1098
1106
1106
405
386
388
392
385
399
545
686
684
960
959
969
961
1154
1149
1100
1098
1104
1107
1103
403
403
395
397
397
396
704
705
699
700
681
682
960
960
950
951
1161
1151
1149
1098
1189
1196
534
500
501
704
702
700
696
691
680
1015
1009
1025
1211
1211
1191
1193
524
536
501
641
651
650
1015
1014
1023
1027
1027
1202
1216
1210
1188
524
529
524
507
519
517
507
518
634
643
643
1002
1005
995
1010
1026
1018
1202
1218
1215
1217
1212
1218
1184
1185
526
504
516
518
508
634
636
637
648
653
654
1002
1005
1001
1004
1033
1032
1031
1020
1220
1220
1183
1182
515
2073
509
1883
1862
652
2880
2880
1032
1033
2890
1031
1205
2755
1181
2746
2062
2062
2080
2071
1887
1886
1862
1861
2879
2880
2892
2890
2807
2809
2806
2814
2813
2756
2759
2758
2747
2059
2062
2060
2068
2071
1887
1863
1860
1856
2874
2886
2884
2846
2806
2849
2813
2757
2757
2747
2747
2067
2066
2067
2068
2054
2077
2054
2053
1899
1892
1869
1852
2887
2886
2846
2840
2835
2751
2724
2749
2744
2730
2065
2044
2050
2051
1870
1870
1872
1827
2889
2841
2838
2843
2722
2721
2729
2729
2044
2050
2049
1891
1928
1923
1831
1830
1935
2665
2843
2842
2722
2722
2727
2546
2731
2035
2033
2033
2102
2042
2117
1931
1926
1932
1944
1942
1943
2662
2659
2659
2668
2668
2631
2550
2551
2546
2733
2540
2088
2100
2101
2102
2118
2119
2119
1907
1925
1916
1935
2655
2657
2634
2631
2630
2552
2549
2539
2539
2540
2088
2091
2118
1910
1908
1918
1917
2655
2646
2634
2633
2645
2635
2638
2575
2569
2538
2084
2087
2087
2090
2082
2090
2107
2107
2110
2109
2110
1910
1909
1908
1918
2656
2651
2654
2642
2645
2643
2637
2639
2639
2570
2577
2578
2569
2538
2640
2578
2578
372
587
1172
380
368
372
372
374
555
555
576
576
591
592
592
994
991
985
983
976
1174
1172
1120
1121
1124
1119
1123
1124
1123
1093
364
371
587
586
577
550
590
597
994
987
988
985
984
968
1175
1130
1119
1104
364
388
379
391
390
569
586
566
566
596
606
977
988
967
968
968
1175
1143
1130
1148
1128
1129
1104
1105
388
394
388
394
393
568
569
567
720
682
682
979
960
914
968
1150
1143
1152
1128
1115
1104
1103
386
394
393
705
705
720
681
714
959
967
915
1150
1149
1115
1241
1115
1229
541
537
539
659
705
701
722
690
1016
1044
950
925
925
926
1025
924
1233
1243
1242
1227
1189
534
533
506
535
500
507
659
658
702
651
691
691
1014
1010
1024
1024
1240
1232
1240
1190
524
529
536
507
662
662
651
651
652
1003
650
1003
1024
1024
1019
1021
1217
1216
1215
1181
1182
1184
530
528
523
516
519
661
637
634
674
654
653
1005
1005
1034
1021
1201
1219
1220
1183
1186
466
470
467
516
467
1884
1884
1862
1833
2880
2875
1037
1034
1039
1036
2807
2812
1220
2792
2798
2795
2797
2009
2008
2076
1887
1886
1862
1833
1833
2877
2876
2866
2864
2808
2808
2814
2815
2792
2796
2798
2798
2746
2010
2066
2077
2077
1898
1853
1854
2876
2873
2877
2891
2869
2831
2812
2837
2811
2787
2789
2801
2804
2802
2068
2010
1897
1895
1867
1845
1853
1853
2873
2874
2868
2870
2885
2867
2831
2830
2836
2725
2801
2800
2730
2032
2054
2016
2051
1893
1893
1845
1850
1828
2664
2831
2830
2835
2725
2717
2719
2719
2031
2035
2030
2031
2046
1926
1891
1830
1934
1831
2658
1828
2841
2843
2667
2828
2723
2725
2717
2718
2719
2034
2035
2102
2102
2121
2117
2122
1926
1926
1923
1923
1935
2657
2665
2665
2707
2546
2548
2563
2101
2096
2122
2124
2125
2125
1901
1912
2659
2683
2685
2665
2696
2631
2631
2575
2548
2541
2088
2095
2093
2096
2124
1901
1901
1904
1918
1912
2685
2684
2634
2636
2634
2635
2574
2575
2558
2557
2088
2089
2091
2105
2105
1902
1903
1902
1911
1915
2682
2645
2681
2644
2642
2637
2639
2638
2576
2576
2577
2559
2560
2557
2110
2569
369
371
369
372
579
587
580
578
578
589
589
993
993
991
990
939
975
1331
1333
1121
1333
1120
1122
1124
1109
366
368
587
443
445
583
590
609
591
605
604
605
991
987
937
936
937
935
1143
1146
1127
1111
1110
365
366
390
583
569
567
575
608
604
609
986
986
937
934
932
937
1145
1146
1130
1130
1127
1112
1112
387
427
387
391
568
569
719
713
933
933
932
934
1146
1144
1115
1114
1116
540
542
425
538
394
412
709
710
720
720
712
723
714
913
915
923
923
922
1144
923
1133
1149
1241
1225
1231
1231
542
542
541
542
539
538
659
709
711
708
723
717
1042
911
1043
910
926
924
1134
1234
1234
1242
1239
1228
1228
533
532
539
659
656
663
663
672
721
1043
1046
1044
1046
1048
1024
926
1019
1233
1243
1232
1238
1227
533
535
517
662
662
673
671
1041
1018
1056
1056
1240
1240
1264
470
473
465
462
462
676
673
674
666
667
1045
1038
1038
1039
1018
1020
1260
1260
1257
1265
1266
469
470
466
516
1881
1883
677
668
668
667
1079
1037
1035
1035
1036
2824
2819
1260
2791
1260
1257
1266
2794
2009
2009
2008
1998
1887
1881
1877
1836
1835
2875
2861
2865
2865
2866
2809
2823
2820
2812
2784
2792
2798
2797
2012
2012
2011
2076
1898
1896
1896
1835
1853
1836
2871
2867
2864
2812
2790
2790
2789
2789
2803
2803
2802
2012
2003
2003
2016
2077
1897
1899
1896
1896
1895
1851
1854
2872
2868
2872
2831
2837
2789
2800
2801
2771
2773
2804
2026
2014
2032
2017
1890
1892
1851
1850
1851
1826
1827
1821
2871
2860
2827
2828
2836
2724
2801
2761
2772
2775
2774
2025
2030
2121
1829
1824
1822
2659
2856
2843
2670
2708
2708
2723
2607
2611
2772
2719
2562
2029
2035
2127
2096
2122
2122
1963
1938
1825
1936
1822
1821
2673
2670
2673
2708
2708
2707
2608
2608
2563
2563
2565
2136
2095
2127
2096
2123
1958
1925
1937
1937
1935
2685
2670
2695
2693
2706
2608
2549
2564
2566
2566
2566
2141
2093
2162
2125
2125
1984
1903
1904
1915
1914
2683
2680
2685
2680
2696
2693
2575
2560
2559
2560
2142
2089
2093
2151
2151
2104
1982
1983
1915
1979
1915
2681
2682
2691
2689
2636
2620
2619
2560
2557
2104
441
1109
363
369
442
442
581
581
577
607
612
631
589
607
622
621
623
991
943
939
940
1333
1339
1341
1340
1340
1127
1338
1109
365
363
444
445
580
579
613
609
629
944
943
946
936
940
1332
1329
1333
1129
1343
1111
1110
366
424
445
443
584
573
574
575
600
600
609
606
945
928
929
1330
1132
1146
1137
1118
1117
426
428
425
425
425
414
408
408
575
572
575
602
608
712
713
947
949
928
1145
930
1135
1141
1141
1114
428
427
426
418
413
413
710
717
716
913
914
920
923
1135
1139
1140
1140
1231
1231
496
457
414
656
707
711
715
281
717
912
1042
912
910
926
918
1134
1236
1237
1225
1225
533
494
492
458
670
722
721
1040
1041
1047
911
1053
1053
917
1055
1054
1235
1237
1223
1223
1228
473
495
460
461
658
665
665
670
669
669
1050
1047
1047
1050
1052
1056
1248
1254
1248
1263
1265
1262
1262
470
473
462
454
454
672
671
1075
1049
1061
1056
1060
1061
1249
1256
1257
1263
1264
472
1992
465
453
1878
675
1877
666
1077
1078
1081
2826
1060
2824
2818
2820
1257
2794
1993
1991
1998
1998
1880
1838
1839
1836
1836
1079
2862
2825
2823
2826
2818
2819
2786
2792
2785
2784
2796
2795
2012
2006
1991
2004
2000
1881
1889
1881
1879
1879
1839
1839
1841
2863
2861
2869
2823
2822
2816
2785
2783
2779
2006
2005
2014
1997
1889
1847
1851
1826
2870
2860
2859
2837
2837
2788
2761
2782
2778
2778
2777
2773
2026
2017
1890
1890
1845
1815
1829
1823
1819
2857
2857
2860
2833
2763
2771
2774
2778
2025
2027
2014
2017
2017
1967
1966
1965
1825
1817
1823
1813
2672
2704
2834
2764
2610
2609
2767
2775
2028
2135
2128
2130
2129
2165
2170
1957
1967
1964
1963
1964
1938
1824
2673
2672
2705
2705
2706
2607
2610
2609
2562
2134
2135
2136
2127
2162
2161
1958
1964
1951
1946
1936
2673
2679
2696
2695
2693
2611
2604
2587
2566
2140
2141
2148
2149
2162
1969
1984
1981
1980
1980
1981
1987
2688
2677
2699
2622
2620
2606
2583
2565
2142
2146
2148
2146
2147
2148
2152
2153
2153
1984
1984
1983
1979
1987
2688
2687
2688
2690
2690
2689
2699
2619
2620
2579
2582
2581
2581
2698
430
430
449
445
441
620
617
616
614
632
632
632
626
623
942
940
941
1332
1324
1339
1324
1342
1341
1337
1338
1338
1349
439
430
444
447
617
614
614
613
628
629
632
621
622
945
1328
1330
1328
1327
1344
1344
1348
1350
438
439
424
448
584
571
584
603
601
123
948
948
947
946
946
1329
1319
1312
1342
1343
1116
1352
420
422
419
408
410
571
574
603
602
289
289
949
949
931
931
1132
930
1138
1138
1137
1118
1118
1397
421
421
420
422
417
417
416
572
711
301
303
715
717
288
280
909
907
919
919
1135
1141
1141
1399
1400
1230
487
419
492
493
412
416
707
275
711
281
281
908
906
908
909
920
917
918
1139
1224
1225
1230
1398
496
496
493
459
664
708
665
360
273
280
1069
1050
1053
917
1053
1247
1236
1225
1222
1222
495
477
478
461
457
459
665
361
359
279
1075
1070
1050
1059
1058
1251
1248
1252
1246
1263
1442
476
473
456
452
452
677
357
351
350
361
1076
1079
1076
1082
1062
1057
1250
1249
1253
1253
472
1994
455
463
455
1539
676
1543
358
352
352
1078
1079
1080
1082
1083
1081
1062
2826
2817
1254
2423
1263
1994
1995
1992
2001
1998
1544
1878
354
1840
1842
2863
1080
2851
2826
2484
2783
2779
1994
1994
2006
1995
1999
2001
1545
1545
1838
1841
2862
1842
2851
2851
2825
2823
2817
2479
2480
2481
2436
2786
2781
2780
2780
2006
2021
2022
1846
1847
1847
1820
1820
2853
2854
2858
2834
2816
2761
2777
2778
2026
2020
2023
2023
2022
1848
1848
1843
1816
1820
1819
1820
1812
2860
2833
2764
2766
2770
2029
2027
2168
1966
1965
1816
1814
2857
2856
2858
2714
2704
2764
2764
2768
2768
2133
2128
2129
2171
2166
2170
1961
1967
1964
1955
1952
1952
1814
1813
2676
2714
2713
2710
2601
2602
2605
2602
2603
2586
2132
2134
2131
2130
2165
2165
2165
1958
1960
1951
1952
1952
1947
2675
2675
2694
2621
2616
2617
2589
2589
2588
2605
2140
2144
2148
2164
2162
1969
1986
1977
1946
1946
2679
2678
2679
2701
2702
2623
2615
2621
2580
2583
2589
2583
2139
2143
2150
2150
2157
2152
1972
1971
1971
1972
1987
1987
2688
2679
2691
2699
2699
2622
2612
2579
2582
2596
1970
620
625
433
450
451
619
618
617
616
629
631
630
624
943
943
797
1326
1327
1327
1324
1335
1335
1350
1345
1347
431
449
451
448
447
620
611
614
611
628
624
128
800
799
1327
1319
1322
1313
1337
1334
1355
1349
1348
439
439
438
435
448
137
601
296
126
289
795
792
929
791
1318
1319
1314
1315
1313
1356
1356
1353
436
411
411
411
410
411
572
302
294
288
794
791
770
1319
1316
1354
487
490
418
417
202
200
303
303
272
277
289
907
928
779
770
886
1135
1401
1401
1400
1396
486
487
488
490
415
417
201
303
274
274
271
300
277
281
906
906
885
884
884
1235
1384
1384
1399
494
487
493
458
193
197
275
273
278
1073
1058
897
895
1244
1248
1396
476
478
481
480
461
182
188
358
360
359
1070
1073
1069
1072
1059
1250
1252
1442
1447
1447
1444
1443
477
475
484
479
453
675
358
357
353
1084
1070
1057
874
900
1251
1445
1443
1444
475
1561
475
456
1553
1540
1542
189
1546
350
351
355
355
1085
1076
1064
2473
1062
2484
2442
2428
2429
2421
2424
2422
1581
1551
1553
1561
1553
1539
1541
1541
1543
1546
1548
1654
1842
1638
1085
1842
2472
2484
2484
2481
2436
2421
2430
2421
2422
2424
1582
1580
1550
1539
1547
1670
1639
2472
2474
2473
2480
2477
2436
2435
2004
1582
2020
1999
2000
1550
1544
1670
1669
1643
1643
1811
2854
2466
2475
2475
2481
2478
2476
2433
2432
2432
2433
2781
2019
1518
1516
2023
2020
1959
1848
1673
1670
1811
2854
2854
2298
2465
2476
2446
2433
2769
2770
2770
1522
2020
2023
2167
2167
1673
1959
1672
1817
1641
1671
1815
1814
1814
2853
2712
2285
2709
2764
2767
2766
2769
2028
2169
2168
2171
1961
2166
1954
1960
1954
1955
1949
1948
1812
2303
2303
2712
2714
2711
2711
2601
2604
2585
2132
2133
2164
1957
1971
1947
1948
1949
2308
2676
2714
2709
2617
2615
2617
2587
2585
2138
2145
2131
2145
2157
1978
1976
1990
1988
2678
2702
2700
2614
2613
2580
2589
2600
2144
2143
2149
2159
2159
2155
2156
1972
1978
1976
1989
1989
2316
2678
2313
2315
2702
2702
2623
2612
2592
2592
2597
2597
2139
1978
2596
122
798
432
432
450
620
136
136
132
630
132
625
626
131
127
798
801
797
1326
1294
1290
1335
1347
1335
1346
1347
431
433
448
154
618
139
134
134
127
131
128
126
812
801
800
799
1322
1321
1312
1355
1347
437
437
154
141
137
295
297
297
292
813
794
793
795
792
1322
1316
1322
1315
1314
1356
1351
1352
60
56
436
32
143
144
294
295
296
290
291
291
769
778
777
770
773
1380
1381
1383
1382
1381
1394
1356
489
435
57
32
31
202
202
302
301
298
294
283
282
777
779
771
892
1380
1401
1397
1392
490
488
26
193
201
198
199
299
272
285
278
282
776
776
778
883
885
892
891
891
1385
1386
1398
482
480
23
193
194
199
196
197
299
328
278
775
1073
898
898
886
895
896
1438
1386
1391
1392
484
483
484
479
182
182
188
187
340
318
1071
1073
873
875
895
1439
1446
484
481
40
191
188
190
340
342
1083
1071
1065
1067
875
873
874
899
1447
1447
1564
483
1552
1542
190
189
340
341
353
354
349
348
1084
1067
1064
2486
2485
2442
2441
2430
2428
2423
1564
1561
1553
1540
1547
1655
1653
1652
1639
2471
2472
2483
2487
2442
2440
2429
2402
1581
1579
1551
1556
1670
1556
1661
1655
1654
1639
1636
1638
2467
2468
2474
2487
2481
2440
2437
2434
2405
2405
2404
1577
1580
1519
1550
1578
1557
1559
1664
1667
1634
1648
2469
2469
2465
2478
2447
2436
2414
2405
1522
1518
1559
1673
1673
1664
1665
1644
1646
1646
2300
2477
2285
2447
2411
2416
2415
2415
2770
2414
1522
1525
1525
1524
1516
1527
1798
1800
1672
1642
1641
1647
2302
1647
2300
2288
2288
2287
2287
2445
2447
2221
2220
2219
2227
1523
1525
1526
1528
1799
1808
1809
1766
2303
2303
2305
2286
2218
2221
2603
2238
2586
1536
1537
1529
2169
1797
1807
1953
1953
1809
1786
1768
1767
2308
2311
2701
2320
2710
2175
2616
2591
2591
2237
1537
1535
2138
2158
2154
2154
1795
1975
1793
1974
1785
1784
1766
2314
2317
2314
2315
2317
2322
2319
2613
2591
2600
2599
2139
1495
2159
2159
2156
2155
1975
1974
1975
1977
1784
1990
1779
1988
1778
2313
2314
2316
2321
2323
2323
2182
2614
2182
2593
2180
2597
2594
2597
2600
2600
803
1289
51
52
155
157
157
138
133
134
119
118
119
122
804
798
1295
1296
1296
1299
1290
1293
1293
1276
1274
1274
1273
153
154
156
136
138
134
130
131
813
121
813
804
806
805
1294
1299
1298
1291
1293
1275
1351
1272
50
53
154
141
142
142
143
131
290
811
813
812
809
808
793
807
772
1297
1299
1378
1353
1372
58
57
59
54
28
30
32
145
144
306
292
810
790
772
1320
1382
1383
1380
1378
1371
1393
58
63
60
66
31
25
32
29
305
306
306
284
283
776
788
782
776
771
889
1387
1388
1394
1393
63
63
25
26
30
196
202
198
218
298
300
329
286
286
317
285
883
890
890
892
1385
1389
1395
1389
1391
37
23
183
196
184
195
330
331
331
329
318
320
871
860
868
872
897
872
892
1438
1437
1428
1429
36
44
23
41
188
185
208
327
328
319
877
871
878
872
894
879
895
903
904
1440
1441
1433
1427
42
42
183
188
343
343
349
342
1066
1066
1067
878
880
881
901
901
901
900
1441
1434
1435
1432
1562
1563
1570
41
191
204
349
2518
1067
1065
881
2442
2427
2426
2427
2399
1564
1562
1573
1564
1567
1566
1584
1548
1661
1659
1651
1660
1652
2517
2512
2460
2461
2472
2486
2485
2438
2439
2402
2400
2399
1571
1572
1572
1574
1577
1578
1555
1556
1666
1659
1653
1634
1635
2514
2472
2461
2458
2457
2437
2439
2408
2408
2406
1573
1571
1579
1558
1555
1556
1666
1667
1631
1635
1636
2468
2467
2466
2456
2456
2444
2444
2411
2417
2405
2417
2407
1521
1522
1522
1517
1519
1559
1559
1663
1664
1644
1644
1650
1649
1650
1650
1650
2299
2300
2296
2294
2446
2413
2416
1525
1517
1531
1528
1527
1515
1802
1800
1801
1647
1642
1649
2295
2300
2297
2293
2291
2288
2294
2221
2220
2225
2227
2227
2236
1534
1530
1526
1794
1799
1803
1806
1804
1765
1770
1768
1647
2304
2306
2286
2288
2221
2219
2237
2236
2238
1533
1537
1535
1529
1530
1796
1794
1803
1807
1808
1785
1765
1777
1768
1768
2306
2320
2320
2175
2218
2235
2233
2234
1537
1536
1504
1505
1796
1795
1797
1791
1783
1783
1786
1780
2308
2310
2310
2322
2319
2181
2234
2173
2594
2235
1495
1496
1496
1505
1787
1788
1791
1791
1782
1782
1780
1778
2314
2311
2309
2321
2180
2182
2182
2179
2173
2593
2598
52
149
146
150
148
139
105
119
118
121
803
768
754
1295
1301
1300
1289
1277
1274
50
51
55
157
157
101
104
97
103
119
120
113
807
805
755
1297
1299
1293
1277
1276
1274
55
55
156
142
142
99
100
100
96
120
810
808
806
781
738
1292
1378
1376
1275
1364
48
54
305
309
313
790
809
789
784
773
737
739
1377
1378
1395
1372
1371
1372
63
65
66
56
66
28
145
308
307
312
790
790
783
784
784
887
889
889
1378
1388
1389
63
64
24
29
219
219
308
332
333
284
323
317
788
866
782
888
887
1415
1392
38
38
35
24
196
215
217
331
217
332
335
319
317
323
866
869
869
869
869
896
904
1438
1426
1429
37
35
44
43
185
184
213
331
327
320
867
878
904
832
1439
903
1438
1435
1434
1428
36
44
40
41
211
212
210
210
204
338
346
878
879
901
1440
1434
1432
1431
1568
1569
1570
1570
1566
1583
209
204
341
348
2516
877
2461
881
2427
2427
2402
1435
2426
1432
1570
1569
1567
1588
1585
1661
1658
1656
2512
2517
2521
2461
2464
2385
2438
2401
2402
1576
1575
1589
1591
1587
1586
1661
1658
1632
1633
1631
2515
2460
2463
2457
2452
2380
2410
2402
2408
2408
1574
1575
1593
1592
1586
1657
1665
1630
1633
1630
2513
2455
2454
2458
2444
2453
2410
2412
2418
2406
1483
1460
1463
1664
1694
1687
2264
2297
2454
2265
2293
2412
2419
2413
2419
1485
1460
1462
1463
1801
1800
1692
1805
1693
2295
2296
2290
2292
2294
2294
2195
2224
2224
2225
2226
1533
1486
1531
1461
1792
1802
1805
1771
1774
1687
2306
2306
2269
2291
2195
2223
2227
2232
2232
1501
1534
1507
1792
1508
1763
1804
1806
1771
1774
1772
1767
2346
2352
2345
2305
2329
2290
2329
2187
2176
2233
2231
1497
1494
1508
1504
1508
1789
1788
1793
1761
1748
1790
1783
1777
1777
1773
2352
2351
2327
2328
2327
2329
2325
2325
2179
2176
2176
2176
2245
2246
1497
1497
1497
1511
1787
1791
1747
1783
1779
1777
2352
2309
2350
2348
2326
2326
2178
2179
2179
2173
2246
1776
768
73
151
149
146
151
147
147
101
105
103
116
115
766
767
756
756
756
756
1302
1302
1300
1268
1271
1269
1270
150
148
174
173
104
99
98
96
94
115
113
766
753
755
1304
1305
1268
1373
1270
49
49
55
172
79
180
172
170
100
97
113
762
752
736
734
735
742
1374
1364
1363
1365
46
49
49
59
80
171
99
170
100
307
315
314
311
313
785
734
785
781
735
736
739
737
738
1375
1375
1374
1366
48
62
66
80
261
260
314
312
312
322
787
786
784
829
828
827
1368
1369
1369
1368
1367
1367
34
82
14
14
218
333
259
309
334
786
323
324
783
865
866
834
831
826
1415
1421
1418
35
19
21
20
21
15
216
334
335
326
325
325
868
866
833
832
832
832
1436
1426
1420
1424
35
43
44
212
216
215
210
220
338
337
336
860
326
863
867
862
844
846
846
1426
1421
1421
1427
1568
1625
210
213
205
338
227
344
338
345
861
855
880
843
845
845
1411
1435
1615
1583
1625
211
207
206
207
1709
347
1708
345
2516
344
346
2518
2519
2520
842
2462
843
2383
2384
2384
2382
2396
1432
1616
1624
1584
206
1707
1707
2533
2520
2521
2463
2462
2450
2383
2385
2381
2400
1576
1613
1590
1589
1593
1588
1587
1585
1602
1712
1658
1710
1711
1658
2523
2513
2524
2450
2464
2450
2453
2366
2382
2391
2386
1452
1483
1590
1593
1593
1592
1704
1711
1632
1630
2515
2514
2266
2455
2452
2451
2453
2367
2410
2390
2389
1482
1484
1460
1462
1704
1690
1691
1695
1689
2264
2453
2368
2357
2418
2390
2356
1483
1483
1491
1486
1484
1488
1463
1705
1759
1691
1690
1695
1692
1694
1689
1688
1689
2263
2263
2266
2272
2292
2365
2354
2354
2229
1491
1485
1487
1463
1762
1763
1760
1721
1723
1770
1686
1688
2344
2269
2269
2268
2195
2197
2224
2232
2230
1503
1490
1476
1506
1507
1760
1771
1723
1772
1774
2344
2345
2346
2272
2329
2271
2269
2185
2186
2186
2224
2187
2259
2232
1508
1503
1513
1761
1514
1751
1763
1740
1774
2349
2343
2332
2347
2326
2186
2184
2247
2246
2248
2243
1494
1502
1511
1511
1751
1751
1750
1747
1748
1740
1731
1730
2352
2348
2334
2326
2183
2183
2190
2189
2249
2249
2245
1510
162
748
161
178
162
180
109
111
107
110
116
764
768
765
768
753
750
747
1301
1287
1288
1267
1269
73
178
73
180
176
173
102
101
91
107
108
114
761
753
747
747
742
1305
1309
1286
1268
1271
76
77
77
171
174
171
91
91
94
93
94
114
762
753
745
741
742
1304
1364
1364
76
79
88
260
263
92
264
315
732
734
726
824
1373
1359
1358
1365
46
65
80
83
86
86
259
261
263
312
311
787
726
828
829
1366
6
21
81
15
83
15
268
250
323
238
245
835
835
827
826
1418
1415
1418
10
7
18
21
20
221
216
222
267
257
324
247
835
835
831
826
1421
1424
1423
10
18
17
224
255
258
337
235
247
246
863
858
858
834
852
851
846
1414
1410
1420
1424
1424
1422
8
1608
1608
223
220
229
227
236
236
235
862
855
863
842
846
837
838
1411
1409
1616
1614
1625
224
205
230
2532
2520
2508
2449
843
836
2397
1412
2397
1615
1613
1625
1601
1627
1708
1709
2532
2533
2529
2531
2520
2531
2510
2378
2381
2376
2376
2376
2387
2393
1616
1612
1599
1598
1602
1601
1712
1710
2525
2526
2522
2509
2499
2450
2380
2370
2388
2386
1451
1455
1455
1597
1598
1602
1703
1703
1702
1682
2523
2524
2495
2495
2499
2501
2368
2368
2366
2389
2355
2391
1452
1455
1469
1602
1706
1703
1703
1679
1683
2275
2275
2283
2265
2368
2367
2355
2360
1492
1489
1469
1489
1468
1706
1705
1706
1681
1679
1693
1680
1689
2277
2277
2282
2283
2281
2201
2198
2365
2198
2356
2229
2357
2229
1492
1492
1475
1469
1754
1759
1722
1723
1729
1686
2343
2270
2272
2270
2197
2198
2258
2258
2258
1477
1503
1480
1477
1763
1757
1754
1762
1756
1723
1726
2343
2342
2272
2331
2212
2213
2261
2260
2260
2257
1503
1502
1514
1513
1749
1755
1739
1738
1730
1729
2339
2347
2333
2213
2186
2184
2248
2243
2243
1500
1499
1511
1751
1750
1750
1736
1739
1740
1740
1736
1731
2349
2337
2207
2205
2206
2190
2249
2249
2243
2333
110
160
162
763
764
765
763
749
750
1311
748
1311
1310
1288
1279
1281
73
177
177
111
177
108
94
760
759
761
745
1311
1307
1288
1288
1279
74
179
177
176
163
165
93
239
240
762
729
742
1308
1284
1286
68
71
69
70
87
164
164
264
241
239
733
745
823
1359
1363
68
69
81
82
88
269
262
251
238
731
733
822
817
822
820
1360
1358
5
5
13
89
267
270
256
252
250
245
819
821
821
1415
1418
7
10
2
17
12
267
267
268
258
254
257
247
856
818
815
819
1403
1422
9
18
222
221
255
234
247
858
852
850
839
1411
10
18
225
225
230
229
236
858
852
852
840
1412
1411
1409
1610
1609
1626
1628
1622
1718
1717
227
236
854
2492
855
849
2378
837
2395
1409
1616
1613
1607
1628
1622
1714
1716
2530
2530
2533
2509
2507
2508
2506
2379
2397
2393
1452
1449
1603
1715
1715
2529
2530
2492
2510
2503
2500
2379
2388
2387
1458
1450
1451
1599
1455
1596
1597
1605
1596
1682
2527
2527
2495
2498
2503
2500
2372
2370
2359
1456
1457
1455
1467
1604
1700
1697
1684
2526
1684
2283
2278
2495
2201
2374
2374
2360
2360
2360
1488
1487
1469
1468
1680
1676
1678
2276
2283
2280
2201
2204
2373
2354
2362
2363
1480
1476
1754
1721
1681
1726
1676
2277
2282
2271
2201
2198
2252
2258
1479
1474
1475
1744
1754
1719
1756
1725
1726
1728
2343
2331
2213
2213
2250
2259
2252
2258
1500
1757
1745
1737
1720
1729
2337
2340
2339
2332
2212
2208
2261
2250
2241
2254
1500
1499
1514
1744
1737
1733
2336
2337
2334
2206
2207
2190
2240
2241
2242
1737
179
162
109
108
1287
1281
72
108
743
1307
175
168
165
124
745
262
241
730
728
1284
1358
71
11
270
730
816
824
1361
89
238
733
1416
1417
6
4
269
256
244
851
818
815
1403
12
225
225
249
255
244
242
857
847
838
1405
1610
2
1622
230
233
848
1607
1627
233
849
2397
1409
1609
1619
1619
1718
2492
2507
2507
2506
1613
1596
1603
1604
1716
1715
2527
2492
2502
2374
1457
2498
2498
2498
2496
2501
2371
2371
2394
1466
1697
1683
2494
2374
2359
1454
1700
1700
2274
2279
2202
2362
1480
1466
1753
2277
2278
2200
2204
2251
1474
1473
1755
1720
1729
2340
2214
2203
2251
2255
1474
1719
1733
2340
2209
2208
1512
1727
2210
2240
74
744
1309
1285
759
87
168
165
823
856
817
816
3
1
252
254
1408
230
1408
2397
1626
2395
1595
1449
1715
2489
2502
1675
2503
1466
2363
2204
1480
1677
2216
2203
2210
2254
1737
1733
749
1285
759
1308
70
168
1279
729
1360
252
89
270
820
1
847
839
840
1622
1717
2530
2394
1596
1605
2371
2373
1492
1678
2279
1699
1677
2253
1700
2338
2338
1745
1726
2340
2215
2190
2242
159
1311
124
728
743
1285
68
731
251
1361
11
815
1406
4
248
232
243
855
233
1718
2492
2497
2527
2274
1478
2280
1745
2216
2255
1745
2339
2205
159
124
758
759
1285
165
240
89
1404
3
266
244
1406
848
1610
1610
233
2507
2379
2394
1449
1619
1675
1456
1465
1697
1458
1466
1700
2204
1742
1472
1472
1734
2337
2209
159
125
2191
2191
1282
167
167
2740
2193
84
727
727
1404
248
1
249
1621
1405
1621
2489
1618
1618
2489
2377
1715
2504
2491
2496
1258
1675
2361
2361
2216
1474
1471
1742
2215
2253
1742
1734
1259
1245
2191
725
1282
1282
2193
2193
75
725
84
2072
1245
2072
2741
242
2741
2741
2739
802
2737
655
2547
2716
1471
2716
464
1637
464
