1488
607
355
356
362
362
618
620
608
658
369
367
620
662
666
662
656
653
653
315
353
353
610
610
664
670
314
351
371
370
370
615
611
668
316
191
196
206
609
609
611
672
671
668
193
196
208
208
595
593
672
210
194
209
207
603
596
603
594
594
707
707
699
700
215
210
216
209
227
603
594
721
697
233
235
215
216
210
227
601
586
725
725
702
697
235
235
788
744
761
601
1349
784
784
789
763
761
761
1350
1336
785
782
782
763
1327
896
884
781
781
755
757
756
1353
1325
1325
1339
883
883
929
779
1350
1350
1352
1326
1344
1343
1344
1343
925
925
918
805
805
807
1391
1386
1388
1330
1344
1344
924
926
921
1390
1480
923
922
804
799
799
1473
1475
1473
1481
1487
1487
1487
913
912
917
838
798
1459
1487
914
915
838
838
837
798
798
800
1459
1458
1474
1474
1482
1482
305
304
306
304
304
302
355
356
354
354
361
361
367
366
618
618
606
608
607
607
666
667
667
657
657
658
656
305
302
355
355
352
351
356
367
366
620
619
608
608
608
608
607
662
658
658
658
656
304
315
315
314
352
351
369
371
368
367
368
619
621
616
615
616
610
612
662
669
670
670
653
653
315
317
314
353
353
348
369
371
370
622
616
615
610
611
673
664
673
670
668
316
318
316
313
313
193
193
196
196
208
206
621
206
624
611
673
672
671
670
701
254
254
192
191
192
195
194
208
208
597
596
597
595
595
592
592
672
706
699
700
701
701
701
254
253
253
217
217
217
194
207
207
598
596
596
593
594
594
720
706
721
707
699
699
700
253
253
233
218
212
210
212
227
207
598
603
602
602
586
722
722
702
707
704
698
236
236
236
215
214
216
212
216
209
227
228
600
599
601
601
590
587
723
725
721
724
704
703
703
697
236
235
215
216
744
228
762
763
764
765
1348
590
723
723
725
724
725
1329
704
697
1336
894
897
788
789
789
789
782
789
745
745
763
762
763
763
1349
1368
1350
1349
1349
1355
1329
1355
1354
1329
1328
1336
1338
895
894
785
785
789
782
745
757
757
756
756
1369
1370
1370
1351
1351
1355
1327
1355
1341
1341
1337
1337
895
896
896
781
782
780
780
755
757
1370
1352
1351
1352
1353
1327
1341
1327
1342
1341
1339
896
929
778
779
780
779
805
755
810
756
1391
1352
1388
1388
1326
1326
1343
1342
1343
883
926
925
928
929
919
919
920
918
806
811
812
1391
1390
1388
1326
1332
1344
924
926
925
923
923
918
804
805
811
812
807
1390
1391
1390
1389
1386
1480
1480
1480
1481
1487
1344
1486
924
912
906
922
923
923
839
804
804
811
800
809
807
1389
1389
1389
1462
1462
1481
1486
1486
911
914
916
912
917
917
837
796
800
799
800
1460
1460
1460
1470
1475
1475
1475
1476
1487
1484
913
913
916
916
915
838
838
841
841
796
797
800
1459
1460
1472
1474
1483
1484
1483
1484
1484
1484
914
356
667
306
306
303
359
356
357
364
361
360
645
618
646
604
606
605
605
667
666
657
659
660
660
306
303
302
303
302
352
350
351
357
354
365
361
365
368
368
620
619
617
604
605
665
663
659
658
661
655
305
322
319
349
352
349
363
369
368
622
623
623
623
622
617
616
613
614
664
663
652
654
655
318
318
322
320
318
314
349
371
370
623
621
617
612
664
673
670
669
651
654
651
317
317
316
313
248
348
193
187
195
195
206
205
624
624
583
609
727
673
727
673
708
654
254
252
193
193
187
195
187
204
204
597
595
582
720
706
700
701
251
251
218
186
226
226
598
597
583
582
581
720
729
706
705
254
250
250
252
219
218
218
219
213
212
213
600
599
602
594
586
588
722
721
705
731
705
702
698
713
236
233
233
219
219
211
213
211
228
226
228
600
600
600
602
590
591
588
587
724
704
703
712
232
788
214
748
744
229
764
766
591
590
1348
587
724
1328
703
1338
897
897
785
788
787
783
745
764
765
766
1368
1348
1357
1358
1357
1356
1354
1329
1336
1328
1337
895
897
898
898
786
787
783
759
759
760
1369
1368
1358
1355
1353
1354
1328
1340
1338
1337
896
899
898
884
884
786
778
786
783
774
780
760
1369
1370
1351
1387
1376
1325
1334
1335
1341
1340
896
884
928
778
773
755
810
810
1370
1384
1383
1387
1388
1335
1346
1346
927
928
920
774
806
802
802
810
812
1383
1383
1387
1332
1331
1331
1331
1346
890
890
890
926
928
923
921
920
806
806
811
812
809
1393
809
1394
1386
1468
1332
1330
1479
1345
1345
909
907
906
908
922
922
843
795
803
795
808
790
1394
1463
1462
1473
1481
1479
1486
1485
1485
911
906
917
841
796
797
800
1461
1463
1463
1462
1463
1470
1470
1476
1476
1485
911
911
911
910
914
915
916
915
917
840
840
841
841
796
797
792
1459
1463
1458
1460
1471
1472
1472
1471
1474
1464
1477
1477
1483
1472
1466
1464
312
359
665
305
309
312
307
312
359
359
358
364
365
364
360
645
646
647
647
604
605
692
665
659
659
694
661
661
660
660
308
311
358
350
357
364
365
360
645
650
650
647
650
613
692
675
661
655
303
322
311
320
320
349
350
363
365
365
343
623
619
626
617
613
663
675
663
675
652
689
652
655
322
320
324
319
321
348
349
339
363
205
205
623
626
625
614
614
678
678
679
652
651
654
317
321
248
190
190
205
205
198
626
625
625
727
676
679
708
680
716
245
245
248
246
186
190
203
204
567
568
583
583
584
584
582
584
727
728
708
710
710
251
251
252
247
247
247
186
186
187
225
203
204
568
593
585
585
705
729
709
709
249
250
250
242
213
225
221
226
229
600
230
563
589
581
588
581
729
729
709
711
713
710
234
234
239
241
219
213
213
221
222
230
230
564
599
589
588
722
731
711
712
712
238
239
239
232
238
748
748
747
764
766
766
589
591
591
587
1356
1307
731
1310
1322
1320
1319
903
903
787
787
747
750
750
759
765
766
1364
1359
1358
1357
1357
1307
1307
1324
1322
1322
1338
899
898
886
786
772
750
760
758
1369
1365
1368
1359
1358
1356
1376
1356
1309
1308
1324
1323
1323
899
899
775
774
773
773
759
817
1365
760
1367
1367
1365
1359
1375
1375
1376
1335
1334
1340
1340
891
886
887
919
772
774
773
818
819
1392
1385
1385
1376
1334
1335
1347
1347
889
889
888
889
929
801
802
818
802
823
809
820
1384
1385
1387
1372
1373
1335
1331
1347
1346
890
889
907
927
927
927
920
843
803
803
803
808
809
1394
1384
1372
1332
1467
1409
908
908
842
843
843
844
801
791
809
790
1394
1394
1454
1468
1468
1467
1479
1485
909
908
906
908
845
844
839
793
793
791
1461
1463
1454
1454
1454
1469
1466
1469
1477
1478
910
910
910
846
846
840
795
855
797
793
1461
1457
1455
1457
1472
1471
1465
1472
1466
1466
1464
1477
1478
1478
840
1478
308
309
309
312
284
358
358
357
340
342
342
647
646
647
647
640
640
634
634
692
693
695
695
695
686
308
309
311
289
285
341
347
347
342
343
343
343
648
650
650
637
637
634
614
674
694
687
687
324
310
311
341
341
341
338
347
344
344
650
649
637
614
636
637
678
678
674
680
689
689
690
324
324
324
321
339
339
344
197
649
636
636
632
678
677
680
689
690
244
244
321
248
321
276
276
190
190
200
198
202
199
626
625
614
627
631
676
627
677
679
726
716
716
715
245
243
245
244
248
248
276
189
189
189
201
199
567
631
568
585
584
582
728
737
728
726
708
714
716
249
243
247
246
278
188
223
225
201
567
565
568
568
561
585
561
581
728
728
733
740
710
249
242
242
223
223
221
224
565
560
579
733
739
709
713
237
239
242
241
240
220
221
222
231
231
565
563
563
578
579
579
730
731
711
713
712
238
237
238
240
767
748
222
230
231
231
572
575
578
578
578
1305
1305
730
1310
730
730
711
1319
903
903
902
768
768
747
747
751
750
765
1364
1364
1362
1362
1361
1305
1306
1307
1310
1308
1322
1321
905
904
902
768
768
776
753
753
751
751
1366
1361
1360
1304
1309
1308
1308
1309
1324
1323
1321
905
886
904
887
769
771
775
776
774
772
752
758
1367
1360
1367
1360
1375
1309
1313
1324
1314
1314
1323
893
885
886
887
775
774
818
818
816
820
819
821
1367
1377
1385
1375
1373
1334
1333
1333
1335
1315
1315
891
888
880
823
823
820
1392
1378
1384
1377
1381
1372
1373
1371
1407
1347
1347
1409
891
888
888
908
880
842
832
824
824
824
824
821
1377
1393
1377
1380
1372
1453
1373
1467
1411
1410
1411
867
907
870
870
844
844
801
834
791
791
1394
1452
1452
1469
1468
1469
1479
1411
1411
1411
1409
867
869
869
844
844
859
855
856
793
794
790
1450
1455
1453
1453
1465
1467
1400
1401
1400
866
865
869
868
847
846
854
855
794
856
794
792
1455
1457
1457
1465
1465
1401
1400
1403
846
284
686
307
307
285
285
284
326
326
347
328
331
331
332
331
335
333
648
641
641
635
635
693
691
696
695
696
696
686
308
307
286
289
289
341
340
347
332
643
641
642
638
633
635
634
693
692
685
690
687
310
293
288
289
289
341
340
337
346
346
346
343
649
638
638
674
677
675
684
688
690
323
301
301
301
300
296
300
296
337
338
338
345
346
197
197
649
644
632
678
629
684
684
681
680
323
323
323
301
296
276
188
199
198
630
631
629
627
677
681
684
681
715
716
262
277
277
277
188
189
202
199
199
630
567
630
631
562
628
735
737
735
735
738
243
263
262
278
224
201
201
566
566
566
562
562
560
737
733
734
734
740
740
717
714
249
262
242
272
278
267
225
224
224
231
559
558
565
559
561
734
733
742
740
739
719
717
718
237
256
242
271
269
220
231
564
576
580
579
580
580
741
739
739
718
719
237
902
240
268
746
220
746
222
572
574
575
1362
580
1306
1306
1311
719
1320
901
901
902
767
746
754
753
751
751
573
1363
1363
1361
1306
1305
1311
1311
1310
1312
1312
1321
1320
905
904
902
902
771
767
771
770
754
754
753
752
749
1364
1363
1361
1360
1374
1304
1312
1321
1321
905
885
887
770
771
776
816
813
1367
1366
1382
1374
1374
1304
1303
1313
1314
1318
1318
1315
892
887
769
776
818
815
817
821
1379
1379
1379
1381
1382
1371
1313
1314
1317
893
893
882
887
880
832
832
833
823
817
821
821
1378
1380
1371
1431
1408
1408
1416
1315
893
867
870
882
881
881
880
858
833
833
833
835
822
822
1378
1378
1452
1430
1431
1407
1407
1410
1409
862
867
867
881
877
842
859
834
835
826
822
1447
1447
1453
1452
1431
1406
1406
1410
1411
866
867
870
875
847
859
856
859
834
794
856
827
1451
1449
1419
1425
1425
1401
1402
1400
865
868
869
866
868
875
857
876
857
855
854
856
856
794
794
1451
1451
1450
1449
1456
1456
1425
1425
1402
1405
1405
1403
1456
286
291
286
285
284
280
287
280
326
328
329
331
335
335
641
640
639
635
693
691
434
696
696
696
687
686
530
292
292
286
288
289
326
328
327
329
330
332
332
333
642
635
635
432
434
429
685
530
530
292
293
300
293
287
337
287
345
330
93
643
644
643
642
638
633
682
431
691
688
688
528
295
295
300
298
298
337
338
345
345
96
96
644
644
632
629
682
629
683
683
684
681
688
523
266
299
299
261
298
274
297
336
202
102
103
200
199
96
185
630
632
628
628
682
683
681
521
521
715
266
261
261
275
277
274
273
172
202
185
183
566
415
562
416
628
560
736
737
735
716
715
519
263
262
263
275
278
188
172
172
172
183
558
559
562
562
734
736
736
738
511
717
257
256
257
272
270
270
267
164
171
171
565
571
559
577
577
734
742
743
740
718
511
256
255
272
268
269
220
163
165
165
163
570
574
570
577
580
732
741
743
743
743
255
900
271
271
268
1091
267
999
164
165
165
572
574
574
574
570
576
576
1129
1118
741
1212
719
900
1073
1088
1088
770
1001
754
167
751
1139
1141
574
1141
1128
1137
1321
1211
900
901
1072
1072
1081
770
999
1000
752
749
1141
1140
1143
1363
1128
1304
1311
1137
1137
1136
1303
1312
1316
1316
1318
1081
1082
769
777
777
752
813
1143
1142
1142
1382
1374
1303
1302
1317
1318
892
1082
882
1083
1083
769
777
817
815
814
814
813
1143
1382
1371
1303
1417
1317
893
893
879
831
831
815
821
1379
1381
1381
1430
1430
1429
1408
1416
1415
862
862
882
882
879
877
878
832
836
836
835
830
822
1447
1446
1446
1430
1433
1431
1408
1407
1406
1413
1412
863
862
864
881
877
874
878
858
858
835
830
830
828
1448
1447
1446
1431
1432
1436
1402
1413
1412
1413
860
863
875
874
857
859
826
852
826
826
1451
1448
1448
1418
1419
1418
1424
1425
1402
1404
1404
1404
860
860
876
876
876
850
850
850
851
853
853
827
1451
1451
1449
1443
1419
1425
1424
1401
1404
1405
850
283
334
290
282
283
280
279
325
329
329
334
334
335
641
641
639
639
433
433
434
434
532
533
530
531
292
282
282
281
281
280
325
329
329
330
335
94
388
387
432
432
433
429
533
533
529
529
530
292
293
295
294
281
113
327
98
93
97
386
387
384
386
432
425
431
430
429
522
529
524
295
298
294
298
297
298
336
103
103
97
385
385
384
431
430
523
266
264
299
274
85
85
102
103
184
185
96
416
384
417
413
413
683
521
520
521
519
265
265
265
264
275
274
88
103
173
173
184
184
182
185
417
416
413
412
414
736
515
520
521
263
266
275
270
88
89
173
184
182
415
411
412
732
501
742
517
257
257
259
259
272
90
72
164
163
171
571
558
571
405
398
742
743
511
512
512
515
515
258
256
259
272
268
162
164
163
166
571
577
577
399
505
741
512
512
515
255
1076
255
271
1087
1089
1091
162
1001
166
167
166
167
569
573
576
1129
399
1129
1118
1120
1116
1212
1212
1212
1073
1088
1088
1076
1087
1088
1091
1091
1001
1000
1001
1006
1139
1140
569
1139
1132
1129
1128
1118
1120
1120
1120
1211
1211
1211
1073
1073
1088
1090
1000
1000
1140
1141
1132
1131
1137
1138
1120
1215
1072
1072
1082
1082
1083
1085
999
1004
1004
1004
813
1143
1142
1148
1130
1130
1138
1138
1136
1302
1136
1302
1316
1316
1080
1071
1080
1082
1080
1021
777
1021
1004
814
1147
1142
1159
1138
1138
1135
1435
1417
1415
1317
1025
1026
1080
1033
879
1021
831
1021
815
1016
1016
815
814
1144
1147
1160
1159
1432
1435
1417
1417
1417
1026
1033
879
878
878
1017
957
836
836
830
829
830
829
1154
1153
1434
1434
1433
1433
1437
1416
1413
864
864
872
858
851
830
828
828
1441
1446
1434
1434
1440
1438
1440
1413
1397
864
863
873
863
872
852
970
827
825
1448
1421
1421
1428
1423
1438
1399
1399
861
861
875
873
873
849
850
850
852
853
827
825
1445
1445
1445
1443
1419
1421
1418
1424
1424
1399
1405
1398
860
853
1405
106
394
290
283
283
279
279
115
115
329
114
334
335
106
94
394
394
394
436
436
438
532
531
532
532
531
291
282
281
33
325
115
114
105
93
105
94
94
391
387
388
388
433
425
429
533
531
291
292
33
30
30
98
100
100
93
390
383
388
386
387
423
430
431
423
430
523
524
528
16
16
294
86
86
86
101
99
99
99
97
97
385
385
383
384
424
427
427
527
526
527
524
524
264
294
13
84
84
85
85
103
102
101
101
180
95
416
417
413
428
428
520
521
516
264
265
13
88
89
88
89
176
181
182
181
180
417
411
417
414
412
414
428
500
499
520
517
258
260
90
90
91
89
87
87
176
175
182
415
415
412
410
414
501
500
500
501
517
517
260
260
259
272
70
69
72
74
173
181
405
405
397
397
510
501
487
258
260
70
71
73
74
162
170
570
405
405
404
399
398
399
505
487
487
1076
258
1089
1089
73
73
162
169
166
167
170
170
569
404
399
1127
1126
1118
1120
1117
1116
1212
1076
1079
1086
1090
1002
1007
1006
1005
1190
1132
1132
1127
1126
1119
1119
1116
1209
1071
1069
1086
1090
1003
1002
1007
1005
1006
1188
1190
1140
1149
1148
1132
1131
1138
1119
1124
1216
1216
1215
1209
1069
1081
1070
1084
1084
1090
1085
1003
1004
1009
1145
1149
1148
1130
1133
1135
1214
1215
1215
1071
1082
1085
1022
1022
1022
1004
1015
1145
1145
1147
1134
1159
1134
1242
1238
1417
1242
1415
1238
1025
1025
1027
1027
1033
1032
1019
1019
1016
1016
1015
1015
1153
1144
1153
1161
1161
1160
1160
1436
1135
1437
1436
1414
1238
1027
1026
1032
1033
1017
956
956
969
1154
1154
1155
1160
1437
1437
1414
1414
1412
1023
1024
1028
872
951
957
957
955
957
970
968
968
1154
1442
1421
1434
1433
1437
1437
1440
1397
1397
1023
1028
861
873
872
848
951
848
951
955
970
972
968
1444
1445
1442
1422
1442
1420
1420
1440
1440
1399
1397
861
1043
871
871
871
849
849
945
851
852
971
825
972
825
972
1444
1444
1445
1422
1422
1420
1427
1426
1426
1423
1426
1398
1396
1398
1395
1398
393
551
27
27
27
31
31
115
115
114
106
107
107
107
393
394
435
437
437
437
437
440
438
551
550
549
549
33
33
32
32
113
110
106
105
391
108
391
393
392
425
436
436
437
440
440
550
529
549
15
33
33
32
30
30
113
105
100
390
391
391
389
389
383
389
425
425
440
526
524
535
15
11
15
14
28
81
86
83
110
100
95
390
379
380
423
427
527
427
526
525
524
16
12
13
13
11
13
84
82
83
101
181
95
95
378
379
380
380
409
426
514
527
525
516
12
12
91
48
81
92
84
87
82
176
175
175
179
180
179
180
411
410
409
428
499
514
518
518
518
56
56
92
92
92
87
176
174
177
179
178
178
405
400
408
411
510
410
500
499
486
486
518
56
53
70
70
72
74
77
177
178
168
402
400
402
397
510
510
508
508
506
486
487
487
483
51
51
71
74
169
169
170
170
403
404
404
402
395
509
510
510
506
507
506
487
483
482
1075
1075
1079
71
73
78
168
1189
403
403
399
1126
1116
1210
1117
1210
1075
1075
1074
1074
1079
1108
1115
1002
1008
1007
1007
1007
1188
1189
1190
1193
1192
1127
1126
1126
1125
1119
1218
1218
1209
1074
1077
1074
1079
1070
1086
1115
1115
1008
1010
1009
1188
1189
1190
1131
1192
1133
1125
1124
1121
1217
1216
1219
1071
1069
1070
1084
1114
1114
1010
1010
1009
1185
1149
1148
1149
1131
1133
1156
1134
1125
1242
1216
1216
1214
1219
1054
1025
1054
1054
1084
1085
1114
1022
1020
1014
1014
1146
1146
1146
1145
1146
1147
1159
1151
1156
1135
1242
1238
1027
1031
1032
1019
1031
1018
1019
1022
1022
1015
1014
1146
1152
1152
1152
1158
1158
1158
1158
1157
1240
1240
1240
1239
1239
1027
1030
1030
948
1019
954
953
956
953
964
969
967
1155
1155
1161
1161
1236
1439
1232
1233
1233
1027
1024
1029
1029
1028
951
949
949
957
956
965
969
966
969
968
1155
1300
1301
1255
1439
1439
1439
1395
1023
1024
1044
1045
952
952
952
945
970
971
971
972
1441
1288
1442
1422
1428
1428
1440
1259
1396
1395
1043
1043
1045
1045
950
952
952
945
945
971
972
973
1444
1442
1443
1420
1428
1427
1427
1427
1426
1396
1396
26
27
24
27
23
115
112
107
109
108
393
457
464
435
437
439
551
550
550
14
27
25
32
29
112
112
111
111
106
109
108
392
392
464
422
439
439
551
548
546
14
28
29
28
29
111
110
125
104
104
377
377
392
420
421
422
539
539
547
535
16
20
137
138
136
378
377
382
380
424
421
421
539
538
525
536
525
535
19
22
22
11
21
83
83
137
138
136
379
379
381
382
419
428
419
426
526
514
514
12
21
92
82
82
81
137
175
179
147
149
147
381
407
406
409
499
476
516
56
55
55
49
91
92
77
174
150
174
179
178
148
149
408
407
408
406
406
504
503
478
477
479
56
56
52
53
69
69
77
177
177
159
401
395
508
504
502
507
478
483
486
483
51
52
52
50
71
75
77
75
79
158
156
401
401
509
506
485
484
484
1078
1078
1078
1100
1100
1113
80
78
169
156
1191
402
1192
509
1122
1122
1210
484
1210
482
1079
1099
1108
1108
1115
1007
991
1188
1189
1193
1191
1193
1192
1123
1121
1230
1217
1078
1109
1109
1107
1114
1115
1008
1009
1187
1186
1187
1194
1193
1193
1196
1125
1123
1217
1217
1218
1218
1077
1070
1107
1110
1110
1008
1010
1186
1187
1185
1194
1195
1195
1196
1134
1182
1124
1241
1219
1219
1056
1055
1031
1020
1013
1185
1194
1151
1151
1164
1156
1242
1241
1241
1239
1055
1053
1018
947
1018
1020
1013
1014
979
1152
1151
1150
1158
1157
1158
1236
1236
1236
1240
1239
1029
1030
1030
1030
948
947
954
953
964
967
1150
1150
1295
1299
1234
1235
1235
1235
1233
1044
1029
1042
949
1042
948
944
954
965
966
966
967
1286
1289
1289
1300
1301
1301
1301
1256
1255
1232
1233
1045
1035
1044
1045
1042
950
952
949
942
946
946
975
965
974
966
1289
1288
1288
1300
1298
1301
1299
1299
1255
1259
1258
1259
1265
1265
1043
1035
1035
1040
950
941
946
975
974
974
1289
1287
1287
1287
1297
1297
1296
1296
1258
1259
1264
973
457
37
26
26
24
24
24
23
121
112
123
119
109
457
458
463
464
464
463
450
450
450
555
546
548
546
25
23
29
42
111
125
112
109
118
120
108
458
463
463
439
447
548
543
547
18
18
25
41
40
40
42
126
126
130
130
460
462
462
462
422
422
538
548
548
535
17
19
19
22
20
41
125
57
133
138
131
130
132
131
379
459
374
420
462
420
420
422
421
539
538
538
536
19
17
22
20
58
137
138
136
132
147
379
381
382
419
419
537
537
537
534
537
534
536
55
21
48
59
59
150
135
136
146
381
148
149
382
373
407
406
418
465
477
476
479
54
47
50
50
49
62
59
150
152
148
148
149
408
407
504
503
504
503
502
477
480
479
55
53
53
50
60
77
76
151
151
152
152
400
144
396
396
396
494
508
503
485
478
478
484
1100
1096
80
76
79
158
158
157
158
159
401
492
509
494
507
507
474
484
1101
1108
1096
80
80
80
79
991
158
1203
157
1203
157
157
1208
1208
1208
494
1177
493
1122
1123
1122
1230
1226
484
1099
1100
1113
80
992
990
1205
1208
1207
1193
1176
1178
1123
1178
1229
1226
1098
1098
1109
1109
1104
1105
1113
1110
1112
992
992
992
998
992
1203
1187
1207
1177
1196
1176
1184
1224
1225
1224
1222
1060
1054
1109
1106
1104
1104
997
997
990
1186
1186
1195
1171
1196
1182
1182
1184
1184
1224
1225
1222
1056
1055
1065
1065
997
1013
978
980
1185
1172
1182
1248
1249
1237
1237
1252
1056
1056
1052
1055
1053
1053
1065
1012
1012
978
978
979
980
980
979
976
1172
1170
1171
1170
1295
1290
1234
1241
1247
1237
1051
1052
1053
1064
947
944
963
962
962
963
976
976
1286
1150
1295
1295
1290
1236
1235
1254
1254
1036
1052
1041
1041
1042
944
963
963
965
964
1286
1285
1286
1294
1300
1294
1295
1299
1256
1268
1236
1268
1232
1254
1044
1036
1042
942
1041
942
942
975
964
1288
1284
1298
1298
1297
1256
1257
1263
1265
1264
1262
1034
1035
1034
1039
943
941
943
941
946
975
974
973
1287
1280
1298
1297
1257
1258
1257
1258
1257
1264
1265
1040
36
451
35
35
36
35
121
123
122
122
120
456
457
458
458
455
455
452
450
555
555
556
556
37
35
37
39
45
42
124
123
126
122
123
120
455
460
455
452
452
450
449
544
548
546
18
39
40
41
42
41
126
126
125
130
118
129
460
459
443
442
441
441
544
547
19
3
3
135
135
133
131
132
374
459
446
441
545
545
543
536
19
22
22
20
57
57
57
134
135
131
132
374
372
418
418
536
5
49
1
62
59
62
59
142
146
146
145
372
466
466
466
480
476
542
54
47
46
49
62
60
59
64
58
151
144
145
373
498
498
465
477
481
480
47
50
50
64
154
152
159
161
144
144
396
490
489
488
492
497
497
475
474
474
481
481
472
52
1103
1097
63
76
151
158
161
161
160
396
492
492
495
495
493
473
474
475
1101
1100
1097
76
79
153
1205
1208
1176
1178
495
473
1231
475
1227
1099
1100
1095
1113
1096
991
987
1205
1205
1204
1207
1208
1206
1177
1178
1230
1231
1231
1230
1227
1226
1098
1098
1105
1106
1112
998
998
991
1204
1200
1207
1176
1174
1177
1229
1223
1222
1222
1060
1061
1060
1106
1105
1112
997
998
996
982
1200
1171
1166
1166
1166
1183
1184
1223
1224
1225
1225
1221
1058
1061
1065
1112
995
996
996
986
980
1172
1172
1166
1164
1183
1248
1247
1251
1051
1053
1064
1053
1064
1012
1012
995
986
978
979
985
976
1172
1169
1167
1170
1163
1275
1248
1248
1247
1252
1253
1249
1253
1050
1052
1063
1064
940
939
962
962
960
977
1285
1285
1294
1293
1277
1268
1252
1254
1254
1048
1036
1049
1048
935
936
940
935
939
963
960
1286
1282
1294
1293
1293
1277
1268
1262
1262
1254
1036
1036
1041
1038
936
935
934
932
959
959
1280
1286
1298
1292
1256
1268
1263
1262
1262
1037
1039
1039
943
943
933
934
934
934
961
934
961
1280
1280
1292
1291
1292
1266
1263
1264
1261
1280
122
38
36
456
456
454
454
454
452
448
451
449
447
552
556
556
37
45
44
121
43
118
120
456
453
461
452
449
447
552
557
557
38
39
45
45
43
124
127
129
128
461
461
442
441
545
544
6
7
7
7
3
4
116
135
128
129
376
445
445
544
557
5
7
1
1
3
135
134
127
129
375
446
418
372
466
469
542
542
10
5
1
61
58
61
142
142
146
145
469
468
468
466
480
10
9
8
46
62
61
64
154
154
154
142
145
373
373
498
467
472
481
9
47
65
64
154
155
139
491
491
488
497
472
9
46
65
63
153
153
160
490
492
495
497
474
471
472
1103
1102
1096
1093
1094
988
987
160
161
490
1198
491
495
1173
495
1231
470
1102
1102
1097
1093
989
989
988
1205
1205
1206
1174
1175
1174
1173
1231
1228
1227
1058
1057
1111
989
987
1202
1202
1198
1174
1181
1183
1231
1221
1221
1058
1058
1061
1106
1061
1067
1112
1112
1067
982
1200
1201
1166
1201
1165
1183
1180
1220
1221
1059
1062
1062
1067
1066
995
994
985
1169
982
1169
1168
1166
1165
1243
1180
1250
1250
1251
1062
1063
1068
1066
985
977
984
1169
1163
1163
1244
1276
1244
1247
1251
1252
1049
1048
940
939
986
960
984
1167
1167
1293
1277
1277
1270
1253
1049
1047
1063
936
940
939
938
961
960
960
1284
1282
1274
1267
1267
1271
1270
1262
1037
940
937
934
932
960
1278
1279
1282
1283
1274
1273
1267
1267
1263
1271
1037
1038
1038
937
933
959
1280
1279
1291
1292
1273
1266
1260
1260
1261
933
39
36
121
119
554
554
38
120
449
442
45
44
43
116
442
133
128
376
446
543
543
7
62
116
376
445
469
541
4
127
375
541
542
10
8
68
143
141
498
489
468
472
66
65
65
67
155
140
139
489
498
467
471
1103
8
1094
65
140
496
1097
1093
160
496
1228
470
1102
1093
993
988
1198
1175
1175
1175
1095
1105
1111
993
989
983
1202
1198
1181
1181
1059
1162
1199
1165
1165
1180
1243
1228
1220
1068
981
985
1169
1245
1249
1062
995
986
1168
1163
1275
1250
1049
1068
938
1168
1281
1275
1245
1270
1050
1047
936
938
958
1282
1283
1276
1271
1271
1047
938
958
1283
1274
1266
1038
930
1291
1269
38
443
449
554
461
0
4
116
545
375
375
469
10
0
143
68
472
153
471
1228
1095
1228
1095
1057
989
1197
1181
983
1181
1068
1251
1244
1050
984
1276
1276
1274
1269
933
961
451
554
454
448
7
43
557
461
541
141
0
143
468
66
489
496
473
1094
987
1202
1220
1067
1066
1243
1244
1050
981
1162
995
984
1270
986
1281
1283
931
958
1278
1274
1266
1261
34
449
117
443
442
554
6
376
143
541
68
489
467
9
67
155
141
491
140
988
1201
1198
1201
1168
1048
1163
937
1272
1269
937
1283
1291
34
117
453
453
554
116
128
4
540
8
68
141
467
496
1103
1103
140
1175
1179
1220
1057
993
983
1059
1066
994
1059
1068
995
1245
931
1047
1039
930
1279
1274
34
117
1213
1213
553
44
44
1011
1246
2
444
444
540
67
66
67
1094
471
1092
1197
1092
1092
1197
1179
983
1181
1199
1199
513
981
1245
1251
1272
1046
1046
931
1272
1269
931
930
540
513
1213
444
553
553
1246
1246
2
444
2
845
522
845
1011
139
1392
874
1429
513
1011
232
1013
847
1046
847
273
1017
273
