1680
294
532
533
605
605
308
308
294
251
615
611
314
293
297
297
260
261
260
540
528
530
301
289
293
245
457
606
613
613
612
303
289
237
458
449
589
589
303
384
290
242
242
237
448
589
586
587
384
385
242
435
434
435
587
390
389
391
392
382
318
318
318
240
462
442
442
428
427
389
380
331
315
466
459
444
444
439
428
374
380
335
336
337
316
467
467
1186
1130
1132
374
1318
1183
1183
1184
1133
1132
1320
1318
1437
1182
1123
1122
1133
1418
1189
1199
1123
1122
1127
1116
1117
1351
1417
1418
1439
1205
1199
1199
1121
1311
1311
1364
1419
1435
1435
1435
1439
1206
1206
1075
1126
1120
1310
1308
1286
1286
1432
1434
1433
1203
1203
1072
1304
1406
1247
1247
1073
1274
1273
1396
1396
1396
1404
1404
1413
1413
1257
1256
1069
1069
1275
1277
1407
1251
1069
1071
1061
1062
1275
1275
1278
1277
1397
1395
1395
1407
1412
542
539
542
542
543
532
533
537
537
536
604
605
610
610
609
309
308
296
298
296
298
298
300
249
251
249
258
543
540
533
533
530
603
536
610
611
313
309
305
304
296
295
294
297
250
250
250
261
539
538
540
529
530
606
606
613
615
611
611
314
313
305
305
307
290
292
293
245
246
246
260
261
457
458
455
450
608
608
615
613
612
313
306
303
303
290
289
293
244
246
236
458
456
458
456
457
451
451
588
589
587
585
302
585
302
290
244
244
238
238
236
453
454
449
434
434
588
589
589
587
386
388
387
388
388
385
384
288
330
238
238
237
236
240
453
453
462
448
448
433
435
427
584
390
392
388
391
382
385
332
330
333
319
320
319
315
465
465
462
443
443
439
427
426
426
390
389
392
391
332
332
334
337
320
317
316
467
466
466
444
461
445
442
445
439
428
428
377
377
374
373
375
370
336
334
338
335
317
317
316
315
467
467
445
445
1128
430
1131
1133
1132
1140
1319
375
336
335
336
338
334
1421
317
316
1437
1187
1187
1186
1186
1181
1184
1128
1145
1129
1129
1130
1129
1133
1132
1320
1320
1320
1319
1320
1352
1422
1352
1352
1422
1422
1437
1438
1187
1188
1183
1182
1181
1147
1129
1131
1116
1117
1117
1324
1316
1316
1353
1351
1353
1419
1351
1420
1442
1439
1437
1188
1183
1189
1182
1123
1121
1122
1127
1117
1317
1316
1364
1364
1363
1418
1442
1418
1441
1442
1439
1205
1199
1198
1123
1125
1127
1119
1116
1310
1115
1311
1315
1364
1364
1424
1424
1442
1434
1435
1206
1205
1206
1194
1196
1195
1198
1075
1075
1125
1120
1120
1303
1303
1286
1424
1425
1435
1203
1204
1204
1194
1074
1075
1072
1118
1120
1309
1309
1308
1308
1303
1304
1287
1404
1405
1406
1406
1413
1433
1415
1259
1256
1258
1248
1247
1074
1072
1059
1073
1118
1274
1309
1309
1304
1280
1279
1285
1279
1405
1414
1414
1256
1252
1248
1246
1248
1070
1062
1059
1275
1274
1273
1281
1279
1397
1397
1395
1396
1391
1408
1414
1411
1257
1257
1252
1252
1252
1070
1071
1071
1062
1062
1062
1278
1277
1281
1399
1395
1410
1411
1412
1412
1411
1411
1251
537
299
541
542
532
531
537
537
604
604
625
624
625
627
310
309
296
295
299
300
251
251
258
258
543
543
540
543
530
530
526
608
536
605
603
604
607
614
623
314
309
305
295
295
300
300
254
250
259
257
538
550
529
525
530
608
607
615
614
313
311
311
312
312
307
306
305
267
293
291
246
261
257
455
550
550
547
455
528
580
614
612
312
302
307
301
292
243
245
247
248
256
256
452
456
456
450
447
450
451
581
580
582
586
585
387
387
383
288
288
291
243
248
239
237
454
448
448
451
581
433
581
586
584
387
383
385
329
330
240
241
471
470
447
437
432
431
386
392
381
333
382
332
329
330
323
471
469
471
463
464
464
464
443
441
435
437
390
376
373
382
382
372
333
331
328
337
319
325
319
327
467
459
461
460
443
440
441
441
432
429
429
377
376
377
374
375
378
371
371
338
338
324
326
461
1186
445
1144
1130
430
1140
1321
375
370
1319
370
339
1422
324
1436
1193
1193
1182
1185
1144
1144
1129
1137
1139
1321
1322
1319
1357
1357
1354
1354
1355
1422
1420
1421
1438
1188
1192
1193
1191
1181
1146
1147
1102
1131
1323
1312
1314
1357
1352
1361
1355
1422
1442
1436
1438
1189
1192
1191
1190
1199
1197
1199
1197
1147
1107
1127
1115
1317
1316
1361
1362
1358
1417
1427
1417
1442
1441
1189
1202
1196
1121
1127
1127
1115
1310
1315
1315
1302
1362
1363
1423
1431
1440
1204
1196
1067
1125
1126
1124
1124
1119
1307
1300
1302
1287
1427
1427
1432
1425
1435
1201
1259
1201
1204
1194
1068
1075
1068
1072
1119
1120
1120
1308
1301
1305
1299
1304
1284
1425
1406
1409
1433
1415
1259
1259
1258
1246
1248
1063
1065
1059
1068
1060
1307
1268
1307
1285
1285
1402
1409
1409
1416
1415
1416
1254
1258
1063
1061
1060
1060
1278
1276
1280
1285
1284
1285
1401
1401
1409
1409
1414
1257
1255
1255
1255
1252
1249
1252
1250
1071
1070
1070
1056
1057
1062
1278
1278
1277
1281
1398
1281
1398
1399
1392
1399
1392
1393
1408
1410
1412
1399
1393
1393
531
535
300
543
545
541
546
531
535
534
535
616
619
618
619
624
626
627
268
310
270
279
300
254
252
254
252
252
259
259
549
544
534
526
616
616
621
621
625
625
626
627
272
304
279
253
254
257
549
550
547
548
527
527
526
607
607
614
622
312
314
263
307
266
292
280
245
284
253
253
255
257
550
547
520
525
501
525
602
602
582
579
585
311
306
263
266
265
267
285
247
247
257
256
452
502
502
498
582
582
579
590
397
265
399
285
285
248
248
239
231
452
454
502
446
433
581
578
579
397
393
383
402
402
403
358
358
329
243
239
241
241
454
471
463
470
447
464
447
438
438
437
578
579
394
381
403
403
323
328
322
323
468
469
470
464
436
438
432
431
429
376
431
379
378
372
372
333
328
325
322
325
327
321
469
469
468
460
440
440
441
432
420
431
429
379
379
369
371
339
340
324
326
326
476
477
476
461
476
1142
1142
1137
1137
1139
1322
378
368
368
369
1354
1348
340
1451
1443
1448
1448
1193
1193
1185
1145
1144
1137
1138
1139
1321
1321
1322
1313
1356
1357
1354
1355
1451
1450
1444
1443
1438
1193
1191
1191
1185
1147
1104
1102
1323
1324
1322
1314
1314
1356
1356
1358
1355
1426
1443
1444
1444
1445
1190
1190
1146
1150
1102
1103
1103
1104
1323
1323
1314
1336
1312
1314
1362
1360
1360
1426
1453
1452
1440
1202
1197
1164
1195
1105
1105
1107
1106
1110
1300
1334
1362
1359
1427
1432
1431
1430
1202
1201
1200
1202
1196
1067
1107
1106
1124
1108
1306
1306
1300
1299
1287
1359
1429
1427
1432
1431
1430
1245
1201
1244
1200
1243
1239
1067
1068
1068
1055
1053
1055
1307
1301
1301
1288
1429
1403
1390
1258
1239
1240
1065
1064
1064
1053
1267
1307
1267
1268
1299
1282
1282
1403
1402
1409
1416
1254
1253
1249
1246
1065
1065
1056
1054
1266
1267
1268
1260
1285
1283
1282
1403
1392
1403
1416
1380
1255
1254
1249
1249
1250
1056
1057
1057
1058
1266
1276
1281
1264
1283
1398
1401
1401
1400
1392
1391
1393
1379
1380
1378
1074
1379
546
545
546
544
562
535
559
618
617
619
624
629
628
629
629
268
269
270
279
279
278
222
221
222
211
545
546
526
555
563
555
618
620
619
622
623
623
626
627
271
273
270
270
266
280
222
211
257
549
548
544
555
554
602
602
599
622
622
272
271
272
267
264
273
286
286
280
225
218
255
212
518
520
548
548
554
602
601
590
264
263
266
262
287
287
228
213
215
523
524
519
502
501
503
499
601
601
596
593
595
592
263
264
267
399
400
285
359
284
247
226
231
231
230
523
524
524
523
503
503
499
498
596
577
578
593
397
400
393
403
402
359
359
359
357
356
356
229
231
522
521
503
446
499
500
438
421
577
395
394
395
393
405
405
405
360
358
355
354
356
321
522
475
464
436
436
421
424
394
372
362
360
354
323
327
473
473
475
497
497
422
422
421
425
425
419
379
378
369
367
339
360
340
325
327
326
477
474
476
460
1141
1142
422
425
425
425
419
369
368
367
367
1345
1349
340
1349
350
350
353
1447
1160
1159
1159
1163
1141
1143
1138
1138
1138
1139
1328
1328
1313
1326
1356
1347
1347
1348
1450
1451
1448
1448
1160
1160
1162
1163
1146
1150
1149
1136
1104
1134
1336
1314
1313
1347
1455
1450
1454
1455
1444
1452
1446
1166
1167
1166
1165
1165
1148
1150
1150
1149
1150
1104
1110
1336
1334
1337
1361
1358
1455
1453
1452
1462
1462
1445
1175
1167
1167
1165
1150
1107
1103
1106
1109
1110
1110
1297
1337
1334
1335
1360
1360
1428
1453
1466
1453
1459
1459
1175
1164
1236
1108
1108
1297
1300
1296
1288
1290
1290
1288
1429
1429
1423
1460
1430
1460
1245
1244
1242
1243
1240
1066
1083
1055
1076
1055
1306
1297
1295
1301
1295
1290
1288
1291
1429
1372
1390
1389
1390
1245
1245
1244
1241
1240
1066
1066
1055
1055
1267
1305
1261
1261
1373
1402
1373
1372
1387
1390
1390
1390
1220
1254
1241
1241
1064
1050
1050
1052
1058
1266
1268
1272
1260
1260
1282
1369
1373
1380
1379
1380
1220
1219
1253
1215
1215
1214
1050
1051
1058
1052
1058
1272
1264
1264
1263
1400
1400
1365
1379
1378
1215
562
210
575
575
563
563
558
558
559
618
787
788
787
620
790
799
629
628
796
268
269
279
220
219
222
222
222
221
211
574
576
574
557
558
559
617
617
787
628
272
274
274
269
277
276
275
220
218
212
212
574
566
573
556
556
551
600
600
599
600
622
622
271
274
273
275
287
287
225
213
213
566
520
564
519
519
509
556
554
556
597
600
596
599
591
592
590
802
264
286
281
282
228
227
225
520
518
520
519
510
510
500
593
592
398
400
281
399
283
228
227
228
230
230
524
503
509
499
500
595
594
714
592
398
398
401
401
404
363
357
366
355
226
355
522
521
480
485
423
595
577
395
395
394
405
404
362
364
361
364
366
356
346
345
229
521
472
488
496
492
492
493
423
424
424
407
406
418
407
408
362
361
351
351
353
353
345
344
474
473
497
496
497
421
424
419
410
412
362
412
412
347
351
352
353
353
474
1158
497
494
1142
422
1143
420
419
419
411
1346
411
1346
1344
1350
353
1447
1159
1158
1163
1161
1143
1136
1135
1136
1134
417
1328
1327
1345
1345
1350
1349
1350
1451
1450
1449
1448
1448
1160
1157
1159
1162
1163
1141
1152
1152
1151
1151
1151
1135
1113
1329
1329
1325
1346
1342
1347
1455
1449
1456
1156
1167
1166
1152
1152
1153
1113
1114
1336
1337
1334
1342
1343
1455
1455
1454
1462
1461
1462
1462
1176
1165
1148
1154
1106
1112
1111
1109
1331
1337
1292
1335
1343
1428
1466
1462
1461
1176
1174
1174
1164
1236
1084
1082
1084
1076
1112
1298
1298
1297
1291
1343
1429
1467
1467
1463
1460
1174
1225
1242
1243
1242
1237
1236
1083
1084
1087
1083
1082
1077
1078
1295
1293
1290
1291
1373
1376
1372
1388
1389
1224
1223
1223
1243
1240
1237
1088
1088
1087
1078
1270
1295
1269
1262
1262
1377
1372
1388
1388
1388
1220
1222
1219
1217
1241
1099
1052
1098
1054
1052
1093
1091
1272
1261
1370
1377
1369
1365
1381
1387
1219
1218
1219
1219
1218
1218
1214
1215
1213
1051
1098
1093
1093
1092
1271
1272
1271
1265
1265
1265
1370
1369
1367
1365
1383
1382
1382
1263
575
576
573
563
562
560
561
558
738
788
789
788
799
799
162
162
162
277
278
219
216
219
219
217
212
210
97
574
576
573
561
557
559
787
791
792
792
788
790
797
177
277
277
275
216
216
217
214
215
566
565
564
568
553
552
551
598
792
803
801
801
274
178
177
276
282
223
218
218
215
214
514
568
513
553
508
552
598
598
803
802
800
802
178
262
281
283
181
282
223
225
225
215
235
517
513
513
513
509
508
510
597
597
598
594
594
591
800
714
396
401
182
283
283
227
228
232
233
235
517
511
511
513
510
504
506
506
595
720
714
396
396
401
173
363
364
364
228
227
233
230
234
479
479
480
487
492
500
493
730
719
716
406
407
404
404
363
365
366
346
346
345
478
478
480
480
486
486
493
728
730
719
413
415
407
408
412
361
347
349
351
346
345
478
472
496
491
495
493
728
731
732
730
415
418
415
409
412
365
347
349
348
352
474
1155
495
496
495
1016
491
1021
728
731
731
419
417
416
417
415
409
412
1346
1350
350
1537
344
1155
1156
1157
1161
1161
1021
1143
734
1134
1330
1330
416
1325
1327
1344
1446
1537
1157
1157
1156
1157
1172
1168
1022
1022
1136
850
1329
849
1330
1326
1327
1344
1350
1339
1340
1340
1469
1449
1456
1456
1457
1173
1170
1169
1153
1153
1113
1114
1331
1332
1333
1333
1342
1340
1468
1457
1457
1176
1178
1169
1170
1169
1154
1154
1111
1112
1114
1114
1114
1331
1333
1343
1468
1464
1458
1176
1175
1234
1084
1086
1112
1298
1296
1292
1341
1289
1289
1468
1466
1465
1465
1225
1224
1238
1238
1234
1237
1233
1083
1086
1087
1077
1080
1078
1298
1294
1293
1291
1289
1376
1467
1467
1374
1385
1386
1225
1224
1225
1216
1208
1208
1233
1099
1088
1088
1100
1077
1078
1294
1293
1262
1377
1376
1375
1375
1386
1386
1384
1222
1222
1218
1209
1213
1099
1092
1094
1089
1091
1269
1269
1270
1262
1650
1377
1375
1366
1366
1381
1386
1382
1222
1221
1217
1217
1209
1213
1095
1099
1098
1094
1093
1091
1271
1269
1265
1265
1370
1370
1366
1367
1383
1383
1095
560
798
570
572
561
740
740
739
738
789
789
798
797
796
162
161
161
82
82
86
86
93
97
96
96
576
571
571
561
572
560
739
738
791
792
799
797
160
161
83
180
83
79
217
92
97
97
97
565
566
568
569
553
807
807
811
794
801
178
177
178
180
83
179
80
78
80
92
214
100
567
569
568
569
553
507
552
809
809
805
175
176
182
83
79
224
514
514
512
506
508
505
597
810
720
715
802
175
174
174
182
114
282
235
233
235
235
516
516
517
512
507
508
505
718
717
720
720
720
715
716
123
117
115
115
114
366
28
233
232
479
517
487
485
487
506
724
719
716
123
117
117
365
26
348
341
484
483
484
481
489
487
486
722
729
729
413
406
415
121
116
348
349
343
343
342
342
342
483
472
484
490
494
491
732
732
733
414
410
409
105
107
349
343
343
342
1004
1004
998
490
1003
1018
1017
721
1020
732
731
734
734
414
417
409
1614
105
1614
1531
1531
1530
1536
1536
1536
1005
1004
1003
1005
1010
1018
1018
1017
1022
1021
1020
850
850
849
414
1330
1616
1618
1619
1534
1534
1529
1533
1529
1535
1537
1156
1005
1172
1016
1019
846
850
1616
1327
1619
1618
1339
1533
1535
1177
1171
1173
1172
1169
1168
1022
846
846
847
865
865
1332
1626
1617
1326
1340
1656
1339
1469
1526
1469
1469
1457
1177
1178
1178
1173
1170
1085
1154
911
847
865
1332
1333
1662
1341
1341
1657
1490
1464
1458
1458
1179
1180
1170
1234
1234
912
1085
913
1076
910
910
1079
1079
1294
1292
1663
1663
1663
1491
1464
1465
1465
1180
1238
1235
1235
1233
1235
1085
1086
1086
1080
1081
1081
1079
1668
1667
1660
1663
1663
1661
1472
1463
1385
1226
1224
1209
1101
1101
1080
1081
1081
1640
1660
1660
1661
1374
1374
1470
1384
1386
1226
1231
1207
1221
1208
1101
1100
1089
1090
1640
1645
1650
1649
1474
1375
1386
1480
1221
1229
1217
1209
1212
1212
1212
1095
1097
1094
1091
1090
1644
1645
1645
1645
1650
1650
1649
1475
1366
1482
1381
1479
1229
1094
1383
796
157
570
570
572
740
737
737
737
789
736
798
798
795
797
158
158
161
89
90
86
93
96
93
93
95
565
571
572
746
740
736
808
794
794
794
793
795
167
160
159
159
82
179
78
92
95
567
567
744
744
739
807
803
811
804
163
166
166
176
179
81
80
81
78
80
104
99
100
751
752
569
757
759
759
810
811
811
812
805
175
182
174
174
182
181
37
103
104
103
103
99
99
514
512
512
507
757
758
758
810
810
809
812
711
805
173
172
182
37
37
232
235
40
515
516
515
674
506
504
717
717
712
715
710
715
175
122
117
115
117
37
38
28
27
27
234
483
481
488
487
671
487
673
725
718
708
716
123
123
117
113
115
26
113
28
28
341
39
484
482
482
488
489
673
722
725
724
708
124
124
116
112
107
26
19
483
481
490
489
679
722
722
729
703
126
125
126
105
128
106
107
19
20
999
998
1000
1017
721
721
723
733
733
734
733
701
414
126
125
1614
1532
1532
1531
1528
1530
1537
1005
1003
1018
1017
1020
851
851
852
852
1616
1615
1618
1524
1534
1533
1529
1539
1007
1009
1010
1010
843
1019
843
848
852
852
858
858
1625
1625
1619
1618
1524
1534
1526
1529
1539
1544
1535
1008
1173
1009
1172
1009
1019
1045
843
848
848
865
1625
1626
1617
1619
1525
1526
1544
1544
1177
1171
949
912
913
913
847
864
865
863
1662
1658
1658
1657
1490
1484
1484
1484
1458
1485
1179
1180
1179
1180
1178
949
948
912
909
910
864
863
1668
862
1667
1665
1665
1664
1665
1490
1489
1491
1490
1488
1485
1227
1228
946
1235
912
910
917
899
1668
1668
1667
1665
1471
1471
1470
1478
1385
1228
1228
1228
1207
1210
917
1101
1100
916
895
899
900
1666
1642
1641
1660
1664
1646
1472
1470
1482
1478
1230
1231
1230
1207
1211
1211
1210
1096
916
1096
897
892
900
1643
1641
1642
1651
1642
1649
1646
1473
1474
1480
1480
1230
1229
1211
1211
1212
1212
1097
1097
1097
1096
897
1090
892
1090
892
1644
1644
1641
1652
1651
1652
1647
1475
1647
1475
1475
1479
1481
1480
1481
1480
157
91
748
742
743
735
746
737
806
806
838
838
839
795
158
158
89
90
87
88
86
85
86
91
94
95
94
743
747
747
745
736
808
806
795
793
839
166
167
168
168
89
90
87
85
104
91
95
98
751
741
747
744
745
745
808
808
804
163
164
166
165
169
169
169
179
87
87
102
100
98
753
752
753
752
754
756
759
755
760
812
805
163
165
172
81
102
32
35
104
99
100
753
647
753
645
757
645
757
760
760
812
711
822
175
170
171
171
172
172
38
35
33
41
41
646
646
670
643
669
671
672
674
672
717
712
713
713
711
709
119
111
113
38
38
30
27
40
40
39
646
649
670
674
671
725
713
727
713
709
710
121
121
120
122
112
113
112
29
31
27
21
23
649
651
482
650
673
678
725
727
708
702
130
127
127
128
106
108
109
109
29
21
21
23
23
651
482
678
723
727
696
702
703
703
126
126
130
128
108
110
107
110
110
20
20
24
24
998
997
1002
650
679
698
702
703
126
125
128
1532
1532
1540
1528
1540
999
999
1007
999
1000
1048
1048
1020
841
840
840
840
852
1609
858
1608
1615
1615
1523
1523
1523
1533
1542
1540
1539
1006
1006
1007
1006
1009
1043
1049
1049
845
845
848
852
858
1601
1616
1623
1623
1524
1525
1525
1547
1545
1541
1008
1007
1042
1043
1045
1044
845
844
855
860
860
1626
1625
1626
1658
1624
1656
1524
1527
1547
1545
1546
1545
989
988
988
989
950
950
1045
911
905
855
865
863
862
860
862
860
1620
1658
1672
1657
1654
1493
1484
1227
984
947
948
950
950
914
913
914
863
859
861
1670
1672
1672
1655
1655
1657
1655
1489
1488
1487
1487
1487
1485
1227
947
946
948
917
917
908
916
909
904
899
898
1666
1671
1665
1665
1489
1488
1486
1477
1478
1227
1232
1232
957
946
954
952
917
917
908
904
899
904
900
900
1666
1636
1637
1471
1471
1476
1476
1478
1232
1232
957
957
952
952
953
929
897
897
895
893
1640
1630
1641
1651
1646
1648
1473
1473
1482
1482
1230
966
1231
966
951
953
953
929
896
896
893
894
1643
1642
1652
1652
1648
1648
1648
1647
1474
1481
1481
742
742
743
743
735
736
832
839
839
837
157
208
202
88
88
84
84
67
65
748
742
741
746
746
770
831
831
832
839
837
837
169
169
202
64
88
84
101
67
66
750
749
747
756
745
820
821
820
821
836
164
165
169
199
63
63
102
101
74
74
751
756
819
821
822
165
164
188
185
185
49
36
34
102
41
42
42
74
648
647
648
752
645
755
760
823
822
822
186
186
184
184
184
36
36
35
34
33
41
647
645
670
669
672
675
666
713
713
170
694
120
170
141
122
111
31
17
40
644
655
644
670
671
677
675
726
691
726
709
709
120
119
120
141
141
127
146
111
30
31
16
16
649
655
653
652
678
675
681
727
727
118
130
129
109
146
29
110
2
22
21
23
651
651
651
652
678
681
681
698
700
702
705
130
129
110
21
20
25
25
997
997
1002
1001
1002
1048
700
698
696
701
1609
130
1607
108
1522
1528
1540
25
1542
25
1001
1001
1001
1036
1049
842
842
856
857
1609
1609
1608
1612
1553
1522
1542
1542
1006
1042
1036
1041
1047
1049
842
845
857
857
854
1601
1608
1611
1624
1523
1563
1527
1543
1545
1543
989
1042
1041
1043
1044
844
845
854
854
861
1620
1621
1623
1624
1654
1566
1527
1527
1546
1541
988
984
950
915
855
861
861
1670
1624
1621
1653
1494
1547
1493
1485
985
984
950
945
914
915
907
907
906
1672
1672
1669
1653
1654
1655
1495
1495
1488
1487
1483
994
985
947
947
945
914
907
906
901
859
1670
1672
1675
1659
1495
1486
1483
1486
1477
964
956
956
954
957
943
941
908
903
901
904
898
1678
1679
1678
1671
1636
1675
1637
1510
1509
1476
1508
966
965
957
957
955
952
953
943
943
930
930
896
904
902
902
1631
1632
1629
1629
1639
1637
1638
1637
1514
1513
1514
1512
1518
1518
965
965
966
967
951
929
930
896
893
893
1631
1631
1631
1628
1629
1639
1639
1639
1514
1514
1518
894
209
786
785
785
783
784
784
770
770
832
832
828
839
208
209
201
202
202
202
61
58
61
67
66
67
65
785
783
773
773
832
830
829
832
833
835
837
209
201
202
61
57
67
73
66
750
750
749
772
754
773
773
772
830
836
836
205
200
200
200
64
64
73
75
77
75
648
750
750
749
754
756
820
765
821
821
818
824
825
824
188
183
188
185
200
185
49
63
48
102
34
73
75
648
648
645
667
666
819
824
825
825
187
187
187
183
49
48
44
34
33
13
44
42
14
644
639
669
668
666
691
666
823
694
186
136
136
183
142
141
145
50
36
1
17
17
655
654
653
677
677
676
668
691
693
136
134
136
140
140
145
146
145
51
31
1
18
17
655
653
652
680
677
676
697
692
692
692
694
118
134
140
144
143
146
154
2
2
2
22
22
1002
1038
699
681
697
696
697
705
704
707
130
155
155
153
154
5
5
25
1012
1037
1038
680
699
699
696
885
704
885
705
856
705
704
1606
1607
1606
155
1613
153
1553
1553
1552
1548
1538
25
1012
1038
1048
699
842
885
856
1607
1606
1612
1613
1551
1553
1553
1552
1538
1042
1042
1039
1040
1039
1037
1046
1047
1047
1034
841
883
882
845
853
1601
1603
1612
1611
1610
1567
1563
1554
1543
1543
987
989
1042
1039
1046
1047
1044
883
855
853
853
1602
1621
1611
1611
1610
1566
1562
1547
1556
1556
987
986
983
980
931
905
884
873
873
1621
1566
1562
1555
1546
1555
1492
986
985
993
986
986
983
981
933
932
931
907
905
935
873
875
876
876
1670
1581
1670
1674
1653
1495
1492
1494
1483
994
985
982
981
942
942
935
934
906
906
875
875
875
1669
1674
1659
1659
1495
1492
1506
1505
994
994
978
955
955
941
903
935
904
901
1679
1677
1679
1675
1636
1674
1675
1638
1511
1511
1509
1511
1507
1506
967
964
968
955
960
944
943
926
901
1630
1678
1633
1629
1639
1513
1512
1509
1519
1519
1508
965
970
968
967
958
927
928
927
930
926
926
922
1632
1628
1628
1639
1634
1514
1512
1514
1519
1519
1520
958
784
196
786
786
782
783
781
827
828
828
835
834
208
209
207
207
197
58
58
57
70
69
69
774
785
775
786
769
771
761
830
830
827
828
835
205
205
198
198
62
62
56
73
67
77
779
779
777
769
773
772
820
826
829
833
826
833
205
199
198
62
64
62
77
77
779
777
764
817
818
818
818
815
192
195
195
47
72
44
72
75
641
641
640
639
765
667
765
817
817
825
187
188
195
195
49
14
641
638
637
636
667
663
668
688
135
135
135
149
50
51
44
18
13
14
655
638
636
638
677
658
668
659
666
693
694
135
143
145
51
0
1
18
18
654
653
677
661
690
693
706
706
132
131
143
137
143
144
151
149
3
1
4
11
12
11
11
654
1013
1013
680
661
692
704
706
707
706
139
139
139
155
153
154
4
12
12
1011
1012
1038
661
697
695
887
1606
1613
156
154
5
1550
6
1548
1012
1036
1032
1034
1033
890
887
887
1605
1604
1606
1606
1605
1613
1551
1553
1551
1549
1548
1559
1538
1011
1040
1039
1027
1035
1035
883
883
886
1603
1603
1613
1587
1567
1563
1563
1556
1559
972
972
971
1046
1027
1035
882
884
884
870
870
1603
1602
1587
1610
1565
1564
1562
1556
1556
1554
1556
973
973
980
1024
932
884
880
880
874
876
1583
1581
1581
1566
1561
1561
1555
993
973
982
983
980
933
933
932
937
874
873
874
876
878
877
1582
1583
1594
1589
1495
1561
1500
1492
1504
1503
1504
994
995
982
981
933
934
934
937
878
878
1677
1673
1673
1596
1500
1500
1503
1506
1506
996
970
996
996
944
940
942
942
941
935
920
1678
1677
1674
1633
1590
1590
1507
1507
1508
1505
970
970
960
960
944
944
925
918
922
920
1600
1679
1627
1634
1510
1511
1521
1521
1520
969
970
967
959
927
928
925
925
926
923
925
922
1630
1600
1634
1635
1635
1515
1517
1521
1520
1597
781
776
784
206
207
207
206
197
197
56
59
55
57
57
69
70
776
768
771
771
771
826
835
835
206
205
60
59
56
54
76
77
776
779
773
769
761
762
816
815
814
204
192
60
53
53
71
778
778
778
779
768
765
762
818
815
815
194
189
47
72
77
642
642
639
640
764
665
685
818
815
193
194
50
190
46
46
44
15
630
642
638
663
663
664
690
687
688
132
51
46
46
0
15
631
631
637
636
658
658
658
665
690
690
693
131
142
142
149
3
10
10
632
635
660
659
690
683
133
137
151
144
152
11
632
635
661
660
695
689
684
139
151
152
152
5
9
12
1014
1013
1032
1033
1034
891
890
695
138
138
1577
151
156
1574
153
1549
9
1011
1011
1029
1032
1034
891
891
887
1604
1604
1577
1576
1577
1571
1550
1550
1557
975
974
1035
881
886
886
1580
1580
1587
1571
1564
1574
1560
1559
975
972
972
1028
971
1026
1026
1025
1024
869
870
871
1586
1580
1587
1564
1564
1560
1560
976
973
983
1026
1024
1023
881
872
871
871
1583
1583
1587
1585
1562
1565
1568
1502
1502
979
982
981
1024
872
877
867
867
1582
1595
1565
1588
1570
1568
1503
1504
995
979
939
937
937
919
874
878
1595
1595
1590
1501
1501
1504
996
991
978
960
939
938
940
919
919
920
1677
1598
1592
1499
1499
1498
1498
1508
970
940
940
924
918
920
1600
1600
1676
1597
1593
1634
1499
1516
1517
1497
969
961
959
959
924
923
1599
1599
1627
1635
1635
1516
1517
1517
1520
924
775
782
781
828
52
70
774
834
59
53
769
768
763
762
60
816
813
193
194
71
71
642
637
763
192
190
47
15
664
193
194
8
15
631
635
664
685
132
149
147
45
10
634
660
660
656
690
683
133
137
148
4
7
1015
635
1033
689
682
152
1015
1033
684
150
1557
6
1014
1031
1031
889
1579
1577
1576
1576
1028
1027
1025
1025
891
888
886
1580
1571
1572
976
1586
1578
1584
1584
1565
1573
1573
1558
977
881
869
1586
1569
1558
977
879
881
867
1585
1588
1503
990
978
936
867
1596
1589
1570
1498
991
990
939
936
868
1598
1593
1501
1498
1497
991
938
921
1598
1593
1515
961
918
1593
1515
776
198
56
54
204
642
763
763
47
132
147
45
630
634
687
657
9
689
6
1550
1032
1560
1027
974
888
1579
1572
869
1572
1023
1502
1570
979
866
1589
1588
1593
1497
928
923
196
52
203
54
779
761
76
204
43
687
640
687
45
633
148
150
4
1031
889
1579
1560
971
1025
1573
1569
995
866
1584
932
868
1496
936
1596
1598
963
919
1600
1592
1516
1520
780
55
766
189
60
54
778
193
685
43
634
148
8
632
656
684
683
138
682
890
1580
1578
871
867
979
1594
938
1591
1497
963
1597
1635
782
766
813
203
52
762
814
664
8
630
657
133
8
150
1014
1015
682
1576
1574
1557
974
1031
888
976
1023
881
975
977
879
1570
963
990
961
921
1600
1593
780
766
1368
1368
68
767
767
196
1338
662
191
191
8
657
633
656
1029
7
1029
1575
1030
1030
1575
1574
888
1572
1578
1584
176
868
1569
1496
1594
991
992
963
1591
1496
963
921
357
686
1368
191
68
68
1338
1338
662
191
662
1622
1394
1622
633
133
1371
1423
321
551
1371
1407
583
962
992
962
583
1394
686
