800
339
184
186
183
183
347
347
339
397
102
100
347
390
390
390
396
394
395
199
181
181
342
342
342
392
196
118
102
101
101
341
341
393
199
118
124
124
341
312
341
367
367
393
197
124
124
123
314
313
367
128
118
148
123
322
322
321
313
312
366
366
373
374
126
128
129
149
149
322
312
363
372
132
132
129
129
130
149
323
318
364
364
363
372
133
133
682
605
620
318
486
685
682
683
619
619
620
486
430
682
603
603
619
439
686
684
645
643
624
623
623
476
437
439
428
670
684
671
646
482
491
491
437
427
426
426
426
670
670
645
646
649
482
473
490
490
427
427
405
669
669
647
474
402
674
674
640
640
473
465
402
465
402
402
410
410
664
662
638
638
640
469
410
664
639
639
641
641
640
470
470
469
464
411
411
410
406
189
189
188
189
189
184
186
186
183
183
183
183
100
103
347
343
343
339
339
339
377
377
377
397
397
396
396
189
189
185
185
185
183
183
100
100
347
347
337
338
339
339
339
390
397
395
396
396
189
199
199
196
185
181
102
101
102
100
101
346
349
337
337
340
342
342
390
391
395
395
395
394
199
199
196
196
181
119
102
101
101
348
349
340
341
342
392
392
392
395
393
199
199
198
197
197
197
119
119
124
123
122
349
122
349
341
367
367
393
393
393
198
198
118
118
118
124
124
124
123
322
314
314
314
314
314
312
367
366
373
373
393
374
374
198
198
125
125
125
125
118
123
123
322
321
314
313
312
313
365
366
362
373
374
373
374
132
132
126
126
128
128
148
149
123
324
321
321
321
362
362
364
370
373
371
372
132
133
132
129
127
129
130
130
148
149
149
324
324
323
318
318
318
364
363
363
364
370
370
372
372
133
133
129
129
605
149
605
619
620
620
486
318
364
364
364
363
363
445
372
372
430
685
685
682
682
683
683
603
683
604
605
605
605
619
619
486
486
486
486
486
476
445
476
443
445
445
430
429
685
686
682
684
683
603
605
619
624
623
623
483
483
483
477
477
476
439
476
439
428
429
429
686
686
686
683
603
643
643
624
624
482
483
477
477
476
439
428
439
427
428
428
686
671
645
645
643
646
649
624
623
623
482
483
491
490
437
437
426
427
426
670
670
670
671
671
645
645
644
644
646
649
649
492
491
491
437
437
426
669
670
670
674
645
644
647
649
649
649
473
473
474
474
465
490
401
402
401
405
405
405
405
669
669
666
674
674
638
638
640
648
648
470
473
473
474
474
465
465
465
402
404
404
665
664
664
664
674
638
641
640
470
470
469
469
465
464
463
463
402
411
411
410
406
662
665
664
664
663
638
638
639
641
641
642
470
469
464
463
411
410
406
406
406
406
406
664
186
377
188
188
184
184
186
182
182
103
103
344
346
344
343
343
338
338
377
377
397
397
396
399
188
187
189
187
185
185
185
181
182
182
182
182
105
103
100
347
343
337
338
338
377
390
397
397
398
399
187
195
184
175
181
175
102
102
100
346
346
348
348
348
337
346
337
342
390
392
395
394
394
195
195
195
194
195
196
175
102
101
348
349
340
342
392
392
391
391
389
394
394
193
198
197
196
197
196
119
120
119
121
122
122
349
349
317
341
365
392
367
389
389
393
198
197
125
119
120
119
121
121
121
314
313
315
366
366
374
374
131
131
125
143
148
146
322
321
317
315
315
362
365
366
373
131
131
131
126
126
126
126
128
128
148
143
324
324
321
313
315
319
362
362
370
368
370
370
371
371
133
132
127
127
130
130
148
130
149
146
146
324
324
323
323
320
320
319
319
368
370
369
369
136
682
130
604
605
146
620
618
320
318
485
319
363
444
369
430
680
685
683
681
604
604
604
611
620
620
485
485
475
475
475
443
443
443
445
445
429
685
685
680
686
683
603
603
604
624
622
483
485
477
476
477
438
438
428
429
429
686
680
680
678
684
681
684
684
602
600
600
622
482
483
477
487
438
438
438
439
428
425
679
677
671
645
600
624
624
622
482
492
491
487
437
438
426
425
672
671
644
643
646
647
646
621
648
492
492
489
442
441
427
403
426
668
668
668
669
672
644
647
644
647
648
648
649
473
474
471
492
491
467
401
401
403
405
404
666
666
669
674
674
637
637
640
647
648
472
472
474
466
466
467
401
403
404
404
404
666
666
637
641
641
642
470
468
474
466
466
466
466
462
411
411
408
665
665
665
665
663
663
663
663
639
639
639
642
642
642
470
468
469
468
464
464
463
463
463
462
411
411
411
407
407
463
409
409
184
180
376
188
188
188
192
184
186
186
180
178
104
104
104
345
345
344
343
338
338
376
376
376
398
376
398
398
398
399
190
192
180
177
180
182
105
105
344
344
344
344
343
338
385
384
398
399
187
187
187
190
177
175
177
175
105
105
103
346
346
336
340
336
385
385
391
384
391
391
398
399
195
194
194
194
194
175
175
117
120
122
122
348
348
336
336
340
385
385
391
389
388
389
195
194
193
120
120
117
122
114
349
340
334
365
384
389
389
389
387
193
193
193
139
120
120
112
121
322
306
317
316
317
317
316
316
365
365
358
358
374
193
131
134
134
125
134
139
139
117
143
121
121
306
313
317
316
368
368
358
371
134
131
134
127
137
143
144
146
146
324
147
308
320
315
319
315
368
369
370
369
371
371
133
136
136
127
127
143
143
143
145
146
147
323
323
320
319
362
368
369
369
371
136
135
136
127
136
607
607
611
611
618
618
320
320
320
319
475
443
368
444
444
433
433
680
680
681
681
604
611
611
611
618
618
485
485
475
475
475
443
444
444
433
444
429
680
680
678
681
602
611
622
618
481
484
485
484
477
479
442
443
438
444
431
431
431
679
679
602
602
600
600
621
621
481
622
481
481
483
484
487
487
442
441
444
425
425
677
678
675
671
602
600
621
621
622
492
487
487
442
442
425
425
425
677
677
672
677
672
635
643
635
646
617
471
616
489
489
488
489
442
441
403
405
405
668
668
672
672
672
673
644
644
635
635
647
648
471
471
492
488
401
400
420
666
673
673
637
637
637
628
472
471
472
471
474
452
467
467
400
403
404
667
666
667
673
637
629
642
628
468
472
468
472
452
452
466
467
409
467
408
408
667
667
667
663
663
629
628
629
642
468
468
464
453
452
464
462
462
462
462
462
409
408
407
407
639
407
191
192
192
192
179
180
180
180
178
104
107
345
345
345
345
330
330
329
329
376
375
375
378
376
399
191
192
177
177
192
177
105
104
104
104
105
107
326
344
326
330
330
329
329
385
375
380
399
190
190
190
177
176
176
176
109
103
105
326
326
336
336
335
330
386
386
384
382
380
388
399
195
167
190
194
150
176
117
113
335
335
336
335
386
385
382
388
388
166
166
166
166
162
163
150
117
117
116
114
114
114
334
334
336
332
334
386
316
384
383
357
357
387
387
165
165
166
165
166
139
139
115
117
115
114
114
306
334
306
317
316
316
350
352
357
357
358
359
356
165
165
165
139
139
138
138
144
112
308
308
306
306
311
317
311
315
350
358
350
358
359
134
134
137
138
138
144
144
308
309
303
350
358
358
359
135
135
136
137
137
140
145
145
147
147
308
308
309
305
303
303
353
353
361
361
361
135
135
136
127
607
607
145
147
147
147
300
305
305
303
305
479
446
353
449
353
353
361
433
689
689
689
691
607
607
610
610
611
610
610
484
480
480
480
446
446
446
449
449
433
433
679
689
678
681
601
601
601
610
621
610
481
484
480
447
448
448
448
448
431
431
432
679
678
679
678
678
692
602
601
601
601
615
622
484
484
498
480
442
448
434
431
434
435
431
676
675
677
675
602
600
621
617
615
617
622
616
481
497
489
487
442
441
441
441
434
434
435
676
675
672
617
616
616
499
499
489
489
488
488
441
400
419
419
419
419
661
668
660
673
659
636
635
631
617
631
616
499
499
489
498
488
488
488
400
400
420
420
420
656
666
660
673
659
636
635
631
631
472
471
452
452
451
467
400
401
418
420
408
420
656
667
654
653
629
629
629
628
628
454
454
454
453
452
451
451
400
408
414
408
656
667
667
655
654
653
629
630
628
625
625
454
453
453
450
450
450
416
414
407
654
179
378
191
191
179
192
179
179
180
109
109
109
109
107
107
107
107
326
327
325
330
328
375
379
379
379
380
379
378
191
191
191
159
179
179
178
109
111
327
326
327
330
330
329
329
375
375
380
378
378
190
155
154
152
152
176
176
176
116
109
106
106
326
335
335
386
386
384
383
382
388
167
167
154
167
154
163
152
152
152
150
116
116
113
113
113
331
331
335
386
333
383
383
383
387
167
167
167
162
163
163
115
114
113
331
334
332
332
386
383
383
383
387
387
166
163
163
139
115
115
114
50
112
331
306
331
334
311
332
352
352
357
356
357
165
169
169
163
112
112
112
307
307
307
311
311
309
352
350
351
351
357
356
359
359
169
169
137
141
138
140
138
144
144
144
310
307
308
309
310
350
350
355
355
360
361
359
360
135
173
137
142
142
145
147
308
304
305
303
303
303
353
353
361
360
361
135
691
142
141
607
145
608
145
300
300
305
479
305
479
446
446
361
432
689
689
691
691
608
609
609
609
609
300
478
478
480
479
446
446
449
449
449
449
433
432
689
688
689
688
692
691
692
692
608
608
606
609
612
610
478
480
480
447
447
449
432
432
688
679
675
692
692
606
612
612
481
497
497
440
440
448
448
434
436
435
435
435
676
699
698
601
615
615
617
617
614
498
496
497
497
440
434
435
435
676
676
675
675
699
636
634
634
617
615
616
613
499
495
440
421
421
422
423
419
676
656
660
659
660
659
659
636
636
636
636
635
631
616
499
499
495
495
400
421
421
419
419
661
656
661
660
654
650
636
633
631
631
454
455
455
451
495
451
418
418
414
420
657
657
660
655
654
630
630
633
628
625
625
626
454
455
451
415
416
416
413
414
657
657
655
657
655
655
654
655
653
630
630
625
625
626
454
455
455
453
453
451
450
450
415
416
413
414
414
450
157
157
157
159
159
161
160
160
160
111
111
111
108
108
325
325
325
328
375
379
231
379
379
380
380
378
219
157
156
159
159
151
160
110
150
110
110
110
106
107
327
328
328
235
234
233
380
220
220
155
155
154
155
151
151
151
106
106
27
327
333
327
327
328
328
386
235
379
380
388
220
168
155
154
152
152
151
150
116
106
59
59
333
333
333
333
381
333
381
381
382
382
388
223
167
162
162
162
164
164
152
150
116
57
57
113
113
59
50
331
332
332
333
381
381
382
224
224
387
170
167
170
162
164
164
115
53
115
50
50
307
264
311
263
332
309
351
352
352
356
356
223
169
169
171
164
138
115
140
62
50
50
307
310
311
311
351
351
352
356
214
356
169
173
171
172
172
141
140
62
62
50
307
302
310
310
310
355
355
355
360
360
213
173
142
142
141
141
140
63
63
63
62
301
300
302
304
304
355
354
354
354
360
173
688
142
142
142
690
140
608
62
63
63
300
300
304
301
302
304
304
479
545
354
538
360
688
687
688
690
691
608
608
63
609
765
765
301
478
478
545
432
538
688
688
687
687
690
692
692
608
609
767
765
765
765
478
478
447
447
546
546
546
540
449
436
432
436
693
699
698
606
606
612
612
612
496
496
497
440
447
434
436
436
695
694
699
699
699
698
606
615
614
614
614
614
613
497
440
440
422
436
676
676
699
697
634
614
613
499
497
494
494
494
422
422
423
423
656
661
660
659
697
650
697
634
632
633
632
632
613
461
493
495
495
494
421
421
422
421
424
418
658
661
658
660
652
650
650
650
633
633
633
632
627
461
461
457
416
417
417
416
418
418
424
658
657
652
652
654
633
626
626
627
627
455
461
461
457
458
456
417
416
413
413
413
413
657
658
655
655
651
653
630
653
630
625
626
626
455
455
453
458
458
415
415
413
412
412
653
161
108
157
158
159
161
161
160
160
111
111
111
108
325
325
325
328
234
234
231
233
233
220
219
219
157
158
158
159
158
161
151
160
110
110
108
27
270
270
234
236
236
234
233
233
220
220
219
156
155
155
153
156
46
110
60
27
59
270
270
268
270
236
236
235
235
234
220
220
218
153
153
153
154
151
153
150
58
58
60
268
268
268
235
235
224
168
168
153
164
69
69
57
57
57
59
59
264
268
263
262
262
381
224
224
223
223
170
168
170
170
164
164
70
57
53
53
53
53
51
50
264
263
262
262
262
351
222
224
224
170
170
172
172
68
70
68
53
51
264
296
296
351
289
355
212
173
174
171
172
141
68
68
65
62
62
302
310
302
297
296
354
354
213
214
213
213
213
174
173
174
172
141
140
63
64
64
302
302
304
291
291
354
214
213
213
173
687
173
142
787
772
772
65
771
64
64
64
64
301
301
302
543
291
545
545
542
539
539
539
538
687
687
690
799
787
690
772
772
771
771
771
766
767
767
301
765
548
545
548
545
542
539
542
537
538
538
687
799
690
690
771
771
767
507
548
548
548
549
541
537
695
693
695
693
698
698
698
773
767
767
767
765
496
549
549
549
546
547
546
540
540
540
540
436
695
694
694
693
694
696
606
773
773
614
496
496
557
549
546
560
540
423
423
436
695
694
699
696
697
696
697
741
615
741
741
614
613
613
496
494
560
494
422
424
424
423
695
659
697
650
697
697
737
632
632
632
627
742
613
461
493
493
494
493
493
422
422
424
716
661
652
650
633
627
627
745
460
461
495
456
417
417
417
424
418
716
716
652
658
652
749
748
626
746
461
457
456
456
417
417
413
412
658
658
651
652
651
651
653
749
749
748
626
746
459
457
459
458
456
458
456
415
415
412
412
412
658
749
412
26
272
157
158
158
161
48
46
25
111
25
108
108
26
27
272
272
272
234
231
231
233
219
232
233
219
156
158
158
48
161
46
25
26
27
26
27
27
271
270
272
272
236
236
231
232
219
156
158
48
48
46
58
60
60
60
274
269
269
269
269
236
235
236
229
232
230
218
218
23
23
153
20
47
47
58
60
58
61
61
61
269
268
268
269
262
229
230
230
230
230
222
222
168
153
24
19
20
69
69
57
58
58
58
61
61
263
267
262
289
229
224
223
223
168
168
24
70
69
70
69
54
54
51
52
51
264
264
263
262
263
289
289
289
211
222
223
174
171
24
68
68
70
70
68
54
54
51
264
297
296
288
288
288
288
211
214
214
212
174
174
171
172
71
71
72
72
65
52
297
297
296
296
291
214
214
174
171
3
71
72
72
65
67
301
299
299
298
297
297
291
291
215
217
797
174
787
772
71
72
65
65
64
64
66
66
301
299
298
544
544
544
542
539
542
538
797
787
787
772
771
766
766
766
762
507
548
543
544
544
541
539
538
799
799
787
774
773
774
769
766
766
762
762
762
508
508
548
543
546
541
541
541
537
537
537
799
693
789
693
789
774
774
774
773
764
762
508
508
549
549
547
540
532
532
695
693
696
739
739
773
773
730
729
729
557
546
560
547
580
576
580
532
423
532
781
694
715
715
694
696
696
739
741
741
729
742
493
729
557
561
561
561
561
580
580
579
579
577
576
715
715
714
696
739
741
738
742
460
557
556
561
579
579
424
575
424
716
716
713
652
705
739
737
737
737
741
745
742
460
460
457
561
493
574
587
587
588
575
717
713
717
651
651
705
705
749
705
737
748
746
745
460
460
459
458
457
574
574
587
587
588
588
717
717
651
704
704
705
749
749
749
748
748
746
746
746
746
459
459
457
458
456
574
573
573
573
589
573
589
589
589
589
589
271
232
14
14
49
49
49
46
25
25
28
28
28
26
271
272
226
227
227
227
231
227
232
232
248
248
218
49
49
49
48
46
25
25
26
271
29
271
271
272
259
226
231
226
225
225
248
218
218
14
14
48
48
48
47
47
25
60
274
274
274
274
273
269
273
269
226
226
230
218
221
23
24
23
24
20
20
20
47
47
58
61
274
273
266
226
229
229
229
230
221
221
23
21
23
22
20
24
20
19
56
56
54
61
61
267
267
266
266
266
287
211
222
221
221
21
21
19
22
19
74
69
70
73
53
54
55
55
51
52
52
288
288
287
289
211
211
222
212
212
4
4
74
74
74
73
54
67
55
55
52
52
297
293
295
296
288
294
288
211
214
215
212
4
5
3
3
72
72
73
67
67
66
299
297
294
294
291
292
290
290
290
215
215
217
217
5
3
71
72
67
67
66
66
299
299
299
298
293
292
292
292
290
292
215
215
217
217
797
797
796
3
71
85
66
503
298
298
298
544
542
539
534
537
797
797
798
797
791
787
768
772
770
768
766
770
764
503
507
509
509
509
544
544
543
541
533
533
537
798
798
799
798
791
789
772
774
769
770
764
764
762
507
507
509
547
543
543
541
533
533
533
799
799
789
789
789
774
769
769
763
764
762
508
508
508
547
510
547
547
541
532
533
532
533
781
781
781
781
789
788
788
774
738
730
730
729
729
730
729
728
506
558
558
560
559
580
576
715
782
714
700
700
788
700
739
739
730
730
730
557
557
558
560
560
560
559
579
579
576
577
576
575
715
714
714
700
739
738
738
738
741
740
744
742
556
557
561
561
579
577
577
575
575
715
717
712
713
713
700
702
702
738
737
740
742
745
745
745
556
556
572
590
587
588
577
588
716
717
712
713
704
704
705
703
748
747
745
745
460
569
570
572
574
573
587
592
588
588
717
719
717
718
704
704
705
703
748
747
747
747
459
459
570
574
573
574
573
574
587
589
589
14
45
45
45
43
46
28
28
29
29
271
258
259
226
227
227
232
248
248
14
14
14
49
49
35
35
36
28
28
29
29
273
259
259
227
227
225
246
248
248
13
12
49
47
47
36
34
36
34
29
274
273
273
252
252
225
230
246
247
247
13
20
56
99
87
274
273
267
266
252
252
229
228
228
221
206
221
206
21
22
21
24
22
18
37
56
56
87
265
267
266
266
252
287
287
225
228
211
221
21
22
19
19
73
73
56
55
55
87
92
92
267
265
266
287
287
209
212
4
4
2
19
74
74
73
73
82
55
55
52
92
92
295
295
295
295
294
287
290
211
209
209
4
4
5
5
74
74
86
67
67
80
294
294
290
276
211
290
210
217
215
217
5
5
3
3
86
86
86
85
85
79
80
293
293
292
200
200
216
216
797
796
796
796
796
751
85
85
79
79
503
298
509
292
530
530
534
216
534
216
796
796
790
790
792
768
770
764
500
503
503
509
511
530
530
534
534
798
791
791
792
792
768
770
770
763
763
763
507
509
510
510
543
529
531
531
533
536
798
791
791
788
761
769
769
763
763
728
506
506
510
510
547
528
528
531
533
535
781
782
788
769
726
728
506
558
508
506
559
580
532
580
531
783
782
788
700
788
738
725
740
726
558
558
558
559
559
559
578
578
577
576
576
712
714
714
714
702
702
738
740
744
728
558
558
552
552
578
577
577
575
575
712
712
714
702
713
702
702
740
743
744
744
744
555
569
569
556
572
552
572
595
590
592
591
712
719
712
713
718
701
704
701
701
701
701
743
743
743
744
569
569
570
572
571
572
571
572
590
590
592
592
591
591
719
719
719
718
703
703
703
747
747
743
570
570
570
570
571
571
574
571
590
592
591
747
258
15
45
44
45
44
43
43
35
35
35
30
30
258
258
260
261
261
260
239
239
239
249
248
249
249
45
45
42
42
35
36
36
34
34
30
29
258
260
259
239
242
246
246
249
13
13
13
42
12
41
42
37
36
34
30
258
259
251
251
251
237
246
247
247
247
12
13
13
12
18
42
37
37
34
99
99
87
87
89
265
250
250
252
251
252
252
237
237
228
228
246
247
12
21
22
18
97
97
87
87
87
92
265
265
250
278
278
228
228
210
206
245
206
206
2
10
18
18
96
96
97
96
96
265
92
91
265
250
250
276
278
210
210
209
208
2
2
2
11
11
11
82
96
78
91
92
92
295
295
276
276
276
276
210
209
205
205
2
5
5
86
82
82
85
82
78
78
78
293
91
293
295
285
277
277
277
200
203
205
216
795
795
85
86
84
79
79
80
79
80
293
283
277
277
275
275
203
216
794
790
790
86
84
84
84
754
79
754
80
500
80
80
503
505
505
277
511
275
530
530
530
529
534
216
794
790
768
84
768
754
500
503
504
511
511
518
530
529
529
536
798
790
792
791
792
792
761
761
761
751
768
754
760
770
500
500
502
511
511
520
528
528
529
535
536
776
781
779
779
792
792
761
760
763
763
500
506
506
510
511
510
522
528
531
535
535
783
782
782
778
756
725
758
726
728
506
559
582
582
531
535
585
783
783
783
782
782
785
785
756
725
725
725
725
726
726
727
727
728
555
516
551
551
552
578
578
582
586
783
783
785
700
711
711
736
736
736
726
727
727
554
551
551
552
552
578
585
586
586
723
723
724
724
724
709
740
736
743
744
554
554
554
555
568
555
552
552
594
595
595
595
598
586
718
719
724
701
724
701
711
732
743
569
568
568
568
571
594
594
598
591
592
599
719
720
720
718
703
703
708
708
708
732
732
733
569
565
568
571
594
590
594
592
592
591
591
718
43
261
44
44
43
44
32
32
32
32
30
257
258
257
258
260
261
239
239
242
243
249
249
15
44
15
41
41
42
39
35
36
33
33
30
257
260
260
261
239
239
242
246
249
249
17
17
12
42
42
37
37
31
36
33
33
30
254
260
251
238
237
237
244
247
17
17
7
97
99
31
99
89
254
251
255
237
245
245
245
245
16
22
22
18
18
7
97
97
98
89
89
250
250
279
278
208
1
10
10
11
7
11
97
98
91
90
90
279
279
278
210
208
209
208
1
2
11
10
11
82
94
82
96
96
91
91
286
276
278
210
204
205
205
2
1
11
83
95
78
78
76
91
90
285
285
286
286
284
283
277
203
203
204
205
205
204
1
794
795
86
83
78
76
77
77
77
285
284
285
283
277
275
275
204
201
794
795
795
84
84
76
501
505
504
518
275
275
527
200
527
794
790
780
751
752
754
754
501
501
501
505
505
505
520
518
529
526
527
527
536
536
776
777
779
780
761
760
755
754
501
502
504
504
520
518
529
526
536
535
776
777
779
779
779
761
760
758
758
755
500
517
504
520
522
522
524
528
528
535
526
535
776
777
779
761
756
758
758
758
727
516
516
516
551
522
582
582
584
784
786
785
785
778
756
756
756
735
726
727
735
727
516
515
516
551
551
550
582
583
583
582
585
585
586
784
786
724
784
709
725
736
735
734
727
554
555
555
553
595
595
585
586
586
723
723
723
723
711
710
711
711
709
736
735
554
567
555
564
550
550
597
598
598
586
720
720
724
724
710
711
709
732
733
733
567
568
568
563
594
594
598
599
599
720
720
718
707
708
708
708
732
732
732
708
733
565
565
564
564
564
593
593
599
599
565
32
40
43
257
257
257
256
261
261
240
238
242
242
242
244
243
15
41
41
32
38
33
33
257
256
256
238
238
242
241
244
244
15
40
41
38
39
39
31
88
88
254
255
238
241
241
244
16
16
17
17
8
39
39
99
88
88
255
253
279
245
244
16
17
8
7
7
97
98
98
89
254
255
279
279
207
207
207
208
0
0
10
7
94
94
98
98
89
90
280
280
280
207
208
1
0
10
11
9
94
94
95
95
95
93
90
286
286
280
278
204
205
0
9
83
83
81
93
90
285
284
286
282
204
1
9
83
83
76
76
77
285
283
283
283
203
203
204
793
795
795
752
752
753
753
76
77
284
504
284
283
518
283
526
201
794
794
795
752
751
755
755
501
501
505
520
519
520
519
527
527
525
776
776
751
755
755
501
502
504
520
523
522
524
526
525
775
776
777
780
779
780
780
760
759
512
513
513
517
514
521
524
524
526
525
775
775
785
778
759
759
758
758
517
512
517
517
521
521
524
524
584
584
584
786
785
785
759
735
515
515
517
516
553
583
581
583
583
584
585
784
786
710
736
735
734
734
515
553
553
550
583
597
585
722
722
710
710
711
709
709
736
734
734
554
566
562
595
597
597
596
599
721
710
707
708
731
733
567
567
566
566
563
563
598
597
598
597
720
721
723
707
733
733
565
565
564
564
563
593
593
599
599
708
40
40
32
33
240
243
15
33
238
241
41
38
39
31
238
98
88
254
255
245
245
16
10
98
255
279
280
208
8
89
255
207
208
0
9
94
95
90
281
281
280
201
9
83
83
81
93
75
75
286
281
282
202
793
9
752
81
75
283
793
752
77
282
525
201
793
752
751
753
502
519
519
519
777
780
760
760
753
755
513
502
524
523
777
517
514
521
521
522
524
523
525
778
757
735
517
523
584
786
757
757
515
521
550
583
722
784
710
515
553
550
581
596
722
721
710
731
734
567
562
581
597
596
722
706
733
566
563
593
721
731
564
593
15
253
242
240
256
8
38
39
240
286
281
280
0
6
93
95
201
76
201
527
780
526
780
777
753
514
519
512
523
759
584
581
786
734
562
562
563
596
707
733
261
240
256
241
16
38
244
254
207
93
6
95
280
6
281
282
282
752
753
502
525
780
759
523
524
784
512
521
757
512
596
757
566
566
706
731
567
562
593
599
40
242
31
253
241
241
16
254
93
207
6
281
202
0
81
77
93
284
75
753
514
514
513
515
786
553
707
562
596
707
566
564
40
31
256
256
240
39
88
8
202
6
94
75
202
282
793
793
75
519
518
525
775
751
513
775
759
757
775
786
757
581
706
721
721
731
567
563
40
31
430
430
243
38
38
634
498
8
253
253
202
81
6
81
750
201
750
514
750
750
514
518
513
523
514
521
202
512
581
581
553
722
722
706
562
596
706
707
206
200
430
253
243
243
498
498
8
253
8
778
202
778
409
75
750
750
662
200
662
178
409
490
722
490
178
662
178
