3632
81
1218
1202
1221
1228
86
93
82
169
1153
1157
93
62
163
165
169
154
152
1105
1241
1245
60
67
66
195
1080
1146
1153
1151
1155
99
66
175
1080
1178
1181
1188
100
65
69
186
190
174
920
1183
1190
1185
394
394
186
984
1183
1014
1185
369
377
372
395
390
238
237
236
172
910
982
990
1019
1020
371
392
264
253
926
927
909
986
987
1017
365
391
257
259
261
253
924
928
2229
2202
2199
367
3011
2231
2229
2240
2202
2200
2200
3013
3076
2233
2236
2264
2188
3086
2062
2233
2263
2264
2186
2193
2193
2978
3091
3089
3075
2054
2056
2052
2269
1942
3002
3006
3091
3119
3120
3120
3118
2045
2053
2261
1954
1949
1940
1937
2999
2997
3114
3114
3115
2043
2049
2040
2817
2746
2150
2151
2041
2025
1997
2821
2749
2819
2751
2746
2730
2728
2136
2136
2146
2144
2027
1991
2730
2131
2147
2034
2029
2030
2023
2022
1992
1990
2826
2740
2740
2737
2735
1211
1210
1207
1209
1211
1216
1203
1202
1228
1228
1220
1221
1158
1160
1159
89
86
83
81
83
72
75
71
162
167
167
167
1209
1214
1214
1200
1230
1232
1232
1157
1159
92
93
95
88
60
82
81
162
163
169
169
154
1211
1105
1105
1241
1243
1247
1148
1155
1153
1155
1155
97
112
95
97
97
65
60
194
165
197
152
154
152
1080
1094
1086
1245
1247
1146
1148
1151
1150
111
102
100
68
68
67
194
188
197
176
1084
1082
1082
1087
1087
1089
1179
1180
1181
1188
1151
111
1186
99
69
186
190
188
174
176
1084
1084
921
1178
982
1183
1183
1190
1190
381
381
381
386
396
386
394
186
240
190
174
175
172
171
935
933
932
919
919
921
984
1016
1185
370
379
380
390
391
396
267
239
268
239
254
235
252
935
932
911
913
982
984
1020
1016
1016
370
371
372
374
263
266
264
229
236
229
254
928
923
927
910
912
989
991
989
1018
1018
1019
356
356
366
365
366
363
257
261
261
259
228
229
250
254
924
928
909
986
2165
1017
2202
2204
2204
2199
3012
363
256
257
257
259
261
3082
250
250
3073
2058
2059
2229
2238
2239
2237
2236
2240
2165
2164
2188
2190
2204
2204
3010
3020
3009
3010
3011
3043
3081
2976
3043
3083
3084
3065
3077
2059
2061
2231
2232
2239
2236
2165
2190
2192
2195
2193
3018
3016
3016
3009
2977
2977
3089
2976
3070
3068
3074
3077
2063
2231
2063
2233
2264
2268
2267
2185
2195
1942
3002
2974
2973
2978
3089
3066
3086
3087
3066
3075
2055
2052
2263
2269
2269
2269
1945
2193
1939
2195
1942
3002
3006
2996
3091
3087
3120
3119
3120
2056
2045
2054
2052
2073
2259
2259
2261
2261
1956
1947
1945
3001
3005
2996
2997
3101
3116
2047
2048
2048
2151
2259
2261
2042
1949
1949
1947
1940
1938
1938
1937
2817
2999
2748
2751
2749
2747
2730
3116
2726
2047
2136
2136
2150
2149
2148
2042
2038
2041
2024
1998
1930
1997
2817
1987
2816
2821
2821
2747
2728
2725
2140
2133
2143
2153
2145
2145
2030
2025
2027
1999
1997
1989
2817
2819
2821
2819
2751
2739
2744
2730
2733
2138
2138
2131
2147
2133
2144
2032
2033
2029
2022
2023
1999
1992
1990
2826
2740
2734
2737
2734
2733
2733
2735
2131
1204
72
1207
1210
1218
1204
1202
1223
1225
1158
1162
1349
1160
1361
90
90
79
78
76
161
160
161
156
147
1207
1101
1215
1217
1215
1230
1242
1232
1232
1228
1223
1220
1143
1139
1162
93
89
97
78
76
74
159
160
142
145
150
1105
1103
1243
1245
1230
1247
1148
1148
1140
108
106
110
107
110
102
104
95
57
62
193
149
154
150
1093
1100
1097
1103
1096
1241
1247
1137
1151
107
112
103
58
58
207
195
207
179
150
149
1093
1082
1086
1090
1091
1089
1089
1167
1179
1167
1188
1136
381
386
387
65
185
193
190
188
178
178
1084
1091
920
973
1169
1179
1168
1190
1172
380
395
383
268
240
172
172
931
930
919
973
1014
1007
379
377
388
266
384
267
272
238
235
933
930
931
917
914
914
916
991
980
984
973
369
374
344
392
384
346
263
273
233
271
233
229
254
246
928
926
912
913
990
979
979
987
1011
1010
1012
356
360
360
365
362
344
341
342
277
278
242
245
944
2237
989
2167
2165
1010
2207
2212
367
363
3012
363
278
3084
243
3073
2069
2070
2233
2238
2225
2226
2169
2206
2208
2212
3019
3013
3048
3046
3048
3041
3041
3082
3070
3070
3070
2061
2058
2068
2066
2215
2226
2267
2190
2190
2197
3017
3019
3009
3046
2973
3040
3083
3068
3073
3076
2063
2063
2065
2065
2214
2218
2214
2217
2265
2254
2268
2196
2196
3016
2974
2967
2969
3091
3080
3078
3065
3112
2062
2094
2072
2256
2252
2186
1944
1942
3002
3004
3006
2995
2964
3087
3111
3110
2075
2072
2257
2250
1955
1955
1956
1945
1945
3004
3006
2995
2964
3100
3114
3101
3118
2098
2096
2095
2049
2077
2148
2040
2257
2040
1954
1947
1949
1931
1933
1934
2994
2995
2814
2963
3100
2765
3115
3108
2107
2108
2135
2153
2155
2149
2036
2038
2035
2016
1931
2011
1930
2809
2814
2812
2751
2747
2725
2726
2775
2107
2139
2142
2032
2020
2018
1998
1995
1987
2810
2810
2823
2832
2830
2743
2743
2728
2139
2138
2140
2129
2133
2129
2143
2129
2146
2034
2032
2033
2020
2020
2027
1995
1991
1988
2826
1989
2828
2828
2836
2834
2740
2742
2744
2770
2769
2828
2742
2742
1197
1195
74
1211
1071
1217
1069
1216
1203
1227
1193
1225
1139
1335
1334
1357
1360
1361
2
79
76
76
159
161
157
116
157
156
147
144
1073
1075
1193
1239
1225
1223
1141
1139
1357
1361
1359
1360
18
88
76
117
143
144
1101
1100
1103
1075
1238
1238
1237
1234
1143
1141
1346
108
110
17
102
20
62
30
202
204
143
136
142
145
1101
1098
1097
1098
1125
1121
1235
1144
1144
1136
1137
106
103
25
32
57
31
200
201
206
139
179
1094
1090
1124
1122
1168
1176
1172
1318
410
104
406
193
199
207
211
209
182
1096
1078
1128
1122
1169
1167
1174
1172
409
406
388
387
422
422
329
329
270
211
209
287
286
954
954
916
952
917
952
977
977
1165
1008
1173
1172
399
377
406
383
231
270
292
233
956
956
955
911
976
975
1002
1008
1012
358
1007
358
345
345
342
275
273
271
233
243
247
252
956
956
956
938
966
965
980
1005
994
1011
1010
360
360
344
341
272
282
280
242
247
945
949
944
938
938
2158
2161
2168
2208
2212
2212
349
352
349
353
3044
3036
277
3171
3158
3155
3155
2070
2067
2219
2224
2158
2169
2168
2206
2210
2210
3032
3023
3048
3046
3048
3041
3170
3160
3157
3157
3074
2069
2067
2219
2218
2245
2169
2174
2210
3017
3032
3020
3027
3025
3037
2971
3041
3080
3165
3159
3162
3162
2066
2050
2215
2244
2254
2254
2185
1968
3018
2197
3026
3030
3027
3027
2967
2970
2969
3094
3103
3103
3111
2094
2217
2084
2256
2250
2254
2252
1970
1985
2985
2981
2980
2966
2962
3105
3110
3112
2093
2098
2077
2094
2073
2249
2252
1969
1951
1975
1933
1985
2981
2981
2995
2962
2964
3096
3105
3107
3107
2096
2098
2075
2077
2124
2155
2124
1916
1952
1973
1952
1951
1935
1935
2985
2964
3101
2765
2778
2108
2126
2126
2155
1902
1915
2035
2004
1933
2011
2013
2803
2814
2814
2831
2760
2761
2774
2110
2117
2111
2153
1904
1906
2036
2015
2015
2006
2012
2012
2782
2824
2809
2831
2761
2830
2768
2772
2110
2112
2112
2115
1900
1903
2020
1890
2018
2002
1995
1988
2008
2824
2828
2823
2832
2836
2834
2836
2754
2753
2769
2770
1904
2753
1069
1072
1071
1197
1194
1194
1278
1278
1282
1335
1349
1355
1357
1357
1355
6
6
51
54
53
50
117
115
114
128
1072
1073
1195
1239
1077
1237
1337
1339
1334
1344
1345
1345
1359
1361
15
4
5
4
33
53
116
133
131
1032
1077
1075
1237
1289
1235
1289
1337
1344
1346
16
16
18
27
17
20
34
30
201
202
135
140
130
1029
1030
1031
1126
1121
1234
1140
1307
25
27
34
27
30
199
218
140
138
1134
1132
1126
1130
1125
1112
1112
1165
1164
1328
1316
1327
1317
25
27
31
418
420
32
331
200
207
209
218
183
181
1133
1131
1133
1134
1128
1128
1110
1165
1165
1176
1173
1318
409
410
406
424
424
331
331
331
211
211
292
289
288
963
961
1130
977
1110
975
976
1003
1174
401
401
403
399
415
424
424
333
329
292
339
293
287
962
952
942
977
970
1004
1001
402
346
334
335
294
294
246
958
948
941
941
965
966
1004
1002
998
997
443
348
349
351
351
275
282
280
244
244
245
948
949
945
942
2157
2160
1005
996
994
996
445
349
352
351
353
3037
3036
282
3173
282
280
298
3154
2630
2630
2628
2224
2158
2162
2162
2172
2174
2207
3032
3034
3023
3061
3044
3058
3059
3039
3173
3170
3158
3155
2614
2629
2222
2224
2225
2247
2181
2183
2176
2176
3030
3025
3023
2969
3175
3165
3169
3169
3159
3161
3151
2068
2083
2611
2082
2217
2221
2247
2247
2247
2245
2182
2176
3029
3027
2990
2970
2971
3165
3169
3160
3132
3132
3162
2086
2083
2094
2081
2243
2250
1969
1970
1968
1985
1983
1981
3030
2992
2991
2967
2959
3093
3103
3094
3105
3134
3134
2087
2080
2124
1965
1983
1980
1934
2988
2980
2986
2960
2959
3097
3098
3096
3133
3108
3129
2090
2098
2077
2126
2126
1920
1927
1976
1977
1973
1977
1981
2807
2803
2806
2798
2960
2796
3098
2763
2779
2779
2779
2101
2108
2119
2119
1920
1915
1916
1973
2006
2004
2011
2803
2798
2781
2812
2762
2762
2774
2778
2775
2776
2103
2111
2117
1902
1911
1906
1906
1890
2016
2005
2006
2009
2013
2792
2781
2783
2760
2767
2758
2768
2105
2110
2117
2114
1908
1909
1906
1892
2018
1890
2002
2002
2009
2793
2789
2834
2836
2758
2754
2772
1909
1294
129
1068
1069
1062
1067
1296
1295
1280
1339
1280
1264
1335
1339
1349
1353
1353
1352
1351
2
6
51
119
125
114
126
115
122
128
1077
1065
1069
1294
1287
1282
1280
1337
1271
1351
2
11
6
4
55
55
54
119
122
133
131
1063
1033
1077
1046
1284
1288
1282
1289
1330
1276
1339
1342
15
23
39
46
37
204
220
136
139
1034
1034
1032
1025
1048
1124
1047
1115
1289
1323
1327
1332
1328
1306
1306
1341
23
23
33
36
224
219
216
217
1030
1029
1025
1027
1114
1114
1321
1318
1307
408
23
41
420
36
213
214
218
183
182
1132
1110
1107
1112
1320
1320
1316
1313
1314
408
398
413
420
422
327
224
337
214
213
295
962
1022
1108
1108
1001
1316
1314
402
403
401
416
417
335
339
338
339
339
296
296
288
289
963
959
959
968
969
969
970
1001
998
997
415
451
443
427
426
334
315
322
317
293
299
285
301
947
958
939
940
940
1003
998
445
434
431
333
431
429
321
315
303
301
299
946
2625
939
1616
2161
1724
2160
994
440
443
433
3057
429
3059
3051
3176
298
3153
2630
2626
2626
2625
2666
2178
2179
2171
2172
441
3033
3062
3060
3058
3050
3174
3177
3171
3177
3176
3155
3153
2630
2615
2628
2612
2612
2222
2653
2221
2180
2180
2182
2183
2176
3033
3034
3026
3063
2956
3053
3167
3149
3153
2616
2614
2084
2654
2658
2181
1963
1985
3030
2992
2992
2955
2955
3164
3137
3169
3127
3126
3125
3134
2087
2081
2242
2242
1966
1963
1968
1983
1979
2990
2988
2991
2957
3093
3130
3134
3125
2089
2091
2080
2082
2079
2243
1926
1926
1976
1966
1977
1979
1980
2800
2955
3097
2877
3130
3129
3134
2088
2091
2122
2122
2121
2122
1920
1918
1928
1922
1928
1965
1975
1977
2804
2805
2798
2796
2796
2876
2874
2779
2777
2101
2101
2102
2122
2119
1920
1924
1923
1895
1848
2006
2806
1850
2782
2800
2786
2763
2872
2766
2777
2102
2103
2119
2325
1910
1913
1892
1888
1895
1895
1899
1850
2005
2787
2784
2786
2756
2758
2860
2776
2105
2281
2114
2282
2115
2324
1909
1908
1913
1911
1887
1892
1897
1899
1852
2008
2791
2793
2790
2792
2784
2783
2756
2758
2864
2863
2863
2789
1061
1065
1053
1055
1294
1291
1295
1296
1302
1271
1270
1271
1251
1353
13
11
12
44
50
124
124
126
124
122
133
129
672
1058
1065
1054
1053
1304
1304
1303
1304
1275
1273
1275
1261
1353
11
43
45
48
48
126
133
672
670
1037
1037
1046
1046
1285
1287
1285
1330
1273
1260
1342
1342
8
9
9
46
37
222
125
135
138
670
1033
1041
1047
1048
1115
1284
1331
1330
1311
1310
1309
696
8
39
39
41
40
222
219
220
216
138
647
1023
1026
1026
1027
1119
1119
1117
1323
1331
1332
1324
1328
1317
1310
1309
408
420
41
41
224
225
218
651
649
181
1691
1025
1023
1108
1112
1117
1325
1325
1324
1704
1313
398
413
417
413
326
326
327
226
226
284
284
646
1022
1130
1656
1107
968
1321
1598
1712
1713
1704
453
417
416
415
337
317
316
295
306
285
961
1699
1699
1658
1655
1654
1614
1728
1713
1711
451
451
427
426
431
324
317
320
303
303
306
1700
946
1612
1616
1615
1727
1729
1729
1727
1728
449
445
448
436
431
324
324
324
320
303
947
2637
1612
1611
1612
2646
1616
2665
1725
1725
1724
445
441
433
434
447
436
437
3057
3050
322
3182
301
2635
2635
2636
2643
2644
2666
2179
1720
2171
3446
3443
441
3444
3063
3054
3151
3184
2633
2633
2616
2633
2621
2654
2653
2666
2178
2713
3446
3437
3444
3061
3062
3053
3175
3053
3055
3140
3138
3167
3122
3123
3123
2611
2623
2621
2658
2657
1962
1959
3442
3441
3460
2957
2956
3141
3139
3126
3127
2615
2476
2619
2618
2618
2656
2658
1961
1963
1963
1958
1958
3442
2992
2953
3136
3143
3148
2089
2086
2619
2669
1926
1961
1860
2805
2799
2952
2943
2944
3136
3137
3144
3145
2292
2090
2311
2302
2669
2304
2673
1927
1922
1874
1894
1864
1859
1859
2804
2800
2800
2944
2878
2878
2876
2878
2883
2881
2279
2278
2278
2304
2304
2304
2302
1918
1923
1924
1895
1846
1849
2906
2807
2905
2874
2878
2871
2871
2885
2882
2882
2283
2281
2321
2321
1913
1887
1899
1897
1848
1848
1850
2907
1850
2919
2921
2917
2868
2869
2860
2862
2861
2861
2272
2281
2325
2324
2323
1913
1892
1883
1888
1897
1899
1856
2790
1853
2791
2921
2917
2917
2869
2860
2862
2864
1882
1292
1252
1060
1062
1053
1292
1297
1298
1300
1271
1264
1252
1257
1258
12
13
43
44
898
897
665
678
667
680
680
1061
1054
1051
1055
1050
1298
1304
1302
1268
1275
1261
1259
838
843
48
846
658
656
668
663
668
672
672
1037
1041
1039
1041
1051
1268
1275
1273
1260
1311
849
844
848
846
48
856
658
658
661
667
670
633
1041
1043
1039
1044
1044
1044
1277
1752
1752
1732
850
848
697
658
656
651
1691
1521
1043
1117
1665
1661
1323
1754
1754
1734
1732
701
696
699
706
708
225
651
651
647
646
1692
1693
1693
1649
1119
1119
1660
1754
1746
1745
1745
1750
1708
1704
701
699
706
707
707
313
507
639
649
1689
1691
1648
1658
1669
1672
1715
1712
1706
701
732
724
313
484
317
306
1701
1701
1697
1658
1654
1653
1597
1597
1729
1711
453
453
453
734
725
319
320
308
307
309
310
310
1700
1699
1694
1658
1616
1614
1729
1718
1721
448
438
438
725
463
320
307
308
309
2636
2635
2449
1612
2640
2649
2651
1593
2665
1718
1722
1720
1722
449
440
437
3450
727
3051
3229
3230
3231
3179
3179
3182
2494
2637
2642
2448
2639
2644
2649
2649
2666
2664
2660
2715
2715
3439
436
3443
3448
3219
3451
3207
3233
3231
3230
3187
3184
3182
2472
2496
2643
2646
2661
2664
2715
3449
3451
3453
3216
3055
3232
3187
2481
2481
2479
2623
2623
2647
2658
2662
2713
2710
1959
3441
3442
3458
3452
3452
3054
3394
3141
3140
3208
3139
3144
3122
2479
2481
2477
2621
2477
2680
2678
2679
2687
1867
3460
3460
3420
2952
2953
3391
3138
3143
3146
3148
2481
2295
2309
2669
2671
2680
2672
2678
1869
1871
1871
1870
1863
3430
3430
2950
2948
2943
2892
2891
2891
3146
2295
2308
2311
2302
2672
2673
1878
1922
1870
1873
1863
1864
1862
3432
3431
2950
2948
2948
2940
2878
2891
2883
2293
2292
2300
1876
1877
1846
1860
1846
2907
2905
2946
2946
2870
2871
2866
2885
2857
2279
2279
2320
2283
2323
1884
1873
1857
1855
2906
2921
2919
2923
2867
2868
2857
2857
2282
2276
2325
2321
2323
2318
2317
1883
1885
1881
1852
1857
2896
2896
2897
2896
2919
2921
2917
2867
2853
2853
2856
2855
2272
1881
2855
1250
840
1059
1059
1050
1291
1300
1266
1266
1263
1266
1251
1250
1254
1259
842
842
838
894
899
897
665
678
678
680
680
1056
1060
1051
1566
1297
1268
1268
1254
1257
1257
1258
1257
828
844
836
838
899
857
665
660
673
1529
1058
1564
1568
1575
1738
1741
1740
1743
827
826
824
849
843
855
656
654
653
663
661
633
633
1531
1523
1522
1578
1576
1576
1758
1743
1756
1740
1731
1732
850
697
689
848
857
654
653
629
630
628
625
633
1529
1522
1519
1667
1664
1664
1663
1756
1752
1756
1758
1734
1736
701
692
706
509
509
649
647
642
1692
1688
1648
1670
1665
1660
1661
1749
1746
1735
1708
1734
694
694
704
708
703
507
509
507
491
640
644
1688
1689
1649
1654
1670
1669
1672
1598
1748
1708
1706
694
736
703
704
504
488
488
490
491
639
644
1695
1677
1697
1656
1654
1600
1600
1602
1715
1708
736
734
732
724
486
484
536
1695
1694
1647
1591
1590
1595
1593
1717
1710
734
715
713
728
729
727
483
532
533
2449
2448
2639
2651
1594
1594
1593
1718
1720
1721
1718
1799
1710
715
729
3214
3218
3222
3232
3224
3222
3184
2451
2488
2640
2651
2660
2723
2721
2723
3439
3449
3450
3217
3218
3229
3233
3226
3189
2496
2488
2642
2647
2662
2661
2717
2715
2722
3439
3434
3437
3456
3455
3453
3217
3207
3229
3208
3203
3188
3201
3187
2496
2488
2469
2623
2486
2647
2694
2686
2710
2710
3411
3460
3455
3458
3396
3392
3201
3201
3187
2472
2476
2680
2680
2679
2686
2687
1869
1866
3407
3406
3394
3398
3395
3392
3354
2893
3352
3145
3354
2474
2479
2297
2297
2308
2309
2676
2676
2682
1871
1867
1862
3431
3416
3429
3420
2942
2950
2942
2893
3391
2942
2892
2886
3354
2297
2295
2307
2307
2671
1871
2585
1834
3428
3432
3427
2950
2940
2889
2887
2887
2881
2293
2290
2286
2299
2299
2585
1876
1874
1877
1836
1835
1862
3427
2903
2903
2937
2940
2938
2938
2889
2845
2846
2276
2285
2274
2321
2316
2300
2313
1885
2314
1878
1820
1822
1830
2898
2903
2898
2912
2903
2924
2937
2866
2841
2857
2846
2274
2276
2315
2316
2317
2318
2314
1884
1881
1881
1825
1856
1822
1855
1821
1853
2899
2897
2909
2910
2910
2924
2923
2928
2837
2926
2853
2848
2856
2848
2850
840
674
1552
1562
1572
1571
1573
1471
1472
1263
1441
1441
1440
1250
842
842
895
895
901
905
897
907
663
674
673
578
676
1566
1566
1569
1569
1472
1462
1468
1440
828
1443
822
828
824
900
894
898
903
904
660
579
676
635
1561
1564
1566
1568
1581
1575
1461
1461
1741
826
828
827
833
833
835
834
856
852
903
630
635
635
1531
1523
1531
1564
1579
1580
1578
1578
1462
1738
1732
833
834
685
855
654
628
500
629
637
637
1529
1527
1521
1519
1523
1519
1668
1644
1662
1758
1749
1735
690
692
690
689
685
687
502
501
628
625
642
1524
1525
1651
1651
1668
1667
1662
1663
1641
1748
1750
1809
1815
1736
1814
694
682
505
505
509
494
490
644
640
644
1686
1686
1646
1642
1632
1601
1808
1793
1811
1810
1795
736
736
731
683
732
486
720
504
493
491
535
537
1675
1679
1646
1647
1601
1600
1602
1789
1789
1796
711
732
722
721
463
467
488
463
488
493
533
537
536
1678
1677
1590
1595
1791
1793
1798
1800
1798
714
713
718
718
465
464
464
460
458
483
532
526
530
2449
2452
2444
1591
1591
1605
1797
1800
715
715
728
3222
3225
3179
3225
3191
2451
2451
2494
2453
2441
2442
2697
2651
2704
2721
2723
2721
2723
3463
3439
3463
3465
3215
3219
3215
3210
3221
3194
3190
3189
2489
2490
2496
2492
2486
2488
2696
2697
2718
2719
2717
3435
3435
3434
3448
3465
3395
3216
3212
3210
3203
3196
3198
2495
2495
2486
2693
2696
2699
2685
2719
2711
3409
3410
3406
3456
3458
3394
3469
3396
3211
3205
3205
3201
3205
3198
2474
2474
2472
2470
2470
2692
2693
2692
2685
2683
2683
3409
3410
3409
3407
3416
3414
3421
3423
3402
3402
3361
3354
2297
2469
2307
2675
2372
2694
2690
2682
2689
1866
2534
3418
3416
3425
3425
3421
3400
3398
3404
3399
3359
3360
3357
3360
3353
2288
2286
2374
2676
2676
2592
2594
2592
1836
1832
1832
3428
3598
3425
3589
2942
3388
2886
3356
2880
2880
2289
2288
2288
2374
2286
2375
2380
2587
2587
2594
1836
1836
1842
1834
3629
3598
2912
2935
2931
2840
2843
2845
2850
2289
2290
2360
2376
2376
2375
2378
2583
1825
1819
1835
1821
2900
3628
2914
2912
2935
2927
2842
2842
2838
2843
2270
2355
2276
2355
2356
2378
2313
2581
1824
1825
1820
1817
2900
2899
2909
2914
2928
2928
2926
2928
2841
2839
2848
1552
1548
1571
1547
1571
1471
1470
1441
1445
1445
840
805
810
900
907
907
583
577
580
1552
1552
1562
1572
1573
1474
1473
1470
1468
1441
1445
1445
831
809
809
901
905
589
590
580
579
1561
1586
1582
1587
1584
1466
1464
1465
1427
1427
830
830
835
853
864
863
590
593
576
592
1531
1580
1758
1429
1429
749
831
750
685
852
860
500
621
621
626
615
637
575
1525
1527
1515
1523
1512
1579
1415
1739
1739
1815
750
748
743
686
743
501
498
500
622
623
626
1524
1512
1635
1644
1642
1641
1748
1809
1810
1814
1815
769
692
738
686
687
498
523
642
1685
1686
1684
1634
1635
1637
1640
1807
1806
1805
1811
1795
767
769
767
683
682
719
719
497
495
494
516
522
1685
1686
1678
1684
1632
1638
1619
1793
1793
711
721
720
466
466
493
460
512
526
526
535
1673
1675
1679
1633
1621
1621
1618
1605
1609
1796
1784
722
718
460
458
525
530
530
2453
2452
2446
2446
2444
2702
1609
1605
1791
1799
3462
713
3465
465
3223
3224
3191
528
3180
530
2446
2446
2444
2442
2700
2707
2706
3501
3498
3463
3463
3467
3214
3290
3226
3194
3193
2490
2484
2441
2430
2701
2701
2708
2717
3498
3498
3494
3484
3467
3467
3470
3211
3286
3203
3194
3196
3198
2489
2484
2429
2426
2699
2704
2718
3495
3411
3418
3413
3413
3474
3472
3404
3236
3212
3364
3196
3198
2388
2385
2384
2685
2534
3418
3418
3423
3421
3474
3469
3364
3352
3364
3353
2387
2384
2692
2408
2689
2690
2538
2534
2534
3425
3423
3591
3400
3402
3404
3387
3368
3361
3359
3350
2352
2374
2372
2372
2380
2587
2594
2590
1841
3564
3565
3590
3590
3389
3389
3356
3357
3316
3318
2360
2358
2374
2382
2382
2601
2592
2594
1839
1840
1843
1840
3566
3622
3619
3598
2933
3591
3602
3332
3331
3316
3317
2360
2332
2358
2356
2362
2382
2363
2587
2609
2609
2582
1839
1843
1839
1841
3629
3623
3625
2914
3600
2935
3601
2933
2931
2931
3335
3338
2839
2850
2328
2331
2329
2367
2363
2609
2583
1825
1818
1818
3631
3630
3630
3624
2914
2935
2934
3330
2927
2838
3336
1817
806
1554
1547
1548
1543
1545
1540
1452
1452
1450
1450
1434
1438
805
807
810
800
881
812
880
880
888
581
576
578
576
1544
1544
1582
1536
1473
1474
1470
1433
1419
1438
1443
807
813
881
907
585
583
594
576
1550
1550
1550
1581
1586
1538
1584
1466
1465
1427
1423
814
812
864
862
864
874
589
594
571
571
1516
1505
1514
1511
1588
1588
1466
1394
1464
1431
1430
1430
1431
1427
746
814
745
853
862
864
859
863
860
619
621
593
613
1516
1516
1512
1497
1417
1382
1429
1813
1422
749
746
748
743
859
502
617
623
622
614
617
613
614
1486
1500
1637
1417
1640
1805
1382
1812
1813
748
771
770
741
741
743
762
760
498
513
521
521
1681
1488
1633
1636
1637
1637
1640
1807
1802
770
771
769
780
764
764
470
470
498
495
514
522
523
1682
1682
1681
1623
1622
1618
1792
1803
1806
1782
1789
767
765
781
781
780
469
456
456
511
516
512
528
2456
2460
1609
1619
1761
1792
1782
1786
1781
1784
711
783
467
455
460
456
558
526
2465
2455
2458
1621
1609
1607
1761
2512
1782
3502
1786
3502
1786
1786
3476
3477
3480
481
3261
479
3289
3288
3289
3288
3282
528
2465
2456
2704
1607
2708
3500
3501
3477
3479
3467
3256
3261
3290
3286
3286
3190
2492
2456
2431
2429
2429
2437
2700
2701
2701
2517
2707
2515
2517
2706
3493
3484
3484
3259
3472
3256
3257
3284
3278
3194
3273
2391
2389
2431
2430
2427
2427
2516
2517
3491
3492
3492
3484
3414
3474
3257
3470
3237
3235
3205
3274
3275
2392
2387
2385
2426
2540
2536
2529
3495
3494
3543
3404
3366
3365
3349
3349
3367
2389
2351
2351
2388
2387
2406
2408
2544
2541
2536
2538
2538
2538
3572
3574
3572
3561
3544
3545
3541
3541
3387
3384
3367
3365
3350
2353
2351
2405
2409
2600
2599
2590
2536
2589
2533
3573
3564
3566
3541
3595
3589
3387
3388
3368
3317
3311
2353
2352
2369
2370
2370
2597
2590
2590
1842
3564
3622
3565
3623
3595
3601
3593
3593
3332
3332
3328
3328
3328
3318
3314
2360
2331
2365
2382
2365
2604
2603
2572
3621
3627
3619
3600
3624
3602
3331
3347
3339
3337
3337
3313
2328
2330
2367
2367
2362
2605
2607
2607
2607
2573
2573
3620
3631
3625
3584
3583
3330
3346
3347
3335
3335
3338
3300
2366
1541
885
1557
1545
1541
1543
1452
1458
1459
1459
1438
1436
805
802
806
800
800
883
887
585
587
568
569
1559
1558
1559
1534
1537
1455
1457
1459
1455
1458
1433
1438
803
813
798
884
883
887
888
585
587
572
1504
1558
1586
1587
1536
1396
1455
1454
1455
1424
1419
1423
819
812
877
874
874
874
592
571
1514
1498
1394
1380
1380
1363
1374
1422
816
869
869
619
619
617
610
613
1504
1515
1502
1500
1416
1413
1415
1380
1382
1371
745
746
741
760
860
615
1484
1501
1501
1495
1417
1413
1416
1371
777
778
778
759
760
546
547
519
510
518
1486
1486
1488
1495
1494
1628
1417
1627
1803
1802
1768
774
764
762
470
546
514
518
521
1488
1674
1622
1627
1770
1771
1784
1777
774
774
774
791
753
762
782
474
470
513
558
562
559
560
559
1487
2467
2462
1623
1628
1763
1782
1776
1779
1779
791
792
783
481
479
479
553
556
556
2467
2467
2460
1626
1761
1763
3499
3481
3254
481
481
553
3282
556
3268
2465
2438
2439
2508
2458
2512
3499
3500
3481
3486
3479
3476
3486
3259
3261
3288
3280
3281
3282
3272
3268
2422
2412
2437
2439
2521
2520
2517
2513
3491
3486
3488
3488
3250
3261
3284
3278
3274
3273
2413
2413
2433
2434
2435
2522
2524
2515
2529
3491
3493
3522
3488
3527
3472
3238
3238
3284
3278
3275
3270
3271
2391
2392
2433
2521
2543
2530
2531
2530
3573
3561
3545
3543
3541
3236
3385
3371
3375
2349
2396
2410
2406
2408
2545
2545
2540
2527
2527
3572
3568
3574
3561
3554
3545
3545
3536
3534
3385
3384
3370
3366
3308
3370
3309
2348
2348
2410
2409
2544
2541
2566
2564
3568
3568
3562
3544
3595
3538
3325
3325
3306
3309
3308
2342
2342
2342
2345
2599
2597
2601
2596
2597
2565
3570
3619
3605
3595
3577
3577
3323
3316
3313
3314
3311
2332
2330
2369
2339
2603
2597
2569
2572
3614
3621
3616
3620
3600
3576
3332
3346
3339
3302
3304
2328
2329
2367
2605
2604
2576
2569
2573
2571
2573
2571
3614
3627
3612
3583
3586
3587
3345
3347
3336
3300
3612
1459
1557
1540
803
802
800
795
798
885
890
892
891
888
587
569
568
1554
1537
1536
1457
1401
1420
1420
1436
796
821
883
891
606
606
587
573
1559
1534
1400
1396
1396
1398
1364
1424
1373
821
819
876
608
608
603
1509
1509
1505
1507
1392
1396
1364
1382
1375
1372
816
876
873
604
573
1509
1496
1500
1497
1391
1378
1378
1374
1372
739
869
760
755
551
550
611
610
1484
1483
1502
1413
1413
1412
1378
1385
1371
776
551
550
551
547
519
1484
1481
1479
1495
1406
1408
1407
1378
1770
1770
1768
777
773
755
757
549
562
564
1480
1477
1630
1629
1772
1768
789
785
784
764
474
560
1476
1477
1629
1626
1763
1772
1777
793
784
477
477
558
558
564
2463
2467
2458
2508
2510
2499
3512
1779
793
793
3254
785
476
3260
477
3282
566
2424
2424
2412
2508
2503
2499
2499
3513
3508
3480
3254
3253
3254
3250
3280
3266
3268
2422
2424
2519
2513
3517
3515
3509
3488
3526
3246
3239
3243
3271
3263
2394
2421
2419
2438
2417
2417
2435
2522
2417
3517
3515
3515
3526
3529
3531
3240
3240
3269
3270
2395
2395
2405
2434
2523
2550
2531
2529
3559
3557
3522
3524
3527
3534
3235
3239
3373
3375
3375
2403
2403
2401
2543
2527
3555
3557
3558
3535
3536
3378
3376
3377
3371
3307
3307
2344
2402
2600
2565
2564
3570
3548
3555
3535
3577
3320
3377
3296
3306
2346
2345
2402
2555
2599
2566
2562
2564
3548
3616
3604
3607
3323
3325
3297
3296
3294
3304
2337
2557
2557
2569
2562
3570
3616
3609
3609
3607
3579
3323
3341
3341
3343
3304
2337
2337
2365
2555
2580
3614
3611
3612
3584
3588
3588
3347
3343
3302
3300
2576
1534
1448
1452
1434
598
599
1555
1436
892
608
1538
1401
1399
1366
878
1363
1368
819
870
604
603
1507
1495
1377
817
870
542
611
1410
1375
755
544
544
1484
1479
1407
1389
776
752
752
549
564
1493
1625
1630
1765
1771
1774
789
791
474
549
554
2463
1477
2510
1765
1775
472
2460
2510
1779
477
3268
566
2424
2501
2501
3512
3509
3252
3252
3250
2419
2437
2523
2520
2503
3517
3517
3506
3247
3246
2420
3530
3529
3530
3531
3237
3243
3243
3263
2399
3551
3551
3522
3382
3374
2401
2552
2552
3558
3524
3534
3373
2346
2403
2561
3554
3538
3532
3378
3297
2344
2346
2557
2562
3548
3605
3577
3321
3295
3295
2346
2562
2580
3609
3581
3345
2339
2578
3586
3303
1555
878
890
601
821
1498
1391
1398
607
776
756
756
1480
1491
1389
1389
566
1765
566
3267
2415
3266
2415
2420
3511
3506
3245
3552
3247
2399
3375
3376
2396
3550
3579
3320
3580
3294
2576
2579
885
599
795
601
1507
1401
572
821
604
1385
1404
1385
542
1491
753
471
553
2503
3513
3508
3264
2417
2524
3380
3382
2349
3552
3520
2549
3550
3293
2546
3546
3604
2559
2578
3616
3580
3343
3304
1533
890
1368
877
876
608
1509
817
1384
544
1406
757
540
1481
1387
1766
1768
792
1775
3511
3505
3529
3557
3559
2403
3524
2553
3579
3293
2555
3609
3587
1448
1366
1368
796
598
1399
1373
1392
544
1479
1408
789
540
472
2463
2462
1774
3252
3245
3264
2420
2501
3505
2394
2550
2552
2394
2399
2552
3382
2558
2335
2339
2580
3612
3581
1448
1366
2983
2983
597
1403
1403
1212
1829
1410
871
871
538
1387
1490
1387
2510
540
2506
3507
2506
2506
3507
3241
3503
3380
3520
3520
1192
3552
3382
3298
3523
2335
2334
2558
3321
3293
2559
2578
1199
1198
2983
867
597
597
1829
1829
1409
867
1409
2548
2379
2548
1200
787
2497
2547
1191
191
2504
2631
85
1827
2334
1827
84
2548
311
