3840
1386
677
672
829
830
1332
1334
1386
1232
818
833
1333
1244
1234
1233
1257
1253
1252
699
662
661
1364
1363
1354
1241
717
820
799
796
797
1359
1355
1279
698
850
854
805
1358
1352
1356
1288
1289
1279
706
854
804
803
1032
1034
1287
844
852
846
861
1054
1054
1056
1051
1066
1184
1180
1178
1277
940
844
934
889
889
1056
1067
1148
1171
492
937
936
933
932
890
1071
1168
1152
1154
1150
1172
490
488
2459
2785
2847
1068
3571
2444
2441
2457
2849
2848
2847
3569
3756
2442
2455
2452
2826
3777
2431
2416
2421
2455
2829
2834
2833
3558
3721
3724
3751
2404
2405
2416
2777
3443
3443
3552
3722
3742
3747
3749
3746
2401
2406
2419
2669
2667
3447
3448
3617
3616
3725
3743
3749
2402
2402
2646
3432
3629
2567
2569
2642
2665
3422
3618
3627
3621
3629
3609
3674
3673
2547
2546
2569
2579
2684
3422
3610
2545
2575
2577
2699
2699
2684
2677
2678
3424
3659
3614
3614
3608
3666
687
688
689
683
685
681
670
674
672
674
831
829
834
835
1334
1334
1332
1384
1382
1386
1381
1381
1382
1235
1236
1257
1259
689
683
679
664
661
822
672
835
833
1333
1328
1362
1369
1363
1384
1386
1240
1236
1255
1259
1259
685
700
700
717
662
819
820
800
799
801
801
1371
1379
1369
1364
1362
1360
1394
1242
1238
1242
1252
1255
1253
699
698
711
719
824
824
818
800
797
1377
1371
1360
1358
1354
1356
1244
1289
1285
1280
704
702
707
709
707
709
848
854
804
805
807
1378
806
1378
1354
1287
1288
1284
1281
1279
496
497
850
850
848
852
854
861
806
1030
1028
1030
1027
1033
1032
1167
1355
1184
1284
1276
1281
1276
1277
501
498
499
947
946
946
846
861
859
1056
1052
1030
1067
1169
1033
1167
1157
1157
1183
1174
1176
1175
499
498
938
947
846
844
842
887
887
1056
1054
1066
1052
1169
1168
1148
1144
1178
1191
1174
490
493
494
940
938
936
933
931
891
891
889
1064
1064
1069
1077
1069
1079
1153
1148
1145
1152
1191
1191
1189
1171
488
490
944
934
2783
890
2842
2848
2843
2847
3572
1071
1152
1153
1154
1150
1150
3766
1191
1172
3758
2434
2434
2444
2456
2459
2456
2453
2457
2782
2786
2785
2787
2845
2849
3572
3573
3571
3574
3576
3561
3779
3559
3557
3779
3767
3753
3760
2436
2435
2442
2440
2454
2453
2782
2826
2834
2826
2834
3584
3578
3580
3569
3550
3559
3779
3558
3778
3754
3752
3756
2435
2441
2406
2455
2452
2762
2777
2830
2834
3578
3552
3553
3554
3548
3779
3777
3724
3745
3754
3751
2404
2414
2421
2421
2764
2763
2828
2832
2832
2833
3445
3552
3554
3722
3726
3726
3743
3745
3747
2405
2404
2409
2424
2425
2423
2419
2429
2644
2645
2669
2667
3443
3434
3382
3721
3725
3749
2401
2410
2408
2425
2424
2645
2642
2669
2665
2656
3449
3433
3449
3433
3617
3619
3616
3626
3627
3629
3672
3736
3667
2540
2546
2536
2541
2566
2567
2642
2663
2663
2663
2657
3448
2665
3434
3432
3432
3619
3618
3629
3673
3672
2547
2544
2571
2571
2571
2566
2699
2682
2684
2680
3422
3423
3426
3656
3657
3614
3610
3612
3609
3674
3664
2549
2543
2544
2569
2573
2579
2579
2577
2697
2697
2684
2678
3423
3426
3657
3614
3612
3663
3666
3663
3664
3661
2545
667
1389
689
689
677
668
670
674
827
826
834
1325
1326
1324
1330
1330
1408
1409
1407
1234
1235
1232
1257
1209
688
694
681
681
679
664
664
822
666
831
812
830
811
839
837
1334
1328
1369
1409
1407
1405
1240
1232
1259
1249
1247
696
694
718
719
666
822
816
811
838
1374
1322
1373
1375
1377
1371
1366
1364
1392
1394
1394
1251
1247
1251
704
696
692
715
702
718
824
799
796
1375
1379
1367
1359
1394
1302
1241
1238
1270
1247
1250
704
704
711
711
709
719
863
863
824
869
807
809
1028
1022
1022
1352
1390
1388
1283
1285
1273
1280
496
706
951
865
869
852
869
861
809
1026
1034
1165
1164
1184
1272
1274
509
509
950
865
860
895
1036
1051
1024
1163
1164
1165
1159
1184
1182
501
494
507
949
959
957
951
959
955
841
841
1062
1059
1075
1073
1163
1079
1158
1146
1183
1144
1180
1190
1175
1197
494
937
944
942
953
953
842
932
897
894
893
1064
1062
1064
1073
1077
1073
1077
1155
1146
1145
1190
1187
481
2447
931
2789
2783
893
2843
2839
1068
1079
3574
1079
1142
3769
1189
3757
2481
2479
2447
2447
2781
2781
2789
2845
2837
2841
3576
3573
3569
3567
3565
3565
3557
3499
3767
3766
3758
2436
2434
2481
2439
2450
2451
2787
2786
2826
2822
3582
3580
3567
3561
3547
3557
3775
3775
3762
3760
2432
2474
2432
2438
2416
2440
2421
2449
2449
2761
2766
2821
3583
3578
3553
3550
3547
3724
3730
3775
3753
3761
2431
2412
2427
2429
2763
2829
2830
2821
3580
3389
3385
3383
3732
3731
3739
3752
2414
2427
2429
2762
2764
2650
2867
2867
2659
3387
3387
3383
3732
3734
3742
3623
3737
2410
2539
2470
2409
2414
2563
2644
2649
2646
2669
2659
2667
3447
3445
3441
3430
3385
3640
3625
3624
3623
3737
3736
2539
2539
2541
2537
2564
2562
2564
2654
2654
2657
2656
3437
3436
3429
3642
3621
3624
3602
3670
3668
3668
2529
2537
2559
2694
2695
2682
2680
3421
3428
3429
3656
3473
3641
3646
3605
3605
3662
2549
2528
2530
2530
2531
2532
2571
2573
2575
2577
2579
2693
2695
2697
2677
3466
3424
3475
3659
3474
3654
3655
3647
3651
3612
3606
3606
3662
3661
3655
3604
3606
676
657
1399
687
623
676
629
681
668
667
658
762
826
721
724
1324
1348
1349
1347
1409
1409
1399
1206
1204
1202
1205
1208
1200
1210
1208
624
629
658
652
762
827
838
836
1326
1325
1349
1348
1344
1408
1402
1205
1211
1214
696
696
714
619
713
653
666
813
814
812
792
1374
1322
1367
1366
1433
1403
1405
1240
1306
1238
1212
1251
1249
694
714
692
715
561
617
816
814
813
793
792
1373
1377
1412
1434
1388
1435
1392
1304
1303
1251
1270
702
711
580
925
869
788
794
794
1045
1411
1022
1390
1302
1303
1294
1270
1274
497
578
579
925
863
867
857
856
1037
1037
1026
1101
1097
1096
1099
1098
1161
1294
1272
1272
1273
508
509
507
509
950
949
951
929
867
865
856
857
1039
1023
1023
1101
1182
1161
1137
1176
486
486
503
956
955
927
899
898
894
1060
874
1058
1075
1075
974
1158
1159
1199
1199
1197
1193
1192
493
484
486
941
956
953
955
898
899
895
876
1060
1059
961
974
1141
1141
1199
1197
1187
482
484
482
941
481
2809
2809
2796
2842
2840
2840
962
962
964
961
3562
3484
1142
3769
3769
3809
3807
2477
2478
2517
2506
2811
2796
2794
2836
2841
2839
3590
3586
3567
3563
3563
3500
3501
3771
3764
3771
3760
2476
2478
2439
2451
2772
2792
2824
2836
3583
3589
3582
3587
3543
3490
3542
3499
3501
3773
3771
3764
3805
2472
2474
2450
2773
2766
2768
2824
2871
3584
2822
3599
3599
3582
3587
3544
3541
3494
3729
3773
3761
3762
2472
2417
2500
2429
2774
2767
2770
2869
2875
3445
3546
3544
3548
3731
3728
3738
3741
2470
2462
2412
2468
2427
2648
2761
2867
2661
2877
3439
2873
3389
3389
3382
3379
3734
3729
3738
3739
3741
2590
2470
2540
2414
2554
2562
2552
2652
2649
2653
2650
2661
3440
3440
3387
3639
3625
3632
3820
2536
2553
2556
2563
2560
2555
2654
2676
3439
3436
3437
3430
3644
3638
3639
3634
3600
3667
2605
2534
2532
2558
2559
2652
2694
2687
2672
2674
3467
3478
3479
3644
3642
3644
3647
3636
3670
3677
2528
2529
2531
2522
2573
2689
2686
2686
2681
2671
3474
3475
3479
3653
3654
3650
3649
3650
3649
3646
3685
3684
3683
3677
2575
3683
625
629
627
629
659
657
659
762
764
722
728
1347
1324
1349
1344
1422
1397
1397
1401
1399
1397
1206
1202
1202
1209
623
625
655
655
627
653
764
726
723
724
837
729
1341
1349
1423
1420
1418
1419
1403
1402
1204
1212
1210
621
618
616
652
760
759
774
769
839
726
1341
1340
1422
1411
1414
1424
1439
1439
1307
1307
1217
1211
1214
692
576
618
617
552
775
789
792
1415
1416
1433
1426
1437
1308
1304
1299
1268
582
583
575
579
561
554
919
773
790
790
793
789
782
1412
1416
1435
1105
1104
1434
1103
1311
1296
1295
1291
1264
1266
581
584
584
582
580
923
925
919
867
882
788
784
1047
1049
1045
1043
1097
1098
1099
1094
1295
1294
1138
1265
1264
504
505
578
923
929
916
927
878
884
1036
1041
1041
1039
979
1024
1096
1084
1081
1138
1082
1139
1195
503
486
957
929
927
903
880
1041
974
1086
1085
1137
1192
1195
484
524
524
909
910
904
906
878
873
873
992
966
966
966
974
1084
1116
1112
1199
1193
1187
524
519
524
942
2507
2810
906
871
872
876
991
964
972
972
972
3484
3486
1112
3496
1114
1113
1127
3808
2476
2477
2479
2519
2810
2811
2793
2793
2794
2837
3595
3589
3591
3591
3562
3485
3484
3500
3804
3497
3803
3808
2474
2483
2517
2517
2507
2815
2792
2804
2852
2800
3594
3590
3586
3492
3497
3496
3799
3799
3805
3800
3794
2474
2502
2482
2504
2502
2509
2774
2772
2772
2767
2792
2874
3598
3597
3597
3543
3541
3773
3801
3801
3789
3788
3800
2466
2499
2468
2504
2773
2768
2871
2871
2869
2874
2875
2856
3599
3364
3389
3542
3488
3730
3797
3815
3796
3790
3790
2461
2498
2552
2866
2879
2873
3370
3365
3379
3366
3381
3381
3814
3816
3816
3824
3822
3823
2581
2588
2591
2592
2553
2552
2759
2661
2876
2876
2877
3367
3372
3374
3371
3377
3376
3376
3631
3631
3818
3820
3818
2587
2590
2587
2554
2555
2753
2654
2661
2675
2675
3441
3477
3477
3636
3640
3636
3602
3686
3687
3689
3820
2605
2605
2522
2556
2560
2691
2690
2689
2676
2672
3467
3470
3479
3478
3644
3636
3634
3687
3684
3689
2603
2607
2534
2526
2524
2525
2690
2691
2687
2708
2671
3466
3469
3473
3464
3651
3649
3696
3685
3677
2525
647
1219
614
614
640
627
647
659
764
722
745
743
721
730
728
733
734
1339
1345
1343
1419
1401
1225
1227
1223
1226
1229
1222
1219
624
612
614
647
651
758
764
759
744
1336
1341
1424
1422
1420
1418
1437
1401
1229
1226
1216
1219
602
606
616
651
649
752
760
775
769
771
726
730
1341
1423
1427
1439
1437
1306
1309
1300
1268
621
575
619
572
557
553
561
552
773
779
774
766
769
767
782
1337
1337
1416
1439
1429
1313
1317
1309
1298
574
574
576
572
552
553
921
786
785
1048
1415
1430
1105
1431
1308
1318
1292
1262
1264
583
540
554
919
921
921
784
122
785
1049
1047
1049
1104
1106
1107
1311
1092
1296
1319
1292
505
589
591
545
880
882
884
1041
1019
1039
1043
981
1085
1093
1082
1093
1092
1139
1135
1139
1265
504
522
923
908
929
910
917
880
884
874
976
1019
977
977
979
1086
1081
1120
1134
1139
1131
1129
1130
520
518
522
516
909
878
872
996
966
970
1084
985
968
1116
1113
1126
1126
1130
520
2519
514
912
2809
904
2807
871
994
992
970
3482
968
3481
3485
3505
1127
3782
2487
2489
2515
2519
2806
2804
2804
2798
2798
991
3593
3531
3481
3482
3486
3503
3507
3503
3503
3509
3807
3809
2485
2482
2489
2513
2514
2506
2510
2511
2815
2806
2802
2800
2798
3406
3595
3598
3490
3490
3491
3508
3804
3781
2483
2472
2504
2509
2815
2817
2852
2852
3599
3594
3546
3488
3494
3491
3796
3799
3792
3794
3791
3788
2466
2504
2502
2817
2770
2860
2871
2856
3415
3364
3366
3365
3514
3814
3797
3789
3791
2462
2461
2499
2500
2620
2757
2757
2759
2857
2858
2856
2856
3368
3362
3381
3814
3815
3811
3833
3822
2586
2582
2588
2594
2592
2612
2611
2752
2759
2755
2752
2759
2742
2879
3370
3371
3377
3381
3632
3702
3812
3823
3824
2583
2582
2581
2591
2616
2611
2753
2755
2744
2742
2674
3374
3454
3460
3362
3703
3702
3719
3717
3717
2608
2603
2607
2639
2521
2721
2710
2710
2744
2708
2714
2701
3471
3455
3458
3692
3695
3694
3707
3686
2603
2609
2609
2607
2639
2637
2526
2637
2524
2716
2717
2712
2714
2713
3451
3471
3456
3470
3469
3462
3461
3690
3695
3694
3681
3680
3680
3464
614
612
639
638
634
634
634
636
754
744
745
743
732
734
1345
1711
1712
1716
1726
1225
1729
1222
1223
1221
1221
1221
1450
606
602
638
638
651
756
746
751
749
747
747
729
733
1690
1716
1715
1724
1728
1731
1216
1452
1450
602
605
556
567
649
752
651
771
749
166
1688
1694
1336
1690
1722
1722
1429
1737
1227
1217
1268
1448
593
562
557
559
549
779
777
771
767
169
168
1694
1691
1427
1426
1431
1722
1312
1315
1315
1300
1299
1448
595
587
594
586
548
550
550
779
777
155
154
766
786
171
168
1048
1109
1907
1430
1312
1317
1319
1487
1490
1262
599
572
591
587
548
546
921
152
882
125
122
1049
1913
981
1912
1109
1107
1094
1317
1318
1291
1266
1496
590
591
591
544
917
916
902
206
124
123
1016
981
979
1106
1090
1088
1133
1134
1576
1135
537
539
538
516
544
546
902
203
207
123
995
1017
976
984
983
1090
1118
1119
1119
1129
1577
537
522
516
914
914
903
205
209
204
207
995
996
1004
984
985
989
1124
1121
1122
1120
519
2489
516
514
912
2386
914
2073
203
197
197
994
1004
998
1000
999
998
970
3529
3505
1114
2976
1131
2486
2372
2513
2514
2511
2076
2807
201
2800
3407
3407
999
3537
3531
3524
3781
2976
2487
2489
2485
2372
2515
2510
2074
2074
2802
2089
3406
3410
3411
3539
3531
3524
3505
3522
3522
3518
3507
3508
3786
3782
3785
2464
2496
2494
2819
2819
2802
2863
3411
3412
3539
3539
3513
3492
3831
3784
3785
2464
2496
2492
2496
2492
2813
2819
2819
2862
2864
2864
2863
3415
3364
3513
3829
3830
3792
2466
2466
2622
2747
2749
2858
2854
3368
3396
3395
3397
3402
3829
3829
3839
3839
2584
2586
2618
2622
2624
2616
2747
2757
2750
2740
2742
2738
2853
3367
3417
3394
3398
3398
3704
3812
3811
3699
3835
3713
2599
2584
2599
2594
2616
2616
2612
2746
2751
2744
2740
2744
2732
3392
3372
3460
3702
3704
3700
3719
3719
3717
3719
2601
2608
2639
2639
2635
2718
2713
2714
2732
2732
3454
3456
3392
3457
3457
3703
3692
3696
3709
3706
3712
3707
2600
2597
2637
2633
2634
2634
2717
2719
2719
2712
2714
2706
3452
3451
3452
3461
3462
3692
3711
3710
3679
3681
2716
632
739
610
639
640
635
635
754
737
746
738
741
732
1688
1688
1712
1716
1726
1727
1728
1731
1469
1452
1467
1469
612
644
642
643
641
636
756
754
736
736
738
439
1690
1711
1716
1724
1733
1739
1454
1463
1454
1450
1452
604
606
565
569
643
417
771
162
437
167
1692
1686
1692
1720
1724
1717
1739
1737
1739
1454
1454
1446
563
568
563
568
559
559
779
161
164
167
1691
1681
1906
1724
1737
1444
594
595
569
549
215
212
152
156
156
171
169
1915
1915
1919
1907
1910
1313
1487
1489
1487
1497
599
599
597
586
542
542
211
155
141
154
126
152
126
122
1912
1913
1909
1911
1911
1088
1652
1491
1490
589
599
542
545
224
218
192
124
125
1894
1891
1902
1090
1651
1118
1499
538
539
532
530
512
220
220
194
206
209
1013
1017
1012
1016
987
1122
1121
1576
1579
1580
1581
1577
533
533
532
512
914
902
204
205
199
1012
1013
987
989
989
1124
1578
1581
1580
535
2393
535
512
2395
2391
2389
190
2072
196
197
200
200
1001
1002
1015
3531
989
3529
2952
2948
2950
2972
2972
2974
2371
2387
2375
2393
2395
2387
2391
2391
2073
2071
2083
2091
2088
3344
1000
3409
3537
3527
3529
3522
3509
2950
2954
2980
2974
2976
2372
2372
2376
2386
2082
2071
2088
3537
3539
3535
3524
3512
2954
2978
2231
2374
2232
2374
2494
2384
2076
2078
2087
2087
2099
3411
3410
3533
3534
3534
3524
3511
3520
3519
3518
3520
3830
3786
2230
2232
2233
2496
2228
2813
2817
2080
2092
2862
3413
3413
3395
3514
3516
3516
3831
3837
3837
3784
2230
2228
2620
2623
2624
2022
2749
2093
2857
2095
2095
2860
2854
3418
3412
3396
3404
3402
3826
3835
3834
3839
2230
2618
2624
2624
2747
2623
2751
2749
2750
2738
2736
2734
2734
3419
3419
3404
3402
3404
3400
3698
3827
3835
2237
2583
2614
2721
2718
2736
2734
2736
3391
3392
3397
3400
3698
3700
3699
3715
3713
2237
2241
2626
2601
2627
2729
2704
2706
2702
3392
3231
3227
3004
3003
3710
3715
3712
2599
2596
2627
2630
2631
2635
2633
2723
2727
2704
2701
2706
3237
3455
3237
3229
3458
3231
3005
3012
3711
3709
3706
3679
2596
2727
3679
441
1707
609
609
642
632
409
409
443
737
445
739
741
440
441
1707
1709
1708
1714
1745
1746
1463
1469
1463
1469
1467
608
610
644
407
756
416
448
449
440
449
437
439
1699
1685
1684
1709
1727
1718
1729
1465
1467
565
606
407
413
416
161
166
173
174
1696
1682
1684
1685
1686
1735
1735
1733
1735
1739
1444
1446
1442
297
299
567
252
419
419
159
164
162
175
177
175
1681
1917
1817
1720
1718
1671
1476
1476
1474
1474
1479
1446
593
562
242
244
244
216
216
158
160
160
158
176
179
1918
1917
1906
1668
1669
1491
1497
1494
597
597
242
222
215
212
214
138
147
132
134
179
1918
1892
1919
1909
1910
1666
1667
1651
1656
1489
1496
526
531
332
223
223
220
224
218
148
149
132
1894
1894
1904
1904
1660
1663
1662
1654
1652
1499
1495
529
527
529
531
235
237
239
194
192
129
1896
1015
1902
1904
1664
1587
1586
526
530
334
237
239
188
194
186
1002
1011
1007
1006
987
1900
1648
1661
1586
1579
2354
527
2397
2389
187
187
190
192
201
199
184
183
1001
1009
1006
2965
2963
2942
2952
2946
2948
2976
2352
2397
2399
2391
2084
2072
2086
2089
3342
3337
3525
3527
2965
2940
2952
2950
2981
2350
2376
2380
2383
2077
2084
2082
2087
2091
3341
3341
3344
3338
3338
3533
2969
2967
2954
2956
2980
2984
2977
2977
2374
2375
2234
2382
2380
2383
2382
2077
2078
2099
3346
3349
3348
3535
3511
2959
2986
2988
2978
2231
2234
2384
2024
2022
2080
2093
2097
2099
3347
3351
3512
3147
2959
2961
2989
3827
2987
3837
2991
2223
2233
2224
2226
2249
2247
2024
2024
2092
2097
2097
1941
3417
3347
3126
3144
3148
3145
3143
3826
3019
3019
3052
3053
3059
2239
2238
2243
2249
2022
2037
2036
1941
3418
3124
3122
3143
3021
3021
3835
3049
3839
2237
2241
2243
2614
2029
2039
2725
2740
2039
1934
1924
1939
3121
3233
3231
3218
3006
3002
3003
3034
3036
3049
2269
2271
2271
2629
2626
2725
2030
2722
2039
2729
1934
1932
1926
3238
3235
3234
3231
3233
3001
3001
3004
3033
3031
3032
2597
2266
2631
2629
2630
2722
2723
2729
2727
2729
1932
2706
1930
2702
1925
3237
3239
3239
3229
3227
3227
3009
3014
3013
3040
3012
3037
3038
3038
3040
3037
1703
1459
291
392
392
410
411
409
445
443
430
429
428
441
1705
1708
1742
1744
1744
1744
1745
1747
1465
1461
1457
1456
1456
392
395
411
411
415
447
448
449
1701
434
1698
1703
1705
1758
1741
1746
1741
1750
1465
1460
1442
1442
297
394
396
407
415
413
417
449
173
1697
1698
1701
1697
1699
1682
1709
1717
1767
1748
1472
1446
1484
299
293
297
287
253
254
252
254
447
159
174
1696
1819
1827
1766
1476
1476
1671
1474
1482
1484
299
294
295
293
244
246
246
248
213
139
139
179
177
1816
1818
1829
1827
1823
1669
1673
1479
1484
1493
355
353
242
357
246
222
213
214
231
141
138
147
143
179
134
132
1904
1659
1667
1666
1656
1656
1493
1564
1495
355
332
233
231
232
229
149
182
145
143
130
134
1896
1896
1892
1902
1659
1898
1660
1656
1584
1566
1564
344
342
333
336
239
239
229
148
128
130
1866
1891
1900
1898
1664
1647
1663
1661
1662
1585
1587
1571
1566
344
333
235
188
181
181
183
186
1011
1011
1011
1862
1900
1649
1643
1647
1645
1644
1589
1572
1574
1574
2352
2354
2367
336
237
29
184
3336
1009
1007
1649
2942
2946
2972
2946
2982
2354
2352
2349
2354
2398
2399
2304
2083
2063
2062
2069
2066
2067
3340
3340
3275
3272
3271
2963
2965
2969
2954
2999
2982
2984
2348
2342
2349
2342
2378
2399
2398
2303
2057
2062
2059
3334
3342
3337
3271
3299
3287
2969
2957
2957
2997
2993
2995
2350
2342
2378
2380
2298
2307
2056
2061
2059
3357
3351
3351
3349
3291
3286
3286
2967
2959
2960
2999
2999
2989
2994
2221
2224
2221
2221
2222
2378
2299
2017
2061
2143
2099
3359
3359
3357
3346
3359
3351
3126
3130
3149
2960
2986
2988
2223
2226
2244
2020
2247
2018
2018
2014
2016
1939
2142
3359
3124
3126
3129
3147
3149
3148
3139
3019
3055
3059
3053
3059
3047
2238
2245
2245
2035
2016
2016
2012
2011
1943
1944
1941
1941
3121
3124
3145
3144
3021
3052
3051
3046
3046
2239
2273
2272
2277
2243
2029
2034
2033
2039
2037
1943
1945
1947
1948
1937
3122
3218
3213
3017
3016
3033
3049
3032
2269
2271
2277
2279
2031
2029
2031
1994
1934
1929
1934
1924
3238
3233
3234
3220
3002
3010
3034
3016
3031
3036
2267
2267
2271
2266
2027
2026
2030
1984
1967
1928
1930
1922
1925
3235
3224
3220
3013
3008
3010
3009
3014
3044
3044
397
398
402
399
403
470
471
429
428
432
1703
1856
1761
1742
1751
1754
1459
1460
1457
291
400
394
396
410
470
471
479
467
430
434
434
1705
1759
1761
1762
1748
1750
1461
1528
1527
289
286
395
253
415
474
477
477
479
434
1804
1804
1806
1759
1769
1763
1471
1482
1529
1514
299
254
136
89
87
1816
1817
1821
1827
1767
1769
1672
1471
1472
1482
1514
1484
1512
295
294
359
287
359
254
250
137
137
85
1818
1819
1829
1822
1825
1668
1679
1672
1480
1478
1480
355
353
246
248
227
226
136
147
70
69
70
72
1829
1870
1822
1823
1675
1596
1494
353
351
346
357
232
227
229
231
36
145
143
129
74
74
1869
1868
1869
1874
1873
1679
1658
1585
1562
1564
344
349
338
332
233
226
6
182
145
100
1865
1861
1643
1626
1654
1641
1584
1572
1562
1566
344
342
334
340
2
5
27
29
27
99
94
1864
1861
1645
1589
1561
1571
1568
2361
2361
2367
2369
2369
2305
29
29
27
92
3276
1862
3274
1648
2944
2946
2981
1570
2971
1568
2367
2369
2369
2365
2305
2069
2067
3333
3336
3276
3275
3274
3297
2927
2944
2903
2997
2346
2365
2399
2299
2307
2303
2063
2066
3333
3334
3331
3332
3272
3298
3298
2969
2936
2956
2997
2999
2994
2344
2343
2338
2298
2296
2056
2061
3357
3332
3354
3353
3289
3291
3291
3287
2932
2937
2935
2993
2995
2165
2166
2187
2057
2144
3355
3355
3128
3291
3289
3141
2961
2987
2892
2991
2194
2184
2020
2183
2017
2016
2144
2144
2136
3128
3129
3130
3138
3138
3139
3085
3082
3057
3057
3057
2275
2192
2244
2185
2034
2014
2011
1945
1944
1936
3132
3134
3133
3136
3085
3055
3059
3051
3047
2275
2272
2278
2035
2277
1990
1992
2012
1943
1949
1949
1936
3179
1937
3179
3133
3212
3134
3212
3087
3017
3051
3042
2273
2259
2278
2279
2252
1988
2026
1994
1988
1994
1994
1929
1922
1969
1948
1926
3203
3223
3220
3215
3214
3216
3214
3024
3029
3026
3027
3042
3042
2260
2258
2260
2254
2027
1986
1984
1967
1969
1922
3222
3222
1971
3223
3224
3213
3008
3023
3025
3027
3044
1971
1857
374
398
397
404
402
404
389
469
471
467
454
432
1857
1853
1856
1855
1752
1854
1751
1752
1754
1516
1527
1529
1527
400
403
389
383
469
473
471
479
464
425
432
1859
1858
1757
1747
1776
1523
1523
1528
291
282
399
387
259
384
387
475
475
479
426
1858
1758
1757
1806
1765
1763
1510
1523
1525
1525
283
284
289
286
261
258
473
257
477
89
87
89
82
83
1804
1806
1802
1806
1757
1769
1765
1762
1534
1509
1509
1513
1514
283
358
289
261
31
42
89
85
83
69
1802
1821
1802
1677
1677
1536
1508
1532
1532
1514
1532
1538
351
329
316
250
32
33
44
34
62
1829
74
68
1825
1868
1870
1679
1677
1673
1592
1594
1593
351
347
347
317
317
316
4
34
102
72
74
72
1872
1873
1624
1626
1626
1679
1675
1583
1591
1593
349
340
340
2
4
5
16
8
36
104
103
1865
98
1864
1874
1881
1624
1639
1621
1561
1591
1604
1570
2361
2363
22
6
17
92
96
93
95
99
1866
1883
1643
1640
1640
1641
1603
1570
2361
2362
2290
23
25
23
25
2052
95
3327
93
3327
94
96
3279
3280
3278
1636
3292
1637
2929
2929
2931
2904
2905
1568
2357
2363
2304
22
2051
2054
3322
3280
3284
3274
3293
2926
2930
2930
2931
2907
2346
2365
2337
2337
2339
2309
2309
2309
2307
2050
2065
2051
2049
2065
3323
3325
3325
3295
3295
3292
2937
2939
2890
2882
2881
2343
2164
2339
2338
2301
2301
2297
2048
2059
3323
3331
3312
3302
3299
3297
3297
3267
2936
2889
2888
2882
2164
2166
2187
2187
2157
2143
2140
2138
3353
3302
2933
2935
2894
2894
2893
2894
2191
2195
2196
2165
2192
2161
2189
2000
2001
2131
2136
2144
2134
2138
2142
2124
3354
3175
3169
3167
3164
3141
3083
2892
3083
3069
2196
2195
2185
2184
1999
1997
1996
2132
2136
2136
2125
2123
3172
3132
3162
3137
3137
3086
3070
3068
3071
2200
2194
2219
2183
2251
1992
1958
2134
1947
1949
3177
3178
3179
3178
3212
3164
3162
3136
3117
3088
3089
3089
3096
3072
2256
2258
2251
1990
2252
1990
1992
1967
1949
3203
3205
3192
3190
3216
3025
3119
3094
3096
3026
3096
2259
2264
2255
2256
1982
1986
1986
1986
1975
1973
1969
1968
1971
3202
3189
3215
3023
3024
3119
3029
3091
3092
3092
2254
368
1793
374
370
366
370
376
451
452
452
453
1846
1847
1848
1851
1855
1853
1794
1797
1775
1517
1516
1519
360
370
374
372
385
389
462
467
462
462
453
426
1849
1859
1836
1795
1791
1787
1776
1502
1521
1520
282
272
270
259
389
387
474
457
464
460
458
425
1836
1834
1790
1789
1790
1787
1504
1525
284
263
261
43
42
458
77
87
1810
1814
1812
1546
1510
1536
1506
1506
279
359
328
328
256
256
43
44
38
82
79
1814
1814
1557
1547
1537
313
359
327
325
324
321
32
62
64
65
66
1557
1559
1535
1536
1596
1536
1537
351
314
319
327
318
10
47
10
31
33
103
66
1879
1626
1622
1622
1600
1599
1594
346
338
318
12
54
104
100
119
109
105
1872
1888
1879
1881
1884
1630
1621
1592
1609
1603
1601
1598
1600
342
2359
2318
2
10
16
91
117
117
118
1889
1887
1889
1637
1634
1639
1634
1602
1602
2356
2360
2318
12
21
17
3329
3279
3260
3259
1636
1611
2905
1610
2909
2356
2337
2335
2288
2290
2052
2041
3329
3327
3329
3283
3282
3283
3261
2927
2929
2926
2916
2904
2903
2907
2357
2333
2334
2334
2309
2282
2049
2054
3322
3314
3284
3293
3269
3269
2938
2920
2885
2886
2344
2333
2162
2331
2330
2297
2157
2159
2159
2155
3314
3312
3252
3248
3254
3267
2938
2939
2889
2884
2890
2885
2168
2168
2188
2296
2157
2159
2159
2153
2129
3312
3302
3254
3167
2932
2933
2894
2888
2204
2170
2188
2161
2189
1999
2001
2150
2152
2140
2125
2128
2124
3173
3304
3171
3169
3167
3158
3082
3076
3077
3066
3069
3066
3074
2202
2204
2219
2177
2000
2132
2131
2119
2127
2127
3173
3175
3162
3164
3087
3088
3062
3073
3072
2199
2198
2199
2218
2009
2007
1997
2007
1997
1957
2121
3179
3205
3164
3191
3160
3156
3070
3094
3096
3071
2261
2264
2219
2215
2005
2004
1958
1962
1969
2121
3196
3202
3190
3191
3117
3117
3091
3104
3102
2262
2262
2254
1981
1982
2003
1972
1975
1972
1979
1973
1978
3197
3201
3192
3184
3183
3119
3099
3100
3104
3188
451
372
368
1847
1849
1848
1851
1842
1795
1774
1793
1797
1776
1776
1520
1517
374
385
383
376
378
456
464
1846
1844
1836
1794
1797
1775
1772
1521
1519
276
272
384
265
379
378
460
81
424
1835
1836
1791
1787
1501
1504
278
278
280
272
262
257
457
40
81
81
1814
1832
1559
1502
1506
280
279
329
324
265
38
38
77
79
1809
1812
1559
1559
1547
1549
1541
1538
312
314
327
325
50
49
55
58
62
65
1549
1551
1550
1542
1540
312
310
306
319
321
51
47
51
53
53
102
64
1879
1876
1557
1629
1617
1599
310
302
14
8
21
111
109
1884
1885
1881
1634
1604
310
301
12
14
21
118
117
1888
1885
1632
1631
1611
1610
1601
2323
2324
2320
2290
2294
2044
2042
119
115
1887
3259
1883
1632
2912
1634
2914
1615
2312
2316
2318
2288
2293
2050
2044
3329
3321
3282
3261
3259
3260
3264
2916
2909
2909
2312
2314
2286
2046
2041
3319
3321
3250
3250
3265
3269
2916
2886
2896
2172
2316
2316
2327
2329
2329
2331
2282
2330
2110
3314
3310
3250
3309
3248
2924
2921
2920
2901
2171
2168
2162
2331
2282
2149
2152
2155
3314
2108
3252
3306
3252
3254
2922
2924
2901
2899
2901
2170
2176
2177
2179
2153
2128
2113
3305
3254
3157
3076
3078
3077
3066
3064
3073
2202
2217
2009
2151
2119
2120
2129
3172
3171
3160
3156
3081
3061
3074
2200
2213
2219
2009
2007
1964
1963
2119
2117
2116
3177
3209
3154
3115
3115
3109
3111
3102
2211
2005
2004
1962
1963
2121
3199
3200
3207
3207
3194
3186
3115
3113
3098
3102
2261
2211
2215
2003
1977
1979
3197
3201
3189
3186
3183
3119
3100
3099
3104
1954
372
366
364
454
1784
1784
274
456
1799
1771
262
377
379
422
1789
40
424
1808
1832
1501
1506
276
323
40
1810
1555
1549
1542
266
76
1812
1541
1540
313
301
49
55
109
1628
1553
1551
1613
304
14
14
19
54
111
107
1877
1629
1609
1617
2322
302
2294
20
115
1630
2322
2294
113
1607
2909
1615
2323
2284
2286
2045
3321
3256
3257
3257
2335
2331
2286
2286
2045
2109
3319
3317
3269
2922
2174
3246
3242
3244
3246
3267
2918
2917
2896
2181
2108
2112
3308
2917
2900
2170
2149
2147
3304
3246
3158
3064
2217
2181
2150
3306
3171
3157
3079
3062
2202
2213
2009
2112
2117
3208
3194
3081
3109
3109
2211
1964
1977
3207
3181
3113
2215
1960
3182
3111
274
1834
1799
1782
1844
263
267
381
1546
1877
1555
1555
308
306
59
50
1613
21
1615
2908
2320
2914
2327
2314
2046
3317
3264
2108
3265
2178
2901
3079
2204
2112
3153
3153
3182
3111
1954
1978
1842
1782
1842
1774
276
377
1504
1836
1544
58
323
59
1550
304
1876
1607
1611
2294
2042
3321
2897
2327
2178
2918
2921
2204
2113
3246
2151
2114
3107
2147
3208
3209
1952
2116
3196
3154
3113
3104
366
1799
422
1832
1786
1772
276
1809
76
1544
306
1553
1619
308
57
113
111
1887
115
2044
3309
3242
3310
3305
2217
3171
1956
3152
3106
1956
3200
3184
364
422
1844
1844
1784
381
81
267
1619
308
47
107
1619
1607
2322
2324
113
3256
2912
2897
2174
2284
2110
2171
2179
2146
2172
2176
2146
3078
1951
2211
2205
1976
3199
3181
366
421
2104
2104
1784
362
362
2490
2106
266
1840
1840
1619
57
304
57
2310
1617
2320
3316
2292
2292
3316
2912
2100
3263
3242
3244
1111
2114
3064
3107
3152
2210
2209
1951
3152
3107
1952
1960
1110
1778
2104
1838
1780
1780
2106
2106
269
1838
269
2102
1777
2102
2779
107
2775
2779
2790
1779
2778
885
2248
2207
2209
2207
780
2780
896
