368
10
137
115
116
116
6
6
10
12
117
117
6
10
10
12
11
11
11
136
115
115
8
8
10
19
98
109
111
111
111
7
8
18
98
109
110
110
8
8
8
19
19
18
99
109
110
110
41
41
19
104
109
104
110
42
42
42
42
41
27
27
27
18
100
104
105
108
108
42
42
23
25
100
102
105
105
105
108
45
45
23
23
23
25
102
102
330
339
341
44
252
330
330
330
341
341
341
252
257
330
327
327
341
254
332
329
327
327
337
337
337
243
254
254
257
351
332
328
333
244
244
244
254
253
253
253
253
351
351
328
333
334
244
236
245
245
272
253
272
351
351
333
236
272
364
364
333
335
236
238
272
238
272
272
270
270
352
352
364
365
335
235
270
362
362
365
365
365
335
335
335
235
238
274
274
274
274
137
137
137
137
137
137
137
116
116
116
116
117
117
117
117
6
6
10
10
10
10
10
9
12
12
12
12
136
136
137
115
115
115
115
117
117
6
6
6
6
10
10
10
12
12
11
12
11
136
136
136
136
115
115
118
111
117
117
117
6
6
7
7
7
8
10
19
12
19
11
11
11
98
98
98
99
109
109
109
111
111
5
7
7
8
8
8
19
19
19
18
98
98
98
99
99
99
109
109
111
110
111
5
110
7
8
19
19
18
18
18
100
98
99
109
104
109
110
110
110
41
41
41
41
41
40
40
19
27
18
18
18
18
18
100
100
100
100
99
104
104
110
110
42
42
41
42
40
40
24
27
24
27
25
27
25
100
100
100
105
104
104
108
108
110
42
42
42
42
24
24
23
26
27
26
25
102
102
102
105
105
105
104
105
104
108
108
44
44
44
45
45
45
23
23
23
23
26
26
25
25
102
102
105
105
339
108
341
341
341
341
252
45
23
23
23
23
23
255
25
25
256
332
332
330
330
327
330
327
327
339
339
339
339
341
341
252
252
252
252
252
241
255
241
241
255
255
257
256
332
332
330
330
327
327
339
341
337
341
337
252
252
244
241
243
243
254
243
257
257
257
257
332
330
332
327
327
338
337
337
337
244
244
244
243
243
254
253
254
253
257
257
332
329
328
328
338
337
337
337
337
337
244
244
246
245
254
253
253
253
253
351
351
351
328
328
328
328
328
333
333
334
334
244
244
245
272
272
253
351
351
351
364
328
333
333
333
334
334
236
236
236
236
238
245
272
272
272
271
270
270
270
351
351
352
364
364
364
365
335
334
334
335
236
334
236
236
238
238
238
272
270
270
352
362
362
362
364
364
365
335
335
335
236
235
238
238
238
274
272
274
274
270
270
352
352
362
362
362
365
365
365
365
365
367
335
235
238
238
274
274
274
273
273
273
273
362
116
9
137
137
137
137
115
116
118
117
117
117
117
125
6
6
9
9
9
12
12
12
12
12
137
136
136
137
136
115
135
115
115
116
119
118
118
118
117
6
6
7
9
9
9
12
13
13
13
11
136
133
135
135
115
115
119
118
118
5
5
5
5
5
7
7
7
9
10
22
11
11
11
98
133
133
136
98
135
109
111
111
5
5
7
8
8
19
19
17
17
11
11
98
98
99
99
99
99
112
112
109
111
111
111
41
41
40
8
8
19
19
19
17
18
98
99
99
112
112
109
112
110
110
41
41
40
24
27
18
18
101
101
103
103
108
108
41
42
40
40
40
24
27
27
27
101
102
101
100
103
103
103
105
104
104
108
44
44
45
42
40
45
24
24
27
26
26
26
26
25
102
102
100
105
105
104
104
104
108
108
108
44
44
44
44
45
45
45
45
24
26
26
25
100
330
105
324
339
107
340
340
44
45
252
45
23
255
26
256
331
331
330
327
324
327
339
340
340
341
252
252
241
241
241
241
241
255
256
255
256
332
332
331
332
327
327
339
339
341
341
252
251
241
241
243
243
255
257
256
256
332
332
332
332
329
329
329
329
329
338
337
344
252
252
243
243
243
254
254
254
257
257
332
331
328
328
338
337
337
336
244
246
244
246
245
254
253
257
353
328
328
338
338
338
338
336
334
246
246
245
245
254
253
271
253
354
351
355
351
353
364
333
338
333
334
334
334
236
236
237
236
246
240
272
272
271
271
270
352
352
352
352
364
364
364
366
366
334
334
237
236
240
240
240
271
271
270
270
270
352
352
364
365
367
367
335
235
236
240
240
239
240
275
274
274
270
352
352
352
352
362
362
362
362
362
365
365
365
367
367
335
235
235
235
238
239
239
238
275
239
274
275
274
273
273
238
275
274
137
135
9
136
132
137
132
137
116
116
116
116
118
118
118
125
125
125
1
9
9
9
13
13
13
13
13
13
13
13
133
134
135
135
119
118
118
118
125
125
124
125
3
7
9
13
13
13
133
133
136
134
135
135
135
119
119
119
124
5
7
4
7
4
9
22
22
22
13
14
13
11
133
134
133
135
134
135
135
119
109
111
111
5
5
4
4
8
4
22
22
17
14
17
98
99
99
112
112
114
111
113
38
7
38
21
22
17
20
17
17
98
99
97
97
112
112
114
114
41
38
40
40
37
37
40
37
27
20
17
30
30
101
101
101
101
99
101
103
103
112
106
114
114
41
42
40
40
27
27
30
26
101
102
101
102
103
106
106
108
107
44
107
44
45
45
43
24
24
26
26
26
25
25
102
102
101
100
103
103
104
108
107
107
107
44
44
43
43
24
24
26
25
25
92
92
92
100
92
324
324
339
340
340
340
43
43
43
43
241
259
24
260
255
256
256
331
331
330
324
324
340
340
340
340
340
251
251
241
241
241
255
255
260
256
256
256
331
331
329
329
326
339
344
340
252
251
251
251
243
242
242
242
255
255
256
256
256
331
331
329
326
339
344
344
344
251
344
251
247
251
251
243
243
242
254
260
258
257
331
329
331
328
329
338
338
344
344
244
246
246
243
245
254
257
257
355
355
353
355
328
338
338
338
334
336
237
336
246
246
246
245
245
254
271
271
264
354
355
353
353
353
364
363
363
338
366
334
334
237
237
246
245
271
271
264
352
353
363
363
363
363
366
335
237
237
237
237
240
240
240
275
271
271
350
350
350
364
363
363
366
366
367
367
235
237
239
239
240
240
275
275
273
273
350
350
350
350
362
366
367
366
367
367
235
235
235
239
239
239
275
275
275
275
275
273
273
273
365
273
132
132
132
132
128
135
127
116
119
122
125
125
125
125
125
1
1
1
0
15
0
16
16
16
14
132
132
135
134
134
127
119
121
118
124
124
124
124
125
3
3
1
1
4
22
16
16
14
133
134
134
126
127
119
119
119
118
120
3
3
3
4
4
3
2
22
22
22
16
14
14
133
133
133
134
126
126
119
124
4
4
2
4
22
22
20
14
14
97
97
134
97
134
97
112
112
114
114
113
114
113
4
4
4
37
37
2
37
22
20
20
20
17
17
97
97
97
97
97
97
112
112
114
114
114
113
38
38
38
39
37
37
31
33
20
20
30
30
30
101
101
97
103
93
106
106
106
114
38
38
38
38
39
37
37
33
31
30
31
30
30
101
101
103
103
106
106
107
36
43
32
33
31
30
29
92
92
92
93
103
106
106
106
107
107
36
43
43
43
43
32
31
31
29
29
29
92
92
92
92
324
324
106
107
107
107
36
43
43
43
43
250
259
31
259
31
31
29
263
322
322
322
325
324
324
339
340
340
340
249
251
251
250
250
250
259
259
260
260
256
263
323
322
322
325
326
326
326
342
344
342
247
251
251
242
259
260
260
260
263
263
263
331
331
323
329
329
325
326
326
326
326
344
344
247
251
247
242
242
260
258
260
262
262
263
355
355
331
329
326
338
344
344
344
344
344
247
247
247
246
242
242
258
258
258
258
262
262
355
355
363
336
336
336
237
247
246
246
245
245
258
271
267
262
262
264
354
354
353
353
353
363
361
336
336
336
336
231
231
237
231
240
245
233
271
271
264
264
264
354
354
353
353
363
363
366
360
359
335
237
237
239
240
240
275
271
264
264
264
264
350
350
345
363
363
366
366
366
367
367
237
235
237
239
240
239
275
273
275
273
350
350
350
345
345
366
366
366
367
358
367
235
235
239
239
239
275
275
273
273
345
128
14
132
132
131
132
128
127
116
121
121
122
122
122
122
125
125
125
125
1
1
0
15
15
16
15
16
16
16
134
132
132
128
127
127
121
121
121
124
1
3
1
0
0
0
15
15
16
14
14
134
129
130
127
127
127
119
119
120
121
121
124
3
3
2
22
22
22
21
14
14
133
129
134
129
129
126
126
126
126
126
119
120
120
120
124
124
3
4
2
2
21
21
21
20
133
133
133
129
126
126
114
113
113
38
4
2
37
2
20
21
20
17
17
96
93
93
112
114
114
113
113
113
38
38
39
39
37
37
21
33
20
20
30
101
96
96
93
113
113
113
38
38
38
39
39
33
33
33
33
33
30
29
30
30
96
96
93
93
103
161
106
106
107
107
39
35
36
34
34
33
31
31
31
29
29
29
29
92
96
93
93
93
106
107
36
34
34
32
34
34
31
31
29
29
29
92
322
93
161
324
164
324
107
36
36
34
250
34
250
259
259
28
263
322
322
322
325
324
342
342
342
342
36
249
250
250
250
259
259
259
260
260
260
263
263
322
323
322
323
325
325
325
325
326
324
342
342
342
249
249
247
250
242
259
260
263
263
323
323
323
325
325
326
343
343
247
247
247
242
242
260
258
260
262
262
262
262
355
325
325
326
343
343
343
343
248
247
248
247
242
258
258
262
262
355
355
355
355
347
361
361
361
336
343
336
248
248
233
242
258
267
267
261
262
354
354
354
353
353
348
361
361
361
360
361
360
336
336
231
231
233
233
233
267
267
264
264
354
354
354
353
348
361
361
360
360
359
359
231
230
233
233
233
267
267
264
264
350
350
348
345
363
357
357
357
357
358
357
358
230
230
233
268
268
268
266
264
350
348
345
349
345
345
345
345
363
357
357
357
358
358
230
230
230
230
230
232
232
268
268
268
266
266
266
232
132
132
131
128
128
128
128
128
121
122
121
122
122
123
1
1
1
0
15
15
15
15
15
16
16
16
91
130
132
131
131
127
127
121
121
121
122
122
122
123
3
0
0
0
15
15
16
91
91
130
130
129
131
127
127
127
120
120
123
123
124
3
3
3
0
2
21
15
15
14
90
129
129
129
126
126
126
120
120
120
124
124
61
3
2
2
2
2
21
21
21
20
14
90
95
129
95
95
126
166
126
166
114
173
173
120
113
124
113
39
39
2
2
21
21
20
89
89
17
95
95
96
96
93
168
166
173
173
174
113
39
39
39
39
37
33
33
21
21
30
30
89
96
96
96
168
161
114
161
164
174
174
35
39
39
37
33
33
33
30
28
30
96
94
96
96
93
168
161
164
164
174
35
35
34
34
34
32
32
32
28
29
28
94
92
161
161
161
164
164
165
165
164
35
36
35
34
34
32
32
32
32
28
92
322
93
93
161
313
161
291
164
165
165
36
36
36
36
35
36
34
250
259
31
218
28
322
314
322
323
325
291
324
165
342
249
249
36
249
250
223
263
263
322
322
323
314
323
325
291
291
342
292
249
249
249
250
250
250
259
223
223
223
223
260
263
263
262
323
323
325
326
342
342
342
249
248
249
247
242
259
258
262
262
323
355
347
347
347
325
326
343
343
343
343
249
248
247
242
258
261
261
354
355
347
361
361
343
359
248
248
242
234
233
258
258
261
261
354
354
348
347
347
348
361
361
360
360
360
359
359
231
231
233
233
234
233
267
267
267
267
266
349
348
349
348
348
348
347
361
360
360
357
359
359
231
231
233
268
269
269
268
267
266
267
349
349
348
348
345
357
358
357
358
358
230
230
230
233
232
234
268
268
268
266
266
266
349
349
345
345
345
357
357
357
357
357
358
358
230
230
230
232
232
268
268
268
266
266
357
128
122
130
131
131
128
128
128
121
122
122
122
123
123
1
1
0
0
88
86
86
91
91
91
91
130
131
131
131
131
128
127
121
121
122
123
123
59
57
0
57
88
88
91
88
91
91
91
130
130
130
131
131
150
120
120
123
123
59
57
57
57
0
57
88
88
88
90
90
90
129
131
129
129
126
166
126
173
173
172
61
61
61
88
88
90
95
95
129
166
166
166
173
173
173
174
172
61
61
52
51
51
21
89
89
89
89
95
95
95
95
168
166
166
173
174
173
174
173
174
174
53
53
51
51
51
33
79
89
89
96
95
168
168
168
166
164
174
174
53
53
51
32
79
32
28
94
94
94
94
168
168
161
164
164
165
35
35
35
53
55
32
32
28
28
28
28
28
94
94
94
168
161
161
164
165
165
35
35
34
55
55
32
28
28
28
311
311
311
161
313
313
313
161
291
165
165
165
165
35
36
35
217
55
221
221
218
218
218
218
218
314
313
314
311
313
313
313
313
291
291
291
292
292
212
35
249
217
221
217
223
223
218
218
219
218
218
314
314
315
313
291
291
292
215
215
217
222
222
223
219
314
314
314
314
323
315
291
291
292
290
290
249
249
215
215
215
223
222
223
223
223
223
223
261
302
302
302
323
308
347
326
287
290
343
248
248
215
215
222
197
223
261
261
261
302
302
347
347
347
287
360
287
343
278
290
343
359
248
248
234
197
234
261
261
261
261
302
348
347
347
361
347
360
360
360
360
359
359
359
231
231
234
234
234
234
269
267
267
349
348
346
356
356
359
359
359
231
231
234
234
269
269
269
269
266
349
349
348
349
346
356
356
358
358
230
232
234
269
269
268
266
265
349
349
345
346
346
346
346
356
356
356
358
358
232
232
232
232
234
232
234
269
268
265
266
265
349
356
266
123
58
130
130
131
128
150
156
156
156
156
122
123
155
123
58
58
58
57
86
86
86
91
91
91
91
130
130
131
150
128
156
156
156
123
156
123
155
59
59
59
58
88
57
88
91
91
130
130
150
150
150
172
172
172
172
59
59
59
59
57
88
88
88
87
88
87
90
90
140
140
141
142
150
150
173
172
172
172
172
172
61
61
61
57
57
87
87
87
87
87
90
90
95
129
141
167
166
166
166
173
173
173
173
174
172
61
52
52
79
79
89
89
89
95
95
141
167
166
166
166
177
177
174
175
174
52
53
52
51
51
79
79
79
78
77
89
94
94
168
168
167
168
167
167
177
177
174
53
53
53
51
51
78
51
78
78
77
77
94
94
94
168
168
168
162
164
164
175
56
55
53
55
55
78
77
94
94
170
162
162
162
164
165
163
56
56
56
55
55
55
54
70
69
311
311
313
313
162
162
164
165
165
165
163
163
163
56
55
221
221
221
221
218
218
218
311
311
313
313
291
292
292
292
212
217
217
217
221
221
221
220
219
314
314
315
315
291
291
292
292
292
212
212
212
215
215
215
217
222
223
222
220
219
219
219
314
314
314
315
315
315
315
287
290
290
214
215
215
215
222
222
220
219
219
314
314
315
287
287
287
290
290
290
248
214
222
197
222
189
189
189
189
261
191
302
302
302
302
308
308
308
287
290
278
278
278
248
214
214
197
197
197
197
189
189
189
189
189
190
306
306
308
308
287
278
284
278
231
195
195
197
189
189
269
190
266
306
306
308
348
346
284
356
356
278
278
279
279
195
206
234
204
234
204
269
269
265
190
306
306
349
346
346
346
346
356
285
356
279
279
279
232
232
206
205
206
204
234
269
269
265
265
349
305
346
346
346
346
356
356
356
356
278
358
277
277
277
277
232
206
205
204
205
204
269
204
265
204
265
265
265
265
265
58
84
149
151
151
151
151
156
156
156
157
155
155
155
58
58
58
86
86
86
86
86
86
84
84
84
84
151
151
150
150
156
156
156
155
59
155
59
59
58
58
57
86
88
86
87
84
91
84
140
151
150
150
150
150
156
156
172
61
59
59
62
59
62
59
57
57
87
87
90
84
140
141
140
141
142
142
142
142
157
172
172
61
62
62
87
87
87
87
87
90
90
140
140
140
141
141
141
142
142
177
177
175
175
61
61
62
62
52
52
79
79
90
90
89
140
140
167
141
141
167
167
167
169
177
177
176
175
175
175
53
52
51
51
79
78
77
77
77
77
147
147
167
167
167
169
177
176
176
176
175
53
53
53
52
53
51
52
79
78
77
77
77
147
147
168
170
167
170
169
176
176
163
56
53
56
55
54
54
54
54
78
78
69
69
69
147
147
170
162
163
163
163
163
163
56
56
56
55
54
54
54
54
54
70
69
69
69
311
311
310
170
162
162
163
163
56
56
55
221
218
218
220
219
311
311
311
311
310
310
316
291
289
292
292
292
292
212
212
217
217
217
221
221
221
220
220
219
219
312
312
311
312
312
315
315
315
289
289
290
290
212
212
217
216
222
222
220
220
220
219
219
312
312
315
315
315
289
289
289
290
214
214
215
216
216
222
216
222
222
220
220
219
220
219
312
302
302
312
308
315
316
287
287
290
290
214
214
214
214
214
214
215
196
197
197
191
191
302
302
308
308
308
308
287
287
287
278
298
214
214
214
195
197
197
197
196
189
189
189
190
190
190
306
308
309
308
284
284
278
284
278
280
279
278
195
195
197
197
189
190
190
190
190
306
306
306
309
308
309
309
284
284
278
279
279
279
279
279
195
205
205
184
185
185
190
185
306
306
306
309
309
309
309
285
278
279
279
279
206
206
206
205
204
204
185
185
265
185
305
305
306
305
307
307
285
285
277
277
277
277
277
206
206
205
204
204
204
204
185
265
265
149
149
151
149
151
157
157
155
155
155
58
67
58
58
86
81
84
84
84
139
149
151
151
151
157
157
157
157
155
155
155
59
58
58
64
86
81
84
84
85
140
142
151
142
150
157
157
159
157
155
62
62
62
62
64
80
80
80
85
83
140
142
177
177
175
61
62
60
62
62
64
80
80
80
90
80
83
83
140
140
140
141
141
142
142
177
177
175
60
60
60
62
62
79
52
79
80
77
77
140
141
167
142
169
169
177
177
176
175
175
50
52
46
52
52
79
75
77
147
147
148
148
167
169
169
176
176
176
176
175
50
50
46
46
46
52
54
51
78
78
75
75
147
147
147
147
170
169
170
176
176
50
56
55
54
54
78
78
77
69
70
69
147
147
147
147
170
170
170
170
163
180
180
56
56
54
70
70
69
69
310
310
310
310
310
316
162
162
163
163
212
56
217
54
228
225
220
69
225
69
310
310
310
310
316
288
288
288
212
212
217
217
216
228
220
225
225
312
312
310
318
316
316
289
288
288
288
212
212
216
216
216
221
228
220
225
219
225
312
312
318
316
316
289
289
213
214
214
213
213
216
216
222
229
229
191
226
226
303
303
302
289
298
213
213
213
216
213
196
191
191
191
191
303
303
316
301
287
287
298
298
298
195
195
196
196
196
196
192
191
190
191
191
306
309
309
309
309
284
284
280
280
280
195
195
195
204
192
190
190
190
190
305
306
309
309
309
286
284
284
280
280
280
280
200
280
206
195
205
205
205
184
184
185
186
305
305
305
307
307
307
307
285
285
285
285
279
279
276
279
277
206
206
205
202
205
202
205
184
184
184
185
185
185
305
305
305
307
307
285
285
277
277
277
206
206
277
206
206
205
204
202
184
185
185
277
67
149
149
149
149
149
151
154
157
157
160
160
155
68
67
68
68
65
68
65
65
81
85
85
85
85
149
151
154
154
157
159
159
159
160
158
155
68
68
65
81
81
84
84
85
139
139
149
154
142
154
154
159
159
159
158
68
68
64
66
64
64
80
84
85
85
139
139
139
141
142
142
159
159
159
181
181
181
181
181
60
66
60
62
64
64
64
64
80
80
80
80
83
139
139
141
145
183
183
181
175
175
60
60
60
60
63
79
74
80
75
76
80
76
76
148
145
145
145
169
176
183
177
183
60
50
50
60
46
46
46
47
79
75
75
75
148
148
148
144
145
144
169
176
179
50
50
50
50
46
46
46
74
74
78
75
75
75
148
148
148
170
170
169
171
179
176
180
180
50
50
50
48
48
46
73
78
73
75
70
69
310
319
171
170
171
180
180
180
180
180
50
48
54
72
73
73
73
69
310
316
316
171
171
171
171
288
180
288
180
207
180
180
211
211
211
72
210
72
228
228
228
225
225
69
321
310
316
171
288
288
207
211
211
216
210
228
228
228
228
225
312
320
318
318
318
318
316
316
289
289
289
288
289
288
207
212
207
216
216
210
229
229
226
226
225
312
312
318
318
318
318
289
289
288
207
213
213
213
216
216
216
229
229
226
226
226
303
303
303
318
295
297
297
297
213
213
196
191
193
191
226
194
303
303
303
303
303
303
301
295
295
297
298
298
298
298
298
298
213
200
213
196
196
196
192
191
193
191
300
303
303
301
286
286
284
284
284
280
280
280
200
195
195
196
192
192
194
194
194
305
300
309
309
307
286
284
280
280
280
200
200
200
195
205
200
203
202
184
184
184
188
186
194
305
305
307
307
307
285
286
283
276
206
202
202
202
202
184
184
187
186
185
186
305
304
304
304
307
285
285
285
283
283
276
276
277
202
202
202
184
184
184
184
185
186
186
307
152
65
152
149
154
154
154
160
160
160
158
158
67
67
67
68
67
65
65
81
85
85
85
149
149
152
152
154
154
153
160
159
160
160
158
68
68
68
65
64
64
81
81
85
85
139
138
138
138
154
154
159
160
159
160
160
158
68
68
64
64
64
81
83
83
139
138
143
159
183
159
181
181
66
66
63
81
81
74
83
83
139
139
139
145
145
143
143
183
183
181
60
60
60
47
63
76
146
145
145
145
145
144
183
183
49
49
49
47
47
74
74
75
76
76
148
148
148
145
144
169
169
169
182
182
179
49
46
46
74
74
75
75
75
148
148
144
171
182
179
180
179
49
49
50
48
47
46
48
72
73
73
73
70
70
70
70
148
321
321
170
171
179
180
179
180
179
50
48
48
72
72
73
73
70
70
321
321
319
171
171
179
207
211
210
72
72
73
224
73
225
321
321
317
316
319
288
288
207
207
207
211
211
211
210
228
228
228
225
225
225
225
320
320
318
317
317
294
294
297
207
208
211
210
210
228
228
226
226
226
320
318
318
318
317
294
294
297
297
297
207
209
211
210
210
229
229
229
226
226
226
226
320
320
318
318
295
297
297
297
298
213
199
209
196
229
192
193
193
300
303
301
303
301
295
295
295
297
297
298
298
298
199
199
199
199
196
196
192
193
193
194
194
193
194
300
300
301
301
286
286
282
282
276
298
200
200
200
200
192
188
194
194
194
300
304
299
299
286
286
286
286
286
282
276
200
198
200
203
201
201
188
187
186
194
304
304
307
304
286
286
283
282
276
276
198
202
202
203
184
187
187
186
186
304
304
304
285
285
281
283
283
283
283
283
283
202
198
203
203
203
187
187
186
186
202
160
152
152
67
67
67
67
67
65
82
65
65
81
81
83
85
152
154
154
153
153
160
160
158
67
68
65
65
82
82
83
83
138
138
154
153
153
153
160
181
158
66
66
63
81
81
83
138
138
138
138
143
153
159
183
181
181
66
63
63
81
83
138
138
145
145
143
183
183
183
181
66
66
47
47
74
74
76
76
146
146
145
144
143
143
182
183
183
49
74
74
74
76
76
146
146
146
144
144
143
169
182
182
182
183
49
49
47
47
73
71
75
146
148
171
182
179
179
49
48
48
46
72
70
146
148
171
171
179
179
179
48
48
72
72
73
71
70
321
321
319
319
319
293
293
179
48
48
211
48
72
227
72
224
71
321
321
321
317
294
294
293
207
207
211
210
210
210
227
224
224
224
320
320
294
294
296
207
208
211
210
227
229
227
226
224
320
320
320
317
317
317
317
294
317
296
208
208
211
208
209
229
229
224
224
300
300
301
317
295
295
297
297
208
296
209
199
209
209
229
229
193
193
193
300
301
301
295
297
296
296
199
199
199
192
192
193
193
194
194
300
300
286
282
282
276
296
199
199
200
201
192
188
194
299
299
299
281
286
282
282
282
276
276
200
200
201
188
188
188
188
186
304
281
281
283
282
276
198
198
198
202
203
187
187
187
187
188
304
304
304
281
283
283
198
198
203
203
203
187
187
186
186
283
152
152
152
160
82
82
152
158
65
82
138
153
153
158
65
183
158
66
63
82
83
138
144
153
66
63
74
76
143
181
66
76
76
146
146
143
182
49
47
47
74
71
144
171
178
178
182
178
49
49
72
73
71
321
146
319
179
178
72
319
319
178
72
224
71
321
317
294
293
208
210
210
210
320
317
317
294
294
296
208
208
229
227
320
209
209
209
209
229
227
227
224
301
296
296
208
227
224
301
295
296
199
209
201
193
299
301
282
199
199
201
192
188
299
299
281
282
276
198
201
192
188
188
299
282
283
198
203
187
304
282
203
187
152
63
65
82
66
145
153
153
81
49
47
47
146
144
182
182
71
178
71
224
319
224
317
320
293
208
227
296
227
301
193
192
300
296
201
201
203
188
281
283
67
82
67
82
138
153
83
66
76
182
144
182
74
144
47
72
73
319
293
207
224
317
295
227
227
300
296
209
295
296
188
282
198
198
281
276
198
201
187
186
152
65
158
63
63
82
138
66
182
76
144
47
71
146
178
178
178
48
178
293
208
209
208
199
299
199
281
201
188
281
198
203
152
158
158
67
82
153
181
143
71
146
143
49
71
72
321
321
178
210
227
224
320
294
296
300
295
295
300
301
295
192
281
299
299
283
198
203
152
158
293
293
82
153
153
139
293
143
63
63
71
178
144
178
319
71
319
208
319
319
208
227
293
227
209
209
162
296
193
193
201
299
299
281
201
188
281
282
162
178
293
63
82
82
293
293
143
63
143
294
255
294
162
49
333
333
162
5
261
333
5
201
299
201
5
342
24
