1904
905
371
381
441
441
922
922
906
858
440
440
927
895
847
847
861
861
861
324
378
379
897
897
895
851
315
437
425
425
425
936
894
863
314
266
420
421
892
892
893
868
867
864
317
419
416
417
818
818
868
264
263
256
417
830
829
832
832
820
747
747
747
743
249
241
241
255
255
830
820
763
743
307
307
249
240
240
258
812
819
759
760
764
753
306
306
1596
1495
1501
813
1281
1592
1593
1597
1498
1498
1283
1279
1339
1592
1540
1536
1499
1312
1602
1601
1540
1542
1529
1531
1531
1287
1315
1315
1352
1581
1580
1576
1541
1304
1304
1305
1315
1347
1348
1348
1345
1581
1581
1455
1543
1525
1303
1228
1308
1308
1374
1347
1368
1588
1588
1449
1220
1373
1451
1452
1429
1245
1245
1390
1390
1391
1371
1373
1379
1380
1584
1584
1440
1440
1248
1240
1379
1583
1441
1441
1433
1433
1248
1248
1240
1239
1386
1393
1392
1393
1382
377
377
376
375
376
375
380
384
385
385
439
441
444
445
923
922
926
906
905
905
900
902
900
848
859
859
860
377
374
373
380
381
436
380
445
444
923
926
928
926
906
904
906
849
848
851
859
861
377
324
324
373
378
437
434
426
424
426
424
928
930
928
927
935
898
895
850
853
851
851
855
856
314
326
315
315
437
437
437
426
426
930
936
936
893
898
894
852
865
863
862
313
314
314
317
315
318
266
420
420
418
427
929
418
929
893
866
867
863
863
862
312
313
266
263
264
420
419
421
417
825
827
827
822
828
821
818
865
867
867
746
862
744
745
300
312
308
245
245
245
263
252
417
829
831
827
828
819
820
767
767
766
747
743
748
745
309
309
249
247
242
241
255
257
252
830
830
831
832
765
767
763
764
748
750
752
305
304
305
249
250
243
241
239
255
258
257
807
806
812
810
812
811
760
764
763
758
750
751
753
753
305
306
250
239
1494
258
1496
1501
1501
1500
1280
810
759
760
760
761
764
1329
752
753
1338
1605
1605
1592
1596
1594
1596
1536
1597
1494
1497
1494
1497
1498
1498
1281
1283
1281
1280
1281
1287
1329
1286
1327
1328
1328
1340
1339
1605
1604
1592
1600
1594
1536
1494
1496
1530
1530
1530
1284
1285
1285
1288
1289
1287
1313
1287
1351
1351
1352
1339
1604
1600
1601
1594
1540
1542
1542
1528
1528
1304
1288
1288
1288
1294
1313
1350
1312
1349
1352
1352
1580
1578
1540
1542
1544
1541
1524
1531
1303
1531
1304
1305
1296
1308
1315
1314
1346
1348
1345
1579
1580
1582
1577
1578
1456
1456
1456
1449
1544
1525
1525
1306
1306
1305
1314
1314
1348
1590
1582
1582
1452
1451
1455
1430
1524
1525
1226
1226
1229
1228
1219
1307
1308
1372
1371
1371
1373
1378
1368
1376
1588
1586
1586
1585
1452
1452
1430
1429
1428
1246
1245
1228
1226
1220
1220
1221
1224
1221
1373
1376
1377
1586
1585
1436
1585
1435
1439
1430
1246
1248
1245
1238
1240
1221
1386
1391
1391
1391
1392
1394
1377
1380
1584
1624
1436
1437
1437
1440
1440
1438
1433
1247
1247
1238
1240
1239
1386
1393
1394
1379
1381
1382
1382
1382
1584
384
900
357
376
371
383
385
384
438
445
445
924
923
943
925
925
903
904
899
848
848
858
859
860
358
359
375
375
372
379
380
434
385
439
438
439
443
442
423
923
925
928
903
902
901
852
849
855
855
857
359
325
372
378
379
436
434
440
423
931
932
932
931
930
936
934
897
898
895
896
853
856
854
326
326
326
323
323
373
435
424
424
932
930
935
898
896
870
850
853
873
856
856
326
321
318
316
318
316
262
262
437
422
421
430
826
821
822
893
866
865
866
873
873
864
321
317
266
265
260
263
260
422
422
826
821
823
768
770
745
744
310
311
247
259
253
254
826
832
824
768
824
766
770
769
749
311
310
308
246
247
246
247
243
244
256
259
807
809
817
820
823
816
766
766
770
772
748
750
748
755
305
307
251
250
244
238
242
239
258
253
257
806
807
808
812
810
817
815
758
762
762
750
757
355
1596
239
1516
1495
275
1500
1500
813
810
1279
811
762
1328
751
1344
1569
1591
1593
1595
1513
1516
1497
1492
1489
1283
1282
1279
1293
1291
1292
1326
1327
1327
1338
1341
1340
1604
1605
1603
1600
1594
1538
1536
1497
1499
1489
1285
1290
1291
1292
1289
1327
1328
1349
1342
1339
1602
1603
1603
1598
1600
1599
1599
1599
1537
1532
1543
1528
1302
1285
1295
1296
1324
1315
1310
1350
1351
1349
1579
1579
1578
1539
1546
1529
1526
1301
1302
1299
1305
1298
1309
1310
1346
1346
1582
1456
1454
1546
1543
1546
1544
1526
1227
1299
1300
1298
1309
1311
1347
1369
1345
1590
1589
1590
1587
1577
1451
1449
1455
1428
1527
1527
1526
1226
1228
1233
1219
1307
1307
1372
1374
1369
1369
1375
1589
1589
1587
1587
1450
1450
1447
1430
1447
1241
1227
1230
1229
1225
1225
1390
1371
1370
1378
1376
1377
1625
1622
1435
1434
1434
1242
1241
1237
1223
1225
1224
1223
1384
1396
1397
1370
1380
1624
1624
1624
1622
1622
1623
1436
1437
1439
1439
1438
1434
1432
1247
1242
1237
1240
1237
1386
1236
1387
1387
1396
1388
1395
1397
1394
1381
1381
1389
1395
1394
360
382
900
358
357
360
361
372
382
383
382
456
443
455
445
942
943
940
937
903
901
913
845
844
843
845
844
844
842
860
359
361
382
369
456
438
443
442
943
924
941
940
937
903
902
845
844
841
359
366
364
364
368
369
370
433
432
443
428
931
934
948
933
910
902
917
852
870
853
840
854
857
325
364
322
322
320
435
435
433
433
430
427
932
934
949
915
914
916
916
870
869
854
874
326
319
320
261
431
429
430
430
790
934
800
871
871
875
876
873
874
321
321
299
265
262
262
260
422
825
791
821
824
800
796
768
724
769
875
876
729
745
300
310
308
298
299
299
265
294
260
259
254
254
793
828
796
824
770
771
734
749
351
311
311
308
244
293
274
253
280
809
280
809
817
817
814
765
772
771
756
757
754
755
304
355
349
251
243
291
244
274
274
274
279
808
809
815
814
761
772
757
757
755
356
354
356
250
356
1514
1515
1492
1493
1487
1268
804
815
805
815
1293
1325
762
1325
1344
1343
1343
1568
1568
1591
1595
1516
1492
1493
1490
1487
1268
1268
1291
1291
1292
1292
1326
1325
1354
1343
1344
1342
1569
1571
1598
1591
1538
1491
1491
1489
1282
1267
1282
1273
1290
1278
1324
1325
1324
1341
1341
1362
1357
1603
1573
1538
1534
1535
1533
1528
1522
1284
1488
1273
1257
1302
1295
1295
1294
1316
1311
1363
1363
1360
1573
1599
1572
1454
1537
1534
1545
1520
1517
1302
1295
1296
1310
1311
1349
1361
1365
1590
1655
1632
1655
1578
1453
1546
1545
1527
1519
1232
1257
1300
1300
1298
1298
1318
1311
1406
1416
1416
1628
1628
1634
1632
1632
1450
1454
1448
1448
1458
1458
1457
1233
1233
1299
1407
1406
1408
1416
1634
1635
1445
1446
1445
1445
1458
1244
1233
1230
1231
1222
1194
1384
1384
1397
1370
1376
1626
1634
1623
1634
1446
1447
1431
1458
1241
1244
1237
1223
1223
1202
1225
1385
1397
1385
1377
1426
1625
1626
1623
1623
1435
1432
1432
1432
1242
1243
1235
1236
1234
1236
1389
1389
1385
1389
1388
1396
1425
1424
1427
1426
1439
1425
363
361
363
360
396
367
389
456
456
471
470
943
942
940
939
937
907
912
913
913
913
846
846
843
842
357
362
367
368
362
370
455
471
470
468
428
468
941
940
947
908
907
909
910
911
846
842
842
365
365
368
369
457
453
459
459
428
469
947
947
951
915
950
909
917
916
891
890
836
840
841
302
302
366
369
458
457
432
451
950
949
915
950
916
891
889
879
879
303
303
320
319
320
328
271
458
431
448
451
446
450
948
949
915
802
801
914
725
871
870
876
876
877
877
301
301
297
303
297
299
296
269
446
268
429
450
790
800
789
795
801
725
725
725
871
875
734
729
728
301
352
298
296
296
296
293
268
267
792
793
791
794
798
796
797
727
724
734
724
733
729
351
349
289
294
293
276
280
792
816
716
716
734
734
754
351
349
356
290
289
288
276
276
278
279
785
804
804
805
803
715
715
772
756
755
756
356
354
356
291
1514
1516
276
275
279
279
785
804
805
805
803
1277
1334
715
1332
714
714
737
1358
1568
1568
1571
1556
1513
1514
1515
1493
1491
1493
1267
1274
1271
1271
1272
1335
1335
1335
1330
1333
1344
1357
1570
1571
1574
1556
1514
1510
1509
1507
1491
1490
1267
1274
1272
1337
1331
1333
1355
1355
1354
1355
1357
1573
1572
1575
1554
1554
1560
1538
1532
1534
1534
1522
1489
1256
1273
1258
1272
1316
1323
1362
1363
1360
1365
1362
1654
1657
1573
1554
1532
1533
1523
1521
1523
1518
1518
1257
1257
1259
1258
1296
1318
1317
1363
1320
1361
1360
1365
1655
1657
1454
1520
1519
1518
1232
1259
1300
1262
1262
1318
1317
1318
1411
1365
1416
1417
1631
1629
1629
1632
1633
1448
1480
1483
1477
1477
1478
1210
1208
1231
1195
1195
1297
1194
1408
1405
1417
1419
1418
1630
1628
1629
1635
1442
1443
1482
1459
1457
1233
1233
1196
1196
1193
1407
1408
1405
1414
1418
1419
1418
1627
1627
1608
1445
1444
1464
1431
1465
1243
1243
1230
1213
1230
1196
1194
1385
1405
1427
1424
1427
1626
1626
1621
1606
1607
1444
1444
1464
1463
1465
1243
1234
1235
1236
1202
1388
1383
1403
1425
1426
1606
395
835
415
363
395
396
395
390
389
471
467
466
471
471
475
475
474
938
939
939
907
912
839
838
839
839
837
834
835
362
415
415
394
399
454
454
469
466
944
938
946
909
909
908
911
911
836
837
834
835
413
406
406
394
399
454
453
460
459
462
468
468
947
951
921
919
918
891
891
889
878
365
339
365
339
403
329
403
403
457
458
459
448
452
451
452
944
945
950
921
921
887
886
889
879
338
302
303
329
329
271
270
449
451
790
949
920
802
921
890
885
888
877
881
330
331
329
270
269
269
449
91
450
790
794
799
799
802
802
872
723
872
885
731
352
334
331
295
267
268
267
791
792
793
796
798
726
727
726
721
723
734
732
729
730
351
350
289
290
296
285
293
281
281
281
794
773
784
794
798
727
719
720
732
733
736
730
735
354
350
289
284
284
277
278
785
777
778
716
779
779
720
714
738
735
736
353
1566
282
287
1515
286
1509
277
785
787
778
1277
779
1277
1334
1332
737
1359
1567
1567
1566
1555
1511
1507
1508
1508
1505
787
1265
1276
1277
1275
1336
1333
1330
1333
1332
1330
1359
1358
1570
1575
1567
1574
1560
1556
1559
1510
1510
1509
1508
1508
1505
1266
1265
1273
1278
1337
1337
1330
1354
1359
1570
1575
1574
1559
1557
1503
1523
1517
1256
1259
1258
1316
1321
1337
1320
1355
1366
1356
1367
1367
1656
1554
1560
1504
1545
1523
1523
1518
1255
1259
1260
1262
1263
1319
1361
1366
1367
1655
1656
1657
1657
1653
1480
1504
1479
1477
1521
1478
1253
1249
1191
1322
1322
1412
1412
1366
1364
1644
1631
1631
1653
1652
1652
1653
1479
1480
1481
1482
1481
1484
1477
1208
1207
1195
1192
1408
1411
1412
1410
1418
1631
1616
1630
1633
1607
1442
1482
1482
1483
1462
1210
1208
1209
1194
1196
1192
1405
1409
1414
1415
1615
1616
1619
1607
1443
1469
1465
1467
1459
1463
1467
1461
1213
1209
1203
1401
1402
1403
1422
1414
1615
1620
1620
1615
1620
1620
1606
1608
1444
1470
1464
1466
1466
1461
1214
1213
1214
1213
1212
1203
1202
1402
1402
1403
1420
1420
1420
1203
415
414
393
394
395
388
387
390
391
467
466
466
473
474
939
689
686
641
639
839
625
837
838
833
834
835
627
413
412
394
400
400
390
461
462
463
463
465
475
475
946
640
641
642
645
625
833
635
636
413
407
402
406
400
398
399
447
463
114
945
944
944
689
690
640
919
645
836
882
878
635
340
405
403
403
401
397
460
447
447
115
115
691
691
921
921
918
698
887
886
884
889
879
636
341
339
341
327
328
272
273
397
448
88
83
448
450
116
89
788
802
564
920
887
886
885
882
883
881
335
339
335
331
273
272
270
84
446
90
89
788
559
799
560
802
721
722
887
885
883
880
881
334
330
333
331
296
270
285
93
92
91
773
794
798
797
721
722
723
731
741
728
348
347
348
342
333
295
285
98
93
91
783
783
774
774
774
717
719
717
738
735
742
348
350
283
287
287
286
99
99
96
99
782
787
782
776
779
718
718
720
738
738
354
1564
282
284
284
1549
288
1512
97
97
99
786
786
787
787
783
776
777
1276
969
720
1032
735
1565
1565
1566
1551
1556
1512
1512
103
1505
1266
1265
787
1264
1276
969
1359
1029
1565
1567
1563
1563
1551
1558
1557
1512
1507
1886
1265
1266
1266
1275
1276
1336
1331
970
970
970
1034
1353
1356
1030
1356
1575
1553
1560
1503
1502
1506
1506
1255
1254
1261
1261
1321
1337
1320
1021
1367
1646
1645
1653
1658
1658
1558
1503
1504
1506
1523
1475
1255
1255
1261
1322
1321
1022
1020
1644
1646
1659
1664
1485
1476
1472
1253
1263
1263
1190
1191
1319
1320
1023
1023
1643
1644
1651
1652
1665
1652
1665
1480
1486
1486
1486
1475
1475
1210
1206
1190
1192
1192
1398
1412
1411
1409
1410
1415
1616
1618
1617
1618
1651
1610
1665
1469
1481
1486
1462
1484
1474
1206
1208
1198
1400
1398
1398
1399
1409
1414
1409
1616
1617
1619
1610
1607
1469
1460
1467
1462
1462
1209
1205
1205
1199
1198
1201
1400
1404
1423
1423
1422
1423
1613
1613
1611
1611
1612
1471
1470
1470
1467
1466
1460
1461
1211
1211
1212
1203
1201
1401
1404
1404
1421
1420
1470
388
473
408
411
386
387
392
391
391
464
465
465
472
689
686
686
641
639
648
648
625
629
629
627
628
414
411
410
386
411
387
398
391
461
463
473
123
688
690
640
643
643
645
629
626
637
635
627
413
406
407
404
400
159
462
113
122
115
687
690
692
698
643
643
644
645
634
634
636
638
405
404
405
402
398
401
397
88
112
118
694
694
692
642
644
632
341
341
404
273
86
86
88
87
109
116
115
559
692
563
564
564
886
632
882
881
520
336
340
335
337
327
273
72
88
84
92
109
83
110
91
559
562
562
561
564
723
488
883
883
337
335
332
333
72
73
84
93
90
559
548
537
550
550
740
741
347
348
345
342
283
61
64
63
98
101
783
775
775
547
536
717
740
741
740
739
742
742
345
345
345
342
287
285
97
100
100
780
775
776
537
537
717
739
742
739
346
1561
346
283
1547
1547
1548
65
1882
96
102
103
102
780
781
776
978
536
976
1038
1040
1039
1032
1031
1032
1562
1564
1551
1561
1550
1547
1549
1549
1548
1511
1881
1885
1886
1899
781
1264
978
976
977
969
1040
1039
1040
1027
1030
1029
1563
1562
1551
1549
1883
1881
1886
964
978
977
974
979
1033
1027
1647
1563
1648
1552
1552
1558
1557
1883
1888
1887
1889
1254
1254
963
980
980
971
972
971
1033
1033
1033
1019
1021
1646
1648
1648
1553
1658
1662
1504
1884
1888
1891
1252
1260
963
979
971
1015
1016
1024
1020
1021
1650
1645
1659
1661
1665
1663
1663
1754
1476
1765
1741
1475
1472
1252
1252
1204
1179
1180
1017
1023
1023
1024
1644
1660
1660
1665
1664
1665
1753
1486
1485
1486
1473
1473
1472
1206
1204
1178
1191
1181
1180
1089
1022
1088
1636
1643
1609
1469
1468
1474
1473
1473
1205
1206
1197
1197
1400
1400
1089
1088
1085
1636
1640
1618
1614
1610
1774
1772
1461
1216
1205
1198
1199
1094
1099
1399
1422
1082
1613
1614
1612
1609
1611
1609
1471
1775
1774
1773
1216
1216
1211
1211
1217
1217
1200
1201
1201
1097
1084
1084
1423
1081
1613
1774
1421
124
685
408
408
388
388
148
148
121
465
120
464
473
124
123
686
684
686
652
652
624
626
628
630
630
627
409
408
410
154
392
161
121
121
123
124
122
123
709
688
688
688
649
695
648
630
630
409
411
152
160
160
113
114
113
118
708
693
687
691
697
649
649
644
646
647
634
637
637
210
218
404
157
160
159
85
111
112
112
117
117
693
694
694
698
698
555
633
633
621
633
631
631
340
405
217
222
157
86
86
88
88
87
112
107
118
560
558
563
556
556
521
631
521
336
337
219
71
71
70
84
82
109
108
105
108
558
558
562
553
561
553
554
554
489
489
522
336
332
219
72
66
72
68
73
75
109
110
558
548
562
551
552
550
552
488
489
522
520
344
343
344
333
61
68
63
63
75
95
546
546
549
535
541
534
523
344
344
183
61
60
65
64
101
780
544
545
543
537
546
539
538
533
529
1813
343
1798
1795
59
65
65
100
103
103
100
103
780
545
543
975
976
1037
1038
1031
1040
1032
1812
1798
1798
1796
1882
1881
1875
1886
1899
960
978
975
973
1038
1035
1039
1028
1790
1788
1793
1794
1884
1883
1881
1887
1885
1898
1898
1899
964
965
980
973
972
1034
1036
1035
1027
1018
1027
1789
1552
1788
1552
1793
1794
1794
1883
1887
1888
1894
965
962
980
979
1015
1016
1019
1019
1647
1648
1658
1749
1749
1742
1888
1889
1890
1891
963
971
1175
967
1014
1024
1017
1016
1020
1025
1649
1650
1650
1650
1645
1661
1662
1750
1742
1764
1891
1891
1252
1893
1188
1179
1175
1179
1181
1017
1015
1181
1017
1012
1025
1639
1639
1661
1661
1754
1741
1753
1765
1183
1183
1184
1179
1098
1089
1088
1090
1085
1639
1639
1640
1660
1695
1753
1771
1771
1771
1763
1763
1765
1182
1184
1198
1178
1180
1095
1098
1091
1091
1086
1638
1638
1638
1612
1698
1770
1698
1775
1770
1771
1762
1760
1215
1218
1217
1149
1158
1158
1094
1095
1099
1097
1081
1082
1637
1637
1612
1699
1698
1775
1776
1776
1773
1774
1758
1760
1760
1216
1215
1218
1217
1159
1159
1094
1159
1093
1097
1092
1084
1096
1084
1083
1081
1083
1081
705
607
230
230
149
149
154
148
121
120
129
130
130
130
705
685
684
653
653
651
651
650
626
607
606
602
606
154
153
151
152
162
119
119
124
709
132
704
705
704
700
652
653
653
647
647
605
637
602
208
215
152
152
151
162
161
119
114
709
708
709
706
706
697
700
696
695
647
621
638
622
208
218
215
215
158
157
156
158
162
111
118
706
711
697
696
646
620
555
621
623
631
210
214
218
220
217
220
221
156
81
78
107
108
117
565
711
566
565
567
556
487
486
623
521
214
213
221
219
222
66
71
71
81
82
77
80
106
108
106
104
557
552
554
553
489
487
522
525
522
180
180
67
69
66
69
76
75
79
105
106
104
547
577
576
548
540
540
552
483
525
525
523
178
181
181
184
69
62
62
75
95
94
542
548
546
549
539
540
541
540
534
534
533
529
524
182
181
61
62
74
95
95
94
544
545
544
543
535
539
539
538
532
531
533
530
530
528
1813
1813
1797
183
60
36
94
1897
545
543
536
1038
1037
1031
1054
1026
1812
1791
1791
1813
1798
1798
1796
1796
1878
1876
1876
1875
1875
981
1899
953
954
975
974
973
1036
1036
1062
1059
1028
1791
1791
1791
1791
1788
1798
1795
1796
1880
1880
1875
1896
1896
960
964
953
968
973
1036
1035
1061
1059
1060
1790
1789
1788
1793
1792
1834
1879
1879
1901
1894
1894
965
965
956
967
956
967
966
1014
1062
1018
1061
1059
1785
1688
1688
1687
1684
1747
1834
1749
1742
1746
1895
1895
1893
1895
1893
1892
962
963
1186
966
1015
1011
1013
1649
1687
1683
1747
1684
1748
1748
1754
1749
1890
1895
1892
1189
1188
1187
1176
1176
1175
1177
1177
1012
1013
1013
1012
1025
1642
1693
1723
1696
1754
1751
1742
1752
1764
1764
1769
1183
1185
1188
1187
1181
1087
1090
1086
1086
1086
1641
1641
1642
1723
1724
1696
1697
1752
1752
1740
1762
1763
1769
1768
1183
1185
1184
1156
1098
1098
1091
1090
1079
1641
1641
1721
1724
1698
1695
1701
1770
1772
1759
1763
1761
1149
1151
1157
1159
1095
1095
1091
1075
1083
1080
1637
1716
1638
1721
1699
1700
1776
1776
1783
1759
1758
1761
1148
1149
1159
1159
1093
1093
1092
1093
1097
1078
1079
231
231
149
231
150
150
135
129
132
131
705
703
699
701
651
650
608
607
606
232
230
233
153
150
135
135
137
133
129
131
128
702
702
701
677
651
608
619
606
604
233
215
153
158
162
136
137
138
138
128
707
710
712
700
682
682
618
619
610
611
210
216
78
23
22
707
706
713
712
696
683
683
616
618
623
622
623
611
211
211
213
218
220
156
156
78
77
21
711
571
570
566
567
556
485
485
621
487
486
213
213
221
221
81
81
78
79
80
21
56
56
565
570
566
567
484
480
521
179
179
189
184
66
67
69
79
9
80
80
106
55
55
576
576
578
576
578
551
483
487
525
526
180
180
182
181
60
68
43
76
74
57
577
574
594
590
532
532
532
530
530
524
178
178
183
184
42
42
41
37
36
34
30
575
574
594
534
515
527
527
1811
1810
1811
1809
1807
1806
36
36
29
30
981
542
952
593
1053
1052
1055
529
1054
528
1810
1808
1809
1809
1832
1874
1874
1897
1900
983
983
953
952
1008
1054
1054
1055
1787
1786
1797
1821
1832
1833
1877
1880
1901
1901
1903
961
954
953
957
968
1050
1057
1061
1062
1059
1787
1787
1822
1821
1835
1877
1880
1902
1903
1902
961
955
956
958
967
1006
1057
1057
1062
1060
1688
1687
1685
1834
1860
1861
1892
1189
956
955
958
1011
1058
1058
1056
1692
1686
1747
1686
1748
1750
1746
1744
1744
1189
1186
1187
1177
1172
1176
1172
1126
1126
1013
1056
1691
1694
1693
1683
1696
1752
1743
1743
1767
1864
1189
1187
1173
1171
1121
1087
1127
1127
1128
1722
1693
1723
1696
1723
1707
1751
1740
1766
1767
1769
1768
1138
1150
1151
1184
1154
1171
1154
1073
1073
1080
1128
1715
1715
1722
1721
1720
1700
1701
1697
1703
1703
1784
1759
1761
1757
1769
1150
1151
1145
1156
1152
1155
1155
1155
1072
1077
1074
1074
1080
1079
1715
1715
1716
1717
1700
1700
1784
1783
1759
1756
1151
1148
1148
1147
1157
1155
1071
1072
1077
1075
1078
1756
664
234
236
236
168
169
168
167
134
135
133
144
132
703
663
702
699
679
666
678
679
608
608
604
603
603
237
166
166
166
134
136
139
139
139
128
132
663
702
679
676
601
608
619
604
232
232
233
177
176
166
177
174
137
139
128
710
700
680
712
680
677
619
610
609
611
210
229
233
216
207
176
174
174
138
23
26
23
22
26
710
713
713
713
680
683
683
683
682
617
617
619
609
212
212
211
207
7
19
23
21
22
56
571
570
569
492
485
501
616
479
481
617
481
481
189
207
206
206
7
8
20
24
16
570
56
51
568
568
569
579
492
485
480
480
482
192
192
191
199
199
198
10
9
58
53
58
54
578
578
589
590
590
484
483
513
511
526
190
192
191
42
43
7
37
9
34
35
58
572
53
574
574
573
589
594
513
514
512
509
524
1807
1806
39
41
38
34
35
31
34
57
575
585
594
593
514
514
515
527
1811
1806
1842
40
39
38
39
1846
29
1846
30
1897
31
30
982
986
985
594
1009
592
1048
1052
1053
1052
1046
527
1808
1809
1833
39
1874
1846
1900
983
987
986
1009
1008
1052
1049
1050
1046
1786
1808
1823
1824
1822
1824
1832
1832
1835
1831
1878
1877
1830
1877
1903
982
982
1009
957
1010
1007
1050
1051
1065
1065
1787
1690
1823
1824
1822
1821
1830
1830
1901
1903
1902
961
959
957
958
958
1004
1006
1058
1064
1066
1690
1689
1685
1685
1829
1746
1867
1859
1861
959
1006
1070
1070
1058
1064
1064
1690
1692
1692
1689
1694
1689
1686
1682
1745
1745
1744
1746
1739
1861
1861
1860
1864
1165
1166
1163
1174
1172
1121
1070
1119
1129
1692
1691
1668
1686
1681
1706
1737
1738
1738
1744
1865
1864
1865
1164
1174
1171
1169
1121
1127
1129
1125
1676
1694
1667
1719
1720
1736
1737
1737
1766
1767
1137
1137
1138
1174
1154
1174
1173
1169
1073
1120
1126
1101
1128
1128
1721
1713
1720
1702
1720
1703
1707
1782
1767
1146
1147
1152
1147
1153
1072
1076
1112
1112
1074
1111
1714
1713
1718
1717
1702
1705
1703
1705
1784
1782
1756
1756
1150
1147
1152
1153
1076
1077
1076
1077
1074
1112
1114
1717
169
667
236
237
169
168
147
147
144
147
142
664
664
664
663
665
668
673
675
601
596
597
597
234
237
235
237
164
175
175
147
145
145
144
127
662
666
665
666
678
676
674
614
596
604
228
224
224
176
177
177
174
141
140
141
140
127
658
658
680
669
681
677
613
610
229
200
202
20
24
141
25
26
659
654
681
678
617
501
615
611
229
211
204
207
155
202
19
20
20
26
28
568
568
492
492
482
188
204
205
204
206
198
11
16
51
52
51
490
491
491
502
479
480
477
190
187
197
196
198
10
10
10
9
8
53
54
579
590
491
498
508
510
511
189
192
197
5
2
50
58
49
54
54
573
580
582
581
586
588
513
513
512
509
511
510
508
190
1804
1804
42
41
32
32
47
47
49
572
584
584
591
594
591
514
507
507
1799
1807
1800
41
38
32
1845
985
986
1008
591
517
1044
517
1047
1801
1801
1827
1841
1842
1844
1846
1845
1845
1854
984
987
985
1010
1008
1048
1048
1049
1045
1046
1046
1799
1820
1823
1827
1835
1831
1839
1848
1855
1858
987
987
1010
1010
1050
1051
1065
1065
1819
1820
1820
1826
1825
1829
1830
1866
1866
1867
1858
993
992
992
1005
1003
1004
1069
1069
1066
1063
1064
1817
1819
1826
1835
1682
1866
1866
1869
1863
1862
1165
993
1005
1006
996
1070
1070
1677
1669
1670
1670
1680
1681
1682
1731
1739
1869
1859
1872
1865
1863
1863
1165
1164
1163
1167
1118
1119
1119
1122
1123
1123
1124
1676
1676
1668
1680
1681
1739
1739
1738
1733
1865
1137
1165
1174
1164
1120
1120
1122
1125
1125
1666
1713
1679
1668
1707
1708
1706
1707
1736
1737
1735
1137
1140
1174
1135
1170
1169
1101
1112
1100
1125
1714
1713
1719
1711
1709
1709
1725
1734
1757
1735
1143
1146
1152
1136
1073
1110
1107
1114
1114
1712
1712
1718
1704
1705
1705
1781
1782
1782
1782
1781
1779
1146
1144
1134
1134
1133
1109
1107
1113
1114
1141
146
235
169
661
662
668
661
668
667
675
673
675
675
601
597
597
235
164
167
146
173
143
142
662
661
657
673
675
601
600
613
612
225
225
172
172
170
171
141
28
127
659
658
671
669
614
613
227
226
229
228
200
170
170
18
27
28
654
670
495
614
613
226
226
205
203
200
18
17
15
28
655
656
496
494
501
504
504
482
188
188
204
202
12
12
16
14
15
52
496
502
496
504
482
187
185
195
196
198
13
11
12
1
1
16
51
573
582
494
498
508
511
185
197
5
6
1
50
45
586
586
589
497
509
185
197
6
5
32
49
47
584
586
588
587
517
506
507
1805
1800
1842
1841
1841
1838
1849
49
47
583
990
585
592
1000
591
1044
507
1799
1801
1801
1843
1838
1838
1849
1850
1853
985
990
989
988
1001
1044
1045
1047
1817
1818
1836
1848
1849
1853
1853
990
990
1001
1004
1000
1042
1043
1816
1818
1819
1827
1820
1828
1826
1836
1825
1855
1858
1858
992
1857
994
1004
998
1042
1068
1816
1815
1670
1826
1829
1729
1868
1868
1862
1872
1166
1162
992
1005
996
998
1067
1067
1067
1670
1672
1671
1682
1869
1863
1873
1871
1160
1162
1116
1117
1116
1119
1123
1123
1679
1668
1681
1726
1734
1732
1870
1870
1160
1167
1170
1118
1104
1124
1678
1679
1667
1710
1708
1727
1726
1734
1732
1733
1140
1140
1170
1102
1101
1104
1103
1105
1711
1709
1709
1778
1725
1735
1144
1144
1142
1142
1136
1110
1101
1102
1108
1100
1678
1711
1718
1704
1780
1779
1143
1144
1135
1136
1134
1110
1108
1113
1114
1778
225
165
146
144
601
598
223
142
673
671
224
173
173
143
670
18
126
659
656
615
615
226
195
18
655
495
495
503
202
27
656
504
477
188
194
12
0
46
588
493
499
505
194
5
3
3
2
46
45
582
497
498
516
1804
194
1841
33
44
587
1803
1843
48
587
1043
506
1803
1837
1839
1850
1854
989
989
988
1818
1828
1836
1836
1838
1848
1855
1851
1001
998
1815
994
991
994
994
1003
997
997
1041
1671
1856
1869
1857
997
1068
1669
1729
1730
1871
1161
1168
1115
1679
1672
1731
1870
1162
1167
1116
1104
1679
1675
1708
1726
1732
1139
1132
1115
1103
1104
1679
1727
1780
1142
1131
1109
1711
1725
1135
1108
223
658
672
600
657
201
172
171
501
580
494
496
186
195
0
0
505
33
506
1044
1843
1042
1828
1814
1848
1852
1002
1856
1002
1671
1067
1116
1677
1873
1167
1168
1131
1105
1778
1779
667
599
668
674
223
173
612
659
503
14
203
17
499
193
582
497
517
1840
1850
1853
1043
1828
1729
997
998
1677
1873
1161
1731
1873
1106
1730
1139
1139
1710
1732
1143
1132
1110
1114
165
675
143
670
670
600
227
655
14
503
193
494
519
185
4
48
2
584
44
1850
1851
991
1858
1871
1672
1162
1777
1132
1105
1710
1141
1134
165
125
660
660
599
171
27
201
500
186
13
46
500
499
1805
1805
44
989
1000
1041
1814
1837
1855
1816
1729
1728
1816
1672
1731
1117
1673
1675
1675
1780
1144
1131
165
125
1270
1270
598
163
163
1249
1269
201
518
518
500
4
193
4
1802
519
1802
1852
1802
1802
1852
1000
1847
1002
995
995
478
1873
1115
1106
1132
1674
1674
1727
1130
1106
1673
1778
476
478
1270
518
595
595
1269
1269
209
518
209
1755
478
1755
1413
45
1413
1250
1250
476
1251
248
1049
1251
1674
1251
292
999
292
