3392
909
759
624
619
619
935
937
909
1143
616
547
934
1134
1133
1133
1141
1165
1159
785
633
633
913
924
924
1115
780
613
499
497
498
951
926
1229
786
478
487
487
951
922
921
1242
1244
1230
725
480
489
485
1006
1005
1242
476
476
475
485
992
995
991
1002
1002
1240
1240
1239
1227
719
474
469
471
445
991
1001
1263
1221
709
709
720
465
465
445
975
964
1269
1267
1267
1220
710
710
2991
3117
2050
975
2057
2969
2970
2993
3115
2050
2052
2058
1704
2970
3122
3122
3099
1727
3011
3020
3102
3104
3096
3097
3095
2087
1723
1727
1701
3013
3011
3020
3076
2062
2062
2090
1724
1709
1711
1711
1710
3232
3012
3309
3076
3085
1939
1945
2084
1743
1713
1714
1713
3230
3230
3304
1944
1854
3327
3330
3299
1934
1936
1822
1850
1827
1850
1849
1833
1831
3214
3207
3334
3333
3296
1920
1845
3214
3334
3337
3288
3288
3287
1913
1919
1918
1810
1842
1803
1843
1839
767
765
766
760
767
760
624
624
623
627
619
621
548
548
936
939
935
909
909
911
1137
1138
1131
1142
1144
1140
1140
767
760
760
635
635
614
635
548
547
936
938
934
902
913
911
913
1137
1144
1161
1143
1165
763
792
792
778
633
614
613
502
500
498
501
932
953
949
949
948
926
913
1134
1113
1114
1160
1165
1160
785
787
780
778
609
610
500
501
497
953
952
949
922
926
924
1124
1113
1114
1231
785
787
786
776
780
775
479
481
482
487
495
953
484
951
926
1242
1244
1244
1117
1231
704
705
724
478
474
480
489
489
485
997
999
998
1006
1005
1004
956
921
1244
1237
1229
1229
1230
1227
704
706
707
726
727
724
475
444
485
988
988
995
1002
966
1002
954
1238
1264
1240
1220
1224
1224
707
706
717
715
476
476
472
445
445
992
990
989
989
964
1262
1264
1255
1240
1250
1250
712
714
714
719
716
468
467
469
471
447
449
984
982
990
974
975
977
1271
1267
1264
1271
1249
1250
1247
1221
711
710
720
465
3116
448
3118
3115
2050
2051
2059
975
1269
1271
1269
1266
1267
1733
1250
1246
1704
2975
2976
2969
2992
2993
2993
3121
2993
3126
3119
3116
3119
3115
2051
2056
2054
2059
2058
2057
2103
1730
2085
2098
1731
1728
1704
1708
2976
2973
2973
2972
2988
3122
3122
3098
3098
3094
3094
2065
2063
2064
2092
2091
2088
1726
2085
1732
1698
1708
1707
3009
2973
3012
2989
3105
3105
3104
3092
3097
2064
2063
2092
2092
2088
1732
1697
1727
1714
1701
1701
3011
3018
3019
3102
3075
3076
3082
3096
3088
3095
2062
2092
2090
2087
1724
1724
1711
1714
1711
3013
3232
3221
3307
3306
3310
3306
3311
3309
3079
3086
3082
2071
1946
2068
1723
1744
1709
3232
3232
3221
3326
3311
3309
3301
3086
3083
3084
1938
1944
1946
1945
1942
1823
1822
1854
1854
1852
1832
1717
1830
3230
3207
3211
3208
3329
3326
3303
3300
3300
3084
1935
1938
1935
1942
1944
1941
1824
1826
1850
1832
1831
3211
3217
3216
3216
3331
3329
3299
3297
1913
1934
1936
1915
1942
1826
1827
1809
1850
1843
1845
1833
1838
3213
3214
3218
3334
3218
3334
3338
3338
3288
3288
3298
1919
1920
1918
1809
1842
1840
1840
1839
1838
1838
1836
3214
628
1130
767
765
759
626
624
628
620
545
545
882
937
886
903
903
906
908
1128
1129
1142
1147
1141
1163
766
763
757
757
757
635
631
609
631
620
617
621
617
553
550
938
939
946
906
911
1130
1136
1150
1164
1163
1156
763
793
770
631
631
611
611
616
555
929
932
929
931
944
949
945
905
919
1138
1125
1161
1165
1165
794
792
794
769
793
780
610
499
502
928
953
944
919
919
1125
1115
1121
1118
1157
1158
783
782
776
775
776
778
521
520
482
481
494
495
998
999
1004
922
918
1123
1233
1118
1117
1158
782
705
725
522
519
479
518
489
491
997
1006
956
1234
1234
1227
1226
699
699
727
460
441
438
988
995
965
965
966
962
1253
1234
1237
704
714
701
726
716
715
723
469
455
472
462
985
981
971
964
962
978
1262
1263
1254
1252
1257
1254
1223
1247
712
734
734
717
469
450
472
467
446
447
448
985
982
984
981
977
969
967
979
1259
1255
1256
1247
733
2991
468
3135
3117
449
2048
2048
968
977
2055
979
1271
1734
1247
1706
2978
2980
2989
2992
3126
3125
3126
3118
2047
2052
2055
2054
2105
2101
2105
2098
2098
1730
1734
1733
1706
2976
2975
2980
2973
2988
2983
3126
3124
3099
2042
2066
2039
2100
2103
2085
2097
1731
1697
1708
1707
3009
3008
3009
3015
3020
2986
3020
2985
3103
3111
3092
3089
2066
2065
2091
2082
2082
1727
1748
1747
1698
1719
3009
3015
3018
3103
3091
3092
3089
3088
2062
2072
2072
2069
1743
1748
1719
1719
3220
3307
3310
3112
3076
3078
3079
3081
3082
2072
2072
2069
1744
1744
1737
1736
1717
3228
3228
3227
3221
3225
3327
3303
3323
3304
3082
3083
3085
1939
1950
1956
1951
2071
1820
1823
1854
1852
1716
1717
3210
3211
3208
3221
3331
3330
3317
3301
3319
3295
1956
1958
1952
1953
1825
1825
1852
1846
1830
1829
1830
3203
3211
3329
3290
3296
3298
1913
1916
1942
1953
1824
1933
1819
1812
1847
1844
1836
3195
3195
3202
3195
3217
3194
3216
3196
3338
3337
3338
3291
3291
3297
1913
1912
1918
1916
1810
1915
1811
1811
1807
1812
1803
1804
1847
1835
1836
1810
1804
1804
752
626
1131
762
749
752
754
757
626
627
606
606
553
542
545
882
886
884
875
902
906
1127
1129
1151
1151
1149
1147
1148
1147
1156
750
754
604
604
607
617
555
555
882
932
883
884
876
906
1127
1128
1150
1154
763
743
747
747
747
595
593
591
591
553
551
929
932
945
946
916
1136
1136
1125
1125
1120
1153
1153
1156
789
768
790
770
773
594
594
591
517
494
495
929
944
942
916
919
919
1124
1121
1120
1154
1157
790
769
773
522
519
517
492
515
1015
941
1016
959
1123
1121
1093
1103
1105
783
693
694
723
521
520
518
492
997
1055
1004
958
1017
1017
957
958
1233
1236
1237
1180
1227
699
697
700
694
723
722
723
462
462
459
518
491
1058
994
1014
957
1237
1210
1209
1224
697
701
701
730
455
460
442
442
439
983
438
1059
972
961
962
962
1260
1253
1256
1257
1189
1224
714
741
729
732
454
455
455
442
434
441
439
983
982
971
978
1264
1260
1252
1189
1189
737
740
737
734
734
3134
3135
3147
3151
2048
2044
972
968
967
969
2104
2095
1259
1797
1796
1770
1770
2977
2980
2983
2983
3135
3148
3152
3150
2048
2044
2034
2035
2105
2105
2095
2098
1801
1799
1774
1799
1708
2978
2980
2986
2986
3107
3149
3149
2042
2041
2037
2038
2039
2100
2094
2095
2095
1787
1801
1799
1772
1774
3001
3002
2985
3110
3124
3176
3092
3174
2042
2042
2037
2031
2032
2039
2082
2082
1746
1748
1786
1759
1699
2996
3015
3004
3016
3109
3112
3178
3177
3156
2032
2079
2075
1748
1746
1747
1721
1720
2996
2995
3223
2996
3225
3100
3111
3179
3078
3162
1949
3156
2075
2075
2068
2074
1741
1741
1736
1720
1717
3228
3228
3222
3225
3223
3225
3322
3324
3320
3320
3079
3160
1955
1951
1949
1820
1737
1816
1865
3184
3185
3181
3323
3317
3322
3319
1960
1956
1959
1956
1952
1997
1819
1817
1817
1846
1830
3204
3185
3197
3185
3317
3317
3290
3293
1910
1960
1909
1929
1929
1931
1932
1816
1807
1882
1836
1879
3203
3205
3198
3196
3336
3314
3294
3289
3294
1909
1916
1933
1921
1932
1814
1813
1806
1813
1807
1807
1876
1876
1880
1878
3336
1875
750
754
754
752
598
603
603
606
608
540
545
886
881
882
876
879
875
856
856
1128
1067
1148
1075
1149
1075
750
749
746
830
831
604
538
542
542
551
550
551
898
886
896
858
860
858
856
1065
1070
1078
1078
744
744
747
592
592
591
585
537
555
537
896
899
860
916
871
860
849
1065
1061
1062
1085
1077
1078
790
804
743
772
595
593
525
511
900
872
869
873
1064
1062
1094
1101
1101
789
805
805
773
773
810
524
524
525
508
510
505
514
941
942
916
868
1019
863
959
1090
1094
1093
1103
1105
1105
691
691
694
690
644
644
647
527
527
527
505
514
1055
1014
1015
1016
1018
1022
1207
1211
1207
1206
1181
1184
1180
696
691
693
648
646
458
458
462
428
1057
1059
1057
1058
1009
1012
1009
1022
1209
1209
1211
1179
1183
697
729
730
457
458
431
429
1057
1025
1024
1214
1194
1187
1191
740
739
730
659
650
432
436
435
426
426
1040
1040
1048
1032
1031
1029
1196
1195
1187
1190
1190
741
738
737
732
3048
3139
436
434
425
426
1035
1041
1031
1030
1030
2110
2109
1195
1797
1197
1197
1186
1769
3068
3071
3052
3049
3134
3139
3147
3152
3151
2044
2016
2038
2035
2034
2101
2109
2111
1800
1796
1797
1773
1770
3065
3065
3052
2983
3108
3129
3148
3145
3175
3150
2029
2039
2099
1783
1790
1801
1801
1787
1774
1772
1763
3002
3000
3066
3006
2986
3055
3106
3108
3107
3129
3177
3175
2028
2027
2028
2115
2114
1785
1758
1759
1760
1761
1761
2998
3004
3001
3005
3109
3110
3179
3178
3174
3158
3157
2026
2031
2079
2079
2079
1739
1784
1786
1780
1756
1761
1760
2996
3004
3005
3163
3164
3157
1949
2006
2075
1999
1999
1739
1739
1741
1741
1757
1721
1751
3192
3192
3190
3184
3276
3322
3356
3163
3165
3161
3160
2004
2001
1950
1994
1997
1999
1999
1883
1883
1863
1867
1866
3188
3191
3191
3182
3263
3324
3320
3344
3344
1960
1957
1995
1995
1885
1820
1882
1862
1862
1865
1865
1866
3201
3205
3182
3181
3314
3380
3316
3391
3294
1910
1958
1926
1928
1929
1929
1891
1893
1880
1876
1879
3201
3204
3197
3198
3264
3313
3314
3382
3293
3390
3389
1925
1921
1933
1931
1814
1890
1893
1876
1878
3264
831
1075
823
822
828
822
598
597
608
542
557
582
540
540
575
574
574
895
889
879
855
855
1070
1072
1080
1072
1079
1081
1075
826
825
833
833
598
607
558
538
579
898
896
896
860
853
858
853
1068
1070
1084
1083
1078
826
803
832
830
601
590
583
584
532
535
535
534
900
873
869
1065
1065
1062
1061
1083
1100
807
806
799
803
800
800
797
816
584
587
585
532
531
510
511
899
891
872
863
866
1091
1086
1098
1103
806
807
804
799
810
809
528
512
515
891
871
865
868
863
1095
1096
1097
1105
1112
686
644
810
648
529
529
504
513
513
1054
1055
1019
1019
1012
1008
1207
1218
1207
1095
1181
691
687
638
643
427
505
505
1055
1052
1050
1012
1009
1023
1216
1213
1213
1218
1210
1174
1184
1184
697
686
644
650
647
651
458
427
428
429
1048
1052
1047
1048
1024
1214
1193
1200
1193
1187
1187
1183
1170
738
669
659
660
651
435
426
1038
1041
1027
1028
1025
1029
1196
1194
1168
1171
1191
739
3073
661
654
3138
432
3139
434
1035
1043
1041
2108
1032
2112
2112
1792
1171
1767
3072
3073
3052
3049
3139
3145
3142
3141
3141
1034
2015
2108
2107
2111
2110
1789
1794
1792
1793
1792
1774
1770
3068
3064
3071
3051
3058
3048
3054
3054
3137
3137
3144
3145
3168
2016
2015
2027
2119
2117
1789
1793
1767
1764
3066
3066
3051
3059
3055
3129
3168
3167
2026
2029
2077
2114
1783
1784
1785
1758
1753
1764
1754
1754
2999
3042
3042
3129
3176
3172
3170
3158
2025
2026
2005
2077
2115
1777
1756
1751
1750
2997
2999
3033
3006
3042
3100
3132
3357
3165
3171
3155
2003
2005
1992
1777
1776
1896
1757
1751
1751
2997
3187
3192
3276
3277
3278
3273
3354
3357
3353
3357
3357
3162
3161
2002
2006
1997
1886
1886
1896
1895
1863
1867
3187
3188
3192
3278
3267
3274
3354
3356
3360
3344
1959
2002
1975
1995
1994
1885
1896
1898
1858
1860
3200
3201
3269
3271
3263
3384
3384
3380
3391
3389
3391
3351
1925
1979
1970
1889
1893
1893
1870
1859
3201
3270
3269
3245
3270
3271
3259
3261
3314
3381
3382
3391
3387
3390
1926
1923
1974
1922
1922
1969
1971
1891
1889
1868
1869
1877
1877
1971
823
825
829
833
829
568
598
564
558
581
580
581
573
573
879
879
878
850
1067
1072
1443
1072
1081
1080
1079
1074
1446
838
826
832
833
601
561
557
561
580
577
578
578
575
889
852
850
1458
1461
1438
1084
1446
1445
840
840
796
837
601
600
601
532
535
422
892
893
898
888
853
853
849
1466
1068
1085
1101
1452
802
803
796
797
816
588
583
532
534
402
402
893
892
873
869
863
866
1087
1088
1088
1097
1101
1451
684
803
684
683
812
813
811
588
508
303
302
508
512
402
402
891
873
866
866
1091
1087
1098
1110
1108
1110
680
684
684
637
810
811
507
293
508
296
296
1050
1571
1011
1573
865
1022
1217
1090
1096
1108
1112
1112
688
688
686
638
646
528
272
277
293
295
1052
1050
1012
1009
1218
1216
1217
1174
1177
1178
670
670
669
656
641
641
646
276
275
275
1052
1037
1048
1568
1023
1200
1199
1200
1173
1174
1176
674
661
661
654
653
431
280
280
279
280
1037
1038
1587
1042
1028
1554
1204
1203
1202
1168
672
3073
661
660
654
2843
651
2684
283
282
280
1035
1035
1045
1044
1044
1043
1027
2108
2213
1203
2408
1171
3069
3069
3073
3057
3059
2683
3137
289
3142
2019
2016
1045
2019
2108
2214
1767
2409
3069
3072
3061
3062
3057
3058
2684
2684
3145
2670
2018
2671
2019
2118
2118
2117
1790
2218
2216
2218
2428
1794
1767
1767
1763
3066
3046
3045
3132
3128
3168
2655
2024
2026
2024
2119
2117
1783
1780
1766
1754
3064
3033
3042
3044
3046
3039
3132
3171
2654
3168
3154
2655
2009
2077
1777
1779
1780
1753
2998
3033
3041
3035
3131
3170
3155
2003
1989
1988
1991
1886
1777
1780
2435
2436
3240
3190
3277
3276
3274
3273
3281
3353
3364
3364
3360
3364
3164
2004
2011
1992
1992
1903
1902
1896
1898
1900
1899
1857
3241
3241
3241
3267
3285
3267
3280
3379
3354
3359
3360
3360
3343
2011
2001
1978
1905
1905
1907
1899
1857
1859
1900
3244
3245
3269
3267
3259
3380
3349
3386
3349
3351
1976
1976
1975
1963
1963
1973
1906
1888
1868
1869
1860
1858
3243
3245
3260
3260
3261
3374
3384
3375
3384
3387
3387
3351
1923
1974
1968
1969
1970
1889
1889
1870
1873
1872
3375
567
571
843
843
828
566
564
564
564
579
582
571
573
889
889
1300
1298
1460
1462
1443
1441
1440
1446
1447
1448
835
847
845
845
847
567
560
561
561
577
570
423
1303
1300
1462
1459
1461
1467
1439
1439
1456
1446
1449
840
838
840
820
847
399
535
415
421
409
1302
1301
1305
1306
1458
1459
1469
1467
1438
1456
1454
1451
820
819
818
819
815
815
587
301
401
408
1310
1308
1307
1465
1464
1455
681
677
820
813
195
187
300
300
302
401
405
1572
1307
1492
1496
1496
1086
1454
1108
1110
1634
681
679
681
677
637
812
189
303
292
293
293
298
305
296
1575
1572
1496
1494
1494
1218
1507
1108
1112
687
680
640
641
202
185
277
296
306
1574
1571
1552
1547
1507
1200
1178
673
670
667
665
657
201
209
277
276
287
1587
1570
1585
1567
1551
1202
1202
1177
1174
1167
1176
1176
673
671
674
656
654
272
283
285
290
1588
1585
1554
1552
1545
1204
1167
1170
1619
671
2850
672
657
2837
2847
2843
273
2686
283
286
286
288
1589
1038
1584
2220
1555
2214
2397
2393
2393
2406
2407
2407
2849
2837
2837
2849
2839
2842
2845
2843
2686
2686
2688
2702
2671
2670
1589
2019
2221
2201
2221
2213
2392
2405
2393
2405
2410
2409
3062
2860
3057
2843
2688
2677
2673
2191
2220
2223
2216
2225
2390
2433
3061
3028
3031
3029
3046
3039
2683
2678
2678
2651
2655
2655
2024
2191
2225
2224
2218
2207
2218
2429
2430
2430
2427
2433
3030
3031
3030
3045
3038
3036
3132
2681
2677
2654
2009
1988
2247
2225
2216
2207
2429
2437
2437
2437
3026
3023
3044
3035
3281
3036
3362
2569
3172
2638
2637
2637
2638
2008
2009
1989
2228
1903
2426
2435
2469
2436
3024
3284
3285
3285
3280
3281
3363
3362
3364
3364
3341
2640
3340
2013
2012
2228
1992
2227
1903
1902
1898
2485
3253
3240
3283
3370
3370
3343
3340
3341
1982
2011
1991
1962
1906
1905
2445
2486
2486
3246
3254
3235
3245
3266
3367
3366
3349
3346
1978
1966
1963
2463
2463
1907
1857
2479
3244
3234
3235
3238
3238
3376
3374
3372
3373
3366
3351
3347
1983
1979
1984
1968
1963
1966
1973
2461
2459
2458
1872
2479
3243
3386
1873
418
1317
842
843
845
568
566
372
373
563
371
571
571
419
423
1317
1316
1317
1475
1476
1443
1441
1432
1433
1433
1449
836
843
847
63
566
373
376
419
422
421
423
423
1319
1302
1301
1312
1460
1459
1443
1435
1448
836
835
65
65
58
414
416
414
412
1320
1309
1303
1305
1306
1472
1466
1468
1468
1469
1456
1414
1452
44
45
820
58
57
58
399
416
415
406
407
408
1309
1310
1296
1308
1472
1465
1464
1430
1430
1428
1411
1456
679
818
40
195
197
193
190
299
301
299
298
405
407
1573
1492
1492
1508
1502
1635
1454
1633
681
677
41
190
190
189
187
317
308
310
310
309
1574
1575
1495
1496
1495
1509
1509
1507
1640
1638
1634
663
666
169
201
203
202
204
211
312
312
306
1564
1571
1571
1505
1508
1547
1549
1642
1641
1635
1631
666
664
665
641
163
204
209
210
277
305
1565
1568
1551
1552
1547
1624
1627
663
667
163
167
167
166
273
269
1587
1582
1585
1579
1555
1561
1539
1543
1628
1619
2853
664
2840
2847
167
171
282
285
289
288
287
290
1589
1588
1585
2201
2200
2395
2393
2406
2395
2408
2850
2840
2845
2847
2688
2701
2699
2701
2675
2180
2176
2201
2201
2396
2396
2400
2403
2859
2861
2839
2845
2681
2681
2700
2700
2702
2675
2673
2673
2190
2191
2221
2204
2206
2390
2385
2389
2403
2432
2410
2861
3029
2857
3046
2838
2680
2799
2681
2693
2651
2661
2191
2188
2224
2223
2207
2428
2433
2433
3031
3028
3039
2564
2567
2566
2693
2638
2652
2652
2247
2225
2233
2210
2425
2413
2425
2415
2437
2412
3025
3025
3024
3026
3023
3038
3036
2568
2566
2642
2641
2641
2009
2645
2246
2230
2229
2231
2231
2426
2207
2450
2471
2472
2468
3252
3254
3023
3284
2568
2546
2562
2640
2012
2239
2240
2228
2448
2446
2485
2468
2469
3253
3258
3257
3285
3283
2562
3369
3370
2546
2640
2634
2628
2013
1981
1965
2228
2450
2450
2450
2488
2490
2489
3251
3251
3250
3234
3235
3377
3377
3376
2965
3370
2609
2599
2627
1985
1984
1982
1966
1966
2453
2449
2463
2458
2481
2478
3248
3248
3237
3238
3238
3377
3373
3372
3367
3367
2607
3347
2599
3346
2598
1986
1986
1983
2309
2453
2309
2453
2463
2455
2459
2461
2481
2482
2479
2483
2479
1315
1436
33
68
68
61
61
372
375
392
391
386
386
418
1315
1317
1313
1475
1474
1482
1481
1483
1436
1435
1432
1387
1449
68
68
63
61
375
379
392
419
1320
386
1323
1319
1321
1313
1473
1476
1473
1481
1479
1414
1449
1414
34
71
63
65
65
58
376
412
411
1295
1297
1324
1297
1324
1290
1322
1287
1474
1478
1429
1415
1416
45
41
45
43
54
55
197
55
378
414
409
1295
1290
1289
1472
1429
1430
1425
1430
1415
1412
51
50
44
48
42
40
197
193
193
316
315
406
405
1489
1292
1488
1489
1484
1502
1502
1428
1411
1633
52
49
200
168
196
199
197
190
192
317
317
313
310
310
262
262
1484
1505
1504
1501
1641
1637
1633
1630
1631
173
168
199
207
203
210
317
267
313
308
262
264
1567
1564
1515
1557
1549
1558
1505
1640
1642
1626
1630
177
177
164
161
211
209
123
266
270
264
1578
1565
1562
1562
1545
1539
1549
1549
1624
1626
1627
1618
1617
176
164
159
171
267
270
270
269
1581
1581
1582
1559
1560
1538
1541
1542
1540
1542
1623
1628
1621
1620
2852
2854
2814
160
167
121
233
2183
1580
1580
1555
2397
2395
2400
2399
2401
2852
2852
2854
2853
2809
2811
2804
2688
2691
2698
2698
2698
2698
2183
2675
2185
2178
2177
2204
2203
2386
2390
2402
2403
2403
2856
2856
2860
2861
2861
2840
2847
2806
2695
2691
2699
2665
2675
2180
2177
2178
2209
2204
2387
2387
2421
2423
2418
2857
2859
2838
2801
2800
2799
2695
2693
2665
2658
2658
2188
2188
2196
2209
2196
2209
2211
2416
2423
2421
2416
2423
2857
2900
2899
2893
2909
2800
2799
2565
2567
2550
2662
2662
2660
2661
2660
2657
2188
2249
2250
2238
2211
2416
2413
2899
2914
2913
2910
2912
2910
2559
2569
2564
2642
2662
2662
2247
2247
2251
2236
2234
2233
2237
2446
2475
2470
2473
2474
2464
3257
2914
2936
2963
2561
2562
2546
2549
2633
2623
2623
2645
2241
2241
2229
2230
2446
2471
2466
2465
2465
3256
3256
3258
2935
2936
2962
2963
2562
2548
2547
2633
2635
2635
2634
2627
2240
2244
2306
2448
2445
2488
2472
2489
3256
3251
2939
2935
2966
2967
2967
2605
2609
2609
2635
2599
1982
2301
2310
2307
2449
2456
2488
2516
2481
2490
3248
2931
3251
2931
2930
2966
2965
2604
2607
2607
2599
2600
1985
1981
2310
2310
2456
2453
2455
2456
2461
2483
2482
74
74
78
71
76
371
392
394
388
387
1315
1340
1312
1355
1483
1483
1436
1388
1390
33
71
71
76
61
383
379
379
396
391
389
389
1323
1322
1321
1368
1482
1479
1418
1389
1390
34
34
70
54
60
383
379
382
412
412
1293
1297
1290
1287
1370
1426
1426
1422
1406
1406
36
43
397
362
368
1297
1296
1290
1286
1287
1366
1426
1425
1419
1412
1416
1412
1406
52
50
50
42
48
193
154
359
359
366
1293
1520
1522
1488
1486
1502
1499
1499
1421
1637
1638
51
48
198
196
154
116
358
315
218
260
252
260
1520
1521
1485
1485
1499
1605
1631
174
174
183
198
200
118
116
316
219
313
222
264
263
259
1515
1514
1515
1558
1511
1505
1676
1640
1605
1605
174
173
184
169
207
207
124
266
267
264
1557
1560
1540
1692
1624
1677
1676
1618
1626
1605
177
177
160
161
159
124
123
121
120
233
235
1561
1559
1541
1624
1591
1617
1618
2823
2817
2813
2816
2813
2804
121
121
232
233
2185
1579
2176
1539
2370
2365
2400
1620
2400
1621
2814
2817
2810
2811
2804
2690
2748
2664
2668
2183
2185
2175
2175
2168
2386
2366
2419
2821
2819
2809
2781
2806
2807
2691
2691
2665
2665
2668
2181
2174
2175
2197
2204
2366
2385
2419
2423
2419
2820
2819
2779
2801
2797
2695
2695
2667
2668
2658
2187
2194
2198
2198
2210
2154
2350
2354
2421
2418
2893
2890
2909
2565
2711
2711
2658
2249
2196
2194
2236
2350
2415
2355
2412
2900
2912
2910
2907
2559
2558
2554
2554
2556
2251
2249
2250
2236
2237
2238
2442
2476
2476
2474
2464
2897
2896
2914
2913
2963
2559
2547
2556
2624
2625
2239
2243
2277
2234
2442
2475
2473
2536
2466
2940
2938
2940
2962
2936
2960
2548
2549
2633
2631
2630
2628
2295
2300
2297
2243
2307
2244
2315
2522
2514
2515
2534
2938
2927
2938
2933
2932
2960
2930
2963
2958
2960
2605
2609
2602
2601
2635
2299
2302
2304
2306
2313
2315
2316
2317
2456
2514
2514
2515
2500
2501
2926
2926
2927
2932
2930
2958
2604
2605
2601
2602
2302
2303
2299
2303
2310
2315
2452
2505
2506
2512
2501
2600
1350
94
74
74
78
78
76
105
381
395
394
326
387
1340
1339
1340
1341
1327
1343
1356
1355
1483
1383
1389
1388
1385
73
78
87
104
395
381
396
394
328
330
388
1343
1342
1370
1478
1383
1386
1382
1387
36
37
71
91
90
87
91
383
383
369
330
1340
1274
1369
1274
1370
1368
1418
1407
1386
1407
31
36
38
28
7
89
383
89
361
363
361
370
368
370
1292
1276
1277
1287
1370
1366
1365
1366
1366
1423
1421
1423
1409
31
30
26
8
158
359
363
366
368
260
1275
1521
1518
1498
1499
1664
1421
1613
1614
1422
1615
1615
180
10
139
156
158
220
354
359
253
1520
260
255
1522
1518
1517
1486
1651
1663
1681
1607
1615
179
179
144
140
140
139
116
220
222
253
257
257
1515
1512
1512
1650
1695
1649
1679
1681
1608
1608
184
183
182
124
118
118
127
224
224
224
222
1578
257
1532
1511
1532
1693
1693
1679
1677
1681
1595
1595
2816
2830
126
127
126
224
227
236
237
235
1578
1528
1539
1691
1674
1677
1674
1592
2823
2810
2803
129
131
129
130
2747
233
2747
237
2143
235
236
2144
2145
2145
1691
2172
1690
2369
2369
2370
2365
2380
1592
2824
2817
2808
130
2744
2746
2733
2185
2145
2175
2170
2167
2368
2367
2367
2379
2820
2819
2777
2780
2778
2776
2808
2807
2808
2744
2743
2746
2744
2744
2667
2181
2140
2171
2197
2171
2154
2359
2360
2382
2382
2821
2893
2780
2781
2778
2779
2796
2753
2746
2750
2668
2193
2194
2194
2154
2153
2156
2349
2353
2352
2382
2892
2890
2889
2905
2581
2550
2751
2713
2710
2260
2154
2346
2357
2356
2356
2357
2893
2898
2898
2890
2896
2890
2906
2905
2559
2582
2556
2554
2587
2711
2711
2705
2707
2262
2264
2260
2278
2266
2350
2354
2345
2538
2897
2895
2896
2906
2903
2578
2585
2589
2589
2556
2625
2706
2708
2274
2278
2276
2267
2522
2535
2534
2539
2883
2896
2864
2949
2949
2584
2584
2587
2630
2624
2293
2294
2296
2278
2313
2274
2277
2317
2507
2521
2535
2522
2534
2531
2939
2923
2933
2948
2949
2960
2952
2618
2631
2301
2297
2313
2304
2316
2504
2509
2516
2503
2511
2532
2925
2923
2922
2920
2958
2956
2956
2955
2620
2620
2618
2617
2300
2281
2312
2313
2506
2505
2508
2511
2512
2502
2500
2920
99
1327
96
96
104
103
343
341
341
341
326
1346
1350
1350
1350
1343
1330
1353
1356
1383
1380
1380
1379
93
96
93
98
103
87
339
339
338
339
325
329
1348
1343
1329
1329
1368
1356
1362
1401
1383
1385
38
37
28
91
90
89
335
335
339
327
328
330
1335
1335
1375
1377
1376
1376
1399
1408
28
8
7
356
362
356
361
369
1277
1274
1372
1377
1419
1664
1408
1409
31
31
12
10
154
156
154
354
356
366
366
1275
1518
1645
1655
1615
21
138
12
142
156
149
158
346
252
250
255
1644
1653
1652
1664
1614
1613
1611
180
21
143
144
144
113
158
112
219
217
257
255
1518
1650
1651
1679
1607
1608
1608
181
182
144
114
217
213
229
230
249
248
1531
1532
1536
1534
1528
1687
1692
1681
1671
1602
1594
1602
1602
181
2830
2830
114
127
213
227
230
230
229
1532
1529
1525
1691
1695
1690
1673
1595
1595
2827
2824
2829
129
131
226
2138
2145
2169
2167
1691
1674
2371
1591
2371
2827
2776
2770
2804
2784
2748
2734
2734
2143
2138
2141
2144
2141
2170
2168
2368
2363
2363
2363
2379
2380
2826
2768
2777
2771
2808
2796
2755
2751
2733
2134
2140
2132
2151
2172
2360
2359
2384
2384
2764
2758
2757
2771
2774
2797
2754
2753
2754
2750
2705
2130
2131
2132
2156
2158
2157
2347
2352
2383
2353
2384
2764
2757
2774
2774
2580
2753
2579
2751
2714
2705
2264
2260
2259
2156
2346
2345
2337
2882
2868
2865
2865
2905
2902
2578
2581
2582
2713
2713
2715
2708
2707
2727
2262
2264
2260
2266
2518
2340
2339
2355
2543
2336
2538
2883
2883
2864
2907
2577
2578
2589
2589
2649
2706
2294
2262
2278
2274
2522
2519
2542
2541
2540
2887
2923
2886
2886
2951
2953
2951
2951
2585
2587
2648
2295
2286
2273
2326
2276
2322
2536
2532
2531
2539
2925
2923
2949
2917
2953
2952
2591
2592
2618
2648
2282
2296
2281
2329
2508
2507
2502
2498
2499
2925
2919
2920
2956
2956
2612
2620
2621
2622
2622
2621
2618
2282
2283
2331
2327
2330
2509
2496
2503
2499
2281
343
98
98
1345
1348
1348
1345
1328
1330
1359
1352
1359
1358
1401
1380
1380
94
103
105
343
80
320
330
1346
1333
1336
1352
1359
1363
1396
1399
1398
18
17
87
79
79
336
320
322
323
1337
1337
1375
1363
1403
1402
15
15
14
1
5
84
336
356
323
322
1276
1373
1654
1401
1399
15
2
12
10
5
354
352
346
365
1284
1282
1644
1645
1652
1667
1666
1610
20
25
12
148
149
148
346
349
345
250
1653
1668
1655
1668
1610
21
24
25
143
142
150
151
351
217
216
249
250
1535
1536
1645
1671
1600
1611
23
137
113
112
214
246
248
1529
1527
1534
1685
1600
23
137
108
107
227
214
242
1525
1527
1688
1686
1674
1600
1602
2832
2833
2784
2783
2787
2741
2741
227
242
1525
2135
1529
1684
2163
1684
2373
1598
2827
2827
2829
2784
2787
2736
2739
2731
2138
2135
2161
2160
2161
2165
2362
2372
2374
2764
2767
2792
2736
2732
2732
2137
2134
2132
2151
2157
2362
2384
2375
2764
2763
2768
2771
2758
2760
2773
2793
2761
2721
2720
2721
2132
2124
2151
2158
2148
2344
2334
2870
2870
2874
2774
2794
2580
2755
2715
2726
2720
2264
2253
2131
2256
2347
2148
2336
2337
2333
2866
2867
2873
2902
2714
2728
2724
2726
2256
2257
2266
2271
2338
2338
2542
2540
2884
2867
2903
2596
2572
2643
2724
2724
2254
2274
2271
2518
2526
2543
2887
2884
2864
2946
2578
2594
2594
2592
2647
2649
2293
2289
2322
2519
2529
2528
2528
2541
2916
2594
2946
2591
2592
2649
2284
2290
2288
2291
2329
2330
2519
2492
2496
2529
2919
2916
2945
2946
2615
2615
2284
2283
2327
2329
2331
2495
2496
2496
2499
2611
98
101
343
326
1396
1393
18
326
1353
1360
86
80
81
333
1361
352
323
1284
1372
1403
1402
1
136
352
1284
1648
1654
1666
5
345
1283
1667
1611
21
136
147
349
246
1688
1647
1660
1597
137
107
108
111
217
246
243
1536
1686
1671
1657
2834
137
2786
111
242
1687
2834
2784
240
1684
2375
1598
2832
2790
2792
2741
2135
2160
2165
2161
2767
2770
2792
2794
2739
2737
2731
2123
2147
2148
2766
2128
2124
2127
2128
2148
2343
2344
2377
2874
2718
2718
2130
2344
2333
2873
2575
2575
2728
2257
2269
2340
2885
2872
2571
2727
2253
2271
2339
2527
2885
2879
2943
2572
2649
2286
2320
2324
2527
2526
2880
2596
2615
2288
2321
2492
2917
2596
2326
2493
18
1335
1361
1395
1333
2
84
336
1374
1535
1648
1648
25
134
348
150
1597
214
1598
2372
2761
2373
2761
2766
2737
2122
2165
2718
2151
2871
2334
2269
2870
2723
2324
2271
2320
2525
2612
2615
1328
1393
1333
1362
18
81
1399
1336
1666
349
4
351
1660
134
1536
1685
1670
2787
2741
2138
2377
2760
2793
2343
2342
2882
2718
2257
2574
2723
2525
2571
2287
2289
2942
2647
2287
2324
2493
2498
101
1359
320
1373
1360
1396
15
1284
349
1661
132
1647
1658
24
110
240
245
1529
239
2740
2125
2123
2721
2726
2866
2254
2610
2320
2525
2946
2291
2327
101
333
1332
1333
1396
336
323
5
1661
25
151
246
1658
1683
2832
2833
240
2165
2163
2374
2766
2790
2731
2869
2871
2575
2870
2872
2575
2269
2943
2879
2917
2614
2290
2320
101
333
2443
2443
1393
82
82
2053
2552
147
1280
1280
1661
110
133
111
2785
1657
2785
2122
2789
2789
2122
2163
2735
2150
2125
2127
1544
2717
2342
2524
2319
2880
2875
2595
2324
2525
2942
2596
1566
1278
2443
1279
1392
1392
2552
2552
146
1279
146
2440
1281
2440
2043
243
2083
2022
2045
1325
2438
452
2020
2877
2875
2877
451
2021
452
