880
350
143
120
117
117
353
353
350
362
113
113
354
357
359
361
363
363
363
142
119
119
345
344
343
361
210
121
115
114
114
345
344
407
211
188
189
187
345
345
344
408
408
407
210
189
186
186
439
439
408
182
189
182
186
437
437
436
436
439
409
411
411
405
213
181
181
180
179
437
439
399
405
218
218
213
181
181
180
419
434
400
400
404
405
219
219
765
774
443
419
452
759
759
765
444
444
445
452
514
765
763
763
444
505
760
768
763
763
719
445
442
465
505
505
512
751
760
766
720
442
442
466
505
508
512
508
512
751
751
766
719
718
494
491
506
506
508
508
528
749
751
729
491
524
738
741
729
732
488
530
524
530
524
525
525
525
752
753
737
737
732
481
525
752
737
736
728
728
732
732
481
481
535
526
533
526
526
140
140
140
140
140
143
120
120
117
117
117
113
111
111
353
353
350
352
350
351
359
359
358
359
362
362
362
140
142
143
120
119
121
120
111
111
353
354
350
352
352
351
350
357
362
360
362
363
142
142
142
142
119
121
113
114
115
114
115
347
348
347
347
347
344
343
361
361
361
360
363
363
212
212
212
210
121
121
113
115
114
348
347
345
345
343
343
357
361
361
407
211
212
211
209
209
210
188
189
189
187
187
348
187
348
344
408
408
410
407
407
211
211
210
188
188
189
189
186
187
437
438
438
438
439
433
435
408
409
410
406
407
406
406
206
211
214
215
215
215
182
179
186
437
437
436
439
435
435
435
409
398
411
405
411
405
216
216
214
215
182
182
180
180
179
421
436
419
436
434
398
399
402
411
404
404
219
216
216
213
213
184
184
184
181
180
180
421
421
419
425
419
424
400
399
399
400
404
403
403
405
219
219
213
181
774
180
774
443
443
443
452
419
400
400
400
399
399
496
404
404
514
759
760
759
765
764
765
764
764
775
775
774
774
444
445
452
451
452
452
452
460
504
465
461
504
496
514
514
760
759
759
768
764
764
775
444
445
445
445
449
449
450
466
465
465
505
465
504
513
513
514
762
759
761
763
763
720
720
719
441
442
450
466
466
465
505
511
505
511
512
512
760
767
766
766
720
720
719
442
442
442
494
450
466
506
506
506
511
508
512
751
751
750
767
767
767
766
739
739
720
718
494
491
491
468
506
507
508
751
750
750
738
738
738
729
718
718
488
488
491
491
491
530
530
524
524
524
523
528
528
528
749
749
754
749
741
738
729
730
730
730
490
488
488
492
492
492
530
530
524
528
527
753
752
735
754
737
737
729
731
732
490
490
482
492
535
535
535
526
533
526
525
527
753
752
735
737
735
737
736
736
733
731
732
481
481
482
535
526
526
525
543
543
543
543
752
118
358
140
141
141
143
120
118
118
111
111
354
353
356
354
352
352
351
358
359
370
370
368
368
140
150
142
141
143
119
120
121
122
117
122
112
112
112
111
354
354
347
351
351
358
357
369
362
368
367
150
150
148
122
119
122
110
113
115
349
349
349
349
349
346
346
346
343
357
383
360
363
360
212
150
149
149
212
148
121
115
114
349
348
346
345
343
381
361
382
381
360
360
212
212
209
209
209
210
191
190
189
190
187
187
438
438
433
344
433
383
409
381
406
407
206
209
210
191
190
188
190
186
185
438
439
435
409
409
406
406
217
206
215
191
179
179
437
436
435
435
434
398
398
409
410
217
217
217
214
215
215
214
184
183
182
183
421
420
425
434
434
425
398
398
402
402
402
402
411
403
219
218
218
215
184
184
183
183
180
178
178
421
421
420
420
425
425
424
424
401
401
403
403
218
765
184
775
774
178
443
446
420
425
451
424
399
496
403
513
758
758
765
764
773
775
775
780
443
451
451
452
460
460
460
461
461
461
496
496
513
762
762
762
761
769
769
716
779
444
441
449
450
466
461
465
461
504
511
513
514
762
762
761
761
768
768
768
769
769
716
720
441
441
449
466
463
463
505
507
504
511
511
762
746
767
766
716
719
441
441
450
469
469
468
507
507
510
512
750
767
739
716
719
725
725
727
494
469
469
468
507
507
509
523
510
746
749
746
750
750
738
739
739
730
718
718
718
494
494
493
492
468
531
523
523
522
528
527
749
754
754
754
741
741
741
730
730
731
490
489
493
492
531
531
523
522
527
527
527
754
754
741
729
731
731
490
483
492
482
531
482
531
533
522
522
527
753
753
753
753
752
755
735
735
737
736
736
733
733
733
732
483
483
483
535
482
534
535
532
534
533
533
522
544
543
534
532
533
139
139
358
141
138
141
138
141
116
116
116
118
112
130
130
356
356
355
355
352
351
358
369
370
370
369
370
370
368
368
150
147
116
147
118
118
112
112
356
354
355
356
355
352
358
384
370
367
150
150
149
149
148
148
122
110
110
112
127
349
346
331
346
333
357
384
382
383
382
382
367
367
150
149
149
148
149
148
122
110
110
126
126
349
348
331
331
331
333
383
382
382
380
380
206
207
207
177
190
190
185
129
427
331
427
433
383
381
381
380
378
206
208
207
176
191
190
190
185
428
428
433
433
429
429
435
429
389
389
410
388
406
206
217
214
208
208
214
176
176
191
191
185
185
428
439
427
432
410
389
390
410
194
217
217
214
168
169
169
178
178
421
166
417
425
432
424
434
395
402
402
401
386
386
216
216
198
197
184
168
183
183
169
178
167
420
420
423
422
398
401
401
387
386
198
193
198
218
198
771
773
773
780
446
446
423
423
423
424
462
462
401
497
497
518
518
758
758
756
771
773
779
780
779
446
446
448
451
460
462
462
462
497
497
518
497
513
758
756
761
769
717
779
779
447
449
448
449
448
464
462
463
462
497
497
520
521
520
761
757
769
717
716
717
727
727
447
441
447
440
450
464
464
463
503
507
495
521
511
746
768
748
767
717
716
725
727
440
467
464
464
507
503
509
510
510
746
746
745
746
742
725
725
725
722
722
494
477
467
469
468
468
503
502
509
510
510
745
745
745
742
744
742
739
740
723
723
722
722
494
493
469
531
523
529
549
754
742
742
741
741
740
728
489
493
489
493
493
470
531
529
529
522
527
712
755
755
755
740
740
728
728
734
489
483
483
487
487
487
529
532
529
545
545
712
755
755
703
735
733
734
733
734
734
483
483
487
486
534
534
532
532
532
532
544
545
544
544
736
544
138
138
138
139
157
116
116
118
131
130
130
356
356
356
355
339
339
339
339
369
371
369
364
370
368
138
138
147
147
147
156
131
125
130
127
127
127
338
355
342
342
339
342
333
384
369
364
367
145
146
147
153
152
122
124
125
127
127
338
338
330
331
332
333
333
384
384
382
380
380
367
145
145
145
148
153
110
126
126
330
332
335
332
384
383
381
380
379
208
207
144
207
144
174
177
124
126
128
128
128
129
332
332
331
430
429
333
430
377
381
377
378
379
378
208
192
208
192
207
176
176
177
177
165
185
129
428
427
427
429
429
432
397
397
389
389
390
388
388
192
192
208
176
173
173
168
169
165
428
417
428
428
431
432
432
432
395
389
395
390
386
192
197
197
168
168
170
166
417
422
413
395
395
390
386
193
198
197
197
168
170
169
169
167
167
417
417
423
423
422
422
395
394
387
387
387
198
193
198
197
771
773
170
167
167
167
416
423
422
422
422
453
453
394
500
394
394
387
518
758
758
756
771
771
772
773
780
780
446
448
448
451
454
454
454
453
500
499
500
518
518
757
757
756
769
772
772
772
782
779
780
447
448
454
498
500
500
495
495
520
521
520
757
756
756
743
769
772
715
715
717
717
727
440
448
464
447
464
463
495
521
521
521
515
521
747
748
748
743
717
717
727
727
726
727
440
478
440
467
467
463
503
503
495
502
521
516
516
748
748
744
722
721
477
477
477
469
467
471
502
502
502
509
517
510
509
745
745
744
742
744
740
724
723
721
723
721
477
477
471
471
471
467
470
502
537
548
549
549
714
745
714
703
702
678
740
723
723
489
493
470
470
542
529
542
548
548
548
549
549
711
711
703
702
702
685
728
685
734
734
489
485
487
487
487
542
545
545
545
545
712
711
703
701
703
701
686
686
734
683
734
485
484
486
486
534
532
539
544
544
701
157
364
137
139
157
139
157
155
131
132
132
132
132
130
135
135
135
337
337
340
339
371
366
372
366
366
365
366
364
146
137
137
157
156
131
131
131
132
338
337
342
342
341
342
341
372
372
365
365
364
146
146
164
156
152
152
125
124
125
125
125
127
338
330
335
372
375
384
374
374
380
146
145
145
144
162
153
153
153
152
152
124
123
126
129
129
338
336
332
335
335
375
375
374
379
144
144
144
162
153
174
177
128
129
330
332
334
430
335
377
377
376
379
378
199
174
174
174
177
177
128
68
129
426
426
426
429
430
430
397
396
377
377
390
192
201
195
173
165
165
165
428
418
418
426
431
431
397
397
396
396
390
390
388
388
194
195
197
172
173
172
170
166
166
166
418
418
418
414
414
397
395
392
392
385
387
386
385
193
193
195
196
171
170
167
417
412
413
413
413
413
394
394
393
385
387
193
791
196
171
770
170
770
167
416
415
412
455
412
455
453
499
385
519
792
792
791
771
770
782
782
782
781
416
457
455
454
455
453
500
499
500
500
499
519
519
757
792
792
792
791
771
772
772
770
770
782
782
781
458
458
456
455
454
498
498
520
519
757
757
743
784
784
781
726
440
447
456
456
456
503
498
495
520
517
515
515
516
747
743
715
715
724
724
726
726
478
478
480
479
457
501
517
516
516
747
748
744
743
744
715
724
678
721
724
721
478
478
471
503
501
537
509
517
516
714
714
714
744
704
704
679
678
679
677
678
723
723
721
477
479
471
471
537
537
538
548
549
713
713
714
704
702
705
678
677
677
673
489
476
476
470
470
542
537
538
548
549
711
712
711
703
702
686
686
685
685
684
683
684
485
476
472
542
542
539
539
546
712
708
711
712
703
710
701
701
702
686
686
686
683
684
485
485
485
484
484
486
486
542
539
539
547
547
546
486
137
137
159
157
157
154
155
155
132
134
133
136
135
135
340
340
340
340
371
366
371
366
366
365
365
364
266
164
137
159
156
156
155
132
133
134
134
134
135
135
337
341
372
373
372
371
365
267
267
146
164
161
164
156
152
156
123
123
31
336
336
338
336
341
341
373
373
372
374
379
261
164
163
161
153
151
151
124
123
123
68
68
336
336
334
335
335
334
375
374
374
376
379
261
201
162
162
162
162
175
151
151
124
64
61
128
129
68
68
330
430
334
334
375
375
376
246
246
378
201
162
199
199
174
175
175
61
165
70
68
426
324
426
324
430
431
396
377
376
376
378
243
199
199
199
175
173
173
172
81
70
69
320
418
431
431
396
396
396
392
245
388
205
205
205
195
195
173
172
81
81
69
418
319
414
414
414
391
392
393
392
385
231
205
196
196
172
171
170
81
79
78
81
416
416
319
412
413
391
391
393
393
393
193
790
196
196
171
787
171
789
80
78
78
416
415
415
415
415
412
412
455
499
393
606
385
790
790
792
791
791
789
770
79
782
458
458
415
458
455
613
519
606
790
792
796
796
791
784
789
789
782
852
458
459
459
457
455
454
498
613
613
612
612
499
519
519
515
796
794
784
783
781
781
853
459
480
456
456
457
498
517
515
515
747
794
743
794
785
784
783
724
853
726
726
459
478
480
501
501
517
517
747
747
707
679
676
726
675
478
479
479
473
473
501
501
597
597
713
714
704
704
706
705
679
679
676
677
673
675
675
476
476
479
473
473
537
538
538
538
538
546
713
713
713
704
705
705
705
678
677
677
683
673
674
476
476
475
541
541
541
536
536
536
536
712
711
709
705
702
685
684
683
673
674
485
475
475
472
472
541
541
539
540
536
546
546
708
708
710
710
710
680
686
680
685
683
684
684
484
485
484
472
472
542
540
540
546
547
680
154
136
158
159
159
154
154
155
133
134
134
136
136
337
337
340
340
371
268
268
272
265
267
266
266
158
160
160
159
160
154
155
133
133
134
136
31
291
292
373
341
373
273
265
265
267
267
267
164
164
164
163
160
49
123
65
31
73
291
291
334
294
373
294
273
273
273
265
267
261
163
161
163
161
151
161
151
64
64
73
293
293
293
373
274
261
201
200
162
175
62
63
63
64
70
70
74
324
293
328
329
328
375
246
246
246
243
201
200
201
200
175
175
63
61
61
61
70
67
70
69
324
328
328
328
328
396
238
245
246
200
201
202
202
60
63
61
69
69
324
326
326
391
238
392
243
205
205
204
202
195
60
59
80
81
79
319
320
319
320
316
391
393
231
232
231
231
231
204
204
204
202
171
172
80
78
79
319
319
414
316
314
391
232
231
229
204
776
204
196
786
786
787
80
789
78
78
78
79
322
416
321
636
316
636
616
616
617
606
606
606
776
790
790
776
786
787
787
787
789
789
788
852
852
852
321
459
632
636
636
613
612
617
617
617
607
607
796
776
793
787
788
783
852
632
632
636
635
638
612
608
796
796
795
794
793
785
784
783
853
853
853
459
459
633
638
638
613
637
613
612
612
611
608
608
795
795
795
794
794
785
783
785
854
853
480
480
633
638
638
637
611
595
595
595
795
707
707
707
679
842
679
842
676
831
854
675
675
474
480
479
574
574
591
597
597
595
700
707
707
706
679
706
676
676
676
673
674
675
675
474
474
573
473
573
591
591
538
597
700
713
705
682
682
674
674
674
564
475
473
473
541
541
602
602
603
700
700
709
708
709
682
681
684
672
475
563
567
599
602
540
536
603
708
698
710
709
710
680
680
680
681
681
672
672
563
475
563
563
472
567
598
598
540
540
547
547
697
681
547
30
288
158
158
159
154
48
48
33
133
48
136
136
30
31
288
292
292
268
268
268
265
265
264
265
266
158
160
160
54
155
48
33
33
31
30
31
30
289
291
291
292
268
292
273
264
264
158
160
50
50
49
65
65
65
73
290
294
291
294
294
274
274
274
274
273
263
262
261
19
19
163
20
49
49
67
65
64
73
74
73
294
293
293
294
296
239
274
274
263
245
245
261
200
163
21
22
20
62
62
67
64
67
67
74
74
325
325
329
239
239
246
244
244
200
200
22
56
62
63
63
67
71
71
72
74
325
325
329
329
328
239
239
238
238
245
243
203
202
22
60
56
60
56
59
63
70
72
325
324
326
327
328
238
315
235
238
243
243
203
203
203
202
60
60
59
59
76
69
320
320
326
327
316
234
232
203
203
4
60
58
59
80
76
322
320
321
321
316
318
316
315
232
232
777
203
786
786
58
58
80
76
79
79
75
75
322
322
321
636
614
616
616
616
616
606
777
776
786
788
788
857
857
852
861
632
632
635
614
614
617
617
607
778
776
793
787
783
788
857
856
857
860
860
860
634
634
634
635
613
615
615
617
607
608
607
778
793
795
794
793
785
785
855
856
854
862
634
634
638
638
611
611
608
608
795
794
785
842
842
856
856
854
863
863
633
638
637
637
611
595
595
610
595
594
797
795
699
699
707
838
840
841
842
835
863
863
474
863
572
574
574
573
574
591
591
591
592
593
594
699
700
694
706
842
844
844
835
570
570
570
573
600
592
597
596
596
700
700
694
706
706
844
682
673
844
835
835
834
570
565
565
573
600
600
600
602
601
596
698
695
698
709
709
682
689
682
660
682
671
671
671
564
565
565
567
565
599
600
602
602
603
603
697
697
710
688
688
660
660
660
681
681
670
672
671
672
671
563
563
565
567
567
567
598
599
598
604
598
604
604
603
604
603
288
264
18
52
54
54
54
48
33
33
32
29
28
30
288
288
292
270
269
270
270
270
272
264
264
251
266
54
51
54
50
49
33
33
30
290
28
289
289
289
295
269
269
269
272
271
262
267
262
18
52
51
50
50
50
49
33
65
290
290
290
290
289
294
292
296
269
271
263
262
262
19
21
19
20
26
26
25
25
49
65
73
290
299
299
274
271
237
237
263
263
244
19
16
19
21
21
21
20
25
66
66
71
74
74
325
299
299
325
329
236
237
245
244
244
16
16
22
22
22
56
62
62
55
67
67
71
71
71
72
72
327
327
329
239
235
235
244
243
243
3
3
57
56
57
55
77
77
77
72
72
72
323
323
323
326
327
327
239
235
235
228
229
5
5
4
4
56
59
55
77
76
75
317
326
318
318
315
314
315
315
234
234
232
229
229
5
4
58
58
76
76
75
75
322
322
322
318
318
314
315
314
315
314
232
230
229
229
777
777
815
4
58
102
75
861
322
321
318
614
616
605
605
605
777
777
778
777
819
822
822
788
858
858
857
858
857
861
861
644
644
635
635
614
615
615
605
607
607
778
778
778
815
819
819
821
821
855
858
856
860
861
861
632
642
640
635
615
615
610
609
609
778
778
820
818
819
821
855
855
856
864
864
634
634
634
637
641
637
640
611
610
609
610
609
797
797
797
797
818
818
818
841
841
833
862
862
862
862
862
862
633
633
572
639
639
610
594
699
797
694
840
840
840
840
842
841
863
833
862
572
572
571
576
575
574
639
592
592
593
593
594
594
699
696
694
840
841
843
844
844
835
835
834
834
570
571
576
573
592
592
596
596
596
699
696
695
695
694
689
689
843
843
844
837
835
837
837
834
570
566
569
600
602
601
593
601
698
698
695
695
688
689
689
660
670
670
837
671
564
565
566
566
599
599
601
579
604
601
697
697
698
692
688
688
660
660
670
670
669
669
564
565
566
567
599
599
598
599
602
604
604
52
52
54
52
53
48
32
29
29
28
288
280
295
269
270
270
272
252
252
18
52
51
54
53
37
32
32
32
29
29
29
289
295
295
269
270
271
262
250
251
18
23
51
26
50
37
38
38
27
27
298
298
298
297
296
271
271
263
251
251
19
26
66
85
85
299
298
301
300
296
296
237
237
263
242
242
242
251
17
17
16
21
24
26
25
66
66
86
299
299
301
300
300
236
308
236
241
237
242
16
16
22
25
57
55
66
71
87
88
87
84
323
306
323
308
236
242
242
3
3
2
0
57
57
55
55
100
77
87
84
84
84
323
306
306
327
307
308
235
235
228
228
3
3
5
5
57
57
100
77
77
84
317
318
315
307
234
312
234
228
228
228
5
5
4
1
99
99
100
102
102
93
93
317
304
314
234
226
230
230
814
814
815
815
815
822
102
102
93
93
644
317
644
313
631
630
605
230
605
230
815
815
815
819
822
858
858
860
861
644
644
644
642
631
615
630
626
817
820
819
820
821
821
858
858
860
859
865
859
643
642
641
640
630
615
610
609
626
798
820
820
818
823
855
855
865
865
864
864
643
642
641
640
640
624
623
609
619
799
799
818
874
833
833
864
572
641
643
641
624
610
623
594
799
807
839
839
838
841
833
844
833
571
571
576
575
639
639
575
590
593
593
594
696
808
694
807
839
839
843
837
836
834
571
571
576
575
590
593
589
589
589
696
696
695
689
689
839
843
843
837
836
836
834
559
562
562
571
569
576
569
577
577
589
589
695
691
695
692
687
687
688
661
661
661
661
670
837
669
836
562
562
566
569
568
569
568
569
579
579
579
583
583
583
697
691
691
692
687
661
661
670
669
669
562
564
562
561
566
569
578
578
579
583
583
669
280
43
52
43
53
42
53
53
40
40
40
36
28
280
280
277
277
277
277
256
256
256
252
252
252
252
51
53
46
47
40
37
37
29
35
29
28
280
295
297
255
256
250
250
250
18
14
51
46
23
47
46
37
37
27
27
280
295
297
297
297
255
247
250
250
251
17
14
18
23
24
26
38
38
38
85
85
85
86
85
298
298
301
300
297
296
287
255
255
247
247
247
249
17
17
17
24
107
109
85
88
86
86
301
301
300
286
236
240
241
241
241
241
242
223
2
8
0
26
107
107
107
87
88
301
84
83
301
306
306
308
286
236
233
227
223
2
2
1
0
0
7
100
87
87
83
84
83
306
306
307
308
308
308
233
233
227
228
2
1
1
99
99
100
100
98
95
95
95
317
83
305
305
305
307
312
234
233
227
227
227
814
814
102
99
101
95
94
93
95
92
317
304
313
313
312
312
226
226
816
822
811
101
102
101
102
867
93
867
93
859
92
92
645
645
645
313
652
313
631
631
631
630
627
230
816
814
822
101
866
866
859
645
645
644
642
652
631
631
630
626
817
817
823
820
823
824
822
821
873
873
866
866
873
866
859
859
871
652
642
652
652
630
628
620
626
798
798
820
824
823
823
873
874
865
865
864
643
643
643
640
641
647
624
623
619
620
799
799
807
823
874
838
875
832
865
643
639
624
623
619
619
619
799
799
808
807
808
807
807
851
838
838
838
832
832
832
833
832
831
572
657
576
552
575
624
623
624
587
808
808
807
807
851
849
849
846
846
831
831
831
825
571
576
576
575
590
590
587
587
696
808
810
839
687
849
849
831
836
836
559
559
559
560
568
560
568
568
577
577
590
577
589
588
692
691
693
687
693
662
849
668
836
561
560
553
561
568
579
581
582
583
582
588
691
691
692
692
687
662
662
662
661
668
668
669
562
561
561
553
578
579
578
578
582
582
583
693
41
275
42
42
41
42
40
40
36
39
36
279
280
279
280
277
277
256
256
260
253
253
253
43
42
43
42
47
46
39
40
37
39
36
27
279
276
276
277
255
256
260
247
253
253
14
14
23
23
46
46
38
35
38
35
35
27
276
276
282
254
254
255
249
249
14
24
24
109
109
34
105
86
283
282
287
254
247
240
249
249
15
17
24
24
26
8
107
109
109
86
86
301
287
286
286
224
12
0
9
8
8
7
106
88
82
82
82
286
286
240
240
223
241
223
2
12
0
9
7
98
106
98
107
107
83
82
305
307
308
233
221
223
223
2
1
10
98
103
95
92
94
91
83
305
303
302
307
304
310
310
233
221
221
222
222
222
1
816
812
99
98
95
94
92
92
90
303
303
304
311
311
312
310
226
227
816
816
813
101
101
94
872
645
650
651
312
312
627
226
627
816
813
811
877
811
867
867
872
872
872
654
654
654
652
651
631
628
628
628
626
626
816
813
824
824
877
873
875
866
871
871
654
650
650
652
629
629
620
620
798
798
798
824
801
873
874
875
875
869
871
656
656
656
647
647
647
624
621
620
621
620
802
802
801
874
874
875
875
875
827
825
657
656
656
647
624
621
619
805
809
809
809
850
851
851
851
845
828
832
829
825
825
827
657
657
657
552
550
622
622
623
587
621
587
805
809
810
850
851
851
846
846
830
825
559
560
552
552
577
590
590
588
587
810
690
806
810
848
848
849
848
849
846
830
560
559
560
553
552
551
590
588
588
588
691
690
693
693
665
848
847
847
667
830
557
561
561
553
578
581
582
582
584
690
690
693
662
662
662
668
668
668
667
668
667
556
556
553
555
555
580
580
582
584
556
39
43
42
279
279
275
279
275
275
260
257
257
260
260
253
253
43
47
47
39
47
35
36
279
278
276
257
257
260
259
248
248
13
13
47
44
45
45
35
105
104
278
282
254
254
259
248
15
15
15
14
6
44
35
109
104
104
283
282
287
249
248
15
15
8
8
6
109
108
105
104
283
282
286
287
240
225
224
224
12
12
9
7
106
106
108
108
88
82
285
285
285
225
224
12
11
9
10
7
106
98
106
103
103
88
82
302
284
284
310
221
222
11
10
97
98
97
90
89
304
302
305
310
221
11
10
97
97
94
90
90
303
304
311
311
226
221
222
812
812
811
877
877
868
867
94
91
303
655
304
311
651
311
628
220
816
813
813
877
877
868
868
872
872
654
650
649
650
649
627
627
627
802
802
878
868
870
871
871
654
650
650
647
629
628
625
803
802
802
824
800
801
801
879
879
870
870
870
656
653
647
648
648
629
620
803
800
800
801
879
879
875
827
827
827
657
659
656
658
621
648
621
618
618
809
809
800
850
828
827
827
826
657
659
648
551
622
622
618
618
805
810
850
846
829
829
829
825
659
552
551
551
586
585
806
806
810
665
848
847
847
846
830
830
560
558
551
581
586
586
586
584
690
848
664
666
847
830
557
558
558
558
554
554
581
581
580
586
690
690
665
665
667
667
556
556
553
555
555
581
580
580
584
666
43
41
39
36
260
253
13
36
257
258
23
44
45
34
258
108
104
283
281
249
248
15
7
108
283
287
285
224
6
105
287
225
224
12
10
106
103
89
302
284
285
222
10
97
97
96
103
91
89
302
310
309
221
812
10
876
96
91
311
812
877
91
309
625
220
812
878
878
868
655
649
649
649
813
824
878
878
868
869
870
655
648
648
803
653
653
658
658
648
629
629
625
800
869
828
826
622
618
800
879
845
826
659
658
622
806
850
845
826
557
552
622
586
805
806
848
847
829
557
554
550
586
585
804
847
667
558
554
581
665
847
555
584
13
276
258
259
278
6
44
45
254
284
284
285
11
9
105
105
222
90
220
627
811
625
801
803
868
655
649
870
646
879
618
658
805
829
551
550
554
585
666
667
275
259
275
259
13
45
248
283
225
108
7
108
285
9
302
309
309
877
867
872
625
801
879
646
646
805
828
659
850
828
585
845
557
558
664
830
557
550
580
584
41
257
34
282
258
259
13
283
105
225
7
284
220
11
96
90
89
303
91
868
653
653
826
826
806
659
664
550
585
665
558
555
41
34
278
278
259
45
104
6
225
11
96
89
220
309
812
812
91
649
651
625
803
878
870
803
879
869
803
806
845
658
664
804
804
666
556
554
41
34
854
854
258
44
44
663
817
6
281
281
225
96
12
96
876
220
876
655
876
876
655
651
869
646
653
659
309
828
646
646
659
804
804
664
550
585
664
666
272
272
854
281
258
258
817
817
20
281
20
457
342
457
663
89
672
663
663
240
663
194
460
474
804
474
194
481
194
