2000
611
307
307
298
298
614
613
615
630
323
325
613
651
640
651
628
625
626
495
305
304
596
595
598
649
495
301
324
322
326
594
598
745
494
348
314
320
594
553
597
738
741
745
432
313
320
319
553
553
739
357
358
356
320
561
560
560
559
547
741
740
747
749
431
357
353
355
364
561
547
732
725
409
410
408
408
354
363
532
546
727
726
732
725
412
412
1946
1875
1880
533
1330
1945
1944
1947
1881
1881
1333
1327
1311
1945
1963
1963
1878
1305
1940
1949
1952
1952
1901
1898
1898
1357
1283
1304
1308
1787
1941
1948
1902
1331
1364
1363
1283
1296
1299
1299
1303
1787
1786
1818
1895
1896
1497
1489
1365
1365
1287
1297
1298
1781
1782
1815
1484
1429
1812
1814
1816
1490
1491
1406
1406
1410
1430
1429
1423
1424
1792
1793
1822
1821
1470
1486
1436
1826
1822
1821
1832
1831
1470
1471
1471
1487
1409
1436
1435
1436
1426
480
482
481
482
481
478
309
311
311
310
298
298
264
264
617
619
614
612
611
611
641
640
641
631
630
629
629
482
482
307
306
306
301
311
263
264
617
613
616
616
615
612
611
640
630
627
629
626
483
496
497
495
305
300
301
325
326
326
325
607
601
607
593
596
596
599
651
649
648
627
627
625
494
498
495
305
301
303
323
326
322
601
606
594
595
598
738
650
739
744
745
498
499
493
493
492
493
316
314
314
321
321
601
321
594
598
739
739
744
744
743
428
426
348
348
347
314
313
312
320
555
556
557
556
556
550
553
738
741
734
747
743
749
749
425
427
427
431
432
348
358
360
360
561
559
556
558
547
547
552
741
731
737
746
747
748
427
427
406
430
358
357
356
363
359
561
560
559
558
548
730
733
733
747
718
724
412
411
412
407
408
407
354
354
355
364
366
535
535
532
539
532
538
727
729
732
728
720
723
723
725
412
410
408
354
1875
366
1876
1880
1881
1889
1328
538
726
727
729
729
729
1276
722
725
1310
1938
1938
1945
1947
1947
1947
1962
1961
1962
1877
1877
1876
1878
1881
1329
1334
1327
1327
1330
1356
1275
1356
1352
1276
1276
1310
1311
1937
1939
1945
1949
1961
1962
1877
1877
1879
1878
1879
1334
1334
1334
1356
1358
1358
1304
1357
1307
1309
1308
1311
1942
1949
1941
1953
1952
1903
1902
1900
1900
1332
1331
1363
1358
1357
1307
1306
1305
1306
1308
1308
1940
1784
1953
1952
1904
1904
1896
1901
1899
1899
1497
1363
1363
1365
1283
1296
1299
1296
1299
1787
1786
1785
1785
1811
1813
1817
1818
1818
1893
1897
1897
1366
1366
1365
1284
1287
1299
1782
1787
1785
1813
1817
1818
1815
1895
1897
1897
1488
1489
1489
1489
1408
1360
1406
1430
1430
1432
1423
1298
1421
1783
1781
1788
1823
1814
1814
1816
1894
1894
1897
1490
1488
1490
1485
1484
1484
1407
1407
1429
1423
1424
1792
1826
1824
1823
1820
1819
1832
1468
1471
1490
1491
1487
1487
1409
1410
1410
1436
1436
1433
1423
1427
1793
1792
1826
1825
1826
1822
1821
1830
1831
1832
1470
1471
1486
1487
1411
1435
1434
1428
1425
1426
1428
1426
1826
309
643
480
481
479
309
311
311
299
263
264
618
617
624
620
614
610
610
642
641
631
630
628
636
481
477
477
476
488
306
308
302
311
299
297
297
296
262
262
617
619
608
609
610
642
647
646
626
638
635
483
497
490
303
304
303
302
297
261
602
604
604
603
602
608
607
596
599
651
653
627
634
634
499
496
497
488
497
491
303
324
326
603
601
605
600
600
652
649
655
632
635
634
498
499
493
491
491
491
316
318
318
317
321
342
555
557
551
600
552
652
734
735
742
743
425
432
432
315
318
316
317
312
339
555
551
552
736
737
748
743
424
424
430
345
362
360
555
559
549
549
549
731
731
737
737
428
422
422
429
430
430
434
353
352
356
345
534
537
543
549
548
541
730
733
721
721
721
721
719
719
412
409
416
414
351
352
352
351
365
366
366
535
535
537
532
543
542
539
540
733
720
718
723
417
1946
406
1965
1875
366
1888
1889
533
538
1328
538
728
1276
723
1279
1939
1939
1944
1961
1965
1960
1885
1883
1889
1333
1329
1328
1353
1354
1351
1352
1352
1275
1274
1274
1310
1942
1938
1939
1950
1954
1961
1962
1884
1878
1887
1334
1342
1354
1356
1358
1355
1273
1307
1254
1311
1943
1942
1943
1951
1949
1950
1955
1954
1954
1903
1905
1900
1340
1332
1374
1371
1343
1283
1282
1307
1309
1302
1942
1941
1810
1955
1905
1905
1900
1899
1340
1362
1364
1360
1285
1282
1302
1303
1784
1810
1839
1903
1904
1893
1893
1891
1891
1361
1362
1359
1285
1286
1296
1286
1301
1783
1783
1802
1782
1811
1813
1815
1839
1815
1892
1890
1897
1497
1496
1499
1492
1360
1408
1284
1287
1389
1297
1300
1794
1789
1783
1789
1819
1814
1838
1834
1842
1892
1498
1473
1498
1493
1407
1407
1431
1431
1422
1421
1421
1794
1790
1820
1828
1834
1469
1468
1477
1485
1485
1412
1478
1415
1419
1431
1431
1427
1792
1795
1795
1795
1826
1790
1824
1825
1822
1829
1829
1830
1828
1834
1468
1477
1476
1478
1411
1478
1411
1412
1417
1418
1434
1420
1434
1425
1425
1411
1417
1433
479
293
643
477
470
479
469
478
309
310
295
294
262
254
260
622
623
624
620
609
610
642
645
645
639
644
639
639
637
637
471
469
293
283
294
297
257
257
622
618
623
624
623
608
642
646
638
637
474
475
477
489
489
283
282
282
284
262
258
604
608
605
608
580
647
647
654
653
649
654
633
634
475
485
485
491
484
281
282
284
318
342
342
604
606
564
563
600
579
652
654
654
633
632
499
485
486
327
328
329
340
342
504
600
514
522
652
655
683
672
671
426
426
436
436
316
328
329
340
504
503
550
512
512
513
522
521
736
734
735
708
708
424
421
423
424
436
434
434
346
346
345
362
360
503
554
514
513
734
689
706
748
421
422
422
415
344
345
361
362
366
536
373
537
543
543
540
541
692
692
719
719
703
703
411
417
415
416
414
349
352
362
368
365
371
536
537
545
540
731
691
691
705
702
418
419
417
413
417
1964
1967
1882
1888
1889
1337
544
545
545
540
1351
1348
690
1265
1280
1278
1278
1968
1968
1950
1965
1965
1883
1882
1887
1886
1337
1337
1336
1354
1353
1352
1344
1267
1266
1280
1274
1279
1980
1983
1950
1954
1957
1885
1884
1887
1334
1337
1338
1336
1354
1344
1343
1344
1267
1267
1274
1254
1253
1981
1980
1959
1957
1885
1934
1905
1934
1339
1887
1342
1339
1340
1342
1374
1372
1372
1281
1256
1256
1254
1981
1951
1982
1810
1959
1935
1936
1933
1914
1340
1373
1374
1371
1282
1302
1302
1301
1802
1803
1807
1803
1810
1840
1935
1936
1891
1920
1497
1914
1362
1361
1360
1368
1293
1292
1286
1300
1301
1802
1802
1808
1808
1809
1808
1840
1841
1842
1842
1892
1891
1498
1493
1493
1285
1287
1389
1405
1788
1808
1809
1837
1838
1838
1842
1475
1498
1473
1494
1492
1416
1415
1415
1420
1432
1421
1794
1791
1790
1790
1838
1837
1828
1833
1468
1475
1477
1479
1479
1414
1414
1415
1420
1377
1422
1395
1795
1791
1774
1774
1829
1827
1834
1827
1469
1474
1477
1478
1481
1413
1418
1414
1420
1417
1417
1419
1397
1397
1394
1395
1829
1397
470
470
468
469
293
293
295
295
294
254
259
621
622
622
621
576
589
589
590
645
656
645
669
639
636
470
469
478
465
464
289
253
256
260
260
258
259
570
624
566
566
589
591
580
660
670
666
637
474
471
489
283
286
286
284
256
257
257
566
565
568
563
567
580
578
660
662
662
665
633
666
475
473
475
485
283
287
330
341
567
564
580
562
659
659
684
673
671
472
487
486
486
486
441
334
327
328
330
341
329
335
564
564
563
511
512
578
522
685
683
683
675
672
671
401
400
436
401
487
436
433
332
328
332
339
337
504
510
503
514
512
519
522
689
687
706
706
709
708
401
401
375
434
376
343
343
369
374
505
506
505
506
528
513
520
520
688
689
688
706
708
421
415
414
344
343
370
373
500
529
524
518
689
703
703
419
420
415
385
388
349
349
370
373
372
531
531
544
525
524
523
693
693
704
704
705
420
420
418
414
1966
1966
367
372
371
372
903
545
525
526
526
1349
1347
691
1268
693
691
704
1277
1968
1969
1969
1970
1966
1966
1926
1925
1883
1888
1322
1338
1335
1316
1350
1349
1347
1344
1265
1265
1280
1278
1979
1979
1983
1958
1956
1956
1927
1925
1924
1924
1321
1336
1336
1343
1268
1267
1266
1252
1280
1255
1263
1980
1982
1977
1982
1958
1998
1959
1957
1957
1929
1930
1913
1341
1342
1341
1374
1372
1251
1256
1255
1263
1263
1254
1797
1805
1981
1805
1959
1935
1934
1934
1916
1916
1914
1914
1341
1326
1373
1372
1367
1295
1252
1295
1256
1260
1260
1797
1807
1805
1919
1917
1918
1499
1450
1362
1443
1368
1367
1295
1294
1292
1259
1260
1258
1801
1801
1806
1806
1758
1840
1858
1919
1920
1920
1918
1451
1448
1494
1442
1442
1387
1387
1293
1388
1405
1404
1404
1800
1801
1800
1773
1758
1836
1841
1848
1848
1472
1494
1443
1440
1386
1387
1386
1388
1402
1403
1405
1405
1777
1777
1774
1835
1835
1866
1827
1863
1474
1474
1473
1482
1481
1480
1416
1377
1388
1396
1396
1394
1777
1778
1774
1776
1776
1835
1836
1864
1860
1860
1474
1482
1482
1481
1375
1414
1376
1377
1397
1395
1775
467
663
461
460
467
463
292
289
295
254
275
272
254
255
267
267
259
570
574
576
589
590
656
657
670
670
670
669
664
463
461
463
464
288
289
276
255
269
570
574
573
592
591
591
591
658
658
668
665
664
462
444
465
464
289
287
287
287
252
256
256
251
566
568
577
661
660
660
661
673
674
473
449
450
451
451
442
442
443
286
285
285
330
251
341
335
569
571
567
579
582
685
682
684
673
473
473
472
451
442
441
334
336
335
509
567
582
511
578
685
686
683
671
675
399
377
440
376
331
332
338
337
337
510
505
510
508
508
516
519
694
686
686
707
400
398
381
377
369
338
337
505
501
502
507
520
518
517
517
518
694
696
715
707
709
393
392
375
389
376
389
343
369
374
373
502
502
502
527
528
518
687
699
697
704
717
715
716
419
392
384
384
388
370
372
500
527
529
524
529
524
699
693
699
717
717
420
1971
385
387
1967
367
1926
368
903
902
525
1316
525
1350
1349
1272
717
1270
1969
1971
1971
1970
1997
1928
1925
1926
1923
903
1321
1314
1316
1314
1349
1348
1272
1265
1271
1272
1278
1277
1978
1976
1971
1977
1998
1996
1997
1997
1927
1927
1927
1924
1924
1322
1322
1321
1316
1346
1346
1272
1269
1270
1979
1979
1982
1999
1999
1930
1915
1915
1322
1325
1325
1370
1370
1251
1251
1252
1262
1263
1262
1261
1796
1995
1998
1929
1936
1911
1916
1916
1908
1326
1326
1325
1369
1295
1257
1259
1261
1797
1799
1804
1805
1762
1858
1932
1857
1920
1911
1918
1908
1451
1442
1368
1295
1294
1290
1258
1260
1798
1799
1801
1806
1806
1759
1762
1857
1858
1851
1852
1851
1919
1917
1449
1449
1442
1437
1387
1384
1384
1403
1403
1767
1767
1768
1757
1758
1758
1852
1852
1847
1849
1473
1449
1446
1441
1440
1385
1388
1400
1401
1403
1777
1768
1779
1752
1751
1865
1864
1865
1848
1848
1859
1849
1483
1441
1462
1381
1380
1379
1391
1402
1778
1780
1780
1779
1776
1780
1775
1776
1835
1864
1866
1863
1860
1860
1483
1482
1461
1481
1461
1462
1375
1377
1381
1379
1392
1392
1392
1463
460
461
466
467
467
278
277
280
275
272
271
272
268
268
575
576
575
586
657
667
657
668
667
668
664
663
756
454
463
466
464
276
276
274
274
270
269
269
267
267
573
586
587
588
658
668
665
755
755
455
454
451
454
291
291
290
252
250
229
572
571
570
572
592
588
578
661
661
665
674
761
444
445
450
442
439
291
285
252
251
228
228
571
572
581
582
584
583
682
682
682
681
673
762
449
448
449
448
441
438
443
333
333
163
164
336
335
161
175
509
508
582
583
584
680
680
676
676
678
405
449
399
380
441
437
333
169
333
161
177
510
891
508
914
516
515
515
686
679
675
677
677
398
399
394
381
376
332
173
174
176
175
892
501
528
516
516
695
696
714
713
715
393
392
392
378
381
381
389
174
176
176
905
893
528
901
530
700
696
701
696
715
712
391
384
384
389
387
370
186
185
183
186
905
905
905
900
530
530
700
701
698
710
390
1973
383
383
386
1603
387
1607
172
185
184
903
904
898
899
899
900
900
1313
1042
699
1189
716
1973
1975
1972
1996
1996
1608
1928
184
1924
1921
1319
898
1312
1314
1043
1270
1189
1973
1973
1978
1991
1992
1999
1608
1608
1923
1922
1320
1922
1320
1312
1314
1345
1346
1033
1032
1033
1204
1269
1264
1187
1264
1977
1994
1995
1931
1931
1930
1909
1910
1323
1324
1324
1369
1346
1257
1262
1262
1976
1986
1995
1995
1994
1999
1932
1931
1912
1909
1912
1909
1908
1326
1369
1295
1289
1258
1798
1797
1761
1855
1855
1912
1907
1451
1450
1369
1439
1437
1289
1288
1134
1134
1766
1798
1760
1762
1763
1759
1856
1858
1854
1854
1850
1843
1906
1451
1444
1438
1439
1439
1385
1289
1290
1383
1400
1398
1766
1767
1765
1759
1760
1759
1762
1871
1853
1851
1850
1844
1846
1447
1448
1441
1384
1383
1382
1400
1398
1401
1400
1772
1767
1780
1752
1751
1865
1849
1862
1849
1845
1446
1446
1446
1466
1467
1385
1381
1380
1390
1390
1398
1391
1769
1770
1750
1751
1752
1874
1864
1872
1865
1862
1861
1861
1461
1455
1463
1462
1462
1381
1378
1379
1393
1392
1874
278
266
456
457
467
278
279
280
280
269
272
265
266
574
574
575
585
586
776
775
774
752
756
754
754
452
459
458
459
459
277
273
274
274
270
266
219
841
842
586
588
588
767
750
767
756
755
756
453
454
455
447
459
238
252
231
218
228
840
841
581
836
587
836
766
768
767
762
762
761
445
446
447
447
439
438
291
164
166
229
838
838
837
583
768
681
403
402
446
437
95
103
164
165
161
161
228
913
838
914
917
918
583
758
680
678
757
404
403
405
402
438
438
103
164
159
159
160
169
162
162
913
914
918
920
917
695
931
680
676
404
405
380
379
102
104
173
159
156
891
886
919
695
932
697
713
391
396
394
379
378
121
117
173
174
180
893
893
892
890
877
701
701
713
710
711
713
712
397
391
396
379
387
172
171
186
181
895
893
901
877
876
700
710
710
711
382
1975
390
383
1602
1602
1604
172
1605
185
184
184
183
904
904
900
1045
876
1043
1200
1199
1199
1193
1188
1189
1974
1975
1990
1975
1601
1604
1604
1604
1607
1607
1606
1728
1921
1739
899
1319
1045
1038
1043
1042
1200
1198
1201
1193
1187
1188
1989
1991
1993
1603
1605
1727
1741
1056
1045
1045
1041
1031
1201
1211
1988
1989
1988
1990
1993
1993
1608
1730
1731
1731
1714
1910
1323
1057
1044
1045
1033
1035
1032
1204
1205
1205
1204
1211
1985
1984
1985
1987
1986
1855
1931
1733
1732
1909
1323
1324
1080
1035
1031
1092
1204
1133
1133
1133
1985
1984
1986
1764
1763
1626
1855
1733
1911
1717
1732
1912
1907
1907
1445
1445
1092
1090
1137
1135
1134
1134
1798
1764
1764
1764
1856
1763
1854
1853
1854
1844
1844
1844
1906
1444
1445
1084
1439
1090
1127
1126
1289
1136
1766
1766
1755
1871
1869
1843
1845
1846
1457
1447
1438
1466
1383
1383
1141
1148
1155
1772
1771
1756
1772
1756
1870
1870
1861
1454
1455
1465
1467
1143
1140
1378
1390
1155
1772
1771
1752
1754
1754
1874
1874
1873
1868
1867
1454
1454
1460
1461
1464
1464
1467
1465
1467
1146
1378
1150
1390
1154
1770
1867
1393
221
827
456
456
457
278
279
240
241
271
240
265
266
220
219
828
827
830
776
776
774
774
752
751
751
754
453
457
458
55
279
240
239
220
219
220
218
219
832
841
840
842
776
835
775
750
754
453
452
56
60
60
231
230
233
232
839
840
841
840
836
765
766
766
766
767
772
764
764
27
30
447
94
96
96
165
231
166
232
227
227
837
838
816
836
820
933
770
770
769
769
760
763
403
445
30
93
94
96
95
163
166
165
166
157
226
916
916
918
934
934
757
758
757
402
404
23
102
101
103
103
170
159
157
158
158
915
916
915
918
919
931
932
931
921
922
757
397
395
107
108
108
102
108
104
169
160
156
891
891
920
919
919
925
930
926
921
922
974
397
395
394
379
122
122
119
119
178
180
889
886
888
877
877
926
977
396
395
123
121
117
117
172
180
895
896
897
889
877
888
878
926
978
978
1615
382
1602
1602
118
118
171
179
182
181
181
181
895
895
875
1039
1039
1196
1201
1191
1199
1189
1616
1596
1596
1605
1605
1729
1729
1728
1740
1052
1053
1041
1038
1196
1201
1199
1193
1614
1611
1595
1594
1727
1593
1727
1727
1729
1739
1738
1739
1057
1057
1057
1040
1033
1200
1195
1212
1212
1210
1211
1611
1991
1611
1992
1595
1593
1594
1733
1730
1731
1713
1056
1055
1034
1035
1036
1203
1202
1211
1989
1987
1508
1625
1626
1733
1731
1717
1715
1715
1079
1035
1091
1036
1203
1132
1135
1203
1133
1202
1501
1985
1502
1502
1986
1509
1509
1626
1732
1717
1717
1717
1445
1716
1080
1080
1089
1090
1092
1137
1092
1126
1125
1130
1139
1500
1500
1512
1510
1626
1634
1635
1645
1457
1078
1082
1084
1126
1126
1137
1136
1139
1505
1506
1504
1756
1755
1635
1869
1870
1634
1651
1644
1645
1456
1457
1466
1084
1127
1142
1141
1149
1150
1138
1505
1506
1771
1753
1756
1872
1630
1872
1629
1870
1650
1653
1452
1455
1458
1459
1465
1458
1145
1143
1140
1148
1155
1155
1769
1524
1753
1754
1754
1873
1873
1868
1867
1868
1650
1861
1653
1453
1453
1453
1459
1458
1099
1144
1100
1147
1147
1147
1152
1147
1153
1153
1155
1152
1154
828
773
16
45
34
55
54
241
239
239
247
223
225
221
828
830
830
780
777
780
779
780
774
751
751
800
753
56
57
55
54
239
236
246
220
832
224
831
832
833
829
778
780
778
779
771
801
753
800
16
56
56
57
59
60
238
233
233
817
831
832
816
833
813
834
820
819
777
772
764
811
28
30
28
29
59
98
95
100
236
231
227
815
816
820
765
771
770
934
770
763
764
24
24
27
26
30
30
94
99
100
168
168
212
227
916
816
825
910
909
933
936
759
759
760
24
23
108
92
98
106
93
102
97
167
168
170
157
157
135
132
908
930
929
934
923
923
760
975
974
91
91
107
105
106
120
170
178
152
151
135
134
887
887
911
906
907
906
930
924
921
976
974
86
85
122
124
119
119
110
178
151
134
883
887
889
888
881
880
928
927
925
977
979
977
981
86
87
124
118
178
149
180
182
896
896
896
884
879
881
881
881
927
881
978
978
982
982
1616
1615
1623
123
123
111
150
1740
897
889
879
1196
1196
1193
1191
1192
1616
1614
1613
1616
1623
1597
1598
1606
1718
1724
1729
1718
1740
1049
1739
1048
1053
1053
1040
1039
1195
1194
1217
1213
1213
1614
1610
1614
1610
1612
1596
1599
1600
1720
1718
1726
1741
1740
1047
1052
1050
1037
1040
1195
1195
1216
1213
1214
1609
1612
1612
1595
1600
1600
1721
1719
1719
1713
1712
1055
1054
1055
1037
1058
1037
1036
1207
1216
1212
1208
1215
1609
1501
1540
1541
1508
1508
1600
1625
1721
1705
1714
1713
1713
1711
1712
1711
1055
1079
1077
1086
1085
1206
1208
1502
1513
1514
1510
1509
1509
1637
1635
1637
1716
1705
1710
1077
1080
1078
1086
1088
1092
1086
1087
1125
1130
1130
1129
1139
1502
1514
1511
1627
1636
1638
1632
1635
1641
1640
1645
1716
1063
1082
1083
1090
1125
1130
1128
1139
1138
1503
1503
1504
1511
1512
1511
1629
1638
1632
1633
1651
1644
1646
1645
1457
1081
1084
1084
1142
1141
1151
1131
1151
1505
1506
1521
1522
1630
1631
1630
1628
1648
1650
1650
1652
1459
1096
1098
1108
1142
1143
1149
1160
1150
1151
1524
1523
1524
1520
1519
1631
1630
1628
1649
1649
1653
1655
1452
1459
1100
1099
1147
1144
1147
1145
1146
1153
1153
45
45
34
44
35
240
246
249
225
225
827
868
829
829
780
789
797
797
802
16
45
44
55
61
235
234
237
247
223
223
222
833
833
834
848
780
793
796
801
801
17
58
59
59
61
236
236
237
233
232
818
814
813
822
850
793
793
808
800
810
17
29
216
217
212
817
818
826
821
820
849
850
795
795
760
810
810
810
22
26
26
30
26
100
100
217
217
212
818
826
825
821
821
935
936
936
794
923
922
25
25
106
98
99
97
217
168
152
133
138
133
910
911
910
908
935
991
974
92
89
90
79
106
105
110
153
154
152
152
135
135
132
911
912
909
907
908
930
928
923
973
975
91
91
88
88
124
120
110
153
151
134
885
885
928
943
927
952
969
981
976
980
85
86
87
77
124
109
112
111
111
149
141
882
884
881
979
971
983
981
1622
1621
1622
1621
1624
1592
112
111
148
149
1049
883
1053
878
1197
1191
1193
983
1190
982
1624
1623
1623
1619
1597
1725
1745
1734
1734
1049
1049
1051
1051
1224
1197
1191
1217
1610
1618
1619
1599
1600
1598
1724
1719
1735
1735
1737
1047
1046
1051
1059
1040
1223
1216
1217
1215
1215
1610
1612
1617
1600
1576
1720
1721
1737
1736
1711
1060
1061
1058
1058
1037
1013
1207
1207
1215
1214
1540
1541
1508
1721
1704
1709
1711
1077
1058
1061
1086
1207
1209
1209
1209
1540
1539
1507
1561
1637
1637
1705
1633
1705
1077
1082
1062
1088
1088
1085
1088
1184
1129
1129
1128
1503
1514
1513
1514
1511
1638
1632
1641
1642
1706
1064
1082
1064
1087
1184
1131
1129
1186
1186
1526
1503
1521
1627
1521
1680
1638
1632
1641
1647
1647
1647
1074
1096
1095
1063
1107
1065
1107
1156
1160
1159
1185
1525
1526
1522
1519
1520
1681
1519
1629
1682
1680
1648
1648
1653
1655
1646
1096
1095
1098
1108
1108
1108
1105
1106
1162
1161
1161
1160
1170
1170
1524
1525
1529
1519
1686
1686
1685
1648
1654
1655
1096
1098
1097
1098
1103
1106
1103
1106
1162
1161
1170
1655
868
42
42
42
36
37
37
35
245
245
249
248
225
867
868
874
872
854
873
852
851
792
797
803
803
802
36
35
53
53
249
234
249
249
204
223
224
874
873
852
792
789
797
808
803
18
17
44
50
51
52
52
235
235
214
209
874
813
848
822
848
846
793
809
809
811
22
20
17
21
8
50
216
73
215
214
214
214
213
213
818
814
823
821
847
848
850
849
850
794
795
808
809
22
22
21
7
75
217
217
211
212
136
826
826
824
937
937
991
795
991
990
804
985
985
89
7
79
76
76
154
201
210
195
825
136
137
824
912
911
940
938
936
989
990
985
89
83
80
79
79
70
76
155
155
139
139
138
912
912
941
940
942
938
924
968
989
973
90
88
88
78
78
110
114
154
155
155
151
882
139
885
885
966
943
952
943
969
969
969
981
1622
1577
114
113
114
149
144
141
147
142
883
961
880
954
952
952
970
983
1584
1620
1592
115
116
113
116
1744
140
1744
141
1734
142
141
1029
1029
1030
955
1006
954
1224
1224
1224
1244
1243
983
1584
1620
1574
115
1725
1744
1734
1048
1047
1051
1005
1011
1223
1222
1223
1242
1618
1618
1619
1619
1587
1574
1573
1576
1573
1569
1722
1723
1723
1722
1737
1047
1027
1012
1050
1012
1012
1223
1244
1237
1237
1531
1541
1618
1587
1575
1575
1571
1723
1736
1736
1737
1061
1061
1059
1013
1014
1014
1232
1206
1234
1236
1545
1539
1538
1560
1571
1704
1703
1702
1708
1060
1014
1230
1234
1208
1234
1241
1544
1545
1545
1539
1544
1539
1561
1559
1639
1693
1703
1703
1703
1702
1707
1708
1709
1076
1076
1062
1068
1066
1233
1230
1231
1183
1543
1544
1556
1561
1559
1679
1639
1670
1642
1640
1707
1706
1073
1064
1067
1066
1066
1176
1184
1186
1182
1526
1515
1516
1516
1516
1680
1642
1642
1643
1647
1073
1074
1074
1064
1107
1067
1065
1105
1156
1176
1184
1175
1186
1179
1521
1528
1515
1682
1517
1681
1682
1662
1643
1094
1093
1104
1104
1102
1157
1158
1160
1169
1168
1180
1530
1528
1529
1529
1686
1685
1686
1685
1683
1661
1661
1658
1094
1094
1104
1103
1101
1158
1158
1161
1169
1169
1170
1518
37
853
42
43
33
37
245
243
243
242
248
870
869
870
868
872
872
854
851
786
798
799
799
40
43
40
41
47
53
190
243
191
191
249
208
874
874
871
854
854
852
786
789
798
803
18
40
51
51
53
50
193
191
203
203
204
208
860
873
846
855
846
788
806
805
20
10
12
193
215
203
202
209
860
859
846
791
790
791
805
804
22
22
8
7
74
74
73
192
195
210
211
824
823
950
945
986
1
83
9
70
74
69
76
194
137
127
137
951
951
938
988
991
991
984
89
84
83
83
80
70
76
76
75
199
138
139
950
940
939
939
989
984
984
84
82
77
65
199
146
143
147
126
126
966
965
966
941
962
942
943
968
970
992
993
993
993
82
1578
1577
78
114
147
147
142
142
143
965
961
964
955
955
953
959
970
972
1583
1577
1577
115
115
145
1742
1030
1005
1006
955
953
1245
971
1243
1583
1588
1586
1574
1592
1744
1742
1742
1030
1028
1030
1029
1028
1005
1225
1225
1220
1244
1244
1242
1243
1582
1588
1587
1587
1574
1572
1570
1745
1743
1028
1028
1005
1008
1011
1222
1220
1237
1236
1531
1533
1533
1576
1565
1571
1571
1723
1692
1696
1697
1018
1015
1015
1008
1007
1220
1232
1235
1235
1235
1237
1536
1532
1560
1576
1567
1693
1693
1693
1701
1708
1018
1016
1014
1010
1232
1230
1239
1543
1545
1556
1556
1561
1558
1559
1676
1691
1691
1707
1690
1708
1076
1700
1072
1072
1071
1068
1233
1231
1228
1230
1181
1241
1182
1542
1543
1557
1561
1559
1678
1670
1664
1665
1701
1075
1076
1068
1072
1176
1176
1172
1182
1182
1553
1527
1552
1550
1682
1674
1677
1680
1677
1668
1666
1074
1118
1067
1123
1110
1110
1177
1177
1180
1179
1528
1528
1517
1517
1684
1677
1662
1668
1658
1665
1118
1093
1104
1101
1157
1158
1168
1168
1180
1530
1529
1518
1684
1684
1683
1660
1662
1661
1662
1660
1658
1094
1120
1102
1121
1113
1166
1165
1168
1167
1122
243
38
33
870
870
872
864
863
853
787
858
858
786
786
799
799
39
46
32
242
48
188
205
869
865
866
857
858
785
784
806
806
41
41
47
47
48
190
203
209
208
860
859
855
789
791
807
19
19
20
0
13
12
193
192
207
209
861
845
945
790
807
2
10
10
7
11
201
200
195
206
862
861
945
951
944
947
986
987
1
1
9
72
71
72
201
196
197
127
944
946
947
989
986
5
6
4
81
70
72
71
201
199
198
195
127
967
949
951
939
994
994
5
81
68
68
146
125
126
965
963
941
959
993
6
82
67
65
147
147
130
965
962
957
957
970
995
992
1579
1578
1591
1589
1589
1747
1749
144
130
960
1023
961
957
1219
954
1245
972
1583
1583
1585
1591
1570
1569
1749
1748
1024
1027
1004
1004
1004
1002
1249
1248
1248
1535
1535
1570
1747
1743
1743
1024
1023
1003
1002
1008
1220
1247
1246
1537
1535
1532
1586
1533
1565
1566
1572
1565
1695
1696
1697
1017
1020
1008
1010
1221
1247
1239
1537
1536
1533
1565
1566
1567
1692
1691
1696
1696
1018
1022
1016
1009
1232
1009
1229
1240
1241
1555
1556
1554
1567
1691
1701
1700
1018
1016
1072
1010
1111
1228
1229
1240
1241
1552
1551
1676
1670
1687
1664
1701
1075
1070
1069
1109
1228
1171
1181
1553
1552
1557
1674
1678
1667
1673
1668
1666
1666
1075
1124
1110
1178
1177
1171
1171
1180
1547
1677
1674
1659
1668
1665
1119
1119
1124
1124
1114
1113
1177
1178
1165
1173
1547
1546
1517
1684
1660
1657
1120
1119
1122
1113
1113
1165
1163
1164
1164
1660
41
33
244
205
787
783
39
205
858
784
47
46
48
188
856
187
207
860
845
783
807
2
62
193
861
949
945
986
12
206
861
999
987
5
4
71
200
127
963
949
947
994
62
65
68
64
199
129
129
967
958
959
997
1579
6
1590
67
130
962
1580
1589
131
957
1248
995
1580
1564
1564
1747
1024
1004
1001
1002
1585
1562
1563
1563
1564
1694
1695
1025
1007
1218
1536
1020
1020
1021
1022
1010
1221
1218
1246
1554
1689
1689
1017
1227
1239
1555
1688
1688
1698
1022
1111
1229
1551
1554
1675
1698
1070
1109
1226
1172
1552
1550
1672
1669
1664
1118
1115
1112
1171
1173
1547
1669
1657
1124
1114
1166
1546
1663
1123
1163
38
857
858
782
866
10
12
187
791
967
949
947
3
4
196
68
995
145
997
1248
1591
1249
1586
1534
1747
1026
1002
1695
1000
1568
1239
1111
1551
1687
1110
1112
1116
1173
1659
1657
863
782
864
785
0
48
807
866
998
196
14
200
946
66
963
958
959
1589
1749
1025
1247
1562
1568
1227
1226
1543
1689
1022
1676
1699
1174
1675
1117
1124
1671
1664
1118
1115
1165
1164
33
858
188
845
856
785
2
862
197
998
63
948
996
6
64
128
197
961
131
1749
1025
1020
1695
1699
1551
1070
1669
1115
1173
1674
1124
1121
31
188
865
865
783
189
207
14
999
4
63
129
996
956
1579
1579
131
1001
1219
1246
1534
1564
1694
1537
1568
1688
1537
1554
1675
1111
1672
1548
1548
1656
1120
1116
31
189
1317
1317
783
49
49
1291
1495
14
843
843
999
64
66
64
1590
997
1581
1026
1581
1581
1026
1219
1746
1000
1019
1021
812
1699
1227
1238
1070
1549
1549
1672
1115
1174
1671
1656
814
812
1317
844
781
781
1495
1495
14
844
14
1399
894
1399
1315
129
1250
1250
1291
932
1100
435
1291
1318
1549
1318
350
1318
350
