3040
613
1513
1513
1147
1147
571
573
612
749
1160
1153
572
608
755
755
744
745
746
1398
1504
1504
577
603
604
758
1400
1148
1161
1156
1156
582
598
707
1382
1236
1308
1308
479
478
596
704
701
708
1397
1311
1307
1315
479
485
705
1239
1310
1284
1317
490
489
491
485
484
455
454
454
710
1245
1237
1249
1285
1284
491
483
448
463
1421
1420
1257
1256
1250
1287
506
447
449
450
441
463
1424
1424
2108
1913
1919
506
2908
2103
2111
2098
1921
1919
1918
2944
3012
2112
2097
2097
1922
3026
2104
2129
2096
2097
1944
1946
1943
3030
3030
3024
3005
2127
2127
2129
1926
2727
2726
2924
3029
3024
3017
3018
3021
2136
2126
2117
2038
2038
2715
2730
2724
2724
2839
3016
2828
2136
2135
2029
2728
2840
2270
2269
2028
1999
1998
2675
2841
2676
2841
2843
2834
2834
2243
2248
2279
2276
2011
2662
2842
2240
2279
2275
2014
2014
2010
2009
2006
2664
2670
2819
2817
2813
2812
1480
1483
1481
1482
1483
1512
1513
1516
1516
1515
1147
1147
1206
1207
1205
574
571
613
613
615
607
610
607
750
750
749
744
1483
1483
1512
1513
1503
1146
1516
1159
1205
574
573
577
579
612
616
613
755
752
757
751
747
1476
1398
1477
1504
1506
1150
1160
1152
1159
1152
1153
588
589
576
577
583
602
604
759
759
757
747
746
745
1400
1381
1400
1399
1149
1148
1162
1155
1156
590
583
585
597
603
594
601
703
702
708
1381
1382
1397
1396
1400
1397
1236
1309
1308
1314
1314
495
1313
497
597
705
704
702
708
708
1388
1386
1243
1236
1238
1309
1310
1308
1315
494
496
496
479
484
479
478
596
456
701
711
709
711
709
1387
1387
1386
1245
1244
1244
1311
1317
1316
489
488
486
482
481
485
438
438
437
456
464
451
465
1388
1421
1417
1242
1238
1237
1283
1284
1317
490
487
487
488
436
438
450
441
451
467
466
1423
1422
1421
1257
1257
1256
1251
1251
1285
1286
1286
500
500
505
506
509
508
447
448
440
449
468
470
468
465
1424
1424
1257
1250
1912
1287
1914
1920
1920
1919
2907
509
447
446
447
444
441
3003
467
466
3012
2103
2102
2112
2112
2100
2091
2099
2098
1911
1916
1912
1915
1921
1919
2908
2905
2908
2908
2907
2944
3000
3000
2935
3000
3003
3015
3012
2103
2105
2112
2110
2099
2100
1911
1914
1943
1943
1943
2899
2898
2897
2925
2923
2923
3030
2936
3014
3015
3013
3015
2106
2103
2127
2096
2097
1926
1925
1946
1945
2898
2926
2926
2925
2923
3027
3027
3026
3027
3014
3005
2127
2130
2115
2115
1928
1927
1946
1946
1942
1942
2715
2924
2922
3030
3033
3024
3016
3018
3020
2134
2134
2133
2123
2124
2124
2118
2118
2029
2026
2038
2041
2727
2730
2721
2722
3032
3017
2136
2136
2132
2123
2117
2026
2029
2038
2040
2039
2040
2729
2730
2730
2723
2724
2724
2838
2840
2838
2837
2828
2837
2246
2248
2249
2273
2270
2270
2028
2037
2032
2032
1998
2039
2041
2728
2661
2661
2674
2676
2842
2836
2837
2242
2239
2271
2272
2272
2269
2014
2008
2009
1999
1997
2663
2663
2669
2674
2818
2843
2818
2816
2834
2833
2243
2243
2278
2279
2277
2275
2276
2274
2014
2010
2011
1996
2662
2664
2669
2819
2812
2813
2810
2810
2809
2810
2240
1515
607
1479
1479
1510
1509
1516
1519
1143
1144
1207
1209
1206
1195
580
571
614
616
606
750
753
753
744
744
1481
1474
1476
1482
1507
1505
1507
1149
1519
1146
1142
1144
1140
1158
1210
572
580
578
616
615
610
609
752
751
738
737
1474
1473
1506
1499
1505
1150
1162
1162
1159
590
592
592
591
589
582
583
577
600
610
601
741
736
740
1379
1379
1378
1477
1379
1504
1273
1161
1156
591
586
586
602
600
677
758
678
697
739
739
1380
1380
1397
1391
1391
1390
1274
1319
1320
1318
1314
1314
495
497
476
598
595
594
703
702
698
707
1385
1394
1243
1275
1320
1318
1322
1317
1329
494
485
435
438
456
710
696
1385
1385
1242
1275
1284
1291
493
486
481
436
435
434
428
455
452
1415
1415
1418
1416
1241
1242
1242
1249
1247
1239
1290
499
502
518
483
435
521
429
431
462
442
453
458
464
474
1422
1420
1408
1254
1248
1246
1248
1246
1290
1293
1293
500
501
500
506
509
517
519
427
443
441
471
472
1411
2108
1254
1991
1913
1292
1907
1904
509
508
2905
519
443
3002
470
2997
2153
2152
2111
2091
1986
1986
1915
1907
1904
1903
2904
2905
2944
2941
2943
2935
2934
3000
3003
3003
3015
2106
2105
2154
2109
2094
2094
1925
1916
1922
1902
2902
2905
2941
2944
2938
2937
2999
3009
3007
3012
2104
2151
2151
2128
2130
2109
2115
2092
2092
1931
1927
1940
2901
2899
2923
2931
2936
3033
3038
3039
3006
3008
2156
2130
2124
2115
1934
1944
1939
1939
2897
2932
2726
2932
3033
3037
3019
3020
2132
2121
2120
1931
1928
2025
1934
1940
2035
2718
2720
2719
3032
3037
3024
2846
3021
2133
2245
2189
2133
2124
2121
2029
2026
2026
2035
2031
2034
2715
2714
2712
2708
2720
2672
2719
2839
2846
2828
2828
2245
2246
2249
2252
2273
2264
2264
2018
2022
2032
2032
1997
2711
2673
2673
2675
2849
2849
2837
2835
2835
2236
2239
2266
2017
2013
2007
1996
2702
2702
2661
2673
2666
2681
2823
2823
2811
2834
2243
2242
2237
2235
2240
2232
2271
2277
2279
2274
2267
2017
2017
2008
2006
1996
2703
2703
2670
2666
2667
2668
2817
2667
2816
2815
2805
2806
2810
2668
2816
2816
1510
1509
607
1480
1486
1487
1489
1510
1518
1517
1519
1231
1143
1231
1204
1197
1195
1194
627
579
614
638
719
723
722
719
714
721
714
738
1493
1489
1519
1498
1166
1142
1141
1204
1210
1209
1201
1195
650
578
631
720
721
737
1474
1492
1477
1492
1498
1501
1497
1164
1141
1159
1200
592
588
649
584
661
610
631
756
676
756
720
740
738
1474
1491
1358
1500
1369
1499
1163
1165
1162
1185
1185
592
585
664
661
595
630
601
680
681
741
699
1379
1391
1391
1273
1319
1326
1329
1184
551
584
558
595
687
678
687
699
696
1384
1394
1393
1272
1274
1323
1326
1328
494
555
476
559
562
560
435
417
461
687
697
698
696
1385
1414
1418
1394
1394
1416
1271
1272
1323
1322
1327
1329
494
482
560
559
453
461
389
452
1403
1415
1415
1417
1265
1266
1289
1290
1293
503
1296
503
518
517
520
429
431
462
462
459
473
474
1405
1408
1409
1253
1254
1268
1247
1290
1303
1293
1299
502
501
518
520
428
442
458
471
474
1412
1405
1412
1254
1411
1991
1990
1906
1907
1901
1901
515
513
514
511
2942
2861
444
2994
2995
2997
2996
2154
2153
2109
2093
1987
1907
1910
1909
1904
1904
2917
2919
2940
2944
2935
2935
2994
2994
2997
2995
3011
2152
2151
2150
2094
1988
1924
1935
1902
2900
2916
2900
2920
2941
2863
2937
2938
3036
2994
2993
3008
3006
2157
2158
2094
1985
1924
1932
1932
1936
2901
1937
2912
2913
2902
2928
2928
2930
3036
3039
3009
3007
3006
2157
2116
2178
2120
2114
1930
1933
1934
1937
2718
2929
2931
3033
3036
3038
3023
3019
2156
2189
2176
2157
2122
2042
1931
1934
2035
1970
2715
1967
2717
2717
2721
2753
2742
3035
2845
2831
2829
2188
2189
2249
2251
2251
2252
2121
2019
2021
2023
2023
2035
1967
2710
2718
2739
2846
2848
2830
2249
2255
2250
2263
2264
2264
2019
2000
2711
2706
2710
2708
2679
2678
2672
2824
2849
2827
2237
2253
2234
2250
2267
2020
2018
2022
2003
2001
2706
2705
2697
2680
2681
2682
2825
2825
2807
2802
2235
2236
2234
2260
2266
2017
2016
2016
2007
2004
2704
2703
2706
2667
2667
2682
2822
2822
2821
2822
2805
2807
2803
2804
2267
2806
1486
1485
1488
1489
1458
1518
1456
1231
1231
1203
1203
1198
1198
1197
1198
628
628
624
640
640
621
722
714
723
713
1486
1486
1498
1498
1457
1468
1140
1232
1204
1204
1201
1201
1187
1195
652
652
624
625
631
631
720
716
717
1495
1494
1492
1468
1467
1165
1168
1167
1186
1200
649
648
651
660
652
652
633
632
720
679
732
715
715
1357
1364
1492
1500
1501
1164
1171
1186
649
664
661
662
634
676
681
680
693
1357
1356
1363
1370
1370
1370
1279
1163
1171
1170
1186
1178
1175
663
664
661
563
563
634
417
686
677
683
684
692
690
1356
1355
1358
1355
1367
1367
1271
1281
1326
1326
1329
1179
557
551
557
558
562
416
417
424
687
684
390
695
696
1402
1354
1366
1272
1278
1277
1266
1300
1302
556
553
557
555
569
568
568
405
417
390
425
389
387
1402
1409
1267
1266
1265
1305
1301
554
521
404
405
390
387
474
1405
1406
1409
1262
1269
1268
1304
1305
1296
1297
542
514
515
512
510
404
408
432
459
473
472
1410
1404
1410
1267
1989
1991
1304
1298
1298
1299
545
513
512
510
511
2864
2866
407
2964
408
407
393
2959
2140
2146
2145
2147
1991
1994
1994
1910
1910
1909
2917
2917
2918
2918
2941
2862
2865
2862
2965
2964
2997
2957
2158
2142
2145
2182
1988
1985
1987
1979
1935
1910
2914
2920
2919
2863
2963
2964
2965
2952
2958
2956
2958
2160
2151
2144
2177
2175
2184
2181
1984
1985
1985
1974
1936
2911
2911
2912
2929
2854
2951
2955
2952
2947
2948
2949
2186
2177
2160
2175
2174
1931
1952
1952
1952
1970
1966
1963
2914
2744
2752
2930
3036
3036
2955
2954
2955
2949
2948
2189
2176
2174
1969
1970
1967
2718
2748
2754
2752
2754
2739
2742
2741
2759
2946
2829
2776
2193
2193
2228
2254
2254
2042
2044
2021
1970
1968
1967
1963
2709
2709
2751
2750
2753
2738
2739
2846
2831
2777
2777
2195
2253
2227
2255
2258
2047
2045
2064
2002
2002
2712
2697
2696
2679
2679
2825
2849
2774
2775
2830
2777
2204
2233
2261
2258
2257
2088
2020
2086
2000
2005
2001
2706
2697
2697
2682
2682
2824
2802
2774
2804
2204
2234
2234
2261
2260
2256
2089
2086
2003
2071
2005
2004
2704
2700
2692
2680
2822
2798
2794
2803
2259
1459
717
1428
1489
1459
1458
1456
1455
1451
1234
1228
1228
1226
1233
1222
1189
1198
1189
1188
627
625
622
729
725
724
729
735
733
714
1493
1428
1433
1457
1456
1456
1230
1232
1227
1191
650
642
643
625
625
639
640
729
731
734
716
1439
1444
1444
1471
1468
1468
1166
1167
1174
1233
1234
1192
649
643
656
639
632
728
672
666
691
1494
1364
1495
1363
1470
1370
1471
1470
1471
1168
1171
1171
1186
1182
1183
1192
646
657
633
655
673
675
666
679
1361
1360
1364
1370
1374
1376
1281
1180
1180
551
664
658
561
656
668
675
668
692
690
1355
1367
1375
1279
1280
1281
1179
1177
1176
550
557
551
561
566
420
419
422
684
669
683
1355
1336
1340
1371
1300
1301
1302
554
554
554
569
565
420
419
426
426
425
390
386
387
689
1403
1340
1367
1261
1278
1269
1277
1305
1295
1296
553
533
542
526
526
414
414
384
384
387
393
396
394
1406
1346
1338
1263
1263
1305
1297
542
523
527
405
527
525
413
408
381
392
393
1406
2148
1262
1259
1993
817
1994
1296
544
542
524
2869
522
2868
2865
2866
393
2961
2139
2146
2148
2147
1993
1979
1978
1982
1980
545
2917
2869
2869
2868
2864
2861
2857
2964
2967
2966
2956
2960
2140
2141
2145
2145
2183
2182
2183
1992
1975
1994
1979
1981
1981
2916
2910
2911
2869
2854
2857
2966
2957
2961
2142
2159
2160
2181
1976
1976
1951
1955
2913
2911
2929
2854
2854
2951
2954
2952
2972
2973
2971
2947
2160
2175
2181
1973
1949
1949
1952
1962
1955
2745
2745
2745
2853
2981
2955
2946
2970
2186
2192
2166
2178
2166
2043
1973
2043
1969
1948
1964
1962
1964
2750
2742
2742
2758
2757
2989
2946
2192
2191
2195
2228
2226
2230
2169
2050
2044
2046
2046
2045
2062
1961
2747
2748
2751
2736
2739
2759
2758
2776
2777
2194
2203
2195
2228
2231
2229
2050
2047
2065
2061
2061
2709
2687
2691
2685
2734
2768
2768
2774
2773
2204
2207
2224
2220
2258
2087
2086
2065
2065
2064
2070
2073
2074
2685
2691
2799
2801
2797
2792
2774
2204
2225
2225
2206
2225
2224
2259
2211
2258
2089
2088
2071
2070
2071
2074
2700
2684
2699
2700
2694
2693
2799
2800
2798
2795
2795
2794
2692
1429
1429
1433
1459
1459
1450
1449
1451
1452
1228
1228
1226
1221
1189
618
617
619
620
621
726
726
735
724
735
734
733
32
1440
1439
1435
1460
1462
1453
1224
1225
1223
1225
1223
1211
1189
641
620
640
637
637
725
735
34
33
1441
1444
1444
1445
1462
1461
1462
1174
1212
1211
1190
1191
646
641
642
636
636
672
731
732
691
33
1361
1443
1443
1464
1463
1465
1173
1174
1213
1192
1183
645
646
658
657
655
654
671
672
672
666
693
12
1361
1362
1361
1372
1375
1376
1465
875
1174
790
791
1178
1176
1182
1175
547
566
655
655
674
675
669
15
16
690
1334
1362
1337
1373
1374
871
876
785
789
786
1177
548
548
566
547
420
420
421
675
669
669
690
13
1339
1340
1340
1371
1278
1281
809
809
788
787
533
546
565
566
423
423
424
383
401
395
1343
1345
1343
1342
1338
888
878
809
807
788
536
536
532
530
529
414
414
384
384
395
396
1346
1346
1261
880
814
816
818
822
818
808
535
545
536
522
527
412
410
411
381
399
1345
2139
1260
1260
1259
1590
815
1579
815
818
817
544
545
543
543
538
524
523
2871
2856
411
2886
394
2138
1664
1666
1667
2184
1581
1979
820
1982
2569
2565
539
2565
2872
2856
2960
2961
2139
2139
1688
1688
1696
2180
1580
1580
1980
1598
2568
2567
2568
2872
2871
2858
2857
2860
2860
2880
2983
2967
2973
2976
2971
1687
1697
2180
1975
1972
1974
1954
2569
2574
2575
2853
2853
2858
2985
2972
2970
2141
1691
2165
1695
2163
2181
1973
1949
1956
1955
1957
1955
2573
2744
2851
2985
2988
2969
2192
2186
2162
2162
2052
1958
1960
2748
2748
2749
2733
2733
2982
2981
2990
2991
2191
2192
2228
2166
2172
2169
2171
2051
2053
2060
2062
2056
1961
1961
2747
2749
2731
2735
2736
2757
2759
2762
2767
2770
2198
2195
2197
2231
2231
2230
2169
2049
2050
2050
2065
2056
2058
2686
2686
2685
2765
2765
2763
2768
2771
2768
2756
2207
2207
2220
2229
2210
2087
2068
2068
2057
2059
2074
2688
2688
2691
2690
2764
2801
2797
2792
2792
2771
2792
2207
2206
2211
2213
2212
2212
2086
2082
2083
2067
2068
2077
2700
2687
2684
2693
2694
2801
2800
2798
2791
2793
2085
1450
1220
1429
1434
1435
1449
1076
1453
1071
1224
1222
1220
1219
1216
619
618
617
622
39
39
37
26
27
25
25
1429
1435
1432
1435
1431
1450
1462
1452
1070
1213
1219
1216
189
145
637
152
44
42
28
37
31
34
32
1441
1440
1438
1446
1431
1081
1212
798
803
802
187
153
153
151
637
146
46
46
42
30
30
3
1438
1447
1447
1446
1464
1445
1463
794
797
805
150
153
150
45
46
7
1331
1331
1373
877
875
877
791
793
789
804
804
230
149
225
236
235
674
16
15
13
13
1333
1334
1334
1337
1372
874
876
790
784
785
784
792
778
787
228
225
232
233
236
422
328
19
16
1336
1334
886
889
871
870
785
788
778
222
221
233
421
329
384
402
1343
1343
1351
1352
889
888
880
812
809
821
536
533
533
224
208
412
399
402
399
398
401
400
1348
1346
1352
1352
879
815
818
823
824
537
530
530
209
209
410
399
398
400
1665
1664
1662
1260
1673
1590
1589
814
1583
824
822
823
821
539
537
530
2604
212
2875
2875
2876
2890
2890
2887
2887
1663
1665
1667
1664
1671
1666
1590
1590
1579
1582
1584
1599
1599
2566
538
2566
2608
2603
2605
2880
2879
2890
2884
2889
2976
2889
1686
1664
1697
1589
1584
1582
1599
2608
2606
2611
2875
2859
2884
2976
1688
1688
1690
1690
1697
1577
1581
1568
1598
1600
1766
2567
2573
2609
2610
2611
2860
2881
2860
2985
2881
2984
2978
2977
1707
1707
1708
1697
1695
2163
1973
1569
1569
1956
2575
2574
2501
2852
2851
2507
2985
2979
2970
2970
1705
1709
2166
2163
2172
1824
2053
1824
1949
1764
1765
1958
1957
2477
2477
2501
2509
2732
2982
2989
2991
2990
1706
2168
2169
2172
2171
2172
1761
2051
2052
2055
2056
2056
1960
2480
2476
2509
2733
2510
2735
2765
2756
2769
2196
2196
2209
2081
2081
2057
2059
2058
2525
2479
2733
2734
2765
2762
2761
2762
2770
2197
2198
2219
2199
2219
2083
1762
2077
2073
2525
2526
2537
2320
2779
2778
2782
2785
2200
2201
2217
2217
2215
2210
2213
2080
2079
2068
2076
2077
2528
2527
2528
2528
2691
2538
2320
2780
2780
2783
2783
2786
2201
2078
2793
1215
180
1426
1426
1434
1074
1075
1076
1072
1073
1073
1221
1218
1129
1219
180
179
180
156
163
36
37
24
26
28
25
1437
1426
1432
1004
1075
1071
1070
1069
1219
1128
1216
1130
189
188
189
188
155
147
39
27
25
1438
1438
1007
1085
1084
800
800
799
803
170
171
189
153
145
159
43
45
46
43
7
4
31
1011
1019
1020
1018
1083
1081
796
797
798
800
806
806
150
150
175
153
147
324
8
10
10
7
7
4
1331
1020
1016
874
874
873
873
793
792
794
796
779
805
229
228
235
323
325
16
12
22
951
1333
953
869
874
871
868
773
773
779
781
779
230
227
226
236
233
328
325
328
327
18
19
1349
1350
886
885
864
871
868
867
776
775
780
224
223
226
194
232
331
194
330
328
19
22
1350
1349
1352
886
889
889
880
894
812
782
223
221
221
208
200
330
361
1348
1351
901
883
883
880
812
827
829
218
213
215
209
212
211
199
359
364
1684
1672
1673
1586
882
881
811
824
824
820
829
830
830
214
212
2605
2602
2877
2876
2888
2878
2886
1685
1670
1669
1587
1583
1595
1594
1593
2587
2608
2608
2604
2602
2883
2882
2890
2893
1677
1670
1694
1575
1571
1575
1596
1600
1593
2584
2584
2585
2586
2590
2611
2603
2881
2884
2448
2882
2892
2975
2976
1679
1694
1702
1696
1694
1578
1578
1572
1568
1602
2584
2572
2590
2610
2611
2512
2984
2979
2978
1700
1691
1577
1823
1824
1569
1601
1767
1768
2572
2572
2507
2506
2513
2286
2463
2988
2462
2977
2463
1700
1709
1706
1705
1708
1808
1823
1827
1765
1765
1768
1764
2477
2477
2500
2501
2510
2510
2507
2982
2513
2281
2287
2300
2300
1706
1706
1866
1807
1824
1759
1818
1777
2480
2480
2480
2496
2281
2282
2762
2295
2769
1863
1860
1864
2218
1813
1818
1761
1762
1762
1759
1777
1777
2479
2519
2537
2536
2281
2325
2319
2284
2782
2296
1863
1863
2199
2219
2219
2209
1813
2082
1814
1762
1783
1787
1790
2527
2525
2525
2539
2518
2320
2324
2319
2779
2786
2785
2200
1855
2216
2216
2216
2215
2079
1784
2080
2078
1784
2077
1788
2075
1790
2075
2528
2527
2540
2540
2538
2316
2320
2317
2778
2317
2788
2789
2786
2789
2786
181
35
1013
1014
1005
1074
1005
1079
1070
1072
1132
1131
1133
1130
183
180
156
165
164
165
163
162
37
49
55
55
54
1008
1008
1008
1085
1090
1070
1133
1129
168
1137
182
182
186
159
156
164
158
40
43
51
31
50
1014
1006
1008
1007
1089
1085
1084
1128
799
171
168
168
171
167
143
185
146
159
161
9
4
50
1011
1017
1010
1018
1001
862
862
1089
1087
800
802
171
177
144
159
10
8
323
10
4
3
1011
951
1017
960
1019
1016
861
856
858
763
772
767
170
229
176
251
257
257
324
321
6
1
21
951
954
865
954
865
865
862
868
859
774
773
773
770
779
769
222
191
194
191
322
313
312
21
372
22
953
954
898
864
893
868
774
775
776
782
780
224
224
245
260
227
192
194
329
309
313
360
360
965
966
886
897
895
895
894
846
847
826
217
221
206
204
200
198
200
193
331
361
359
363
364
962
963
901
883
848
848
828
827
829
214
218
203
203
197
199
200
197
196
357
358
364
364
1685
1685
1670
900
883
945
829
826
215
213
212
2878
2877
2890
2451
2893
1685
1684
1674
1682
1670
1669
1587
1586
1614
1596
1594
1595
1592
2587
2587
2598
2596
2596
2601
2602
2388
2884
2454
2457
2893
1676
1675
1678
1674
1678
1694
1574
1575
1571
1612
1593
1593
2586
2587
2599
2599
2593
2602
2447
2448
2454
2457
2455
1677
1679
1701
1550
1551
1575
1610
1601
1602
2577
2581
2571
2590
2591
2511
2592
2511
2388
2467
2453
2462
2463
2456
1699
1703
1700
1703
1701
1551
1551
1826
1720
1717
1766
2578
2578
2577
2572
2579
2580
2501
2504
2516
2512
2469
2459
1700
1702
1865
1809
1809
1825
1820
1821
1826
1767
1717
2578
2502
2504
2503
2494
2514
2507
2515
2287
2286
2301
2302
2302
2293
1874
1872
1865
1808
1819
1821
1759
1817
1771
1771
1777
1776
2472
2503
2498
2510
2288
2282
2294
2293
2293
1859
1860
1867
1864
1866
1807
1815
1818
1818
1759
1770
1771
1774
1778
1779
2472
2537
2530
2326
2283
2283
2296
2295
1859
1860
1869
1869
1812
1815
1812
1848
1785
1783
1782
1789
2519
2518
2521
2537
2326
2324
2284
2308
2789
2311
1857
1857
1857
1856
1811
1812
1848
1847
1786
1786
1783
1789
1791
2519
2520
2539
2316
2322
2323
2323
2317
2789
2788
1044
1043
1041
1044
1040
1079
1125
1131
1139
1138
183
181
186
156
162
162
49
55
55
1014
1043
1006
1004
1091
1090
1125
1127
1126
1132
1137
1138
168
185
186
111
162
48
52
56
58
1014
1002
1000
1000
1091
1088
1103
1103
1102
1094
174
174
173
144
116
111
75
74
57
67
1011
1002
762
1103
767
176
175
174
143
144
117
117
71
76
1
72
1
67
956
960
960
1017
958
856
856
764
762
766
177
250
251
256
253
320
322
320
73
312
18
959
960
865
862
859
859
859
764
761
767
770
245
258
260
257
257
321
316
22
954
970
971
898
892
891
890
859
917
761
769
781
244
245
258
259
260
205
205
194
310
313
373
372
966
967
962
963
897
893
890
847
846
248
205
205
197
190
309
350
371
363
358
370
965
966
901
898
901
943
949
948
946
853
854
206
203
197
357
358
366
367
1682
1681
1682
1631
1628
1521
946
945
845
852
2617
217
2595
202
2394
2450
2449
365
2450
365
1682
1635
1637
1637
1548
1613
1608
1605
2632
2615
2617
2596
2596
2390
2447
2451
2449
1675
1636
1637
1554
1548
1547
1614
1612
1606
1605
2633
2619
2598
2597
2592
2389
2388
2448
2454
2457
2457
1676
1632
1552
1551
1545
1611
1611
2633
2584
2580
2581
2589
2593
2591
2515
2387
2388
2468
2454
2455
1657
1658
1550
1572
1732
2576
2579
2504
2590
2658
2495
2468
2460
2469
2460
1659
1652
1825
1806
1827
1819
1718
1717
1717
2504
2495
2495
2494
2514
2516
2290
2285
2299
2301
2299
1875
1871
1872
1871
1806
1820
1720
1771
1772
1776
2474
2498
2497
2289
2289
2298
2299
2298
2293
1875
1874
1872
1806
1868
1842
1842
1758
1773
1773
1780
1780
2474
1780
2558
2474
2529
2498
2531
2290
2308
2294
2292
1856
1854
1869
1869
1893
1845
1812
1814
1845
1841
1851
1783
1787
1797
1778
1792
2556
2522
2531
2534
2530
2534
2325
2321
2305
2308
2312
2311
2310
1857
1854
1853
1893
1848
1848
1851
1785
1788
1792
2522
2521
1791
2520
2532
2529
2322
2321
2305
2314
2313
1797
141
1042
1041
1044
1041
1038
1036
1052
1051
1123
1119
1118
1136
140
141
138
138
100
138
101
102
92
49
58
57
58
1034
1040
1091
1054
1126
1124
1124
1127
1092
1136
1139
141
126
109
110
94
49
52
58
1028
1029
1035
1091
1001
1033
1055
1088
1124
1093
1093
125
126
113
129
115
111
76
51
68
67
957
1029
1014
999
999
1063
1087
1064
1100
1103
1097
1094
1095
1096
174
129
128
129
114
115
117
117
116
75
71
74
69
957
956
958
994
919
922
1096
770
767
239
239
250
254
305
305
291
73
315
319
72
319
318
972
995
891
916
918
917
918
763
770
251
245
241
254
252
253
263
307
310
316
316
319
968
969
967
892
930
931
915
761
835
246
247
246
260
262
266
265
266
292
310
340
373
370
972
969
966
943
930
941
949
905
844
851
844
247
248
272
272
272
265
351
352
340
373
370
370
1631
1628
948
942
947
845
850
854
851
854
270
268
203
354
350
352
341
367
1631
1627
1522
943
946
940
947
1604
852
1605
853
2632
854
850
2617
2616
2614
353
2378
355
2393
2394
2394
2445
2441
366
1630
1628
1548
939
1613
1605
2632
2617
2614
2617
2378
2391
2394
2397
2395
2442
1632
1633
1637
1634
1554
1544
1548
1545
1544
1542
1614
1607
1609
1611
2635
2632
2635
2391
2597
2379
2389
2395
2427
2426
2423
1649
1658
1634
1553
1554
1554
1545
1610
1606
2634
2635
2619
2659
2657
2379
2379
2419
2403
2467
2427
2424
1649
1658
1652
1553
1725
1720
1726
1730
2634
2656
2400
2465
2466
2459
2422
2429
1658
1660
1661
1657
1659
1655
1651
1735
1719
1719
1720
1716
1714
1732
1731
1732
2492
2485
2486
2484
2471
2399
2399
2466
2466
2349
1661
1660
1652
1839
1839
1738
1711
1711
1714
1713
1732
2492
2491
2471
2473
2498
2359
2360
2299
2350
2350
1875
1875
1883
1889
1884
1842
1772
1713
1774
1779
2552
2490
2557
2474
2564
2555
2562
2359
2306
2358
2288
2362
2347
2348
1893
1854
1891
1844
1890
1845
1842
1803
1798
2556
2558
2563
2564
2564
2304
2307
2308
2311
2313
2346
1854
1896
1892
1893
1845
1850
1851
1851
1802
1804
1798
1798
1798
2561
2561
2534
2356
2305
2353
2305
2314
2312
2311
1888
1037
105
1037
1033
1052
1038
1052
1121
1118
1120
1117
1135
140
139
141
138
135
102
101
93
60
61
61
1028
1035
1022
1034
1053
1051
1061
1124
1124
1121
1119
1136
132
125
133
100
107
111
92
82
63
64
1031
1029
998
999
1055
1063
1061
1115
1100
1092
1115
1106
120
126
113
108
108
108
70
70
1032
999
1065
1064
1099
1100
1100
1095
121
129
114
79
79
82
69
67
988
989
996
996
920
923
921
921
912
1097
239
239
254
306
307
319
989
993
993
995
916
924
920
912
242
240
242
306
307
292
291
316
315
318
972
975
981
992
929
930
916
915
919
905
836
240
263
266
298
292
378
379
379
972
968
930
935
906
836
835
834
282
282
271
284
269
263
269
349
339
340
341
376
376
379
378
972
1616
1618
943
941
834
832
842
842
842
284
281
272
355
351
355
340
375
369
1623
1631
1628
939
940
831
2626
2613
2378
353
354
343
2444
342
2442
1625
1635
1530
1521
1522
1533
1532
2626
2625
2629
2614
2614
2620
2385
2396
2393
2396
2444
2443
2445
2441
1624
1624
1633
1562
1563
1539
1542
1608
2627
2627
2620
2620
2418
2390
2397
2425
2422
2424
1649
1646
1645
1563
1564
1563
1539
1607
1726
1726
2635
2656
2659
2657
2416
2417
2421
2402
2427
2426
2425
2423
1649
1645
1563
1558
1733
1726
1722
1723
1729
2655
2656
2658
2484
2401
2403
2465
2431
1640
1639
1652
1654
1837
1734
1734
1737
1723
1729
1730
1728
2492
2492
2641
2483
2486
2483
2374
2400
2408
2408
2466
2350
2430
2349
1877
1653
1884
1839
1733
1711
1714
1714
2489
2489
2488
2485
2554
2482
2361
2361
2342
2341
2350
1885
1899
1887
1886
1834
1835
1836
1834
1754
1754
1745
2555
2552
2555
2563
2374
2359
2341
2341
2347
2348
1896
1899
1889
1899
1830
1836
1756
1755
1794
1795
2541
2557
2564
2359
2354
2353
2335
2338
2337
1895
1896
1893
1849
1850
1830
1801
1802
1804
1803
1801
1794
2541
2542
2355
2364
2355
2356
2335
2335
2336
2560
1120
1022
1036
132
139
133
132
134
104
91
105
91
89
93
61
60
1023
1053
1052
1045
1060
1112
1114
1136
132
118
103
103
94
88
64
64
1025
1026
1054
1066
1061
1061
1115
1106
1109
119
119
107
79
82
63
1030
1030
1032
1031
1067
1064
1058
1115
1108
1108
123
97
304
82
68
990
989
996
996
1067
922
913
1106
1106
238
122
303
302
295
294
293
289
975
989
993
986
925
925
904
913
909
277
298
295
298
295
288
978
978
981
984
931
925
924
907
904
903
910
241
277
278
301
298
337
379
978
983
935
907
934
841
283
281
269
262
349
376
977
982
934
932
833
833
842
284
268
348
349
342
334
376
1616
1619
1523
1523
1524
1531
1533
832
284
280
2377
281
345
2385
349
2444
334
1623
1625
1618
1530
1541
1542
1532
2626
2626
2623
2382
2384
2385
2385
2444
2435
2438
1648
1622
1537
1536
1536
2628
2628
2623
2382
2415
2421
2412
2436
2439
1643
1647
1646
1564
1646
1566
1563
1556
1557
2644
2643
2642
2656
2647
2417
2421
2421
2436
2433
1640
1643
1654
1558
1557
1736
1722
1726
2641
2640
2650
2649
2653
2416
2402
2405
2431
2430
2432
1653
1655
1560
1735
1729
2489
2641
2639
2650
2483
2401
2372
2409
2407
2430
2429
1887
1886
1839
1753
1741
1746
2489
2489
2483
2554
2374
2360
2342
2344
1878
1878
1883
1833
1738
1756
1753
1756
1747
2552
2547
2547
2371
2362
2340
2341
2343
2346
1899
1835
1830
1755
1756
1747
2543
2546
2544
2561
2368
2354
2328
2328
2335
2337
1896
1897
1890
1830
1801
1794
2543
2542
2561
2368
2365
2353
2334
2334
2336
1801
1025
1046
1045
1118
88
84
1023
1118
104
86
1026
1049
1058
1111
96
1115
1107
123
97
81
66
990
993
1064
123
303
304
289
1067
1105
276
288
289
975
983
925
904
275
264
301
297
377
984
935
934
934
904
839
274
277
299
336
336
1617
982
1524
933
839
346
1619
1524
838
345
2437
334
1622
1530
1529
1535
2623
2382
2384
2382
1621
1565
1557
1539
1542
1536
2643
2622
2420
2415
1647
2653
2647
2653
2653
2418
2411
2412
2439
1559
1740
1729
2638
2409
2432
1642
1744
1741
2641
2650
2372
2409
1887
1838
1737
2639
2548
2373
2409
2343
1877
1878
1833
1753
2551
2549
2367
2370
2329
2344
1880
1753
1748
2545
2368
2353
1898
1749
2365
2330
1023
96
90
87
120
987
1066
1058
79
277
300
301
975
981
911
906
333
831
334
2437
1530
2436
1565
1622
1535
2622
2415
2642
2414
1559
2433
2405
1639
1741
2374
2370
2368
2329
1750
1800
134
88
135
91
1024
1057
64
118
287
911
987
913
294
980
278
346
343
1524
1535
2629
2435
1566
1556
2411
2406
1640
1740
2652
1736
2637
2332
1744
2549
2548
1833
1746
2545
2371
2352
2338
1047
91
1111
96
78
86
1024
123
909
287
986
301
335
978
937
840
910
281
839
1531
2647
2646
2644
2638
1885
2649
1750
2369
2332
1829
2544
2364
1046
1112
1107
131
88
1058
1109
1067
286
974
927
275
337
346
1616
1617
839
2381
2413
2438
1622
1529
2645
1643
1743
1744
1643
1560
1744
2406
1833
1881
1881
1748
2546
2366
1047
1112
2894
2894
84
1049
1049
1080
2896
927
99
99
286
937
980
937
1527
335
1527
2376
1526
1526
2376
2413
1534
2415
2647
2652
1077
2637
2406
2331
2363
1880
1879
1832
2369
2332
1833
1749
1082
1078
2891
98
85
85
2896
2896
928
98
928
2222
1570
2222
1324
274
1861
1585
1082
380
1862
1576
432
2986
1879
2986
430
1576
409
