4096
689
1849
970
1041
1023
977
1842
1871
1857
1907
1906
688
651
649
525
520
1851
1883
688
635
626
1847
1887
1879
1905
691
701
681
643
634
519
519
1848
1875
1891
1893
685
685
589
625
1803
1873
1889
687
738
590
586
591
1821
1803
2007
750
751
738
585
604
1954
1939
1923
2015
2005
763
741
607
1969
1971
1971
1941
2014
2043
762
761
743
815
594
602
603
1971
1941
1933
1935
2047
755
801
1139
1975
2046
2047
2017
754
803
823
1127
1138
1140
1108
1199
876
883
895
863
1137
1107
1197
1195
877
880
835
862
1121
1146
1091
1109
1188
1187
941
940
949
948
855
1120
1129
1163
1159
1191
1185
975
971
1054
1047
1079
1154
943
953
952
972
1043
1043
1045
1077
1153
1266
1271
957
973
1029
1074
1064
1236
1263
1259
1021
1029
1057
1221
1065
1239
1011
998
987
991
1030
1067
1223
1235
1235
1261
986
990
1871
1869
692
651
651
523
521
1848
1885
1909
693
641
1846
1887
1877
701
701
681
643
634
626
1823
1823
1880
1890
1889
2003
625
614
1802
2011
2009
749
739
589
1955
1922
2013
2004
751
737
577
605
1953
1923
2007
762
740
740
579
1943
1921
2042
1943
1940
2041
2045
2042
2017
754
755
805
821
1972
1935
2046
879
874
802
804
823
603
1143
1106
1198
876
832
601
1120
1124
1147
1197
1198
1194
881
833
853
1123
1188
1189
1187
881
850
1055
1129
1089
1162
943
1185
955
948
951
1040
1165
1155
1157
1022
951
971
1046
1076
1153
1225
1269
1021
963
973
1035
1077
1227
1267
1023
997
979
1059
1261
1258
1065
1220
1219
1237
1255
1011
999
990
1843
1855
1857
1906
1914
655
527
520
1852
1868
1908
689
641
523
1849
1853
1887
1881
1877
1908
627
627
1801
1806
1890
679
644
631
628
1817
1823
1802
1873
2010
677
679
645
615
613
1955
1821
1922
2001
739
1957
2014
2001
761
750
753
580
579
595
604
1959
1947
1934
1924
2041
2005
763
767
757
725
579
815
593
1969
802
807
1973
1946
1934
2037
2017
874
805
817
1125
1139
1141
1143
2045
1119
1194
879
895
861
1127
1105
1199
866
887
851
852
1129
1111
1109
1161
1195
940
880
1040
1145
1163
1159
946
852
969
1041
1088
1157
1270
961
1033
1226
1265
955
961
979
1035
1063
1231
1237
1257
1013
977
981
1029
1057
1061
1221
1239
1012
999
997
1031
1223
1249
1011
985
1843
1865
1866
1868
1913
695
693
652
636
1847
1852
1883
1907
1911
703
633
526
521
517
1845
1851
1879
1909
703
647
643
519
1880
1891
687
645
590
621
1807
2013
2010
2003
685
727
610
1817
2011
749
741
727
591
2004
764
743
577
599
605
1957
1940
2015
2023
765
725
804
607
1945
1933
2035
2043
2022
759
807
803
602
1972
1931
1930
2019
875
801
821
823
1975
1138
1107
1118
2019
875
877
833
863
1125
1131
1141
1117
1193
884
883
849
835
1131
1187
939
839
1093
1162
1167
941
947
949
945
855
1054
1046
1047
1164
938
952
957
963
975
970
1033
1075
1076
1153
1267
1271
1270
957
963
1037
1075
1079
1225
1015
1022
1001
1000
1061
1074
1226
1263
1012
1013
1003
987
983
1058
1069
1067
1217
1220
1229
1235
993
986
989
1842
1855
1867
1859
658
695
655
525
526
1846
1884
1869
1917
691
653
635
1911
699
647
639
629
622
623
1834
679
683
614
1819
1821
1805
1806
1875
2009
2003
687
745
644
587
1963
1805
1956
1925
677
747
581
587
585
613
610
1954
1937
1994
756
724
599
1965
2021
767
723
724
594
1981
1951
1929
2034
2039
2022
869
757
816
821
819
779
1979
1140
1106
1209
1208
873
869
862
1099
1108
1117
1209
867
851
1121
1111
1189
1215
938
937
837
849
850
1055
1146
1091
1089
1191
1203
953
853
1155
1269
959
972
1035
1045
1154
1275
1258
1017
980
1227
1257
980
1031
1062
1064
1231
1236
998
1000
989
1071
1219
1229
1009
1009
995
991
1841
1865
1866
1915
1915
1599
659
653
649
637
636
514
1853
1885
1867
1859
1919
692
663
652
669
516
1827
1919
1917
698
703
639
622
1819
1796
1893
671
628
1815
1799
683
735
631
611
615
1817
1936
1989
1897
747
745
747
580
1961
1939
1927
1991
1995
764
765
721
581
595
1959
1959
1937
1951
1990
1999
2023
722
721
583
1973
1980
1978
1927
809
813
813
773
1980
1946
1947
2038
2038
2021
2019
871
810
1118
1119
2031
865
867
895
832
859
858
1124
1150
1147
1115
2037
1211
885
857
859
1135
1123
1149
1167
1213
1215
934
887
1131
1088
1165
1207
939
1039
1050
1093
1164
1159
1266
1273
930
959
946
965
1039
1062
1073
1171
959
907
906
1087
1247
1259
1016
1039
1069
1217
1233
1279
1249
1004
981
1027
1030
1059
1069
1219
1217
1233
1009
993
1007
1825
1859
663
637
527
515
1827
1835
1838
1914
517
1833
1881
1834
1861
698
668
668
1813
1797
1879
1916
677
699
667
665
667
629
621
1819
1995
675
673
1811
1815
1807
733
733
586
611
1961
1964
1989
1990
1998
598
1963
1965
1949
1951
1924
1925
722
583
773
775
1931
2027
759
811
817
773
2029
2039
2031
811
816
779
1981
2033
2037
885
829
819
1151
866
836
836
1149
1099
1181
1213
1207
1215
845
839
841
1135
1093
1095
1181
1207
933
947
1095
1183
1272
906
1037
1051
1049
1086
1170
1279
1275
931
929
909
909
965
1037
1247
1244
1272
1015
1001
967
1027
1063
1251
1017
983
1071
1085
1243
1241
1254
1255
995
995
1005
1825
1839
1837
1863
1913
513
515
1825
1838
1860
1861
1919
697
661
669
541
1827
1829
1901
671
537
623
514
1813
1903
1895
675
683
542
617
1810
1815
1796
1903
1799
1895
675
1795
1795
1903
1897
1994
1993
731
597
598
609
1963
1964
1936
1998
711
705
731
729
1949
1991
1997
723
770
1949
2035
1997
717
756
809
775
1979
1930
2027
2029
2031
869
810
829
777
1983
1151
1112
2025
2025
1213
1208
871
831
781
779
1499
1150
1179
884
837
783
858
1133
1133
1101
1115
1177
1211
927
847
843
843
1098
1182
1205
1203
935
934
935
847
840
1053
1051
1095
1169
1182
1203
933
905
907
1083
1050
1170
1273
930
908
1025
1081
1086
1087
1279
931
967
1081
1084
1245
1254
1251
1003
1005
1241
1253
1249
1019
1007
1830
1831
1839
1863
1597
1597
659
663
543
541
529
529
1860
658
539
1831
1829
1835
1594
1598
665
542
537
539
1813
1797
1794
1901
673
667
619
1810
1794
1897
1899
711
710
735
551
617
619
1811
1809
1793
1987
1899
728
1987
1989
1575
705
728
771
1967
1967
1646
1999
717
770
771
1977
1978
1651
1649
1985
827
787
769
1983
1649
2027
1569
1569
871
827
786
1521
1103
1113
1112
1569
831
783
781
781
1101
1103
1113
1179
890
831
845
1498
1097
1179
1201
927
840
841
1503
1205
921
921
901
899
1503
1098
1174
1183
1205
915
900
898
1489
1489
1491
1175
1245
1277
915
911
965
1083
1173
1175
1171
1242
1277
1277
909
1527
1439
1243
1243
1244
1019
919
1004
966
1025
1071
1524
1085
1253
1251
1019
917
917
1593
657
571
555
543
531
1830
1623
1595
1594
1597
1598
1599
563
531
1623
1581
1583
661
661
558
539
1613
1621
1901
1563
1581
550
549
619
1899
709
1609
1986
1579
707
709
551
546
1663
1658
1642
707
715
729
545
793
1603
1651
1659
1659
1647
1575
1573
719
826
785
791
793
1655
1646
717
719
719
786
775
1521
1651
1362
1571
1571
893
787
777
1523
1103
1487
1201
891
893
825
829
389
777
1523
1523
1472
1479
1477
442
783
1499
1497
1475
1177
1445
923
923
927
925
925
1498
1501
1447
921
923
925
900
897
897
1481
1485
903
901
899
407
1493
1174
1413
1467
427
1491
1491
1466
1465
445
911
1527
1411
1466
1469
445
447
919
1439
1420
1410
1409
1469
447
913
1719
1622
1622
1593
1590
1587
570
571
533
531
1717
1621
1591
1587
555
555
535
1716
1613
1595
1591
563
563
558
549
1611
1553
561
558
85
1611
1613
1660
1562
1563
1581
1583
709
557
557
550
547
85
1601
1661
1562
1567
1579
557
546
1601
1605
1663
1658
1661
1642
1575
714
714
713
1603
1603
1657
1573
707
715
791
1652
1645
1647
1574
495
826
795
1517
1517
1362
1571
494
1517
1515
1479
891
893
433
389
385
1477
1477
889
890
435
389
387
387
1473
1472
1445
1447
436
443
387
1495
1501
1500
1485
1453
437
442
407
1500
1455
1455
1443
1443
418
427
407
1493
1481
1481
1485
1417
1413
1467
903
403
1425
1413
417
445
918
1527
1431
1410
1462
1431
1420
1411
1469
1471
447
913
913
1719
1719
1625
1621
1693
1590
1585
1585
570
553
535
1625
1689
1589
1587
566
573
553
533
535
1717
1627
1628
1629
1631
1555
567
93
1629
1555
1557
1583
561
109
559
87
1611
1609
1660
1567
107
106
109
87
85
1607
1605
1553
1561
1579
106
227
547
87
1607
1643
1643
1543
1565
1565
790
1653
1653
1574
249
225
790
795
1519
1654
1379
493
247
243
789
797
795
1511
1513
1362
1366
495
433
399
397
398
797
1507
1515
1479
494
491
489
435
433
399
391
391
1515
1361
1365
483
435
391
1533
1473
1475
1445
1349
481
436
443
385
1483
1448
1447
1441
419
431
431
1533
1483
1449
1440
429
431
405
405
1492
1417
1455
1448
1441
424
425
402
402
403
1492
1433
1425
1424
1419
1415
1457
425
287
401
1432
1424
1429
1429
1419
1461
1463
267
271
287
1431
1429
1461
1471
1471
287
1713
1685
1691
569
575
573
76
1714
1686
1691
1693
1694
22
575
553
77
1627
1631
1689
1559
573
89
95
1615
1619
1628
1555
1556
111
566
111
89
94
94
93
1605
1618
1553
1557
1567
233
237
1743
1741
1637
1541
1539
105
107
235
227
82
1742
1636
1639
1639
1543
1551
251
249
227
229
83
1652
1543
249
247
225
229
797
799
1509
1513
1402
242
1511
1511
1379
1379
1367
491
490
489
243
1507
1513
1377
1377
1363
1366
1367
393
395
398
1507
1365
483
491
395
415
1528
1531
1351
486
437
412
1531
1533
1453
1449
469
429
405
413
1495
1483
1453
1440
419
424
1534
1525
1451
1457
417
429
281
283
283
1427
1427
1419
1415
1459
270
270
1437
1433
1435
1423
1423
1463
1462
269
269
285
1432
1435
1421
1421
1463
267
257
1714
1715
1715
1702
1685
1685
1695
1695
21
575
77
1706
1687
1691
1694
1669
22
79
76
1687
1671
210
567
99
95
1614
1617
1556
1559
565
99
1615
1619
1618
1537
1537
213
212
233
235
236
81
82
1738
1637
1632
1539
1549
212
231
237
1742
1743
1539
245
231
229
83
1509
1636
1541
1551
251
245
231
1403
1402
1547
1547
251
246
245
241
799
1509
1387
1385
500
241
153
799
1505
1505
1385
1377
1369
1373
491
499
393
1529
1380
1351
1373
487
395
411
409
415
1529
1359
1351
1375
1375
481
441
439
439
410
1531
1301
1347
1349
468
421
423
412
1357
1349
1451
469
421
423
413
1535
1535
1357
467
279
1534
1291
1321
1323
466
269
281
283
1288
1327
1331
1459
271
257
285
1437
1331
264
259
1606
1713
1701
1681
1683
21
103
103
99
79
121
1711
1686
1681
1683
23
103
1707
1706
1671
1669
211
111
115
1705
1707
1728
1641
97
119
91
1739
215
239
91
1783
1632
1635
1548
213
235
239
91
1737
1633
1633
1541
1549
255
253
253
135
157
1783
1390
1405
1545
255
255
141
153
1780
1391
1391
1403
1401
1544
1544
141
137
1401
503
503
137
1381
1407
1373
499
501
497
151
1505
1302
1380
1381
487
499
1346
486
410
411
1301
1375
471
468
423
351
1309
1285
1353
1359
1343
1341
467
421
273
1357
1323
465
262
279
273
1289
1321
1333
305
276
1288
1291
1327
1333
265
263
285
1327
1329
1328
265
264
259
259
1701
1673
18
17
23
101
123
121
121
1711
1681
17
31
101
118
123
115
1709
1683
1671
1667
210
97
1708
1729
1733
209
211
97
119
119
1785
1731
1729
1728
1667
209
215
221
239
1785
1731
1735
217
157
1787
1777
1776
1738
1635
1548
219
143
135
135
1780
1777
1399
1545
204
253
143
141
155
157
1781
1390
1405
1401
204
205
205
155
1389
1407
207
501
500
137
153
1781
1387
1383
1383
1407
1369
485
497
149
1303
1387
1371
485
485
506
345
151
151
1301
1355
1345
1346
349
345
275
1302
1355
1347
471
475
473
506
1337
475
315
277
275
1309
1284
1285
1359
1342
1343
1342
1339
465
305
305
276
277
1287
1287
1282
1322
1333
1335
291
261
262
383
383
1289
1325
1335
1328
290
378
1306
1307
1325
263
377
379
1697
1673
19
1
101
127
123
1699
1698
1701
1677
18
127
125
1708
1709
1755
1753
1733
19
13
221
125
117
113
1789
1733
1665
9
221
125
117
117
113
1735
1735
1665
1667
223
1739
1763
194
195
223
1787
1787
1757
195
219
129
133
1399
1397
197
199
198
143
133
1779
1399
1397
1393
131
155
1779
1779
1395
1395
201
509
149
3869
3879
1395
507
508
505
149
3869
1370
1371
351
1303
477
477
506
347
146
1353
1355
473
349
351
347
275
1299
1299
3873
1341
1337
475
316
315
1299
1284
317
319
315
381
1283
1281
1319
1339
290
289
307
381
1305
1283
1317
1335
293
291
310
383
379
378
1306
1295
1325
1313
1315
1329
293
310
377
1703
1697
1675
1675
1675
1677
1
5
1699
1745
1755
1679
31
3
127
50
51
1726
1753
1679
27
13
13
3
5
71
1789
1755
11
67
1791
1771
1756
11
11
73
75
67
71
1791
1775
1762
1761
1756
1757
194
223
217
75
65
1784
1762
1763
1767
197
197
167
129
3861
3861
1765
1766
1759
199
129
133
3858
1397
131
145
3901
1393
201
203
508
139
139
3871
3871
3879
461
511
511
509
321
145
3869
3881
3901
462
463
189
147
147
3885
3903
3903
451
343
337
146
3873
1341
450
462
473
347
335
3887
3873
453
317
313
313
335
1297
3886
3877
1319
295
316
313
357
381
1310
1282
1319
1317
300
319
309
370
1311
1293
1295
1313
1317
295
299
359
371
1307
1293
1315
1315
293
311
309
359
359
369
1677
30
1
61
53
53
1703
1747
1679
25
27
5
50
1727
1753
2838
25
27
3
59
51
1725
1789
2838
15
15
7
71
1791
1769
3038
3019
9
69
69
1775
1771
3037
193
163
167
64
65
1775
1773
1765
3021
1759
163
167
165
3863
1767
203
203
161
165
191
190
3857
3861
3859
3895
3021
161
190
3865
3894
3023
3023
457
174
3898
3897
3896
457
321
189
185
189
3871
3883
3903
3899
3899
3897
463
459
323
339
187
3885
3881
451
327
338
338
341
3887
3885
3875
450
479
343
337
335
1297
3877
3875
453
453
325
329
333
3887
3875
455
479
301
365
357
333
373
4051
4059
455
301
300
365
357
370
4051
4049
1311
4003
311
353
354
371
4049
4061
4061
4057
4001
4003
299
355
2877
1747
1747
29
29
2823
3007
61
60
53
1745
1751
1751
2845
2955
3007
57
59
1726
1727
1749
2854
2847
2955
7
49
1723
1751
2953
7
59
63
45
1769
2855
3016
2997
73
63
3479
1773
3038
3039
3019
75
69
3478
3477
1766
3017
3017
163
3858
3859
3037
3011
161
183
3863
3893
3014
3011
3011
171
170
183
178
3851
3853
175
191
179
3864
3865
3845
173
323
169
185
186
3867
3845
3883
3849
3898
461
322
340
3909
459
327
339
340
341
187
3911
3909
3915
461
2533
325
329
3905
3913
449
479
2533
333
4055
4059
4058
303
375
4049
455
295
303
365
375
373
373
4051
4061
4063
4057
297
354
355
4053
4057
4001
4003
299
297
353
361
2877
1749
2843
2823
60
55
2877
1749
2847
2822
3005
3007
57
57
55
2847
2845
55
1723
1721
2855
2854
2839
2845
2953
47
3475
3481
2839
2996
2587
45
3475
3481
3487
3485
3487
3039
3016
2945
2997
2585
2591
2589
3479
3035
3010
2974
165
183
2589
3478
3485
3033
3037
3015
3011
2975
171
3465
3895
3014
3009
181
181
177
3863
3841
3851
3854
3855
3893
3009
170
181
179
3847
3853
3889
3063
3063
3063
175
174
2415
3864
3847
3843
2525
2525
2527
327
2415
3867
3908
3849
3843
3843
4015
2527
3908
3905
2527
325
331
3911
3907
4013
4005
2533
2535
331
331
4055
3915
4023
2535
2530
2531
375
4053
4055
4023
4006
2549
2530
367
4053
4062
4062
4007
4006
2545
2543
4039
4063
4023
2545
2543
363
361
361
2878
2861
2821
2822
3005
3000
41
2878
2879
2862
2863
2843
2840
2821
43
41
1723
2863
2841
2841
2827
2995
46
1721
2851
2837
2827
2999
2995
46
47
3473
3473
3483
2853
2853
2839
2837
2958
2996
2587
3475
3487
3035
2957
2945
2945
2585
2589
3467
3485
3032
3033
2947
2975
2961
2961
3465
3467
3467
3025
3025
2974
2969
2581
3470
3854
3015
2973
2963
178
3841
3893
3061
3013
3057
3059
2971
2971
3853
2409
2425
2427
3923
3923
3847
2427
3921
3930
3889
2525
2521
2521
2415
2402
3929
4015
4015
4005
2523
2497
2538
2403
3917
3907
3907
3915
3913
4013
4013
2523
2499
2499
2499
2401
3916
4037
4047
4009
2547
2535
2539
2538
4016
4019
4007
2547
2531
2539
367
4035
4037
4038
4021
2553
2549
363
4035
4039
4021
4021
2555
2553
2553
2461
2463
2456
2869
2871
2871
2861
2819
2819
2831
3003
3001
3000
38
2862
2859
2817
2829
3003
41
2879
2863
2857
2840
2825
2825
2993
3001
2977
43
3483
2850
2851
2849
2827
2993
2995
42
3483
3461
2833
2875
2833
2999
2587
2578
2591
3461
3032
2957
2949
2949
2577
3457
3458
3513
2957
3029
2947
2967
2967
2963
2583
3469
3515
3031
2947
2973
2965
2583
2581
3471
3471
3031
3043
2973
2969
3927
3061
3061
2411
2425
2422
3927
3933
3855
3890
3057
3059
2409
2413
2411
2431
2429
2427
3923
3932
3933
3889
3065
3064
3059
2413
2429
3921
3935
3891
3891
2523
2403
2402
3935
3974
4009
4011
2519
2503
2501
2404
3919
3917
3930
3982
3930
4011
2513
2497
2405
2401
3916
3919
4016
2513
2529
2537
4034
4033
4047
4019
2556
2547
2551
2439
2459
4034
4045
4017
2555
2556
2550
2461
2461
4069
4026
4027
2557
2541
2543
2541
2868
2865
2858
2859
2829
39
2865
2858
2816
2831
2907
35
3541
2921
2816
2817
2831
2993
34
33
3559
3553
2857
2835
2959
2977
2875
2875
2835
2958
2987
2986
3459
3461
3463
3027
2951
2967
2578
2579
2591
3457
3469
3458
3519
3029
2951
2949
2577
2580
3469
3519
3515
3513
3031
3029
3043
2951
2965
3949
3945
3515
3507
3507
3042
3042
3041
2583
2422
3957
3071
3069
3053
2411
2419
2421
3927
3957
3505
3071
3069
2418
2421
3925
3935
3070
3070
3065
3067
2429
3963
3971
3065
2518
2517
2503
2431
3971
3973
2515
2519
2503
2404
2431
3969
3974
4011
2515
2505
2501
2395
2405
4079
4029
2559
2507
2501
2449
4071
4047
4017
4031
4029
2550
2506
2437
2459
4070
4069
4043
2559
2551
2438
2439
2457
4069
4042
4041
4044
4026
4027
2555
2557
2541
2462
2463
2456
37
2869
2868
2867
2934
2923
2923
2905
2905
38
2867
2931
2921
2923
39
3541
3543
2935
2921
2913
2977
35
3557
3553
2867
2931
2981
2979
34
3559
3463
2959
2991
2987
2983
2982
2579
3557
3463
2873
2919
2985
2562
3559
3459
3519
3501
3027
2989
2685
2965
2562
3517
3045
2685
2616
3517
3509
3044
3051
2423
3949
3945
3511
3507
3047
3053
3051
2619
2419
2417
2423
3957
3505
3053
3049
3051
2418
3954
3962
3971
3999
3067
3055
3055
2511
2397
2389
2391
3925
3963
3995
2509
2511
2389
2389
2371
3925
3931
3969
3973
2473
2518
2510
2510
2392
2393
4079
3969
3975
2515
2475
2407
4067
4079
3979
3975
4029
2507
2506
2505
2395
4071
2491
2435
2437
2449
4070
4042
4031
2433
2438
2437
4043
4025
2465
2489
2433
2447
2457
2938
2937
2898
2899
2911
3540
2933
2934
2927
2925
2898
2899
2903
2907
2627
3540
3543
2925
2897
2981
2639
3557
3555
2915
2893
3554
3489
3489
2919
2913
2990
2983
2567
2567
3574
3569
3562
3562
2919
2991
2983
2567
3501
3499
2989
2989
2985
2616
2565
3577
3579
3517
3501
3045
2677
2685
2687
2617
2617
2561
2563
3948
3579
3509
3047
3044
2619
3948
3964
3511
3509
3049
2687
3951
3955
3964
3997
2347
2397
2397
2385
2391
2385
2369
3951
3965
3999
3997
3055
2345
2399
2391
3955
3954
3962
3993
2345
2399
2387
3953
3983
3993
2473
2475
2340
2399
2393
2370
4077
4075
3983
3995
2472
2475
2505
2392
2407
4067
4077
4073
3977
2479
2477
2337
4073
4087
4086
3979
4031
2479
2477
2487
2435
2443
4091
4085
4087
4086
3979
2471
2467
2491
2445
2445
2443
2451
4088
4085
3981
3981
2465
2465
2491
2489
2444
2444
2447
3551
3551
2938
2939
2941
2940
2926
2926
2901
2910
2627
2901
2901
2911
2629
3551
3549
2935
2929
2925
2893
2903
2903
2639
2631
3573
3537
2929
2915
2887
2881
2980
2630
3575
3555
2917
2883
2881
2881
2575
2575
3575
3574
3571
3563
3569
3563
3561
2676
2575
2565
3579
3499
2679
2677
2573
2565
3577
3577
3503
3503
3499
3429
2679
2563
3493
3503
3433
2683
2687
2621
2623
2621
3947
3967
3511
3437
3433
2623
2373
2375
3959
3958
3997
2683
2622
2375
2369
3943
3958
3965
2347
2387
2369
3943
3959
3961
3999
2341
2387
2371
4074
2341
2361
2367
4075
3989
3986
2343
2339
2336
4065
3989
3991
2479
2483
2343
2339
2337
2363
4077
4083
3977
2479
2478
2485
2487
2441
2451
4089
4091
4089
4083
3991
2471
2467
2483
2484
2443
2455
2455
4088
4081
2470
2495
2455
3533
2939
2943
2940
2891
2890
2901
2910
2651
2625
3546
3549
3549
2941
2927
2909
2627
3547
3523
2929
2889
2900
2637
2629
2628
3537
3521
2917
2883
2885
2883
2671
3575
3573
3539
3489
3431
2917
2886
2887
2639
2631
3571
3565
3497
3497
3431
2886
2573
2571
2603
2602
3581
3583
3567
3493
3497
3429
2679
2573
2601
3581
3567
3429
3435
2673
2675
2621
3491
3495
3435
2673
2675
2605
2373
3947
3947
3937
3495
3437
2683
2611
2609
2377
2373
3939
3941
3967
3439
2611
2383
2375
3943
3941
3755
3754
3439
2681
2354
2381
2383
3745
3754
2349
2347
2355
2355
3765
3773
3773
3745
3985
3987
3987
3659
3659
2340
2351
2354
2367
3765
3769
3771
3989
3985
3661
2339
2361
2361
2363
3767
3769
3721
3986
3661
2481
4065
4095
3692
3991
2483
2484
2305
4083
3693
2469
2485
2493
2493
2453
4093
4095
4081
3685
2470
2495
2493
2442
2453
3535
3527
3139
2943
2891
2890
2895
2651
3535
3524
3525
3527
2895
2647
2637
2625
3546
3525
3522
3141
3199
3199
2894
3545
3547
3523
3445
3445
3199
2637
3539
3539
3426
2885
2659
2671
2569
3565
3426
3427
2660
2668
2603
3581
3583
3565
3425
2660
2663
2571
2605
2602
206
3583
3567
3493
3427
2663
2675
2607
3358
3491
3495
3435
2615
2595
2595
2379
3394
3437
2609
2377
3937
3757
3759
3439
2681
2253
2381
2383
3939
3941
3759
3755
2276
2277
3775
3775
3745
3653
3653
2349
2349
2351
2357
3747
3653
2363
2366
3767
3769
3771
2353
3767
3771
3691
3660
3663
2329
2315
2317
3729
3723
3721
3701
3692
3693
3663
3683
2481
2329
2310
2317
4095
2494
2305
2311
4093
4093
3697
3680
3681
3685
3685
2325
2309
2453
3533
3535
3163
3137
3137
2775
2647
2655
3531
3530
3139
3141
2643
2641
2651
2655
3530
3524
3142
3193
2665
2665
2643
2641
2649
2649
3372
3373
3522
3193
2669
2671
2633
3370
3371
3373
3447
2769
2633
2635
3391
3446
3442
2661
2661
2659
2569
2571
2635
3363
3399
3387
3449
3449
2599
2597
2607
3359
3396
3395
3455
2614
2594
2593
2605
2379
3358
3355
3397
2615
2613
2255
2247
3939
3757
3759
3394
3453
3453
2611
2253
2253
3775
3747
3753
3649
3453
2276
2359
2381
3763
3751
3749
3747
3650
2276
2357
3773
3689
3655
3657
2335
2279
2334
2359
2359
2357
2366
3763
3766
3691
3689
3656
2333
2365
3767
3715
3691
2327
2315
2317
3695
3695
3663
2321
2331
2331
2305
2319
3729
3699
3701
3703
3683
2327
2327
2331
2307
2310
2319
3697
3680
3681
3687
2306
2309
2309
2311
3533
3163
3147
3195
159
2775
2645
2647
2655
3161
3143
3141
3151
3195
2645
2645
3529
3531
3161
3142
3195
2643
2772
2649
2653
3370
3372
3143
3197
3186
2665
2667
2770
2771
2770
3375
3391
3197
3191
2669
2769
2771
2635
3371
3361
3389
3447
3191
2811
2759
3375
3388
3388
3443
3443
3442
2659
2599
2597
2607
3345
3353
3387
3399
3451
2599
2597
3359
3355
3397
3396
3449
3451
3455
2594
3339
3355
3353
3395
3455
2613
2613
2255
3339
3357
3393
2255
3337
3337
3343
3751
3833
3832
3835
3649
2273
2275
2243
2245
3761
3751
3835
3655
3651
2282
2283
3761
3749
3718
3839
3655
3650
3651
2279
2272
2275
2281
2291
3733
3717
3714
3656
3657
3673
2335
2334
2303
2299
2365
3733
3714
3601
3601
3678
2301
2297
3723
2322
2321
2301
2299
2299
3734
3697
3703
3707
3670
2313
2319
3729
3699
3699
3711
3686
3687
2325
2307
3166
3145
3147
2775
2783
2717
2717
2653
3167
3163
3149
3175
2782
2653
3159
3157
3151
3175
2773
2767
3369
3156
3150
3197
3186
2767
2763
3385
3377
3187
3190
2667
2769
2765
2757
3361
3379
3379
3443
3190
2810
2761
3361
3363
3389
3379
3402
2811
2815
2815
2759
3347
3403
3441
2153
2801
2801
2815
2759
3347
3351
3383
3403
3401
3451
2251
2251
3339
3345
3351
3410
3407
3406
2153
2249
2249
2251
2269
3833
3407
2173
2249
2247
3342
3836
3832
3407
2173
2157
2243
2241
3333
3749
3837
3839
3827
2272
2273
2282
2283
3718
3675
2287
2295
3727
3719
3613
3615
3605
3679
2303
2291
3733
3719
3607
3603
3679
3678
2301
2296
3735
3734
3715
3713
3613
3607
3601
3671
2323
2322
2187
3709
3709
3709
3705
3671
2323
2187
2179
3731
3711
3711
3705
3707
3670
2325
2179
3166
3165
3145
3148
3174
3173
2783
2782
2715
3167
3153
3149
3170
3171
3174
2780
2717
3205
3205
3153
3159
3156
3150
3171
3169
2781
2763
3157
3170
3185
3104
2781
2767
2763
3207
3155
3377
3187
2667
2777
2765
2765
3365
3385
3087
3073
3189
2809
2753
2761
3366
3367
3367
3385
3072
3441
2805
2807
2810
2752
3363
3347
3345
3382
3383
3402
2803
2813
3351
2155
2153
2801
2813
2755
3413
3411
2159
2803
2271
2247
3410
2175
2157
2245
2245
3333
3335
3342
3343
3831
3830
3827
2169
2267
2243
3333
3836
3827
3823
2171
2169
2257
2257
2241
3725
3725
3837
3604
3675
2257
2295
2290
3717
3739
3614
3675
3673
2203
2286
2287
2303
2295
2293
2290
3727
3726
3737
3614
3615
3605
3603
3677
2297
2289
3607
3677
2201
2186
2177
3731
3741
3735
3707
3666
2189
2186
2177
3731
3669
3667
2189
2179
3227
3227
3177
3117
3114
3119
3119
2713
2719
2715
3231
3227
3176
3114
3113
2719
2719
2714
2704
3203
3153
3177
3105
2779
2711
3205
3207
3155
3155
3179
3179
3077
3105
2776
3207
3181
3077
3104
2777
2707
3365
3365
3323
3381
3087
3075
3079
2787
2752
3366
3323
3074
3075
2807
2805
2786
2785
2753
3349
3382
3405
2158
2799
2813
2755
3329
3349
3409
3405
2155
2155
2798
2797
2803
2268
2269
3331
3349
3415
2175
2797
2266
2268
3331
3335
3341
3413
3411
3823
2150
2159
2271
2259
3335
3341
3813
3823
2171
2151
2147
2157
2265
3793
3793
3813
3831
3821
2171
2263
2261
2263
3829
3825
3825
3821
2169
2293
3726
3725
3739
2087
2286
2285
3737
3610
2203
2185
2293
3743
3743
3611
3585
3589
2201
2183
2181
3741
3639
3637
3637
3611
3587
3667
2189
2183
3639
3594
3609
3665
3666
2207
2191
2191
2183
3230
3249
3249
3094
3095
3117
3119
2713
3225
3176
3093
3115
3115
2714
3203
3225
3251
3093
2779
2711
3215
3183
3089
3111
2779
2711
2707
3203
3213
3321
3180
3182
3079
3079
3110
3110
3201
3201
3212
3181
3073
2787
2749
3314
3315
3323
3321
3074
2127
2749
3317
3315
3423
3422
2786
2793
2749
2751
3317
3415
3419
2124
2125
2125
2798
2793
2751
3329
3415
3419
2164
2799
2259
3277
3277
2165
2149
2146
2266
3331
3412
3828
2165
2163
2150
2146
2267
3795
3815
3829
2151
2147
2263
2261
3797
3795
3813
2085
2081
2233
2233
3799
3646
3647
3643
3821
2087
2087
2081
2235
2235
2235
3801
3799
3743
3645
3585
2083
2203
2209
3801
3645
3610
3586
3589
3589
2205
2197
2197
2181
2181
3639
3637
3634
3599
2204
2205
2197
3805
3807
3599
3587
3591
3591
2207
2207
2191
2194
3230
3220
3248
3094
3101
3101
3101
3130
3131
3129
3129
2709
3231
3253
3095
3091
3131
2708
2709
3211
3209
3251
3252
3252
3089
3107
2701
2701
3209
3215
3263
3182
3183
3091
2703
2703
2701
2705
3215
3246
3263
3111
2703
2747
2707
3319
3213
3327
3327
2791
2745
2744
3314
3321
3421
2791
2789
2751
3317
3313
3325
3422
3423
2115
2124
3309
3311
3325
2123
2121
2795
3417
3419
2167
2123
2121
2141
2795
2795
3310
3275
3279
2167
2164
2141
2231
3269
3275
3270
3273
3277
2163
2145
2230
2231
2229
3799
3795
3815
3815
3273
2055
2163
2227
2229
3797
2082
2097
2096
2211
2233
3809
3643
2083
2099
2211
2211
3803
3803
3647
2077
2209
2213
2213
3801
3646
3627
3627
2075
2213
3805
3591
2073
2101
2199
2195
3805
3807
3635
3599
2199
2195
3223
3255
3099
3097
2691
3229
3221
3220
3248
3253
3255
3099
3097
3130
3133
3127
2691
3091
3107
2699
2698
3211
3211
3236
3239
3233
3103
3318
3246
3235
3081
3109
2791
2747
2745
3301
3247
3285
3081
2747
2735
3319
3301
3327
2114
2127
2743
2727
3299
3325
3421
2114
2115
2113
2138
2139
2789
2725
2725
2727
3305
3299
3418
2139
2135
2725
2721
3309
3310
3311
3278
2116
2143
3279
2123
2133
2143
2141
3269
3270
2063
2161
2161
2161
2229
3791
2063
2132
2225
2225
2239
3791
3809
3641
2053
2055
2069
2069
2097
2227
3641
3643
2055
2069
2099
2096
2215
2218
2237
2239
3803
3783
3625
2075
2075
2215
2219
2237
3777
3626
3631
2079
2078
2102
2215
2236
3779
3777
3777
3633
3634
3621
3597
2078
2073
2199
2194
3807
3635
3595
3595
3597
3597
2193
3257
3260
3135
3122
2689
2695
3223
3096
3134
3135
3133
3123
3123
2691
3217
3221
3237
3260
3103
3125
3127
2699
2693
3303
3217
3236
3239
3085
3103
3109
2737
2698
2697
3303
3245
3233
3083
2741
3245
3247
3235
3285
3081
2113
2741
2741
2739
2733
3303
3289
3297
3235
3291
2743
2731
2735
3305
3299
3295
3295
3295
3287
2138
2729
2727
3293
3293
2117
2131
2729
2723
3278
3293
2117
2143
2723
2723
2721
3309
3267
3271
2057
2057
2116
2091
2093
3269
3271
2057
2061
2134
2133
2132
2095
3817
3283
2063
2051
2084
2090
2090
3791
3811
2053
2110
2227
2239
3787
3811
2053
2103
2103
2109
3786
3786
3626
3625
3625
2049
2049
2071
2067
2105
2108
2218
2217
3783
3623
2077
2071
2067
2219
3618
3620
3631
2079
2107
2221
2223
3621
3593
2065
2101
2221
2221
2223
3259
3257
3259
3259
3121
3122
2689
2695
3261
3096
3134
3125
2695
2693
3217
3243
3237
3261
2693
3219
3219
3241
3085
3125
2737
3219
3243
3241
3241
3085
3126
2739
3083
2119
2743
2739
2733
2733
3301
3289
3291
2119
2731
2735
3297
3291
3286
3286
3265
3287
2129
2137
2730
3307
3307
3265
3287
2130
3267
3281
2059
2130
2131
2089
2091
2093
3789
3281
2059
2095
2092
3789
3283
2059
2061
3785
3817
3819
2051
2061
2111
3787
3811
3818
3819
2051
2109
2110
2111
3781
2104
3780
3780
3619
3617
3630
2105
2223
3781
3619
3623
3630
2067
2104
3779
3779
3618
3620
3593
3629
2065
2101
2107
