176
85
39
35
37
37
87
87
85
80
37
37
87
79
80
80
80
81
81
39
35
35
86
85
85
79
40
37
37
37
37
86
85
81
40
26
23
23
86
86
86
79
79
81
30
26
23
23
73
73
79
25
26
26
23
73
73
73
73
73
69
69
68
68
31
25
25
26
26
73
73
69
68
31
31
31
31
25
26
72
74
74
70
70
68
32
32
167
154
155
72
113
167
167
167
154
155
155
113
96
167
156
156
154
94
168
168
156
156
154
154
154
114
94
94
93
169
168
168
156
113
113
113
94
93
93
93
93
169
169
168
160
160
113
116
112
112
93
93
93
169
169
160
116
102
175
175
161
161
117
102
102
102
102
101
101
101
173
173
175
175
161
117
101
173
175
175
175
161
161
161
117
117
117
102
102
102
101
39
39
39
39
39
39
35
35
35
35
37
37
36
36
87
87
87
85
85
85
85
85
85
80
80
80
80
39
39
39
35
35
37
35
36
36
87
87
87
87
85
85
85
79
80
80
80
80
39
39
39
39
35
37
37
37
37
37
37
87
86
86
86
86
86
85
79
79
79
81
81
81
40
40
40
40
37
37
37
37
37
86
86
86
86
85
85
79
79
79
81
40
40
40
40
40
40
26
26
23
23
23
86
23
86
86
79
79
79
81
81
30
30
26
26
26
26
26
23
23
73
73
73
73
73
74
74
86
69
68
68
68
68
68
30
30
31
31
31
25
26
26
23
73
73
73
73
74
73
74
69
69
69
68
68
68
32
31
31
31
25
25
26
26
26
73
73
73
73
74
74
69
70
70
70
68
32
32
32
31
31
31
25
25
26
26
26
72
72
72
72
72
74
74
70
70
70
70
70
70
68
32
32
31
25
154
26
154
155
155
155
113
72
74
74
70
70
70
96
70
68
96
167
167
167
167
167
167
156
157
157
154
154
154
154
155
113
113
113
113
113
114
96
114
96
96
96
96
96
167
167
167
167
167
157
154
154
154
154
154
113
113
113
114
114
114
94
114
96
96
96
96
167
167
168
167
156
156
156
154
154
113
113
114
114
114
94
93
94
93
93
93
168
168
168
156
156
156
160
154
154
154
113
113
112
112
94
94
93
93
93
169
169
169
168
168
168
168
168
160
160
160
160
112
112
112
94
94
93
169
169
169
168
168
160
161
160
160
160
116
116
116
116
112
112
102
102
102
102
101
93
101
169
173
173
175
175
175
161
161
161
161
161
116
161
116
117
117
117
117
102
101
101
173
173
175
175
175
175
161
161
161
161
117
117
117
117
103
102
102
102
102
101
101
173
173
173
175
173
175
175
175
161
161
161
117
117
117
103
102
101
101
101
101
101
101
173
35
85
39
39
39
35
35
35
36
36
36
87
87
87
87
87
85
85
85
80
80
80
80
80
39
39
39
39
39
35
35
37
35
37
36
37
36
36
36
87
87
86
85
85
85
79
80
81
80
81
39
39
39
35
35
37
37
37
36
87
87
87
87
86
86
86
86
85
79
79
81
81
81
40
40
40
40
40
40
37
37
37
87
86
86
86
85
79
79
79
81
81
81
40
40
40
40
30
40
26
23
26
23
23
23
73
73
74
86
86
79
69
79
68
81
30
30
26
26
23
26
23
23
23
73
73
74
69
69
68
68
32
30
25
25
26
26
73
73
74
74
74
74
69
69
68
32
32
32
31
31
31
31
25
25
25
25
73
72
72
73
74
74
69
69
69
69
69
70
68
70
32
31
31
31
25
25
25
25
26
26
26
72
72
72
72
72
72
72
74
70
70
70
70
31
167
31
157
154
24
155
155
72
72
113
74
70
96
70
96
167
167
167
167
157
157
157
155
155
155
113
113
114
114
114
96
96
96
96
96
96
167
167
167
167
167
157
157
154
154
155
113
113
114
114
114
96
96
96
96
96
167
167
167
168
168
168
168
168
157
156
156
154
113
113
114
112
94
94
94
94
96
93
168
168
168
168
156
154
154
154
113
112
112
112
94
94
93
93
169
168
168
156
160
160
160
160
160
112
112
112
94
94
93
94
93
169
169
169
169
169
175
160
160
160
160
160
160
116
116
116
116
112
112
94
102
102
93
101
169
169
169
175
175
175
175
161
160
161
161
116
116
117
117
103
102
102
101
101
101
173
173
175
175
161
161
161
115
117
117
117
117
103
103
102
102
101
173
173
173
173
173
173
175
173
175
175
175
175
161
161
161
115
115
115
117
115
103
103
103
103
102
102
102
101
101
103
102
102
38
35
85
39
38
38
38
39
35
35
35
35
36
36
36
87
87
87
83
85
85
85
80
80
80
80
80
80
80
80
38
38
35
38
35
36
36
36
87
87
87
87
83
86
85
80
80
81
39
39
39
38
40
37
35
36
36
36
36
87
87
84
86
84
85
79
79
79
81
81
81
81
39
40
40
40
40
37
37
36
36
23
23
87
86
84
84
86
84
79
79
81
81
81
40
40
30
23
23
23
23
22
71
86
76
76
79
79
68
81
67
30
30
30
30
23
23
23
23
71
71
76
76
76
76
76
76
69
68
68
68
68
30
32
31
30
30
31
25
25
25
25
23
23
71
73
76
76
69
69
68
68
32
32
32
31
25
25
24
24
24
72
24
71
72
74
74
74
69
69
70
70
70
68
32
32
32
31
31
25
25
24
24
24
24
72
72
72
74
69
69
70
70
70
32
32
32
31
32
157
157
155
155
155
155
72
72
72
72
114
96
69
98
98
97
98
165
165
167
157
157
155
155
155
155
155
111
114
114
114
114
96
98
98
98
98
96
165
165
168
168
157
156
155
155
113
111
113
114
114
114
95
96
96
98
98
97
97
168
166
157
157
156
156
156
156
113
155
113
110
113
114
114
114
95
94
98
97
97
166
168
166
168
157
156
156
156
155
112
112
112
94
94
94
93
93
169
169
169
169
168
160
156
160
160
164
116
164
112
112
112
112
94
94
93
93
93
169
169
169
169
174
174
174
174
160
160
160
160
116
116
112
94
94
103
99
173
174
174
174
174
174
159
161
116
116
116
116
117
103
103
103
102
101
173
173
173
174
174
174
159
159
161
159
115
116
117
115
117
103
103
103
101
101
173
173
173
174
175
175
159
159
161
159
115
115
115
115
103
103
103
103
103
103
102
101
101
101
175
101
38
38
38
38
43
35
35
35
33
36
33
83
83
83
83
84
84
84
84
80
82
80
78
80
80
38
38
38
42
43
42
36
33
36
36
36
33
83
83
84
84
84
84
84
77
78
78
81
38
38
38
42
33
33
33
33
36
36
83
83
84
84
84
84
82
77
77
77
78
81
81
38
38
38
40
42
33
36
22
84
84
84
84
77
77
77
77
81
30
30
40
30
40
27
27
22
22
22
22
22
22
84
84
84
76
76
84
76
77
79
67
67
67
67
30
30
30
30
30
30
27
22
22
22
22
22
71
76
71
76
76
75
76
75
68
67
67
67
67
30
30
30
27
27
25
25
24
22
71
71
71
71
76
76
76
75
75
68
75
67
68
30
32
31
25
25
24
24
71
75
75
75
69
68
70
32
32
32
27
27
24
24
24
24
24
71
72
72
72
74
74
69
69
70
70
70
32
32
32
31
158
157
24
24
24
24
71
72
72
74
74
111
98
69
98
69
69
66
97
165
165
165
165
157
158
158
155
155
155
111
111
111
111
114
98
98
98
98
98
98
97
165
165
165
165
157
157
157
158
156
155
111
114
114
95
98
98
98
98
97
97
97
165
166
165
166
166
157
157
157
157
157
156
155
110
114
110
114
95
95
97
97
97
97
97
166
166
166
166
157
157
156
163
156
164
164
110
110
110
112
112
95
95
95
95
95
97
97
166
166
174
163
164
164
116
110
112
112
112
94
95
95
95
93
93
93
166
169
170
174
174
174
163
160
164
164
164
116
116
116
116
117
112
117
94
103
99
99
99
171
173
171
174
174
174
160
159
159
159
116
116
117
117
103
103
102
99
99
99
99
171
173
174
174
174
159
159
159
159
159
115
115
115
115
117
103
103
99
99
99
171
173
173
174
174
174
174
159
159
159
159
115
115
115
115
103
103
103
99
101
174
43
78
38
38
43
43
43
42
33
33
34
34
34
33
34
34
34
83
83
83
84
82
78
78
78
78
78
78
78
38
38
43
43
42
33
33
33
34
83
83
83
84
84
84
82
78
78
78
78
78
38
41
41
42
42
33
33
33
33
33
33
33
83
84
82
77
77
77
77
77
78
38
41
41
41
41
42
42
42
42
42
33
33
33
22
22
83
83
84
82
82
77
77
77
77
38
38
38
41
42
27
22
22
22
71
84
82
76
82
77
77
77
67
67
29
27
27
27
22
22
22
22
22
71
71
76
76
76
76
75
75
67
67
67
30
29
29
27
24
22
22
71
71
71
76
76
75
75
75
75
75
67
67
67
67
30
29
27
27
27
27
24
24
24
24
71
71
71
71
75
75
75
66
67
66
66
67
66
32
28
28
28
27
24
24
71
71
75
75
75
74
66
69
66
66
66
32
165
28
27
158
24
158
24
52
71
72
111
74
111
98
98
66
97
165
165
165
158
158
158
158
158
155
52
111
111
111
111
98
98
98
98
98
98
97
97
165
165
165
165
165
158
158
158
158
158
158
158
158
111
111
111
111
95
98
98
97
97
165
165
166
158
158
158
156
164
110
110
110
95
95
95
95
97
97
97
97
97
166
166
157
157
163
164
164
164
110
110
110
110
110
95
95
97
97
166
166
166
166
170
163
163
163
164
163
164
110
110
118
95
95
100
95
95
93
166
171
171
170
170
170
170
170
163
163
163
163
163
164
116
116
117
118
94
100
100
99
99
171
171
171
170
172
170
163
163
163
163
164
116
115
117
118
118
100
100
99
99
171
171
172
172
174
174
159
159
159
159
159
162
115
115
118
100
100
100
99
99
171
172
172
171
172
172
174
172
174
174
159
159
159
159
115
115
115
115
115
115
118
103
100
100
99
99
99
118
43
43
43
43
43
43
43
42
34
34
34
34
34
34
83
83
83
82
78
78
78
78
78
78
78
78
58
41
38
43
43
42
42
34
33
34
34
34
34
34
83
82
82
82
78
78
78
58
58
41
41
41
41
42
42
42
33
33
21
83
83
83
83
82
82
82
77
78
78
78
58
41
41
41
42
42
42
33
33
33
19
19
83
83
82
82
82
82
77
77
77
77
77
57
29
41
29
29
27
27
42
42
22
19
19
22
22
19
19
76
76
82
82
82
77
77
57
57
67
29
29
29
29
27
27
22
19
22
19
19
71
49
76
49
76
75
75
75
67
67
67
67
29
29
29
27
27
22
11
11
19
19
71
71
76
76
75
75
67
67
67
67
29
28
29
28
28
27
27
11
11
11
71
52
71
52
75
75
66
66
66
66
66
28
28
28
27
27
24
11
11
11
11
52
52
52
52
75
75
66
66
66
66
28
165
28
28
27
135
27
135
11
11
11
52
52
52
52
52
52
52
111
92
66
90
66
165
139
165
134
158
135
158
11
158
111
111
52
111
111
92
97
90
165
165
165
137
165
158
135
135
158
135
111
111
111
111
111
95
92
92
92
92
92
98
97
90
97
165
166
166
158
158
158
164
110
110
110
110
95
95
95
90
97
166
166
166
166
170
158
158
163
164
164
164
110
110
110
95
95
95
90
166
166
170
163
163
164
164
110
110
118
118
118
95
95
90
90
171
171
170
170
170
170
170
163
163
163
163
164
164
120
120
118
118
118
100
100
100
100
100
99
171
171
171
171
170
170
170
170
163
163
162
163
164
120
120
120
100
100
100
100
100
99
100
171
171
172
172
172
159
162
162
162
162
115
120
120
118
119
118
100
100
100
99
99
99
171
171
172
172
172
172
159
172
159
159
162
162
115
115
115
118
118
100
100
100
99
99
172
43
34
43
43
43
43
42
42
34
34
34
34
34
83
83
83
82
82
61
61
59
58
58
58
58
41
43
43
43
43
43
42
34
34
34
34
21
65
65
82
82
82
59
58
58
58
58
58
41
41
41
41
43
20
33
21
21
21
65
65
82
65
82
65
59
59
59
58
58
58
41
41
41
41
42
41
42
19
19
21
65
65
65
82
59
57
29
29
41
27
5
5
19
19
19
19
21
49
65
49
50
50
82
57
57
57
57
29
29
29
29
29
27
5
19
12
19
19
19
19
19
49
49
50
50
50
75
50
57
57
29
29
29
28
5
5
12
12
12
49
49
51
75
50
66
67
28
29
28
28
28
6
6
11
11
11
52
52
52
52
51
66
66
66
66
66
66
66
28
28
28
28
27
11
11
11
11
52
52
52
51
51
66
66
66
66
28
139
28
28
134
134
135
11
135
11
11
11
11
52
52
52
130
51
130
92
92
92
90
90
90
139
134
139
139
134
134
134
135
135
135
135
135
135
111
52
111
130
130
130
92
92
92
92
92
90
90
137
139
134
135
135
135
136
126
130
130
130
130
92
90
137
137
137
137
134
134
135
135
135
135
135
110
110
130
130
130
92
130
92
90
92
90
90
90
137
137
137
137
137
163
158
135
135
164
110
110
130
130
130
92
90
90
90
90
137
137
170
170
170
153
163
153
163
147
153
164
164
120
110
118
118
118
109
109
109
90
137
170
170
170
170
170
162
163
163
163
164
164
164
120
120
118
118
118
118
109
100
100
171
171
170
170
162
162
164
162
120
120
118
118
100
100
104
100
99
171
171
172
171
172
162
162
162
162
120
120
119
104
104
100
99
104
171
171
172
172
172
172
172
172
162
162
162
162
120
120
120
120
118
119
119
104
104
104
99
104
171
162
99
20
65
43
43
43
43
42
20
20
34
20
34
34
20
21
65
65
65
61
61
59
58
58
58
58
58
41
43
43
4
42
20
20
20
21
21
21
21
64
65
65
65
61
65
59
58
58
41
41
4
4
4
21
21
21
21
64
65
65
65
65
61
59
59
59
59
59
58
58
0
0
41
4
4
4
19
21
19
21
21
21
65
65
65
65
65
50
59
59
59
59
57
57
29
41
0
5
5
5
5
19
19
19
19
21
21
49
49
50
50
50
57
57
57
29
29
0
5
5
5
5
12
12
19
12
21
49
49
49
50
51
50
50
50
50
57
57
29
29
6
6
6
5
5
5
12
12
12
49
49
51
51
50
51
51
50
50
57
57
28
28
28
28
6
6
6
6
12
12
53
52
51
51
51
48
45
28
28
7
6
6
6
11
12
52
53
52
53
51
53
51
51
45
45
139
28
134
134
6
6
11
11
11
11
11
11
52
52
52
130
92
92
92
91
92
90
139
139
134
135
135
136
136
136
126
127
127
130
92
92
92
91
91
139
139
134
134
135
135
136
136
136
126
126
126
126
126
130
130
92
92
91
91
91
90
90
139
137
137
134
139
135
134
135
135
136
126
126
126
130
130
91
90
90
90
137
137
134
153
153
153
136
147
126
126
126
130
131
131
109
90
109
90
90
90
137
137
137
137
137
153
153
153
153
147
147
147
120
126
124
131
131
118
118
109
109
109
109
109
109
137
137
149
149
153
153
153
147
120
124
120
118
109
109
109
109
109
149
149
149
170
170
153
162
162
152
147
147
147
120
120
119
119
118
119
104
104
104
109
149
149
171
172
172
172
172
162
153
162
146
146
146
120
120
120
119
120
119
119
104
104
104
104
171
149
172
172
172
172
162
162
162
162
146
162
146
162
146
162
120
120
119
119
119
105
104
105
104
104
104
104
104
104
104
65
58
1
3
3
3
3
20
20
20
20
20
20
20
65
65
61
61
61
61
61
61
59
58
58
56
58
3
3
4
4
20
20
20
20
64
20
64
64
64
64
61
61
61
61
59
58
58
58
0
3
4
4
4
4
20
21
21
64
64
64
64
64
65
64
65
61
61
59
58
57
0
0
0
4
4
4
5
4
20
21
21
64
64
65
61
59
59
50
59
57
57
0
0
0
0
0
0
5
5
5
19
19
21
21
49
64
49
49
49
50
50
57
57
57
0
0
6
6
6
5
5
5
5
12
12
12
14
21
14
14
51
51
50
50
50
50
57
45
57
0
7
6
5
6
5
12
12
12
12
14
14
53
53
53
51
51
51
50
48
45
45
45
7
7
7
7
6
6
6
12
12
14
53
53
53
53
51
51
51
51
48
48
45
45
45
7
7
6
6
12
12
12
12
53
53
53
53
53
51
51
51
48
51
48
45
45
45
139
139
138
7
6
10
13
127
53
53
53
92
92
91
91
91
139
139
139
139
138
138
134
135
136
136
136
136
136
127
127
127
127
127
130
92
92
91
91
91
91
139
139
139
139
139
139
134
134
136
136
136
136
126
127
127
127
130
130
91
91
91
91
91
139
139
139
134
134
134
136
136
136
126
126
126
127
130
130
131
130
131
91
91
91
91
91
137
137
137
137
137
134
134
153
153
143
147
126
126
126
126
126
126
130
124
131
131
108
109
137
137
149
153
153
153
153
153
153
147
143
126
124
126
124
131
131
131
131
109
109
109
109
109
109
149
149
149
153
153
153
153
152
147
147
147
147
124
124
124
118
109
109
109
109
109
149
149
149
149
149
150
153
153
152
152
147
147
147
147
147
120
119
119
105
104
104
109
104
149
149
149
150
150
150
150
151
146
146
147
146
120
120
119
119
119
105
104
105
104
104
149
149
149
150
150
150
151
151
146
146
146
146
146
120
119
119
105
119
105
119
104
104
104
1
3
3
3
3
20
20
20
20
20
63
63
63
61
61
61
55
56
56
1
3
3
3
4
16
16
16
16
20
20
20
64
64
63
61
61
55
59
56
56
3
4
4
4
4
16
17
17
17
21
64
64
64
64
62
62
59
59
56
56
0
4
17
17
17
64
64
64
64
61
62
62
59
59
57
57
57
56
0
0
0
0
0
5
5
17
17
17
64
49
49
49
49
50
50
50
59
50
57
0
0
6
5
5
5
17
12
15
14
14
14
49
53
49
49
50
44
57
7
7
7
6
6
6
5
12
15
12
15
14
14
14
53
53
53
53
53
51
48
48
45
45
7
7
7
7
6
6
10
12
12
14
53
53
48
48
48
48
48
45
45
45
7
7
7
7
7
10
10
10
10
13
13
53
53
48
48
45
45
45
138
138
138
138
138
134
10
10
12
13
127
53
127
51
88
88
91
45
88
45
138
138
138
138
134
136
136
136
128
127
127
127
130
88
91
88
88
139
139
138
141
134
134
136
136
136
136
128
127
127
127
130
130
88
91
91
91
89
139
139
141
141
134
136
136
126
126
126
127
127
127
131
131
131
89
91
91
89
140
140
141
136
143
126
126
124
127
127
131
108
91
108
89
140
140
153
152
153
153
143
143
143
124
124
124
123
131
131
123
108
109
108
108
149
149
149
149
153
152
152
147
147
147
124
124
124
123
108
109
108
108
108
149
149
150
150
150
152
152
152
147
147
147
147
124
147
124
124
119
124
123
105
105
105
106
149
149
150
150
150
150
150
153
151
151
151
146
146
146
147
146
125
119
119
123
119
123
119
105
105
105
105
105
105
149
148
148
150
150
151
151
146
146
146
119
119
146
119
119
119
119
123
105
105
105
146
63
1
3
3
3
3
3
3
16
16
16
16
20
63
63
63
63
61
63
61
61
61
56
56
56
56
3
3
4
4
16
16
16
16
18
18
20
63
63
61
61
55
56
55
56
1
1
3
4
4
4
4
16
16
17
18
63
63
62
64
62
62
55
56
56
56
0
1
0
0
4
4
17
2
17
17
17
17
17
17
64
64
64
64
62
62
62
62
62
59
59
55
56
0
0
0
9
9
17
17
17
17
14
64
49
49
49
50
46
59
44
44
55
44
44
7
8
6
9
9
15
17
17
15
49
14
14
49
54
54
49
46
48
48
44
44
7
7
7
6
9
9
9
15
15
14
14
14
54
54
54
48
48
48
48
48
44
45
7
7
7
10
9
9
10
15
15
15
15
53
14
54
54
54
47
47
48
48
48
45
45
138
138
10
10
10
13
13
13
13
13
53
54
54
47
47
47
45
45
138
138
138
10
10
10
10
132
13
132
13
128
13
13
128
127
128
47
129
47
88
88
88
88
88
45
138
138
134
10
132
132
128
127
127
127
129
129
88
88
88
88
139
138
141
141
141
141
134
133
133
132
132
132
132
132
128
128
128
129
131
129
131
89
89
89
89
140
140
141
141
141
141
133
132
136
128
128
127
127
127
131
131
131
89
89
89
89
140
140
140
141
152
143
143
143
126
121
131
108
108
89
89
108
140
140
140
140
140
140
140
152
152
143
143
143
143
143
143
143
121
124
121
124
124
123
108
108
108
108
140
140
140
150
152
152
152
143
143
143
143
143
124
124
124
123
123
108
108
108
108
149
150
150
150
150
151
147
143
147
147
146
124
124
124
124
124
123
123
105
105
108
106
106
108
150
148
150
150
150
151
151
146
146
125
125
125
125
123
105
105
105
105
105
106
148
148
148
148
150
151
151
151
151
146
146
146
146
125
125
123
123
105
105
105
105
105
106
150
3
60
3
3
3
3
16
16
16
16
16
63
63
63
63
63
60
62
61
55
56
56
56
1
3
1
3
2
2
16
16
16
16
16
18
63
63
63
60
62
62
62
55
56
56
1
1
4
4
2
2
17
18
18
18
18
18
63
63
60
62
62
62
56
56
1
2
2
17
17
18
18
18
60
60
60
62
55
46
55
56
1
0
0
8
9
9
9
17
17
17
18
60
54
46
46
44
8
8
8
9
9
9
9
15
14
14
14
46
46
46
46
44
44
44
7
8
8
8
9
9
9
9
9
15
15
14
54
47
47
48
44
44
44
7
7
9
10
15
15
13
13
14
14
54
54
54
54
54
47
47
48
47
44
44
44
44
7
138
138
10
10
13
13
13
13
13
54
54
54
47
47
47
47
44
45
138
138
138
10
10
13
128
128
129
129
47
47
88
45
88
138
142
142
133
133
132
132
128
128
128
128
128
128
129
129
88
88
88
88
88
88
142
142
141
141
133
133
132
132
128
128
128
129
129
129
88
89
89
89
142
142
142
141
141
133
133
132
144
144
128
121
127
129
131
131
131
89
89
89
89
89
142
142
141
141
152
143
144
144
143
121
121
122
122
131
107
107
107
140
140
140
140
141
152
152
152
144
144
143
144
143
121
121
121
122
122
122
108
107
107
108
108
107
108
140
140
150
152
152
152
143
143
143
143
124
124
125
125
108
108
107
108
108
150
148
148
148
152
151
152
152
152
145
145
124
125
125
125
123
123
108
106
106
108
148
148
150
148
151
151
145
145
146
146
145
125
125
123
105
106
106
106
106
148
148
148
151
151
151
145
145
145
145
145
145
146
125
123
123
123
106
106
106
106
125
16
1
3
63
63
63
63
60
60
62
62
62
55
55
56
56
1
2
2
16
2
18
18
63
63
63
62
62
55
55
56
56
1
1
2
2
2
16
18
18
18
63
60
62
62
55
55
1
1
1
1
2
2
18
17
18
18
60
60
46
55
56
1
1
8
8
2
17
17
18
18
60
60
46
46
46
46
46
44
8
8
8
9
9
9
15
15
15
14
46
46
46
46
44
8
8
8
8
9
9
9
15
15
15
15
14
54
54
46
47
44
44
8
8
9
9
15
15
14
54
54
54
47
44
8
8
10
10
13
13
13
54
54
47
47
47
44
44
138
138
133
133
133
132
132
13
13
54
128
54
47
129
47
88
44
142
142
142
133
133
132
132
128
128
128
129
129
129
129
88
88
88
142
142
133
132
132
128
128
128
129
129
131
88
89
89
142
142
142
142
142
141
141
133
141
144
121
121
121
121
129
131
131
89
89
142
142
142
141
133
133
144
144
121
144
121
121
122
122
107
131
107
107
107
140
140
141
141
144
143
144
121
122
122
122
122
107
107
107
107
140
140
152
143
144
144
144
121
122
125
122
107
107
107
148
148
152
151
152
145
151
145
145
145
125
125
123
106
106
106
107
106
148
151
151
145
145
145
125
125
125
125
123
123
106
106
106
106
148
148
148
151
145
145
145
125
125
123
123
106
106
106
106
145
1
2
16
16
55
55
1
16
62
62
2
2
2
18
62
18
18
60
60
55
55
1
8
18
60
46
46
46
2
18
60
46
44
8
8
9
15
14
47
46
46
44
8
10
10
10
15
14
14
54
47
47
48
138
8
133
10
13
47
138
133
13
47
88
44
142
133
132
132
128
129
129
129
142
141
133
133
132
144
121
121
129
129
142
121
121
122
122
131
107
89
89
141
144
144
121
107
89
142
144
144
121
122
122
107
148
141
152
121
125
122
107
107
148
148
151
145
144
125
123
122
106
107
148
145
145
125
123
106
148
145
123
106
1
60
62
55
60
1
2
18
55
54
46
46
8
8
15
9
44
13
44
88
133
88
142
142
132
121
129
144
129
141
107
122
140
144
122
122
123
106
145
145
60
55
60
55
1
2
56
60
46
15
1
15
46
8
54
47
47
133
132
128
89
141
133
107
122
140
144
122
152
144
107
144
125
125
151
145
125
122
106
106
2
62
18
60
62
55
1
60
15
46
9
46
48
8
10
13
15
54
13
132
121
121
121
121
140
122
145
122
107
151
125
123
2
18
60
60
55
16
18
2
48
8
9
14
48
47
138
138
13
129
129
89
142
132
144
142
141
144
142
141
144
122
151
148
148
145
125
123
2
18
133
133
55
2
2
132
154
2
60
60
48
10
8
10
133
48
133
121
133
132
121
129
144
129
121
122
55
144
107
107
122
148
148
151
122
107
151
145
77
79
133
60
55
55
154
154
2
60
2
111
77
111
110
14
132
166
132
77
166
24
169
156
148
156
35
169
38
