2016
508
254
458
456
457
521
529
509
719
442
446
529
727
715
710
716
701
701
262
469
470
518
518
727
725
274
471
443
408
445
515
517
705
273
384
380
408
515
585
517
728
731
704
281
380
406
405
584
588
730
432
378
430
406
597
596
595
595
588
684
684
682
678
375
432
435
411
410
597
589
670
679
363
363
438
435
436
412
578
586
672
671
664
687
364
364
1376
1456
1461
579
1563
1372
1372
1376
1463
1461
1460
1565
1577
1371
1375
1375
1462
1586
1352
1383
1384
1384
1465
1478
1479
1513
1520
1586
1583
1341
1341
1382
1464
1526
1525
1523
1520
1584
1585
1585
1583
1339
1341
1380
1471
1471
1475
1737
1521
1521
1600
1597
1597
1338
1339
1399
1737
1706
1300
1302
1400
1401
1402
1704
1705
1705
1707
1702
1702
1714
1313
1313
1294
1293
1387
1743
1703
1312
1297
1293
1386
1388
1387
1406
1406
1742
1740
1730
1730
1703
1713
257
256
258
256
255
254
458
459
457
459
456
441
447
447
528
522
521
509
508
508
715
715
712
718
719
717
717
256
256
254
469
468
470
468
447
447
528
530
510
510
509
509
508
714
719
703
717
700
262
263
261
261
469
470
441
445
442
446
444
529
533
514
513
512
518
507
725
724
725
702
702
701
274
273
274
282
471
467
442
444
445
534
512
515
518
517
729
726
731
731
705
272
271
274
280
280
279
384
378
379
408
407
533
407
515
729
729
730
731
705
705
368
268
281
384
431
379
380
380
407
597
582
583
583
584
584
585
728
684
681
678
704
677
677
369
375
374
375
281
432
430
409
405
592
597
582
589
589
589
674
684
673
683
678
682
679
368
375
377
439
432
430
410
410
409
590
596
594
595
673
674
669
689
682
691
692
365
365
363
438
437
438
434
435
436
412
411
591
591
579
580
579
575
672
670
663
669
692
691
692
687
364
364
438
435
1457
412
1456
1463
1463
1461
1564
578
672
672
671
662
663
1576
692
687
1577
1350
1351
1373
1377
1374
1376
1375
1377
1359
1459
1456
1458
1463
1461
1564
1566
1566
1564
1563
1562
1516
1516
1515
1516
1576
1577
1581
1351
1350
1372
1371
1374
1375
1457
1459
1479
1476
1478
1567
1566
1566
1566
1524
1512
1513
1513
1589
1575
1580
1581
1353
1372
1349
1370
1384
1464
1465
1477
1479
1472
1526
1524
1524
1513
1588
1586
1586
1587
1582
1583
1353
1340
1385
1384
1467
1464
1469
1479
1472
1478
1473
1523
1522
1519
1520
1587
1585
1584
1585
1341
1339
1340
1379
1378
1381
1380
1380
1398
1466
1470
1474
1525
1736
1521
1520
1601
1596
1338
1339
1340
1299
1380
1397
1400
1471
1471
1474
1475
1737
1739
1737
1735
1735
1704
1707
1706
1707
1702
1597
1701
1318
1318
1318
1301
1299
1300
1400
1400
1400
1403
1404
1402
1402
1738
1739
1734
1735
1735
1707
1714
1709
1313
1312
1298
1301
1301
1294
1388
1388
1405
1401
1402
1742
1734
1740
1728
1731
1705
1731
1719
1714
1715
1314
1314
1298
1298
1297
1293
1294
1292
1392
1388
1387
1406
1742
1741
1729
1731
1712
1715
1712
1713
1715
1713
1311
458
713
258
258
254
463
458
461
452
453
449
519
528
524
520
522
506
505
713
714
718
719
716
693
258
264
261
253
261
465
465
470
464
457
454
454
455
451
449
529
522
511
506
505
713
739
720
703
695
694
263
263
260
467
468
467
455
442
450
527
528
534
534
534
513
511
514
504
726
738
702
701
702
271
263
269
260
268
259
382
443
445
531
533
512
516
726
734
725
735
706
707
707
272
271
271
280
279
282
382
381
384
390
408
402
583
531
564
516
736
737
736
733
706
707
267
280
281
383
389
384
389
406
402
583
584
586
675
684
678
680
369
369
431
426
410
416
593
595
587
673
586
676
675
684
681
368
367
376
370
440
440
373
439
434
430
426
591
593
581
588
574
575
673
662
683
667
690
690
690
685
362
377
377
440
439
433
429
434
412
414
414
590
591
568
580
581
581
581
575
662
664
690
688
359
1377
437
1359
1456
413
1452
1453
579
580
1560
575
661
1627
688
1579
1336
1335
1371
1377
1358
1359
1458
1450
1455
1454
1568
1565
1562
1560
1562
1517
1518
1516
1577
1576
1581
1351
1351
1335
1373
1371
1369
1458
1459
1462
1455
1570
1569
1559
1518
1512
1518
1588
1588
1581
1580
1352
1348
1348
1349
1382
1368
1383
1367
1367
1495
1464
1476
1476
1570
1524
1522
1514
1514
1602
1588
1589
1593
1348
1347
1378
1385
1492
1467
1477
1473
1525
1530
1525
1527
1522
1599
1594
1583
1343
1379
1381
1492
1467
1466
1467
1469
1474
1529
1528
1528
1599
1599
1600
1601
1595
1344
1316
1344
1320
1299
1299
1398
1397
1399
1468
1403
1469
1474
1738
1411
1733
1733
1733
1598
1600
1721
1597
1596
1316
1320
1318
1319
1301
1302
1304
1400
1395
1403
1403
1411
1738
1733
1745
1720
1720
1718
1702
1708
1708
1310
1312
1303
1390
1392
1391
1404
1414
1747
1747
1745
1746
1745
1731
1718
1719
1715
1314
1314
1309
1309
1312
1296
1298
1295
1292
1291
1292
1390
1390
1392
1406
1414
1743
1747
1741
1741
1728
1728
1728
1725
1730
1717
1718
1711
1709
1729
1717
1716
252
462
712
257
284
253
286
253
462
463
460
461
453
452
453
523
526
525
520
506
505
711
714
721
722
721
723
723
723
695
266
290
462
465
461
454
451
449
524
519
526
526
526
506
711
739
721
695
264
266
260
266
260
466
465
455
455
450
448
532
530
550
512
542
726
739
735
738
735
697
697
695
265
276
270
277
276
382
467
392
392
401
401
532
531
553
551
737
749
738
735
734
699
707
269
275
278
382
392
392
402
397
531
551
564
737
736
733
732
699
636
268
268
371
373
388
390
387
404
629
628
563
564
565
564
675
751
675
733
640
632
680
369
366
370
371
372
371
373
425
388
416
404
403
629
587
587
576
681
668
640
686
367
367
367
377
426
426
422
416
414
592
415
569
577
577
574
676
668
667
689
685
685
686
362
362
376
354
440
427
434
421
421
416
414
568
569
571
573
662
666
667
685
688
359
360
358
354
359
1361
1360
1449
1451
1453
1453
568
570
570
572
1561
1556
665
1636
1625
1624
1625
1336
1337
1369
1356
1359
1451
1451
1451
1455
1454
1572
1572
1560
1560
1562
1517
1636
1626
1625
1627
1579
1336
1335
1368
1368
1494
1487
1449
1455
1568
1568
1570
1574
1573
1554
1539
1518
1632
1633
1626
1629
1628
1348
1346
1366
1495
1494
1495
1493
1507
1567
1476
1570
1502
1569
1573
1540
1541
1542
1603
1633
1593
1592
1346
1366
1347
1378
1367
1494
1493
1506
1503
1529
1530
1530
1542
1602
1603
1593
1595
1345
1344
1343
1343
1378
1448
1492
1505
1469
1497
1473
1502
1530
1528
1528
1536
1599
1602
1591
1594
1595
1316
1344
1322
1322
1322
1305
1305
1395
1394
1394
1393
1412
1497
1753
1755
1758
1601
1723
1659
1320
1322
1306
1306
1304
1306
1395
1412
1411
1411
1753
1738
1757
1732
1722
1723
1718
1701
1310
1320
1307
1303
1304
1395
1396
1394
1415
1409
1414
1746
1747
1762
1745
1727
1717
1723
1709
1710
1309
1309
1308
1295
1296
1390
1392
1389
1391
1416
1743
1744
1761
1744
1726
1727
1727
1725
1724
1725
1717
1711
1711
1710
1292
1711
284
286
286
285
288
462
460
460
487
499
503
524
524
523
525
540
535
536
536
709
709
721
722
723
693
284
286
290
290
288
485
486
499
499
498
449
501
549
525
541
540
536
537
537
755
720
697
694
306
289
289
485
484
487
482
496
451
498
545
550
541
554
541
542
752
753
755
746
696
698
698
265
305
266
278
278
485
391
396
550
554
552
554
749
748
747
697
699
270
270
276
276
277
331
331
392
392
394
399
399
398
560
554
553
552
566
749
751
750
733
744
636
634
634
320
321
320
320
332
330
331
388
388
387
404
399
628
559
629
566
565
657
750
655
750
639
640
632
636
319
321
320
373
333
428
428
422
404
629
627
627
627
619
576
619
659
658
640
658
638
632
366
357
356
427
428
423
419
625
567
660
660
638
637
643
361
360
357
357
349
424
421
421
418
420
624
569
569
571
573
666
649
667
644
644
644
361
361
359
354
1357
1360
424
418
417
418
605
571
573
573
572
1553
1557
666
1637
650
650
644
1622
1337
1337
1335
1356
1361
1360
1481
1485
1450
1452
1543
1571
1572
1548
1553
1555
1555
1556
1637
1636
1625
1624
1329
1337
1334
1369
1355
1488
1489
1486
1486
1484
1550
1572
1573
1539
1634
1637
1630
1631
1626
1629
1628
1329
1327
1326
1327
1367
1364
1364
1488
1495
1488
1487
1503
1571
1573
1574
1540
1541
1632
1630
1629
1618
1620
1628
1325
1342
1347
1365
1364
1492
1507
1505
1507
1501
1503
1501
1502
1534
1533
1542
1542
1605
1603
1604
1593
1619
1621
1345
1343
1278
1504
1496
1498
1754
1531
1527
1755
1535
1536
1605
1605
1591
1591
1592
1590
1274
1273
1267
1321
1277
1447
1447
1394
1496
1410
1497
1498
1754
1755
1754
1755
1759
1759
1758
1721
1658
1660
1660
1274
1321
1270
1321
1277
1435
1435
1423
1409
1410
1752
1753
1757
1756
1759
1722
1721
1657
1660
1659
1660
1265
1308
1285
1306
1276
1436
1396
1431
1416
1415
1409
1760
1753
1763
1757
1727
1723
1667
1667
1667
1266
1308
1307
1286
1286
1284
1433
1434
1416
1432
1416
1414
1761
1763
1762
1726
1725
1663
1668
1666
1284
287
866
298
285
291
285
473
472
473
497
491
494
503
499
503
500
503
546
546
546
535
708
709
863
872
862
873
871
871
283
284
285
288
472
487
486
497
491
549
545
540
540
538
538
537
709
754
873
867
866
304
303
289
288
484
485
487
483
482
497
497
498
550
541
557
755
753
754
755
747
699
306
301
300
302
302
278
300
336
483
483
391
394
395
395
396
549
548
558
753
555
742
741
746
746
305
305
305
301
337
337
386
398
397
559
560
556
556
749
745
745
745
634
636
317
333
332
331
386
386
399
83
398
559
626
559
566
566
654
750
656
745
744
635
319
315
316
333
385
400
400
628
625
622
627
620
660
654
657
653
655
638
638
632
631
319
317
356
349
349
346
428
423
420
420
622
622
625
618
619
660
658
651
652
644
644
631
642
360
318
357
351
352
423
419
624
600
601
659
616
601
650
649
652
642
643
361
1332
355
352
1360
424
1480
418
603
604
600
1552
601
1553
1557
1557
641
1623
1330
1333
1333
1357
1355
1481
1480
1485
1485
604
1548
1547
1553
1552
1557
1555
1635
1637
1634
1635
1623
1622
1331
1328
1333
1326
1363
1356
1355
1355
1483
1481
1483
1486
1486
1544
1549
1549
1554
1538
1555
1634
1626
1615
1329
1329
1327
1363
1362
1489
1507
1500
1550
1549
1533
1539
1539
1631
1631
1630
1618
1620
1620
1620
1324
1365
1364
1488
1505
1510
1506
1501
1501
1532
1531
1534
1538
1605
1618
1618
1621
1325
1267
1268
1267
1278
1448
1445
1445
1509
1505
1499
1498
1498
1750
1536
1604
1656
1591
1606
1619
1274
1274
1269
1267
1269
1277
1278
1447
1446
1442
1447
1446
1423
1418
1749
1751
1750
1699
1759
1656
1655
1658
1660
1272
1265
1273
1270
1275
1276
1435
1435
1423
1423
1409
1748
1676
1757
1750
1699
1654
1653
1657
1660
1266
1266
1263
1289
1275
1434
1434
1436
1431
1431
1431
1426
1413
1748
1678
1678
1664
1663
1668
1668
1266
1263
1285
1264
1286
1288
1284
1285
1283
1434
1433
1429
1432
1426
1425
1760
1676
1761
1763
1763
1762
1678
1663
1664
1666
1666
1668
1677
298
298
292
292
291
477
474
473
478
491
490
494
493
502
544
544
850
850
865
862
865
872
870
873
871
871
881
304
297
292
294
475
475
491
481
489
488
489
501
500
543
850
853
854
865
865
873
868
867
304
300
300
314
474
481
475
496
489
73
547
548
548
547
539
538
752
858
863
869
867
868
303
309
302
314
336
481
482
394
395
72
70
561
547
557
558
743
557
742
860
741
747
868
765
343
302
340
341
337
334
337
480
394
63
64
395
398
71
71
561
562
555
743
743
741
747
763
770
633
342
341
341
341
333
334
335
64
393
84
83
623
621
621
562
556
654
653
741
740
635
634
767
317
316
317
334
347
386
347
120
82
83
623
622
621
620
654
656
655
630
770
631
319
328
315
325
338
348
347
120
121
83
625
613
619
617
617
647
648
645
651
642
817
322
355
350
353
353
424
118
124
123
120
603
602
610
599
616
614
647
647
646
645
329
1332
351
351
353
1020
352
1016
119
125
125
605
604
599
598
603
599
600
1551
1915
650
1797
642
1331
1089
1333
1091
1357
1015
1483
122
1484
1544
1543
604
1548
1552
1912
1623
1802
1331
1330
1324
1087
1083
1363
1016
1016
1482
1032
1544
1546
1545
1548
1552
1558
1558
1915
1916
1916
1611
1635
1615
1614
1615
1328
1085
1363
1490
1490
1482
1511
1545
1545
1549
1538
1537
1537
1611
1615
1616
1324
1076
1268
1085
1084
1491
1491
1490
1511
1511
1511
1511
1898
1531
1537
1612
1606
1617
1325
1323
1282
1445
1444
1508
1499
1532
1531
1535
1700
1700
1613
1612
1609
1608
1272
1271
1269
1281
1282
1280
1443
1445
1442
1441
1421
1419
1417
1417
1751
1751
1700
1700
1699
1655
1656
1656
1653
1650
1262
1272
1261
1269
1280
1279
1280
1440
1443
1442
1422
1424
1418
1674
1749
1673
1654
1694
1685
1661
1652
1665
1651
1262
1264
1290
1290
1276
1439
1426
1430
1424
1420
1675
1676
1675
1680
1683
1679
1686
1662
1662
1665
1650
1665
1264
1260
1288
1288
1289
1284
1438
1438
1439
1430
1429
1426
1671
1676
1671
1680
1679
1678
1662
1663
1640
1640
1437
477
493
296
296
292
476
479
478
478
490
494
495
492
544
544
851
850
852
852
864
864
875
876
881
881
298
293
293
294
307
477
474
478
490
489
493
235
884
851
853
855
856
859
877
875
877
878
879
308
309
309
311
313
201
488
66
235
73
884
883
557
883
855
857
859
858
859
876
868
766
309
314
311
312
313
314
481
68
68
72
885
882
906
854
860
869
345
345
311
335
95
95
65
65
63
71
70
562
561
906
905
966
742
764
763
767
767
344
344
342
340
339
334
94
64
79
79
79
64
85
85
954
955
964
966
967
656
762
770
770
315
343
339
338
100
99
112
80
84
621
953
974
646
967
646
769
329
328
324
324
348
100
98
119
120
121
613
621
613
613
615
648
645
817
818
818
818
817
327
329
328
323
353
346
119
118
122
611
612
599
615
614
647
816
818
818
322
1088
329
350
1090
1021
1022
110
1018
124
125
123
122
610
603
612
1909
615
1910
1804
1804
1798
1798
1795
1802
1087
1088
1090
1089
1091
1020
1019
1020
1016
1018
1017
1038
1031
1923
611
1546
1906
1910
1910
1915
1809
1797
1810
1798
1802
1800
1086
1087
1083
1020
1018
1018
1031
1904
1906
1905
1911
1908
1810
1799
1086
1087
1074
1082
1084
1084
1015
1009
1032
1033
1034
1545
1897
1900
1908
1907
1913
1914
1914
1610
1914
1610
1611
1616
1077
1075
1076
1083
1085
1196
1490
1010
1009
1511
1898
1897
1900
1907
1913
1920
1611
1609
1616
1616
1073
1077
1076
1206
1282
1195
1443
1195
1509
1185
1187
1510
1508
1989
1898
1988
1920
1693
1607
1609
1609
1608
1073
1207
1282
1281
1443
1206
1181
1442
1444
1421
1419
1419
1417
1989
1988
1697
1698
1698
1694
1696
1606
1652
1239
1272
1280
1440
1439
1419
1417
1420
1674
1673
1697
1698
1685
1652
1685
1652
1650
1242
1243
1261
1261
1290
1439
1167
1427
1428
1674
1684
1683
1686
1687
1661
1651
1639
1262
1241
1289
1290
1287
1287
1287
1438
1438
1430
1428
1427
1672
1671
1670
1671
1679
1683
1679
1687
1642
1642
1640
1640
1260
1430
1640
233
889
295
296
293
477
198
203
231
495
203
495
493
232
233
890
890
890
852
852
864
874
881
875
875
881
308
296
293
197
479
203
230
231
235
234
235
235
887
883
884
895
857
856
859
877
879
308
307
197
199
201
67
73
74
75
886
886
884
883
882
857
861
857
861
861
877
879
878
174
173
312
184
201
200
69
67
66
77
77
77
907
906
910
905
908
781
781
779
780
782
764
766
345
311
176
181
184
96
97
69
69
68
69
76
77
910
911
906
962
781
768
765
768
345
344
177
101
95
95
97
78
79
85
93
76
909
955
954
966
964
967
962
963
762
758
767
326
324
177
100
100
99
98
99
81
81
85
945
955
955
965
967
975
975
762
762
770
769
327
327
327
325
104
105
102
113
112
80
945
613
953
952
970
812
814
326
324
146
103
103
111
113
116
608
609
607
607
615
949
971
975
813
816
1096
323
1093
1022
111
111
110
112
124
122
114
114
608
608
612
1910
1806
1806
1804
1796
1803
1802
1097
1093
1093
1022
1022
1038
1037
1038
1924
1901
1906
1909
1912
1806
1810
1798
1801
1095
1092
1081
1079
1017
1011
1036
1033
1038
1924
1924
1924
1904
1904
1906
1911
1916
1809
1807
1810
1799
1823
1800
1100
1083
1075
1085
1080
1010
1079
1009
1033
1034
1934
1899
1900
1908
1908
1917
1822
1821
1823
1074
1075
1078
1196
1195
1010
1033
1187
1186
1898
1899
1919
1920
1918
1866
1858
1607
1858
1617
1859
1072
1075
1073
1073
1076
1207
1194
1194
1187
1188
1186
1185
1989
1985
1987
1994
1994
1995
1994
1613
1917
1695
1607
1645
1858
1238
1238
1205
1206
1195
1182
1182
1180
1991
1984
1990
1995
1695
1695
1646
1646
1650
1242
1239
1205
1204
1215
1182
1181
1168
1181
1168
1180
1179
1991
1960
1683
1697
1696
1695
1685
1646
1647
1649
1243
1243
1243
1212
1215
1217
1216
1217
1217
1168
1168
1167
1179
1669
1670
1670
1681
1684
1690
1689
1688
1647
1641
1638
1241
1240
1212
1213
1212
1216
1219
1219
1219
1166
1166
1428
1172
1428
1170
1672
1669
1670
1682
1682
1682
1692
1687
1692
1642
1691
1644
1643
1639
1643
1644
891
829
162
161
193
190
192
202
231
231
229
222
221
233
892
889
895
838
841
839
837
836
836
829
880
833
880
193
192
196
198
202
228
229
232
888
223
892
892
896
896
838
838
838
837
836
827
879
833
162
161
197
197
199
199
200
230
74
888
888
888
886
887
907
894
907
840
840
780
766
775
174
175
173
175
183
184
184
187
200
67
75
885
903
907
861
780
782
781
785
785
766
174
179
175
178
183
176
182
186
97
86
88
77
77
910
910
912
912
911
961
760
779
756
764
180
180
182
177
181
101
96
97
108
88
88
89
92
92
93
92
957
965
963
963
760
761
757
757
757
142
141
104
107
105
109
89
117
91
91
93
93
947
947
958
953
974
957
963
759
761
814
814
143
148
146
145
109
102
109
81
90
115
946
953
951
949
971
970
975
973
975
811
812
809
810
143
146
104
113
116
116
115
116
608
606
609
948
949
968
968
969
972
969
812
805
808
808
1097
1096
1093
145
103
13
115
1922
607
607
949
1805
1804
1795
1796
1801
1097
1095
1094
1097
1093
1093
1014
1022
1029
1035
1035
1036
1038
1921
1923
1927
1902
1902
1911
1805
1808
1808
1824
1826
1801
1094
1101
1095
1095
1092
1080
1011
1014
1027
1028
1037
1038
1921
1922
1901
1891
1893
1911
1807
1808
1820
1824
1825
1101
1100
1080
1081
1079
1011
1008
1028
1023
1933
1933
1903
1904
1895
1919
1893
1918
1918
1822
1821
1823
1822
1823
1101
1072
1099
1099
1080
1079
1103
1008
1190
1188
1188
1934
1936
1935
1936
1936
1936
1900
1998
1919
1917
1867
1858
1072
1071
1205
1193
1207
1194
1192
1190
1192
1186
1188
1936
1985
1987
1986
1997
1993
1994
1996
1993
1861
1861
1861
1860
1865
1238
1211
1211
1227
1191
1189
1183
1183
1178
1178
1180
1991
1985
1986
1992
1993
1868
1646
1865
1864
1864
1238
1237
1237
1210
1205
1215
1227
1191
1184
1184
1177
1178
1175
1180
1966
1990
1958
1958
1844
1688
1648
1645
1648
1242
1243
1236
1213
1214
1214
1215
1223
1165
1166
1176
1170
1964
1967
1961
1682
1690
1689
1647
1847
1642
1647
1241
1231
1241
1232
1213
1214
1219
1222
1166
1171
1171
1170
1965
1960
1961
1681
1691
1692
1692
1690
1687
1643
1643
195
194
194
194
190
203
229
220
222
222
891
937
896
839
835
834
828
828
831
164
161
161
193
190
250
250
228
229
221
222
224
893
894
896
841
840
836
827
832
833
164
159
189
187
198
251
248
248
226
226
893
903
902
901
920
840
784
786
833
776
164
188
87
45
45
903
904
904
902
908
919
919
784
786
785
775
776
776
170
179
179
175
178
187
186
87
87
44
897
897
898
912
898
962
961
960
786
783
758
180
178
182
186
106
108
87
86
44
38
37
35
912
959
959
961
960
792
757
141
142
141
140
107
107
109
108
30
89
91
90
36
36
958
959
956
957
957
961
973
760
793
794
144
141
147
148
105
109
10
117
91
57
946
950
972
990
811
973
804
809
805
810
143
143
146
147
8
8
10
13
14
61
58
951
951
968
812
805
810
809
1120
1132
1133
1132
1133
1013
13
13
14
62
1928
951
1902
968
1805
1796
1812
808
1812
808
1133
1131
1133
1127
1013
1029
1026
1024
1926
1928
1928
1891
1891
1776
1808
1812
1813
1131
1130
1128
1129
1129
1014
1030
1028
1024
1024
1932
1925
1895
1891
1894
1773
1773
1819
1821
1825
1826
1101
1130
1104
1103
1058
1028
1027
1931
1931
1936
1930
1895
1896
1893
1893
1774
1773
1819
1825
1825
1099
1104
1102
1008
1158
1929
1935
1999
1896
1896
1996
1866
1820
1867
1859
1099
1209
1194
1208
1192
1190
1159
1183
1158
1986
1999
1998
1997
1996
1996
1872
1869
1860
1861
1860
1237
1210
1211
1209
1226
1192
1190
1178
1174
1985
1984
1986
1957
1993
1869
1862
1865
1863
1865
1230
1237
1211
1227
1226
1227
1151
1183
1175
1173
1174
1174
1973
1967
1967
1956
1959
1957
1959
1833
1844
1862
1863
1230
1228
1233
1233
1202
1224
1213
1225
1225
1223
1152
1171
1176
1175
1174
1966
1967
1963
1958
1954
1959
1955
1959
1845
1845
1846
1846
1848
1856
1231
1229
1229
1234
1218
1222
1223
1171
1172
1170
1967
1964
1965
1963
1961
1953
1953
1843
1843
1847
1849
1169
942
218
195
214
194
213
191
191
245
245
245
220
220
940
938
937
938
933
938
835
835
848
828
830
830
831
215
191
189
206
244
251
250
220
227
224
223
939
939
934
834
849
828
826
832
163
163
160
204
158
206
204
251
251
227
227
940
894
915
901
914
914
827
827
833
833
170
169
160
159
158
187
249
249
249
45
40
45
46
46
904
904
900
902
913
920
918
914
919
784
786
772
777
171
170
171
188
17
16
43
44
43
37
899
900
900
919
988
981
784
778
778
772
777
777
154
139
140
186
27
29
17
44
32
899
38
37
898
994
959
987
988
989
792
794
791
154
153
156
132
132
132
28
30
52
37
36
35
958
985
985
990
991
988
760
803
794
794
144
148
147
7
9
10
11
30
30
61
61
946
57
950
996
995
984
1007
990
804
803
793
810
1120
1123
12
10
1
61
59
62
60
57
946
997
1004
1004
1006
1007
806
805
1120
1127
1053
8
12
11
12
1025
60
1025
59
1926
58
60
1926
1948
1947
1005
1791
1005
1776
1778
1777
1812
1814
807
1119
1132
1014
12
1029
1025
1932
1928
1949
1927
1792
1775
1777
1778
1777
1813
1131
1131
1128
1126
1129
1127
1049
1058
1057
1042
1029
1026
1069
1030
1931
1926
1951
1792
1892
1792
1773
1771
1811
1817
1813
1112
1112
1108
1109
1129
1103
1058
1069
1023
1932
1930
1952
1930
1896
1892
1894
1783
1772
1820
1815
1818
1112
1111
1104
1103
1070
1160
1067
1067
1930
2000
1774
1771
1816
1816
1816
1880
1111
1098
1258
1111
1258
1254
1209
1156
1156
1160
1160
1159
1161
1158
2009
2009
2008
2000
2000
1999
1970
1871
1871
1867
1873
1881
1257
1259
1255
1209
1155
1149
1151
1160
1162
1157
1164
2009
1972
1999
1971
1957
1830
1873
1869
1883
1882
1256
1258
1200
1202
1202
1152
1151
1162
1175
1973
1973
1973
1972
1975
1956
1971
1957
1830
1844
1831
1868
1832
1863
1883
1232
1228
1233
1225
1203
1221
1224
1140
1173
1962
1975
1954
1963
1954
1844
1846
1846
1849
1849
1857
1229
1229
1235
1234
1221
1220
1221
1222
1137
1139
1140
1136
1967
1983
1963
1955
1827
1843
1842
1843
1849
1848
1856
1234
213
935
214
214
212
213
247
246
236
246
236
944
944
941
942
938
934
934
848
842
823
823
822
163
214
219
215
207
205
240
245
238
238
239
225
944
939
932
933
916
849
849
819
825
824
166
160
160
158
204
204
249
240
238
239
238
225
939
932
915
916
914
849
825
824
172
158
136
16
15
241
40
41
928
925
921
918
772
980
773
773
170
171
171
139
185
135
18
16
16
40
41
900
925
917
918
777
149
140
138
140
139
131
17
32
34
33
33
986
986
988
981
787
792
787
154
154
130
130
132
9
28
28
27
29
52
34
987
987
991
989
789
789
790
156
156
129
5
24
52
57
56
52
51
995
995
994
985
997
991
991
804
796
801
790
790
801
155
1121
1123
8
1
1
60
56
55
56
998
998
996
1005
1004
1007
1001
802
802
1119
1121
1123
3
2
0
1945
1947
1794
1794
1007
1006
1769
806
1768
1121
1127
1053
1054
1054
1046
1025
1946
1946
1946
1947
1948
1951
1791
1776
1777
1776
1770
1769
1813
1814
1118
1109
1108
1107
1051
1041
1041
1046
1940
1952
1951
1950
1787
1792
1772
1766
1818
1818
1112
1109
1104
1056
1109
1058
1070
1069
1068
1068
1952
1952
1949
1950
1890
1785
1786
1772
1771
1818
1815
1817
1113
1113
1105
1056
1055
1070
1070
1067
2010
2010
2000
2001
2003
1783
1870
1876
1879
1257
1111
1255
1255
1208
1156
1156
1154
1161
1067
1158
1163
2009
2010
2015
2002
2002
2003
1837
1872
1871
1877
1874
1880
1880
1881
1257
1258
1201
1201
1153
1149
1161
1163
1974
2011
1974
1971
1971
1970
1833
1873
1888
1885
1882
1259
1245
1249
1248
1201
1150
1149
1150
1151
1162
1164
1974
1977
1969
1969
1836
1831
1885
1852
1885
1883
1245
1235
1203
1247
1203
1148
1142
1141
1136
1977
1977
1982
1954
1830
1831
1853
1852
1857
1857
1244
1235
1235
1197
1221
1137
1138
1140
1140
1139
1138
1136
1981
1982
1828
1829
1829
1827
1851
1851
1857
1983
246
219
213
943
944
941
943
935
936
847
936
847
848
842
823
823
218
207
207
246
207
237
237
944
944
929
936
846
844
845
825
825
166
165
206
209
205
210
241
39
225
930
928
916
845
844
819
166
168
166
168
136
210
241
15
42
41
925
922
918
771
820
167
172
138
138
136
17
19
40
41
927
925
976
926
981
982
772
773
149
149
138
135
26
18
21
20
32
33
982
983
982
788
787
151
152
127
130
131
25
26
24
24
23
54
33
995
979
978
977
796
789
151
156
6
24
2
53
50
997
993
985
1001
801
151
130
5
5
2
53
47
998
997
1000
1002
796
799
802
1124
1124
1053
1053
1047
1043
1044
56
50
999
1788
999
1002
1793
1001
1770
799
1119
1119
1123
1052
1042
1040
1043
1939
1945
1947
1787
1789
1787
1790
1770
1769
1768
1117
1117
1042
1046
1046
1940
1940
1949
1787
1784
1786
1782
1766
1765
1117
1117
1117
1107
1107
1059
1056
1056
1060
1938
1937
1940
1950
1942
1784
1785
1786
1766
1766
1115
1114
1105
1062
1062
1061
1063
1066
2015
2015
2001
2005
2006
1783
1780
1786
1876
1879
1878
1253
1254
1062
1062
1066
2014
2015
2013
2002
2005
1871
1834
1876
1876
1879
1880
1249
1255
1153
1154
1163
1163
2011
2014
2002
1968
1837
1873
1889
1888
1249
1251
1200
1198
1149
1142
1147
1141
1144
1977
1974
1969
1836
1832
1889
1888
1887
1885
1245
1148
1148
1148
1142
1144
1976
1978
1983
1983
1840
1827
1852
1850
1852
1854
1245
1247
1197
1198
1135
1135
1981
1980
1983
1828
1829
1853
1851
1855
1855
1138
219
217
247
236
843
821
218
236
936
845
157
209
210
243
916
20
243
928
921
774
773
168
127
19
928
921
982
788
136
31
926
797
787
149
127
26
22
54
992
979
977
800
128
5
6
4
21
47
50
993
977
977
796
1125
152
1047
2
48
1002
1122
1048
48
1002
1768
799
1124
1048
1040
1044
1943
1788
1789
1789
1106
1052
1051
1039
1040
1045
1939
1943
1785
1782
1117
2006
1942
2007
2007
1783
1779
1779
1765
1059
1063
1065
2013
1780
1878
1110
1064
1065
2014
2004
1835
1877
1248
1252
1147
2013
1969
1837
1875
1889
1249
1251
1148
1143
2012
1979
1839
1834
1887
1887
1251
1146
1134
1978
1841
1841
1247
1144
1840
1854
219
932
847
843
930
137
209
210
980
993
978
978
150
128
22
26
800
0
799
1768
1052
1767
1107
1116
1045
1943
1790
1938
1781
1062
1879
1835
1253
1065
1837
1835
1840
1887
1145
1135
935
821
932
843
168
211
820
929
774
20
134
20
983
128
993
1003
1001
1048
1044
1943
1766
1060
1062
1779
1780
1257
1065
2005
1154
2012
1886
1143
1979
1979
1199
1144
1978
1839
1850
1855
216
847
243
922
922
845
167
927
31
797
128
978
798
152
4
47
54
999
48
1043
1942
1941
1937
2013
1253
2005
1145
1839
1886
1198
1983
1829
217
243
931
930
821
211
42
134
797
150
25
50
798
1003
1125
1124
48
1789
1793
1764
1116
1040
1938
1114
1061
1064
1115
1252
1064
1834
1199
1246
1246
1134
1980
1841
216
242
1407
1407
821
208
208
1315
1578
134
923
923
798
4
126
4
1050
795
1050
1944
1050
1050
1944
1793
1045
1781
1942
2007
665
2011
1875
1875
1838
1250
1250
1146
1839
1875
1199
1146
710
664
1407
924
815
815
1578
1578
133
924
133
1884
711
1884
1317
49
1012
1317
1323
710
1422
310
1354
1408
1250
1408
299
1315
310
