1120
306
188
187
162
161
300
299
306
407
164
163
297
396
396
396
407
409
409
176
185
185
312
312
400
401
234
158
167
166
166
302
312
375
231
258
257
167
314
314
313
366
366
375
270
257
168
168
314
346
366
254
258
254
255
348
348
347
346
346
362
362
362
373
266
265
265
256
256
348
346
354
358
236
267
266
264
264
256
344
343
356
357
352
358
236
236
958
849
848
343
616
957
957
958
849
848
848
616
574
961
959
852
849
561
954
961
972
972
840
840
847
625
560
560
573
962
962
963
843
889
602
600
560
571
571
570
570
970
970
971
883
884
889
889
600
600
568
568
568
968
968
973
668
630
974
975
879
875
886
677
677
678
630
631
632
634
933
933
978
978
875
665
637
932
978
979
979
879
875
876
876
665
679
637
679
637
636
181
181
181
181
182
179
188
189
187
189
161
162
163
162
299
300
300
306
306
307
395
395
395
407
406
407
406
181
182
188
188
187
158
187
164
163
299
297
298
309
307
307
307
396
418
410
407
409
182
176
176
185
185
158
158
164
164
163
164
298
302
298
297
298
312
307
400
400
401
410
409
409
231
231
234
277
157
158
158
167
166
302
302
314
313
312
399
400
401
401
375
231
231
234
235
234
277
277
258
167
166
169
301
168
301
313
365
366
362
375
375
238
233
277
258
265
258
258
257
168
349
301
349
314
345
314
313
365
366
366
374
374
374
373
238
238
239
270
270
270
254
255
255
348
349
349
345
334
346
355
366
355
363
358
363
373
238
238
267
270
265
254
253
256
255
347
348
347
347
334
355
354
352
363
359
359
236
237
237
266
267
265
265
264
254
256
256
341
341
344
344
344
336
356
357
354
357
352
359
360
358
237
237
266
264
853
251
855
849
848
850
617
343
356
356
356
357
357
562
359
359
576
953
953
957
958
959
958
852
872
853
853
853
855
849
848
616
617
616
616
617
625
562
625
628
562
563
575
576
953
954
957
961
959
852
853
856
840
846
847
618
618
618
626
626
625
560
625
563
575
575
575
954
961
954
959
972
843
843
841
841
847
618
596
626
595
561
574
561
571
574
573
962
962
972
972
842
843
883
840
847
847
889
602
602
600
566
566
570
571
570
970
970
969
963
964
974
971
971
973
881
884
884
601
599
600
566
566
570
970
969
968
974
974
973
882
884
884
886
886
890
890
599
668
600
677
630
630
631
632
568
632
968
968
966
966
974
976
977
882
882
886
876
890
886
668
667
668
668
678
631
632
633
933
932
975
975
975
978
879
878
876
876
888
665
668
678
678
677
637
636
637
632
634
933
935
932
975
931
978
979
979
879
875
878
876
665
665
679
636
636
635
635
635
635
635
932
189
395
180
179
179
191
191
189
161
162
165
292
299
292
300
300
308
308
393
396
418
418
406
406
181
175
182
179
188
187
186
157
189
161
159
161
159
165
165
299
300
298
309
308
394
394
418
410
408
408
175
175
186
186
186
157
160
164
170
303
303
303
303
304
298
304
309
311
400
399
410
409
410
232
175
232
176
233
186
157
167
166
303
301
304
311
399
397
401
398
402
410
402
232
233
235
235
235
277
279
260
157
260
167
169
301
301
314
313
365
399
365
398
374
375
232
235
279
279
261
258
261
259
169
349
345
335
365
366
373
374
239
239
270
261
253
252
349
349
335
334
335
355
351
363
363
238
239
239
269
269
269
269
265
263
253
253
341
342
347
346
334
336
355
352
351
351
363
352
361
361
237
267
267
269
262
262
253
262
252
251
251
341
342
341
344
337
337
336
336
353
352
361
360
240
958
262
872
853
251
850
850
343
337
617
336
357
562
360
576
955
956
959
957
872
872
855
855
850
850
620
617
628
629
628
627
627
562
563
563
576
953
953
956
956
961
873
852
856
856
846
620
619
626
629
626
627
563
574
575
576
954
954
956
952
961
960
964
960
867
866
842
846
846
618
596
595
595
560
565
561
573
573
949
949
964
972
842
841
841
847
602
602
602
595
566
566
569
573
969
965
964
866
883
881
883
844
885
601
601
599
567
567
569
567
570
969
967
967
969
965
974
973
881
881
883
885
884
890
890
891
601
599
673
567
630
643
568
633
967
967
966
966
976
976
976
882
881
880
888
888
890
667
673
677
631
631
633
633
633
935
934
976
977
880
878
877
666
667
667
678
666
673
680
640
640
634
935
935
935
935
932
931
931
931
978
979
979
977
880
878
877
877
665
666
679
666
679
681
681
681
636
641
640
640
635
681
641
641
191
191
393
180
180
180
180
191
190
190
190
146
165
146
155
293
293
292
294
308
308
393
394
419
419
419
419
419
416
408
177
178
190
183
146
161
165
165
293
292
295
292
294
309
393
394
419
408
175
177
178
178
184
184
183
160
160
160
170
305
304
304
311
309
394
394
398
397
398
417
408
408
175
178
229
184
228
184
159
160
160
170
170
305
305
310
311
311
389
397
398
402
402
402
232
235
228
279
260
171
171
174
305
311
321
364
397
398
388
403
404
233
233
227
279
261
260
259
259
317
318
321
322
322
322
335
322
364
364
371
371
373
230
243
239
227
278
278
279
279
261
261
259
259
318
345
315
335
365
350
372
371
243
242
243
269
263
247
247
252
252
342
252
342
337
335
333
334
350
351
351
361
361
371
242
242
242
268
263
263
263
247
250
252
251
342
342
339
336
355
353
353
361
360
240
241
240
268
240
873
872
855
854
851
851
340
339
340
339
628
623
353
592
592
583
583
955
955
960
874
873
856
854
856
851
851
613
619
629
629
628
627
592
594
583
592
576
956
956
960
960
867
856
856
851
620
612
620
619
629
623
597
627
561
594
593
581
584
949
950
867
867
842
857
841
844
620
844
620
845
620
619
596
595
598
565
594
581
572
949
952
952
964
867
866
858
858
844
889
609
596
595
565
569
572
572
949
945
947
945
965
901
866
904
885
903
891
894
608
601
606
606
564
565
569
569
572
967
947
966
965
965
965
965
928
901
904
881
885
891
891
608
606
564
643
646
934
929
929
927
927
928
901
888
891
887
887
667
674
673
673
643
643
633
919
930
934
930
927
928
977
880
877
887
887
671
671
676
676
674
641
674
639
638
935
935
934
930
931
944
880
906
878
877
670
670
670
676
681
676
680
681
680
680
641
639
638
638
977
638
203
180
203
191
195
190
195
146
147
155
154
293
293
293
294
282
282
282
280
393
411
417
417
417
415
204
203
183
184
193
183
146
155
155
156
156
156
295
295
296
283
282
283
309
389
417
416
416
177
178
178
183
144
145
140
143
170
156
296
296
286
310
286
283
389
390
390
387
413
403
403
229
229
177
184
144
144
171
172
296
286
286
287
389
392
388
403
403
230
230
228
228
228
226
275
140
171
171
174
172
173
305
310
310
284
322
392
322
392
397
388
388
404
404
230
230
227
230
227
278
275
275
260
246
174
173
318
316
318
321
322
320
364
379
350
372
372
367
368
244
244
227
278
278
275
273
246
245
317
317
318
318
319
322
320
333
378
372
378
372
367
244
243
268
273
273
247
245
323
333
333
378
381
371
370
243
241
242
274
274
272
247
247
250
249
323
340
340
340
338
333
378
350
381
370
370
241
241
240
268
874
871
248
250
249
250
331
340
339
339
338
623
624
382
591
382
382
370
583
1108
1109
1109
874
873
871
871
854
854
851
615
613
613
613
623
623
624
593
590
592
583
584
950
1110
951
874
873
869
869
857
857
854
612
613
613
597
593
593
594
594
584
581
584
950
952
1108
951
951
868
868
869
868
869
857
845
612
619
609
597
598
594
581
581
582
582
582
946
948
950
951
868
866
858
858
864
864
845
845
845
609
609
598
598
565
589
589
582
582
578
945
947
913
903
894
895
891
608
606
608
605
606
564
564
642
577
572
644
945
945
947
920
913
928
902
903
903
894
894
895
607
608
608
605
606
605
564
642
646
646
646
918
919
920
929
929
928
901
904
897
888
891
671
672
674
674
642
643
645
646
645
646
919
919
930
927
940
944
944
906
878
897
897
671
671
671
674
675
643
639
639
639
926
926
930
941
940
941
944
944
906
906
896
896
670
670
676
675
680
658
639
638
941
194
415
203
203
193
194
195
195
147
150
150
150
150
155
154
153
154
294
290
291
282
280
411
412
412
412
414
414
416
204
204
204
195
195
147
147
147
150
295
290
283
283
283
281
281
411
411
413
416
416
204
208
208
200
200
145
145
140
142
141
156
156
295
287
287
390
390
390
390
413
403
204
223
208
223
198
226
198
198
145
140
143
142
143
172
172
295
289
287
389
285
391
386
385
405
221
229
229
223
226
226
276
174
174
289
287
284
284
392
387
386
388
405
404
218
224
224
275
276
276
174
173
173
316
316
316
321
319
320
392
376
387
388
368
244
219
224
224
246
246
245
316
324
324
315
319
320
379
379
379
376
380
380
367
367
244
216
274
274
273
272
273
246
245
249
324
324
324
325
325
379
378
383
381
381
369
367
369
241
212
217
217
272
248
249
323
328
338
332
332
332
382
381
381
369
370
241
1109
217
272
871
248
871
250
331
331
338
622
338
624
624
591
369
585
1109
1109
1110
874
870
859
859
859
860
331
615
621
622
621
624
591
590
591
590
590
584
585
1108
1108
1110
1110
1119
874
1119
870
870
870
859
859
857
615
615
613
622
597
587
590
584
585
1108
950
951
1119
1119
869
864
864
612
611
609
597
597
589
589
587
577
578
578
578
948
951
868
869
858
862
861
864
865
611
610
611
603
589
577
577
578
946
946
948
948
913
902
902
902
903
861
895
895
895
604
604
588
642
644
577
578
946
918
920
913
921
913
912
910
902
908
902
904
903
895
607
607
605
604
604
664
664
646
644
918
918
919
920
917
910
907
905
909
897
897
607
685
672
696
695
642
664
645
645
926
926
924
917
929
943
944
905
905
906
906
899
896
685
695
695
658
658
659
645
926
925
926
926
924
924
941
941
940
943
944
937
898
896
896
669
685
669
669
672
675
675
658
658
651
651
651
672
201
201
193
194
194
197
195
196
148
151
151
151
153
153
290
291
291
280
411
412
469
414
412
414
414
415
455
201
201
193
193
200
145
148
141
149
149
151
154
153
290
281
280
465
469
469
414
455
455
208
208
208
209
199
141
200
143
154
73
288
289
288
288
281
281
391
466
413
413
416
459
221
209
209
200
198
199
141
142
142
72
72
289
288
285
285
391
285
391
385
385
385
405
459
219
223
222
222
226
225
225
140
143
76
76
172
173
72
72
289
284
285
285
392
386
385
506
506
405
219
223
219
222
226
225
276
133
246
125
134
316
552
315
551
284
320
376
386
386
368
405
505
218
218
218
224
274
276
133
133
134
134
326
326
319
319
377
376
376
380
504
368
212
212
212
215
214
215
271
139
134
134
323
326
325
325
325
377
383
384
380
368
516
212
216
217
271
271
248
138
138
139
139
330
331
329
328
332
377
382
384
384
383
213
1106
217
217
271
1104
272
989
135
138
138
331
330
328
328
330
328
327
621
712
383
700
369
1106
1107
1110
1102
1104
989
871
137
860
860
615
330
614
621
713
585
700
1106
1110
1107
1107
1117
1119
1104
989
860
860
614
863
614
621
621
622
587
712
713
712
586
590
585
585
579
1112
1118
1119
985
991
862
865
863
611
614
611
603
587
586
579
579
1112
1112
948
1118
1118
1119
985
861
862
865
865
863
863
611
603
588
588
580
946
946
912
912
907
861
892
610
610
603
699
604
588
588
661
661
918
921
921
912
911
911
910
907
908
909
909
909
892
892
683
699
699
699
697
664
664
664
663
662
922
921
922
921
916
917
911
910
908
908
909
909
893
682
683
684
656
697
657
656
662
662
663
925
925
924
917
917
938
898
936
898
899
685
685
682
696
684
695
657
658
659
656
662
651
925
925
914
914
914
941
943
943
937
937
900
899
669
685
684
684
696
695
659
659
652
652
943
197
152
202
202
192
196
196
196
148
149
151
151
153
290
290
291
280
469
471
471
470
458
457
456
456
202
205
205
192
205
197
199
148
148
149
153
78
428
430
469
433
465
466
457
458
457
455
455
206
206
206
207
199
82
141
74
78
73
434
434
435
433
465
433
465
466
466
457
459
459
206
207
209
209
199
209
141
77
76
73
436
435
435
465
466
462
221
221
209
225
59
60
77
76
76
72
72
552
435
551
433
554
386
506
506
506
505
220
221
220
220
222
225
60
77
126
125
125
126
124
124
551
551
554
553
553
376
501
504
505
218
219
214
215
54
60
133
125
124
552
549
550
377
498
383
504
212
211
210
214
215
54
64
135
139
134
326
326
326
545
548
384
384
517
517
517
516
516
211
213
210
215
271
135
136
139
139
329
327
327
546
525
384
517
516
516
213
1106
213
216
1103
1105
1105
135
988
136
138
137
137
329
330
327
714
546
714
704
705
701
701
701
700
1107
1102
1102
1102
1103
1102
1105
1104
989
989
988
991
860
788
328
788
798
714
714
712
705
701
705
703
702
700
1107
1107
1117
1104
988
991
993
798
798
798
715
713
706
703
1112
1111
1112
1117
1118
1115
989
990
991
987
987
863
792
797
797
797
713
710
710
586
710
586
586
580
1112
1111
1111
1117
1116
985
985
985
984
865
791
610
811
797
713
711
586
580
580
580
1079
1076
1118
1116
911
980
907
985
862
1028
984
862
892
892
610
699
811
697
660
661
661
661
1078
1077
911
911
910
980
908
908
907
909
893
893
892
683
683
698
699
698
697
663
663
662
922
921
916
939
939
898
893
898
682
683
699
698
657
657
657
663
653
922
922
916
925
916
939
936
899
899
682
686
696
691
655
656
656
653
923
923
914
915
914
942
942
943
937
936
900
900
690
684
689
686
696
686
691
693
655
655
652
652
923
937
652
79
429
192
192
197
197
197
83
86
149
83
152
152
79
78
429
429
429
430
471
470
458
458
458
458
456
202
202
205
28
196
83
86
86
79
85
78
78
427
434
434
430
471
430
470
457
456
206
206
26
27
27
74
73
74
70
426
436
434
436
433
467
466
464
464
464
462
460
460
9
10
207
58
58
58
75
74
74
71
71
70
436
435
436
433
432
463
464
461
461
462
462
460
221
207
11
59
59
58
60
77
77
77
75
71
71
551
557
554
499
499
506
505
502
220
220
11
55
59
60
60
126
127
124
123
124
552
559
551
554
553
498
499
498
501
504
505
211
210
52
54
54
54
55
55
126
127
124
545
549
553
550
553
498
526
500
501
504
502
211
210
211
214
62
54
63
63
133
122
545
548
549
550
546
518
517
211
210
62
62
64
64
136
132
329
543
542
542
546
548
547
525
519
517
1090
216
1103
1105
64
64
136
136
137
137
132
132
329
543
547
716
715
704
705
701
704
700
1090
1103
1103
1105
988
992
992
992
787
799
798
716
715
704
707
706
702
1114
1114
1114
1115
990
990
995
993
992
788
788
788
792
799
798
716
712
707
707
706
703
703
703
1114
1114
1113
1115
1113
1115
1115
983
991
993
792
792
796
797
715
710
706
722
722
1111
1111
1116
983
983
984
984
987
987
791
791
708
811
708
711
722
660
722
580
722
1079
1079
1078
1078
1076
1077
980
981
984
1028
1027
1027
806
806
806
812
812
812
811
660
711
697
660
649
649
1078
1078
1077
1077
980
1021
1021
1028
805
805
807
812
692
660
663
650
650
1082
1083
1084
916
1037
1021
939
939
1021
1028
1029
1027
805
689
686
698
698
692
692
647
647
650
1082
1084
923
915
915
942
1037
938
1038
939
1029
1025
1029
690
689
689
687
688
691
692
648
648
655
653
923
1072
915
915
942
942
938
938
938
936
1026
900
1026
900
1025
690
690
689
687
691
687
693
693
694
655
693
655
654
653
654
653
425
487
22
22
20
28
28
83
86
86
84
81
80
79
425
429
431
467
467
468
470
468
470
487
487
489
487
28
29
29
27
83
85
85
79
427
81
427
425
424
431
431
471
467
468
468
489
456
489
9
29
29
26
26
27
82
85
70
426
427
427
426
427
436
424
432
431
468
461
460
481
9
11
10
10
26
56
58
57
82
75
70
426
422
432
463
463
463
463
475
461
460
9
8
11
11
10
11
56
56
57
75
127
71
71
557
422
559
559
558
492
500
461
461
502
8
8
52
52
53
53
59
59
57
126
127
127
123
123
123
123
558
554
499
499
500
500
502
503
502
38
38
52
55
53
63
130
128
130
128
122
122
545
545
559
549
550
550
498
500
501
522
522
38
36
52
61
63
63
65
128
128
122
544
549
548
549
526
527
526
526
518
519
519
523
523
35
36
62
64
131
131
132
132
543
542
543
547
547
527
527
525
525
525
519
519
523
523
1090
1090
1088
62
62
67
132
787
542
542
547
704
704
701
731
702
1090
1089
1089
1089
1087
1094
1094
988
996
995
992
995
992
787
788
800
799
716
716
715
707
706
725
724
702
1089
1092
1089
1091
1091
1113
1098
1094
996
995
994
993
787
787
799
802
709
715
709
707
725
725
724
1092
1092
1091
1116
1097
990
994
996
994
795
793
792
796
796
708
796
708
709
710
723
725
721
724
1092
1079
1079
1091
1113
1116
1097
983
982
987
987
795
793
795
791
795
793
809
809
708
711
748
721
1079
1076
1077
981
1077
981
981
983
982
1027
1014
795
806
806
808
809
810
711
751
751
748
748
649
748
757
1083
1080
1081
1038
1022
1022
1022
1022
1028
1028
1030
805
805
807
812
812
751
649
649
650
650
1083
1083
1083
1080
1081
1038
1038
1038
1022
1021
1029
1030
1031
1030
817
807
807
837
763
648
647
649
650
1082
1083
1084
1084
1037
1038
1037
1032
1026
1026
1029
1025
690
817
688
687
692
694
648
761
654
647
1072
1072
1082
1072
1036
1036
1037
1032
1026
1026
1025
1025
690
688
688
687
693
694
694
694
648
654
654
22
20
20
19
20
83
84
84
80
80
425
450
431
431
467
477
486
487
488
22
22
21
28
27
100
84
85
84
81
81
81
425
424
424
441
468
473
486
489
489
21
29
29
31
30
100
101
101
90
81
426
423
420
421
445
473
473
474
489
481
9
0
75
90
95
422
422
423
421
432
445
463
475
475
474
474
481
481
12
13
13
10
0
56
57
89
89
93
422
557
559
559
558
499
492
493
475
503
503
8
13
53
56
57
66
89
129
129
121
121
120
557
555
558
558
493
508
502
38
37
37
40
53
66
66
130
130
130
129
122
120
120
555
555
558
550
540
526
493
500
521
522
38
38
36
36
61
66
65
130
128
109
544
548
528
528
518
528
520
524
521
522
35
35
35
39
61
65
65
67
67
109
110
544
535
527
518
521
523
524
1085
1085
1088
1088
1088
1094
67
67
131
110
800
542
800
527
728
731
717
524
731
524
1088
1087
1087
1099
1098
995
1000
998
789
801
801
802
716
728
731
730
720
1092
1087
1099
1100
1098
1098
996
996
994
998
790
789
804
802
803
709
729
723
723
725
724
1092
1091
1100
1097
1097
996
994
795
790
795
793
804
804
803
708
729
729
723
725
724
1059
1058
1065
982
1014
794
794
809
796
803
809
747
721
747
721
1058
1065
981
1040
982
982
1014
1014
1014
808
809
810
810
750
749
751
751
748
748
747
1080
1080
1081
1081
1040
1040
1020
1020
1031
815
808
808
808
839
751
757
757
756
757
1074
1080
1081
1040
1039
1040
1033
1022
1031
1031
1030
815
815
817
817
807
837
839
839
763
763
757
758
1084
1075
1084
1084
1039
1039
1036
1040
1034
1033
1032
1024
1031
1024
1030
817
818
836
837
838
837
838
838
763
761
761
766
765
765
1072
1075
1075
1073
1036
1034
1032
1024
1023
1023
818
688
818
836
836
837
694
838
761
761
765
1023
450
23
19
22
19
19
17
17
103
103
103
99
80
452
454
452
454
441
454
442
442
477
486
488
488
488
19
19
30
32
103
100
100
98
98
98
80
453
452
441
477
479
486
486
488
15
21
21
31
31
31
30
100
101
94
94
452
421
441
421
444
444
473
482
482
482
12
15
12
13
0
30
101
3
90
90
95
95
95
95
423
420
420
420
445
445
445
444
444
473
475
474
482
12
12
13
0
50
90
95
93
93
121
423
556
556
492
492
490
475
503
508
472
508
507
37
0
48
50
49
129
88
89
118
556
121
121
556
556
555
541
491
493
520
509
509
37
42
40
40
40
48
49
130
114
121
120
120
555
540
540
541
541
491
493
520
509
509
37
36
36
40
48
65
68
114
130
111
109
544
119
535
535
536
540
528
520
521
521
515
524
1086
1086
68
65
68
111
112
110
111
109
544
534
527
529
530
530
515
524
1085
1093
1093
69
69
69
68
1000
111
998
110
789
110
110
801
801
801
529
726
529
728
728
728
730
730
524
1085
1086
1094
69
999
1000
780
800
801
800
802
726
728
729
730
717
1087
1085
1099
1101
1101
1101
1098
1098
1005
1004
999
1000
999
999
790
789
776
727
802
727
727
733
733
720
720
1059
1059
1099
1101
1100
1100
1005
1005
998
790
790
804
804
804
727
803
737
738
723
719
720
1059
1059
1066
1065
1007
1012
1013
1013
794
793
749
749
745
721
719
745
1058
1060
1060
1058
1060
1066
1065
1007
1007
1012
1014
1014
1013
1013
794
783
794
813
813
810
827
750
751
747
746
759
1060
1060
1066
1065
1047
1048
1019
1019
1019
1020
814
814
814
808
827
839
750
751
756
759
759
1070
1070
1070
1039
1039
1033
1020
1019
1031
815
816
816
816
816
838
826
839
839
763
764
756
752
756
760
1074
1075
1073
1039
1035
1035
1033
1024
821
818
835
835
836
838
763
762
766
765
766
758
1075
1075
1074
1073
1035
1034
1034
1034
1033
1024
1023
821
818
835
836
836
834
762
762
761
766
766
765
1035
17
438
24
24
17
17
104
104
99
104
99
451
450
450
454
454
454
438
442
479
485
485
485
24
24
24
25
32
32
102
103
102
102
99
98
453
452
453
441
441
442
479
479
485
484
15
25
31
31
34
34
101
102
101
94
99
92
448
448
443
443
444
444
483
482
15
1
3
88
88
88
94
94
447
447
445
443
472
472
483
482
16
13
1
1
50
51
51
88
88
93
93
423
539
539
491
508
16
42
1
47
50
47
51
118
118
117
117
539
491
491
490
510
508
507
42
42
41
41
48
48
50
49
49
114
119
119
539
541
491
490
510
510
509
42
39
40
44
113
114
109
106
119
119
536
536
536
540
534
539
531
520
515
515
514
510
514
39
1053
1052
44
68
112
112
105
105
106
535
533
535
529
529
530
530
514
514
1053
1086
1093
69
69
112
780
777
770
726
530
513
734
513
732
1085
1099
1095
1093
1095
1000
780
780
780
777
777
777
776
726
726
734
734
734
734
720
717
1051
1054
1101
1101
1101
1004
1004
1000
779
776
772
772
742
726
733
733
719
720
1057
1057
1066
1101
1055
1005
1005
999
1010
779
785
786
772
773
773
737
737
738
733
719
745
719
1057
1057
1064
1064
1007
1012
1012
1010
783
783
786
773
830
738
749
745
744
1061
1061
1066
1062
1064
1007
1007
1006
1011
1012
1013
1011
783
813
786
830
830
830
829
750
746
746
745
759
746
759
1069
1061
1063
1047
1048
1048
1019
1017
814
814
813
813
827
827
750
753
753
760
760
1070
1074
1069
1070
1049
1049
1048
1049
1048
1019
1017
816
819
827
834
827
833
756
758
758
760
1075
1074
1046
1073
1046
1049
1043
1015
821
821
821
821
835
834
764
762
769
768
758
1071
1074
1073
1035
1035
1043
1043
1015
1016
1015
1015
820
820
824
834
831
834
767
769
769
768
831
104
25
17
451
451
453
451
453
438
478
438
437
478
479
484
485
23
33
32
104
34
96
99
451
451
448
438
437
479
480
484
484
25
25
34
34
34
102
91
92
92
448
448
443
480
480
483
14
16
16
15
2
3
97
87
91
92
447
439
495
472
483
16
16
1
1
2
87
87
91
92
446
447
495
537
497
496
496
507
5
7
7
47
51
51
113
115
118
117
490
494
495
497
510
5
4
7
41
47
51
49
113
113
113
116
117
536
537
538
490
511
510
5
41
44
43
113
116
107
534
534
540
531
515
4
41
44
44
112
106
106
533
534
531
531
513
515
514
1053
1052
1095
1096
1096
1001
781
106
105
533
770
534
532
731
530
734
514
1051
1051
1052
1095
1004
1001
1001
781
777
777
770
741
770
741
732
732
717
1051
1050
1003
1001
779
779
776
776
773
742
737
739
733
718
1056
1051
1057
1055
1054
1055
1055
1004
1055
778
779
785
773
774
771
737
736
740
743
1056
1057
1066
1064
1006
1006
1010
1010
785
784
786
828
773
830
738
736
743
744
744
1062
1063
1064
1006
1011
784
784
786
828
830
735
829
735
746
744
744
1061
1062
1047
1041
1017
1017
782
814
826
826
829
735
753
760
1069
1067
1046
1046
1049
1042
1041
1017
1018
819
825
825
833
752
753
755
755
760
1071
1049
1045
1043
1042
1017
824
825
825
835
833
833
753
767
769
755
1071
1071
1046
1045
1016
820
820
824
831
832
832
769
769
768
768
1043
25
18
104
99
478
476
23
99
437
480
33
34
34
97
439
87
91
446
439
476
483
16
47
87
446
495
495
496
3
117
447
496
507
5
4
46
115
117
538
538
494
512
45
44
43
43
116
107
107
533
538
511
511
1052
4
1096
43
108
532
1052
1096
105
532
718
512
1050
1002
1003
781
775
770
741
741
1050
1055
1003
1003
1001
778
778
774
742
739
1056
771
774
771
771
737
740
740
718
1063
1009
1010
786
740
743
1063
1008
1010
784
828
829
746
1067
1047
1041
784
822
829
735
755
1069
1067
1049
1041
819
825
823
752
753
755
1067
1042
1016
825
832
767
1045
1042
832
767
23
439
437
478
449
2
3
97
472
537
537
495
5
7
115
43
512
108
512
732
1095
732
1054
1050
781
775
742
782
742
1006
744
735
1062
1011
829
823
832
754
1044
820
449
476
449
480
14
32
484
449
496
115
6
115
494
45
538
532
513
1002
781
775
718
1054
1003
740
736
1061
1009
828
1008
782
754
1041
822
822
1045
1018
819
823
767
768
18
437
96
439
439
480
14
446
116
496
45
538
511
4
46
108
116
533
108
781
774
771
785
785
1062
828
1044
823
754
1045
824
831
18
96
449
449
476
97
92
2
497
7
46
107
511
532
1053
1052
108
741
739
718
1050
1002
778
1056
1008
1009
1056
1063
1008
736
1044
1068
1068
1016
824
832
18
96
986
986
476
33
33
997
997
6
440
440
497
46
45
46
1096
511
1096
775
1002
1002
775
739
778
742
774
771
428
782
736
754
823
1068
1068
1042
823
754
1044
1044
428
428
986
440
477
477
997
997
6
440
6
764
430
764
1016
107
963
963
1009
421
1009
169
998
1018
1068
1018
169
843
144
