1568
78
520
464
455
455
87
87
78
22
421
416
86
19
19
19
16
16
17
516
461
460
89
80
80
18
533
419
416
417
417
93
82
24
530
419
424
423
91
91
82
29
29
24
532
409
423
422
152
148
27
408
409
415
412
156
153
158
157
148
117
118
101
26
558
413
557
413
411
158
149
118
100
546
545
559
559
557
410
164
149
115
115
110
99
547
546
1442
1528
1525
163
1070
1434
1444
1442
1529
1530
1525
1069
1027
1444
1430
1541
1530
1023
1437
1431
1432
1430
1560
1559
1559
1074
1024
1024
1018
1426
1424
1421
1555
1170
1171
1171
1024
1021
1020
1019
1018
1425
1426
1427
1555
1500
1170
1170
1166
1166
1100
1021
1096
1425
1425
1471
1138
1101
1405
1406
1470
1509
1509
1145
1145
1146
1101
1098
1085
1086
1415
1411
1403
1404
1506
1511
1087
1415
1403
1404
1476
1476
1506
1506
1510
1135
1135
1089
1089
1088
1084
524
525
524
525
525
523
462
464
463
458
455
455
446
445
445
87
87
78
76
77
76
73
73
23
23
22
15
525
515
523
463
463
459
463
446
445
86
86
89
88
78
77
78
20
22
17
17
17
516
516
516
515
461
421
421
418
416
418
418
94
95
90
90
90
81
81
20
20
18
17
17
16
530
530
537
533
420
421
421
418
417
95
93
93
82
80
84
20
28
28
25
531
531
530
538
537
538
405
419
424
424
422
95
422
91
84
27
29
29
25
25
529
529
532
409
409
409
407
424
423
155
154
154
152
147
152
148
84
117
29
26
25
26
26
548
550
555
555
554
554
408
412
412
156
154
154
147
148
148
121
117
120
101
100
101
100
550
550
555
559
414
413
414
411
411
158
157
158
157
120
121
115
111
102
102
99
547
547
546
558
559
559
562
560
415
410
411
159
159
164
164
163
162
113
115
110
114
103
103
98
100
547
547
559
557
1540
410
1529
1530
1530
1525
1070
163
113
113
114
114
114
1010
98
99
1011
1434
1435
1444
1444
1443
1443
1541
1539
1542
1542
1528
1529
1530
1530
1070
1068
1070
1070
1070
1075
1032
1075
1029
1010
1010
1025
1028
1435
1434
1436
1440
1443
1541
1542
1529
1520
1520
1520
1066
1066
1067
1076
1076
1074
1024
1075
1026
1026
1028
1028
1437
1436
1438
1430
1432
1556
1556
1558
1560
1067
1067
1076
1077
1074
1022
1025
1023
1021
1026
1018
1424
1421
1431
1432
1557
1556
1560
1560
1559
1559
1170
1076
1174
1166
1024
1021
1020
1021
1020
1426
1426
1422
1429
1429
1428
1427
1427
1471
1471
1502
1500
1170
1137
1175
1167
1168
1020
1425
1426
1422
1429
1427
1471
1472
1500
1501
1503
1503
1137
1137
1137
1136
1167
1145
1101
1100
1101
1098
1096
1097
1413
1412
1413
1412
1406
1407
1472
1470
1470
1501
1509
1504
1503
1138
1138
1136
1143
1139
1101
1097
1098
1411
1418
1418
1418
1407
1407
1477
1507
1507
1511
1511
1135
1138
1146
1146
1146
1087
1088
1087
1086
1086
1415
1416
1417
1417
1417
1404
1404
1404
1478
1476
1507
1511
1510
1135
1147
1089
1088
1086
1085
1084
1085
1086
1415
464
73
524
525
520
462
464
458
454
446
446
468
444
467
85
85
77
77
75
23
23
22
15
13
524
519
515
525
515
460
461
460
459
454
442
454
443
443
444
86
85
90
74
74
75
21
21
12
13
13
517
518
514
461
460
459
441
443
444
96
97
97
97
97
93
92
89
79
79
79
33
14
14
531
526
526
537
526
533
404
416
417
97
95
93
81
81
46
28
43
35
35
35
531
531
538
537
538
533
405
406
420
426
423
427
155
151
151
83
83
84
46
28
34
35
531
538
532
405
406
409
407
412
427
155
152
150
119
117
26
34
549
548
556
407
415
395
155
153
151
121
150
121
119
118
106
550
549
549
556
555
553
556
561
562
415
414
156
157
170
149
150
170
120
119
116
111
102
103
102
107
547
545
551
551
562
562
414
562
397
397
396
159
161
161
164
162
169
169
168
112
112
103
109
542
1442
560
1537
1540
396
1526
1527
163
162
1071
162
112
1010
98
1011
1433
1433
1444
1443
1539
1539
1542
1519
1527
1527
1069
1069
1071
1073
1071
1031
1031
1029
1011
1010
1028
1435
1435
1433
1436
1440
1539
1541
1519
1521
1521
1066
1073
1072
1075
1077
1029
1005
1026
1028
1027
1438
1437
1438
1438
1440
1441
1431
1440
1543
1547
1556
1558
1065
1066
1077
1174
1034
1024
1004
1022
1025
1017
1437
1423
1429
1432
1557
1560
1560
1565
1067
1172
1171
1174
1167
1022
1016
1018
1423
1428
1428
1547
1557
1474
1557
1565
1505
1169
1175
1175
1165
1165
1021
1099
1019
1423
1413
1452
1422
1422
1405
1472
1475
1472
1502
1501
1502
1505
1169
1505
1169
1175
1140
1168
1100
1099
1096
1094
1413
1413
1413
1408
1406
1407
1407
1470
1475
1501
1504
1515
1515
1143
1143
1139
1101
1099
1098
1097
1094
1416
1420
1407
1478
1477
1481
1508
1517
1517
1144
1143
1144
1140
1148
1078
1080
1086
1416
1416
1414
1414
1417
1419
1418
1419
1403
1402
1402
1478
1478
1477
1507
1508
1510
1517
1147
1135
1149
1147
1150
1150
1089
1080
1080
1083
1084
1147
1079
1079
522
456
73
521
521
522
521
522
458
458
458
453
442
453
468
468
466
466
64
88
74
75
21
4
3
5
3
3
1
13
518
519
458
507
457
454
443
476
467
466
465
466
64
88
75
5
4
0
517
518
519
518
514
452
459
441
442
443
475
96
94
50
93
49
74
57
43
43
18
5
14
14
517
536
527
536
536
404
451
451
425
427
427
97
95
53
52
83
56
56
44
44
33
35
527
536
535
404
425
425
427
428
189
92
188
83
46
48
48
34
32
528
528
535
569
406
406
399
426
195
195
151
188
188
188
144
143
118
46
34
106
104
548
549
556
539
556
553
553
571
399
399
395
395
195
153
188
188
105
116
106
106
540
541
541
553
561
400
403
397
397
160
393
161
170
170
168
120
116
105
105
108
108
104
540
541
541
552
561
561
562
403
402
397
392
160
161
170
168
112
112
109
109
107
542
540
543
551
542
1538
1538
1537
1524
1526
1527
165
167
167
167
1030
1030
112
1015
1015
997
1012
1468
1468
1439
1539
1538
1519
1524
1523
1527
1527
1058
1073
1072
1072
1030
1031
1014
1013
1012
1012
1028
1469
1469
1441
1441
1544
1522
1522
1523
1065
1058
1068
1056
1073
1030
1033
1031
1004
1005
1005
1009
1009
1466
1466
1543
1544
1546
1548
1558
1566
1065
1521
1054
1054
1065
1056
1077
1033
1034
1004
1005
1007
1017
1467
1441
1465
1428
1546
1546
1548
1567
1565
1169
1053
1173
1034
1163
1016
1016
1017
1452
1453
1451
1451
1423
1473
1547
1474
1502
1498
1505
1494
1172
1173
1175
1174
1164
1165
1090
1094
1095
1453
1453
1410
1408
1408
1406
1400
1401
1475
1474
1474
1499
1494
1154
1172
1165
1165
1168
1094
1410
1409
1401
1401
1401
1401
1475
1504
1504
1516
1516
1154
1142
1140
1141
1141
1099
1091
1377
1409
1420
1410
1397
1401
1480
1480
1508
1513
1518
1516
1144
1142
1144
1141
1080
1141
1082
1082
1414
1414
1420
1419
1396
1479
1480
1479
1481
1508
1518
1518
1518
1149
1149
1149
1150
1150
1150
1148
1079
1081
1083
1082
1402
1083
512
521
510
522
503
456
457
457
450
474
470
467
470
465
469
66
64
72
72
6
70
4
1
4
2
513
510
519
507
510
452
442
474
474
476
476
470
465
467
65
65
66
66
55
57
5
1
2
511
511
507
507
452
451
447
447
475
476
51
50
51
53
51
66
57
57
43
44
11
0
0
497
497
498
507
492
452
440
471
51
53
55
54
56
42
48
44
32
527
528
498
535
491
491
493
440
440
440
429
429
428
52
53
52
186
187
56
144
45
47
48
48
32
31
582
583
528
583
491
570
570
439
440
437
430
430
195
190
194
187
187
144
144
141
45
48
133
125
127
582
583
581
571
571
571
400
400
394
195
193
194
193
184
183
184
146
143
133
141
132
104
575
539
553
571
572
403
394
192
170
146
145
132
105
107
540
543
543
566
572
572
403
403
393
393
177
165
165
166
166
143
134
111
108
108
109
544
544
543
552
1531
1531
403
392
392
392
179
165
167
166
166
1037
1037
134
1014
134
128
128
997
1468
1460
1459
1458
1538
1532
1533
1524
1523
1524
1064
1058
1057
1057
1057
1036
1036
1032
1015
1015
1012
996
1469
1468
1465
1439
1545
1544
1545
1536
1522
1523
1055
1058
1057
1033
1014
1006
1006
1006
1009
1008
996
1467
1465
1464
1463
1441
1551
1543
1545
1545
1544
1566
1522
1055
1053
1054
1040
1034
1006
1008
1008
1003
1003
1009
1456
1454
1466
1463
1543
1548
1567
1567
1567
1564
1565
1495
1055
1162
1173
1173
1163
1004
1007
1115
1007
1001
1003
1453
1454
1399
1498
1495
1495
1156
1156
1172
1162
1162
1164
1158
1164
1116
1095
1095
1093
1453
1453
1381
1410
1399
1400
1487
1499
1498
1499
1496
1496
1155
1154
1155
1161
1161
1161
1164
1114
1091
1095
1092
1379
1409
1381
1409
1400
1398
1473
1491
1497
1497
1515
1154
1127
1131
1140
1114
1090
1091
1092
1091
1092
1377
1377
1375
1398
1397
1488
1480
1493
1481
1513
1513
1514
1516
1129
1142
1131
1078
1081
1078
1082
1377
1376
1375
1375
1397
1397
1489
1489
1481
1493
1481
1513
1518
1129
1133
1150
1131
1113
1083
1083
1396
503
2
512
508
509
508
504
450
457
485
483
485
485
484
479
479
470
470
469
63
71
72
6
8
7
7
11
9
1
513
513
510
503
502
450
489
489
485
473
63
65
66
66
72
68
70
6
11
11
2
513
498
510
506
506
452
448
448
447
489
486
473
50
49
59
68
60
42
39
37
30
497
500
498
498
490
492
492
492
448
449
448
434
475
471
473
473
49
54
60
60
40
41
38
37
496
497
496
491
492
494
439
429
428
189
54
58
186
60
38
36
38
32
31
583
569
493
570
439
437
429
433
428
190
194
190
187
185
142
45
142
47
36
133
582
587
581
574
398
430
430
194
192
192
185
185
146
142
145
141
141
133
132
133
125
582
581
569
566
571
573
400
398
394
393
193
171
177
175
184
146
145
138
131
132
130
130
130
544
578
566
567
564
401
394
178
175
175
145
176
176
138
131
129
130
130
544
1458
567
564
1532
401
1532
402
179
178
174
1038
176
1037
1037
1035
129
997
1461
1460
1459
1458
1531
1533
1533
1535
1535
179
1064
1049
1038
1038
1036
1036
993
1014
1013
993
997
996
1469
1464
1461
1464
1457
1549
1551
1549
1549
1533
1536
1536
1535
1063
1064
1053
1038
1040
1035
994
994
996
1467
1467
1465
1551
1551
1553
1566
1564
1054
1055
1053
1032
1039
992
992
994
1002
1002
1003
1003
1455
1463
1550
1554
1548
1563
1566
1564
1061
1059
1160
1162
1040
1115
1001
1003
1003
1456
1455
1455
1455
1384
1550
1554
1487
1498
1563
1496
1495
1156
1158
1158
1115
1116
1123
1123
1093
1456
1379
1383
1383
1383
1386
1384
1487
1485
1487
1487
1485
1499
1497
1156
1155
1161
1159
1158
1116
1116
1120
1093
1380
1379
1382
1381
1386
1385
1487
1482
1483
1482
1512
1155
1153
1127
1151
1130
1114
1122
1120
1120
1376
1373
1376
1395
1398
1490
1490
1491
1491
1492
1493
1512
1514
1153
1132
1111
1112
1113
1113
1092
1373
1372
1376
1373
1375
1395
1391
1393
1398
1489
1489
1493
1492
1492
1514
1514
1128
1129
1129
1129
1132
1131
1112
1113
1107
1105
1106
1132
512
512
509
503
504
750
504
504
488
484
483
484
479
479
61
63
71
71
70
7
8
9
7
10
11
9
372
513
513
509
502
506
489
489
489
487
487
484
481
482
63
69
69
69
69
10
11
372
372
500
501
501
745
505
449
506
486
486
481
472
473
62
62
62
68
59
39
10
10
30
369
500
500
501
490
494
505
449
435
472
473
473
248
62
54
59
60
59
40
41
39
37
37
369
499
501
499
499
495
495
495
434
435
435
436
436
433
431
432
191
183
58
60
40
41
38
387
386
31
587
499
584
584
493
495
438
437
438
433
432
191
191
183
191
140
140
142
40
36
127
127
390
585
585
585
574
573
437
398
681
433
432
171
193
185
184
142
136
135
126
126
127
578
580
579
568
574
574
573
679
680
680
177
171
172
172
172
139
135
139
126
126
122
579
567
568
564
565
401
684
685
684
680
180
178
180
176
176
136
139
138
137
123
578
1462
567
563
564
1325
565
1326
679
684
684
179
179
181
181
182
174
176
1049
1035
138
991
130
1462
1461
1461
1457
1458
1327
1532
682
1535
1062
1064
181
1064
1049
1041
995
991
1462
1462
1460
1460
1457
1551
1326
1326
1536
1340
1064
1063
1063
1048
1048
1043
1035
1042
1043
1042
981
993
995
995
1002
1464
1446
1447
1553
1553
1562
1561
1061
1061
1060
1045
1044
1039
994
1000
1000
1456
1445
1446
1447
1446
1550
1554
1554
1563
1562
1563
1561
1061
1059
1039
992
1124
1000
1456
1456
1388
1552
1552
1563
1189
1152
1160
1157
1157
1159
1118
1124
1126
1125
1380
1382
1383
1389
1388
1386
1387
1486
1483
1484
1484
1484
1496
1152
1152
1157
1159
1159
1118
1118
1123
1119
1126
1121
1380
1382
1378
1382
1386
1385
1385
1385
1486
1483
1484
1483
1512
1153
1152
1151
1119
1119
1119
1122
1121
1121
1122
1374
1374
1395
1395
1391
1488
1492
1178
1482
1185
1512
1153
1153
1130
844
1117
1111
1112
1109
1107
1106
1107
1373
1372
1393
1391
1395
1391
1490
1392
1490
1176
1185
1185
1128
1128
1128
1132
1132
1111
1110
1113
1107
1105
1392
750
477
749
751
509
731
731
731
732
483
478
478
482
482
63
61
67
67
342
342
375
378
371
376
377
747
751
752
752
751
750
729
488
733
480
481
482
258
257
69
334
334
333
370
375
371
371
372
741
744
741
744
752
729
487
487
480
472
258
259
257
257
69
335
334
333
370
370
371
368
744
745
746
745
745
746
449
436
436
712
250
245
246
334
331
387
587
738
746
494
605
605
434
435
431
672
672
249
248
247
220
222
41
387
387
391
391
586
587
587
584
606
603
603
434
666
431
666
665
672
670
249
248
220
222
222
136
385
386
391
585
587
606
574
610
611
681
666
670
284
286
220
136
226
135
127
580
580
579
577
568
610
611
679
681
680
182
173
173
284
232
139
137
123
123
124
124
122
580
580
579
568
565
565
685
685
683
182
173
172
233
234
139
123
124
124
1318
1318
1318
563
1317
1324
1325
676
1327
685
683
682
683
182
181
173
1049
232
1050
984
983
989
990
990
991
1310
1317
1321
1318
1321
1324
1325
1324
1328
1327
1328
1340
1340
976
182
1062
1047
1051
1051
1042
983
989
983
988
988
991
1310
1322
1321
1325
1328
1327
1340
1047
1048
1051
1041
1046
981
988
1448
1310
1449
1445
1447
1332
1326
1334
1335
1335
1335
1061
1060
968
1045
1048
1043
1046
1043
982
981
982
998
999
1450
1449
1450
1447
1445
1552
1553
1334
1334
1189
972
1060
964
1045
1046
966
982
998
999
1000
1448
1450
1446
1389
1388
1216
1486
1217
1563
1190
1217
1190
1189
972
972
961
966
963
1124
1126
1125
1125
1448
1389
1388
1389
1387
1387
1213
1486
1217
1191
1192
1193
1192
838
837
846
961
962
962
1118
1124
1121
1378
1380
1390
1390
1177
1193
1192
1192
838
838
846
824
1117
1119
1119
1122
1104
1378
1243
1394
1374
1394
1178
1178
1187
1187
841
844
825
824
1110
1110
1106
1104
1374
1244
1395
1394
1394
1392
1392
1179
1176
1176
1187
1187
840
841
840
844
825
844
825
820
1110
1109
1107
1102
1372
1176
1107
477
261
749
749
750
756
732
734
733
734
734
478
477
721
482
262
261
260
339
339
342
378
378
378
378
376
747
749
752
758
731
732
728
733
481
721
482
721
262
259
259
260
342
335
342
375
377
741
751
754
755
729
730
710
711
712
264
266
258
258
259
335
331
335
331
331
370
367
368
740
743
746
753
729
730
730
711
711
711
712
712
246
246
250
245
335
332
332
382
382
386
387
368
740
743
742
601
601
605
604
604
715
664
665
671
671
249
247
246
221
330
391
391
391
740
586
738
609
605
603
604
665
666
671
668
672
249
285
247
221
222
221
223
226
226
385
390
575
576
593
610
608
611
611
611
663
662
670
284
286
286
224
221
227
224
231
227
388
388
576
576
577
577
591
610
678
678
681
667
292
293
286
233
234
228
213
575
577
591
589
590
678
677
675
675
291
293
293
233
292
233
234
211
211
1318
1316
1316
1323
590
676
676
677
682
683
675
673
673
290
293
1052
1050
984
983
989
984
990
1318
1316
1321
1323
1328
1339
1338
1339
976
967
1052
1052
1041
985
985
989
987
1310
1322
1321
1333
1334
1333
1338
1337
1339
976
979
977
968
968
1047
1051
1042
981
980
980
988
988
988
1311
1322
1313
1319
1319
1333
1333
1334
1337
1336
979
968
969
964
1046
923
982
930
998
1314
1449
1332
1215
1216
1216
1337
1190
971
971
972
966
966
966
922
930
930
929
999
930
1314
1449
1248
1248
1450
1226
1227
1215
1217
1188
1190
1189
972
971
970
965
963
963
963
922
922
963
922
808
930
1248
1248
1226
1226
1213
1213
1213
1193
837
837
837
961
830
830
1126
810
1125
1246
1247
1247
1233
1231
1214
1177
1177
1214
1191
1197
1193
838
836
842
846
823
829
823
810
1104
811
1244
1243
1244
1233
1233
1232
1231
1179
1231
1177
1182
1186
1197
841
841
839
844
842
825
824
820
1110
1103
1104
1244
1245
1233
1233
1233
1232
1180
1180
1179
1178
1182
1187
1184
1187
1186
840
840
843
843
825
843
821
821
822
1110
821
1102
1102
1103
1103
1103
262
373
748
748
756
756
758
732
734
733
719
720
720
721
262
261
340
339
336
337
341
337
375
374
377
363
376
758
758
755
755
728
728
720
721
263
721
268
267
268
340
339
342
336
341
374
377
367
367
748
757
754
755
755
755
730
714
710
263
264
267
265
268
266
268
335
336
338
382
368
379
739
743
739
743
754
600
602
753
728
715
712
265
266
247
332
330
383
332
383
380
379
740
736
739
735
743
742
602
602
604
664
665
671
250
250
254
253
247
251
320
381
381
380
389
736
736
606
593
600
608
601
609
632
661
663
662
669
668
669
281
225
225
223
223
231
381
389
388
389
736
592
607
608
608
661
663
661
662
667
669
281
285
283
281
286
225
225
224
231
229
212
213
596
596
592
591
611
590
678
661
667
674
291
286
289
289
234
235
227
237
228
229
212
213
212
596
592
590
677
677
644
675
674
674
290
291
293
288
236
236
235
237
236
228
211
210
208
1300
1299
1302
589
589
646
674
673
290
293
232
985
984
990
905
986
1300
1300
1312
1300
1302
1302
1329
1323
1346
1346
1338
1346
1339
945
977
947
947
1052
1050
1050
985
980
887
886
987
1312
1311
1311
1301
1313
1319
1331
1331
1329
1346
1337
1336
977
977
967
956
956
1041
882
882
887
887
886
1311
1312
1320
1320
1330
1330
1344
1345
1336
979
979
969
969
957
965
957
921
923
923
884
885
929
887
1315
1315
1314
1315
1320
1320
1330
1215
1221
1224
1188
978
978
975
971
979
969
964
958
965
923
928
930
1248
1315
1238
1227
1226
1227
1227
1216
1215
1188
1224
975
970
970
849
965
919
966
919
919
928
928
808
928
813
1247
1239
1229
1229
1212
1212
1212
1214
1197
1198
1198
833
836
847
847
963
830
809
813
813
813
1248
1241
1247
1238
1238
1230
1230
1228
1218
1214
1199
1198
1196
1199
833
836
847
855
830
809
809
810
811
1246
1243
1237
1235
1235
1236
1236
1181
1181
1182
1194
1194
835
835
842
854
824
822
810
818
815
816
1245
1245
1245
1240
1235
1234
1234
1180
1181
1183
1183
1184
839
839
843
854
821
822
822
828
820
815
816
783
780
781
780
781
727
727
719
718
718
261
316
310
336
337
337
373
363
363
748
783
757
758
776
727
726
724
725
720
717
718
267
268
310
338
338
373
374
362
361
757
757
775
774
776
723
722
724
714
714
265
265
268
321
321
323
384
384
362
366
739
762
715
698
699
265
265
256
252
319
319
319
383
384
380
365
379
366
737
735
737
743
764
602
630
715
714
652
254
254
253
253
318
320
320
320
383
381
380
737
735
608
600
631
632
631
662
651
668
653
282
253
274
253
251
231
217
389
594
594
598
593
608
632
632
663
649
651
650
669
282
283
283
274
274
289
242
224
231
230
216
217
596
595
595
593
588
607
627
649
650
287
289
289
237
242
230
237
230
210
209
213
596
596
592
588
588
627
628
646
647
641
640
289
288
236
228
209
210
208
1298
1298
1299
1303
1303
1363
647
647
646
640
945
291
948
235
900
905
883
209
905
208
1299
1303
1303
1303
1363
1346
1343
1343
939
945
947
947
946
902
904
905
883
1298
1301
1302
1296
1331
1331
1346
1345
1343
1343
974
973
955
946
956
921
904
882
884
887
887
1312
1313
1284
1285
1371
1345
1344
974
979
974
973
960
957
957
921
915
923
926
885
886
1276
1276
1285
1329
1224
975
975
960
960
959
958
918
927
926
927
1275
1285
1225
1225
1225
1221
1224
1221
1224
849
849
850
920
920
920
919
924
808
928
925
1241
1239
1238
1239
1230
1228
1219
1220
1198
877
850
850
848
832
831
809
812
812
813
1242
1242
1239
1229
1236
1270
1218
1219
1194
1196
1199
1199
874
834
851
850
855
845
856
832
818
812
814
1242
1241
1242
1237
1250
1236
1235
1228
1271
1271
1218
1195
1195
1196
1196
834
851
853
855
856
855
856
829
828
828
818
819
816
816
1240
1254
1254
1250
1234
1234
1181
1183
1184
1195
835
835
834
853
854
856
827
827
828
817
815
1184
316
779
780
783
781
780
781
727
727
727
725
707
717
317
317
310
306
306
310
302
302
302
351
362
363
351
783
781
775
773
726
724
723
717
708
709
718
317
311
311
338
344
344
345
362
765
765
782
776
774
775
776
693
724
698
709
312
311
309
309
322
323
345
365
361
366
766
766
767
764
762
762
693
693
701
698
702
699
700
700
255
309
255
318
309
321
322
322
323
384
355
364
365
767
737
767
764
635
701
699
652
700
256
255
256
252
319
320
355
355
356
356
357
356
359
594
763
616
630
632
651
636
652
653
253
283
279
252
273
274
241
325
357
214
217
217
599
598
599
616
616
617
632
651
653
279
282
279
274
274
242
244
244
243
230
214
218
219
597
599
599
615
616
627
644
649
650
654
653
287
278
272
272
273
244
239
243
215
215
216
210
1306
1306
648
628
645
644
645
641
642
641
287
238
242
240
240
239
200
210
1308
1306
1305
629
648
648
647
1342
642
1343
642
937
640
642
945
943
944
238
954
240
901
900
900
905
899
210
1308
1306
1363
648
1341
1342
939
944
944
948
954
902
904
902
904
883
1301
1301
1297
1297
1297
1295
1363
1371
1370
1369
1345
1341
1369
1341
939
939
938
902
946
949
915
903
903
893
892
1274
1276
1297
1297
1297
1296
1368
1369
1343
938
973
959
960
955
915
955
917
917
884
893
892
1274
1275
1285
1285
1371
1222
1349
1347
974
959
918
924
926
925
893
925
1276
1274
1278
1276
1275
1283
1285
1262
1222
1222
1222
1223
1211
1223
877
875
874
874
873
848
858
920
918
925
911
793
1278
1275
1283
1265
1262
1262
1219
1210
1220
1220
876
877
876
850
850
845
832
831
793
793
795
1241
1242
1257
1265
1266
1271
1220
1211
1195
877
861
872
861
858
852
859
845
832
832
832
812
796
788
788
1250
1253
1250
1272
1249
1272
1271
1205
860
851
862
852
853
852
828
819
819
814
819
788
1254
1253
1251
1251
1273
1273
1273
1273
1203
1205
1205
860
834
863
853
854
827
828
826
817
819
819
814
1251
779
307
779
782
771
771
686
688
687
687
707
707
317
317
317
313
307
302
302
344
351
351
350
783
783
779
778
773
694
692
688
692
687
708
709
314
313
313
307
301
302
301
344
351
354
765
765
767
774
773
693
694
692
702
702
708
709
312
311
305
303
322
323
354
365
767
761
761
696
701
702
703
699
297
296
295
324
343
357
364
366
766
767
764
763
630
633
636
636
658
700
255
256
295
325
326
356
622
612
763
614
635
615
636
658
280
280
280
325
326
326
357
218
357
359
598
622
614
612
617
617
633
628
635
654
654
279
273
244
244
207
216
219
218
598
599
617
629
657
654
641
639
278
278
273
269
269
241
203
202
244
215
201
201
219
219
201
597
1309
1304
615
628
644
639
638
638
638
270
270
270
238
239
240
207
201
216
1309
1308
1305
629
645
645
937
943
954
238
239
199
898
200
899
1308
1295
1292
1364
1305
1354
1356
940
939
932
944
943
931
954
902
901
896
896
898
899
899
1290
1291
1295
1294
1370
1368
1369
1349
940
931
950
950
949
902
903
896
893
892
1290
1289
1289
1293
1293
1370
1368
1348
1348
1349
938
938
951
951
951
916
917
917
891
891
891
892
1290
1291
1284
1371
1365
1348
1348
1349
881
881
874
959
916
917
909
911
888
1278
1279
1281
1281
1284
1261
1261
1261
1210
1347
1223
1207
876
875
881
873
873
869
798
909
910
910
926
794
911
795
1255
1279
1266
1263
1262
1210
1211
1207
876
875
872
874
858
859
798
792
794
795
795
1257
1253
1256
1257
1265
1269
1263
1270
1209
1211
1208
861
862
858
857
797
797
793
785
788
789
1254
1253
1266
1249
1268
1269
1203
1203
860
860
867
861
852
802
826
806
786
786
787
1252
1252
1251
1273
1273
1268
1204
1204
1204
1205
1204
866
863
865
802
802
802
807
805
784
787
865
688
778
778
315
315
313
315
308
307
347
300
301
347
348
350
350
779
772
771
688
694
690
709
709
314
314
305
301
348
348
354
354
769
769
773
772
694
692
703
705
706
312
296
303
343
343
353
770
770
768
769
760
696
696
701
706
706
295
294
326
352
353
770
768
761
761
760
636
659
703
705
297
296
326
325
326
328
357
359
622
623
619
613
634
634
659
660
658
276
329
328
329
360
360
622
623
620
614
614
633
626
634
657
657
658
280
275
275
327
207
198
218
621
620
626
625
657
656
277
270
203
202
207
201
621
614
629
629
643
639
638
271
204
203
206
199
200
201
1309
1309
1305
1360
1360
1355
1353
639
271
271
953
204
204
895
205
898
196
1288
1287
1287
1362
1364
1354
1354
940
940
931
953
954
953
894
895
898
897
1290
1288
1364
1354
1356
942
932
953
951
913
914
895
891
889
1286
1291
1291
1294
1289
1294
1293
1370
1366
941
942
942
950
935
949
916
914
889
890
1277
1280
1281
1293
1365
1366
1352
1347
881
880
873
871
951
916
909
914
911
888
888
1281
1282
1282
1367
1350
880
880
878
869
871
908
799
908
910
794
795
1256
1257
1263
1210
1206
1208
878
878
869
857
798
798
791
794
1255
1256
1266
1267
1263
1209
1209
1208
1208
868
862
857
797
796
785
785
791
789
1252
1269
1268
1202
1202
1208
867
864
862
865
803
807
786
806
786
785
1252
1249
1249
1268
1200
867
866
865
863
804
803
807
805
786
784
1201
778
686
686
687
347
350
777
707
304
348
772
695
697
690
304
703
704
298
296
352
353
770
613
697
298
294
329
360
760
704
295
360
359
623
620
634
659
276
203
275
327
198
620
614
625
625
656
656
277
276
206
207
198
1307
618
1361
643
655
204
1304
1360
637
205
897
196
1288
1360
1362
1355
933
952
952
952
1287
1294
1362
1365
1355
1356
941
935
913
913
1286
936
936
934
934
914
907
906
890
1280
1352
1350
881
907
890
1282
1351
1352
880
870
800
910
1256
1367
1261
878
871
800
908
791
1260
1259
1269
1206
878
868
800
796
792
791
1260
1202
1200
864
803
806
1259
1202
804
805
777
305
304
346
314
759
697
697
324
276
294
329
623
619
660
626
198
643
196
897
1292
897
1294
1288
1355
933
912
941
913
1366
888
908
1279
1206
800
801
804
792
1201
866
308
346
314
347
769
695
354
298
352
660
759
659
328
618
275
206
206
1360
1353
932
890
1292
1366
906
907
1279
1350
870
1367
879
791
1351
868
868
1267
1208
867
801
807
787
691
300
690
305
304
346
770
298
660
358
613
327
197
621
624
637
656
271
655
1355
936
935
942
879
1257
871
1267
801
790
1267
865
804
691
690
704
306
346
695
706
760
358
619
626
276
197
205
1307
1307
655
952
894
889
1286
1364
941
1277
1367
1352
1277
1282
1351
799
1264
1260
1259
1200
864
803
691
690
1357
1357
349
689
689
722
1534
716
299
299
358
624
618
624
1361
197
1361
933
1359
1359
933
894
1355
912
936
934
722
879
907
790
801
1260
1258
1264
801
790
1264
1202
713
713
1357
299
349
349
1534
1534
716
299
716
1358
1108
1358
534
277
1108
1133
534
12
1134
1134
42
1358
1258
1358
30
1133
131
