1072
214
448
451
414
414
204
203
214
250
414
409
203
210
246
246
249
242
242
439
445
445
212
209
209
247
482
417
412
412
413
206
212
252
481
519
520
412
205
211
211
257
257
252
530
520
411
411
185
186
257
526
519
525
525
199
200
200
200
187
142
142
142
251
531
533
534
524
524
199
198
134
149
492
531
532
532
535
523
198
141
141
140
139
149
491
491
907
968
969
195
800
904
904
907
970
969
969
799
705
905
908
908
970
727
921
905
909
908
956
959
959
795
726
726
703
928
928
925
954
786
786
801
726
710
710
709
703
927
928
911
998
998
780
778
784
784
708
710
709
927
927
1002
779
680
872
872
1002
994
778
771
681
776
681
680
682
684
885
885
871
874
995
765
680
886
874
874
989
989
995
995
765
766
777
675
675
675
685
442
441
441
441
441
447
448
451
451
450
415
414
408
402
402
204
204
214
214
214
216
215
216
250
250
249
249
442
439
448
448
451
415
451
408
409
203
203
201
202
213
213
214
246
250
247
249
243
439
439
439
445
445
416
417
413
409
409
409
202
206
201
201
201
212
210
247
247
247
242
242
242
481
481
482
521
416
417
417
413
413
207
205
205
212
212
209
210
257
255
252
484
481
481
482
482
521
521
519
412
412
410
206
411
206
211
258
258
255
255
252
484
484
521
519
522
520
520
520
411
199
184
184
184
185
185
186
258
258
256
251
252
251
251
486
486
486
530
530
533
526
525
525
199
200
185
187
187
186
136
136
136
142
143
143
147
486
486
531
532
533
526
524
524
524
199
199
198
200
137
136
134
134
142
148
149
491
492
492
531
532
534
535
535
523
523
524
197
197
198
195
195
194
141
140
139
140
148
148
149
149
491
491
532
535
967
523
968
970
969
969
800
195
141
141
140
138
140
729
148
149
705
922
922
906
907
907
906
908
907
912
967
968
966
970
970
800
802
800
799
800
798
729
795
798
729
729
705
705
921
921
904
905
907
908
967
970
959
959
959
802
802
802
801
796
795
726
795
727
704
703
705
921
904
924
905
908
954
957
957
958
786
801
801
795
796
727
704
726
708
704
703
924
925
909
909
954
956
956
958
958
958
780
801
796
784
724
724
710
710
709
928
927
926
925
925
910
911
911
1003
1003
998
999
785
784
784
724
725
710
927
927
926
925
911
1003
1002
998
999
999
778
778
779
779
784
771
681
681
681
680
682
709
682
882
885
882
885
872
872
1002
996
996
999
994
778
999
779
779
770
771
771
680
682
683
880
885
883
883
871
871
989
994
995
994
765
766
770
777
776
776
681
674
674
682
684
886
886
886
871
883
874
874
874
989
995
995
765
766
766
777
675
674
684
685
685
684
685
886
450
216
442
442
447
447
451
450
415
408
408
402
402
404
204
204
213
213
216
246
250
250
249
243
442
440
440
441
448
451
446
416
450
415
415
415
406
407
409
203
204
202
213
215
215
210
249
245
243
244
440
440
446
446
446
416
417
414
407
208
208
207
208
208
202
202
201
233
210
210
245
242
245
483
440
477
440
483
445
416
413
413
208
206
205
212
209
258
255
261
256
244
244
484
483
482
477
522
521
522
517
417
517
411
410
184
184
185
211
211
209
258
255
256
252
484
482
522
522
517
519
517
515
514
184
185
186
136
142
251
251
485
485
529
526
525
515
196
200
188
137
188
137
135
135
145
486
485
485
530
527
527
529
534
534
526
526
196
196
193
194
188
192
137
134
145
139
145
144
145
147
492
531
528
528
534
535
533
535
523
513
513
197
197
197
198
194
193
192
141
138
139
148
146
528
906
535
912
967
513
968
964
195
194
799
194
138
728
148
706
935
935
906
906
913
912
966
966
965
965
803
799
799
797
798
730
730
730
728
729
706
922
922
935
904
905
913
957
966
970
965
803
803
797
798
796
731
731
704
706
706
921
922
922
924
905
916
909
917
917
955
957
960
960
802
796
796
731
726
723
727
704
708
924
924
910
910
954
956
958
960
786
785
786
782
724
724
708
703
926
910
910
955
956
1004
954
960
997
785
785
782
722
723
708
725
709
923
881
923
926
926
876
1003
1004
1003
998
997
999
780
780
781
785
785
772
725
680
677
707
683
879
881
882
882
876
872
876
1002
1004
996
997
767
781
773
773
771
676
676
683
683
683
879
880
871
988
988
992
994
768
767
770
771
775
773
774
676
674
684
880
880
880
880
883
884
883
884
873
873
873
988
988
992
995
768
765
769
777
766
775
777
776
774
675
674
671
673
685
777
671
671
447
449
216
442
436
435
435
447
449
450
449
430
406
430
403
405
405
404
218
218
221
222
239
248
248
239
248
248
248
243
438
435
449
444
430
406
407
407
403
402
403
404
218
233
222
239
248
245
438
438
437
437
444
443
444
406
406
407
403
208
202
227
205
233
215
231
261
261
245
239
245
244
438
437
476
446
475
443
419
419
417
410
410
207
207
226
233
232
232
232
261
262
245
256
483
477
477
508
517
518
514
423
171
226
189
232
259
260
260
262
254
484
483
477
522
517
518
518
514
171
171
189
189
189
189
137
188
135
259
260
158
158
488
488
485
488
529
529
529
509
518
518
515
514
171
187
189
188
145
135
161
145
487
488
488
527
529
503
512
515
513
196
512
168
193
193
192
137
135
144
144
144
147
147
492
489
489
528
527
503
533
503
512
513
513
181
197
192
192
138
138
144
146
146
489
490
489
528
489
913
912
966
962
964
964
193
193
178
192
798
730
138
735
728
713
713
935
935
914
913
913
966
962
963
965
964
789
803
797
797
798
730
731
733
713
728
706
937
936
916
916
920
963
963
963
965
965
803
794
797
788
792
731
731
728
712
712
712
931
931
917
920
957
947
957
945
961
961
794
961
803
794
791
792
723
723
733
718
718
929
916
932
910
917
955
955
945
960
785
791
791
723
723
708
718
707
923
929
923
929
925
1004
955
944
997
944
780
943
783
783
782
782
722
722
707
707
707
881
923
882
926
877
877
877
1004
1004
1000
1003
997
781
781
783
772
722
677
697
882
878
878
876
875
875
1000
996
781
767
767
781
773
772
772
676
676
683
879
881
884
875
875
991
991
1000
992
993
768
769
769
775
773
773
671
772
672
672
879
879
884
884
873
991
990
990
992
993
768
769
769
775
775
775
774
774
670
670
671
673
673
672
873
673
436
436
435
435
467
449
467
430
430
427
427
405
405
405
405
218
218
222
222
238
238
238
234
234
235
436
436
444
444
465
444
431
427
427
426
403
426
428
404
217
217
218
221
233
231
238
236
236
438
437
437
443
418
418
419
421
407
426
227
227
227
226
225
217
231
264
264
262
237
236
236
476
476
438
443
443
419
421
424
225
226
233
225
231
263
262
262
253
474
474
475
473
475
478
508
419
421
425
423
423
423
226
226
232
190
190
232
190
263
261
259
260
254
254
474
474
473
474
473
508
508
508
518
516
514
422
171
174
171
191
191
157
157
157
259
260
161
158
158
487
487
473
509
509
506
506
516
516
172
168
172
170
169
191
191
154
157
161
155
161
158
487
488
527
509
503
502
512
168
175
154
155
161
161
146
490
490
496
495
505
503
503
512
510
511
181
177
177
178
175
155
150
164
164
146
146
490
490
496
528
915
912
502
510
510
510
181
177
178
178
178
787
736
150
736
150
164
164
713
937
936
936
914
913
915
962
962
963
962
964
793
789
789
788
787
736
735
732
735
713
713
937
937
936
916
920
920
947
952
952
963
961
794
788
734
735
733
733
733
712
711
711
937
932
936
932
916
919
920
920
920
947
947
961
793
794
794
791
792
733
717
712
719
719
711
929
932
931
932
919
955
945
944
945
945
943
943
943
748
783
791
721
721
720
720
717
718
719
929
931
877
944
942
942
752
752
783
751
741
737
721
721
695
719
718
696
895
896
896
878
878
877
986
1001
944
1001
942
752
752
751
751
737
737
737
722
677
696
696
697
896
881
896
878
878
986
1000
1001
1001
997
752
751
738
738
772
677
677
694
697
697
697
903
903
894
875
875
991
991
990
993
993
764
763
767
769
738
740
677
673
670
672
903
903
903
893
894
893
991
990
992
990
993
764
768
769
740
774
670
670
673
672
893
465
235
464
464
465
465
467
467
431
431
434
434
434
427
429
429
429
428
428
220
223
222
238
240
234
241
234
235
234
455
455
464
467
467
431
431
431
434
428
220
219
217
224
222
224
240
238
237
237
236
455
458
459
463
462
418
418
418
421
432
426
426
227
228
229
264
264
264
264
266
253
458
476
459
475
459
480
462
462
418
419
421
425
425
424
424
424
228
225
229
230
265
267
266
262
472
476
476
475
480
480
507
423
423
174
225
230
190
229
267
267
266
254
254
473
478
480
509
506
507
422
422
422
174
172
174
191
191
190
263
156
259
267
160
487
472
495
478
516
516
515
172
167
168
169
169
154
157
155
156
156
160
160
158
159
487
497
495
493
509
505
506
511
511
511
170
167
168
170
170
154
155
150
160
165
166
166
166
490
498
495
496
505
502
510
181
177
175
154
175
176
150
164
165
166
166
496
933
496
504
915
502
947
510
182
182
178
787
175
787
787
736
166
714
934
933
933
914
915
947
952
952
953
182
789
790
788
787
736
736
736
735
732
732
714
714
937
934
933
933
918
914
919
915
946
946
946
952
953
951
793
793
788
788
734
732
711
714
937
931
932
918
919
948
945
943
793
748
791
792
721
734
720
717
717
715
715
719
930
918
919
948
944
938
945
939
940
748
748
748
747
721
718
719
716
930
895
898
898
898
983
985
985
939
938
940
940
752
742
741
702
702
701
698
719
895
895
896
897
897
888
888
987
985
986
986
985
1001
942
752
750
737
742
741
702
701
696
696
900
900
903
897
888
888
986
986
981
981
763
751
763
738
738
739
694
694
694
694
902
901
902
892
894
987
972
982
1000
993
972
973
764
761
740
693
689
689
688
697
901
902
902
902
894
892
893
893
894
978
978
972
972
973
764
764
762
762
762
762
740
689
689
689
687
686
686
740
464
454
464
468
468
468
468
466
434
433
434
433
429
429
220
220
223
223
240
241
241
241
241
235
237
235
35
455
455
465
468
463
460
434
432
432
432
433
429
428
219
223
224
224
240
241
237
35
35
458
459
459
457
463
460
463
420
432
309
310
310
228
219
219
224
229
263
240
237
253
33
469
456
459
463
461
462
420
420
425
310
288
228
228
230
229
229
230
265
263
266
266
253
34
472
471
471
471
480
479
479
461
420
284
284
425
422
288
290
174
173
230
230
265
267
266
40
40
254
470
472
472
471
480
479
507
284
507
290
290
174
173
173
173
173
157
156
267
267
159
159
38
497
497
499
478
506
507
295
294
291
290
167
170
169
169
156
152
152
160
163
159
497
498
500
494
493
493
505
294
293
293
167
180
170
176
176
153
152
151
165
166
162
497
496
494
505
504
502
269
270
270
293
179
182
179
183
176
153
153
151
151
165
498
934
494
496
504
860
504
860
269
269
270
181
182
183
183
179
183
176
790
597
151
593
166
934
865
865
861
914
946
946
270
953
950
950
183
790
790
597
714
592
934
934
864
865
854
918
860
946
953
953
950
950
951
790
790
789
734
596
596
596
594
732
715
714
715
862
855
918
949
948
948
953
951
745
745
747
747
734
720
716
715
930
862
898
855
855
949
949
948
938
939
939
940
940
748
741
720
701
716
930
930
898
983
983
938
941
750
747
747
742
741
702
702
698
699
900
895
897
898
888
887
984
983
985
982
981
980
941
750
750
743
742
744
741
702
701
701
701
695
900
900
899
897
887
887
888
987
987
982
982
981
979
749
750
738
693
691
691
688
695
695
700
901
902
890
890
891
987
973
971
981
973
763
761
763
739
756
739
693
693
688
688
686
686
901
901
892
892
892
891
978
978
978
971
972
974
762
764
761
756
740
693
693
689
687
687
978
466
316
453
453
468
466
303
460
303
433
433
316
315
315
220
220
223
223
47
47
43
42
35
41
41
454
452
452
468
452
466
463
460
302
309
316
309
31
23
224
23
48
49
36
42
36
33
35
454
458
456
456
463
302
420
309
309
310
31
21
21
21
224
47
49
49
49
36
36
34
456
457
456
457
463
457
461
286
286
312
20
21
20
48
48
36
469
469
457
479
360
359
284
286
285
288
288
111
20
110
114
108
265
40
40
40
38
470
470
470
471
478
479
359
284
285
285
291
285
291
290
111
109
108
108
114
152
114
39
40
500
470
499
493
364
364
294
291
291
111
109
108
153
114
152
163
498
500
499
499
493
364
364
294
294
293
179
167
180
103
104
153
151
163
163
162
163
162
501
498
501
494
504
295
269
269
271
179
180
176
104
106
151
163
162
162
870
870
870
494
868
859
860
268
1029
268
270
271
271
179
182
180
652
104
650
600
598
598
593
593
593
864
865
865
870
858
861
861
860
860
1029
1029
1037
950
1035
183
950
652
650
652
597
597
598
598
598
592
592
864
865
854
861
1029
1029
1036
649
652
652
651
647
594
592
862
864
862
854
854
855
949
1030
1032
1032
1028
951
745
648
651
649
596
647
596
594
594
594
587
716
862
863
863
854
855
984
949
1056
1032
941
745
745
646
646
647
645
595
698
698
716
817
817
855
813
984
1062
984
1062
938
1041
1041
938
941
941
746
746
646
744
700
699
699
699
817
813
887
887
984
1061
980
983
980
980
979
979
941
749
746
743
743
744
744
700
700
699
819
900
887
987
982
979
979
979
761
749
743
744
691
690
690
690
695
819
819
890
899
890
977
971
973
974
761
756
759
757
692
692
688
546
899
899
890
889
891
891
891
977
977
971
974
974
754
756
754
756
759
759
759
692
692
688
687
547
899
971
687
315
30
453
453
453
398
303
304
304
304
304
316
316
317
315
32
32
30
23
46
43
43
41
42
42
41
454
453
452
398
303
304
301
317
316
317
309
317
32
31
31
31
47
23
49
42
42
454
452
398
398
302
311
311
311
312
24
24
31
21
22
47
49
48
49
49
36
34
33
382
383
457
362
362
362
287
311
287
312
312
312
20
20
26
21
22
115
58
58
60
39
39
34
469
456
384
360
360
360
360
286
286
287
287
289
289
110
110
110
116
115
39
38
37
469
470
384
365
360
359
359
285
285
289
296
288
111
111
110
116
108
116
116
116
86
39
37
500
500
351
365
365
364
365
364
300
296
291
111
109
109
112
114
113
113
86
86
37
37
501
501
500
499
352
366
358
358
294
293
103
103
105
105
106
83
71
501
501
352
354
354
354
268
293
275
103
101
100
104
102
107
106
69
70
870
868
858
858
354
354
268
268
271
271
271
275
275
100
101
650
600
600
599
599
599
593
870
868
858
859
1030
1037
1037
1037
1035
649
652
650
600
602
602
599
591
867
867
857
859
1030
1030
1030
1037
1037
1036
1036
1035
649
648
651
651
596
602
601
601
591
588
592
867
863
863
854
857
859
1056
1031
1032
1036
1026
648
648
646
647
595
595
587
588
863
863
856
1062
1062
1056
1032
1028
1026
1026
648
646
645
645
595
587
587
587
698
587
817
817
816
816
813
812
1061
1062
1041
1040
1049
1049
746
1049
627
624
624
624
623
595
538
538
538
542
543
816
816
812
812
1062
1041
1059
1049
749
628
628
623
538
538
700
541
699
818
818
813
889
820
1059
976
982
1039
1041
1046
1049
749
753
755
743
744
623
691
690
546
541
819
814
819
889
889
976
820
976
976
976
1046
1046
1046
753
755
753
756
755
759
757
690
690
546
546
825
825
889
821
821
975
975
975
977
977
1054
974
1054
974
1052
754
754
755
760
760
760
758
757
758
692
758
547
547
547
546
547
29
43
379
401
400
400
400
303
301
301
307
313
314
317
32
30
30
46
46
46
46
45
43
44
41
54
54
400
401
398
398
301
301
301
317
25
314
32
29
32
17
23
45
46
45
44
66
33
66
379
401
397
397
397
397
302
305
311
24
25
25
24
25
22
32
22
17
45
58
34
66
382
384
382
383
397
361
362
361
306
305
312
24
26
22
16
58
60
115
58
61
34
382
384
384
384
384
384
361
361
361
287
287
289
24
133
26
133
133
132
115
85
60
61
38
374
374
367
351
367
367
360
363
363
300
300
296
297
289
292
128
112
112
116
116
86
86
37
71
37
374
374
366
366
366
363
300
300
300
296
292
103
103
128
129
109
113
112
113
85
72
72
71
373
373
351
352
363
358
358
298
298
274
102
102
102
105
106
107
113
113
84
69
70
70
70
373
351
353
358
298
298
275
274
275
100
100
101
107
107
107
106
83
83
69
69
70
68
869
869
868
353
353
357
275
274
100
101
104
602
599
590
599
590
869
869
866
869
868
858
850
1030
1034
1033
1033
1033
1037
643
1035
642
642
650
650
600
602
602
591
591
591
866
867
867
866
867
857
858
1031
1031
1034
1034
1036
1035
641
651
636
639
639
601
601
589
588
591
867
867
856
857
856
1031
1031
1034
1021
1025
1025
648
640
651
647
637
647
639
595
589
588
586
588
804
817
804
804
857
856
1055
1056
1056
1027
1028
1026
1026
1025
1026
1025
640
646
627
645
644
586
586
816
815
812
1061
812
1061
1060
1060
1060
1049
1028
1028
627
627
627
624
626
645
644
538
539
539
542
543
543
816
815
812
1061
1060
1060
1039
1059
1040
1040
1048
1048
628
628
625
624
537
539
543
541
541
818
814
814
814
814
820
820
1059
1038
1039
1038
1047
1047
1047
605
628
623
625
536
536
540
541
544
818
818
827
827
821
820
820
1038
1038
1054
1046
1053
753
604
755
760
757
757
545
545
545
545
825
824
825
824
821
821
975
975
1054
1054
1054
1052
753
753
760
760
758
758
758
620
545
545
544
399
399
400
401
396
304
308
307
314
314
29
29
28
17
1
44
44
54
54
379
401
401
400
396
308
308
305
307
313
313
313
29
28
28
2
45
44
66
54
55
379
394
394
393
395
306
305
305
305
313
27
27
27
16
16
3
59
66
66
65
382
383
327
327
331
26
27
19
18
16
16
16
59
59
61
64
64
64
381
380
381
383
380
361
340
327
327
330
26
133
133
133
132
116
97
97
60
86
61
375
375
367
367
339
338
327
296
297
292
297
128
128
129
132
132
85
72
61
375
374
375
367
367
366
363
299
299
299
297
297
127
128
129
129
130
105
130
112
84
85
72
71
373
372
372
351
353
366
357
298
298
127
129
105
84
87
84
84
74
70
69
71
373
373
352
352
353
357
357
357
355
282
274
102
122
83
83
67
68
68
841
842
841
841
842
850
355
355
274
274
643
100
642
107
571
572
590
68
590
68
842
842
853
853
850
1033
1033
1022
1022
643
643
642
639
571
601
572
575
842
852
853
851
850
1014
1034
1034
1021
1022
1021
641
642
636
636
639
572
601
589
589
589
866
852
851
856
1014
1013
1027
1023
1021
1025
641
640
637
637
638
638
582
577
589
580
804
804
805
1015
1023
1023
640
629
637
637
637
581
586
577
586
807
805
1055
805
1055
1056
1027
1040
1043
627
630
626
626
644
644
537
537
542
539
543
815
815
815
805
822
1058
1039
1039
1043
1048
630
628
630
625
537
542
543
540
540
827
815
827
822
822
1071
1058
1039
1042
1047
1047
1048
617
605
603
625
619
625
619
536
536
540
540
824
835
827
827
826
823
821
1059
1071
1071
1038
1053
1053
1053
1047
604
603
603
619
622
619
620
620
550
550
550
549
544
544
824
835
836
826
823
1069
1050
1054
1053
1052
604
604
604
604
622
619
620
620
550
549
549
1052
15
385
399
387
399
388
396
396
306
308
307
324
314
29
15
28
14
0
14
1
1
57
57
55
55
55
399
396
395
396
308
306
308
307
324
324
314
15
28
0
2
57
57
62
55
379
379
394
395
394
394
395
321
321
333
334
27
17
18
19
3
3
62
66
65
65
378
378
378
380
393
393
327
340
333
331
333
331
330
331
27
19
19
19
18
18
18
3
3
59
59
62
65
381
381
380
339
340
326
330
330
330
125
126
126
131
97
98
98
59
73
81
63
64
81
375
347
350
339
338
299
326
326
279
126
125
126
131
131
131
132
99
98
73
73
81
369
369
350
350
350
350
338
299
279
125
127
127
129
130
130
99
91
99
85
87
73
72
372
372
372
349
350
338
356
278
299
278
283
127
119
122
122
121
87
87
84
74
74
73
67
841
849
355
346
356
282
282
283
282
283
122
122
121
90
88
88
74
67
841
850
849
356
355
356
355
1005
282
1022
283
654
283
283
656
656
656
90
663
90
571
572
571
572
575
68
842
853
1013
356
1005
1005
1022
656
655
642
664
663
572
571
569
575
839
853
853
852
851
853
1014
1014
1014
1013
1013
1006
1013
1006
1022
641
655
663
636
669
669
582
569
580
575
839
804
852
848
851
851
1015
1015
1021
1021
641
641
640
636
638
638
669
582
578
580
579
806
807
811
810
1015
1027
1012
1023
1023
629
638
581
578
580
580
577
807
806
806
807
807
811
810
1057
1058
1045
1045
1024
1045
1024
1024
1024
629
629
629
630
632
626
581
577
581
543
806
807
811
811
1057
1070
1045
1045
1045
1043
1043
617
617
630
631
626
568
567
542
558
558
835
831
828
822
822
1070
1042
1043
1042
617
618
617
618
631
621
631
621
620
551
568
537
568
559
558
826
835
834
822
823
1071
1070
1051
605
603
603
621
622
622
551
551
548
548
548
557
836
836
836
826
823
1069
1069
1069
1050
1051
1051
606
606
606
622
622
551
551
551
551
549
548
544
826
388
0
387
387
388
388
319
318
318
318
325
324
15
15
14
14
14
0
1
57
56
56
56
386
387
386
387
392
391
320
318
321
318
324
325
13
12
12
0
0
2
7
52
57
55
378
386
394
393
392
391
321
321
321
333
322
334
9
9
5
4
3
2
62
65
378
393
342
329
326
329
333
334
8
19
10
2
62
63
62
64
378
380
380
347
340
340
340
326
329
330
126
126
131
97
98
81
371
348
348
347
339
336
339
332
125
120
120
97
99
98
98
82
81
82
369
368
349
348
350
346
338
338
278
278
279
119
131
91
99
93
78
82
82
369
369
349
346
277
279
280
281
119
119
119
118
121
121
121
93
87
74
76
77
77
78
78
369
843
844
346
346
278
281
280
280
280
124
124
122
89
90
88
88
77
67
843
843
849
346
356
281
654
656
664
89
90
88
576
67
576
843
853
845
1017
849
1005
1005
654
654
653
655
656
655
663
570
569
569
569
576
576
575
839
847
847
845
1014
1015
1019
1006
658
658
655
665
669
663
569
585
579
579
839
847
847
848
848
1016
1016
1006
1012
1008
658
666
666
666
668
669
582
582
580
579
578
579
837
837
810
1016
1010
1012
1010
1012
1011
611
635
666
668
668
581
583
578
830
806
811
811
810
1057
1057
1057
1044
1011
1024
1011
611
611
611
635
635
635
632
567
583
567
577
553
553
553
831
831
828
810
1057
1065
1045
1044
616
611
618
631
632
632
568
567
553
558
558
831
835
831
828
1071
1068
1070
1070
1066
1044
1043
618
618
631
621
626
568
559
559
557
558
835
836
833
834
1071
1070
1066
1044
616
616
608
605
621
566
551
560
548
556
557
834
836
834
1069
1069
1068
1050
1051
1051
1051
1051
606
606
607
562
562
562
560
561
548
556
610
319
385
388
13
15
12
13
12
6
7
6
6
7
52
56
56
385
392
392
319
391
323
325
325
13
9
5
6
52
52
50
50
386
386
391
392
391
320
322
334
322
9
9
4
4
52
50
376
377
377
377
389
342
320
329
334
334
10
5
96
63
50
376
377
347
341
341
329
328
334
332
117
10
96
96
95
95
79
79
371
371
348
341
336
342
277
328
332
120
99
95
95
79
82
370
370
348
349
344
336
336
277
277
277
279
120
117
117
91
93
78
78
370
349
345
345
277
276
120
123
123
121
94
77
370
344
345
345
281
281
280
124
123
89
94
76
76
77
844
843
849
1017
1017
1007
1007
281
124
124
653
123
89
570
89
576
76
840
840
845
1020
1019
1019
1005
657
654
653
664
662
661
661
570
574
574
839
840
1020
1008
1008
657
657
655
665
667
669
570
574
573
838
837
837
848
847
846
846
1016
846
658
658
658
666
659
667
669
585
585
578
838
838
809
808
1016
1010
1012
1012
612
612
633
634
666
668
585
584
585
552
552
809
809
808
1057
1011
611
613
612
635
634
583
564
583
583
552
552
830
828
1065
1066
1044
615
613
613
635
632
566
567
554
553
831
829
828
1068
1065
1066
1066
1044
615
615
618
609
566
568
559
559
554
557
834
1066
1068
1064
1063
616
607
607
610
610
563
562
559
561
561
556
834
833
833
1068
1050
608
608
607
610
562
562
561
561
556
556
1064
386
390
319
325
53
51
385
325
6
4
392
389
389
323
5
328
322
8
10
53
50
377
348
329
8
96
96
79
342
332
117
80
79
370
344
336
276
120
91
92
91
78
344
345
345
335
276
273
118
118
92
93
75
844
344
1018
272
273
94
844
1017
273
94
574
76
840
1020
1020
1007
653
662
662
662
847
846
1020
1019
1019
1008
657
659
667
584
837
633
659
665
667
669
585
584
573
808
1009
1011
612
584
573
809
1010
1009
612
633
633
553
829
808
1065
613
634
632
564
554
830
829
1067
1063
615
609
610
565
554
554
829
1063
616
609
563
560
833
1063
563
560
385
5
7
53
9
371
342
320
63
117
92
96
370
343
276
336
76
272
76
574
845
574
845
840
1008
660
662
614
667
808
552
566
830
614
565
565
563
555
1064
608
12
53
13
7
377
390
50
8
80
328
341
328
95
343
92
94
94
1017
1007
657
573
846
1016
584
584
830
614
633
1065
613
555
1009
609
609
1067
615
608
565
560
556
390
7
323
5
4
53
376
8
276
80
343
92
75
370
335
272
272
124
273
1007
659
665
612
613
829
634
1064
565
555
1068
610
562
390
323
322
11
53
320
332
341
80
371
336
118
75
94
844
844
273
662
661
573
840
1020
660
838
1010
1009
838
808
1009
564
1067
832
833
1050
607
563
390
323
679
679
51
389
389
368
678
337
11
11
80
335
343
335
1018
75
1018
660
1018
1018
660
661
660
662
659
665
368
614
564
555
634
832
832
1063
565
555
1067
1064
319
295
679
11
51
51
678
678
337
11
337
664
678
664
461
118
679
725
295
143
725
679
256
1058
832
1058
143
746
221
