2720
794
372
372
376
378
780
785
793
742
422
422
785
760
759
759
739
729
730
452
362
367
804
806
802
755
522
365
424
419
420
769
803
749
528
633
622
621
951
952
803
747
747
748
662
636
621
623
952
952
746
659
635
598
625
938
942
937
939
946
917
915
900
893
671
659
670
599
596
938
945
930
892
536
537
672
673
669
597
960
958
926
924
930
903
538
537
1443
1584
2702
959
2711
1431
1439
1443
1575
2701
2699
2710
2464
1441
1555
1557
1575
2437
1433
1436
1555
1554
1579
1578
1578
2655
2442
2442
2444
1421
1432
1416
1552
2716
2714
2652
2441
2453
2453
2450
2451
1422
1422
1687
1563
1666
2620
2620
2632
2646
2508
2450
2513
1419
1418
1682
2633
2508
1685
1691
1662
1672
2621
2543
2543
2542
2511
2518
2522
2524
1512
1510
1697
1698
1677
2608
2522
1520
1699
1699
1699
1670
1677
1676
2608
2609
2539
2549
2548
2547
2527
464
466
466
465
463
461
375
375
377
374
377
376
407
407
784
781
782
795
795
794
763
761
763
741
742
739
739
465
463
461
373
367
363
373
406
404
785
782
779
776
791
792
793
761
740
731
742
731
462
450
451
452
367
364
364
424
423
421
421
777
768
778
778
779
805
805
755
756
755
731
731
730
528
529
524
523
362
365
424
423
421
767
765
766
806
803
743
758
747
745
750
530
530
520
521
522
523
633
634
634
625
624
767
625
769
803
744
747
751
751
750
532
527
660
633
659
636
636
622
625
944
942
943
950
950
952
952
744
916
899
899
748
893
895
532
535
535
661
661
660
635
595
616
941
938
943
936
949
945
932
916
931
901
892
901
894
535
535
534
678
668
666
599
604
595
962
938
939
935
934
932
931
921
900
904
906
539
540
539
671
677
673
664
669
598
597
596
962
962
957
960
960
970
927
925
931
928
906
905
906
902
539
538
672
670
1585
600
1586
2700
2701
2702
2712
960
927
927
927
925
924
2455
906
903
2463
1430
1429
1440
1440
1443
1443
1557
1560
1558
1586
1585
1573
1575
2698
2699
2709
2711
2713
2713
2667
2454
2666
2671
2454
2457
2464
2463
1433
1428
1441
1437
1442
1560
1557
1575
1574
1576
1576
2707
2715
2715
2650
2653
2655
2440
2654
2458
2460
2462
2464
1433
1431
1427
1438
1555
1552
1552
1580
1581
2715
2715
2651
2655
2655
2438
2452
2440
2453
2453
2444
1433
1415
1553
1555
1565
1565
1581
1580
1578
1578
2619
2651
2652
2645
2442
2433
2451
2449
2448
1420
1418
1421
1416
1416
1688
1688
1688
1687
1680
1666
1664
2618
2634
2645
2441
2433
2450
1419
1422
1422
1685
1684
1681
1663
1665
1666
1657
2620
2623
2623
2622
2634
2631
2509
2511
2510
2514
2519
2519
2521
1511
1511
1514
1513
1693
1685
1681
1663
1662
1666
1673
2621
1664
2633
2623
2634
2631
2631
2511
2520
2521
1512
1519
1521
1521
1693
1692
1670
1674
1677
1674
2612
2609
2630
2540
2541
2542
2542
2548
2546
2523
2524
1510
1525
1519
1523
1523
1699
1698
1694
1670
1670
1677
2612
2609
2609
2540
2547
2545
2523
2527
2527
2526
2527
1520
374
763
457
466
460
460
375
381
379
407
407
818
784
821
781
782
791
792
786
764
741
742
739
738
466
448
463
463
454
367
370
368
370
378
368
381
417
404
404
785
782
777
788
790
764
762
736
722
733
727
450
450
455
369
370
363
416
424
414
773
774
772
772
770
776
775
805
798
760
758
723
728
728
530
450
529
453
526
455
362
415
420
774
768
766
805
802
758
757
757
752
727
724
530
527
521
524
516
516
650
628
633
629
618
618
941
954
955
955
860
743
913
753
753
749
527
520
662
649
630
636
630
617
620
944
953
947
914
917
896
896
548
550
658
668
603
602
941
935
948
933
948
934
914
915
901
535
531
544
541
679
679
677
679
667
666
668
962
963
973
946
949
972
933
923
923
923
898
904
901
909
539
536
543
679
678
665
665
665
603
602
601
964
965
965
957
973
976
976
969
922
923
912
907
567
1444
674
1541
1584
600
2700
2698
959
974
2712
970
928
2456
911
2461
1366
1428
1439
1444
1559
1560
1559
1582
2703
2708
2708
2710
2670
2668
2667
2672
2673
2455
2456
2457
2461
1429
1430
1366
1426
1438
1560
1557
1583
1573
2706
2718
2717
2669
2666
2653
2671
2439
2458
2461
2462
1427
1425
1426
1424
1437
1435
1436
1434
1570
1568
1562
1600
2718
2717
2650
2649
2644
2442
2431
2438
2447
2445
1427
1408
1414
1569
1564
1581
1581
1601
2716
2648
2647
2648
2646
2422
2446
2446
1420
1416
1688
1569
1565
1679
1593
1601
1658
2613
2628
2649
2431
2430
2422
2515
2450
1407
1508
1407
1515
1415
1685
1682
1679
1680
1661
1661
1658
2620
2615
2616
2625
2632
2627
2510
2511
2516
2513
2521
1509
1515
1513
1517
1693
1691
1690
1669
1679
1660
1657
2601
2623
2627
2626
2543
2515
2516
2518
2520
2521
1509
1529
1693
1695
1671
1675
1673
2612
2611
2629
2631
2605
2531
2536
2546
2515
2524
1526
1524
1526
1525
1529
1528
1522
1523
1699
1696
1695
1695
1668
1668
1676
2610
2612
2611
2539
2606
2538
2538
2537
2537
2549
2546
2546
2525
2527
2538
2533
2545
459
458
764
456
456
460
457
460
375
381
380
347
406
346
405
817
819
820
826
787
789
832
764
736
735
736
734
735
733
733
446
447
381
444
349
379
408
413
818
783
824
820
827
787
789
718
736
726
449
447
453
446
454
443
370
418
418
417
411
773
775
771
799
796
790
718
758
720
723
699
725
725
449
437
514
439
438
439
391
391
416
415
414
770
765
800
798
797
796
721
699
722
726
724
526
516
516
651
628
629
619
392
1009
799
1005
861
721
752
707
703
703
527
519
519
650
647
626
627
619
1010
1010
954
955
1004
1005
860
861
864
864
881
882
895
549
548
542
551
518
541
649
655
647
626
617
616
1016
936
1005
947
913
862
882
898
548
545
547
545
668
657
609
609
601
965
613
1019
973
973
968
934
920
919
910
912
912
894
540
544
543
675
676
638
664
665
612
604
614
964
963
972
969
931
919
911
912
908
567
566
568
676
569
1540
1542
1582
1582
2705
2704
975
976
976
970
2676
2674
922
2397
2389
2384
2387
1367
1367
1435
1546
1541
1587
1589
1589
2708
2704
2695
2696
2669
2670
2675
2673
2396
2397
2389
2388
2461
1368
1366
1424
1435
1566
1588
1600
2703
2707
2697
2709
2697
2636
2675
2644
2672
2439
2439
2459
2460
2386
1427
1425
1571
1570
1562
1568
1599
1599
2706
1600
2689
2688
2689
2694
2639
2642
2643
2426
2425
2424
2447
1410
1413
1406
1412
1570
1567
1564
1594
1603
2613
2638
2638
2641
2431
2424
2423
2445
1409
1411
1404
1409
1412
1616
1564
1593
1659
1605
2617
1603
2613
2647
2628
2640
2429
2431
2423
2443
2443
1508
1408
1517
1518
1501
1517
1616
1619
1622
1622
1661
1661
2617
2617
2628
2556
2427
2529
2480
1514
1518
1498
1689
1689
1618
1617
1673
2617
2601
2599
2625
2628
2627
2532
2529
2516
2516
1490
1516
1529
1517
1690
1617
1695
1640
1673
2598
2600
2601
2602
2603
2603
2532
2533
2530
2525
2499
1524
1527
1529
1506
1523
1646
1671
1647
1675
1637
2610
2606
2596
2604
2538
2536
2531
2535
2535
2534
2497
2499
2500
2498
1696
2496
428
429
429
440
442
381
348
349
349
410
409
821
817
819
825
826
835
832
831
689
832
682
684
684
691
429
429
445
445
441
443
408
410
409
413
413
412
824
827
827
834
835
833
788
716
683
700
691
435
436
444
486
487
388
388
384
413
413
827
824
842
799
843
834
845
720
718
717
696
700
698
513
512
436
439
488
390
389
399
823
843
846
839
719
721
710
699
700
513
512
511
517
438
511
488
391
389
400
393
401
393
771
800
799
840
1007
797
866
720
721
707
704
705
702
551
551
519
551
517
518
651
647
402
607
620
396
1012
1006
1009
1008
1004
866
863
870
864
881
883
887
889
550
551
519
653
654
657
656
608
609
1013
1016
1015
1018
1002
1005
998
853
862
864
850
885
888
548
542
675
657
656
641
609
1016
999
999
852
884
883
908
565
566
569
638
638
640
639
612
615
615
1017
991
1019
990
967
918
851
920
910
909
907
566
566
568
674
1546
1543
639
611
615
614
984
975
966
966
967
2676
2660
918
2395
874
875
871
2383
1369
1369
1377
1377
1540
1544
1544
1589
1588
2705
2695
2696
2694
2693
2668
2660
2659
2674
2399
2397
2389
2387
1363
1363
1361
1376
1547
1536
1535
1588
1595
1589
2688
2694
2694
2656
2395
2396
2394
2391
2389
2394
2382
1364
1405
1364
1406
1413
1533
1570
1534
1568
1566
1596
1600
2691
2690
2691
2636
2644
2391
2393
2394
2392
2405
2386
1411
1405
1403
1404
1571
1568
1597
1594
1597
1602
1603
2578
2688
2574
2637
2639
2641
2429
2425
2419
2426
2418
2417
1410
1402
1499
1604
1607
1606
2616
2577
2553
2554
2559
2555
2428
2428
2421
2421
2416
2416
1496
1494
1493
1500
1500
1618
1624
1621
1604
1605
1606
2578
2576
2614
2552
2552
2555
2556
2427
2495
2482
2481
2481
1495
1493
1493
1497
1497
1619
1624
1638
1639
2598
2601
2551
2551
2570
2529
2493
2485
2484
2484
2482
2480
1488
1491
1507
1503
1648
1649
1647
1646
1640
1639
2598
2595
2599
2604
2602
2530
2505
2499
2497
2499
1489
1491
1505
1507
1503
1504
1650
1650
1637
1643
1637
2595
2593
2605
2568
2535
2535
2505
2496
2500
1502
440
691
426
426
441
442
478
477
349
347
344
350
346
358
360
359
360
825
809
808
835
832
686
687
683
684
684
681
694
427
426
428
485
487
348
344
383
343
815
810
807
836
838
838
837
688
689
680
695
693
427
507
508
485
487
487
388
388
386
385
383
398
824
842
846
688
712
718
712
697
700
435
583
437
581
491
490
492
492
486
493
391
386
399
399
399
824
816
841
846
848
715
713
709
705
582
514
582
583
490
496
493
395
392
813
841
849
840
846
710
710
710
701
704
578
560
557
654
654
402
394
394
395
1011
1013
1007
1007
1007
867
868
869
869
707
891
551
580
561
559
607
606
605
1012
1015
1016
1008
1001
853
867
854
854
857
884
890
891
887
563
563
561
646
655
645
657
606
606
613
1019
993
1019
1018
998
854
850
880
878
885
888
888
888
565
563
572
572
644
612
615
986
991
989
853
988
987
851
875
873
872
871
564
1377
571
642
1543
640
1542
612
985
986
989
2663
990
2664
2658
2658
873
2381
1380
1380
1376
1377
1549
1535
1591
1592
1592
984
2686
2686
2664
2664
2660
2660
2400
2400
2399
2400
2383
2384
1368
1362
1379
1361
1396
1547
1547
1547
1538
1536
1537
1590
1595
2681
2684
2691
2664
2661
2657
2400
2398
2381
1363
1363
1361
1400
1534
1539
1596
1603
2691
2690
2637
2642
2644
2391
2393
2394
2403
2404
2404
2405
1403
1400
1533
1532
1609
1611
1610
1612
2580
2575
2575
2557
2635
2414
2420
2417
2403
1411
1494
1472
1402
1471
1616
1632
1632
1611
1611
1608
2579
2579
2554
2640
2415
2415
2421
2421
2418
1465
1495
1496
1499
1467
1470
1470
1633
1635
1631
1623
1624
1621
1608
2576
2577
2553
2558
2558
2494
2494
2485
2483
1463
1488
1490
1501
1498
1469
1623
1624
1627
1642
2598
2590
2591
2567
2551
2562
2495
2479
2484
2484
1490
1488
1491
1483
1503
1650
1650
1653
1638
1645
1644
1642
2594
2588
2570
2506
2506
2505
2501
2469
1489
1483
1505
1451
1506
1483
1504
1504
1504
1649
1654
1654
1645
1645
2594
2596
2588
2593
2593
2569
2569
2504
2506
2501
2468
2467
2469
2569
433
433
470
471
473
473
482
478
480
351
352
350
357
359
811
808
829
828
830
686
1113
686
681
681
694
694
1123
509
432
471
470
482
477
344
344
341
351
354
358
360
811
838
828
1138
1138
1114
697
1115
1123
509
509
508
503
483
484
484
386
341
277
816
815
816
814
837
838
845
1144
687
696
693
1124
575
509
501
491
495
495
385
386
398
282
282
812
816
847
847
849
848
715
711
711
708
695
1121
580
581
579
579
489
497
494
495
402
290
288
400
396
276
248
813
839
849
849
714
715
709
1314
1316
701
573
583
579
559
489
498
496
214
401
247
248
1011
1192
1000
1217
867
867
868
713
707
891
702
1313
591
591
591
557
654
654
215
216
214
248
992
1000
1001
1002
858
859
870
890
1284
891
588
586
587
552
560
646
645
223
213
213
981
994
994
997
995
859
878
880
879
890
1283
587
572
554
646
643
641
222
229
229
229
979
985
980
996
988
856
856
877
877
880
564
1378
554
572
643
1392
644
1549
226
228
229
986
983
983
983
980
996
987
2665
2142
874
2161
872
1371
1374
1380
1397
1392
1550
1550
232
1592
2681
2679
983
2685
2686
2145
2382
2163
1373
1380
1373
1374
1398
1398
1549
1539
1591
2010
2680
2681
2681
2686
2665
2662
2657
2132
2134
2132
2154
2398
2392
2381
2401
1390
1398
1401
1538
1537
1614
1613
2678
2572
2684
2662
2661
2656
2419
2402
2401
1362
1387
1399
1401
1399
1532
1531
1609
1613
1614
1612
2677
2571
2574
2635
2414
2412
2406
1464
1382
1471
1634
1632
1610
1914
2580
2573
2557
2561
2559
2415
2414
2409
2408
1465
1464
1468
1473
1475
1470
1634
1635
1632
1629
1629
1628
1607
2583
2582
2560
2563
2563
2564
2413
2413
2492
2478
2476
1454
1450
1453
1467
1468
1479
1470
1625
1630
1627
1629
1629
1642
2591
2590
2567
2493
2490
2489
2492
2477
2475
2479
1451
1451
1478
1480
1484
1626
1645
1653
1642
1947
2587
2587
2589
2567
2566
2565
2487
2503
2503
2466
2469
2469
1446
1445
1482
1486
1485
1486
1655
1656
1653
1651
1644
1946
2586
2586
2588
2567
2569
2506
2502
2503
2468
2467
1656
476
356
434
469
471
474
479
481
481
353
354
354
357
810
809
808
829
1136
1137
1137
1114
1114
1116
1108
1108
434
469
467
471
468
475
483
480
352
354
357
277
1045
1042
1140
1139
1143
1145
1116
1114
1115
1124
1125
506
505
504
500
468
263
341
291
278
282
1045
1044
1050
1041
1139
1143
1146
1146
1119
1119
1124
1122
505
502
503
502
494
501
495
287
295
284
1047
1049
1048
1142
1146
1118
577
576
503
498
147
145
290
289
288
246
282
1217
1049
1213
1212
1214
715
1316
1315
1316
1313
574
576
574
579
558
497
141
289
234
245
245
237
246
248
1217
1217
1215
1215
1214
857
1297
1315
1312
591
573
558
553
140
139
215
245
247
1192
1202
1204
858
1221
880
1313
588
590
585
553
555
149
156
225
222
213
981
993
992
1194
1203
856
877
1283
1279
1281
1284
1282
584
586
585
556
642
225
223
229
231
978
996
997
1201
1200
877
1277
1282
1281
570
1371
584
555
1395
1395
1393
224
1997
230
232
230
232
980
977
996
2115
1207
2143
2142
2148
2149
2157
2161
2163
1370
1378
1388
1370
1394
1395
1395
1393
1549
1548
2000
2011
2011
2088
977
2679
2115
2144
2115
2141
2142
2147
2150
2147
2162
2163
1372
1372
1398
1392
2000
2006
2011
2124
2122
2116
2144
2133
2153
2152
1382
1388
1389
1390
1398
1401
1530
2006
2008
2007
2014
2677
2678
2123
2123
2123
2134
2130
2133
2155
2127
2155
2154
2407
1382
1384
1385
1390
1387
1531
1531
2003
2004
1921
2571
2573
2309
2131
2134
2303
2155
2410
2407
2402
1383
1460
1472
1475
1474
1875
1634
1879
1611
1919
1918
1921
1920
2583
2572
2582
2303
2564
2412
2410
2409
2408
1465
1473
1474
1475
1634
1475
1879
1631
1878
1913
1913
1916
1914
2585
2585
2300
2560
2301
2564
2489
2412
2475
1461
1463
1480
1625
1626
1913
1915
1915
2584
2585
2561
2563
2486
2486
2490
2477
2473
1452
1452
1476
1453
1479
1652
1933
1948
1948
2589
2366
2379
2378
2217
2487
2465
2473
1454
1448
1483
1478
1485
1484
1486
1656
1655
1934
1945
1946
2368
2588
2368
2366
2567
2377
2377
2216
2503
2465
2466
2474
1445
1653
2474
272
1055
431
431
475
476
474
257
260
353
260
356
357
267
280
1054
1053
1051
1136
1128
1112
1114
1109
1111
1106
1108
434
431
467
84
479
264
264
269
279
269
279
280
1060
1041
1043
1052
1140
1050
1144
1119
1109
504
506
82
81
79
293
292
293
278
1059
1043
1045
1045
1042
1143
1146
1143
1141
1145
1119
1122
1124
6
6
500
143
143
144
296
291
296
294
285
285
1048
1047
1035
1050
1033
1229
1117
1186
1189
1185
1189
1121
575
500
4
147
146
144
145
290
290
287
295
283
284
1218
1220
1212
1231
1231
1316
1311
1310
577
590
2
141
147
140
138
237
235
251
253
251
1219
1193
1220
1226
1215
1229
1223
1222
1303
1297
1313
594
592
163
150
132
141
137
137
236
234
252
1194
1194
1215
1224
1225
1222
1223
1305
1305
1312
1310
594
593
594
552
151
151
156
158
216
252
1196
1204
1203
1204
1200
1279
1278
594
592
161
149
154
153
226
219
980
1196
1199
1208
1201
1210
1207
1250
1279
1277
1764
556
1772
1771
155
155
224
221
232
231
219
218
978
1198
1207
2143
2137
2139
2148
2157
2150
2163
1763
1773
1771
2001
1999
1998
2009
2010
2091
2120
2118
2116
2145
2139
2146
2157
2165
1780
1775
1774
1732
2005
2001
2000
2007
2009
2013
2013
2088
2121
2120
2124
2117
2129
2142
2125
2151
2166
2151
2166
1781
1390
1778
1389
1774
2003
1731
2006
2006
2014
2016
2121
2121
2123
2131
2129
2155
2198
2152
1385
1387
1870
1871
1875
2003
2008
1921
2015
2015
2308
2130
2304
2128
2237
2196
2249
2198
2406
2196
1383
1384
1461
1462
1462
1840
1871
1874
1876
1918
1921
1919
2582
1918
2307
2308
2302
2304
2303
2239
2240
2240
2239
2250
2250
1461
1461
1840
1839
1877
1879
1889
1925
2585
2313
2314
2301
2238
2238
2478
2242
2476
1456
1459
1458
1477
1832
1887
1937
1936
1935
1926
1926
1916
2315
2364
2365
2379
2300
2369
2219
2218
2226
2242
1447
1459
1449
1477
1476
1938
1833
1940
1939
1937
1936
1947
1924
2367
2368
2363
2374
2363
2378
2379
2219
2219
2228
2229
1446
1449
1481
1834
1835
1938
1939
1942
1941
1934
1933
1945
1954
1945
1954
2367
2359
2368
2375
2376
2376
2372
2215
2373
2215
2216
2230
2230
2229
2230
2230
1054
1111
71
78
76
74
75
261
264
260
266
265
272
272
1055
1052
1051
1130
1129
1129
1130
1135
1111
1106
1109
1175
1107
77
77
84
80
262
264
268
269
1059
273
1061
1061
1058
1058
1127
1128
1126
1133
1132
1175
1125
1174
5
83
84
80
81
79
263
269
292
1040
1038
1061
1039
1060
1031
1057
1033
1127
1132
1189
1122
1168
6
3
6
1
82
129
144
130
262
296
285
1040
1035
1034
1126
1184
1184
1230
1185
1189
1187
8
9
9
3
4
2
129
131
144
296
237
283
285
1219
1036
1032
1220
1228
1226
1297
1298
1189
1306
9
9
133
163
134
133
147
138
128
236
237
238
239
251
254
251
1228
1225
1227
1231
1304
1305
1309
1309
1310
166
166
152
132
152
157
235
242
243
240
254
254
1194
1191
1191
1202
1224
1236
1221
1302
1305
1289
1288
168
169
163
162
158
158
158
241
241
217
1196
1191
1209
1210
1248
1236
1251
1252
1252
1286
1279
1290
1293
169
162
152
154
220
221
217
220
1197
1198
1197
1209
1206
1249
1252
1248
1251
1249
1275
1292
1292
1295
1763
1766
1768
160
153
122
218
2090
1199
1207
1207
2138
2149
2160
2160
2164
1764
1767
1779
1765
1773
1772
1740
2000
2027
1997
1998
2025
2025
2091
2089
2083
2118
2118
2136
2138
2135
2146
2158
2165
2166
1782
1779
1781
1784
1776
1775
1741
1740
2019
2026
2024
2023
2091
2090
2117
2104
2108
2135
2126
2126
2194
2166
2190
1780
1783
1777
1731
1732
1738
2020
2019
2023
2014
2017
2121
2111
2110
2109
2109
2129
2129
2125
2193
2197
2198
2195
1783
1796
1795
1777
1778
1735
1734
1870
1876
1978
2014
2017
2017
1980
2016
1980
2111
2307
2306
2298
2299
2248
2198
1795
1803
1841
1839
1841
1734
1873
1879
1872
1918
1979
1980
2306
2309
2312
2305
2299
2303
2299
2240
2240
2249
2251
2248
2245
1458
1838
1830
1831
1873
1886
1890
1890
1923
1922
1929
1929
2315
2313
2310
2302
2233
2251
2245
2245
2245
1455
1457
1459
1830
1829
1830
1828
1886
1887
1889
1922
1926
1932
1925
1928
2314
2365
2370
2231
2219
2213
2242
2226
1455
1456
1820
1836
1836
1833
1832
1942
1935
1952
1926
1953
2359
2362
2364
2375
2370
2369
2218
2213
2227
2227
1447
1819
1448
1820
1836
1835
1940
1942
1942
1952
1954
1954
2359
2362
2361
2374
2371
2371
2373
2372
2217
2227
2227
72
73
75
73
74
259
259
265
275
275
1053
1079
1058
1090
1135
1134
1111
1177
1176
18
72
78
76
60
259
258
256
266
267
274
275
1061
1058
1058
1101
1134
1133
1170
1173
1175
20
83
84
58
60
256
307
308
338
274
1039
1038
1031
1034
1103
1132
1186
1181
1175
1169
19
1
335
336
337
1040
1037
1029
1034
1033
1104
1102
1179
1180
1188
1182
1187
1169
10
13
12
1
14
131
130
336
334
337
1037
1025
1028
1027
1028
1231
1228
1296
1183
1298
1299
8
12
135
136
128
128
336
240
239
250
205
203
1193
1257
1220
1228
1302
1300
1310
165
166
103
136
135
136
157
243
179
243
238
253
204
201
1255
1256
1238
1235
1238
1238
1302
1303
1287
1288
168
166
167
163
152
151
118
243
242
186
1260
1236
1238
1240
1276
1252
1286
1290
1287
1289
169
169
161
160
160
120
117
121
123
187
187
1210
1236
1249
1275
1291
1294
1294
1765
1767
1766
1770
1770
1737
123
122
221
187
2084
1208
2118
1249
2138
2159
2160
1292
2160
1295
1769
1770
1769
1770
1739
2028
2028
2032
2091
2084
2085
2104
2104
2183
2138
2187
2169
1784
1776
1722
1725
1740
1741
2028
2025
2025
2033
1985
2083
2107
2105
2106
2136
2184
2179
2191
2192
2192
1783
1783
1723
1733
1733
2021
2019
1984
1983
1983
2113
2113
2106
2110
2108
2073
2179
2189
2195
2190
1796
1803
1841
2020
1976
1979
1980
2306
2110
2112
2296
2237
2194
2189
2195
1802
1805
1735
1844
1872
1874
1977
1888
1978
2311
2312
2312
2297
2297
2298
2235
2234
2246
2247
2248
1798
1802
1838
1841
1828
1886
1890
1881
1932
1929
2311
2312
2323
2322
2234
2251
2246
2244
2245
1816
1818
1817
1831
1830
1866
1886
1890
1923
1931
1931
1929
2332
2339
2347
2310
2355
2323
2356
2232
2232
2223
2221
1820
1823
1816
1817
1863
1866
1836
1865
1866
1864
1885
1951
1930
1951
1932
2360
2348
2348
2355
2357
2357
2357
2357
2211
2214
2212
2224
2224
2222
1819
1821
1823
1824
1867
1869
1943
1943
1951
1951
2362
2362
2358
2351
2354
2354
2353
2353
2211
2214
2222
1949
1077
67
73
73
70
69
56
53
297
259
316
316
272
1078
1078
1082
1080
1090
1082
1090
1089
1135
1153
1178
1178
1176
69
70
61
62
256
310
311
313
314
314
275
1081
1082
1090
1135
1162
1171
1171
1177
20
20
68
62
59
59
62
310
309
313
318
1081
1031
1099
1023
1100
1100
1171
1171
1172
1168
19
17
20
14
36
58
307
43
339
339
319
319
322
318
1036
1024
1022
1024
1104
1103
1104
1104
1102
1179
1181
1183
1172
11
11
13
37
94
335
338
321
320
202
1026
1026
1027
1329
1321
1320
1180
1300
1339
1182
1299
1340
102
39
136
93
92
178
330
336
210
1025
202
201
1029
1256
1257
1239
1331
1320
1318
1343
1341
105
104
105
97
98
89
94
179
177
204
205
203
1259
1255
1241
1241
1240
1321
1302
1317
1344
1346
101
105
105
120
119
118
126
179
179
188
190
1260
206
1260
1259
1262
1241
1243
1276
1286
1345
1345
1294
1768
1753
126
120
126
190
189
190
190
186
1260
1269
1232
1245
1243
1359
1358
1292
1755
1752
1704
121
124
126
126
2030
189
2029
187
2087
181
183
2086
2086
2102
1242
2071
1244
2182
2184
2183
2186
2170
1294
1756
1752
1740
125
2028
2033
2032
2085
2100
2083
2074
2072
2184
2184
2185
2171
1746
1754
1721
1721
1724
1722
1737
1738
1738
2022
2027
2031
2022
2026
1981
2087
2097
2072
2105
2074
2075
2181
2180
2191
2171
1746
1744
1730
1729
1724
1725
1738
2021
1982
1981
1984
2098
2113
2107
2075
2073
2078
2076
2189
2209
2209
1797
1804
1805
1723
1715
1977
1964
1982
1985
2113
2078
2204
2206
2195
2207
2205
1801
1797
1799
1805
1802
1804
1842
1847
1884
1963
1883
1976
1992
1993
1991
1995
1996
2330
2328
2330
2325
2296
2235
2248
2256
2294
1799
1802
1805
1843
1843
1856
1882
1883
1882
1880
1991
1996
1996
2329
2324
2322
2252
2255
2292
2293
2293
1813
1798
1862
1863
1863
1910
1880
1881
1932
1929
2331
2333
2333
2325
2356
2325
2325
2322
2272
2252
2233
2253
2290
2290
1826
1822
1824
1863
1862
1864
1866
1911
1930
2347
2349
2350
2350
2354
2231
2272
2281
2224
2223
2289
1821
1823
1826
1825
1868
1869
1869
1869
1911
1909
1950
1950
2339
2341
2351
2354
2268
2211
2272
2214
2220
2224
2221
1861
55
1067
66
68
53
55
299
301
317
300
317
1074
1079
1076
1077
1080
1068
1093
1093
1164
1152
1153
1154
65
65
66
54
54
62
298
310
311
298
316
314
1075
1082
1069
1071
1093
1093
1162
1164
1156
1155
17
16
59
59
61
42
310
304
308
325
315
328
1065
1066
1099
1083
1101
1092
1149
1151
17
38
38
333
339
332
324
320
1021
1023
1098
1092
1166
1324
1148
1151
17
10
41
36
91
91
91
331
332
321
322
1020
1022
1330
1329
1341
25
103
41
88
94
88
94
209
211
208
207
1330
1331
1319
1320
1339
1320
1342
102
102
99
99
98
108
93
109
92
178
211
207
1253
1241
1336
1318
1343
1348
1347
102
104
97
110
174
171
184
180
211
206
1263
1263
1262
1239
1270
1268
1317
1358
1358
1344
1348
1348
1347
101
1760
1761
120
117
177
184
180
181
183
1263
1274
1263
1246
1246
1245
1358
1356
1356
1759
1756
1753
117
124
182
2093
2100
2058
2052
1243
1359
2167
1354
2168
1755
1754
1703
1702
1704
2036
2030
2029
2101
2094
2102
2102
2102
2060
2182
2186
2185
2178
2187
2169
2170
1745
1743
1730
1727
1720
1719
2035
2031
1975
2099
2099
2060
2060
2071
2180
2181
2207
2209
1745
1730
1730
1726
1729
1719
1717
1964
1962
1972
1973
2097
2098
2048
2077
2079
2081
2206
2206
2208
2206
2209
1745
1743
1728
1728
1845
1964
1963
1964
1993
1994
2049
2048
2078
2078
2076
2205
2201
1786
1789
1792
1793
1842
1846
1847
1845
1961
1961
1992
1989
1996
1995
1987
2328
2330
2327
2317
2256
2062
2254
2284
2292
2203
2294
1786
1788
1860
1844
1846
1884
1900
1900
1988
1986
2331
2330
2318
2317
2254
2255
2284
2291
2291
1814
1815
1787
1815
1858
1858
1857
1858
1891
1899
1899
2332
2335
2324
2320
2319
2258
2285
2278
2290
2291
1812
1823
1860
1815
1853
1854
1910
1899
1903
1897
2338
2340
2349
2269
2267
2272
2281
2283
2279
1811
1826
1826
1861
1868
1855
1908
1911
1907
1907
1908
1904
2340
2345
2269
2263
2262
2267
2283
2282
2280
2341
300
64
56
1075
1076
1073
1073
1067
1071
1159
1087
1087
1159
1163
1155
1152
67
51
53
301
44
304
314
1074
1073
1066
1085
1086
1164
1164
1156
1154
63
31
46
46
42
306
325
325
328
1064
1065
1083
1167
1167
1147
22
24
16
31
33
43
305
333
327
328
1020
1095
1328
1147
1150
25
40
41
37
35
333
330
324
328
1021
1098
1328
1327
1334
1333
1324
1342
25
25
41
87
91
86
172
191
209
208
1336
1337
1334
1325
1342
29
30
26
96
89
86
109
171
173
173
211
211
1261
1253
1337
1336
1353
1348
29
95
110
110
171
195
195
1274
1271
1253
1268
1355
29
95
110
107
176
175
198
1274
1271
1267
1268
1357
1354
1356
1762
1759
1704
1701
1700
2037
2039
182
198
1273
2056
1270
1269
2177
1244
2174
1356
1759
1759
1758
1702
1706
2036
2036
2039
2093
2101
2059
2057
2058
2052
2177
2175
2168
1745
1751
1719
2036
1974
1975
2096
2096
2060
2054
2080
2178
2176
2172
1751
1743
1750
1727
1714
1713
1718
1719
1712
1975
1974
1973
2047
2040
2042
2080
2067
2174
2200
1748
1748
1794
1711
1715
1716
1961
1961
1969
1968
2049
2046
2048
2079
2070
2070
2200
2202
2202
1794
1793
1792
1847
1956
1986
1968
1967
2049
2327
2063
2064
2061
2061
2201
2203
1789
1789
1857
1895
1990
1990
1989
1987
2326
2319
2258
2256
2286
2287
1814
1806
1849
1852
1858
1894
1891
1899
1898
1896
2335
2318
2258
2253
2285
2288
2287
2291
1812
1854
1855
1908
1893
1897
2343
2344
2346
2346
2264
2268
2277
2277
2282
2278
1811
1808
1852
1852
1905
1904
2338
2343
2341
2262
2265
2272
2283
2283
2280
1908
51
49
299
317
1160
1157
63
317
1087
1165
51
46
45
305
1084
332
326
1063
1098
1148
1150
24
87
333
1062
1327
1334
1326
35
323
1098
1325
1342
25
27
113
174
195
1266
1266
1337
1338
96
107
107
115
172
200
196
1272
1268
1353
1353
1762
30
1700
106
197
1264
1761
1701
199
1265
2173
1350
1759
1707
1707
2039
2095
2056
2055
2057
1749
1712
1720
1717
2035
1972
1975
2096
2081
2070
1751
2044
2040
2043
2044
2081
2069
2068
2172
1711
1959
1959
2046
2070
2199
1791
1716
1959
1967
2044
2065
2062
1788
1849
1891
1966
2336
2317
2063
2288
1787
1810
1853
1894
1988
2346
2320
2259
2277
2286
1810
1895
1905
2346
2266
2271
1809
1893
2264
2276
64
1071
1085
1161
1064
40
46
306
1166
1254
1335
1337
28
26
192
115
1351
176
1350
2167
1703
2176
1713
1750
2037
2095
2053
1972
2054
1711
2200
2065
1789
1956
2261
2260
2266
2277
1902
1904
1068
1161
1071
1165
23
45
1149
1062
1326
191
34
192
1333
112
1272
1265
1357
1706
2039
2094
2175
1714
1717
2069
2067
1786
1959
2044
1849
1966
2274
1957
2336
2336
1851
1896
2343
2260
2270
2279
50
1087
303
1095
1084
1167
22
1063
194
1326
86
1335
1352
30
114
199
194
1274
197
2038
2096
2040
1969
1965
1791
2334
1902
2261
2277
1852
2345
2263
49
303
1072
1070
1160
306
327
35
1323
27
113
195
1353
1264
1762
1762
200
2057
2051
2173
1751
1707
1972
1748
1710
1958
1748
1791
1957
2064
1850
1810
1809
1905
2343
2265
50
303
2683
2683
1157
48
48
2471
2719
35
1097
1097
1323
115
112
115
1709
1351
1709
2050
1708
1708
2050
2051
1971
2053
2041
2043
1280
1965
2067
2274
2334
1806
1807
1892
2259
2274
1850
1902
1307
1233
2683
1096
1158
1158
2719
2719
32
1096
32
2436
1233
2436
2471
196
2472
2435
2470
1307
2432
631
2434
2488
1807
2488
627
2436
648
