160
61
77
40
59
42
44
79
79
76
76
76
61
67
67
66
66
79
78
61
66
66
79
78
76
76
61
61
61
69
66
66
66
79
76
76
60
61
63
69
65
78
78
76
60
63
69
69
69
77
78
63
63
63
63
69
65
77
71
73
73
63
63
63
68
70
70
71
71
73
73
63
64
64
68
68
68
68
70
71
74
73
74
64
64
58
59
74
74
74
64
64
45
59
58
58
58
49
48
45
45
41
58
58
49
49
48
45
40
41
59
58
57
58
49
49
48
48
45
40
41
59
59
57
57
47
47
40
40
55
59
57
54
47
42
40
40
55
50
59
52
52
54
47
42
40
50
51
51
54
54
42
42
50
51
52
52
54
42
42
44
44
50
51
52
54
54
54
44
44
79
76
61
67
67
66
66
79
79
76
61
67
79
78
76
61
61
61
67
66
65
77
77
78
76
76
73
66
65
77
73
73
63
63
69
77
73
73
63
63
63
69
65
77
71
73
63
63
63
68
71
73
74
71
71
74
74
74
63
64
64
64
68
70
71
74
48
64
64
45
45
68
58
58
49
48
45
68
59
59
58
49
49
49
45
45
40
59
49
49
49
45
40
59
59
59
57
48
47
45
40
40
59
57
54
47
42
40
40
51
51
52
54
47
42
42
44
50
51
54
54
42
44
44
51
54
54
51
52
52
54
54
42
44
44
79
79
76
76
76
67
66
66
79
79
76
61
67
66
77
79
78
78
76
76
66
66
77
78
76
60
69
69
69
77
77
77
78
73
60
60
69
65
65
77
77
73
73
63
71
73
73
63
63
64
68
68
68
65
70
71
71
73
73
63
63
63
64
64
68
68
68
70
64
64
70
71
73
74
74
64
45
45
59
58
58
58
74
58
49
48
45
41
59
58
49
48
48
40
41
59
58
57
57
49
48
45
59
59
57
57
40
40
40
59
57
54
47
40
50
52
54
47
44
44
50
51
52
54
54
42
44
44
50
51
51
52
54
42
42
44
50
54
54
42
44
79
79
79
76
76
61
61
67
67
79
79
78
76
76
61
66
66
66
66
77
79
76
76
61
67
67
66
78
76
61
69
69
65
78
73
73
73
61
69
65
77
73
63
63
63
69
63
63
63
68
68
65
70
71
73
63
63
68
68
68
71
71
73
74
64
64
64
64
68
70
71
73
74
64
64
45
68
59
58
58
58
49
48
48
45
41
59
58
58
58
49
48
45
40
40
59
48
48
40
59
57
57
48
40
40
40
40
55
59
59
57
47
47
42
44
40
40
50
51
51
52
54
47
47
47
44
50
51
52
54
42
42
44
44
51
51
54
54
42
42
44
44
44
51
51
51
52
52
54
54
42
44
44
79
79
79
76
61
61
67
66
66
79
79
78
76
61
67
66
76
61
67
67
67
65
65
78
60
61
65
77
77
78
78
75
72
60
60
61
69
69
70
77
77
73
60
63
69
69
68
65
65
77
71
72
64
64
68
71
74
64
64
64
68
70
71
73
74
74
62
64
64
46
68
45
41
58
58
58
49
49
48
48
41
58
58
57
49
48
40
59
57
49
47
48
48
45
40
40
55
59
57
57
49
47
45
40
57
47
47
40
50
51
54
53
47
43
44
52
53
44
50
50
51
52
54
42
44
44
51
52
52
42
42
42
44
79
79
79
76
76
26
61
67
67
67
66
66
79
78
79
75
75
61
61
67
67
66
79
75
60
61
61
66
65
77
78
76
67
69
77
78
61
69
69
65
65
77
71
72
72
62
60
63
69
70
71
72
72
72
62
63
68
68
68
70
70
71
71
73
62
74
64
68
68
70
70
71
73
64
68
46
68
56
71
71
74
74
74
62
62
45
73
58
74
48
48
45
45
41
41
58
58
58
58
74
49
48
41
41
55
59
59
57
49
48
48
48
59
59
57
49
47
55
50
59
57
57
47
47
47
42
40
40
50
51
51
54
42
43
43
51
54
53
42
50
51
52
54
53
53
44
44
50
50
51
51
52
52
54
42
42
44
79
75
67
66
66
66
79
78
78
76
66
78
78
78
75
61
67
67
77
78
75
75
60
61
67
67
69
65
65
77
72
60
60
77
77
73
63
69
69
65
70
71
72
72
72
68
70
70
71
71
73
73
64
68
46
46
73
74
62
46
46
46
74
74
74
45
45
41
56
74
74
48
45
45
58
48
45
45
59
57
57
49
49
49
45
40
41
55
59
57
57
49
47
40
57
57
53
41
50
51
51
51
52
54
47
47
47
43
43
43
50
53
53
53
42
44
43
50
50
53
42
44
51
52
52
53
53
53
42
42
43
79
78
78
75
76
66
66
79
78
75
75
75
61
67
67
66
77
78
75
67
65
65
65
77
75
60
60
61
69
65
77
77
78
75
75
75
60
71
72
72
72
72
62
69
69
68
65
70
70
71
62
62
62
69
69
71
72
62
64
46
71
74
62
62
64
46
46
70
73
74
74
62
48
46
46
41
56
58
56
74
74
49
49
62
46
41
41
56
56
49
48
45
41
41
55
55
58
56
56
49
48
41
41
41
57
57
49
47
48
47
48
41
41
55
55
55
57
57
53
47
43
43
50
51
52
53
47
43
50
50
51
52
53
47
43
50
51
53
53
53
44
43
53
53
53
53
43
75
78
78
75
26
26
26
37
38
38
66
38
75
26
65
79
75
78
26
26
67
38
65
65
77
75
75
75
60
67
65
77
75
75
72
60
60
69
69
65
65
77
70
70
72
72
69
72
72
62
60
69
46
70
70
72
62
62
46
46
70
70
70
71
72
46
46
46
56
71
74
62
62
62
46
46
56
56
56
56
62
46
41
41
41
56
56
56
56
62
46
45
55
56
56
62
45
41
41
55
49
47
48
43
41
55
55
57
57
49
47
43
41
55
55
55
52
53
53
47
43
43
50
52
52
52
53
53
53
43
50
52
52
53
53
53
43
43
43
50
50
50
52
53
53
53
43
43
26
26
37
38
38
38
75
75
26
26
26
26
26
37
38
75
26
26
67
67
38
38
75
75
75
28
60
38
38
65
72
60
27
72
60
60
60
39
65
70
72
72
60
60
69
39
46
70
70
70
72
72
62
62
62
46
46
46
46
70
72
62
62
62
46
46
56
70
72
62
62
2
46
46
56
56
2
62
2
62
46
46
0
41
56
56
56
56
56
4
41
56
55
14
56
56
4
4
46
4
43
55
55
19
4
4
4
43
43
3
55
55
4
43
43
3
55
52
19
18
4
50
50
18
18
3
43
50
17
18
18
3
3
43
50
52
17
17
18
3
43
20
75
75
26
26
26
37
37
38
38
20
21
26
26
38
38
38
20
75
26
26
37
37
38
38
27
28
37
38
39
27
27
27
28
28
28
60
60
38
38
39
39
39
27
27
28
28
60
39
39
27
27
27
27
27
29
60
60
39
39
27
27
27
60
60
60
39
14
72
72
72
2
46
39
56
56
72
2
2
56
14
56
2
2
2
0
0
13
56
2
2
4
0
0
0
14
14
10
19
4
4
0
55
55
55
12
12
4
4
3
55
19
19
19
19
4
4
3
55
55
17
55
17
19
18
43
3
17
17
3
3
43
55
17
17
18
17
17
17
18
18
3
43
43
20
20
21
21
26
26
26
26
37
38
38
21
26
26
26
37
37
38
38
38
20
21
21
21
21
28
37
39
21
28
28
28
37
37
38
39
27
27
27
28
37
37
37
39
39
27
27
28
28
28
37
35
39
39
27
29
29
29
29
29
39
27
27
29
35
35
35
39
27
14
13
2
2
35
35
39
39
14
14
13
10
2
2
0
0
0
39
14
14
13
2
2
2
2
2
0
0
0
14
13
10
2
4
0
14
14
14
10
10
2
4
4
0
14
19
19
19
4
4
4
12
12
19
19
4
4
3
3
55
17
19
19
19
3
4
3
3
3
55
17
17
17
17
17
18
3
3
3
17
17
17
17
17
18
18
3
3
3
17
17
18
18
18
3
20
21
26
37
37
37
38
20
26
25
25
25
26
37
38
38
21
21
26
25
37
38
39
20
27
21
28
28
37
37
37
38
39
39
39
27
27
28
28
28
35
35
27
27
27
29
29
37
37
36
35
39
27
27
28
29
29
29
35
35
35
39
39
27
29
35
35
35
35
39
39
14
14
13
35
14
14
13
13
10
2
2
2
2
14
14
13
13
13
10
10
0
0
0
14
10
2
2
0
0
14
14
10
10
2
0
14
12
10
19
19
4
3
0
55
12
12
19
4
4
12
12
19
19
3
4
3
3
3
17
17
18
18
18
3
3
17
17
17
18
18
18
18
3
3
7
17
17
17
17
18
3
7
20
20
20
20
20
25
25
25
25
37
38
20
25
25
25
25
25
38
38
26
25
36
37
37
39
20
26
28
28
37
35
20
28
28
28
29
36
36
35
35
35
39
39
27
28
28
29
29
36
35
35
27
27
29
36
35
35
39
14
29
29
29
35
35
35
29
13
29
10
35
35
1
35
39
14
13
13
1
1
1
39
14
14
13
13
13
10
2
2
0
14
13
13
10
10
0
0
0
0
12
12
10
10
10
19
2
2
2
0
14
12
12
10
19
4
4
0
12
12
19
19
4
4
0
12
12
12
19
7
12
15
18
18
19
3
7
7
15
15
18
18
3
7
7
17
18
7
7
125
20
20
25
25
25
32
32
32
32
32
20
20
20
25
25
37
20
20
25
25
36
37
32
20
23
23
28
32
32
32
23
36
32
33
21
28
28
29
36
36
35
33
21
28
28
28
29
35
36
36
36
33
21
29
29
29
35
35
1
1
21
21
13
13
29
29
29
1
1
13
1
1
1
13
13
10
1
1
1
1
14
14
13
13
10
2
12
10
1
0
12
10
10
19
4
5
15
12
12
12
11
11
19
4
0
12
15
19
7
7
0
15
18
18
19
7
15
15
15
18
7
7
7
15
18
18
7
7
7
7
20
20
25
25
25
32
32
32
32
22
20
25
25
32
32
32
32
22
20
25
25
36
32
21
23
23
36
36
32
32
32
21
23
23
23
25
36
36
36
32
21
23
24
36
33
21
21
21
23
28
29
36
36
36
33
21
21
24
29
29
36
36
1
33
33
21
13
24
29
29
31
31
1
13
13
29
1
1
1
1
21
13
13
13
13
10
10
5
1
14
12
10
10
10
5
5
1
1
12
12
12
12
5
5
0
14
12
12
10
10
19
5
11
19
9
7
0
15
15
15
12
11
11
11
11
19
19
9
7
7
15
15
15
15
18
16
16
7
7
7
7
15
15
16
16
16
7
15
15
15
7
7
7
22
20
25
30
32
32
32
22
22
20
20
25
32
32
22
22
23
24
23
25
30
36
30
32
32
23
23
25
30
36
30
32
32
32
23
23
25
25
36
23
23
31
31
36
21
21
24
31
36
36
33
24
24
31
31
36
36
33
21
24
24
24
1
1
21
21
13
24
31
6
1
116
13
10
6
6
6
1
116
10
10
5
14
10
11
5
5
1
12
12
19
9
5
5
0
15
15
115
11
11
11
9
9
15
15
19
9
9
7
15
15
16
16
16
16
9
7
15
15
16
16
16
16
9
7
7
7
15
16
16
16
16
16
16
9
7
22
22
20
20
20
24
30
34
22
22
22
24
30
30
32
33
33
22
24
24
30
30
30
30
30
32
23
23
30
33
23
24
24
24
30
31
33
33
33
21
23
23
23
24
24
31
36
36
33
33
21
23
23
23
31
31
36
33
106
106
23
23
24
31
31
33
105
24
6
1
13
24
31
31
6
6
6
116
116
115
11
6
6
6
5
1
116
115
11
11
11
5
1
1
115
11
11
11
5
5
1
115
11
11
11
11
5
8
115
115
11
9
9
9
8
15
115
115
16
16
9
9
9
8
15
15
16
16
9
9
9
8
118
16
16
16
16
16
9
9
8
15
16
16
16
16
9
9
9
8
8
24
30
30
34
33
33
22
22
24
30
30
34
33
22
22
24
24
30
30
34
33
22
22
24
30
30
30
33
21
22
24
24
30
33
33
23
24
24
31
31
31
33
33
23
23
23
24
24
31
31
31
106
23
31
31
31
31
6
6
106
106
105
153
153
31
6
116
153
153
153
11
6
153
153
153
11
5
6
6
6
116
115
153
153
153
153
11
5
5
5
6
115
115
11
5
5
5
5
115
115
118
11
11
5
5
8
115
115
115
11
11
9
9
8
115
118
16
151
9
9
9
8
8
119
118
16
9
9
9
9
8
119
118
118
159
9
9
8
8
118
118
118
118
159
159
159
8
137
22
22
138
138
139
30
34
34
33
22
22
22
139
30
30
34
34
22
22
22
138
138
30
30
33
22
22
30
30
34
34
33
22
138
30
131
31
33
105
105
138
24
24
33
33
105
105
23
31
31
31
105
105
24
153
31
6
106
153
153
153
153
152
6
6
6
105
105
152
6
6
116
116
116
152
5
6
6
6
116
116
115
115
153
11
5
5
115
11
5
5
155
5
8
115
115
118
11
151
5
8
115
118
11
151
159
8
119
118
118
159
8
118
16
16
159
9
8
8
8
119
118
118
118
159
8
8
119
118
159
159
159
159
8
8
137
22
138
139
34
34
137
22
138
139
131
30
34
34
34
138
139
34
22
22
138
138
138
138
30
33
105
105
138
131
130
33
105
105
105
105
105
109
31
31
131
130
130
130
105
153
153
152
31
6
130
106
105
109
153
153
153
152
152
106
153
153
154
6
6
6
106
116
105
105
105
153
154
6
6
6
116
115
153
154
154
152
152
152
152
116
115
115
151
151
152
152
155
115
115
115
118
118
151
151
115
115
151
5
8
115
115
151
151
151
159
155
155
119
118
118
159
159
156
8
119
119
117
159
159
159
8
119
118
118
159
159
159
159
118
118
117
159
159
8
8
8
137
137
139
139
131
131
34
137
137
137
137
138
138
139
34
34
105
137
138
139
139
131
34
105
138
138
139
131
131
34
34
105
105
105
138
138
138
138
139
131
130
105
105
109
138
138
154
130
130
106
109
109
109
138
154
152
152
106
106
106
109
109
152
152
130
106
105
154
154
152
6
116
153
154
153
154
152
152
152
116
152
155
155
116
116
116
155
116
116
151
151
151
151
155
155
116
118
151
151
151
156
155
155
119
115
119
118
118
151
151
151
156
156
156
155
119
119
118
117
151
159
155
155
118
117
159
159
159
158
8
119
119
119
117
157
159
8
119
119
117
117
157
157
157
158
156
156
137
137
137
137
139
139
139
131
131
131
34
137
137
139
139
131
34
137
137
137
139
139
139
131
131
131
34
105
138
138
138
139
131
131
34
105
105
138
138
138
131
130
34
130
109
109
138
138
154
130
106
106
109
138
109
154
152
152
152
130
106
109
109
154
152
152
130
130
106
106
109
154
152
152
106
153
154
152
155
155
116
116
105
153
154
152
152
152
152
155
155
155
116
116
116
153
150
150
151
155
155
116
116
153
153
151
155
155
116
118
117
117
151
156
156
155
119
119
119
118
118
117
151
156
155
155
119
119
117
151
159
155
119
119
119
117
157
159
159
158
156
119
119
117
157
157
159
158
158
119
117
117
157
159
159
158
137
137
137
137
139
34
137
137
139
139
131
34
103
139
139
139
139
131
34
34
103
105
137
139
139
131
109
139
139
139
131
131
109
109
109
108
139
152
130
130
130
106
106
109
109
109
154
154
130
130
106
109
109
109
109
109
154
154
152
106
106
109
109
109
154
154
154
152
155
106
153
154
150
152
141
155
116
116
153
154
154
141
155
116
116
150
150
150
150
155
116
117
150
151
151
140
155
117
117
151
151
140
156
155
117
117
117
151
151
156
156
156
110
117
151
151
158
156
119
110
117
117
117
159
158
158
156
119
119
110
157
158
158
158
156
119
110
110
110
117
117
157
159
158
158
156
156
34
137
137
137
137
135
135
131
131
34
137
137
135
135
34
103
103
137
135
136
131
34
103
103
137
139
131
131
34
107
108
139
134
131
131
131
130
109
108
108
136
132
130
107
109
109
108
108
154
132
132
130
109
154
132
130
109
108
154
150
155
106
106
108
108
154
150
150
141
141
141
155
114
108
150
150
150
141
114
114
111
111
150
150
150
140
141
141
141
112
114
150
150
140
141
141
141
112
112
117
117
150
151
140
140
140
156
112
117
117
151
150
156
119
112
110
117
117
151
158
158
156
119
157
158
158
156
119
110
117
158
158
158
110
117
157
157
158
158
156
135
135
136
136
133
103
137
137
135
135
136
136
134
131
133
103
103
136
136
131
133
103
103
136
136
103
101
101
136
136
134
131
130
130
107
107
108
108
136
134
130
130
108
108
154
132
132
130
130
107
107
109
108
154
132
132
132
132
132
130
130
106
106
108
154
154
132
106
109
108
108
150
132
106
114
114
108
150
142
141
141
141
141
141
106
114
111
111
150
142
141
141
114
114
114
150
150
140
141
112
111
111
150
150
142
140
140
140
112
112
117
150
150
150
158
140
156
112
112
112
110
157
157
156
112
110
110
110
117
157
157
158
158
158
112
112
110
110
110
157
157
157
158
158
158
156
112
110
110
110
157
157
157
157
158
158
158
104
104
135
135
135
135
135
135
136
133
133
136
136
133
133
104
104
137
135
135
136
134
134
133
133
107
103
135
136
136
136
134
133
107
103
136
136
134
134
134
134
107
107
107
108
107
108
108
134
134
130
107
108
132
132
134
130
107
107
108
108
108
108
132
130
107
108
108
132
132
132
132
132
106
107
108
101
101
132
141
141
114
114
111
150
132
141
141
113
114
114
150
141
141
113
114
114
111
142
141
141
112
142
140
140
112
110
111
142
142
140
112
110
110
157
142
142
142
140
156
112
112
110
157
157
142
142
158
156
112
112
112
110
110
157
157
157
142
158
156
156
112
110
157
157
156
104
135
135
135
135
135
135
133
133
133
104
104
104
135
135
133
133
104
101
135
136
134
133
133
133
103
101
136
136
136
136
134
107
107
103
101
101
101
136
136
133
133
107
108
108
101
101
136
134
134
134
129
107
107
107
108
108
101
132
134
129
107
107
108
101
132
132
132
107
107
101
132
132
129
129
106
106
113
108
101
132
132
132
129
141
113
113
114
101
132
141
141
113
113
111
111
101
132
140
141
141
114
111
143
143
140
140
113
113
113
114
111
111
111
143
143
142
143
140
140
113
113
114
110
111
143
142
140
140
140
113
113
112
111
143
143
112
112
110
110
143
142
142
110
110
157
142
142
142
156
112
112
110
90
157
157
142
158
156
104
104
103
135
135
135
135
133
104
104
104
103
135
133
133
133
104
103
103
101
136
136
136
104
104
101
101
101
100
133
103
103
100
136
134
134
134
101
100
100
134
134
129
107
107
107
101
134
134
129
129
129
101
107
107
107
101
134
129
129
88
107
107
101
129
129
129
129
111
101
129
129
113
114
114
101
132
129
141
141
113
114
111
111
125
129
113
114
114
111
143
143
143
143
140
111
111
140
140
113
113
114
142
113
114
110
143
143
142
142
140
113
112
112
91
110
110
143
143
143
142
148
148
112
157
142
148
112
112
91
90
90
90
90
142
148
156
104
104
103
103
103
135
133
133
104
104
103
103
133
133
133
120
104
103
103
100
136
136
133
133
133
120
104
104
103
100
134
134
127
104
104
104
101
128
127
127
101
101
100
134
134
134
128
128
127
89
89
89
100
100
129
129
129
88
93
111
125
125
129
129
129
129
88
114
93
129
129
129
129
113
114
111
111
125
125
125
129
129
114
114
111
144
125
125
140
141
113
114
114
111
144
143
140
113
111
111
143
143
143
143
143
140
140
140
113
113
111
111
143
143
140
113
91
91
144
142
140
91
90
144
144
142
142
142
148
113
91
91
91
90
144
142
142
148
148
148
91
90
90
95
142
148
148
148
104
103
100
100
31
135
120
120
120
103
102
100
100
100
133
120
104
104
103
102
100
133
120
120
120
104
104
102
101
100
134
134
128
128
128
89
104
101
100
134
128
128
127
104
89
89
101
100
128
127
89
89
89
100
100
100
100
125
128
127
88
89
89
89
100
125
128
88
88
93
93
100
100
125
129
88
88
93
93
111
126
129
129
88
88
93
129
88
88
93
114
93
93
111
144
143
143
128
128
113
114
111
111
144
149
149
113
114
91
91
144
144
144
143
143
143
149
149
113
91
91
144
144
144
143
143
149
148
140
113
91
90
90
144
149
148
112
144
144
148
148
148
113
91
91
90
95
148
148
113
91
91
91
95
95
142
148
104
102
102
135
120
120
120
120
103
103
102
100
120
120
102
102
102
81
120
128
104
102
102
102
81
128
127
89
89
100
100
134
128
127
127
89
89
89
100
100
128
127
89
89
89
89
93
128
127
127
127
88
93
100
126
125
125
127
127
88
88
89
93
93
100
128
128
88
88
93
93
93
93
126
128
128
128
127
93
93
126
128
128
92
93
93
144
126
126
128
128
92
92
91
91
93
143
143
149
149
91
144
149
149
92
91
90
90
90
144
149
149
113
91
90
90
144
144
148
149
97
91
91
90
90
90
90
95
144
144
148
91
91
91
90
95
144
148
148
113
90
90
90
95
95
144
148
102
102
102
102
100
81
120
120
120
102
102
102
102
102
81
120
120
87
87
102
102
102
102
102
81
121
127
102
102
81
81
121
127
127
87
89
89
81
128
121
128
127
89
89
81
81
100
128
127
127
88
89
88
89
81
100
125
125
128
127
88
88
88
89
89
93
125
127
88
126
126
125
127
127
93
93
126
125
126
128
93
94
126
128
128
92
92
92
93
93
93
93
144
126
128
92
93
94
94
144
144
149
149
128
92
92
91
90
144
149
149
149
91
91
90
144
144
147
149
149
149
149
149
149
92
91
91
90
90
90
90
144
148
149
90
144
147
148
148
97
97
97
95
95
147
148
148
97
95
95
148
148
102
102
84
81
81
81
121
120
120
120
87
102
102
84
81
120
120
120
120
87
102
83
81
121
120
87
87
102
102
102
102
81
81
121
87
81
81
81
121
124
89
89
89
89
81
81
81
121
127
88
89
81
80
125
125
127
127
127
88
89
80
80
125
127
127
88
88
93
94
126
126
125
125
125
127
127
88
88
85
94
125
126
126
92
92
93
93
93
94
126
126
126
126
92
92
92
94
94
126
126
126
126
92
92
92
94
94
94
149
149
149
94
94
94
90
144
149
92
92
91
145
147
149
97
97
147
148
149
97
97
97
95
95
147
147
147
97
97
97
97
95
95
95
148
147
97
95
95
95
95
147
148
148
147
87
83
83
84
84
81
121
120
83
83
84
81
84
120
87
87
83
84
121
124
87
83
84
81
121
120
120
87
87
85
81
81
81
81
81
81
87
87
87
81
81
121
124
87
88
89
85
80
80
124
88
88
85
85
123
123
124
124
88
85
85
80
80
80
125
123
124
88
85
85
94
125
126
94
94
94
126
126
126
92
94
94
94
94
126
126
126
92
92
94
126
126
149
149
92
92
92
90
145
149
146
92
97
97
97
94
145
90
145
149
149
149
96
92
97
97
95
145
147
147
96
97
97
95
95
95
147
147
147
147
147
97
97
97
95
147
147
147
96
95
95
95
95
95
147
147
148
147
87
87
83
84
84
84
84
121
121
121
120
124
87
83
84
84
121
124
124
87
87
83
83
83
84
121
124
124
87
87
83
83
83
84
124
124
124
124
87
82
83
81
123
123
124
87
87
85
85
80
123
124
86
85
85
123
123
124
88
88
85
85
85
80
80
86
86
85
80
80
124
85
85
80
80
80
125
125
125
86
94
85
94
94
125
125
86
92
94
94
94
94
126
126
146
146
92
92
92
92
94
94
94
145
146
92
145
145
145
145
146
97
97
145
145
145
145
96
96
97
98
147
147
147
96
97
99
97
98
147
96
99
98
145
147
147
96
95
97
99
147
147
87
83
84
84
124
87
83
83
83
83
83
84
84
121
121
121
124
84
121
124
124
87
87
83
83
83
84
87
82
82
82
84
123
123
124
86
82
82
82
123
123
87
86
85
80
80
123
122
86
85
85
80
80
80
80
122
123
123
122
122
86
86
85
122
122
122
122
86
86
86
85
80
122
85
80
122
125
125
86
85
98
94
80
80
146
96
94
122
126
146
146
96
97
99
98
98
145
145
145
146
99
99
98
145
145
145
146
146
146
146
96
96
99
98
145
145
146
146
96
99
99
98
98
145
146
146
96
95
95
97
97
99
99
98
98
147
147
95
97
99
99
99
99
147
84
83
121
121
124
124
87
84
84
121
121
121
121
124
86
83
83
83
84
121
121
124
124
86
86
83
83
84
84
121
123
123
124
86
86
82
82
123
82
82
82
82
82
80
123
123
123
123
86
82
86
82
82
123
123
123
86
86
82
82
82
82
122
123
122
82
82
80
122
122
122
85
85
80
122
122
122
122
86
85
85
98
98
80
122
122
86
85
98
98
80
122
122
122
96
96
98
98
122
146
146
96
96
98
146
146
146
96
96
98
145
145
146
96
96
99
99
99
98
98
98
98
145
146
146
146
96
99
98
98
98
146
99
99
99
98
145
146
146
99
99
98
145
146
146
146
84
84
84
83
121
121
124
124
83
84
84
121
124
124
86
86
83
83
124
86
86
82
84
121
123
86
82
82
82
84
121
123
82
80
123
123
123
123
86
82
82
80
123
123
86
82
82
82
86
82
122
122
123
86
86
86
82
80
85
85
98
122
122
122
122
122
96
85
98
122
122
96
96
98
122
96
96
99
98
122
146
96
96
99
99
98
145
146
146
96
145
96
96
99
99
99
145
146
96
99
99
99
98
145
96
96
99
99
99
99
98
145
145
