512
115
207
81
179
94
86
200
195
195
198
198
114
114
118
105
106
201
194
115
105
104
200
204
194
198
115
114
112
112
104
106
106
204
194
199
199
112
112
99
109
204
194
199
124
122
99
99
99
221
219
211
123
123
122
97
108
221
219
208
211
210
121
122
96
220
220
221
219
208
209
121
121
122
100
97
65
96
220
217
217
208
209
121
100
181
181
209
167
167
120
100
65
177
181
181
183
161
78
76
76
67
180
183
161
160
78
77
82
67
177
182
161
183
160
160
73
77
83
82
81
177
179
162
172
170
170
81
81
176
179
185
172
95
95
94
80
176
189
179
185
185
170
169
95
80
190
184
187
174
174
169
94
190
191
186
187
174
92
89
89
87
190
187
186
175
175
169
89
87
201
195
115
118
114
106
106
200
201
198
114
118
207
194
198
115
113
113
112
105
104
207
207
194
199
199
211
104
108
204
211
211
123
123
99
221
208
208
210
123
122
97
108
221
219
210
121
123
122
97
219
219
210
216
219
209
209
209
210
120
120
100
65
220
217
209
78
120
76
64
64
65
181
183
161
78
64
65
177
177
180
160
161
164
77
82
81
177
160
160
170
77
82
176
179
182
161
73
170
95
83
82
179
162
172
170
94
83
80
184
184
185
172
169
94
94
80
176
184
172
174
94
89
86
190
174
169
187
186
187
174
175
92
89
87
200
201
195
198
198
118
106
106
201
195
198
115
114
106
207
201
203
194
194
199
104
104
204
204
199
124
112
104
104
206
206
204
193
208
124
124
112
108
108
221
204
208
211
122
221
208
210
121
123
121
97
97
96
108
221
216
217
208
209
210
121
121
100
100
100
97
96
220
100
100
220
216
209
167
167
120
76
64
181
181
181
183
209
161
164
78
76
67
177
183
161
79
77
82
81
179
182
161
160
164
73
77
179
179
162
160
83
81
81
178
178
172
170
80
176
185
174
95
80
86
189
189
185
174
169
92
86
86
190
191
191
186
174
92
89
89
190
175
169
92
87
200
201
195
195
197
115
114
118
105
200
201
194
198
198
113
105
105
106
106
207
201
194
198
113
112
118
107
193
199
113
112
99
109
205
208
211
211
124
99
108
206
211
123
123
102
99
210
121
122
97
96
108
221
219
208
210
121
101
100
96
216
217
214
209
167
120
100
100
65
220
217
217
167
120
76
65
65
181
180
183
183
164
78
78
76
67
177
180
180
161
160
77
77
82
82
177
164
73
82
179
162
163
73
83
83
83
81
176
179
178
162
73
95
94
80
80
80
189
184
185
185
172
170
169
95
86
189
184
185
172
93
94
88
88
191
184
174
174
92
92
88
87
86
190
191
191
187
186
174
175
89
89
87
200
201
195
198
114
114
118
106
106
200
201
195
197
115
118
105
199
115
112
104
104
109
109
203
124
113
108
207
204
204
204
193
211
211
124
125
112
99
223
204
221
215
124
123
99
97
96
108
108
221
219
210
120
101
71
223
210
120
101
101
97
220
216
217
214
167
167
100
120
65
65
64
67
181
180
183
164
164
78
78
67
182
183
163
165
79
82
177
162
160
171
77
77
77
82
81
178
182
182
162
170
170
94
81
172
170
95
80
176
188
172
168
169
88
86
185
168
86
190
191
187
186
174
89
88
86
187
186
186
92
92
89
87
200
203
195
197
197
247
114
114
118
105
105
107
201
203
203
194
197
115
113
118
118
107
202
197
196
113
113
104
109
207
205
199
119
98
205
193
125
125
99
109
108
206
219
215
215
125
125
123
99
223
219
215
215
213
122
122
101
97
96
220
220
219
217
214
213
167
101
101
97
220
220
216
214
101
101
64
65
143
216
216
166
167
167
164
79
76
183
161
164
78
79
76
64
67
67
180
180
180
182
166
165
79
67
67
176
177
180
162
165
165
72
77
178
182
162
160
73
176
188
178
162
172
170
171
95
94
83
80
176
188
184
173
93
83
87
184
173
169
92
189
191
186
175
175
168
88
86
190
190
191
191
187
186
175
92
89
88
202
195
119
105
107
107
202
203
203
197
107
203
193
193
193
115
119
104
207
205
193
197
124
113
119
119
98
109
109
206
211
124
124
206
205
215
125
98
98
109
223
223
215
212
213
96
223
222
218
216
215
214
101
96
71
71
217
166
120
68
68
66
166
166
164
76
64
66
143
166
166
79
76
64
180
79
76
64
180
182
163
165
165
165
72
83
84
176
178
182
163
171
73
83
185
163
171
85
189
188
188
184
173
173
168
93
95
91
91
86
189
173
173
168
93
88
91
190
188
168
92
87
191
187
186
175
175
168
88
88
91
200
203
203
197
197
107
107
202
203
197
197
197
113
119
119
107
207
202
193
119
110
110
110
207
193
196
124
113
98
109
206
205
205
192
193
212
124
223
215
215
212
213
213
98
98
96
109
223
223
218
213
126
122
102
102
218
214
213
101
71
216
214
213
75
120
68
71
222
217
166
166
164
79
68
64
66
143
183
163
166
166
165
165
79
68
66
66
138
143
165
79
72
66
66
177
138
182
163
163
165
72
84
84
84
162
163
171
171
72
72
72
83
84
178
178
178
162
163
171
73
85
85
188
188
184
171
93
95
189
188
188
184
168
93
91
188
187
173
168
168
88
91
175
130
168
93
91
202
202
203
196
196
196
116
116
116
111
107
111
192
116
110
202
205
203
196
246
119
117
110
110
207
205
192
192
125
119
110
206
192
212
212
126
125
98
98
98
103
206
223
223
215
212
98
215
212
213
126
102
70
222
222
214
213
75
71
71
222
222
222
218
214
68
68
71
143
216
166
154
154
79
68
68
143
159
159
159
154
72
66
66
66
159
159
159
158
74
72
72
138
158
158
154
72
84
84
138
171
73
73
85
85
138
135
135
163
129
73
85
87
138
138
139
135
173
171
93
91
91
188
135
135
135
135
130
130
91
137
132
134
134
173
93
90
91
91
189
189
132
133
130
168
93
90
90
196
116
116
116
117
111
202
202
196
196
196
247
247
116
111
192
246
246
119
119
117
110
205
192
192
244
246
103
110
110
212
125
251
212
246
126
126
103
103
250
218
212
126
102
69
70
71
222
222
218
218
214
213
213
75
69
69
70
71
222
214
75
75
75
68
71
143
218
242
154
154
75
68
71
143
159
154
154
74
75
75
68
35
66
142
143
159
159
158
47
66
138
138
158
158
158
74
74
74
84
85
138
138
129
74
74
84
85
85
84
139
139
85
85
85
59
139
135
135
130
40
137
137
130
130
42
90
136
134
130
130
42
42
90
132
133
134
134
130
42
90
225
192
192
192
247
247
116
116
111
111
225
252
247
247
117
117
111
225
205
244
247
126
117
117
111
251
244
126
103
8
251
251
250
244
244
246
246
126
103
103
103
103
8
251
250
244
245
246
102
103
251
251
250
250
250
240
245
102
102
70
251
251
249
245
75
102
70
249
218
218
242
44
69
70
143
143
242
154
44
143
140
159
74
74
45
45
35
158
158
74
74
45
35
34
34
157
159
153
129
47
47
34
139
139
139
135
153
47
47
59
139
135
134
129
128
40
40
59
139
137
137
135
133
134
130
85
59
137
134
41
42
90
136
137
134
131
132
133
134
131
131
42
90
90
225
225
252
253
255
247
247
247
127
117
111
252
253
247
247
127
127
117
111
111
225
252
252
252
252
244
126
9
252
244
244
246
126
11
117
8
251
251
250
245
11
11
11
8
8
251
250
244
245
246
11
18
103
8
250
249
240
240
245
245
70
250
249
240
16
18
70
70
140
250
242
44
17
17
69
70
70
140
140
242
242
44
45
35
35
35
69
141
140
159
44
44
45
45
45
35
35
35
140
158
152
44
47
35
141
157
158
153
153
44
47
47
34
157
129
129
128
40
40
47
142
137
129
128
40
40
59
59
139
133
134
129
128
40
40
59
59
59
136
136
137
132
133
133
128
42
58
59
136
132
132
132
133
131
131
43
42
59
132
132
131
131
131
59
225
253
255
127
127
127
10
225
253
255
255
255
2
127
117
10
252
252
253
245
127
9
9
248
253
252
244
245
10
127
10
9
9
9
9
248
253
243
243
245
19
19
248
248
249
240
241
11
11
19
18
8
248
249
249
240
240
241
16
16
18
18
8
249
240
16
17
18
18
69
69
140
140
240
18
140
140
249
242
242
44
44
45
17
141
140
157
242
242
242
242
35
32
35
141
152
44
45
32
34
141
141
153
46
47
34
142
142
153
129
46
40
41
57
139
157
153
128
41
40
142
142
129
128
41
40
58
58
58
137
137
133
133
128
42
42
136
136
136
133
128
131
131
43
43
58
136
136
133
133
131
43
56
225
225
225
224
224
255
255
255
2
127
10
224
255
255
255
255
3
10
10
253
254
23
127
11
9
248
253
243
245
127
11
248
253
253
243
241
23
23
19
19
19
8
8
248
249
243
241
241
23
19
19
248
248
241
17
17
18
8
140
249
240
241
16
17
18
240
239
241
243
16
17
17
18
69
140
157
233
33
17
31
69
141
141
157
157
152
152
44
45
32
141
157
156
152
46
32
34
34
34
142
157
153
152
153
46
46
47
47
32
142
144
155
153
46
41
41
34
148
153
129
46
41
41
57
142
142
148
43
58
142
145
148
148
43
43
58
58
145
148
150
128
42
56
58
136
150
54
56
231
224
224
224
254
3
12
12
13
10
10
227
224
224
254
3
11
226
226
254
254
23
11
13
226
226
234
243
15
13
9
234
23
19
9
233
243
243
241
23
19
19
9
233
236
243
239
241
16
16
17
28
30
233
233
239
238
16
16
28
28
232
233
233
239
239
239
238
28
28
239
33
33
28
157
156
152
33
33
33
31
147
147
156
156
46
33
156
46
32
34
147
153
46
46
41
32
146
146
147
148
155
155
43
41
57
148
148
43
54
57
57
145
148
150
43
58
145
145
148
150
54
56
58
148
150
150
54
54
54
56
227
224
3
3
3
12
13
10
10
227
224
3
3
12
13
13
13
226
224
254
254
23
12
226
226
234
23
23
15
15
13
235
234
234
234
254
23
23
22
19
235
234
235
22
30
233
233
232
234
236
241
22
28
28
30
232
232
236
239
21
16
28
28
30
30
232
239
239
239
21
21
21
30
233
239
21
33
33
28
31
232
157
238
156
156
152
37
33
31
147
147
152
37
37
32
51
31
31
147
147
156
156
32
51
57
147
147
156
37
38
38
32
155
38
51
57
57
146
146
145
148
155
155
155
155
43
55
55
56
57
146
144
145
149
150
150
55
54
56
56
56
145
149
150
150
54
63
144
144
149
63
63
63
227
231
3
0
12
12
13
227
227
227
231
3
12
12
226
226
230
230
230
3
1
22
12
13
13
226
234
254
1
22
15
15
15
13
234
234
254
254
22
234
236
20
20
22
232
232
235
20
22
29
30
236
236
21
21
21
29
30
232
236
238
238
29
30
232
232
238
238
21
36
31
406
406
238
37
36
33
29
406
152
152
51
147
37
37
32
51
31
147
155
38
51
51
57
57
146
146
404
155
155
38
55
51
146
146
55
55
51
56
145
149
149
151
53
53
50
56
144
145
151
150
53
53
54
63
63
63
144
149
149
151
151
150
53
54
63
227
227
231
231
231
231
0
0
227
229
230
231
2
0
12
6
6
229
230
231
2
1
1
0
0
14
226
230
1
15
235
230
230
1
1
15
15
15
14
235
237
237
237
235
235
20
22
22
14
14
232
237
237
236
20
20
25
29
454
454
236
236
238
20
29
30
454
238
29
30
406
238
21
20
36
29
29
406
406
406
36
36
36
36
48
31
406
407
403
37
36
29
31
31
404
403
403
39
48
49
31
404
155
39
38
38
51
61
404
404
39
55
51
51
61
146
404
409
149
53
55
55
50
61
144
145
149
151
53
55
55
63
144
149
149
151
151
53
53
50
63
144
151
151
151
53
52
55
54
62
62
231
2
0
6
6
6
227
228
231
2
2
0
6
229
230
498
2
2
0
7
6
229
230
498
1
1
0
14
235
230
498
499
1
14
14
237
230
499
20
25
25
14
14
237
237
237
499
235
25
25
25
454
236
20
20
25
25
27
27
454
454
454
448
449
24
27
406
450
448
448
36
24
448
403
448
36
48
29
27
27
406
406
403
403
448
448
37
36
48
49
27
404
407
39
48
49
49
49
404
404
402
39
38
48
49
61
146
404
404
39
39
50
50
61
404
402
39
38
52
50
50
61
61
409
408
39
52
52
50
50
62
409
409
144
414
52
50
62
63
409
409
409
409
414
414
52
62
475
228
228
2
2
501
501
6
6
6
228
228
228
500
501
501
7
7
229
229
228
498
498
499
0
6
229
228
499
0
7
7
4
228
498
499
484
15
7
459
237
498
499
499
14
14
458
458
237
499
499
25
454
454
449
449
25
26
457
448
449
449
449
24
24
26
26
450
450
24
27
26
407
407
450
24
48
24
27
27
407
407
407
403
448
36
48
49
405
36
48
49
49
49
27
405
405
402
38
441
48
61
405
402
39
38
441
61
411
408
408
52
62
408
39
53
52
50
62
62
60
409
408
408
408
52
62
62
410
414
414
414
52
52
62
60
474
228
500
501
7
7
475
228
500
501
501
501
7
7
7
500
500
7
229
229
471
498
498
500
499
4
459
459
498
484
491
4
459
455
455
455
455
455
499
496
484
491
491
491
458
455
505
505
25
26
491
458
454
449
449
449
505
505
24
457
448
449
506
26
26
26
457
450
450
450
450
448
507
24
26
26
407
403
451
507
507
507
24
24
490
407
407
403
507
507
507
48
432
407
405
403
403
402
396
507
405
405
396
49
60
405
405
396
396
441
441
61
60
411
402
415
441
441
440
61
411
411
415
414
424
424
60
410
408
408
414
414
424
429
408
408
414
424
429
60
60
60
474
471
502
502
501
485
5
475
475
471
471
500
500
500
4
4
229
471
500
500
497
484
4
229
471
500
497
484
484
4
4
459
459
459
471
452
498
496
497
484
491
459
455
455
496
496
505
491
491
457
455
455
454
496
505
484
490
457
457
457
449
449
505
504
488
457
450
506
505
490
26
401
451
507
451
506
506
504
490
401
490
432
432
400
400
407
432
400
401
451
507
443
443
435
434
401
396
396
396
443
440
434
434
411
405
411
402
402
396
396
441
440
440
440
434
411
411
402
396
441
441
434
434
395
394
414
424
424
429
60
410
410
410
395
425
424
60
410
410
395
395
425
425
425
429
428
428
474
474
474
470
502
502
502
501
485
485
5
471
470
502
502
485
5
475
471
470
503
502
502
484
485
485
4
459
471
471
471
497
484
485
4
459
455
496
452
496
484
485
488
491
457
455
496
496
504
488
458
457
452
496
453
505
504
504
490
488
458
456
453
505
505
504
488
488
458
456
453
506
505
504
463
451
508
490
432
432
400
401
450
451
508
506
490
490
490
433
433
432
400
401
401
451
508
508
507
433
433
400
401
451
451
443
434
434
400
397
397
397
443
440
440
434
411
411
401
395
402
396
443
440
434
434
411
411
394
442
442
434
410
410
395
394
425
441
424
429
428
410
395
394
425
425
424
429
428
410
395
395
425
429
429
429
474
474
470
470
502
5
474
470
503
502
487
5
472
503
503
503
502
484
5
4
472
473
470
503
497
485
452
452
497
497
497
487
456
473
452
453
497
504
488
488
491
458
458
456
456
453
506
504
488
488
458
456
456
452
453
453
506
506
495
463
458
456
456
453
508
506
506
490
432
458
451
510
509
490
437
432
400
390
451
508
508
437
432
400
400
508
508
508
508
433
401
399
508
443
443
447
433
397
397
443
443
440
435
433
397
397
397
443
442
440
435
435
413
397
426
442
442
428
412
393
394
394
394
424
424
428
428
412
412
393
426
424
429
429
428
410
410
393
393
395
395
425
425
429
430
428
428
5
474
474
470
470
481
481
487
487
5
470
469
503
503
5
472
472
469
503
503
485
5
473
473
470
469
487
493
5
472
473
497
486
487
493
493
488
473
452
452
497
493
489
460
456
456
452
453
510
504
493
489
456
510
504
492
462
453
510
495
432
463
463
462
462
510
509
509
437
437
437
432
390
462
509
509
509
439
390
390
399
399
509
509
509
447
437
437
437
400
401
399
447
447
437
437
433
400
401
397
399
398
443
447
442
446
435
413
397
399
443
398
435
413
413
393
399
394
442
442
442
435
412
426
431
430
421
412
393
394
431
430
430
393
392
426
426
431
430
428
469
468
481
483
487
472
469
469
481
481
483
483
483
487
347
473
473
481
482
493
347
473
473
503
482
473
466
466
486
486
493
493
489
489
460
460
467
467
486
494
493
489
466
453
510
494
493
492
489
461
461
462
452
510
494
495
495
492
492
489
489
463
463
462
510
510
436
463
462
462
510
509
495
463
390
462
510
447
436
437
439
439
439
439
391
386
386
386
509
447
437
439
390
390
390
399
447
446
439
413
399
399
398
398
447
446
435
435
413
387
399
399
398
398
442
446
435
413
413
413
392
398
426
446
392
393
392
392
394
398
426
427
431
430
412
412
393
393
392
394
426
427
431
430
430
421
412
393
392
392
426
426
426
426
431
431
430
478
478
469
469
468
468
481
481
483
487
347
483
483
487
347
478
478
469
469
481
482
482
483
347
347
460
473
469
486
486
482
493
347
460
472
486
482
482
482
492
492
460
460
460
467
461
467
467
494
492
489
461
466
494
494
492
489
461
461
466
465
465
465
494
489
464
464
511
495
495
436
436
436
463
464
462
511
511
436
438
438
391
390
386
509
436
438
439
389
390
386
416
439
439
389
390
390
386
447
439
433
387
446
446
433
387
384
384
416
446
446
413
384
384
398
418
427
427
446
446
413
392
392
398
418
427
427
430
421
412
412
415
392
385
423
398
427
427
430
421
421
415
385
423
423
421
479
468
468
468
481
480
483
487
345
344
478
478
478
468
481
483
347
478
477
469
480
483
345
347
346
472
466
486
482
480
482
483
460
460
472
466
465
465
486
486
347
347
460
467
466
466
465
486
492
326
326
326
461
461
467
467
466
465
494
492
326
461
464
465
511
494
494
436
464
464
511
495
495
333
438
463
463
391
465
511
495
495
436
333
438
391
391
462
511
436
438
438
389
391
386
386
386
495
444
439
438
388
386
417
416
444
444
389
389
389
388
384
384
384
417
417
416
416
444
445
389
387
387
384
384
417
422
446
444
445
389
389
387
384
418
418
412
415
385
385
418
427
422
385
385
423
427
431
431
421
415
415
385
419
423
423
431
430
421
479
477
475
468
480
480
480
345
479
477
477
477
480
345
345
344
478
477
477
477
468
468
482
478
478
477
477
465
468
346
472
472
330
480
330
330
492
467
330
330
330
327
326
461
461
467
465
330
330
327
333
326
21
461
464
464
511
329
335
333
287
464
464
511
335
335
333
438
272
511
334
333
391
273
273
386
495
333
438
438
391
391
275
275
334
334
389
388
388
275
417
417
417
416
444
387
384
444
445
389
389
387
422
265
387
385
418
418
422
422
445
265
267
267
268
385
385
418
419
418
422
421
445
415
423
420
420
415
415
268
385
419
419
419
420
420
421
479
479
294
475
475
480
345
344
479
479
475
475
346
346
345
344
479
477
477
468
328
328
346
346
346
344
476
476
477
290
328
346
346
476
476
476
290
327
326
326
467
290
331
330
330
330
327
327
326
304
273
273
329
329
335
335
333
287
272
272
329
335
335
333
333
333
287
273
272
334
334
332
333
391
273
275
272
329
334
334
334
332
388
273
275
274
334
334
444
444
265
388
388
275
274
341
444
388
274
274
417
416
341
416
422
444
444
445
265
267
387
274
417
422
445
265
267
266
418
422
445
266
385
418
418
422
422
422
445
264
268
268
268
419
418
423
423
420
420
445
268
419
419
419
420
420
420
420
479
293
290
290
27
480
345
345
344
293
295
295
295
290
345
345
479
479
293
295
290
346
346
344
344
476
476
295
290
328
328
328
327
327
327
304
476
290
328
328
327
327
326
476
304
304
290
331
320
325
304
304
304
331
331
331
331
335
321
325
304
273
273
273
329
335
321
287
273
272
272
329
329
328
332
287
278
272
272
329
334
334
332
287
287
272
332
287
287
278
388
275
275
275
274
341
341
351
351
265
388
275
275
274
341
341
265
388
266
266
274
274
274
340
341
341
337
445
265
267
266
417
417
340
416
416
337
337
445
265
266
262
262
342
337
337
267
342
342
337
420
337
264
268
268
261
261
338
338
264
268
268
269
419
419
423
420
479
294
294
480
361
361
361
344
292
292
294
290
361
344
293
293
295
288
363
327
476
295
295
295
288
327
324
306
291
331
331
328
320
324
324
304
291
291
331
331
320
324
304
304
304
291
291
320
325
325
325
305
291
329
321
335
321
321
325
305
277
272
272
329
329
332
332
287
287
278
279
279
351
350
332
332
332
349
279
279
351
332
349
287
278
279
279
351
350
351
351
286
284
278
266
278
340
341
341
341
266
340
341
336
265
267
266
262
262
260
337
336
265
267
262
261
260
342
337
336
264
264
267
267
262
262
262
261
342
342
339
269
269
269
269
261
342
339
338
264
269
269
261
261
261
342
339
292
292
294
294
288
288
361
361
360
292
292
294
294
294
288
361
361
311
311
293
293
295
295
288
288
362
324
293
294
358
358
362
327
324
311
293
291
288
358
362
324
324
306
306
289
289
289
320
324
324
305
305
305
306
289
331
321
321
320
325
305
305
305
306
291
291
321
320
277
350
350
321
320
325
279
279
350
321
332
349
279
350
350
348
351
286
286
286
278
278
279
279
350
348
351
284
278
278
276
340
340
348
348
351
284
285
266
263
340
348
336
336
267
271
262
340
340
342
342
337
337
336
336
336
264
264
271
262
262
263
260
343
337
336
262
260
343
339
338
264
264
264
261
261
343
338
338
264
261
260
339
338
292
292
303
296
296
296
363
361
361
360
308
292
303
296
296
361
361
360
360
311
293
303
358
362
360
311
311
293
293
302
302
288
358
362
310
302
288
358
362
324
305
307
306
291
289
289
289
323
325
305
306
289
371
321
321
323
320
325
306
291
289
371
322
320
325
307
306
279
289
350
350
322
322
320
349
349
286
277
316
350
322
349
349
286
286
277
277
279
276
369
350
348
349
286
286
277
276
350
369
369
350
349
284
284
285
276
263
373
348
348
348
276
271
263
263
340
336
285
285
271
373
342
339
271
271
343
339
336
270
270
271
263
263
343
338
379
264
269
269
271
257
257
260
339
338
269
257
257
260
260
343
339
339
338
308
301
301
297
297
296
363
360
292
303
297
296
296
360
311
292
301
297
362
360
310
302
298
358
362
365
360
311
310
306
302
302
288
299
358
358
311
311
310
302
289
323
324
307
307
306
317
371
371
325
307
307
317
317
323
323
323
323
307
316
317
371
368
371
322
323
323
286
316
317
369
322
349
276
276
369
369
368
349
286
277
276
369
368
369
369
348
284
285
276
369
377
348
382
284
284
285
373
373
382
382
284
270
270
271
263
373
373
373
382
382
382
280
280
270
271
263
373
343
378
281
271
271
257
263
263
343
378
378
379
379
270
271
271
257
343
343
378
281
281
257
257
257
260
260
343
339
379
308
308
301
297
296
296
296
363
363
363
363
360
308
301
297
297
363
360
360
310
310
301
301
301
298
362
365
364
310
310
300
302
302
298
365
365
365
365
310
319
302
358
353
365
365
309
310
316
317
359
365
365
307
316
317
359
359
323
307
307
316
317
317
371
371
307
313
316
368
368
323
316
317
370
368
368
322
322
356
312
277
316
369
369
356
356
312
285
277
277
276
368
356
356
382
382
284
284
285
285
276
372
368
383
382
284
373
377
377
383
382
285
270
377
377
378
383
280
280
270
374
378
378
378
281
270
257
256
377
378
281
256
374
376
378
378
281
281
258
257
379
379
308
301
297
298
364
308
308
308
301
301
301
297
298
363
363
367
364
297
362
364
364
310
310
300
300
300
298
309
319
300
299
358
359
365
365
313
319
299
299
353
352
309
313
316
371
359
359
354
313
316
318
371
370
359
359
357
357
354
354
354
312
312
317
357
357
354
354
312
312
312
314
370
356
314
368
372
356
356
312
314
315
372
368
372
382
283
276
372
356
383
382
283
283
270
375
372
372
372
377
383
258
270
375
372
377
377
380
380
383
383
280
282
256
374
377
380
380
383
281
258
256
374
374
376
380
383
281
281
281
258
258
258
256
374
374
379
379
281
258
256
256
256
256
379
303
300
367
366
364
364
308
298
298
367
367
367
367
364
309
308
300
300
298
367
367
364
366
309
309
300
300
297
298
367
353
364
364
309
319
299
299
353
319
319
318
299
299
359
353
353
353
352
313
319
313
318
318
353
352
352
312
313
318
318
318
370
357
352
354
318
318
370
357
355
354
314
315
370
356
354
354
354
312
314
314
315
315
370
355
355
314
314
315
372
372
357
356
355
314
314
375
375
355
355
355
283
283
375
381
380
383
280
283
375
377
377
380
280
282
258
258
258
375
375
374
374
376
380
380
380
282
259
374
374
376
380
259
259
259
374
379
381
381
259
256
376
376
381
381
381
303
303
303
303
366
366
366
366
303
298
298
367
366
366
309
309
300
303
366
309
309
319
299
367
353
309
319
319
319
299
367
353
299
359
353
352
352
352
313
319
318
359
352
352
313
318
370
370
313
370
359
357
352
312
312
314
370
357
314
315
315
357
357
355
355
355
280
315
315
355
355
280
315
375
373
280
283
283
375
373
381
280
283
283
283
375
380
381
381
282
376
282
282
259
259
259
376
381
282
282
259
259
376
376
282
282
259
259
256
258
376
376
379
