992
429
217
176
177
177
410
410
429
385
180
179
410
384
384
383
385
380
380
223
170
173
407
430
432
383
206
181
180
178
178
407
430
396
208
139
145
145
403
407
430
402
395
396
205
145
146
146
493
493
402
134
140
134
146
495
494
495
492
492
459
460
460
397
210
135
137
134
129
495
492
450
462
214
214
137
137
138
130
486
454
449
450
458
462
213
214
871
891
891
487
631
941
872
871
891
891
894
631
682
872
870
870
898
694
941
930
869
870
895
896
896
639
693
694
689
960
930
953
868
650
650
648
693
690
690
690
689
960
960
956
913
913
673
673
648
648
723
690
723
960
959
955
672
723
956
949
906
908
673
674
726
675
727
723
722
722
947
947
950
950
909
666
722
947
945
952
952
906
909
909
909
666
675
715
715
715
715
218
218
218
218
218
217
176
176
177
177
177
183
182
182
410
411
411
429
429
429
427
427
427
386
386
385
379
219
223
223
172
172
173
172
183
182
410
411
408
408
428
428
429
384
386
383
385
380
223
220
223
223
172
173
180
178
179
179
179
405
403
408
408
409
432
432
384
383
383
380
380
380
208
208
206
170
170
181
181
178
178
405
408
407
407
432
430
384
402
395
396
208
207
205
206
206
205
139
140
145
146
143
403
146
403
431
402
402
395
395
396
209
207
139
139
139
140
145
145
146
494
494
494
493
493
489
455
430
402
395
395
396
397
397
209
209
210
210
205
135
140
129
143
495
495
494
492
455
493
456
459
456
459
461
460
461
209
210
210
135
133
134
133
130
129
484
495
486
495
456
456
450
458
460
457
462
213
213
214
137
136
137
138
138
134
130
130
484
484
486
486
487
482
449
450
452
449
457
457
462
462
213
214
137
138
892
130
891
891
894
894
631
487
449
449
449
450
450
684
457
462
682
942
942
872
871
871
871
874
874
892
892
892
897
898
894
632
632
631
631
632
639
684
639
637
684
683
683
682
942
942
872
872
874
874
892
898
896
898
896
634
633
633
640
640
639
694
639
683
683
692
682
942
941
930
869
870
870
868
897
896
650
650
640
640
639
694
694
694
695
689
689
930
953
869
869
868
868
913
895
895
896
650
650
647
648
693
693
689
690
689
960
960
959
953
953
956
956
955
955
913
910
910
649
647
648
693
696
690
960
960
959
953
956
955
906
913
910
911
673
672
672
672
674
648
726
727
727
727
723
721
721
958
959
948
957
949
950
950
906
907
910
908
673
910
672
672
674
674
674
727
722
720
948
945
945
945
949
950
906
908
909
908
667
666
674
675
675
675
726
715
714
722
717
947
948
945
945
946
952
952
952
903
909
902
909
666
675
679
715
714
717
716
717
717
717
947
176
427
219
218
217
175
176
177
184
182
182
412
412
413
411
411
428
428
426
386
386
385
385
379
219
221
222
219
222
172
172
173
173
177
185
183
185
183
183
410
411
409
428
426
427
384
386
379
382
382
221
220
222
171
173
171
181
180
179
405
412
404
405
404
409
409
409
433
433
433
379
382
382
208
220
220
222
207
222
171
180
178
404
403
409
407
432
399
400
400
400
381
381
208
207
206
206
202
170
142
141
140
144
144
143
491
489
489
431
431
431
402
400
398
396
207
205
139
142
141
140
141
143
143
491
493
455
456
459
397
397
209
203
135
141
129
129
491
494
488
456
455
456
454
459
460
209
212
212
210
136
136
135
136
131
133
133
484
485
486
492
453
483
454
451
458
451
460
458
461
463
213
214
215
136
136
131
133
138
128
127
127
484
485
484
486
483
483
482
453
452
457
464
464
215
871
138
886
892
127
894
893
487
482
632
482
452
684
464
688
943
943
872
873
874
874
886
890
894
893
632
632
638
638
638
637
637
684
683
683
682
942
942
944
944
873
873
870
897
898
898
633
633
640
638
641
637
684
695
685
682
941
944
944
931
930
873
869
873
877
876
868
898
634
634
640
645
641
693
696
695
692
692
931
931
954
869
876
895
895
929
650
649
649
645
644
696
691
692
957
954
956
876
913
912
912
912
911
649
647
645
644
696
696
727
691
958
958
935
957
954
955
955
907
907
912
911
911
673
671
670
671
647
677
726
727
725
721
721
958
958
957
957
949
949
950
907
907
908
911
668
671
676
676
677
727
720
720
720
720
968
948
949
951
903
902
908
667
667
667
676
678
677
681
724
714
717
948
968
968
968
946
946
946
946
952
951
951
951
903
903
902
667
666
667
679
678
679
679
680
680
715
714
714
716
716
679
713
714
217
175
427
219
219
217
230
217
175
175
174
174
184
184
184
413
416
416
417
428
426
426
386
372
373
372
373
372
373
382
221
230
175
227
174
185
185
184
413
412
416
416
417
409
426
372
373
382
221
220
222
227
227
171
171
185
185
185
163
404
412
406
409
420
433
433
399
399
379
372
381
382
221
226
224
226
226
171
171
169
181
144
179
404
404
406
420
431
421
433
399
400
381
398
207
202
202
142
141
144
144
148
491
406
489
431
401
400
401
392
394
203
202
202
142
142
141
150
144
491
491
489
489
488
488
455
443
454
401
401
437
437
203
212
211
201
202
211
142
153
153
149
150
150
490
490
488
453
459
454
440
461
212
212
211
211
132
131
128
128
127
485
127
485
483
483
453
453
451
458
458
464
463
461
216
216
211
215
132
131
131
128
128
128
127
485
485
481
482
452
451
464
464
463
216
216
216
215
215
886
886
886
890
893
893
480
481
480
481
635
635
452
686
688
688
688
943
943
873
880
886
890
890
889
893
893
629
628
635
638
638
637
686
686
688
686
688
944
944
932
877
878
889
889
889
634
627
634
628
641
635
642
637
708
686
685
685
685
931
931
877
878
875
875
897
925
634
889
627
634
634
628
641
641
644
699
698
698
692
935
932
931
954
877
875
876
924
929
649
646
646
644
644
695
692
691
935
935
936
936
954
918
918
924
912
927
670
929
646
645
647
643
644
696
695
691
691
935
936
957
957
984
954
986
986
920
920
912
911
670
671
649
657
725
725
721
969
984
984
987
987
986
904
905
670
668
668
671
657
677
677
724
724
720
971
969
969
984
988
990
990
904
902
905
668
668
676
678
676
681
713
681
718
719
968
968
969
988
946
990
903
903
902
904
669
669
669
678
679
681
681
680
680
680
713
719
719
716
951
719
228
230
230
230
231
175
174
174
167
156
156
413
413
416
417
423
423
425
425
426
424
377
377
373
374
229
230
227
227
231
167
185
162
184
162
163
163
415
416
422
423
423
425
420
424
378
374
374
225
225
227
238
167
167
169
162
163
162
415
415
422
420
422
422
421
387
387
388
375
373
374
224
224
225
227
239
169
165
163
415
406
421
418
421
388
391
392
394
203
203
226
201
226
239
151
169
169
164
147
147
148
406
406
420
467
467
421
443
388
399
391
391
394
393
204
204
201
204
201
201
151
151
151
149
150
148
490
466
490
466
467
443
443
441
401
401
440
437
437
204
204
201
153
186
153
153
149
150
490
470
470
490
469
488
444
446
443
440
441
440
437
212
211
132
153
132
124
126
470
483
445
446
439
440
463
216
190
189
189
132
132
131
125
125
126
470
480
480
480
481
452
434
451
464
463
463
190
190
190
189
880
885
124
125
125
125
477
480
481
481
481
635
707
434
706
434
434
435
687
938
938
939
880
880
885
885
888
890
890
621
627
629
629
635
636
707
708
706
706
688
687
943
938
940
880
878
878
884
887
887
887
627
628
628
708
708
706
697
697
685
698
702
944
932
940
932
877
879
878
878
875
875
887
889
627
628
623
642
642
708
697
698
697
701
698
934
934
934
932
876
876
925
924
925
929
929
928
623
623
646
646
644
710
698
699
699
700
700
935
936
984
927
927
929
670
623
645
646
643
643
710
725
739
700
700
742
936
936
963
963
984
986
921
920
927
926
926
926
658
671
658
657
657
657
725
725
721
742
742
971
969
963
985
985
986
921
920
905
905
670
658
657
656
656
724
724
718
743
718
743
971
970
988
985
990
991
990
904
905
905
668
662
668
664
656
653
724
718
718
719
971
970
969
989
988
989
991
991
904
900
900
669
669
678
653
681
680
713
719
719
989
231
374
228
228
231
231
246
246
160
160
161
161
161
156
156
157
156
417
417
417
425
425
378
378
378
378
376
377
376
229
229
229
246
246
167
166
167
161
414
415
422
423
423
425
424
424
377
375
376
374
229
234
243
247
247
166
166
169
165
166
162
163
415
422
418
387
387
387
387
392
392
225
234
227
234
238
238
238
238
168
168
169
165
164
164
164
414
414
418
421
419
388
390
388
392
224
224
224
235
239
239
151
148
147
465
466
418
467
419
388
389
391
394
393
196
188
239
152
152
152
147
83
148
465
465
466
466
467
444
443
442
389
389
440
204
195
188
188
149
150
150
470
471
471
466
468
446
444
441
441
441
439
439
438
438
195
195
186
187
154
154
154
126
126
126
469
471
470
469
469
446
446
436
439
439
435
438
435
190
198
189
191
192
124
126
471
479
479
446
445
445
447
434
436
435
435
190
939
189
192
885
124
885
125
476
477
479
636
479
636
707
705
436
687
938
939
940
880
884
884
888
888
888
477
629
630
636
636
707
707
705
706
706
705
687
687
938
937
939
940
879
879
879
879
884
884
883
887
887
622
621
627
636
642
707
705
702
702
937
934
932
882
882
883
925
925
623
623
625
642
710
708
697
697
704
701
701
701
934
966
882
881
924
922
925
928
624
624
624
625
625
710
699
700
704
933
933
962
962
967
918
918
919
927
924
928
928
624
655
643
738
738
739
740
700
933
973
963
962
963
962
967
986
918
921
921
920
927
926
658
659
657
655
656
739
739
742
742
973
973
971
963
985
985
921
921
915
916
926
658
661
657
659
654
739
737
743
743
970
971
970
978
985
991
991
921
904
900
900
901
662
663
653
731
731
730
730
743
970
975
970
975
988
978
989
989
989
991
991
982
900
900
662
662
663
663
663
653
653
653
731
730
733
716
733
653
228
228
243
246
231
245
246
245
160
161
161
157
157
156
250
249
250
249
424
378
300
378
378
376
376
376
304
241
229
243
247
247
166
160
158
158
158
159
157
157
248
249
424
298
300
300
375
305
303
234
234
234
232
247
166
247
165
158
59
248
414
414
254
251
419
419
298
375
375
394
303
233
233
235
238
237
239
168
165
164
91
91
253
254
418
418
419
252
390
390
390
391
392
303
194
235
235
235
237
236
236
168
165
80
80
164
148
78
83
465
467
361
419
389
390
391
339
339
393
194
235
196
188
236
236
152
77
147
83
83
471
468
465
362
444
444
442
389
389
393
393
340
195
195
196
188
152
152
154
112
78
83
471
469
468
444
442
442
442
438
324
438
195
197
197
187
188
187
154
113
112
84
471
472
469
478
445
448
448
448
439
438
323
198
189
191
192
192
124
113
115
113
112
476
476
472
479
445
448
447
447
436
436
198
939
191
191
192
786
124
814
113
115
115
477
477
478
479
476
478
479
630
705
436
597
435
938
775
939
789
879
814
884
114
888
622
621
477
621
630
712
702
597
937
937
937
788
940
882
814
814
888
818
622
622
622
629
630
712
711
712
712
711
709
705
702
702
701
940
966
882
881
883
883
923
622
624
620
625
712
711
704
704
704
934
745
966
966
966
882
881
922
922
923
923
923
620
625
710
710
740
703
933
933
967
919
919
922
928
624
626
626
655
654
738
738
740
741
973
963
962
967
964
965
964
919
914
915
915
914
926
661
659
659
655
654
738
738
739
736
740
741
973
973
972
963
965
979
964
980
919
915
915
916
916
661
659
660
736
736
736
736
741
743
737
972
975
975
979
979
980
901
982
916
916
662
660
660
652
652
651
731
730
730
732
732
732
975
975
978
978
978
979
983
980
980
982
901
901
663
662
663
652
652
731
731
730
733
733
980
245
155
240
242
243
245
245
244
160
159
159
155
155
248
250
250
249
301
301
300
306
307
305
304
304
241
243
242
243
242
244
244
160
159
159
157
58
250
249
301
251
301
299
307
307
305
305
304
241
241
233
232
244
31
158
90
58
92
254
251
254
251
298
252
298
299
299
303
303
302
233
232
233
232
237
237
168
79
79
89
253
254
253
298
299
303
194
193
232
236
118
118
80
80
78
78
91
362
253
362
361
360
390
339
339
340
340
194
193
194
196
237
237
119
80
77
77
78
80
84
83
363
362
360
360
361
442
334
340
340
196
194
196
187
121
119
111
84
84
468
365
360
448
359
448
338
197
197
199
199
187
121
121
111
112
112
472
468
473
473
366
448
448
324
324
324
324
323
197
198
197
187
192
154
113
113
114
472
473
478
366
349
447
324
323
323
198
775
198
191
789
787
786
110
816
115
115
115
114
472
476
473
630
366
711
602
602
596
596
597
597
776
789
789
775
789
786
786
786
814
813
815
813
818
556
474
621
546
549
547
603
603
596
603
596
597
596
776
776
788
786
815
813
818
546
630
547
548
712
603
596
744
776
746
788
788
783
814
815
813
807
807
620
620
547
547
626
712
508
709
709
603
709
704
703
744
746
745
745
745
881
881
811
808
923
620
626
507
626
712
508
709
703
703
703
744
745
967
967
964
812
919
811
922
806
808
922
923
661
626
659
505
654
737
740
740
741
744
965
965
965
964
964
914
914
914
914
917
917
917
661
661
505
655
506
654
737
737
741
972
961
979
980
981
917
917
917
660
660
655
651
728
736
729
729
735
972
972
961
975
979
981
981
901
899
660
664
651
728
728
729
732
735
974
974
978
977
977
976
976
983
983
982
901
899
665
664
665
665
652
652
651
728
729
734
732
733
974
982
733
54
255
240
240
242
245
34
50
50
159
50
155
155
54
58
255
255
250
301
301
306
306
304
307
307
304
240
240
242
35
244
31
51
51
58
59
58
58
256
251
256
257
301
252
300
307
305
241
241
35
34
31
90
89
90
89
262
259
256
254
252
295
299
298
299
299
308
302
302
24
24
232
29
31
31
79
90
90
89
92
92
253
253
259
252
252
361
308
309
308
334
339
302
193
233
23
29
29
118
118
79
79
79
78
91
92
363
363
361
356
356
339
340
338
193
193
23
123
118
119
119
77
81
87
84
91
363
371
363
361
360
356
356
356
335
334
340
200
199
23
123
123
119
123
119
82
82
84
371
365
362
358
359
359
359
335
335
338
338
200
200
200
199
121
121
111
111
109
84
365
473
365
364
359
322
320
200
199
1
121
120
111
111
109
475
475
474
474
366
367
366
349
324
324
775
200
787
787
110
110
110
109
114
114
114
108
475
474
473
549
549
602
602
598
602
597
775
789
787
787
816
816
818
818
556
546
546
549
548
603
601
599
599
776
785
785
783
815
815
816
813
817
556
555
556
555
554
547
548
548
603
601
601
592
592
592
776
788
746
783
785
783
783
811
808
807
555
555
554
507
548
508
591
590
592
746
746
783
812
812
811
808
807
806
552
496
507
507
508
591
590
591
591
703
590
748
746
748
748
749
750
812
812
808
806
806
806
496
496
496
505
505
505
506
506
508
506
572
572
570
748
748
750
750
812
863
838
865
498
498
497
505
503
503
737
570
741
768
767
770
965
843
839
981
915
863
863
864
865
498
498
664
504
506
504
503
729
735
570
768
768
974
977
977
976
842
981
842
981
862
862
864
665
664
517
516
516
515
504
728
729
735
735
974
773
977
977
976
976
983
983
983
982
862
899
860
899
860
665
665
516
515
515
515
588
588
588
734
588
734
734
735
735
735
255
288
15
15
36
37
34
37
51
50
55
55
55
54
255
257
257
297
294
297
297
297
306
288
287
287
287
35
35
35
34
32
51
51
54
256
54
256
255
258
258
294
294
294
297
309
287
305
287
15
18
35
34
32
32
31
51
89
262
262
256
262
259
259
258
260
295
295
309
302
291
24
23
24
23
30
30
29
33
33
90
92
262
259
260
295
309
333
357
309
308
302
25
25
24
26
29
28
30
30
117
85
87
87
92
368
261
368
368
363
357
334
334
337
337
25
26
28
28
28
123
118
119
117
77
82
81
88
87
71
87
358
358
357
356
336
335
338
335
338
3
3
122
123
122
116
82
116
82
81
71
71
371
371
371
364
358
358
359
336
335
319
320
4
4
2
1
120
120
116
82
66
71
365
365
364
364
349
348
350
350
350
322
320
320
320
2
2
120
110
109
109
108
108
475
475
475
367
367
348
349
349
350
349
322
317
317
318
781
781
781
1
120
110
108
557
474
474
366
600
600
599
598
599
781
781
777
781
784
787
797
816
820
816
818
820
817
557
556
543
543
549
549
549
600
601
593
593
593
777
777
777
779
784
784
784
782
819
820
819
817
556
557
546
542
545
548
601
601
594
593
593
777
777
785
782
782
782
810
819
807
550
552
555
554
547
507
509
508
509
591
594
592
590
593
747
747
747
747
749
782
782
809
810
808
807
551
551
551
552
551
552
507
502
509
510
591
590
748
749
749
750
750
750
809
812
809
806
835
551
497
496
497
509
510
510
510
503
571
572
572
569
569
767
769
769
843
839
838
853
838
864
867
865
865
498
497
500
506
571
572
570
570
570
767
767
767
770
770
843
843
839
838
863
867
867
867
864
864
498
497
504
503
586
585
572
581
768
768
770
770
842
843
843
837
863
862
862
860
517
517
516
516
504
588
585
586
585
585
773
773
768
772
841
841
842
837
863
861
861
860
517
517
516
515
588
515
588
587
587
581
581
15
36
36
36
37
46
47
55
55
54
257
271
257
294
296
296
288
287
287
17
15
18
36
37
46
46
52
47
55
57
56
258
258
258
295
297
296
288
286
286
18
18
37
33
33
52
52
52
52
57
261
261
260
267
268
295
309
290
291
291
17
30
85
85
86
261
261
260
260
260
268
268
333
285
337
325
337
291
25
26
26
24
27
30
33
85
85
88
261
369
369
368
370
357
357
333
333
333
334
25
26
28
27
117
117
94
81
88
88
72
72
368
369
370
357
336
315
337
3
3
5
28
122
122
117
116
104
81
66
71
72
72
371
370
370
364
347
358
336
336
319
319
3
4
4
4
122
122
104
116
66
71
364
367
351
351
322
350
321
319
317
319
2
4
1
1
105
105
104
107
107
66
68
367
344
348
322
317
318
318
780
780
780
780
778
797
107
107
109
108
557
367
543
348
600
598
599
317
598
318
781
778
778
795
797
820
820
817
557
557
543
543
542
606
600
598
595
779
778
784
795
796
796
820
819
817
817
550
554
543
542
545
545
607
594
594
595
595
779
779
794
785
796
819
810
550
550
550
553
553
544
545
509
604
605
589
595
595
751
751
749
810
835
551
553
502
544
544
499
589
589
589
590
752
751
750
756
809
809
835
835
835
502
502
499
499
510
510
571
571
572
569
569
767
769
769
758
839
839
853
853
867
865
502
502
500
504
566
572
569
566
565
772
769
769
843
770
840
838
853
867
866
867
865
522
518
511
497
514
500
514
574
586
586
581
774
774
772
772
772
840
841
843
840
837
838
861
861
861
866
518
511
511
514
513
514
513
514
587
587
586
586
581
581
773
774
774
771
841
841
837
861
861
860
518
518
518
512
512
514
511
573
587
585
582
860
274
16
39
39
36
39
40
40
46
46
47
59
56
271
271
271
271
278
272
296
296
283
289
286
286
286
38
37
32
40
47
53
47
56
57
56
56
272
272
278
296
282
288
290
286
17
17
18
32
19
43
42
53
53
57
57
272
267
267
267
267
270
285
291
290
291
17
17
18
19
19
33
53
44
52
86
86
86
86
86
261
265
265
265
267
268
268
268
270
285
285
290
290
20
20
26
27
94
94
86
88
88
72
265
369
266
331
331
326
326
325
325
326
325
325
5
10
27
27
99
99
94
85
76
369
72
69
369
346
370
347
331
326
321
315
315
6
6
6
11
11
11
99
65
65
69
70
70
345
347
347
347
351
332
336
321
315
315
5
6
6
105
105
104
106
106
66
65
65
345
70
344
344
345
351
351
321
322
321
314
318
780
802
107
104
106
106
67
67
66
68
344
342
348
352
353
353
310
317
780
797
803
105
107
106
107
827
67
827
67
540
68
67
537
537
537
348
529
352
607
607
619
619
619
318
778
802
797
106
826
827
540
537
537
542
529
606
607
607
619
595
779
798
795
795
794
795
796
796
796
825
820
826
826
826
540
554
540
542
545
528
604
605
613
595
612
779
751
795
794
794
794
825
826
828
540
552
553
553
544
545
544
604
605
594
612
612
753
751
757
757
831
832
836
836
550
553
604
605
614
589
614
614
752
752
752
751
752
757
757
831
831
832
836
836
836
836
835
834
551
501
501
501
500
499
605
589
563
565
762
752
758
758
849
849
853
853
852
852
834
834
521
501
500
500
578
564
566
565
568
761
761
765
765
765
848
852
852
866
866
522
522
522
522
513
520
513
574
574
574
566
564
566
565
772
774
766
840
766
840
848
858
866
511
520
512
512
513
574
573
583
582
582
583
774
774
771
771
841
837
847
847
847
858
858
857
518
523
512
513
573
573
573
587
582
582
582
766
40
278
39
39
40
40
49
49
48
49
59
274
274
274
274
272
278
278
283
282
289
289
289
16
39
16
38
43
42
48
47
48
48
61
56
273
272
275
278
270
282
283
284
289
292
22
20
19
43
42
42
53
48
53
61
61
57
276
276
269
270
270
285
293
293
20
19
7
95
94
53
74
74
265
266
266
284
284
328
293
293
22
20
20
19
27
10
95
94
95
74
74
265
266
331
331
325
0
9
9
10
10
10
99
76
69
75
69
331
332
332
326
316
326
316
5
0
12
9
11
101
99
101
99
97
70
69
346
347
332
327
313
316
315
5
6
11
101
97
65
68
64
70
70
345
345
346
347
342
355
355
321
310
314
314
314
313
5
801
802
105
101
103
67
68
68
64
345
342
344
352
352
353
353
310
314
801
802
802
100
103
103
541
537
529
606
353
353
618
310
617
801
803
803
797
803
827
827
541
541
541
536
536
536
529
606
619
618
618
619
618
617
799
798
793
792
790
825
825
828
540
538
536
528
528
606
607
613
612
612
799
793
793
790
793
790
825
826
828
828
538
533
531
528
528
609
604
605
613
613
613
612
753
753
757
790
831
832
832
830
833
533
533
531
499
604
605
614
614
762
753
758
758
756
831
831
831
832
836
834
833
834
521
533
519
501
501
561
564
563
563
558
567
558
567
762
762
765
756
849
849
852
854
857
834
521
521
520
519
564
564
559
568
568
761
761
761
760
848
848
849
848
849
852
854
522
524
520
523
578
578
566
583
565
568
774
771
766
763
846
848
850
856
857
857
524
524
512
578
574
576
583
583
584
764
771
766
846
846
847
847
858
858
859
858
859
524
524
579
579
579
576
576
584
584
523
49
38
41
273
273
274
273
277
277
280
277
283
283
282
292
289
16
43
41
49
42
61
61
273
273
276
277
283
280
281
292
292
21
38
43
43
42
45
61
73
73
276
264
270
282
284
284
21
21
22
22
7
45
60
95
73
73
266
269
329
284
293
22
22
9
10
7
95
93
74
74
264
266
329
329
329
328
328
327
0
14
9
7
98
98
97
93
76
75
332
330
330
327
316
0
14
13
12
12
98
98
97
97
97
76
69
346
346
332
332
313
316
2
12
101
101
103
64
62
342
343
346
355
313
2
12
100
100
103
64
64
343
342
355
355
310
310
314
800
801
803
803
805
821
821
64
62
343
535
342
354
608
352
618
311
801
798
801
805
822
822
827
541
541
536
529
527
529
608
618
617
617
799
799
790
828
828
539
539
536
528
609
609
611
613
616
754
798
798
793
793
792
791
790
791
823
538
539
531
538
531
610
610
615
615
754
753
757
791
791
824
824
833
533
833
533
532
531
531
610
610
615
567
615
758
758
755
756
830
833
830
532
519
519
561
561
563
563
567
567
762
760
851
851
854
854
829
521
519
520
561
563
559
568
761
759
765
845
851
850
850
854
854
857
520
520
578
564
559
559
560
568
763
851
844
844
856
856
526
526
524
523
580
579
575
575
575
575
764
763
766
846
859
859
526
526
523
580
580
576
575
584
584
847
38
41
49
61
281
279
16
59
277
280
43
44
45
60
269
93
73
264
264
281
293
21
9
95
264
329
330
327
7
75
264
328
316
0
14
98
96
75
343
341
330
313
12
100
100
102
96
63
62
343
355
312
312
800
14
805
103
63
354
800
805
63
354
616
311
800
805
822
821
535
527
527
527
798
792
791
822
822
823
539
534
609
611
754
530
534
530
530
609
610
611
616
755
823
830
532
611
615
755
824
830
532
530
561
559
760
756
851
532
519
561
562
559
759
760
851
850
857
525
577
562
560
560
759
844
859
525
580
576
763
856
580
575
16
276
280
281
276
8
44
45
284
341
341
330
14
13
96
96
311
102
311
617
804
617
792
799
821
535
608
829
609
755
615
562
760
830
577
562
580
560
844
859
277
281
275
280
21
45
292
276
328
93
8
96
330
13
341
354
355
805
821
539
616
792
791
611
610
762
829
530
851
829
560
850
525
525
845
856
525
577
576
584
41
280
60
269
269
281
21
264
75
328
13
341
312
14
102
63
75
343
63
821
539
534
538
532
760
530
844
577
560
845
526
579
41
60
275
275
281
45
73
7
312
14
98
62
312
354
800
800
63
527
608
616
799
822
823
754
756
824
754
755
824
562
845
759
763
859
526
580
41
60
855
855
279
44
44
747
987
8
263
263
312
102
13
102
804
311
804
535
804
804
535
608
823
611
534
534
248
829
558
558
577
759
764
845
562
558
845
844
248
398
855
263
279
279
987
987
8
263
8
764
398
764
883
62
744
855
810
398
811
186
839
961
764
961
186
899
186
