816
4
378
356
350
350
6
7
4
37
317
316
7
44
44
44
36
32
32
383
355
355
2
1
1
45
385
313
317
317
316
9
1
47
384
313
322
322
0
0
0
49
50
47
391
320
322
323
89
91
49
318
318
318
323
93
93
94
94
91
70
70
69
48
392
400
400
328
328
93
91
67
69
403
403
399
399
398
328
82
68
68
68
70
73
402
402
478
461
459
82
733
423
423
478
460
459
459
733
745
423
477
477
462
739
422
425
477
477
463
464
464
717
740
741
751
431
425
425
481
729
730
731
740
750
751
751
751
431
431
480
494
486
729
814
803
731
741
750
750
432
432
494
803
772
457
458
496
495
809
804
772
771
772
768
768
770
450
449
456
456
492
809
768
450
455
456
490
490
492
492
809
806
806
771
771
768
767
381
378
381
378
378
378
356
356
356
353
350
350
347
347
347
6
7
4
4
4
3
4
3
37
37
36
36
381
378
378
356
355
351
356
345
347
6
7
8
8
2
5
4
44
37
32
36
32
381
383
383
385
355
313
313
316
317
316
316
7
9
8
8
8
2
2
44
45
45
45
32
32
383
384
383
385
313
313
313
317
316
11
9
9
0
1
1
45
49
50
47
384
384
384
387
385
387
314
313
317
315
315
9
315
9
1
49
50
50
47
47
392
392
391
320
320
320
322
322
323
93
92
92
89
91
89
90
49
70
50
48
47
48
48
394
392
392
391
391
391
318
323
323
93
94
94
91
91
91
66
70
66
71
69
69
69
392
392
403
400
400
318
328
327
323
93
93
94
94
66
66
67
70
70
72
73
402
402
403
399
399
399
400
398
328
328
327
84
84
82
82
82
88
68
67
67
67
72
72
73
73
402
402
399
399
461
327
460
459
459
459
733
82
68
68
68
67
67
747
72
73
746
421
421
423
478
478
478
479
479
479
461
461
461
460
459
733
734
733
733
733
719
747
717
718
747
747
746
745
421
421
423
425
479
479
461
463
464
464
464
734
732
732
732
732
717
739
717
747
746
745
745
422
423
422
477
477
480
481
463
464
729
731
731
731
717
739
749
741
749
749
751
422
427
480
480
481
481
485
464
462
464
729
730
731
731
740
741
751
750
751
431
432
431
427
427
427
427
480
494
494
486
486
730
803
731
740
741
750
432
431
431
457
457
494
496
495
486
486
814
814
814
815
803
804
772
772
772
773
770
750
769
432
449
449
458
457
457
496
496
496
495
809
814
814
803
815
803
804
804
772
770
769
451
450
458
458
458
456
496
491
492
809
809
806
803
808
808
771
772
771
766
770
770
450
450
455
455
455
456
456
456
490
492
492
809
806
806
808
771
766
768
767
767
767
767
450
353
3
381
379
379
353
356
354
350
344
345
347
347
349
6
6
5
5
3
37
37
37
36
36
381
380
381
379
378
355
355
351
354
350
352
352
352
345
345
7
7
8
5
5
3
45
35
32
34
33
380
382
385
351
351
351
352
317
345
10
10
10
10
11
8
11
8
2
44
45
46
33
33
383
383
382
382
382
385
314
317
316
10
9
11
2
2
46
46
46
46
33
33
384
384
384
387
387
387
386
314
314
314
315
315
92
89
89
0
49
49
49
50
48
47
394
391
386
320
319
320
319
322
321
92
89
90
63
71
48
48
394
394
396
320
322
323
92
94
90
66
90
63
63
71
71
394
393
394
391
400
396
396
400
400
318
330
84
84
82
91
90
88
66
65
71
65
71
72
73
75
402
403
401
399
400
398
328
398
327
327
327
84
84
83
83
87
87
88
88
65
72
72
75
401
478
398
476
461
330
459
469
83
87
734
88
65
747
72
746
418
420
423
478
476
479
461
460
469
469
734
734
719
732
719
718
718
718
747
747
746
421
421
421
420
477
479
482
462
463
470
734
732
732
719
717
718
739
749
745
745
422
422
422
420
425
424
425
425
483
482
481
463
735
734
730
715
715
740
743
739
749
749
422
430
427
480
481
463
463
462
730
730
730
727
740
741
748
748
431
428
428
480
494
493
485
485
485
729
727
727
744
744
741
744
751
429
429
429
432
427
457
494
493
493
486
486
486
814
815
813
815
803
804
740
773
773
750
769
429
449
449
449
458
458
454
496
493
495
813
812
815
805
805
804
773
769
769
769
769
451
451
454
490
492
491
810
811
815
805
805
807
808
776
776
766
770
451
451
451
451
450
448
455
455
455
456
454
490
490
491
491
811
811
811
808
807
808
808
776
775
776
776
766
766
767
808
776
766
379
353
3
381
376
379
377
379
353
353
354
354
345
344
344
348
349
349
22
5
5
12
35
35
35
35
34
34
34
34
380
377
354
375
354
352
346
345
348
349
349
349
21
8
5
35
34
31
380
380
380
375
375
365
351
352
352
346
346
10
11
19
11
18
2
17
46
41
46
31
31
33
380
375
382
387
387
386
351
335
314
312
315
10
11
20
18
0
17
41
41
46
31
33
382
387
386
386
312
312
315
310
97
11
99
43
43
42
42
42
26
390
390
388
386
319
319
321
321
92
97
89
99
99
99
63
98
63
43
42
60
60
394
393
394
388
388
388
396
396
319
319
321
321
97
90
99
99
71
63
62
71
393
393
393
401
396
329
329
330
330
84
325
83
87
90
88
63
65
74
74
74
75
75
403
403
405
401
397
397
398
330
329
330
330
83
83
87
88
65
65
74
74
75
405
404
405
401
405
476
476
460
468
469
469
87
87
85
88
719
725
64
760
760
761
761
418
418
424
476
476
468
468
470
469
469
737
738
719
719
719
718
760
760
761
760
745
418
420
424
424
483
467
468
470
735
737
738
738
738
721
715
718
739
760
764
764
764
420
417
483
483
482
482
462
465
735
470
735
735
735
738
715
715
715
743
758
749
748
430
424
426
428
483
482
482
465
465
729
728
727
715
743
743
748
748
430
430
426
430
428
499
481
485
485
484
813
488
727
727
794
714
744
744
744
748
748
429
430
429
428
428
453
428
499
493
493
493
484
813
813
800
795
744
774
787
446
446
453
453
454
453
499
813
813
812
812
815
794
805
774
774
773
769
447
448
448
448
454
499
496
495
491
810
810
812
805
807
805
775
776
774
766
767
451
447
447
448
454
498
490
506
491
810
811
807
811
807
808
807
775
775
775
776
765
765
765
767
454
765
376
376
377
377
362
353
354
354
336
344
347
348
348
348
348
22
22
12
12
12
12
35
28
35
34
376
376
375
375
377
365
344
344
344
346
346
348
349
349
21
21
21
21
17
17
30
27
31
369
376
375
365
336
336
335
334
346
346
19
19
19
18
20
21
16
17
41
41
29
31
31
369
369
369
375
365
335
312
309
19
20
17
20
16
41
42
27
27
390
390
371
390
371
366
366
312
312
306
310
306
310
20
20
18
98
98
16
98
43
43
42
42
26
26
390
389
390
389
390
388
395
319
306
324
321
310
97
95
97
99
98
56
54
55
43
43
62
60
60
393
389
389
396
395
395
324
324
326
96
96
96
97
100
99
100
56
55
62
55
62
60
393
406
397
397
397
329
326
96
86
56
55
51
62
75
404
404
407
407
397
397
329
329
325
325
78
83
85
85
86
64
64
64
74
75
75
405
404
405
401
475
475
329
330
325
325
78
85
85
85
86
721
725
64
725
64
64
74
761
418
418
415
414
476
475
466
468
468
469
470
737
737
737
721
721
725
725
759
760
761
761
417
418
414
414
476
473
473
467
467
468
735
738
738
716
758
759
759
758
764
763
764
419
420
419
424
424
471
483
473
483
473
467
470
736
738
736
716
716
758
763
764
763
764
764
412
426
426
426
483
482
465
465
465
488
488
488
736
728
728
715
716
743
743
742
743
753
753
430
426
428
487
488
488
799
799
727
800
714
714
742
742
744
754
753
754
412
429
410
446
453
499
502
484
489
484
484
799
800
800
800
795
795
795
795
774
787
787
787
437
446
446
446
453
499
499
498
484
812
812
800
794
794
795
774
773
786
787
787
787
437
447
448
453
452
498
499
498
491
810
810
798
812
797
794
775
774
789
789
789
447
447
447
447
452
452
497
506
503
507
503
810
811
807
793
775
775
777
789
788
452
362
25
372
377
362
377
362
361
331
331
331
332
331
332
343
343
343
343
342
22
22
12
28
29
30
29
30
28
25
374
372
374
362
361
336
336
336
332
337
22
24
21
21
14
14
14
29
30
27
25
374
374
374
362
365
336
336
335
334
335
334
337
19
24
24
16
16
41
38
27
27
369
370
371
371
371
366
365
365
365
364
335
306
334
309
309
337
19
20
16
15
39
39
38
26
369
369
370
371
366
368
367
310
310
95
20
15
98
16
40
40
40
26
26
389
406
366
395
324
306
311
311
311
95
96
101
98
101
101
39
54
40
40
62
389
204
406
406
326
326
326
96
96
96
100
100
56
56
55
55
55
62
61
61
60
389
406
406
407
395
395
324
326
326
325
79
79
79
79
79
56
51
52
51
58
59
59
59
404
404
407
407
407
326
325
78
79
86
51
86
86
53
51
58
58
59
404
415
407
216
475
241
475
325
78
78
85
722
86
721
724
724
58
762
416
415
415
474
474
466
466
466
466
78
737
722
721
722
724
725
724
759
759
759
761
762
419
419
415
415
414
474
474
474
473
474
466
467
467
581
736
736
721
721
725
759
763
762
419
419
419
471
473
472
465
488
736
736
728
716
716
758
758
763
754
762
753
753
413
410
471
473
472
487
487
489
489
728
726
728
714
742
754
753
753
412
412
410
410
410
502
502
502
487
487
489
489
799
801
714
742
742
754
754
753
412
438
443
410
443
442
444
501
502
502
502
500
484
489
799
801
801
792
795
781
781
786
786
438
437
437
442
442
444
497
498
500
505
796
800
798
794
801
792
781
781
786
786
437
437
442
439
452
497
506
498
498
503
507
505
798
797
793
779
777
777
789
789
436
439
439
436
439
439
452
439
452
506
506
507
507
503
798
798
798
797
797
793
793
777
777
777
788
788
789
793
372
372
359
362
362
360
361
361
331
332
332
332
343
343
23
23
23
13
13
28
28
30
28
30
30
25
167
374
374
359
359
361
361
333
333
333
333
332
343
342
23
13
14
14
14
29
30
167
167
374
373
371
359
361
364
364
334
338
338
337
337
24
23
24
14
16
38
29
29
27
166
373
373
371
364
367
364
335
308
338
337
309
114
24
24
15
15
15
38
38
38
38
27
181
370
370
370
370
368
368
368
367
307
307
308
308
311
309
311
95
101
15
15
39
39
40
181
181
26
205
370
204
366
368
368
367
306
306
311
311
95
95
101
95
101
56
54
39
40
61
61
181
204
204
204
368
395
324
237
237
311
231
80
100
100
101
56
54
54
61
59
61
204
209
209
207
207
218
218
237
237
231
76
80
80
81
81
53
53
52
58
59
59
209
407
216
218
216
237
241
241
241
241
76
78
76
81
81
53
53
52
52
58
404
416
216
216
216
540
236
566
236
241
241
78
77
77
77
77
81
81
722
724
52
695
59
416
416
416
414
474
566
475
241
581
581
581
77
736
722
724
762
695
416
416
417
416
415
471
566
566
466
580
581
580
581
720
722
723
724
723
723
723
757
763
763
762
762
419
409
409
472
472
467
579
581
726
726
720
723
723
757
752
752
413
408
409
409
409
471
472
472
579
487
489
579
584
728
714
757
756
752
412
412
409
501
501
487
584
799
801
714
792
792
756
756
755
755
438
443
443
445
444
445
501
502
500
500
500
583
489
799
802
801
792
792
792
756
756
781
782
786
438
443
438
443
445
442
444
497
501
500
505
505
505
796
800
796
781
780
780
781
782
786
782
438
437
439
442
442
497
505
507
505
505
798
796
796
790
790
779
779
779
788
788
788
788
436
436
441
441
441
441
506
509
507
507
503
504
797
798
797
793
793
779
778
777
783
783
506
357
341
357
358
357
360
360
360
331
333
341
341
342
342
23
23
13
13
160
160
170
170
167
168
169
372
358
358
359
358
360
360
331
333
338
342
342
126
125
13
125
160
161
165
170
167
167
167
373
373
373
358
359
333
333
338
338
338
126
126
125
125
14
125
161
161
161
165
167
166
373
363
363
363
363
363
364
307
308
339
116
114
114
161
161
165
205
305
363
367
367
367
307
307
308
230
309
116
114
116
117
117
39
181
180
181
182
205
205
205
206
368
368
220
307
234
308
234
234
231
231
116
116
117
117
117
54
180
180
181
204
205
206
207
221
220
237
234
231
136
127
127
53
180
53
61
209
209
209
207
218
218
218
237
237
239
76
80
80
136
127
53
52
57
57
57
57
57
208
209
208
207
217
236
236
240
240
76
80
81
127
132
52
57
58
57
543
543
543
216
539
540
540
236
565
240
241
240
240
76
77
81
648
130
648
688
690
690
695
695
695
543
538
538
543
539
539
540
540
566
566
565
563
580
580
77
580
646
648
648
688
690
690
690
696
696
695
417
541
539
540
565
565
580
646
646
649
649
649
690
698
413
417
413
416
409
536
566
565
579
579
579
580
726
647
649
646
649
640
757
757
691
757
757
752
413
413
408
408
408
471
472
564
582
584
726
726
637
649
649
642
757
755
752
752
411
411
409
408
444
600
501
582
583
583
582
583
584
584
802
802
641
791
756
755
755
755
411
445
445
445
501
444
604
500
583
603
584
583
584
802
802
791
791
791
791
780
756
782
435
438
444
497
509
603
584
608
615
802
792
791
780
782
780
782
783
435
435
443
436
440
508
603
504
504
796
790
790
779
778
778
783
785
436
433
441
440
441
441
441
509
508
508
504
504
614
797
614
614
790
790
779
778
778
784
783
783
436
508
783
340
124
357
357
358
282
282
275
275
341
275
341
341
341
340
124
124
123
163
163
163
170
169
170
169
168
357
357
358
282
282
274
274
341
340
340
337
340
124
126
126
123
160
125
160
169
169
303
358
281
282
280
339
339
339
339
122
120
126
126
125
160
160
161
161
161
165
166
166
302
305
304
298
298
298
298
339
339
229
229
229
114
114
115
114
119
185
159
159
165
180
183
165
302
305
304
304
298
298
220
307
307
233
234
230
229
116
115
119
186
185
183
183
182
205
206
206
221
220
220
220
234
234
231
230
230
116
137
118
117
117
186
186
186
180
179
182
206
206
206
221
221
220
221
235
234
232
231
136
136
129
129
129
132
129
178
180
179
182
208
208
208
207
207
217
235
235
235
232
136
135
127
129
132
197
199
208
208
213
217
217
217
236
239
239
136
134
135
127
135
130
132
197
199
542
543
539
540
217
244
236
240
240
239
239
239
239
134
135
648
688
688
690
689
689
695
543
543
539
540
565
562
563
563
578
647
646
648
692
688
689
689
696
541
544
537
536
564
564
562
563
563
577
577
578
647
647
646
648
691
688
691
698
698
698
696
541
537
537
536
537
536
536
564
564
579
577
647
647
649
649
691
698
698
698
413
408
536
600
600
564
582
582
585
585
637
640
642
640
663
672
674
672
752
672
411
411
411
411
408
513
513
600
582
582
585
585
802
585
637
641
641
641
641
663
663
663
663
674
672
435
435
514
513
600
604
604
609
626
626
626
641
663
663
782
669
755
435
435
434
445
512
604
603
603
604
603
608
608
626
615
790
612
791
612
780
780
785
669
433
434
433
440
440
509
510
509
602
603
607
607
608
615
614
615
614
614
613
612
778
778
785
785
433
433
440
440
440
509
509
508
508
508
607
504
606
504
605
615
615
614
613
613
613
685
685
685
784
685
784
784
785
785
785
124
170
285
284
284
282
282
274
275
275
269
269
269
340
124
123
123
164
164
164
164
164
170
169
169
172
168
281
281
281
282
274
274
273
340
122
268
122
122
123
123
163
163
164
162
159
168
166
166
303
285
281
281
280
296
274
273
273
121
122
122
121
120
120
120
119
163
163
168
166
177
302
305
302
305
296
297
298
296
274
273
229
121
120
119
159
159
185
185
176
179
183
302
301
305
301
304
304
297
297
298
233
233
229
115
115
115
118
118
119
185
185
179
183
183
301
301
221
215
304
221
221
220
226
233
233
232
232
230
230
115
128
129
186
186
178
178
182
179
182
215
215
219
219
219
235
233
235
250
232
232
136
137
137
137
128
128
128
186
178
179
199
199
214
214
213
213
219
225
242
232
249
238
137
137
135
135
132
132
132
131
131
197
199
199
199
214
213
217
244
242
249
238
238
238
134
134
135
133
130
131
132
131
131
197
197
198
198
542
542
547
225
217
244
238
238
134
134
130
688
689
694
689
694
542
542
542
542
544
538
538
565
561
562
562
562
563
659
578
643
643
643
692
692
693
689
700
699
694
541
541
541
544
544
537
538
535
561
561
563
578
578
643
643
645
645
692
693
693
700
699
699
541
544
537
537
535
535
561
561
573
577
577
647
645
645
640
637
640
691
697
697
698
697
699
545
523
523
523
537
536
535
600
564
575
582
576
576
576
576
576
639
637
638
640
665
674
672
523
523
514
513
513
513
601
600
601
585
575
576
639
638
625
642
642
642
642
665
674
674
673
674
672
434
514
514
513
601
601
604
599
604
611
609
609
626
625
625
641
664
673
673
669
669
434
520
434
515
514
512
512
599
602
604
606
608
605
608
608
626
612
619
687
684
681
673
681
434
434
515
515
512
512
512
602
602
606
607
607
615
616
616
613
612
684
681
681
784
681
433
520
433
520
510
510
510
598
602
606
607
605
617
616
616
613
685
613
685
684
684
784
784
284
284
284
284
283
275
275
269
268
268
124
103
123
164
164
162
170
172
172
285
285
285
281
280
279
275
273
273
269
268
268
122
120
106
154
164
162
176
172
172
285
305
280
296
280
279
278
278
278
268
121
121
120
108
154
154
176
176
177
177
302
296
264
264
266
121
121
112
119
119
188
184
190
176
183
190
183
177
301
300
300
305
300
297
297
264
264
266
113
112
112
118
112
186
184
184
190
190
179
301
300
219
297
297
226
264
233
248
230
248
138
115
139
118
118
184
201
182
215
215
215
227
219
225
226
250
242
250
250
249
138
138
139
139
128
128
128
128
178
178
201
201
214
215
213
215
227
225
225
250
250
139
137
133
131
143
200
131
200
198
197
199
214
214
213
227
225
225
242
244
244
249
254
133
133
131
200
202
198
198
547
547
547
546
546
557
244
244
243
254
659
134
643
130
693
693
694
198
694
198
546
546
546
546
557
562
572
571
578
659
659
643
644
709
693
700
700
545
544
538
535
557
557
561
561
578
573
573
661
645
644
645
693
709
700
700
700
699
545
545
535
535
558
561
570
573
577
576
639
639
645
644
640
712
691
697
700
699
524
524
531
570
575
575
639
639
638
638
638
665
697
665
672
523
531
531
531
601
601
575
599
611
625
625
624
642
665
638
664
665
673
674
674
522
522
514
514
512
601
599
611
610
609
625
625
624
618
664
673
673
669
671
520
515
515
512
511
596
599
599
611
610
609
609
633
633
633
626
619
619
619
687
687
683
683
520
520
515
515
511
511
511
602
597
597
602
606
607
605
608
617
617
616
620
620
619
619
619
684
684
687
682
683
683
520
521
521
518
510
598
598
606
606
605
617
616
617
616
620
619
612
684
684
682
682
605
103
286
284
289
283
289
283
283
276
279
272
272
268
103
103
106
106
106
106
162
162
162
173
172
173
173
285
283
280
291
279
279
279
269
267
267
268
103
106
106
154
157
177
176
172
288
288
285
280
296
291
292
279
278
267
267
105
106
108
111
154
154
176
177
175
175
299
299
299
300
294
296
278
258
278
265
265
265
266
266
113
111
113
111
108
108
188
154
188
189
190
176
175
299
301
300
294
260
264
265
266
266
113
113
113
112
188
188
189
190
190
191
189
191
191
212
295
227
293
226
248
260
264
262
112
138
152
112
150
139
147
148
184
201
201
191
212
212
227
227
228
228
226
250
248
138
138
138
139
147
147
143
143
184
184
200
203
203
212
215
214
227
228
226
242
247
250
249
249
139
139
133
133
150
143
144
200
200
201
203
203
547
553
243
242
245
249
253
254
253
254
133
143
143
145
144
144
202
203
547
546
553
243
243
243
243
571
253
571
254
659
254
254
659
660
660
145
654
145
708
708
708
702
702
198
545
546
557
243
572
571
571
660
660
660
654
707
708
709
708
694
545
545
550
550
550
549
557
558
557
556
572
572
572
572
573
659
661
654
644
654
709
709
706
705
705
524
524
550
550
558
558
558
572
573
573
661
661
639
644
644
644
712
713
697
705
705
524
530
532
531
570
570
570
575
574
639
712
713
706
699
705
670
524
523
522
524
522
532
532
588
587
587
587
575
590
575
574
574
574
628
628
624
627
664
664
665
667
671
522
522
532
531
588
587
591
591
611
611
610
610
632
624
624
624
664
664
670
671
671
527
522
534
511
511
597
611
611
610
610
633
633
633
624
620
627
618
618
687
687
687
681
683
671
521
521
518
511
518
598
596
593
610
616
634
618
620
620
686
686
682
683
682
675
521
521
521
518
510
598
597
598
597
593
594
605
617
621
621
618
686
686
686
686
682
682
683
518
289
102
289
289
289
289
270
270
272
272
271
271
103
104
103
107
102
153
153
157
171
173
173
286
289
286
290
291
276
276
276
276
272
272
267
105
107
107
107
155
155
157
174
173
173
288
288
299
294
291
292
277
276
278
267
271
267
105
107
108
155
155
155
175
175
299
295
294
260
265
265
262
266
111
111
108
187
189
189
175
175
299
300
295
294
294
258
260
260
265
266
113
113
111
148
188
191
211
224
295
224
294
224
258
262
152
152
152
148
148
188
189
191
193
191
211
211
224
224
228
228
226
247
247
248
248
152
148
147
140
201
196
196
196
212
212
228
246
247
253
253
252
152
150
150
150
150
147
142
141
143
200
202
203
203
196
196
212
551
553
228
247
253
253
252
252
252
149
149
149
145
145
144
144
202
203
552
552
553
246
245
245
662
660
654
145
144
144
702
202
702
552
549
549
556
553
571
571
662
662
662
661
660
661
654
709
708
708
703
702
702
702
552
550
549
549
558
556
556
572
657
657
661
655
655
709
709
713
705
705
529
530
530
558
549
558
559
572
568
568
657
657
655
655
655
712
713
713
706
706
706
705
529
530
532
560
588
569
569
569
574
657
628
651
638
712
713
706
704
527
530
532
534
531
588
588
587
590
569
574
590
574
631
631
629
629
629
627
668
667
667
667
670
667
671
527
527
534
532
588
587
591
590
632
632
632
628
627
629
668
676
670
671
671
526
519
527
526
596
596
596
596
591
591
590
633
634
628
621
627
680
676
675
675
671
519
521
518
517
595
596
597
592
594
634
635
633
621
618
686
680
678
678
675
519
519
518
518
598
597
593
593
593
594
593
594
636
636
623
623
623
679
679
678
678
621
270
290
290
104
104
104
104
102
102
158
153
153
157
157
173
171
286
291
291
276
277
271
271
271
104
105
153
153
157
156
174
174
288
287
291
292
277
277
261
263
263
105
110
155
158
156
174
288
287
288
287
293
259
259
259
263
263
111
109
187
189
174
287
295
295
295
293
260
260
262
263
110
110
148
148
187
192
193
193
210
210
224
293
258
258
256
257
262
151
187
192
187
193
193
211
211
224
223
223
258
247
256
256
256
262
152
150
146
148
140
196
196
211
223
246
247
246
251
151
149
142
147
141
196
211
223
246
246
245
252
252
149
142
142
141
202
195
195
551
552
553
554
554
555
567
252
149
149
653
142
142
707
145
703
195
552
552
553
556
556
555
567
656
662
662
654
653
653
707
703
703
701
529
529
556
568
568
656
656
655
655
710
712
707
703
701
528
529
529
549
530
548
560
560
560
658
658
658
651
651
652
712
711
701
704
528
530
533
560
560
559
569
569
657
658
651
629
652
652
713
711
704
704
704
534
533
533
559
569
631
630
631
629
629
668
666
668
667
670
670
527
534
588
591
590
590
632
632
629
627
668
668
676
670
526
526
534
517
587
591
595
591
589
635
634
634
680
680
676
676
676
675
519
595
595
592
589
589
636
636
634
621
623
680
675
679
679
675
519
517
517
516
594
594
636
636
621
623
623
679
679
678
678
593
290
270
270
272
157
171
286
271
153
158
291
292
277
261
155
259
263
110
110
156
174
287
224
259
110
109
187
193
258
263
110
192
193
210
223
257
256
151
142
146
140
196
223
222
246
245
256
251
151
150
140
140
195
551
223
554
245
251
142
551
554
251
141
701
195
551
555
555
567
662
653
653
653
549
548
560
555
555
568
658
650
710
710
529
651
651
652
652
710
711
711
701
533
568
569
657
711
704
533
586
586
631
652
652
667
526
533
586
631
628
627
668
676
527
526
595
589
632
635
622
666
676
677
526
595
594
635
622
680
517
589
623
680
286
107
158
156
105
293
259
259
187
151
146
146
210
222
257
256
195
245
195
703
548
703
548
528
567
650
710
658
710
559
704
668
528
589
622
666
622
677
592
594
102
156
102
158
287
277
174
105
192
257
293
257
192
222
146
141
140
554
567
656
701
548
559
711
711
527
630
652
586
630
677
586
635
635
516
589
635
622
679
678
290
158
261
109
158
156
287
110
257
192
222
146
194
210
255
251
257
149
251
567
656
651
658
630
534
628
595
622
677
516
636
623
270
261
263
104
156
277
263
293
194
210
255
151
194
141
551
551
251
653
707
701
528
555
656
528
559
586
528
533
586
666
516
525
517
592
636
622
290
261
692
692
171
292
292
321
696
255
109
109
194
255
222
255
548
194
548
650
554
554
650
707
656
710
650
650
303
630
666
677
630
525
525
516
666
677
516
592
303
303
692
109
171
171
696
696
255
109
255
525
720
525
303
151
720
765
303
18
720
720
18
768
525
768
25
723
69
