3488
635
1567
1578
1667
1667
623
623
634
828
1670
1686
625
767
768
766
829
826
827
1534
1557
1558
648
630
630
782
1466
1670
1680
1677
1677
649
651
788
1466
1391
1408
1407
641
642
651
778
778
787
1461
1393
1409
1405
642
454
777
1343
1395
1343
1416
458
461
458
455
455
726
725
725
712
1340
1342
1346
1329
1333
457
451
478
757
1422
1422
1340
1339
1347
1334
438
467
468
468
746
757
1425
1425
2258
2365
2345
437
2647
2251
2253
2260
2348
2347
2344
2720
2824
2253
2242
2242
2344
2706
2217
2229
2239
2239
2340
2334
2335
2709
2708
2706
2821
2545
2209
2229
2324
2698
2698
2703
2707
3036
3033
3037
3033
2544
2544
2221
2320
2321
2331
2853
2839
2839
3040
3037
3037
2541
2542
2325
2853
3042
2490
2490
2327
2466
2467
2914
2912
2912
3043
3051
3008
3009
2557
2558
2497
2506
2477
2933
3016
2548
2496
2503
2504
2476
2477
2471
2471
2933
2910
3015
3012
3014
3004
1550
1552
1551
1552
1552
1568
1579
1579
1575
1575
1666
1667
1688
1688
1687
620
623
639
635
637
773
772
775
821
824
825
825
1552
1547
1555
1577
1557
1672
1577
1684
1687
625
625
618
616
634
638
635
768
822
829
828
827
1548
1534
1534
1554
1554
1672
1670
1681
1681
1686
1679
617
608
616
617
618
649
632
767
765
782
784
826
839
1466
1470
1465
1458
1674
1673
1670
1678
1677
607
610
644
649
631
630
764
780
782
789
1469
1468
1466
1461
1463
1462
1391
1392
1407
1404
1676
609
1404
608
652
778
778
780
787
789
1450
1452
1391
1395
1390
1395
1409
1408
1405
460
609
460
641
453
644
653
651
727
723
710
787
711
713
1454
1452
1451
1337
1337
1337
1395
1416
1414
458
462
462
454
487
455
489
727
481
726
713
710
710
1452
1421
1422
1340
1343
1345
1329
1334
1416
443
458
436
451
488
478
482
746
759
760
761
1424
1427
1428
1340
1352
1354
1347
1353
1347
1331
1332
443
447
436
437
438
475
468
478
480
465
760
759
762
757
1425
1425
1352
1346
2365
1332
2367
2348
2347
2352
2648
474
467
465
468
465
464
2796
762
761
2825
2215
2215
2258
2260
2260
2258
2241
2260
2244
2369
2364
2369
2348
2345
2646
2653
2648
2646
2647
2720
2713
2713
2717
2713
2798
2826
2826
2215
2214
2251
2211
2249
2242
2365
2367
2339
2335
2333
2650
2654
2699
2700
2701
2701
2710
2717
2798
2822
2826
2826
2219
2207
2211
2253
2242
2239
2337
2342
2342
2333
2699
2700
2702
2710
2712
2822
2706
2781
2821
3032
2217
2229
2222
2224
2338
2338
2321
2340
2330
2334
2330
2702
2703
2709
2707
3035
3033
3035
3033
2546
2542
2546
2222
2231
2226
2224
2226
2324
2324
2320
2316
2858
2844
2841
2838
3040
3036
2541
2545
2544
2488
2221
2326
2328
2317
2318
2294
2331
2851
2853
2853
2835
2839
2839
3044
3042
3042
3049
3037
3048
2536
2539
2539
2538
2492
2491
2486
2328
2327
2318
2467
2848
2294
2851
2851
2836
2836
2914
3044
3048
3049
2558
2549
2498
2552
2492
2493
2475
2473
2469
2466
2935
2934
2835
2909
2914
2912
3015
3014
3016
3009
3007
2557
2549
2499
2499
2496
2506
2504
2503
2475
2476
2478
2471
2933
2934
2910
3012
3012
3008
3005
3005
3006
3004
2548
1578
774
1544
1551
1567
1568
1579
1575
1663
1664
1688
1715
1688
1706
621
621
637
638
774
773
821
819
824
834
1550
1538
1548
1547
1555
1558
1561
1672
1574
1667
1654
1664
1653
1683
1683
625
620
614
628
628
771
770
818
832
831
839
1536
1536
1563
1563
1558
1673
1669
1680
1684
602
601
604
603
602
614
601
616
631
765
812
784
838
839
1470
1538
1533
1533
1468
1563
1674
1678
1679
603
611
611
648
632
807
782
809
785
839
841
1470
1469
1462
1463
1459
1458
1397
1401
1391
1412
1407
1640
606
610
646
646
653
764
723
780
785
788
1456
1461
1398
1398
1399
1393
1400
1413
1414
460
453
644
489
727
712
711
1454
1454
1361
1400
1330
1377
444
461
484
489
488
489
730
727
723
1452
1429
1421
1445
1360
1360
1361
1359
1359
1343
1330
443
446
440
455
487
471
480
482
748
744
748
748
758
754
1427
1419
1418
1353
1357
1357
1345
1347
1333
1331
1325
446
448
448
441
474
440
473
471
743
746
753
751
1418
2255
1354
2243
2365
1325
2353
2355
441
475
2645
475
465
2796
752
2829
2197
2199
2253
2256
2243
2246
2369
2360
2352
2351
2651
2652
2720
2722
2721
2715
2716
2715
2798
2798
2825
2219
2215
2197
2212
2249
2245
2245
2369
2367
2350
2655
2652
2724
2723
2672
2717
2794
2793
2833
2824
2217
2219
2210
2212
2209
2212
2229
2236
2236
2236
2337
2383
2333
2654
2671
2671
2680
2708
2784
2780
2831
2833
2219
2232
2233
2224
2336
2342
2342
2291
2699
2860
2843
2846
2841
2780
3030
3025
2515
2226
2226
2235
2336
2299
2301
2301
2291
2859
2845
2842
2873
2873
3028
3039
3026
2526
2535
2525
2537
2515
2488
2326
2297
2325
2317
2293
2316
2290
2860
2849
2856
2844
2842
2842
3040
3047
3030
3030
2555
2536
2539
2516
2492
2491
2484
2474
2485
2474
2294
2938
2849
2856
2890
2914
3043
3021
3051
3046
3046
2556
2553
2492
2502
2478
2473
2469
2940
2931
2893
2909
2893
2889
2905
3023
3023
3007
2560
2560
2556
2551
2552
2553
2498
2495
2497
2500
2501
2501
2454
2478
2471
2939
2935
2931
2910
2930
2907
2907
2905
2907
3014
3022
3023
3002
2998
2907
3019
3018
1572
1572
775
1545
1545
1544
1542
1572
1579
1575
1570
1643
1663
1739
1715
1715
1704
1705
555
639
637
771
822
822
819
818
836
819
835
836
1531
1527
1570
1561
1652
1643
1642
1645
1708
1705
1707
1707
566
613
771
812
831
832
1538
1536
1528
1528
1560
1564
1561
1649
1653
1644
1637
601
614
567
614
559
771
812
805
812
804
843
843
841
1538
1531
1509
1565
1514
1565
1650
1649
1644
1640
1639
604
607
589
560
652
560
811
804
809
843
841
1470
1459
1448
1402
1402
1411
1411
1640
606
646
589
582
807
809
791
791
700
1455
1449
1448
1397
1399
1401
1386
1412
528
530
646
582
596
596
582
583
729
733
732
718
720
1456
1441
1446
1449
1446
1445
1398
1370
1384
1384
1376
1376
529
451
507
485
734
730
716
718
1443
1429
1441
1419
1359
1319
1318
1377
1325
446
1380
521
507
485
485
484
743
744
748
752
755
719
1428
1427
1443
1350
1356
1357
1357
1318
1316
1326
1327
522
447
490
471
481
739
737
753
751
1431
1434
1432
1352
1432
2267
2274
2358
2362
2354
2354
492
473
491
475
2719
2695
739
2801
2801
2816
2817
2194
2199
2256
2255
2244
2359
2362
2362
2351
2355
2658
2643
2723
2724
2722
2717
2801
2801
2828
2795
2829
2197
2199
2212
2256
2246
2357
2381
2350
2651
2660
2653
2665
2675
2687
2682
2681
2784
2793
2794
2831
2828
2189
2192
2249
2278
2357
2376
2374
2383
2650
2383
2669
2669
2655
2675
2672
2680
2681
2783
2784
2833
2831
2191
2233
2190
2231
2236
2279
2375
2375
2383
2858
2674
2675
2680
2873
2781
3028
3025
2524
2525
2511
2524
2232
2296
2296
2301
2301
2306
2291
2314
2860
2845
2846
2871
2873
2868
3028
3030
3026
2522
2526
2517
2517
2518
2519
2515
2485
2297
2299
2299
2293
2291
2856
2860
2871
3040
2900
2982
2539
2519
2518
2484
2483
2483
2456
2464
2848
2937
2849
2856
2889
2890
2899
2898
3021
3047
2555
2509
2553
2516
2480
2485
2457
2463
2464
2462
2939
2940
2892
2893
2893
2898
3023
2898
3002
2999
2556
2556
2551
2599
2495
2502
2455
2454
2460
2460
2941
2930
2942
2903
2903
2902
2903
2905
3019
3019
3019
3001
3002
2998
2500
3002
1541
1543
1541
1543
1605
1570
1604
1739
1740
1724
1715
1703
1703
1708
1704
554
554
553
552
868
862
869
871
871
834
1541
1542
1561
1611
1602
1610
1654
1725
1725
1713
1713
1713
1710
1706
571
557
556
552
564
816
869
850
835
1530
1531
1527
1612
1661
1652
1656
1652
1636
1645
567
567
570
559
571
561
562
813
816
805
850
843
848
1508
1507
1531
1564
1650
1660
1646
1636
569
591
564
591
814
814
791
850
848
1511
1517
1514
1516
1514
1523
1364
1659
1647
1647
1640
1388
1081
589
591
579
580
598
580
584
813
807
732
698
699
696
1449
1511
1518
1518
1518
1516
1363
1363
1386
1386
1388
1388
528
597
529
597
584
583
729
671
734
732
716
719
699
1441
1438
1516
1370
1372
1370
1369
1384
1381
528
525
530
509
508
508
505
503
730
733
678
715
720
1439
1443
1350
1370
1320
1320
1381
523
509
502
678
716
716
755
1435
1436
1432
1349
1350
1310
1319
1318
1327
1323
523
520
491
492
500
501
741
741
736
754
751
1434
1436
1431
1350
2263
2274
1316
1326
1322
1322
544
494
495
490
500
2696
2694
739
2805
741
736
737
2817
2195
2195
2199
2265
2267
2273
2358
2362
2360
2353
2661
2662
2645
2657
2688
2696
2695
2687
2803
2805
2815
2816
2180
2194
2188
2265
2267
2281
2281
2372
2378
2381
2660
2658
2689
2682
2804
2805
2786
2787
2815
2814
2811
2191
2190
2187
2188
2288
2287
2280
2277
2281
2279
2372
2381
2667
2665
2667
2675
2678
2787
2789
2789
2810
2808
2833
2532
2510
2189
2231
2275
2278
2374
2371
2379
2315
2312
2313
2669
2665
2883
2678
2869
2784
2790
2996
2791
2807
2808
2524
2512
2563
2304
2315
2313
2859
2883
2883
2886
2863
2871
2869
2869
2971
2978
2978
2977
2522
2521
2511
2509
2570
2416
2415
2303
2303
2306
2314
2310
2876
2887
2885
2887
2865
2866
2868
2972
2981
2980
2979
2522
2522
2509
2573
2571
2413
2485
2447
2461
2308
2876
2885
2894
2896
2899
2900
2974
2967
2975
2981
2982
2613
2610
2611
2571
2481
2447
2457
2456
2461
2462
2938
2919
2937
2926
2895
2895
2948
2967
2969
2967
2614
2615
2611
2598
2601
2481
2480
2455
2463
2454
2460
2942
2941
2926
2924
2903
2944
2948
2965
2999
2600
1602
846
1590
1590
1601
1602
1605
1595
1741
1739
1741
1719
1720
1724
1699
1699
1701
1701
1700
555
556
550
864
864
870
871
871
870
846
1630
1592
1590
1606
1604
1743
1740
1743
1720
1711
566
571
557
549
553
546
864
868
867
856
845
1630
1634
1634
1611
1613
1660
1657
1658
1657
1727
1729
1711
571
570
562
815
816
816
798
857
850
1632
1506
1609
1506
1608
1525
1613
1612
1661
1658
1659
1646
1637
1064
1063
1710
1068
586
561
577
800
802
795
795
1507
1508
1509
1520
1524
1525
1367
1080
1082
593
591
577
579
576
792
802
794
695
700
1517
1520
1525
1364
1366
1367
1080
1078
1080
593
526
594
598
596
574
672
673
670
668
698
1439
1488
1479
1372
1383
1388
1379
525
519
519
507
505
505
675
680
679
679
671
666
718
689
1438
1482
1479
1373
1372
1309
1366
1383
1381
1380
516
518
522
515
514
680
678
665
664
665
692
688
691
1434
1481
1476
1476
1313
1315
1323
521
495
498
501
500
502
656
741
662
693
692
1435
2202
1475
1313
2274
1316
2274
1316
542
543
494
2691
498
2692
2694
2773
693
2819
2206
2202
2202
2263
2272
2389
2387
2388
2388
542
2662
2638
2689
2692
2694
2804
2747
2803
2805
2773
2818
2818
2206
2204
2205
2187
2287
2265
2283
2262
2269
2272
2386
2389
2379
2660
2661
2657
2688
2687
2747
2786
2814
2819
2204
2192
2188
2286
2284
2276
2379
2378
2669
2664
2665
2677
2678
2787
2791
2789
2812
2810
2810
2807
2533
2285
2288
2277
2376
2393
2371
2312
2617
2667
2618
2633
2678
2994
2790
2808
2757
2533
2531
2512
2510
2585
2417
2270
2414
2306
2393
2311
2311
2875
2883
2862
2996
2996
2995
2989
2978
2531
2529
2529
2563
2561
2572
2587
2412
2417
2412
2416
2304
2308
2308
2876
2878
2886
2862
2865
2972
2974
2979
2978
2528
2606
2529
2572
2573
2570
2413
2424
2423
2409
2308
2878
2916
2896
2885
2866
2971
2975
2969
2980
2613
2606
2611
2596
2569
2449
2451
2449
2447
2444
2441
2410
2921
2917
2923
2945
2947
2948
2969
2969
2615
2613
2610
2614
2599
2597
2600
2601
2568
2451
2451
2440
2442
2442
2920
2919
2920
2928
2928
2926
2923
2945
2944
2948
2964
2964
2965
2924
1591
1591
1582
1606
1602
1597
1606
1595
1732
1721
1722
1719
1694
1701
119
121
121
550
862
859
860
867
867
867
846
846
296
1633
1630
1582
1606
1618
1734
1732
1736
1722
1729
1721
1728
1701
117
549
550
547
860
859
855
855
852
1632
1634
1608
1625
1618
1736
1619
1729
1729
1073
1066
1066
569
117
116
547
546
798
864
857
853
853
1503
1627
1609
1620
1616
1619
1656
1061
1063
1066
1068
1068
161
587
587
577
138
802
798
798
795
856
705
1500
1500
1499
1500
1525
1524
1620
1056
1061
1060
1060
1059
1082
1064
1081
594
586
141
577
800
802
795
703
703
695
1486
1500
1490
1521
1523
920
921
1054
1059
1077
1078
526
512
594
158
573
573
673
672
669
698
696
707
1489
1488
1489
1521
1374
1367
983
986
1077
1078
519
515
514
574
676
675
668
663
686
689
1483
1480
1488
1476
1479
1374
1373
985
984
1088
519
535
516
511
514
655
663
661
666
691
688
1482
1476
1472
1312
1313
1309
991
993
992
984
533
544
535
497
498
676
655
659
661
662
1480
2202
1473
1471
1313
1915
1310
2001
989
991
991
544
544
540
540
543
539
498
2691
2746
656
2778
693
2206
1911
1912
1908
2263
2000
2272
1007
2387
2625
2626
540
2624
2637
2750
2774
2776
2204
2206
1909
1909
1924
2283
1999
1998
2390
2004
2622
2626
2628
2630
2631
2684
2747
2751
2751
2742
2744
2774
2812
2760
2811
1817
1812
2286
2269
2386
2386
2390
2627
2618
2624
2635
2684
2739
2740
2757
2756
2533
1816
2585
1812
2583
2284
2284
2392
2396
2397
2397
2397
2621
2635
2685
2740
2989
2757
2531
2532
2587
2582
2419
2393
2395
2617
2633
2633
3156
2863
2994
2996
2988
2985
2566
2529
2564
2587
2587
2578
2576
2415
2423
2422
2424
2399
2310
2880
2880
2878
2866
3158
2991
2992
2992
2991
2987
2985
2606
2565
2565
2564
2578
2567
2575
2446
2422
2422
2443
2398
2402
2880
2880
3118
2955
3160
2954
2953
2958
2957
2987
2608
2608
2591
2593
2569
2446
2444
2443
2410
2409
2919
2917
2916
3117
3118
3111
2953
2953
2951
2962
2961
2961
2608
2604
2597
2596
2592
2437
2451
2437
2449
2440
2441
2408
2928
2921
2928
3116
3111
2950
2950
2951
2962
2960
2432
1596
1694
1587
1585
1581
1599
1599
1731
1732
1718
1718
1717
1697
1697
119
119
121
324
322
322
279
294
298
296
298
1592
1582
1584
1582
1585
1599
1736
1734
1732
1718
1699
1696
117
121
324
148
326
317
855
280
291
289
298
1633
1634
1622
1627
1618
1037
1727
1038
1075
1074
131
117
148
148
325
146
319
316
319
291
852
289
1622
1615
1625
1616
1615
1616
1736
1057
1057
1074
162
162
138
325
319
797
1504
1502
1627
921
918
918
1061
1061
1050
1085
1068
160
161
158
139
140
800
706
702
707
707
1486
1504
1485
1502
1521
916
921
1052
1053
1054
1050
1054
1086
1089
157
158
140
39
141
669
412
703
706
1490
1486
894
897
925
920
1053
1054
1088
5
34
38
676
409
664
686
1483
1497
1493
1492
898
896
882
983
985
1003
535
512
537
5
44
659
659
686
685
682
683
683
1496
1481
1492
1473
877
983
989
992
1005
537
537
511
44
46
659
658
693
682
1912
1952
1952
1472
1912
1919
1915
877
2001
988
993
1005
1007
533
542
537
2637
45
2736
2727
2771
2771
2766
2777
2777
1943
1912
1912
1954
1917
1914
1919
1915
2000
1997
1996
2003
2003
3196
540
2625
2636
2737
2640
2751
2747
2774
2771
2763
2776
2776
1942
1943
1908
1915
1998
1997
2006
2641
2638
2639
2749
2631
2742
2764
1816
1942
1815
1923
1924
1922
1999
1996
2004
2070
2069
2627
2628
2642
2639
2630
2750
2749
2739
2742
2744
2744
2762
2754
1817
1814
1815
1813
1813
2583
2270
2061
2062
2396
2620
2635
3149
2635
2685
3149
2744
2753
2753
2757
1820
1819
2585
2582
2583
2097
2420
2063
2393
2066
2063
2395
2395
2620
2621
3155
3148
3159
3343
2989
2987
2984
1819
2580
2580
2580
2575
2576
2420
2420
2419
2400
2400
2399
2403
3130
3131
3108
3156
3158
3159
3461
2989
2985
1805
2566
2578
2430
2430
2398
2403
2402
3121
3130
3107
3107
3485
2954
3487
2958
2957
1848
1848
2594
2608
2594
2429
2427
2408
2405
3119
3117
3110
3483
3485
2955
2958
3452
2603
2603
2592
2593
2590
2436
2437
2437
2432
2426
2408
2406
3125
3118
3123
3114
3116
3114
3111
3483
2951
3448
2960
3451
2604
2440
2960
1697
114
1588
1588
1584
1597
1179
1183
1181
1718
1184
1694
1694
1169
1697
114
111
110
322
308
307
279
294
283
294
296
1623
1587
1585
1291
1734
1184
1194
1194
1165
1170
1073
1166
131
130
131
110
324
147
322
280
298
1623
1623
1292
1180
1180
1037
1039
1040
1075
126
125
131
144
144
326
317
315
315
319
273
291
289
1307
1305
1625
913
914
914
1042
1037
1038
1040
1070
125
143
162
154
148
146
413
314
276
274
414
433
291
1503
1627
1303
916
916
913
918
1056
1057
1047
1046
1085
1071
162
155
137
420
414
703
705
431
1502
1486
1209
925
923
924
923
1045
1050
1089
1087
1087
160
2
158
139
38
412
421
410
412
435
707
1495
1494
894
898
901
925
925
881
1052
1010
1086
4
5
39
37
37
410
37
424
409
686
346
1494
1495
1496
897
895
895
884
884
986
1003
24
24
35
35
44
424
344
1497
1493
887
896
874
876
989
1002
1003
22
25
26
45
24
46
53
329
349
1954
1953
1917
1919
877
877
989
1005
1007
1007
1003
998
532
22
26
2736
2732
2726
2727
2769
2771
2778
1954
1945
1917
1919
1990
2015
2014
2008
3198
3200
2636
2735
2733
2726
2730
2768
2767
1943
1945
1926
1921
1991
1991
2013
2006
2007
3196
3195
3196
3189
3190
2641
2735
2751
2729
2730
2764
2764
2764
2760
1947
1925
1946
1925
1926
1921
1928
1993
1994
2006
3193
3193
3190
2642
2640
3326
2763
3349
2762
1823
1813
1922
2097
2061
2062
2068
2069
3214
3192
3193
3149
3149
3142
3339
3348
3343
3350
2754
3348
1822
1821
1820
1809
1798
1800
2095
2097
2068
2065
2066
2066
3132
3212
3155
3153
3153
3151
3150
3339
3338
3339
3343
3341
3346
1806
1805
1802
1799
2096
2088
2087
2135
3132
3131
3127
3151
3462
3462
3461
3443
2985
1847
1843
1810
2580
2079
2076
2430
2429
2090
2140
2134
2137
3130
3128
3118
3108
3160
3477
3487
3486
3441
3443
1848
1840
1848
2591
2590
2435
2079
2435
2073
2430
2139
2149
2136
3125
3121
3122
3113
3121
3480
3478
3487
3487
3452
3441
1852
1852
2589
2590
2590
2435
2433
2433
2426
2427
2144
2406
2151
2405
2149
3123
3125
3125
3114
3114
3104
3476
3483
3476
3448
3476
3450
3447
3452
3452
3451
113
284
1282
1289
1289
1182
1288
1181
1189
1194
1167
1168
1168
1165
114
111
312
310
310
308
308
300
284
282
294
287
293
1289
1293
1291
1179
1198
1193
1170
1169
1166
1163
135
134
133
182
312
307
312
301
301
282
286
287
1307
1293
1292
1291
1197
1198
1196
1193
1075
126
124
134
128
135
144
133
144
305
303
274
286
272
1307
1303
1307
1286
1286
907
918
1197
1198
1039
1071
127
127
155
315
315
413
417
277
273
430
1306
1209
1306
1302
1303
1303
902
907
906
1045
1046
1070
151
151
155
155
153
153
417
418
434
433
431
1211
1211
903
1206
904
902
907
923
911
1045
1047
1020
1015
1085
1016
2
32
32
421
419
428
435
433
345
345
1209
1221
894
909
890
879
1010
1009
1017
1019
1016
5
1
2
10
34
32
28
419
426
426
344
344
1224
1223
894
886
882
884
884
1018
1019
1000
19
2
15
29
53
51
51
53
424
328
328
349
348
1225
1221
889
873
995
996
999
1000
999
21
22
17
42
41
53
49
49
48
329
331
349
349
1954
1949
1961
886
874
873
998
998
22
25
41
2727
2769
2766
3374
2767
1950
1950
1938
1949
1960
1931
1888
1990
2011
2015
2014
2015
2007
3200
3200
3173
3172
2735
2737
2732
2729
2730
3367
3371
2759
1940
1938
1945
1939
1946
1933
1931
1887
1994
2010
2013
2008
3197
3200
3172
3183
3183
2733
3328
3329
3366
3370
3369
1947
1939
1933
1929
1933
1992
1993
2011
1970
3195
3193
3189
3181
3183
3141
3183
3141
3326
3329
3328
3350
3348
3369
1824
1822
1824
1823
1798
1929
1928
2061
2059
2068
2070
3212
3213
3213
3214
3212
3203
3137
3138
3144
3142
3332
3349
1808
1808
1799
2073
1800
2097
2093
2096
2093
2065
2040
3210
3210
3139
3137
3139
3145
3153
3146
3339
3340
3343
3341
3345
3345
1810
1809
1803
2073
2095
2086
2089
2089
2134
2130
2133
2132
3128
3135
3135
3153
3466
3435
3444
3445
3445
1806
1845
1845
1841
1802
2078
2075
2075
2090
2088
2139
2135
2146
2136
2137
3128
3127
3101
3464
3465
3437
3435
3443
1843
1843
1841
1840
2079
2079
2081
2116
2144
2142
2140
2149
3091
3091
3104
3105
3478
3477
3438
3436
3448
3438
1852
1850
1852
1849
2083
2082
2081
2117
2144
2144
2151
2151
3089
3090
3087
3105
3479
3479
3476
3480
3485
3448
3450
1270
1268
1268
1267
1177
1183
1189
1161
1161
1163
114
189
181
312
310
304
283
220
222
1282
1272
1281
1289
1182
1189
1191
1190
1167
1159
1161
1158
133
182
182
304
305
300
282
219
221
1281
1286
1284
1283
1198
1191
1196
1149
1149
1159
124
205
203
201
303
303
276
274
233
232
1298
1286
1042
1121
1127
128
124
192
202
199
393
389
389
277
429
386
430
232
1296
1300
1211
1305
1207
907
911
1043
1043
1125
192
191
198
198
199
420
391
417
386
434
435
1211
1207
904
911
911
909
1043
1010
1013
151
1030
7
154
12
10
31
418
341
346
1206
1221
1218
903
901
891
880
1010
955
1013
1020
1015
8
8
7
12
12
29
28
32
428
428
339
342
1223
1223
1216
1221
890
879
880
1018
1017
18
19
15
51
104
427
49
338
351
332
342
1225
1224
887
889
889
959
957
961
962
1034
1025
19
15
49
332
331
352
351
1957
1956
1957
1959
1958
1888
962
961
995
996
3168
17
3171
42
3296
3294
3378
353
3374
353
1959
1960
1961
1884
1890
2013
1972
1974
3198
3169
3170
3170
3180
3295
3293
3376
3377
1938
1936
1931
1882
1890
1892
2010
2011
1973
1973
3205
3169
3173
3180
3178
3292
3292
3367
3366
3370
3371
1940
1935
1897
1933
1891
1964
1968
3205
3207
3202
3202
3187
3185
3185
3142
3307
3307
3327
3367
3369
1775
1778
1786
1963
2040
3209
3210
3137
3187
3186
3144
3326
3327
3331
3346
1783
1783
1786
1789
2092
2093
2042
2085
2041
3138
3134
3135
3146
3144
3145
3305
3334
3334
3334
3335
1808
1781
1803
1788
2074
2093
2085
2129
2125
2132
3059
3135
3060
3464
3466
3435
3336
3439
3444
1831
1845
1830
2074
1829
2100
2103
2086
2129
2126
2130
2133
3057
3084
3084
3103
3103
3101
3100
3464
3471
3437
3439
1845
1836
1831
1830
1826
2081
2082
2076
2113
2115
2114
2142
2146
2147
2127
3091
3083
3087
3105
3094
3101
3093
3473
3472
3469
3469
3457
3455
3454
1850
1836
1838
1827
2083
2117
2116
2142
2151
2147
3090
3091
3089
3087
3094
3105
3475
3472
3468
3458
3459
2147
187
1270
1268
1272
1268
1275
1275
1177
1175
1177
1146
1152
1163
187
188
189
188
178
180
259
262
260
228
223
223
222
1277
1277
1114
1111
1190
1186
1148
1149
1145
1156
1163
187
185
181
260
256
219
240
220
1298
1272
1279
1113
1284
1279
1116
1187
1187
1149
1158
185
182
176
202
271
271
240
237
235
233
1296
1298
1300
1299
1252
1115
1100
1101
1118
1129
1128
1126
1128
1126
194
205
195
203
201
201
393
270
392
388
386
239
237
1300
1204
1300
1250
971
1122
1129
1124
1124
193
196
196
195
393
391
389
385
381
368
386
369
369
1204
1244
901
909
971
1012
945
1013
1030
192
78
77
192
75
10
107
398
389
336
380
376
1217
1214
1215
891
980
979
972
1013
1030
77
78
76
12
108
108
103
103
399
428
337
379
341
1213
1217
1215
959
980
973
955
955
1033
1032
1032
19
76
64
106
65
108
89
427
337
338
339
351
1956
1858
964
958
964
1033
1022
1024
1034
1027
18
96
106
90
92
92
334
335
1957
1883
1885
959
965
966
964
1971
1023
1974
1023
3166
1026
1023
3165
3163
3162
89
3176
90
3290
3293
3295
3294
3374
352
1876
1885
1888
966
1967
1971
3166
3168
3162
3171
3175
3287
3296
3289
3288
3378
1936
1869
1881
1881
1897
1882
1891
1892
1962
1965
1966
1966
1967
1965
3207
3165
3229
3175
3180
3176
3284
3284
3375
3375
3362
1935
1779
1899
1898
1890
1897
1963
1964
1970
3207
3207
3186
3187
3187
3180
3178
3321
3307
3376
3360
3364
1776
1779
1785
1786
2053
2034
2035
2038
3205
3203
3305
3308
3360
3359
3360
3356
1779
1775
1782
1783
1783
1778
1790
2056
2054
2035
2034
2041
2033
2042
2040
2038
3210
3057
3251
3060
3062
3304
3305
3332
3302
3336
1781
1783
1787
1788
2099
2103
2102
2032
2157
2156
2161
3253
3053
3060
3063
3064
3391
3387
3335
3424
3423
1766
1766
1754
1755
1756
2103
2156
2156
2125
2127
3073
3054
3056
3057
3101
3061
3064
3471
3471
3390
3466
3389
3411
3425
1831
1837
1829
2113
1756
2113
2100
2177
2126
3081
3084
3096
3096
3096
3473
3457
3436
3454
3459
3411
1834
1837
1834
1827
2113
2115
2115
2122
2177
2179
2179
2171
3080
3081
3097
3094
3383
3469
3381
3469
3458
3457
3455
1827
1275
173
1274
1279
1109
1277
1177
1175
1152
1151
1156
1154
168
168
167
184
173
262
262
257
228
229
230
1272
1279
1263
1258
1112
1114
1097
1173
1186
1152
1146
1156
168
185
175
178
271
259
255
240
228
221
1261
1258
1254
1254
1115
1116
1098
1141
1145
1119
1140
1138
185
180
267
269
271
269
241
237
1255
1252
1252
1100
1121
1119
1118
1127
206
217
215
392
240
407
244
237
1296
1204
1245
1243
1101
1250
1102
1122
1122
1125
193
194
217
56
393
368
1204
1203
1245
1243
1250
978
971
1132
79
71
71
56
398
400
399
379
377
376
1214
1204
1236
1238
980
979
973
969
972
952
1030
80
55
107
398
395
378
376
380
1218
1216
980
976
950
951
1025
936
80
76
75
66
66
108
97
99
104
336
362
366
366
365
365
1213
1878
1854
959
957
938
1022
1026
1027
928
64
62
64
83
94
93
93
364
335
1877
1879
1858
958
965
938
3240
3163
3220
82
94
92
3281
334
3282
1879
1884
1902
1888
1864
1988
1987
3241
3166
3239
3217
3219
3216
3223
3286
3289
3286
3288
3280
3377
3362
1870
1870
1895
1902
1902
1979
1981
1972
3232
3229
3217
3216
3223
3287
3289
3285
3364
3364
1868
1894
1899
1902
1898
1978
2049
2018
2017
2020
3231
3250
3267
3258
3268
3321
3322
3309
3285
3364
3360
3362
1773
1776
1785
1901
2055
2017
2018
2021
2038
3255
3250
3269
3269
3309
3308
3299
3355
1757
1776
1795
1795
1790
2055
2054
2053
2031
2037
2038
2026
3255
3255
3247
3251
3264
3269
3402
3305
3302
3301
3331
3421
3357
3423
1765
1766
1754
1789
2056
2032
2033
2030
2163
3253
3054
3059
3063
3061
3390
3388
3421
3425
3423
1766
1752
1770
1751
2107
2108
2099
2100
2103
2157
2163
3053
3074
3062
3078
3393
3391
3428
3410
3411
3424
1836
1838
1755
1752
2124
2110
2175
2160
2172
2163
3066
3084
3098
3380
3380
3388
3416
3411
3407
1833
1834
1826
2112
2122
2122
2175
2177
2179
2179
2174
2171
3080
3071
3384
3384
3384
3381
3418
3418
3408
3098
1172
1263
1275
164
165
168
165
175
175
253
264
252
257
256
230
229
1265
1108
1109
1173
1112
1140
1156
1154
164
171
263
263
257
249
242
242
1264
1257
1111
1112
1098
1097
1141
1139
1143
206
208
269
250
250
243
1261
1261
1255
1258
1251
1102
1095
1136
1143
1139
207
266
407
243
235
1201
1245
1244
1252
1248
1135
1135
1132
1138
210
214
405
56
407
402
372
371
1201
1241
1245
1248
945
1102
951
1134
1132
73
400
396
403
378
377
1201
1231
1238
1238
978
975
969
945
952
949
948
79
73
59
56
396
361
376
1231
1238
975
969
950
948
68
65
101
101
85
366
1231
1236
967
976
938
937
927
62
97
100
87
362
364
366
1877
1878
1858
1865
1863
1986
1985
936
61
62
3219
96
82
3272
83
3275
358
1876
1869
1875
1865
1977
1980
1988
3241
3240
3239
3223
3227
3222
3272
3275
3280
3282
1868
1872
1978
1981
1987
3234
3239
3220
3223
3323
3323
3275
3279
3278
1763
1871
1872
1894
1895
1904
1906
2049
1906
3233
3231
3232
3258
3230
3260
3319
3322
3274
3352
1761
1773
1797
1906
2049
2047
2021
2021
3248
3244
3266
3265
3267
3268
3297
3318
3299
3355
3357
1797
1795
1797
2047
2028
3243
3243
3246
3265
3264
3319
3404
3300
3302
3355
3356
1769
1761
2106
2031
2026
2161
2026
3253
3265
3078
3405
3387
3428
3421
1768
1770
1754
2107
2109
2157
2106
2160
2165
2164
3073
3078
3394
3389
3428
3428
3430
3419
1749
2110
2108
2175
2154
2165
3067
3071
3070
3069
3394
3383
3413
3413
3417
3413
1767
1746
1751
2124
2170
2172
3067
3071
3097
3396
3398
3416
3418
3418
3408
2175
1263
1109
1172
1152
257
226
1264
1154
264
250
1258
1104
1092
1095
267
1134
1143
210
215
249
244
1241
1237
1091
209
405
405
370
1248
210
214
372
371
1230
1228
944
949
73
101
59
402
361
1234
976
933
933
948
931
68
66
99
395
359
1855
1228
1863
938
930
101
1855
1864
928
87
3278
358
1875
1861
1980
1986
3237
3225
3225
3225
1871
1906
1905
1979
1977
2020
3234
3236
3323
3312
1763
3260
3230
3262
3260
3323
3314
3314
3278
1793
2023
2028
3248
3315
3352
1797
2044
2028
3247
3261
3403
3302
1768
1793
2106
3246
3076
3403
3316
3429
1769
1748
2109
2153
2165
3074
3393
3400
3429
3430
1768
2153
2170
3069
3397
3385
1749
2154
3396
3414
1265
174
252
247
171
1241
1091
1092
407
73
58
403
1227
1234
943
945
359
937
359
3281
1860
3275
1904
1866
1984
3237
3311
3244
3311
1793
3352
3318
1761
2028
3402
3405
3397
3431
2168
2170
173
246
175
255
1260
1104
241
208
373
1134
1247
1136
403
1234
59
87
85
1863
1982
3236
3278
1904
2049
3314
3316
1757
2024
3262
2044
2024
3432
2045
3076
3076
2120
2164
3066
3394
3417
3407
1108
253
1142
267
266
250
1261
210
947
373
1234
59
356
1231
934
927
948
62
930
1985
3230
3220
3248
3248
1748
3261
2168
3401
3431
2124
3070
3396
1107
1094
1143
171
247
1095
1143
1248
355
1227
940
68
356
87
1874
1854
931
3227
3272
3277
1866
1977
3233
1763
2047
2023
1763
1793
2044
3404
2120
1746
1744
2169
3071
3398
1107
1094
2052
2052
226
1105
1105
382
2182
940
212
212
355
932
1233
934
1856
359
1860
3226
1861
1861
3226
3271
1984
3312
3256
3256
383
2024
3315
3353
3401
1759
1759
2158
3400
3432
2120
2168
626
1691
2050
213
225
225
2182
2182
941
213
941
2185
2247
2185
1593
69
2059
2058
627
1690
1771
3010
1692
2183
1759
2183
1689
2057
1737
