2048
291
987
953
954
954
307
306
290
441
929
932
305
420
422
422
439
437
437
978
950
951
297
293
293
430
886
947
791
790
790
297
298
481
887
890
794
789
303
302
298
489
489
483
894
794
789
788
303
362
488
838
793
813
789
365
364
365
362
363
494
495
487
486
845
838
837
811
813
365
360
501
511
860
861
845
837
836
811
359
380
369
370
501
510
863
861
1373
1432
1425
359
2041
1352
1353
1373
1433
1424
1424
2041
1886
1353
1371
1371
1435
1879
1405
1355
1357
1357
1436
1436
1438
2039
1877
1877
1881
1389
1355
1347
1457
2027
2027
2029
1876
1882
1882
1805
1881
1391
1389
1345
1489
1488
2026
1960
2030
2031
1799
1805
1804
1390
1391
1481
1963
1797
1321
1321
1483
1490
1961
1977
1976
1982
1796
1809
1814
1815
1341
1341
1320
1327
1476
1957
1809
1343
1326
1327
1479
1479
1476
1499
1499
1957
1980
1811
1811
1810
1812
985
985
984
986
986
987
953
952
954
955
954
928
935
935
933
306
307
291
291
289
423
421
416
423
443
443
442
985
979
978
948
950
951
949
930
933
306
305
304
310
290
288
291
423
441
439
443
436
979
983
976
978
950
946
929
931
930
932
931
305
313
310
305
308
296
292
422
431
430
436
437
437
883
881
882
890
946
947
929
790
790
313
312
301
297
293
490
430
490
481
483
887
882
886
882
883
888
890
793
791
789
787
313
787
313
298
489
489
481
481
483
884
884
892
892
892
795
794
794
786
367
315
366
303
362
303
302
490
494
492
487
482
485
485
885
884
895
895
894
892
812
813
815
364
365
366
361
379
363
381
494
383
494
487
487
484
856
856
847
846
835
838
810
810
815
355
354
358
361
381
380
383
503
495
509
511
862
862
861
845
847
844
839
837
839
811
811
355
355
359
358
359
374
369
370
382
371
503
508
508
511
862
863
844
837
1422
809
1427
1425
1426
1424
2041
374
368
369
369
370
370
1874
509
510
1886
1403
1402
1353
1372
1373
1373
1370
1375
1423
1423
1432
1433
1433
1424
2043
2043
2042
2040
2042
2038
1875
2039
2032
1875
1874
1886
1886
1402
1403
1352
1354
1368
1371
1423
1434
1435
1435
1437
2043
2046
2046
2045
2045
2038
1879
2039
1873
1885
1885
1884
1404
1355
1405
1357
1371
1457
1457
1434
1437
2027
2047
2047
2047
2018
1879
1878
1879
1883
1882
1881
1405
1350
1347
1346
1456
1456
1436
1436
1438
1438
2026
2028
2028
2031
1877
1799
1882
1805
1880
1388
1391
1389
1345
1350
1344
1346
1346
1481
1480
1488
1491
2024
2030
2031
1798
1799
1805
1390
1391
1389
1345
1345
1481
1482
1489
1490
1491
1961
1963
1962
1963
1977
1977
1977
1797
1799
1797
1801
1801
1800
1385
1341
1340
1338
1321
1321
1482
1483
1483
1490
1497
1961
1490
1962
1963
1981
1978
1983
1808
1801
1803
1341
1339
1339
1338
1322
1323
1478
1477
1498
1498
1959
1956
1981
1982
1982
1982
1809
1811
1809
1815
1815
1342
1342
1336
1337
1337
1326
1327
1327
1479
1479
1476
1499
1957
1980
1969
1810
1812
1814
1812
1813
1813
1812
1343
953
416
984
986
989
958
953
957
939
934
935
908
935
909
295
295
289
289
417
423
440
441
443
442
985
981
979
986
977
949
948
946
949
955
938
928
938
930
933
306
310
310
292
288
418
421
441
438
444
435
981
983
977
945
951
946
936
929
930
318
319
319
319
319
309
309
309
292
420
425
438
435
434
881
983
982
977
880
977
945
785
784
318
314
309
297
299
426
430
426
429
435
434
881
880
882
889
889
890
891
798
792
793
786
786
315
315
301
300
299
490
491
491
482
482
885
888
893
891
798
793
796
795
786
366
362
378
493
492
486
485
875
874
895
893
813
815
367
366
378
379
378
381
499
493
492
884
858
858
895
846
843
866
835
834
839
806
354
353
356
360
377
375
383
501
502
498
503
503
511
505
862
860
847
847
835
833
832
833
808
809
809
355
353
352
357
374
357
372
372
498
501
508
507
850
1374
844
1421
1422
809
1427
1431
357
375
2040
374
371
1874
508
1863
1401
1401
1374
1374
1420
1420
1420
1408
1427
1426
2008
2043
2040
2044
2035
2035
2033
2032
1874
1873
1885
1402
1402
1400
1354
1369
1368
1423
1409
1435
1429
2009
2045
2045
2037
2036
2032
1872
1873
1884
1887
1404
1406
1407
1407
1359
1359
1357
1359
1369
1458
1459
1439
2025
2046
2019
2018
2016
1877
1918
1878
1885
1883
1405
1387
1351
1346
1458
1456
1439
1439
2027
2023
2029
2018
2031
1916
1807
1881
1387
1351
1349
1458
1459
1485
1460
1460
1492
2024
2020
2021
1917
1916
1792
1793
1806
1385
1384
1384
1386
1351
1349
1481
1485
1480
1488
1493
1488
1960
1965
1965
1966
2030
1979
1798
1797
1793
1807
1801
1329
1330
1331
1330
1323
1323
1323
1482
1487
1493
1493
1952
1967
1966
1979
1978
1796
1819
1803
1802
1803
1329
1330
1322
1475
1474
1477
1497
1959
1959
1958
1983
1975
1972
1971
1818
1819
1815
1342
1342
1328
1334
1336
1335
1337
1337
1325
1325
1324
1475
1474
1477
1499
1496
1957
1959
1974
1975
1975
1969
1968
1969
1811
1816
1817
1820
1820
1969
1817
1817
988
959
417
991
990
991
990
989
959
958
956
957
938
898
897
909
910
911
294
295
289
417
419
446
447
447
444
447
445
444
980
991
959
962
957
939
897
896
908
911
911
911
256
311
418
424
444
433
981
983
976
963
962
945
944
937
937
937
902
317
311
316
308
266
418
418
427
425
431
427
432
435
981
971
970
971
971
945
942
936
799
785
784
317
316
273
267
299
267
425
427
427
432
429
881
889
865
865
798
797
785
782
314
301
277
282
425
426
451
429
453
879
878
867
867
798
797
797
797
326
327
301
282
277
283
378
283
477
451
450
448
485
875
875
874
874
866
866
866
869
796
806
814
815
326
361
325
377
492
478
448
505
859
858
873
843
835
832
807
806
808
353
801
323
356
376
377
377
498
499
502
504
505
505
859
858
854
842
843
834
833
807
804
801
803
322
353
373
372
383
498
497
507
506
851
849
851
842
850
1417
1417
1421
1411
1426
1431
337
373
336
372
2034
2034
497
1890
1863
1860
1862
1401
1394
1374
1375
1420
1409
1410
1408
1431
1431
2010
2009
2037
2036
2034
2032
1890
1857
1863
1862
1887
1401
1407
1358
1369
1466
1409
1409
1430
2008
2009
2009
2013
2037
2034
2017
2033
1918
1873
1857
1858
1859
1407
1406
1366
1464
1458
1465
1463
1455
2014
1429
2015
2015
2013
2012
2017
2019
1919
1918
1915
1865
1864
1382
1358
1383
1349
1356
1465
1461
1460
1447
2024
2023
2022
2018
1919
1916
1865
1806
1382
1377
1387
1382
1350
1484
1461
1460
1492
1445
1964
1446
2023
2022
2020
2021
1917
1916
1793
1806
1806
1377
1376
1385
1387
1314
1315
1349
1485
1485
1487
1486
1495
1965
1966
2020
1931
1792
1794
1827
1331
1314
1313
1312
1319
1319
1487
1497
1964
1953
1953
1966
1928
1979
1979
1818
1819
1803
1329
1330
1335
1315
1316
1472
1475
1487
1497
1500
1952
1953
1955
1973
1972
1972
1817
1927
1820
1822
1334
1334
1332
1332
1325
1473
1473
1473
1477
1503
1954
1954
1954
1974
1975
1972
1970
1971
1970
1971
1816
1821
1820
1823
1325
1821
967
991
961
988
1011
959
956
956
926
898
905
909
905
904
905
263
262
262
271
419
410
447
403
446
445
965
960
962
962
961
941
938
898
897
897
906
906
907
910
257
261
260
261
266
415
401
404
433
969
960
963
992
941
942
943
901
902
903
257
317
257
267
259
260
269
412
414
414
404
432
433
975
975
969
971
994
942
769
782
258
273
267
275
413
413
390
389
389
877
877
969
878
970
1004
994
943
799
769
783
768
783
273
273
282
280
276
282
281
413
426
451
450
398
399
879
876
878
877
864
865
865
775
775
774
782
780
326
278
325
277
281
287
477
479
476
451
448
452
453
873
872
878
869
870
868
820
806
800
326
323
324
325
348
341
287
340
477
477
478
449
452
873
855
843
869
841
804
801
323
341
342
340
478
448
506
848
849
854
853
840
841
805
805
801
803
322
337
336
339
343
340
470
497
496
507
507
851
849
851
840
1365
1416
804
802
803
803
331
337
339
338
338
2002
1893
497
1891
471
471
463
1861
1394
1399
1399
1365
1417
1417
1418
1411
1411
1411
2010
2010
2011
2007
2006
2005
1893
1891
1888
1891
1863
1861
1395
1393
1367
1366
1366
1467
1467
1413
1452
1410
2014
2011
2007
1915
1889
1889
1888
1914
1859
1858
1859
1394
1392
1392
1358
1367
1363
1366
1466
1465
1467
1471
1452
2015
2013
2013
2005
2016
1915
1913
1857
1866
1866
1859
1379
1381
1382
1348
1348
1464
1463
1454
1454
1446
1447
1443
2015
1993
2023
2017
1905
1918
1913
1912
1913
1865
1864
1377
1383
1313
1445
1444
1446
1965
1997
2020
1996
1930
1931
1904
1795
1837
1830
1826
1826
1376
1377
1288
1314
1313
1313
1513
1495
1445
1494
1446
1442
1933
1932
1933
1928
1930
1929
1795
1794
1826
1826
1825
1294
1329
1289
1314
1318
1524
1524
1495
1500
1500
1967
1935
1928
1927
1931
1794
1794
1824
1824
1825
1827
1281
1333
1333
1319
1319
1526
1472
1520
1503
1502
1501
1941
1953
1934
1929
1927
1818
1842
1843
1823
1281
1334
1332
1332
1317
1316
1527
1527
1503
1522
1503
1502
1954
1955
1937
1973
1970
1850
1842
1822
1317
1010
402
966
967
1010
961
1010
1014
927
898
927
924
924
899
917
917
905
907
915
263
263
271
410
411
401
400
403
403
403
965
967
964
1009
1011
940
926
899
924
907
256
259
260
261
261
269
410
411
404
404
405
965
972
1009
993
997
941
941
943
900
900
903
903
259
259
264
415
412
414
415
388
389
974
973
969
968
1005
1005
993
994
993
995
901
769
902
778
778
779
779
274
265
265
385
387
391
391
974
975
975
1001
1005
1006
775
783
783
272
275
280
281
264
384
387
391
399
398
877
870
1004
871
773
775
780
817
780
278
324
279
277
281
286
473
475
473
454
449
873
529
530
870
821
818
819
327
320
321
325
287
285
284
284
284
475
478
455
452
452
855
530
870
852
869
841
820
821
819
819
350
321
323
350
351
340
479
469
469
468
463
461
460
849
541
855
853
852
804
825
321
346
343
343
343
342
470
471
469
462
463
848
1398
853
534
1419
827
1418
802
331
330
339
2003
339
2002
1892
1893
463
1900
1397
1399
1364
1365
1419
1412
1413
1412
1414
329
2010
2003
2007
2002
1894
1893
1894
1890
1889
1899
1861
1860
1395
1393
1399
1392
1361
1365
1362
1363
1467
1418
1469
1453
1452
1986
1987
2006
2007
2005
1895
1889
1856
1856
1395
1392
1380
1362
1363
1470
1453
1452
1990
1993
2004
2005
1905
1907
1915
1914
1870
1867
1866
1867
1381
1361
1360
1470
1470
1448
1455
1443
1990
1997
1996
1993
1992
1904
1913
1866
1870
1379
1378
1288
1381
1309
1513
1470
1515
1445
1449
1443
1443
1997
1921
1905
1839
1838
1837
1831
1831
1378
1295
1291
1290
1291
1305
1304
1515
1514
1515
1513
1512
1495
1442
1933
1999
1928
1920
1931
1839
1836
1824
1830
1294
1294
1294
1291
1287
1305
1525
1513
1518
1504
1501
1932
1941
1934
1935
1925
1836
1836
1843
1824
1285
1281
1286
1287
1318
1526
1521
1521
1520
1523
1521
1505
1501
1941
1924
1924
1851
1851
1842
1843
1281
1285
1284
1285
1287
1286
1317
1303
1317
1527
1527
1521
1522
1522
1509
1939
1938
1939
1939
1936
1936
1926
1851
1851
1841
1841
1840
1937
967
966
1008
1008
1010
1012
1015
1014
927
925
925
924
916
917
251
251
249
271
409
408
408
401
401
407
405
402
69
1019
965
1009
1009
997
997
927
921
921
923
921
917
915
250
270
271
268
409
406
406
407
397
972
1018
1003
1017
998
999
997
900
923
912
912
779
258
235
234
269
269
409
411
406
397
396
972
1016
1003
992
1006
998
900
770
922
778
776
776
235
274
265
265
238
385
386
387
391
389
397
973
1000
1001
1001
1007
1006
995
995
769
771
771
770
780
777
776
279
275
236
286
385
387
390
394
395
399
555
973
531
1000
1007
520
772
772
771
781
781
320
349
279
224
286
285
474
473
472
455
399
393
529
528
531
525
871
773
822
821
817
816
335
349
348
287
284
475
473
456
456
461
529
541
540
530
530
525
822
826
818
817
334
334
350
351
351
467
466
465
469
461
459
540
533
532
534
535
823
824
825
827
825
333
331
333
347
345
344
467
467
464
465
541
1396
533
533
534
1066
823
1175
827
827
825
330
331
347
329
334
347
345
2003
1897
471
1903
460
1397
1057
1057
1062
1362
1173
1419
831
1414
1986
1986
328
1987
2001
1896
1899
1901
1396
1397
1058
1059
1063
1363
1174
1175
1413
1178
1986
1985
1985
2000
2001
1895
1894
1894
1909
1909
1910
1898
1871
1900
1871
1058
1361
1361
1469
1469
1450
1451
1984
1991
1991
1995
1906
1907
1911
1870
1870
1380
1101
1309
1310
1310
1360
1468
1471
1449
1450
1451
1451
1990
1993
1906
1907
1835
1869
1379
1379
1310
1311
1517
1449
1441
1998
1999
1995
1921
1920
1834
1835
1828
1829
1293
1288
1291
1309
1305
1305
1307
1514
1517
1519
1519
1519
1440
1441
1999
1921
1921
1923
1839
1839
1837
1838
1833
1829
1295
1293
1292
1290
1298
1299
1304
1525
1515
1518
1523
1506
1506
1943
1933
1940
1855
1855
1854
1854
1846
1846
1833
1280
1285
1287
1299
1301
1525
1523
1529
1504
1504
1505
1941
1505
1925
1948
1925
1855
1850
1848
1847
1847
1841
1283
1282
1302
1300
1301
1301
1535
1534
1529
1529
1528
1509
1939
1511
1938
1936
1936
1924
1849
1849
1845
1841
1535
1013
919
1021
1022
1013
1015
658
1015
760
921
920
918
914
914
251
248
249
87
86
87
66
66
69
68
69
1019
1019
1022
1013
1023
1012
998
996
762
923
919
912
250
248
85
238
85
81
406
66
70
70
69
1018
1016
1017
1016
1023
766
922
923
913
777
250
235
235
234
85
239
80
81
81
74
397
73
1016
1002
1002
1002
998
1002
999
718
716
715
227
233
237
84
81
386
553
553
1001
1006
718
523
771
717
592
597
776
227
225
225
236
173
385
395
395
393
392
554
554
555
552
527
527
521
594
595
593
593
593
599
817
181
174
172
173
173
475
17
454
394
529
554
526
524
527
520
594
593
598
181
177
175
474
22
465
457
543
542
543
538
512
525
515
822
824
831
334
349
335
181
179
466
465
457
456
458
458
459
543
541
542
539
534
823
826
829
830
333
346
345
179
166
467
464
458
458
1083
1082
1082
532
1065
1064
1067
535
1173
828
829
828
831
333
329
345
1714
179
1713
1544
1897
1903
1902
1903
1901
1059
1056
1057
1082
1064
1065
1067
1067
1172
1172
1173
1169
1179
1698
329
1985
1715
1713
1714
1896
1897
1899
1546
1554
1901
1903
1059
1057
1063
1066
1173
1169
1179
1703
2001
1714
1713
2000
1547
1899
1101
1059
1100
1063
1062
1070
1174
1168
1168
1159
1159
1984
1985
1702
1718
1994
1908
1778
1909
1911
1909
1910
1911
1869
1101
1101
1102
1063
1102
1311
1469
1166
1158
1451
1991
1995
1790
1995
1906
1779
1911
1868
1869
1868
1097
1103
1309
1310
1307
1161
1516
1161
1449
1155
1152
1448
1440
1988
1998
1999
1776
1923
1835
1832
1828
1828
1097
1308
1306
1306
1307
1307
1226
1517
1517
1519
1507
1507
1441
1989
1989
1787
1922
1787
1923
1834
1834
1833
1147
1293
1299
1534
1534
1506
1507
1507
1942
1943
1922
1923
1855
1853
1853
1852
1846
1150
1147
1293
1282
1299
1531
1224
1508
1509
1943
1949
1949
1951
1853
1853
1846
1845
1282
1282
1303
1297
1302
1301
1300
1532
1531
1530
1510
1511
1946
1947
1947
1947
1951
1950
1951
1622
1849
1848
1844
1845
1283
1529
1845
914
255
1020
1020
1022
658
658
760
763
762
763
918
919
753
914
254
253
249
95
95
91
66
65
65
67
68
1021
1021
1022
659
760
760
764
765
913
765
912
755
246
253
252
253
87
239
86
67
70
642
1019
665
664
767
713
713
712
714
241
241
253
232
233
85
82
83
83
80
79
72
73
642
645
645
670
719
718
719
713
713
715
715
240
233
225
226
238
239
18
83
78
79
16
79
73
553
644
647
647
670
718
522
717
716
717
717
597
715
224
231
237
19
18
395
393
28
553
554
557
521
522
521
523
595
592
597
598
599
227
183
174
173
174
22
22
22
17
31
393
557
538
556
525
526
520
517
517
594
607
599
183
181
174
175
172
23
165
25
23
456
28
543
537
537
538
512
514
515
585
606
601
177
176
177
165
167
25
57
536
537
539
512
515
515
582
606
629
180
188
191
179
184
167
166
58
58
1082
1083
1064
1067
513
583
582
582
829
831
629
628
332
191
189
1713
1548
1544
1547
1545
1545
1902
1080
1074
1064
1071
1170
1169
1177
1178
1699
1697
1715
1714
1549
1548
1546
1559
1552
1075
1074
1060
1071
1171
1171
1170
1169
1176
1698
1699
1698
1701
1700
1719
1719
1551
1547
1550
1554
1554
1555
1555
1075
1061
1078
1061
1061
1070
1069
1165
1157
1159
1703
1703
1701
1718
1719
1550
1566
1563
1555
1098
1102
1069
1160
1160
1167
1157
1154
1154
1704
1702
1778
1777
1779
1601
1562
1601
1562
1869
1562
1099
1096
1097
1097
1103
1137
1162
1162
1152
1152
1155
1154
1989
1705
1790
1786
1777
1787
1777
1601
1600
1603
1601
1607
1614
1146
1146
1136
1136
1161
1225
1230
1239
1988
1791
1785
1786
1602
1602
1833
1608
1829
1147
1147
1139
1298
1277
1226
1227
1224
1227
1225
1237
1236
1942
1945
1949
1787
1603
1617
1617
1611
1611
1609
1149
1151
1148
1296
1297
1534
1276
1533
1277
1226
1221
1247
1237
1511
1947
1945
1948
1944
1621
1616
1623
1625
1629
1609
1149
1149
1297
1296
1297
1533
1533
1532
1531
1531
1221
1509
1247
1510
1246
1511
1946
1944
1950
1951
1750
1620
1623
1622
1629
1622
1630
1630
1630
1628
1631
255
64
660
660
662
657
659
761
762
763
753
752
753
755
255
254
94
95
93
93
91
88
89
65
65
71
71
662
663
657
659
767
764
765
754
755
755
247
247
247
245
95
92
93
89
89
75
70
75
643
663
666
665
664
665
766
764
709
240
242
247
241
246
232
245
239
92
93
78
73
75
642
645
643
669
669
671
670
668
705
705
714
241
243
229
83
82
16
18
77
79
72
642
655
645
653
646
646
670
671
704
706
596
708
227
231
230
231
228
229
18
19
17
31
30
655
655
526
556
646
519
522
522
589
595
604
605
602
597
600
182
169
168
21
20
27
27
29
29
29
557
557
519
516
519
585
605
606
604
601
600
183
182
183
170
169
164
169
21
26
27
56
57
547
546
538
558
517
514
584
606
607
631
187
177
185
185
167
167
165
165
25
59
58
57
63
547
537
513
582
581
581
628
630
629
190
191
184
185
162
163
163
160
163
59
58
60
60
1081
1081
1087
559
513
583
629
631
191
188
189
1544
1544
1559
1558
1552
1080
1081
1073
1081
1077
1077
1041
1170
1182
1170
1177
1181
1176
1697
1697
1722
1716
1712
1548
1548
1551
1547
1557
1552
1552
1072
1072
1074
1073
1078
1060
1071
1041
1165
1183
1176
1176
1699
1696
1716
1717
1717
1549
1542
1557
1565
1553
1553
1075
1075
1078
1068
1045
1164
1165
1157
1156
1706
1707
1700
1701
1718
1778
1717
1778
1542
1566
1566
1564
1565
1563
1098
1098
1098
1090
1102
1069
1047
1166
1167
1153
1159
1704
1704
1707
1704
1706
1711
1788
1789
1782
1782
1605
1563
1099
1091
1138
1137
1137
1069
1162
1161
1163
1154
1153
1705
1791
1790
1789
1781
1781
1776
1780
1602
1605
1606
1606
1607
1615
1144
1143
1138
1278
1231
1229
1229
1231
1225
1234
1239
1238
1764
1791
1785
1781
1602
1606
1615
1614
1608
1145
1145
1144
1142
1139
1279
1278
1230
1231
1226
1223
1234
1235
1236
1237
1784
1785
1747
1617
1627
1610
1611
1609
1145
1145
1141
1139
1274
1276
1277
1273
1221
1245
1235
1246
1945
1749
1749
1746
1617
1621
1611
1626
1629
1625
1149
1131
1148
1131
1275
1274
1272
1272
1220
1221
1244
1246
1246
1945
1750
1750
1622
1621
1620
1621
1627
1629
1631
661
661
662
662
656
761
738
759
758
758
255
193
200
94
90
90
91
121
123
641
661
660
657
657
743
739
738
738
753
758
756
244
245
203
96
90
88
77
121
122
641
666
666
667
667
740
705
741
710
754
242
242
245
211
97
97
76
77
122
114
640
669
705
707
709
242
243
212
229
229
11
10
12
77
30
14
30
115
649
653
653
646
653
669
730
707
706
708
215
213
213
228
210
20
8
9
12
13
31
655
652
518
573
573
589
707
605
603
230
603
145
231
149
171
171
21
39
28
545
551
551
575
519
573
588
585
587
605
602
601
144
145
144
170
171
169
170
168
24
27
39
38
547
545
545
545
574
517
591
585
587
187
186
185
161
161
25
160
54
63
56
62
547
546
544
559
558
590
591
579
580
625
627
186
186
163
55
49
63
62
1085
1084
1085
1087
1086
1040
578
578
581
630
1723
190
1721
162
1538
1539
1559
60
1559
60
1086
1087
1087
1042
1042
1182
1180
1181
1696
1722
1723
1722
1721
1536
1541
1557
1556
1072
1077
1044
1045
1045
1041
1183
1183
1180
1180
1686
1696
1722
1720
1725
1542
1540
1567
1565
1564
1556
1072
1078
1053
1046
1046
1164
1157
1709
1707
1707
1711
1710
1726
1727
1783
1543
1542
1567
1565
1561
1090
1090
1114
1165
1196
1709
1709
1788
1726
1726
1783
1604
1561
1560
1561
1088
1115
1047
1113
1163
1163
1199
1153
1196
1789
1789
1761
1781
1782
1782
1656
1605
1606
1605
1615
1141
1143
1143
1138
1278
1231
1229
1223
1232
1239
1767
1785
1765
1761
1657
1613
1613
1613
1615
1141
1142
1143
1279
1121
1265
1228
1229
1235
1233
1234
1239
1741
1233
1740
1764
1746
1760
1744
1659
1627
1613
1612
1130
1129
1121
1120
1121
1274
1274
1278
1266
1268
1222
1245
1245
1243
1233
1240
1734
1748
1747
1745
1745
1745
1746
1618
1626
1627
1625
1624
1631
1131
1130
1131
1120
1275
1273
1269
1222
1245
1244
1749
1749
1241
1751
1751
1746
1619
1618
1619
1625
1633
1241
193
683
673
672
674
672
675
678
743
739
737
744
759
193
195
200
200
207
200
101
101
101
127
122
120
123
674
674
698
698
739
743
739
737
736
757
758
194
203
202
100
105
121
119
120
641
641
666
697
697
697
699
742
742
736
757
192
203
202
211
97
97
119
114
114
115
648
649
649
651
690
690
731
731
731
710
722
711
711
711
214
209
208
211
210
211
11
96
11
12
12
118
114
651
648
650
690
728
731
710
708
708
214
215
213
209
10
11
9
13
14
14
14
15
15
550
568
575
573
589
586
729
707
603
213
145
146
212
149
148
129
2
8
32
39
38
551
548
570
574
571
572
589
603
633
146
146
146
151
149
128
129
129
1
26
54
37
39
551
548
549
574
574
591
587
615
587
624
624
147
147
150
131
151
130
142
54
55
54
50
63
1084
1028
578
591
576
581
625
626
624
627
186
138
143
143
142
53
51
61
1085
1029
1029
579
578
577
576
1203
625
1203
627
1686
627
626
1683
1683
1681
143
1721
140
1537
1539
1538
1539
1585
61
1037
1029
1041
577
1202
1202
1687
1682
1683
1721
1724
1536
1539
1536
1541
1584
1079
1037
1044
1055
1054
1042
1043
1043
1210
1210
1182
1209
1209
1183
1687
1686
1687
1724
1725
1724
1543
1540
1593
1592
1595
1079
1090
1053
1052
1045
1046
1211
1208
1180
1687
1709
1708
1711
1726
1724
1727
1577
1573
1567
1592
1594
1092
1093
1114
1046
1190
1198
1198
1197
1671
1711
1573
1572
1597
1561
1594
1597
1088
1089
1088
1091
1115
1115
1113
1188
1189
1199
1199
1198
1199
1196
1196
1670
1671
1767
1766
1767
1762
1762
1657
1604
1663
1653
1089
1088
1115
1112
1265
1264
1217
1216
1217
1219
1219
1737
1737
1766
1765
1761
1656
1657
1650
1652
1652
1140
1141
1122
1123
1123
1267
1223
1217
1232
1233
1742
1741
1740
1764
1745
1765
1763
1761
1636
1658
1658
1658
1640
1653
1121
1129
1122
1266
1123
1271
1266
1243
1242
1734
1734
1754
1751
1744
1618
1635
1635
1632
1633
1641
1128
1129
1129
1127
1270
1269
1271
1269
1268
1243
1243
1242
1240
1735
1754
1754
1637
1618
1637
1634
1633
1632
1643
1127
675
205
673
672
678
675
751
751
744
750
744
745
193
195
195
201
205
102
101
105
127
127
126
683
672
680
681
703
698
749
743
742
749
746
756
199
201
207
207
98
99
104
119
121
122
687
681
696
697
698
699
740
748
741
747
747
757
199
203
218
98
98
99
118
112
650
689
690
731
729
733
722
723
208
209
217
6
119
7
117
113
649
651
651
688
691
691
730
728
734
723
214
214
217
217
2
34
565
569
569
569
621
621
620
727
157
159
159
135
3
1
1
32
33
35
550
565
571
571
571
623
621
617
615
614
633
157
128
129
1
52
36
37
37
548
548
570
617
615
633
638
639
156
157
151
154
149
131
130
130
53
53
53
45
45
37
45
549
1039
1031
590
616
636
636
638
638
638
150
153
151
141
143
141
52
51
50
1038
1039
1028
577
576
637
1685
1683
1688
140
141
49
1587
51
1585
1036
1036
1026
1027
1026
1203
1203
1684
1685
1685
1680
1680
1681
1688
1536
1537
1586
1586
1587
1585
1584
1034
1035
1055
1055
1043
1210
1209
1200
1677
1676
1693
1695
1695
1579
1575
1593
1594
1595
1034
1053
1053
1054
1049
1210
1211
1209
1195
1194
1668
1669
1693
1693
1695
1577
1579
1572
1592
1592
1596
1594
1092
1093
1048
1048
1189
1195
1195
1195
1670
1668
1669
1692
1771
1573
1573
1574
1597
1104
1119
1112
1118
1113
1189
1189
1190
1193
1193
1197
1192
1671
1736
1666
1772
1773
1773
1770
1656
1574
1663
1650
1655
1597
1654
1104
1105
1106
1113
1188
1264
1216
1218
1737
1737
1743
1767
1763
1773
1659
1658
1651
1652
1654
1106
1132
1110
1106
1266
1263
1264
1265
1263
1217
1218
1741
1742
1763
1755
1763
1662
1651
1640
1640
1652
1133
1133
1123
1125
1271
1267
1248
1253
1243
1742
1732
1733
1752
1755
1637
1636
1635
1640
1643
1134
1133
1127
1270
1271
1257
1249
1248
1251
1250
1248
1250
1732
1733
1754
1753
1753
1638
1634
1633
1643
1735
751
680
679
197
195
194
197
205
205
107
102
106
104
105
127
124
683
703
703
749
701
746
746
745
197
198
102
103
105
111
116
112
681
681
700
701
701
749
722
721
720
199
218
98
110
111
116
687
685
687
687
689
695
733
734
721
721
223
218
6
117
113
684
686
568
689
695
735
734
722
721
222
216
2
217
6
5
33
35
564
565
563
694
621
694
614
734
727
159
2
5
4
33
35
567
567
562
561
623
622
622
615
613
613
612
157
159
135
135
0
43
36
566
561
617
609
609
633
156
154
133
130
137
44
567
560
617
618
636
636
635
153
139
139
137
49
46
45
1038
1038
1024
1026
1027
1206
1205
639
152
153
1689
138
139
1581
140
1586
46
1038
1036
1036
1026
1207
1206
1200
1684
1685
1681
1688
1691
1690
1581
1586
1585
1591
1034
1033
1214
1201
1201
1677
1676
1689
1694
1583
1576
1578
1589
1589
1095
1034
1035
1050
1051
1050
1049
1213
1049
1678
1678
1677
1669
1673
1695
1577
1578
1588
1598
1094
1095
1119
1049
1213
1191
1186
1193
1667
1667
1665
1775
1693
1771
1575
1570
1599
1599
1599
1119
1118
1117
1191
1193
1667
1667
1664
1772
1775
1570
1571
1568
1568
1655
1654
1104
1106
1262
1260
1218
1218
1739
1738
1774
1774
1661
1663
1649
1654
1109
1108
1107
1258
1263
1260
1261
1253
1253
1742
1743
1729
1661
1662
1651
1644
1651
1641
1132
1263
1257
1248
1252
1253
1731
1730
1733
1735
1759
1639
1645
1647
1635
1644
1134
1125
1127
1256
1251
1250
1732
1730
1752
1753
1758
1639
1646
1642
1642
1249
680
679
751
746
109
124
682
745
102
110
703
700
701
726
103
733
725
222
219
117
113
685
563
733
223
219
6
34
695
222
216
41
35
565
562
622
613
156
133
135
5
47
561
618
609
611
613
635
155
154
133
48
43
1031
561
1025
608
634
139
1030
1024
634
137
1591
46
1033
1215
1214
1205
1689
1691
1691
1690
1032
1050
1212
1213
1206
1201
1678
1674
1578
1582
1095
1665
1673
1673
1768
1577
1578
1582
1589
1117
1186
1186
1664
1569
1598
1119
1185
1186
1666
1769
1769
1568
1109
1117
1261
1738
1775
1770
1568
1651
1110
1108
1262
1260
1739
1729
1756
1661
1645
1644
1109
1260
1255
1728
1759
1638
1125
1255
1759
1646
682
207
106
108
199
689
695
726
7
158
134
3
566
563
610
609
47
637
46
1590
1024
1590
1050
1033
1204
1675
1581
1679
1583
1116
1599
1570
1105
1187
1757
1661
1759
1647
1257
1250
204
109
197
108
685
677
116
198
40
732
692
735
5
619
133
137
49
1207
1205
1674
1589
1051
1213
1582
1570
1104
1187
1769
1190
1739
1649
1184
1729
1729
1258
1254
1731
1757
1639
1642
679
107
725
218
110
111
684
222
610
40
619
132
42
566
611
632
612
153
634
1204
1674
1673
1664
1664
1107
1775
1257
1756
1644
1258
1730
1753
677
724
725
196
109
726
720
692
41
562
622
155
43
136
1031
1031
634
1691
1581
1591
1033
1214
1678
1095
1191
1185
1094
1117
1185
1571
1259
1124
1124
1255
1730
1758
677
724
1428
1428
125
702
702
206
1415
693
221
221
41
610
619
611
1025
43
1024
1675
1215
1215
1675
1580
1207
1583
1672
1768
178
1679
1569
1648
1771
1111
1111
1259
1660
1648
1259
1255
500
676
1428
220
125
125
1415
1415
693
220
693
1135
1151
1135
857
155
1150
1126
480
857
1289
1462
857
1135
1111
1135
654
1462
676
