1408
561
284
285
273
273
559
560
562
621
266
264
557
636
637
637
625
618
617
321
278
278
566
566
636
629
194
277
266
267
267
567
569
617
197
258
235
235
570
571
569
686
685
616
192
259
235
234
571
597
686
245
245
245
234
600
601
600
597
598
685
684
701
699
181
244
242
228
229
601
598
690
700
177
176
248
248
243
228
594
614
689
688
687
700
179
179
857
832
834
594
1287
843
857
857
835
834
834
1288
1389
856
854
854
835
1393
842
848
853
853
826
828
828
1265
1391
1391
1388
747
841
848
825
1255
1255
1274
1391
1380
1382
1382
1382
747
747
849
812
812
1243
1244
1273
1273
1375
1381
1381
746
746
803
1247
1357
731
731
811
779
1244
1346
1355
1346
1356
1355
1358
1358
741
739
736
736
780
1242
1358
741
728
734
771
771
780
778
778
1241
1350
1348
1348
1361
1361
324
324
324
326
326
326
285
285
283
283
274
273
264
265
560
560
559
562
561
561
634
633
634
637
621
626
626
325
326
284
284
284
279
283
265
264
560
557
557
564
562
565
562
637
621
625
626
626
324
321
321
320
278
277
273
268
266
264
268
556
550
557
557
567
566
563
636
630
629
617
618
618
197
197
194
194
279
277
266
268
267
553
550
570
570
566
635
631
629
629
617
197
197
193
193
193
192
258
259
233
233
232
550
232
550
569
686
685
628
628
616
176
195
258
258
244
259
235
235
234
601
551
599
571
597
571
569
686
685
701
703
616
699
698
184
181
183
181
192
244
245
230
234
601
601
599
598
614
597
682
684
690
703
700
703
699
178
181
183
248
246
246
229
230
230
600
601
595
596
614
687
690
690
703
697
700
179
180
180
248
248
248
243
249
243
229
230
602
602
594
595
594
612
689
687
692
688
697
697
696
700
180
179
249
242
832
228
833
835
835
817
1288
612
689
688
689
688
687
1396
697
700
1387
843
845
856
857
857
855
854
855
875
831
832
831
835
834
1287
1291
1288
1287
1287
1292
1394
1265
1293
1396
1394
1390
1389
842
843
856
839
852
854
831
833
829
828
828
1291
1254
1254
1275
1275
1265
1393
1265
1392
1390
1390
1389
842
843
841
853
853
825
825
829
828
1254
1255
1275
1274
1266
1393
1393
1393
1380
1388
1388
841
848
849
850
804
826
813
829
829
828
1243
1275
1274
1274
1379
1375
1382
1380
1382
747
747
745
849
847
850
850
851
804
813
812
810
1272
1273
1273
1375
1376
1381
746
746
745
731
849
803
811
812
810
810
1243
1246
1246
1245
1247
1344
1356
1357
1356
1357
1358
1381
1359
745
740
741
731
732
735
735
811
811
809
779
1244
810
1247
1246
1247
1345
1345
1357
1360
1360
740
730
730
730
733
735
771
780
779
779
1242
1242
1247
1345
1346
1348
1355
1349
1355
1360
1363
739
741
729
729
729
736
736
734
771
780
780
778
1241
1241
1352
1348
1362
1362
1363
1363
1363
1363
741
285
634
328
325
327
285
285
280
274
274
272
559
560
532
558
558
565
565
632
634
621
622
626
626
325
322
326
326
319
278
276
279
282
283
271
274
271
269
265
560
555
557
565
565
633
633
622
625
624
620
322
323
319
275
279
279
270
271
265
554
555
553
554
554
556
556
563
568
636
635
630
620
620
197
323
321
320
196
320
275
268
267
554
551
552
567
635
631
631
631
627
620
619
195
196
193
194
191
191
262
263
260
260
232
231
551
551
583
570
683
631
683
628
628
616
196
192
262
263
260
259
263
235
231
599
596
615
682
684
702
698
184
184
252
263
229
227
599
596
615
615
615
682
682
684
702
183
178
183
182
247
252
252
247
250
246
244
602
603
595
598
614
610
692
692
693
692
693
694
702
695
180
177
177
247
249
250
246
243
227
226
226
603
604
604
595
612
611
611
610
691
697
696
696
177
855
249
875
832
226
816
818
612
612
1289
610
691
1396
696
1387
845
845
856
855
876
875
831
816
817
818
1291
1288
1297
1296
1294
1294
1294
1293
1396
1396
1390
846
846
846
839
852
874
830
830
835
814
1291
1256
1296
1292
1266
1293
1392
1392
1390
1389
842
846
846
839
839
840
848
840
852
806
826
827
1257
1254
1275
1266
1266
1391
1378
1392
1390
1405
841
836
847
850
807
826
827
827
1255
1271
1271
1270
1377
1379
1385
1385
744
851
851
806
813
805
813
808
808
1272
1272
1270
1377
1379
1380
1376
1385
743
740
717
744
744
732
804
804
803
813
809
809
1243
1244
1250
1245
1272
1344
1376
1376
1354
1383
1384
740
743
743
744
733
733
735
773
772
776
809
1249
1246
1245
1344
1346
1356
1354
1359
1359
1359
737
737
733
770
770
776
775
1240
1239
1239
1345
1239
1343
1349
1353
1353
1360
738
738
738
738
730
728
729
729
729
734
734
770
770
777
777
1240
1241
1238
1350
1242
1352
1351
1349
1351
1349
1349
1353
1362
1363
1352
1347
1353
327
281
634
329
328
328
328
327
282
282
282
280
271
272
272
532
532
530
530
564
565
632
633
623
623
622
623
622
624
624
322
329
282
276
280
269
269
269
531
555
529
531
529
564
632
643
623
624
323
323
319
320
319
276
276
270
270
271
286
554
555
552
567
564
633
643
630
645
630
652
619
620
322
315
315
314
314
275
275
295
270
232
232
554
553
539
568
568
647
644
645
627
619
619
196
190
191
262
260
237
236
239
552
568
584
683
644
627
638
638
677
195
190
190
262
263
261
237
236
589
589
584
584
583
587
615
585
683
673
674
674
698
184
185
182
188
191
182
263
254
261
261
236
236
588
596
584
586
701
672
674
702
185
186
186
182
252
254
225
225
226
603
227
604
606
613
613
613
692
694
693
694
695
698
178
178
186
210
251
251
251
225
227
227
226
603
604
606
610
692
691
694
695
695
209
212
209
210
209
876
876
823
816
817
818
606
611
605
611
1297
1294
691
1395
1386
1387
1386
844
844
838
874
875
823
823
814
817
818
1289
1289
1296
1297
1294
1293
1318
1403
1386
1395
1387
845
838
840
840
874
824
815
814
1291
1290
1290
1290
1296
1295
1267
1294
1319
1395
1395
1405
1405
837
837
872
873
830
822
827
822
1290
815
1258
1257
1257
1256
1267
1269
1268
1378
1402
1407
1405
837
840
836
851
872
806
807
807
815
1257
1263
1270
1268
1379
1378
1385
1385
717
717
742
719
847
805
807
805
808
795
1250
793
1264
1271
1272
1268
1377
1378
1383
1384
1384
717
719
744
742
742
732
851
772
805
772
813
808
1250
1250
1272
1334
1377
1332
1383
743
742
727
732
733
785
773
775
1249
1237
1249
1248
1342
1343
1343
1343
1354
1354
720
737
726
727
727
773
773
772
776
775
1237
1239
1239
1342
1342
1343
1347
1332
1360
1324
738
737
726
726
728
774
774
774
777
777
1240
1238
1238
1350
1352
1351
1347
1351
1347
1349
1322
1323
1324
1324
727
1324
311
329
310
329
331
281
281
280
293
307
306
532
532
531
530
537
546
546
546
656
654
659
659
659
650
311
310
327
313
310
294
293
307
307
307
286
306
529
531
528
549
546
549
547
648
659
653
650
316
313
313
346
294
294
296
288
287
286
528
528
547
547
540
547
647
648
643
645
652
653
653
317
317
313
314
348
295
288
287
528
540
541
539
646
644
638
653
651
187
187
315
190
314
348
348
295
288
288
239
237
239
552
539
539
542
587
646
585
644
645
673
673
649
677
187
187
189
188
189
189
257
255
261
238
237
241
590
590
589
586
587
585
663
663
672
673
675
676
677
185
188
189
257
257
256
254
222
238
589
588
590
588
593
586
586
613
664
675
664
675
676
185
186
252
254
253
224
222
577
608
609
662
669
674
679
212
213
210
218
251
223
223
222
221
220
577
605
606
605
608
609
670
670
679
679
679
212
213
213
210
878
879
223
221
221
221
578
605
607
607
607
1295
1315
670
1318
670
670
681
1398
867
867
868
859
876
878
823
824
824
816
1278
1278
1295
1281
1297
1283
1315
1319
1403
1318
1386
1398
863
868
868
859
874
873
877
824
822
819
1278
1289
1295
1314
1319
1319
1404
1404
1403
1404
1400
837
836
863
838
871
872
873
873
873
873
822
815
1256
1256
1258
1267
1269
1402
1407
1407
1406
1399
1407
715
718
836
838
872
806
801
801
802
796
793
793
1258
1263
1264
1269
1268
1369
1406
1370
1407
1407
1399
718
718
784
795
796
793
1250
1261
1270
1264
1262
1334
1369
1369
1372
1374
1384
1374
719
719
725
723
784
784
782
795
795
796
796
792
1248
1248
1253
1251
1334
1335
1334
1331
1373
1373
1373
720
723
723
723
785
785
783
756
752
794
1249
1252
1251
1335
1334
1332
1331
1320
1321
1323
1373
720
704
713
785
785
763
774
760
776
750
1232
1232
1237
1237
1342
1341
1332
1323
1322
1323
705
705
704
714
714
761
763
762
777
759
750
1232
1232
1238
1339
1350
1340
1340
1322
1324
714
335
650
312
312
335
310
332
291
291
305
299
300
305
307
304
304
306
530
538
537
546
545
656
655
659
656
659
658
658
311
312
311
331
331
293
292
293
300
535
538
537
549
549
545
548
656
656
655
653
650
316
316
337
331
330
294
292
296
289
292
307
287
529
540
548
648
648
643
648
652
653
318
318
315
317
346
347
346
348
296
296
295
290
290
290
287
535
534
540
647
541
641
641
642
639
318
318
317
345
347
351
255
240
240
533
540
543
543
646
642
642
639
651
678
200
215
347
256
255
255
240
241
241
590
590
591
583
587
543
663
663
672
671
675
188
202
215
215
238
238
241
590
580
588
593
593
592
664
664
662
664
672
671
676
677
211
211
215
216
257
253
253
222
220
220
593
580
577
573
592
662
662
668
668
680
681
676
680
212
211
216
218
218
224
220
579
575
608
609
608
609
669
670
669
681
681
213
866
218
217
879
224
879
221
579
578
575
1282
607
1283
1315
1315
681
1397
867
868
868
859
879
820
820
820
819
578
1278
1282
1281
1283
1316
1317
1317
1318
1317
1298
1398
1398
865
864
868
863
859
878
858
878
877
877
821
820
819
1279
1279
1281
1283
1314
1316
1317
1403
1397
864
863
861
858
870
869
802
798
1258
1260
1263
1269
1267
1314
1402
1404
1401
1401
1401
1399
715
861
871
869
801
802
801
802
1261
1261
1260
1264
1263
1370
1406
1399
1401
716
716
725
718
789
871
869
781
795
800
792
797
1261
1262
1369
1371
1371
1372
1365
1374
716
721
725
725
724
786
782
781
782
757
781
758
795
794
1253
1252
1251
1335
1335
1337
1372
1374
1374
722
721
722
724
713
784
760
756
756
752
794
1253
1234
1251
1252
1333
1331
1320
1321
1321
705
708
704
713
783
763
762
760
756
751
759
752
1234
1235
1341
1336
1340
1320
1330
1321
705
707
704
708
713
712
761
714
761
762
763
760
759
751
750
1236
1236
1235
1236
1235
1341
1341
1340
1322
1327
1326
1326
1339
312
309
336
337
335
332
333
332
299
300
301
304
304
303
538
537
536
545
654
654
402
658
658
657
657
657
400
339
309
337
337
330
291
299
298
298
297
300
304
303
538
544
545
407
407
402
657
400
400
316
339
343
340
330
292
330
290
297
128
534
535
535
534
548
548
648
410
655
652
651
398
343
344
344
346
350
350
296
289
290
126
126
533
534
542
541
640
541
641
640
642
639
651
396
201
344
345
345
347
351
351
351
289
125
123
290
240
129
129
533
542
543
543
640
641
639
362
362
649
201
345
202
200
349
349
351
132
238
143
143
591
517
591
517
543
585
661
641
671
678
678
361
202
202
200
214
256
256
136
132
132
144
580
591
592
592
661
660
660
671
357
678
206
206
208
216
216
214
253
135
132
133
580
581
573
572
572
665
666
667
666
680
374
208
213
219
217
217
224
135
139
138
133
582
579
582
576
572
661
665
665
667
667
213
866
219
219
219
938
223
971
135
139
139
579
578
574
574
576
575
575
1282
1316
669
1302
681
865
928
866
858
859
971
877
139
819
1279
1280
574
1276
1282
1312
1397
1301
865
865
864
926
862
858
972
972
821
969
1280
1277
1277
1281
1284
1312
1316
1313
1313
1310
1309
1298
1400
1397
1400
864
862
862
870
821
821
798
1279
1260
1276
1284
1313
1314
1366
1401
1401
860
860
861
862
789
870
870
800
799
798
799
798
1261
1259
1309
1370
1366
1368
716
715
789
791
791
800
797
1261
1259
1262
1262
1333
1371
1370
1365
1364
721
722
724
788
790
788
790
782
758
757
758
755
794
792
1100
1252
1335
1333
1333
1371
1372
1337
1365
1328
721
722
707
724
787
786
786
783
757
758
754
755
752
1104
1253
1108
1337
1338
1338
1330
1328
1329
1329
708
707
711
711
783
763
751
766
751
752
1234
1104
1104
1121
1120
1338
1338
1336
1330
1330
1328
1326
708
708
712
712
710
761
762
769
765
766
766
751
1236
1234
1235
1120
1339
1336
1336
1325
1327
1327
767
334
302
308
336
336
334
334
333
299
301
301
302
303
538
538
536
544
417
417
417
402
405
400
404
404
309
340
338
336
340
333
333
298
298
297
303
128
509
508
417
415
408
410
399
403
399
400
400
339
339
342
342
340
122
297
128
128
126
509
510
524
510
408
408
410
410
410
399
399
396
342
341
341
343
350
343
350
124
125
131
523
524
524
408
411
397
198
198
344
351
82
86
123
125
125
129
129
517
519
520
521
520
641
362
358
362
361
199
199
202
200
349
349
85
124
151
151
151
151
144
143
518
519
521
521
521
661
359
358
362
202
201
203
214
85
87
136
144
144
518
474
467
661
465
666
360
208
208
208
203
214
76
72
136
133
133
582
573
573
475
474
666
667
374
377
377
375
374
208
207
207
203
217
135
135
138
137
581
576
576
470
470
665
378
374
375
207
927
207
219
937
939
938
134
970
138
139
139
137
582
582
576
1286
473
1307
1308
1304
1304
1302
1302
1301
928
936
936
928
935
937
939
938
971
971
970
969
969
1192
576
1277
1286
1308
1286
1310
1303
1298
1304
1299
1301
1302
926
928
936
938
972
970
974
1208
1286
1286
1312
1312
1303
1298
887
926
887
936
862
945
972
970
969
988
988
1277
1276
1200
1286
1284
1312
1311
1313
1310
1310
1309
1367
1367
885
887
886
862
886
791
869
983
989
799
1194
1259
1141
1311
1311
1140
1366
1367
1368
1368
885
885
788
789
791
979
791
981
800
986
986
799
797
1100
1101
1101
1143
1141
1138
1365
1364
1364
888
788
788
787
790
790
753
757
753
754
755
755
797
1104
1101
1119
1119
1142
1141
1068
1365
1329
916
722
787
768
764
755
755
749
1104
1104
1121
1121
1338
1338
1071
1329
1328
917
917
711
707
710
765
764
749
749
1108
1120
1121
1116
1071
1330
1330
1060
707
706
711
711
709
769
769
769
766
766
748
748
1110
1110
1109
1110
1120
1117
1116
1066
1325
1058
1325
1059
706
766
1327
112
506
308
308
338
334
334
119
120
301
119
302
302
113
112
507
507
507
416
416
403
405
405
406
405
404
308
308
340
39
334
119
120
120
113
113
128
113
512
510
509
508
417
415
407
403
406
342
340
40
38
42
121
127
127
127
513
512
509
510
508
413
410
411
411
411
397
398
398
7
7
341
43
42
42
122
121
122
131
131
131
523
523
523
524
522
409
409
401
353
358
355
396
198
341
6
82
82
82
86
124
125
124
125
130
130
517
526
522
464
359
362
361
360
199
199
6
85
86
87
87
152
152
146
147
145
518
518
520
521
520
464
466
465
359
358
361
204
204
77
77
78
87
87
87
152
152
147
518
475
463
466
465
468
467
379
359
357
360
204
205
204
203
75
74
72
71
134
147
475
475
474
467
470
378
376
205
205
76
76
73
72
134
141
582
477
476
476
473
474
471
472
377
377
927
205
937
939
73
73
134
140
137
137
141
142
581
477
473
1307
1308
1306
1305
1304
1304
1301
927
934
937
939
968
975
975
975
1192
1208
1209
1307
1308
1306
1305
1305
1300
925
925
935
945
968
968
978
975
974
1189
1190
1190
1190
1208
1208
1209
1313
1303
1146
1146
1299
1299
1299
925
936
887
945
943
945
944
983
989
988
1194
1194
1200
1199
1311
1140
1146
1148
1367
887
886
945
981
983
983
989
985
984
1193
1195
1139
1139
1140
1138
1148
1076
1147
1368
1148
889
887
889
888
886
884
979
980
986
986
985
984
1100
1193
1101
1143
1142
1143
1142
1138
1138
1141
1076
1076
1076
916
916
884
884
979
986
1049
1023
1103
1102
1103
1143
1068
1068
1068
1074
1364
917
916
919
787
1051
1049
768
754
1048
1029
1029
1025
1103
1108
1121
1119
1119
1112
1071
1070
1069
1074
915
919
915
710
710
768
1053
768
1053
764
1029
1029
1030
1109
1110
1109
1117
1106
1117
1116
1071
1071
1059
1060
706
913
709
709
709
769
767
767
764
765
1033
749
1028
748
1030
748
1110
1109
1118
1118
1118
1065
1066
1065
1058
1066
1059
1058
1059
1060
1060
506
406
2
35
35
34
38
115
119
120
114
114
114
112
506
507
416
412
414
414
412
412
403
406
406
425
404
40
39
40
38
115
118
118
113
513
111
513
513
511
508
416
414
414
412
401
425
398
425
2
40
39
39
41
42
118
118
127
516
513
512
516
512
514
511
522
413
413
401
396
352
7
6
7
5
43
43
84
43
115
121
131
516
515
527
409
409
368
368
373
356
356
8
8
7
10
5
6
84
83
83
122
153
130
130
525
525
526
527
527
462
369
355
356
356
8
9
77
80
80
78
84
86
83
153
153
148
148
145
146
146
463
466
466
464
379
354
355
354
354
63
65
77
81
78
71
153
149
150
148
147
147
482
482
483
483
467
463
465
379
376
381
382
64
65
75
75
71
72
68
150
150
142
479
483
479
480
472
471
468
469
468
381
378
384
376
64
65
75
73
140
141
142
141
477
477
477
480
480
471
471
472
468
472
378
384
384
383
931
930
929
76
74
70
142
1191
477
476
473
1308
1305
1300
1149
1300
927
930
924
931
933
940
942
968
977
978
975
977
974
1191
1192
1206
1207
1207
1308
1182
1182
1305
1151
1150
1300
924
924
924
934
933
943
941
942
976
977
974
974
1192
1191
1209
1205
1209
1209
1178
1144
1151
1150
1152
925
925
943
944
941
941
982
989
987
1196
1195
1195
1200
1200
1199
1199
1209
1178
1146
1147
1150
1148
1152
890
889
890
890
882
944
944
982
982
987
988
1193
1193
1196
1194
1196
1195
1199
1201
1139
1140
1147
1148
889
882
882
883
884
883
980
981
981
985
987
1197
1197
1195
1137
1137
1134
1139
1134
1134
1077
1076
1076
1075
1073
921
921
920
1051
979
1049
1048
1048
1023
1024
1025
1025
1103
1136
1136
1142
1067
1077
1074
1074
1074
921
923
921
920
919
1051
1051
1052
1049
1048
1031
1024
1031
1027
1027
1102
1111
1112
1067
1071
1069
1072
1072
917
915
918
919
1055
1055
1055
1045
1033
1033
1033
1030
1108
1106
1106
1118
1116
1065
1070
1063
1058
1056
913
913
915
918
1054
1054
1053
1046
1033
1033
1032
1028
1028
1106
1107
1118
1066
1118
1064
1065
1066
1057
1057
37
37
33
37
34
117
117
114
110
110
506
503
501
414
435
436
426
426
423
2
37
35
34
38
117
116
116
116
114
111
111
511
511
500
437
414
436
427
428
425
4
3
41
43
41
115
107
97
107
111
516
514
514
494
494
437
401
371
424
352
2
5
108
108
105
515
515
526
527
522
493
368
369
372
355
371
356
352
9
10
10
7
10
84
83
109
109
104
515
525
485
527
493
464
462
368
373
369
356
9
10
81
81
79
79
109
153
148
146
160
161
526
485
527
462
462
388
354
63
60
61
80
78
81
68
153
167
149
149
147
161
160
482
481
481
483
481
462
469
381
389
388
63
62
65
65
74
71
68
150
149
173
482
480
469
443
381
469
381
384
380
382
64
64
65
57
74
69
69
70
70
174
173
480
480
471
380
380
383
383
931
930
931
929
929
964
70
70
140
175
1191
479
1206
471
1184
1184
1149
384
1149
383
930
933
933
933
942
978
977
973
1191
1191
1206
1206
1204
1184
1183
1149
1151
932
933
940
941
942
942
978
976
973
973
1189
1188
1205
1205
1205
1182
1183
1144
1151
1150
1152
932
934
959
943
963
976
987
1189
1189
1198
1188
1203
1202
1202
1201
1178
1178
1144
1154
1154
890
896
883
982
1009
1198
1198
1203
1203
1202
1201
1179
1147
1145
1154
890
880
883
881
980
980
1011
986
1011
1137
1137
1137
1133
1133
1133
1134
1067
1077
1075
1075
922
882
920
880
1052
1047
1047
1024
1026
1026
1129
1136
1135
1135
1088
1077
1075
1073
1073
922
923
920
1052
920
1052
1047
1047
1024
1027
1026
1027
1129
1027
1129
1136
1111
1135
1111
1088
1063
1069
1073
923
923
918
918
909
1055
1055
1052
1050
1045
1045
1032
1031
1031
1027
1030
1105
1107
1111
1114
1111
1115
1112
1064
1063
1062
1061
1056
1056
913
912
912
907
1054
1053
1046
1032
1032
1030
1107
1107
1012
1105
1114
1115
1115
1064
1064
1062
1057
1012
503
24
36
36
33
36
33
34
93
117
95
90
110
505
503
501
501
502
501
435
434
436
426
423
423
423
36
33
41
31
116
98
97
97
92
92
110
505
504
500
435
436
427
428
424
4
4
35
30
30
32
31
98
98
92
92
504
500
494
492
494
438
427
428
428
424
0
1
4
3
14
30
98
27
107
107
105
105
106
106
514
488
488
493
494
494
493
437
437
372
373
373
364
1
0
10
14
50
108
106
104
106
159
488
485
484
441
441
370
372
370
371
371
364
364
60
15
80
79
79
167
102
109
162
484
161
160
485
484
484
444
441
369
387
389
388
62
61
59
57
59
49
49
167
169
159
161
160
481
444
444
443
442
440
379
387
389
388
62
61
62
57
47
68
69
169
168
168
168
478
159
478
459
461
443
455
440
380
387
389
382
929
954
67
47
66
168
175
174
175
174
479
457
459
453
455
454
395
384
949
940
952
67
67
66
66
990
175
995
175
1230
173
175
1230
1231
1231
453
1187
453
1185
1184
1184
1164
1161
382
950
948
964
67
990
990
1229
1231
1227
1206
1204
1187
1184
1186
1183
1161
934
948
960
960
961
961
964
963
964
994
976
991
994
991
1229
1230
1229
1186
1204
1186
1177
1177
1164
1153
1163
932
896
960
960
959
959
994
993
991
1229
1189
1202
1203
1202
1204
1202
1180
1181
1144
1153
1153
893
896
898
881
993
1010
1010
1009
1198
1197
1181
1181
1145
1154
1153
1159
896
891
891
897
897
898
881
1040
1041
1010
1010
1011
1011
1011
1008
1008
1197
1218
1218
1218
1130
1133
1181
1145
1179
1098
891
897
897
880
1040
1041
1039
1042
1019
1017
1007
1007
1128
1130
1130
1135
1086
1088
1097
1098
1099
922
922
908
908
908
1039
1017
1019
1024
1026
1014
1128
1128
1129
1113
1132
1131
1086
1086
1087
1088
1087
1097
1099
910
912
909
1050
909
1050
1037
1022
1014
1105
1127
1113
1113
1114
1063
1084
1093
1056
1061
1090
912
911
911
910
1054
1046
1037
1046
1045
1022
1013
1013
1012
1125
1114
1115
1085
1062
1084
1062
1061
1061
1057
907
23
502
25
25
23
25
93
94
95
94
90
498
505
498
503
505
502
434
434
433
420
420
420
24
25
24
26
32
31
96
95
97
94
94
91
499
504
496
502
439
435
433
427
426
421
4
3
3
30
31
27
98
96
97
92
89
91
504
500
489
439
438
438
422
424
1
14
11
102
108
100
99
105
488
492
491
438
372
366
363
363
0
1
15
14
51
51
51
102
102
104
104
488
487
447
446
364
18
59
13
49
50
49
51
162
163
164
164
447
447
441
370
385
370
385
60
18
59
59
58
47
50
48
167
169
159
163
447
444
442
440
389
385
386
61
57
58
47
165
166
174
171
163
163
461
461
460
444
458
442
442
387
394
394
386
386
393
60
949
955
46
48
169
170
172
172
171
461
456
459
453
454
455
454
395
393
949
948
954
46
66
170
1221
1231
1228
1187
455
455
1165
395
1161
949
948
958
964
952
997
995
1221
1230
1223
1228
1228
1227
1187
1187
1185
1185
1165
1165
1164
1161
950
946
961
961
964
994
994
991
1225
1224
1227
1227
1176
1186
1177
1156
1163
1163
946
958
957
959
957
963
993
993
992
999
1225
1215
1210
1210
1211
1175
1180
1181
1155
1163
1156
1159
893
893
957
963
992
992
1004
1005
1008
1215
1218
1210
1211
1180
1181
1155
1159
892
893
899
898
881
1040
1041
1003
1005
1009
1008
1006
1007
1215
1216
1220
1219
1219
1167
1179
1168
1170
1145
1098
1159
1098
892
891
899
901
1041
1041
1042
1019
1015
1007
1127
1130
1131
1132
1087
1087
1095
1099
1099
904
910
904
904
1036
1036
1039
1041
1042
1019
1015
1128
1127
1132
1131
1082
1086
1097
1093
1097
1099
912
910
908
909
1038
1037
1020
1020
1014
1015
1126
1124
1113
1085
1084
1083
1093
1093
1089
911
911
909
1038
1038
1037
1021
1022
1022
1022
1021
1013
1124
1125
1085
1078
1085
1084
1092
1092
1090
1123
95
26
26
499
498
495
498
495
495
430
434
430
433
433
421
420
24
32
23
93
28
89
91
499
497
496
439
430
433
432
421
422
20
19
28
28
27
96
89
99
91
499
491
439
431
431
422
20
21
20
20
12
27
101
103
99
100
487
491
446
366
422
21
13
15
15
11
103
103
99
100
487
491
447
447
367
367
367
363
18
18
13
54
51
51
157
158
162
164
445
448
446
367
385
18
18
13
58
54
53
53
165
165
165
156
164
460
450
450
448
394
386
17
58
48
48
166
156
154
461
458
444
451
394
16
56
44
46
170
170
171
461
458
451
451
395
395
393
956
955
952
953
953
997
998
171
172
456
1226
457
452
1172
454
1165
392
950
950
954
962
997
997
997
1223
1223
1228
1226
1173
1173
1173
1185
1162
1162
946
947
962
999
999
1225
1224
1228
1211
1176
1175
1172
1164
1160
895
946
947
958
957
965
967
967
967
999
1225
1225
1210
1213
1176
1175
1174
1156
1157
894
894
898
967
967
992
1004
1009
1215
1006
1220
1220
1211
1167
1168
1168
1156
1158
1159
900
901
901
966
1005
1006
1002
1217
1220
1219
1167
1166
1170
1170
1158
1158
892
899
1040
1043
1005
1016
1006
1216
1219
1132
1081
1166
1096
1094
906
906
899
1036
1043
1043
1044
1019
1016
1016
1127
1132
1081
1083
1095
1095
1096
1099
902
1043
1035
1021
1020
1015
1126
1126
1126
1123
1082
1083
1091
1091
1093
1093
904
903
902
1038
1021
1014
1124
1125
1123
1078
1079
1091
1092
1092
1089
1021
26
23
93
90
432
418
19
90
429
431
32
28
28
101
429
103
89
486
491
418
363
21
54
103
486
445
445
365
11
162
487
365
365
18
56
53
157
156
458
450
449
393
56
46
44
44
157
155
154
460
449
448
391
955
56
953
44
155
458
955
953
172
452
1160
392
956
965
996
998
1222
1226
1171
1171
947
965
967
996
996
999
1225
1224
1175
1174
895
1213
1213
1214
1214
1176
1174
1172
1155
901
1001
1001
1217
1169
1157
900
1004
1005
1216
1212
1167
1170
906
901
1044
1216
1132
1081
1170
1095
905
906
1036
1044
1016
1126
1082
1080
1096
1096
906
1044
1018
1122
1079
1083
902
1018
1078
1090
19
496
429
432
497
12
29
101
366
460
450
449
17
55
158
45
392
166
392
1162
952
1162
958
947
1000
1222
1171
1001
1176
966
1158
1166
894
1002
1082
1081
1079
1096
1035
1020
495
418
496
432
19
22
421
486
366
158
12
158
448
55
458
452
451
953
998
1223
1160
965
966
1169
1169
892
1001
1212
1003
1002
1096
1003
1122
1122
1034
1016
1126
1080
1091
1089
22
430
89
489
429
431
21
486
157
365
54
449
391
16
45
166
156
456
155
998
1224
1213
1217
1217
900
1212
1035
1080
1094
1035
1123
1078
22
88
497
497
418
101
100
12
390
17
53
154
391
452
956
956
155
1171
1172
1160
895
996
1000
895
966
1004
894
901
1004
1166
1034
903
903
1018
1125
1079
22
88
1285
1285
419
29
29
914
1280
52
490
490
390
45
55
45
951
391
951
1222
951
951
1222
1172
1000
1174
1214
1214
390
1002
1169
1157
1212
905
905
1034
1080
1157
1034
1018
353
353
1285
490
419
419
1280
1280
52
490
52
1233
419
1233
833
154
914
914
903
357
852
242
914
1233
905
1233
242
995
176
