1024
244
465
479
478
478
253
252
244
160
420
427
252
241
160
160
161
166
166
471
473
473
240
240
241
174
471
420
421
423
423
249
242
171
506
387
385
385
243
243
242
173
173
171
505
387
385
384
243
219
173
412
386
386
384
223
216
216
219
219
129
129
137
139
408
412
415
395
394
220
218
131
139
480
408
408
415
415
395
221
209
134
134
131
139
480
480
623
792
793
221
788
621
621
623
792
793
793
768
876
621
615
615
793
873
618
621
610
615
795
794
794
783
869
869
872
576
618
579
515
825
781
781
868
874
874
875
875
576
576
542
515
820
825
825
828
828
844
874
859
577
577
541
829
845
539
539
541
819
819
833
845
833
845
856
856
857
589
589
532
533
818
816
856
588
533
533
531
531
818
818
819
816
839
861
861
863
863
464
464
464
465
465
465
476
479
478
479
478
427
427
426
426
253
253
245
244
244
247
247
247
160
161
161
161
464
471
465
479
473
472
479
427
426
252
252
254
255
240
245
244
163
160
160
161
166
471
471
471
470
473
472
420
421
421
421
421
255
251
254
254
254
240
240
174
174
174
170
166
170
505
506
505
473
472
420
420
423
423
251
248
248
242
241
241
175
172
174
171
506
506
505
505
505
504
391
387
387
423
422
249
422
249
242
173
173
170
170
171
482
482
411
387
412
387
386
385
385
217
216
217
243
219
243
209
173
129
137
137
171
138
138
482
482
483
411
411
411
386
384
384
223
217
216
218
209
219
209
129
130
129
139
137
138
482
483
408
410
412
412
394
394
394
223
220
220
218
209
130
130
131
137
141
139
480
481
481
408
409
414
413
415
395
395
394
223
223
221
221
221
214
134
131
131
135
141
141
141
139
480
480
415
415
614
395
797
793
796
796
788
214
134
134
134
135
131
878
141
137
877
616
617
622
623
623
623
615
613
614
614
792
799
792
793
788
789
788
768
788
770
879
770
770
879
878
876
877
616
616
621
620
623
615
615
792
795
795
794
789
789
769
768
783
783
869
783
878
876
876
876
616
621
618
620
610
512
515
795
795
794
781
781
783
783
873
873
869
873
872
872
618
579
610
543
515
515
820
794
825
794
825
781
780
780
868
868
875
874
875
576
577
576
579
579
543
543
543
542
540
820
820
824
828
780
844
868
874
577
577
576
542
542
540
541
821
821
821
825
829
824
829
828
844
844
845
844
847
856
859
859
585
585
585
585
539
541
541
821
541
821
823
824
823
829
829
828
832
833
845
857
857
584
588
585
587
532
532
531
819
819
819
817
816
829
833
833
833
845
861
861
856
857
589
589
588
532
591
533
533
533
530
531
818
817
816
816
839
861
863
863
862
862
862
862
588
476
247
464
464
466
476
476
479
425
427
427
430
426
430
253
253
245
245
247
163
162
162
161
167
464
468
469
466
470
473
476
472
477
478
417
416
416
416
426
252
253
254
245
246
246
175
163
164
167
165
468
468
470
475
472
472
417
417
419
251
250
250
250
251
255
255
254
233
241
175
169
166
165
507
507
507
469
507
470
475
421
423
250
249
248
240
241
172
174
168
169
169
169
507
506
504
504
504
475
391
391
391
391
422
422
249
248
235
242
233
172
172
172
170
171
484
504
411
404
390
391
388
385
384
217
219
208
128
128
136
138
483
486
411
388
389
393
217
217
208
209
208
208
128
129
136
483
481
483
410
410
410
410
414
413
386
388
223
222
220
218
208
214
130
130
128
132
140
140
136
143
481
408
409
409
414
413
413
413
395
393
392
222
222
222
221
214
215
215
210
132
132
140
143
409
622
414
612
614
392
797
796
215
215
768
214
135
879
141
877
617
617
622
622
613
612
612
799
797
789
789
769
771
768
771
770
770
879
878
878
877
616
617
617
619
620
608
615
799
799
791
790
769
769
770
782
864
869
873
877
876
619
617
619
619
620
620
610
611
610
513
515
795
791
790
782
782
864
869
871
870
872
873
618
583
579
543
513
514
820
827
781
778
780
780
868
871
875
872
579
578
543
512
514
512
514
514
826
830
779
779
871
870
870
847
875
583
584
582
577
578
542
540
540
540
514
821
820
824
824
826
830
828
832
847
847
846
859
859
584
584
585
587
538
538
538
531
540
823
823
823
831
831
832
832
847
858
858
859
858
584
587
535
531
531
822
817
817
831
831
832
801
835
838
860
860
857
589
589
589
590
591
591
591
591
532
535
535
530
530
530
818
817
817
801
839
800
839
838
838
838
861
860
860
863
862
839
860
860
466
477
247
467
467
466
467
466
476
477
477
456
425
425
424
430
431
431
228
245
246
224
163
162
162
162
167
162
167
167
468
467
477
474
456
416
416
424
430
431
431
431
229
255
246
179
164
165
468
468
469
469
470
474
474
417
417
417
428
250
255
230
248
230
246
179
175
179
168
164
164
165
511
509
509
475
509
475
475
418
418
419
422
250
248
234
233
233
226
178
168
168
169
169
507
509
508
404
390
418
422
432
249
234
235
233
178
168
180
180
181
484
484
508
404
390
390
389
389
205
205
235
232
235
235
208
232
156
172
136
149
138
484
486
487
486
405
405
405
404
388
388
389
389
205
218
211
211
128
159
159
136
487
487
487
409
402
402
397
393
393
222
393
204
211
211
210
210
132
132
140
142
143
138
481
481
487
400
414
403
413
397
397
393
392
197
222
212
213
135
132
140
143
143
492
492
492
409
400
613
613
612
797
796
785
212
215
212
213
771
881
133
887
885
884
884
638
638
622
613
612
799
798
798
789
785
785
769
771
771
771
879
887
887
885
885
877
638
636
619
611
608
524
799
785
790
785
790
775
769
774
864
864
864
887
885
890
892
619
636
608
609
513
524
524
524
790
791
790
791
778
775
782
782
865
871
890
890
888
581
611
580
611
611
513
513
525
791
824
778
779
871
871
870
889
888
582
582
583
583
578
512
512
516
516
516
826
826
778
779
830
779
865
870
870
888
888
582
582
583
578
580
578
539
536
519
519
516
516
826
830
830
840
847
846
851
587
586
586
538
538
536
529
823
826
803
803
831
835
835
834
834
846
858
595
587
590
587
534
536
529
529
822
802
803
801
801
835
835
834
837
834
858
849
590
590
590
591
535
528
529
528
822
822
800
800
801
800
839
838
837
838
837
837
849
848
849
849
535
849
451
467
448
467
457
477
457
456
456
425
429
430
429
429
429
228
228
224
224
189
224
191
191
191
167
449
448
474
457
448
459
416
425
424
428
428
428
428
431
230
229
228
225
226
179
191
184
165
511
449
448
459
458
458
419
419
419
424
230
230
231
231
231
229
226
178
179
182
185
164
165
511
511
511
509
459
458
419
432
231
234
226
239
178
178
183
185
181
484
485
508
508
509
499
407
390
418
436
432
436
432
234
234
233
239
239
232
232
178
183
180
180
181
181
485
485
485
485
508
405
404
407
390
399
389
432
205
238
205
235
232
202
232
156
156
158
158
149
149
486
486
485
405
405
406
402
399
399
205
204
205
207
200
211
200
203
156
159
159
158
149
486
487
400
402
403
397
398
204
211
203
203
159
158
143
493
493
400
401
403
403
397
397
396
392
197
197
212
212
213
210
133
133
142
142
142
492
493
492
400
627
625
396
396
396
392
196
212
213
213
213
773
881
133
881
133
133
142
884
638
638
639
639
613
625
625
798
798
797
785
784
774
774
774
882
881
881
886
887
885
884
636
638
637
608
608
626
609
523
524
798
784
775
775
883
880
887
886
891
885
890
892
636
637
636
637
611
627
608
609
609
609
524
791
784
775
778
774
865
883
891
890
891
892
890
581
581
581
637
609
513
525
525
525
525
827
813
784
776
778
777
865
865
891
867
889
889
889
581
581
580
526
526
812
813
813
779
811
777
840
867
840
843
889
888
850
605
583
606
586
607
536
518
516
517
517
813
813
810
810
811
811
840
841
840
842
851
851
850
601
586
607
592
537
536
536
517
517
802
810
810
809
834
834
842
846
848
851
851
851
595
595
592
537
537
528
528
529
822
802
802
803
803
801
835
836
846
848
854
848
595
594
592
593
593
534
528
528
529
545
806
803
800
800
805
837
837
855
852
849
593
454
167
451
451
454
448
457
457
456
445
445
444
444
444
440
440
429
429
441
228
225
224
189
189
191
191
190
190
184
449
451
449
455
457
456
445
445
445
439
229
229
229
225
225
227
189
189
190
185
184
449
501
449
459
459
458
458
458
437
446
446
439
230
231
227
176
176
179
176
185
185
510
510
511
501
499
499
499
499
459
460
437
436
436
435
435
434
434
237
226
237
177
177
183
180
510
510
510
496
499
498
407
433
432
238
238
237
239
236
183
183
183
181
148
489
497
497
406
407
407
433
433
433
206
207
238
238
239
236
156
157
157
148
158
495
488
489
406
399
399
399
204
204
204
207
200
202
202
203
202
157
159
158
149
149
495
495
401
401
406
403
402
398
398
398
207
195
197
207
200
203
154
155
155
155
144
144
144
493
494
401
401
401
396
398
197
198
199
203
201
199
152
155
155
145
144
493
639
400
355
625
344
625
396
196
197
198
773
199
773
882
880
145
893
632
639
639
639
624
523
523
523
798
196
787
772
773
773
882
881
880
880
886
886
884
893
633
633
633
637
629
627
626
627
624
625
523
523
522
786
786
775
773
882
882
880
886
893
635
635
637
628
626
520
525
527
784
776
777
865
866
883
891
891
894
894
895
895
581
631
628
520
526
527
526
527
814
814
814
777
777
867
889
895
895
604
605
606
580
630
518
520
518
526
526
812
812
812
811
866
867
843
843
895
895
605
605
606
606
606
607
518
552
518
559
518
519
517
517
813
811
811
841
841
842
843
850
850
601
601
605
607
592
537
552
519
558
544
802
810
807
809
809
841
842
854
854
850
594
595
592
597
537
547
547
559
529
544
545
544
806
804
805
836
836
854
854
848
594
594
593
594
592
597
593
593
537
547
547
547
545
545
806
806
807
804
804
804
805
836
855
855
852
852
852
805
451
450
455
455
454
463
461
462
462
444
444
444
440
440
116
116
116
225
188
188
188
190
190
190
184
184
42
450
450
455
455
461
461
445
447
447
446
447
440
441
125
225
224
227
188
188
185
186
186
500
501
501
503
460
460
461
437
446
439
439
434
231
125
125
227
227
176
189
186
187
187
500
501
503
499
498
460
437
437
436
434
434
434
125
237
237
237
127
176
177
182
182
187
187
491
496
496
496
498
498
498
367
437
338
338
436
433
435
435
206
239
127
236
177
177
182
187
151
187
491
496
489
496
498
365
364
337
337
341
433
206
206
206
120
236
202
157
157
151
148
148
150
488
489
489
497
406
407
346
346
341
341
195
207
200
200
201
154
157
146
146
148
495
494
488
495
489
353
353
345
346
351
195
195
194
194
201
152
152
153
155
144
147
494
495
354
355
355
344
349
349
349
351
193
196
193
199
199
201
152
153
153
145
493
632
354
354
354
729
344
624
344
348
349
196
193
198
198
193
198
199
772
920
152
959
145
632
632
632
629
627
624
624
349
522
786
787
193
787
772
923
893
958
633
632
633
633
629
629
626
624
522
671
787
671
786
772
772
882
880
920
923
921
921
886
894
893
893
635
631
628
521
521
522
522
786
814
776
776
866
883
894
894
894
635
634
631
631
630
628
520
521
521
527
527
521
814
776
866
866
929
931
604
604
630
555
555
527
812
814
808
777
1018
841
867
867
931
931
601
605
606
607
555
603
555
555
558
559
558
561
561
812
808
808
809
1019
841
843
843
983
928
928
600
601
600
607
603
596
553
552
552
558
558
558
564
808
808
809
842
982
982
854
983
853
983
600
601
596
596
551
552
544
545
544
566
807
807
807
1022
1022
976
982
855
855
853
853
853
599
599
597
597
597
551
547
551
546
546
545
566
806
807
804
805
805
836
980
855
853
852
551
463
442
453
453
454
463
462
462
462
447
443
443
441
441
116
116
117
61
61
58
40
40
43
42
42
450
452
452
455
452
463
461
461
447
447
440
441
117
117
61
127
60
62
186
40
43
43
42
500
500
500
502
452
264
446
438
438
439
125
125
124
124
60
126
60
62
62
46
186
47
500
503
502
503
503
503
460
338
339
343
121
124
127
60
62
182
491
490
502
364
367
364
338
338
340
343
343
121
120
120
127
91
177
151
151
150
150
491
490
491
490
497
365
365
337
337
340
340
337
341
342
92
90
90
91
91
154
11
151
150
488
491
356
357
365
364
346
341
341
81
92
90
154
10
154
147
494
488
359
357
355
353
353
347
346
351
195
194
195
81
93
153
153
146
146
147
147
147
359
494
359
357
355
344
345
348
350
192
194
194
85
85
153
145
145
147
721
721
721
354
731
728
728
345
663
348
348
348
349
192
193
192
914
85
914
926
927
959
959
959
958
726
731
731
721
731
729
729
729
729
663
663
661
671
671
192
787
915
923
914
920
920
959
927
940
958
959
726
727
629
729
662
661
670
915
915
914
923
918
921
940
634
727
634
634
629
628
626
662
660
670
670
670
787
916
918
918
923
922
922
921
921
921
938
940
634
739
739
631
631
554
520
662
660
561
815
815
916
918
922
922
938
930
931
931
739
604
630
630
554
554
555
557
560
560
560
560
561
815
815
1018
1017
1019
929
928
928
930
604
603
603
553
553
554
557
559
559
559
564
561
561
1021
1023
1018
1018
1019
1019
983
929
928
602
602
553
553
556
564
564
564
1021
1021
1018
1019
982
983
982
983
991
600
602
602
600
596
546
556
566
566
1021
1013
1022
976
980
982
991
990
600
599
597
596
597
550
551
551
549
546
566
567
1014
1014
1014
1013
1022
1022
976
978
980
991
990
990
599
546
853
442
118
453
453
453
463
267
267
265
443
265
443
442
442
441
118
119
117
58
58
58
40
42
41
40
42
450
453
452
266
463
265
265
443
442
438
439
438
119
117
119
117
61
126
61
46
43
500
452
271
271
264
318
318
318
319
113
115
115
124
126
60
63
63
63
62
45
47
47
280
283
502
271
264
264
339
318
339
319
319
121
120
120
121
127
126
11
63
45
45
11
45
47
490
502
282
367
367
367
366
338
339
339
339
343
343
120
122
122
9
11
151
150
15
280
490
356
366
364
365
364
336
340
342
342
342
121
92
90
91
90
9
9
9
10
15
150
358
358
356
356
361
365
361
347
337
340
342
81
92
92
88
91
10
88
12
10
146
15
358
358
358
357
357
353
347
347
347
351
80
87
93
93
89
12
23
359
359
357
353
352
352
345
350
350
87
86
87
85
84
85
89
22
22
721
721
731
728
352
345
345
350
348
350
350
332
192
86
85
914
926
926
927
957
927
958
720
731
730
728
663
661
661
671
668
915
915
914
925
926
927
957
958
727
727
733
735
662
662
663
661
661
668
668
668
917
917
915
912
923
921
924
941
941
940
941
727
732
732
732
733
735
735
662
660
670
666
917
916
918
918
922
938
938
940
726
732
735
703
703
660
660
560
666
562
1023
919
919
919
939
930
929
938
930
930
738
739
737
738
739
745
745
703
701
562
562
562
1023
563
1023
1017
1017
1017
1017
929
905
981
929
932
932
737
737
744
745
554
557
700
563
1020
1020
1020
1017
981
981
928
932
934
737
737
737
603
553
557
556
556
557
565
565
563
1021
1021
1022
1016
1019
977
981
980
991
934
743
743
602
596
598
550
550
549
548
556
565
567
567
1014
1014
1015
1013
1013
976
976
980
980
991
991
599
743
598
598
550
550
548
549
549
549
572
567
573
567
567
1014
1015
1012
1013
1013
1012
978
978
979
989
978
989
989
990
989
988
118
41
263
263
266
267
266
267
304
317
317
317
317
316
118
118
59
59
57
57
57
56
41
41
41
34
43
266
268
268
267
265
307
317
316
316
312
115
119
114
114
59
58
59
56
56
46
43
46
283
269
268
271
271
271
264
319
319
113
113
115
113
115
115
114
126
59
56
45
47
46
283
282
283
269
270
270
270
270
307
318
319
113
112
122
63
63
11
8
44
45
47
280
280
283
282
282
282
360
362
366
336
336
290
121
123
123
123
122
122
8
8
11
14
14
280
281
360
360
360
361
366
366
362
336
336
331
330
343
330
81
95
88
9
8
13
13
15
15
15
375
358
361
362
361
347
331
334
331
330
330
81
81
83
94
93
88
95
9
13
13
23
23
374
374
356
372
363
352
335
334
333
333
80
93
87
93
89
89
89
89
12
23
23
23
21
374
359
352
323
334
335
333
332
332
86
87
84
84
73
73
73
72
72
22
22
20
20
720
720
723
372
352
323
333
332
86
86
85
926
926
957
957
957
720
720
726
720
730
730
712
663
657
658
658
658
669
640
668
913
912
912
925
925
925
927
942
943
941
724
724
727
724
725
733
730
728
659
659
658
669
669
643
913
913
919
925
924
924
942
941
943
727
725
733
733
735
735
659
659
664
666
667
917
917
916
919
911
919
924
939
942
941
938
943
725
738
738
725
732
734
734
703
701
664
666
666
666
667
667
667
1005
916
1004
904
905
936
937
736
738
744
745
745
734
702
703
703
562
664
667
1005
1005
1004
1004
905
905
904
905
933
933
933
933
935
736
736
744
745
702
700
701
700
565
562
563
563
1020
1005
1016
1016
981
932
932
934
934
736
742
736
747
744
746
746
696
700
557
574
565
574
574
571
1020
1016
1016
977
981
984
932
988
742
742
751
747
747
747
746
548
572
572
574
573
1015
1015
1012
1012
977
979
984
984
989
984
743
743
743
751
749
749
548
548
549
572
573
573
1015
1015
1012
1012
978
979
979
979
985
989
988
263
262
262
263
262
265
304
313
312
312
118
105
110
59
57
57
41
34
34
286
263
269
266
267
304
304
307
305
317
313
312
114
114
110
50
57
56
44
34
35
269
269
268
270
268
307
307
307
316
316
113
112
114
102
50
50
44
44
35
37
286
269
289
288
291
112
112
101
103
103
4
5
5
44
14
7
14
37
287
284
284
283
284
270
297
289
289
290
112
101
101
103
103
8
4
5
6
6
14
281
284
360
362
362
363
336
331
331
123
330
83
83
94
94
95
8
31
14
375
375
373
382
361
363
363
329
329
329
331
330
82
83
83
94
94
95
95
88
12
13
31
31
374
375
372
372
377
363
376
334
334
82
80
84
73
76
12
72
18
21
23
21
374
374
372
372
377
377
377
323
335
333
327
84
84
72
18
17
21
21
722
722
722
722
723
712
323
323
335
332
640
87
912
73
908
908
957
20
949
20
723
723
723
707
712
658
657
669
641
640
640
913
912
909
924
949
949
724
725
730
718
713
713
657
659
669
669
665
643
913
910
910
925
909
942
942
943
943
724
725
718
733
713
656
659
665
665
665
643
911
911
911
904
909
906
936
942
943
766
762
734
702
664
664
667
1005
911
911
904
936
937
937
935
755
763
734
763
702
702
679
701
687
1005
1004
1004
904
905
904
907
936
933
937
935
736
754
744
744
746
702
701
701
571
563
1006
1004
1007
977
986
933
933
974
974
742
742
751
746
746
696
697
700
575
575
574
571
1006
570
1010
1020
1009
999
1009
986
985
984
969
742
740
751
751
751
749
749
696
696
699
699
575
574
575
575
570
570
1011
1009
1009
1009
1008
977
987
987
985
985
988
988
740
740
740
750
749
699
699
572
573
573
1010
1015
1010
1011
1011
1008
979
987
987
985
988
568
105
273
262
263
262
260
260
258
305
305
305
313
313
105
105
110
110
110
110
48
48
48
33
35
34
35
261
261
257
257
305
306
304
313
314
314
312
105
111
111
51
52
34
36
35
286
286
261
256
256
257
256
306
306
313
314
108
111
111
102
50
51
36
36
36
37
287
287
286
285
285
256
306
297
288
288
291
291
291
291
100
102
100
103
102
102
4
50
4
5
6
36
37
287
287
284
278
297
288
290
290
290
100
100
101
103
4
4
5
6
6
7
6
7
7
371
278
382
298
363
329
296
289
289
101
83
64
101
70
94
76
1
5
30
31
31
373
371
373
382
382
383
376
329
328
64
82
82
94
70
77
76
76
0
13
18
30
31
373
373
373
377
376
376
335
328
329
328
328
82
65
71
77
71
77
74
18
18
19
17
21
722
707
322
376
321
335
321
326
326
327
80
75
73
74
72
19
17
20
711
707
707
377
322
322
322
650
326
650
326
641
327
326
641
645
645
74
903
75
908
909
908
949
949
20
711
707
712
322
657
650
641
645
640
902
902
903
908
909
951
948
724
710
718
718
719
719
712
713
713
656
657
657
656
656
642
643
642
902
902
903
909
946
945
945
944
766
766
718
718
713
719
714
656
665
642
643
643
1007
910
910
910
898
906
937
945
944
766
767
762
714
674
679
679
676
665
1007
906
936
955
937
944
955
755
755
755
762
754
762
763
675
675
678
679
679
687
683
683
683
682
1006
1002
1007
999
907
906
936
954
935
755
755
754
763
695
697
697
678
687
687
682
682
682
1006
999
999
961
960
935
974
974
752
754
754
748
748
697
697
687
575
571
569
1006
571
999
1009
998
999
986
986
960
960
960
969
974
750
741
750
748
748
698
696
691
570
1010
994
1008
1011
1008
986
966
968
969
968
969
740
741
750
750
749
698
698
699
699
691
568
568
570
993
1011
1008
965
987
966
987
968
968
971
748
260
106
260
261
258
260
310
310
311
310
315
315
105
104
104
104
106
48
48
52
33
33
33
273
261
273
261
257
309
309
305
309
311
311
315
104
109
109
111
51
51
53
39
33
35
275
272
285
256
257
256
309
309
306
314
311
314
108
111
109
51
50
51
39
37
285
279
279
296
288
294
294
291
99
97
97
3
39
3
39
37
287
285
285
278
297
298
297
296
289
290
100
100
97
97
1
28
370
382
278
383
298
299
298
292
64
64
64
66
1
0
0
30
29
28
371
370
383
383
383
378
298
378
298
302
328
65
70
76
0
19
30
30
30
371
371
383
378
302
320
327
324
65
69
71
71
70
77
77
78
19
19
19
27
27
27
26
371
708
708
379
378
321
326
327
327
324
71
69
71
75
74
74
16
27
17
711
708
707
379
321
321
641
645
903
75
74
16
951
17
948
711
710
704
712
704
649
650
650
641
644
644
644
644
903
903
951
951
951
951
949
948
711
710
719
719
715
715
648
649
652
654
644
902
898
897
946
946
944
945
766
767
762
719
716
714
677
677
677
652
642
642
1001
901
898
898
899
946
946
945
945
944
767
767
716
714
675
677
677
676
683
683
1002
1002
907
907
906
954
955
753
767
761
761
763
675
675
674
678
676
683
685
682
682
681
1002
1002
1003
997
907
954
954
954
975
955
975
753
753
754
763
675
678
678
687
685
681
681
1006
998
998
960
960
972
975
975
752
752
752
759
695
694
695
695
694
690
685
994
569
998
998
997
961
972
969
969
974
741
741
756
756
693
694
690
690
569
569
569
569
993
961
965
966
968
971
971
741
741
750
698
698
693
691
691
691
691
691
568
568
992
965
965
965
966
966
970
971
993
310
272
258
104
104
107
107
106
106
53
49
53
52
52
33
32
273
258
258
310
308
311
315
315
107
109
49
49
52
55
38
38
273
272
257
279
308
309
294
292
293
108
109
49
54
54
39
275
274
275
275
279
297
295
294
293
293
97
96
3
39
38
274
275
278
278
276
296
300
292
292
99
96
1
96
3
2
29
28
370
368
381
276
299
299
303
300
292
65
1
2
2
29
28
370
369
368
380
380
299
299
302
302
302
303
64
70
66
66
0
26
26
368
369
378
378
320
324
65
68
68
77
79
27
369
380
379
379
321
320
324
69
79
78
78
16
26
27
709
708
704
705
705
651
651
324
69
69
900
69
75
897
75
950
25
711
710
710
704
705
648
651
651
645
645
901
900
901
897
950
950
948
764
764
715
649
650
654
654
644
901
896
899
950
947
947
765
764
764
717
717
717
716
715
716
653
652
652
1001
655
898
899
899
947
947
765
765
761
716
714
674
676
676
652
681
1001
1003
1001
1000
953
899
953
955
955
761
761
760
674
676
681
680
680
1003
1003
907
996
953
953
956
956
753
752
695
673
685
685
685
681
1003
998
997
961
972
975
759
758
756
693
695
690
694
684
684
684
994
994
961
961
972
972
973
975
759
694
693
690
690
684
992
992
994
993
962
965
968
967
970
970
759
757
756
693
688
688
568
992
993
964
964
966
967
970
971
689
272
258
310
311
52
32
273
315
49
54
272
279
308
295
49
294
293
99
96
55
38
274
380
296
99
96
3
29
276
99
97
29
28
368
369
299
303
65
78
66
2
26
380
379
379
320
303
325
67
68
78
16
24
708
369
705
320
325
79
709
705
325
79
948
25
709
704
648
651
647
900
900
901
710
717
715
648
648
653
653
655
899
896
765
1001
655
1000
1000
898
952
952
947
760
673
676
655
952
956
761
672
673
680
1001
996
953
758
760
673
680
995
997
953
973
758
759
694
673
684
995
997
963
973
973
758
689
688
995
964
967
757
689
964
967
273
109
53
55
108
279
277
295
3
67
66
1
368
381
300
301
24
320
25
950
704
950
717
764
649
647
896
653
896
760
956
996
753
686
997
996
962
967
689
688
106
55
107
53
274
308
38
108
29
300
276
300
2
381
68
79
16
705
651
654
947
717
674
952
952
753
686
1000
672
686
973
673
995
995
692
684
995
962
967
971
259
53
295
96
54
54
274
99
303
25
381
66
24
369
301
325
303
68
325
651
654
901
652
680
759
1003
693
962
973
693
993
964
259
295
293
107
55
308
293
276
25
368
301
67
24
79
709
709
325
900
897
947
764
648
653
765
672
672
765
760
672
996
692
758
757
688
992
962
259
295
646
646
32
277
277
124
646
277
98
98
25
301
381
301
706
24
706
647
706
706
647
897
653
896
655
1000
123
686
952
963
962
758
757
692
963
963
692
689
216
424
646
98
32
32
646
646
277
98
277
827
586
827
281
67
534
534
220
259
539
598
281
939
757
939
281
635
281
