128
25
48
48
54
54
24
24
25
28
54
54
24
25
25
28
28
28
28
49
48
48
24
25
25
29
61
54
54
54
54
24
25
29
61
57
56
56
24
25
25
29
29
29
61
56
56
56
21
21
29
59
59
58
56
21
21
21
21
21
17
17
17
17
59
59
59
58
58
21
21
16
17
63
63
59
59
59
58
20
16
16
16
17
17
63
63
118
126
126
20
69
118
118
118
126
126
69
69
72
118
125
125
126
74
116
118
125
125
126
126
126
69
74
74
72
118
118
118
125
68
68
68
74
72
72
72
72
118
118
120
121
121
68
65
66
66
72
72
72
118
118
120
65
79
113
113
120
121
65
67
79
67
79
79
79
79
112
112
113
113
121
65
79
112
113
113
121
121
121
121
65
67
67
79
79
79
79
49
49
49
49
49
49
48
48
48
48
54
54
55
55
55
24
24
25
25
25
25
25
25
28
28
28
28
49
49
48
48
48
54
48
54
55
24
24
24
24
25
25
25
25
28
28
28
28
49
61
49
48
48
54
54
54
54
54
54
24
24
24
24
24
25
25
25
29
29
29
28
29
61
61
61
61
54
54
54
54
54
24
24
24
25
25
25
25
29
29
29
61
61
61
61
61
61
57
56
56
56
56
24
56
24
25
29
29
29
29
29
61
61
57
57
59
56
56
56
56
21
21
21
21
21
21
21
25
29
29
17
29
17
17
63
63
63
59
59
59
58
58
56
21
21
21
21
21
21
16
16
16
17
17
17
17
63
63
63
59
59
59
58
58
58
21
21
21
21
16
16
16
17
17
17
17
63
63
63
59
59
59
59
59
58
58
58
20
21
20
20
20
20
16
16
16
16
17
17
17
17
63
63
59
59
126
58
126
126
126
126
69
20
16
16
16
16
16
74
17
17
72
116
116
118
118
118
118
125
125
125
126
126
126
126
126
69
69
69
69
69
69
74
69
69
74
74
72
72
116
116
118
118
118
125
125
126
126
126
126
69
69
69
69
69
69
74
69
74
72
72
72
116
118
116
118
125
125
125
126
126
68
68
68
68
68
74
74
74
74
72
72
116
118
125
125
125
125
126
126
68
126
68
68
68
68
74
74
72
72
72
118
118
118
118
119
119
125
120
120
120
121
121
68
65
68
74
74
72
118
118
118
119
120
120
120
121
121
65
65
65
65
65
67
67
79
79
79
79
79
72
79
118
112
112
113
113
113
120
121
121
121
65
65
65
65
65
67
67
67
79
79
79
112
112
113
113
113
113
121
121
121
65
65
67
67
67
67
67
79
79
79
79
79
112
112
113
113
113
113
113
113
121
121
121
65
65
67
67
79
79
79
79
79
79
79
112
48
25
49
49
49
48
48
48
54
55
55
55
55
55
24
24
25
25
25
25
28
28
28
28
49
49
49
49
48
48
48
54
48
54
54
54
54
54
55
24
24
24
25
25
25
25
28
28
28
28
49
49
48
48
48
54
54
54
54
24
24
24
24
24
24
24
24
27
25
27
29
28
28
61
61
61
49
61
48
54
54
54
24
24
24
25
25
29
29
29
29
29
29
61
61
61
61
61
61
57
57
57
56
56
56
21
21
21
25
25
25
29
29
29
29
61
61
57
57
57
57
57
56
56
21
21
21
16
16
17
17
63
63
59
57
58
58
21
21
21
16
21
16
16
16
17
63
63
63
63
59
59
59
59
59
59
58
21
21
20
21
21
20
16
16
16
16
17
17
17
17
63
63
63
59
59
59
59
59
58
58
58
21
20
20
20
20
20
20
16
16
17
17
17
63
118
59
124
126
58
126
71
20
20
69
20
16
74
17
72
116
116
118
118
124
125
125
126
126
71
71
69
69
69
69
69
69
74
74
74
72
116
116
116
116
118
125
125
126
126
126
69
69
69
69
69
69
74
74
72
72
116
116
116
116
118
118
118
118
125
125
125
126
68
68
68
68
69
74
74
74
72
72
116
119
119
125
125
126
126
68
68
68
68
68
74
74
72
72
119
119
120
125
125
120
125
126
65
68
68
68
74
74
74
74
72
119
118
119
118
119
119
120
120
120
121
121
121
65
65
65
65
67
67
74
79
79
72
79
118
112
112
112
113
113
113
121
120
121
65
65
65
67
67
67
79
79
79
79
79
112
112
113
121
121
121
65
64
65
67
67
67
67
67
78
78
79
112
112
112
112
112
112
113
113
113
113
113
121
121
121
121
64
65
64
67
67
67
67
67
67
79
78
78
78
78
67
78
78
49
48
25
49
49
49
49
49
48
48
48
55
55
55
55
55
55
55
26
24
27
27
25
28
28
28
28
28
28
28
49
49
48
48
55
55
55
55
55
55
55
55
26
24
27
28
28
28
49
49
49
49
48
48
48
54
54
54
55
24
24
26
24
26
27
27
29
27
29
28
28
28
61
49
61
48
48
48
54
54
54
56
56
24
24
26
26
27
27
27
29
29
28
29
61
61
61
57
57
57
56
56
22
26
22
27
27
29
29
29
31
61
61
61
57
57
57
57
56
22
22
21
22
22
22
16
22
16
29
29
18
17
63
63
63
63
61
63
57
57
57
57
56
56
22
21
22
22
16
16
18
17
63
63
63
63
59
59
58
58
58
21
58
20
20
20
20
16
16
16
17
17
17
17
63
63
63
63
59
59
59
58
58
58
58
20
20
20
20
16
16
17
17
17
62
62
62
63
62
124
124
126
126
126
71
20
20
20
20
69
69
16
75
75
73
73
116
116
116
124
124
126
127
127
71
71
71
71
69
69
69
69
75
75
72
75
72
116
116
116
118
125
127
127
127
71
71
71
71
69
69
69
69
75
75
75
72
73
116
116
125
125
125
125
126
127
71
127
71
71
68
68
68
68
75
74
75
73
72
119
118
119
119
125
125
125
127
127
68
68
68
74
74
74
72
72
119
119
119
119
119
120
125
120
120
120
65
65
68
68
66
68
74
74
72
72
72
119
119
119
119
119
119
119
120
120
120
120
120
65
65
65
66
74
78
79
112
112
112
113
113
113
120
65
65
64
65
65
66
67
67
78
78
79
112
112
112
112
113
120
121
121
121
64
64
64
67
67
67
67
78
66
78
78
112
112
112
113
113
121
121
121
121
64
64
64
64
67
67
67
67
67
78
78
78
78
78
78
113
78
49
49
49
49
51
48
48
55
52
55
55
55
55
55
55
26
26
26
27
27
27
28
30
28
28
49
49
48
48
51
48
55
55
55
55
55
55
55
55
26
26
26
26
27
27
30
30
28
49
49
49
51
52
52
52
52
55
55
26
26
26
26
26
26
27
27
27
30
30
28
28
61
60
49
48
51
52
54
53
26
26
26
26
27
27
31
30
30
61
60
60
61
51
60
57
52
57
52
56
56
56
26
26
26
22
22
27
22
27
29
31
31
31
31
61
60
61
60
60
61
57
57
57
57
56
56
22
22
22
22
22
19
19
19
29
29
18
18
31
63
63
61
57
57
57
57
57
56
22
23
22
22
22
22
22
19
19
18
19
18
18
63
63
59
57
59
58
58
23
20
19
19
18
18
18
62
62
62
62
59
59
58
58
58
58
23
20
20
20
20
16
19
16
18
18
18
62
62
62
62
124
124
58
58
58
58
23
20
20
20
20
71
71
16
75
19
19
18
73
116
116
116
124
124
124
124
127
127
126
71
71
71
71
71
71
71
75
75
75
73
73
116
116
116
124
124
124
124
127
127
127
71
71
71
75
75
75
75
75
73
73
73
116
116
116
116
116
124
125
124
125
125
127
127
71
71
70
68
68
75
73
73
73
73
73
119
119
119
119
125
125
127
127
127
127
127
70
70
70
68
68
75
75
75
75
73
73
73
119
119
119
120
120
65
65
70
68
66
66
66
75
75
77
73
72
77
119
119
119
112
112
120
120
120
120
120
65
64
64
65
64
66
66
66
74
78
77
77
77
112
112
112
112
113
123
120
120
120
65
64
64
66
66
66
78
78
77
77
78
77
112
112
112
113
113
123
121
121
121
64
64
64
64
66
66
66
78
78
78
78
112
112
112
113
113
113
123
123
121
122
121
64
64
64
66
67
78
78
78
78
113
51
30
50
50
51
51
51
51
52
52
52
53
53
53
53
53
55
55
53
26
26
27
30
30
30
30
30
30
30
50
50
50
51
51
52
52
52
52
53
26
26
26
26
26
27
27
30
30
30
30
50
50
50
51
51
52
52
52
52
52
52
53
26
26
26
27
27
27
31
30
30
49
60
51
60
51
51
51
51
52
52
52
52
52
53
53
53
53
26
27
27
31
31
31
31
60
60
60
60
51
51
57
56
56
22
22
27
22
27
31
31
31
30
31
60
60
60
57
57
57
56
56
56
22
22
22
22
22
22
27
19
31
31
31
63
60
60
60
57
56
56
22
23
23
22
22
19
19
19
19
19
18
18
18
18
63
62
62
62
57
59
57
58
58
58
23
23
23
23
23
19
19
19
18
18
18
18
18
62
62
62
62
62
58
58
23
23
20
19
19
20
19
19
18
18
18
62
117
62
35
124
35
124
58
23
23
20
71
20
71
71
75
18
73
117
117
117
124
124
127
127
127
127
23
71
71
71
71
71
75
75
75
75
75
73
73
116
116
117
116
117
124
124
124
124
124
127
127
127
70
70
71
71
71
75
75
73
73
116
116
116
124
124
124
127
127
70
70
70
70
75
75
75
73
73
73
73
73
119
117
124
124
125
127
127
127
70
70
70
70
70
75
73
73
73
119
119
119
119
117
124
124
123
120
127
70
70
70
66
75
77
77
77
77
73
119
114
114
119
115
115
115
123
123
123
123
120
120
120
64
64
66
66
78
77
77
77
77
114
114
114
115
115
115
123
123
122
122
64
64
64
66
66
66
77
77
77
77
114
114
114
115
113
123
123
123
122
122
122
122
64
64
66
78
78
76
76
77
112
114
114
114
115
115
113
115
113
123
123
123
122
122
64
64
64
64
64
66
66
78
78
76
76
76
76
66
50
50
50
51
51
51
51
51
52
52
52
53
53
53
12
12
12
26
30
30
30
30
30
30
30
30
5
50
50
50
51
51
52
52
52
52
52
53
53
53
12
26
27
27
30
30
30
30
30
50
50
50
50
51
52
51
52
53
53
53
53
26
13
13
27
27
30
30
30
30
30
60
50
51
51
51
51
52
52
53
53
53
53
13
26
27
27
13
31
31
31
31
30
30
60
60
60
60
51
51
51
33
52
33
33
52
56
53
56
22
22
13
27
27
31
31
31
31
31
60
60
60
60
60
33
33
33
33
32
56
22
22
22
13
22
19
19
31
31
31
31
31
60
60
60
60
57
57
33
32
32
32
23
23
22
22
19
19
19
18
18
18
62
62
62
62
62
34
35
35
32
32
23
23
23
23
19
19
19
19
18
18
18
62
62
34
35
35
35
35
35
35
35
23
23
23
23
19
19
19
19
19
18
62
117
34
34
35
96
35
109
35
35
35
23
23
23
23
23
23
23
71
87
19
87
18
117
117
117
117
124
109
124
35
127
70
70
23
70
71
90
73
87
117
117
117
117
117
124
109
109
127
108
70
70
70
71
71
71
75
90
90
87
86
75
73
73
73
117
117
117
124
127
127
127
70
70
70
70
70
75
75
73
73
117
117
117
117
117
124
124
127
127
127
127
70
70
70
75
75
77
73
119
119
117
124
124
127
70
70
70
70
66
66
77
77
77
77
114
114
115
115
115
115
123
123
122
122
122
122
122
64
64
66
66
66
77
77
77
77
77
77
114
114
114
115
115
115
115
123
123
122
122
122
122
64
64
66
76
76
76
76
76
77
77
114
114
115
115
115
123
122
122
122
122
64
64
64
66
66
66
76
76
76
76
76
76
114
114
115
115
115
115
123
123
123
123
122
122
64
64
64
66
66
78
76
76
76
76
123
51
53
50
50
50
51
40
51
40
52
53
53
53
53
12
12
12
4
4
4
5
5
5
5
5
50
50
50
50
50
51
51
52
40
53
53
53
12
12
4
13
4
4
30
5
5
5
5
50
50
50
50
50
40
52
53
53
53
12
13
13
13
4
13
4
4
4
5
30
5
50
50
50
50
51
51
52
33
32
32
13
13
13
4
4
31
60
60
50
33
33
33
33
33
32
32
32
13
13
13
13
8
31
31
31
31
31
60
60
60
60
60
33
33
33
32
32
32
32
32
32
9
8
8
8
8
19
1
31
31
60
60
34
34
34
33
33
32
32
9
9
8
19
1
19
31
62
62
62
62
34
34
34
35
35
35
23
23
23
9
9
19
19
18
18
18
18
18
62
62
62
34
35
35
35
35
35
23
23
23
9
8
19
18
18
18
102
102
102
34
102
96
96
35
109
35
35
35
35
23
23
23
90
9
90
87
87
87
87
87
87
102
102
102
102
96
96
96
96
109
109
109
108
108
108
23
70
90
90
90
87
87
87
87
87
87
87
102
102
96
96
109
109
108
90
90
90
90
90
87
86
117
102
117
117
117
96
109
109
108
108
108
70
70
90
90
90
90
90
90
86
86
86
86
73
117
117
117
117
117
124
124
109
109
108
70
70
91
90
90
91
86
73
73
73
117
117
117
115
115
105
123
105
127
105
105
122
122
70
70
94
91
77
77
77
77
77
117
115
115
115
123
115
123
122
122
122
122
122
122
94
94
94
66
94
77
77
77
77
114
114
115
123
123
122
122
122
93
94
66
66
76
76
76
76
76
114
114
115
114
115
123
122
122
122
93
93
93
83
76
76
76
76
114
114
115
115
115
115
115
123
123
122
122
122
93
93
93
93
66
93
83
83
76
76
76
76
114
123
76
53
12
50
50
50
40
40
40
40
40
40
53
53
42
53
12
12
12
4
4
4
5
5
5
5
5
50
50
50
47
40
40
40
40
53
42
53
42
12
12
12
12
4
13
4
5
5
47
50
47
40
40
32
32
32
42
12
12
12
13
13
4
4
4
4
4
5
5
5
47
47
50
40
40
40
33
32
32
32
32
12
13
13
13
13
13
1
4
5
5
1
5
5
60
50
47
33
33
33
33
33
33
33
32
32
32
13
13
13
1
1
31
31
1
60
60
45
33
33
33
33
32
32
32
32
32
13
9
8
8
8
1
1
1
1
1
31
62
62
34
34
34
34
34
34
32
32
32
9
9
8
8
8
1
8
1
1
18
1
62
62
62
34
34
34
35
35
35
32
9
9
9
8
8
1
3
62
62
34
34
34
35
35
35
35
9
9
9
9
9
9
8
3
3
102
102
102
96
35
35
35
35
35
35
35
37
23
9
9
90
90
87
87
87
87
87
102
102
96
96
109
109
108
108
108
90
90
90
90
87
87
87
87
102
102
96
96
109
109
109
108
108
108
108
90
90
90
90
90
90
87
87
86
86
86
86
102
102
102
96
102
96
96
109
109
108
108
91
91
90
90
91
86
86
86
102
117
96
105
105
109
108
108
108
91
91
91
91
91
81
86
86
86
73
86
98
117
117
117
117
96
96
105
105
105
108
108
94
94
94
91
91
94
91
81
91
83
81
81
81
114
114
96
96
105
105
105
104
94
94
94
94
83
83
77
81
77
114
114
114
115
96
105
123
122
105
105
104
104
94
93
93
94
83
83
83
83
76
81
114
114
114
115
115
123
97
123
97
123
104
104
104
93
93
93
93
93
83
83
83
76
76
76
114
114
115
115
115
123
123
123
123
123
104
122
104
122
104
93
93
93
93
93
93
83
83
83
76
83
76
76
76
76
76
12
5
47
47
47
40
47
40
40
40
42
42
42
42
12
12
4
4
4
4
4
4
5
5
5
7
5
47
47
47
40
40
40
42
42
42
42
12
12
12
12
4
4
4
4
4
5
5
5
47
47
47
47
40
40
40
42
42
12
12
12
12
12
13
12
13
4
4
5
5
5
47
47
47
47
47
33
33
40
40
32
32
12
12
13
4
4
1
1
5
5
5
47
45
47
45
47
47
33
33
33
32
32
32
13
13
13
13
13
13
1
1
1
1
1
45
45
34
45
33
33
33
33
33
33
32
36
36
32
36
9
8
8
1
1
1
1
1
1
1
45
45
34
34
34
34
36
36
36
36
36
9
9
9
8
8
8
8
1
1
1
3
3
45
45
34
34
34
34
39
36
36
37
9
9
9
9
8
8
8
8
1
3
3
3
3
45
45
34
35
36
37
37
37
37
9
9
9
9
8
8
8
8
8
3
3
3
3
102
102
103
34
34
39
37
37
9
9
9
87
87
87
87
87
102
102
102
102
102
100
100
109
109
109
109
109
108
89
90
89
90
90
90
90
87
87
86
86
86
102
102
102
102
102
102
100
100
109
109
108
108
108
89
90
90
91
90
87
87
86
86
86
102
102
102
96
100
100
109
109
108
108
108
91
91
91
91
91
91
91
86
86
86
86
86
102
98
98
102
96
96
96
105
105
108
108
108
108
108
91
108
91
91
91
91
91
86
86
98
98
96
96
96
96
105
105
105
108
108
108
94
91
94
91
91
91
91
81
81
81
81
81
81
114
96
96
96
105
105
105
105
105
104
104
94
94
94
94
94
81
81
81
81
81
114
96
114
96
96
96
97
105
105
105
104
104
104
104
93
94
93
93
83
83
82
81
82
114
114
97
97
97
97
97
104
104
104
104
104
93
93
93
93
83
83
83
82
82
82
114
97
114
97
97
97
97
104
104
104
104
104
93
93
93
93
83
83
83
83
83
82
82
47
47
47
47
40
40
40
42
42
42
12
15
15
4
4
4
5
7
7
47
47
47
47
40
40
40
42
42
42
42
42
12
12
15
6
4
4
5
7
7
47
47
47
47
40
40
42
42
42
42
12
12
12
14
6
4
5
5
7
7
47
47
38
43
43
12
12
14
13
13
0
0
0
5
1
0
1
7
45
47
45
47
45
33
38
38
36
36
14
14
14
13
14
1
0
0
0
0
1
45
45
34
33
38
38
38
36
36
13
36
10
13
10
8
8
1
2
1
45
45
45
34
34
38
39
36
39
36
36
36
10
10
10
8
8
8
8
8
1
1
3
2
45
45
45
45
34
34
39
36
36
9
9
9
8
8
1
8
3
3
3
3
45
45
34
34
34
39
39
39
39
37
37
9
9
8
3
3
3
3
103
103
103
103
103
100
39
39
37
37
89
9
89
8
87
87
87
3
87
3
103
103
103
100
100
109
109
108
108
89
89
89
90
85
87
87
86
103
102
100
100
100
100
109
109
108
108
111
89
89
89
91
90
85
86
86
86
86
102
102
100
100
100
109
109
111
108
108
89
88
91
91
91
85
85
86
86
86
98
98
96
105
111
111
111
91
91
88
91
81
86
86
86
98
98
96
98
105
105
107
105
105
94
94
94
94
91
91
81
81
81
81
81
98
98
96
98
96
105
105
105
104
111
94
94
94
94
81
81
81
81
81
97
96
97
97
97
97
105
105
104
104
104
104
92
92
92
94
93
94
93
83
83
82
82
97
97
97
97
97
97
97
97
97
105
105
104
104
104
104
93
92
92
93
92
93
93
93
83
83
83
82
82
82
97
97
97
97
97
97
104
104
104
104
93
93
93
92
92
93
83
83
83
82
82
104
15
46
46
46
46
46
46
40
41
40
42
42
42
15
15
15
15
15
15
6
6
6
7
7
7
7
46
46
41
41
40
41
42
42
42
42
42
15
15
15
6
6
7
7
7
46
46
46
41
47
46
41
41
41
42
42
15
15
15
14
6
6
7
7
7
7
46
46
46
47
44
41
41
41
43
43
43
43
43
43
14
14
14
14
14
14
0
6
0
0
0
7
7
46
45
45
44
38
38
43
36
43
14
14
14
14
0
0
0
0
0
0
0
0
0
45
44
38
38
38
36
38
36
36
14
10
10
14
10
10
11
0
0
2
2
2
45
45
45
38
38
38
38
36
36
10
10
10
10
10
11
11
11
0
1
3
2
2
45
45
45
39
38
39
39
39
36
37
37
10
10
10
10
10
11
11
3
3
3
3
3
103
100
39
39
39
37
37
37
37
37
9
11
8
11
11
3
3
3
103
100
100
39
39
39
39
110
37
110
37
110
37
37
89
89
89
11
88
11
84
84
84
84
84
3
103
100
100
39
109
110
110
89
89
89
88
85
84
84
84
84
103
103
100
100
100
100
100
100
100
109
109
109
109
109
111
89
89
88
88
88
85
85
84
84
84
103
102
101
101
100
100
100
109
111
111
111
89
88
88
91
91
85
85
86
84
84
98
98
98
98
107
107
110
111
111
88
85
85
84
86
84
80
98
98
98
98
98
98
98
107
107
107
107
107
107
111
111
111
111
94
88
94
94
94
81
81
81
81
98
98
98
98
107
107
107
107
105
105
111
111
111
94
94
94
94
81
81
81
80
98
98
99
99
99
107
105
105
104
104
92
92
92
94
92
95
94
94
83
83
81
81
81
81
97
97
99
97
99
99
107
106
104
92
92
92
92
92
83
82
82
82
82
82
97
97
97
97
97
99
106
106
106
104
104
104
92
92
92
92
83
83
83
83
82
82
82
99
46
15
46
46
41
46
41
41
42
42
42
42
15
15
15
15
15
6
6
6
7
7
7
46
46
46
46
41
41
41
41
41
43
42
42
15
15
15
15
6
6
6
7
7
7
46
46
46
47
41
41
41
43
43
43
43
43
15
15
14
6
6
6
7
7
46
44
44
43
43
43
43
43
14
14
14
0
7
0
7
7
46
45
44
44
38
38
38
38
36
36
14
14
14
14
0
2
45
45
44
44
38
38
38
36
10
10
10
11
0
0
0
2
2
2
45
45
45
44
38
38
38
39
38
36
37
10
11
11
0
3
2
2
2
45
45
38
39
39
37
37
37
10
10
10
10
11
11
11
11
3
3
3
2
2
2
2
45
103
100
39
39
37
37
37
37
37
10
10
10
11
11
11
3
2
3
103
103
100
39
39
37
89
89
88
11
11
3
84
3
84
103
100
101
100
100
110
110
110
89
89
89
89
89
88
85
84
84
84
84
84
84
103
101
101
101
101
101
110
110
110
89
89
88
88
85
85
84
84
84
103
101
101
101
101
101
110
110
110
110
111
88
88
88
88
85
85
85
84
84
84
84
103
103
101
101
107
110
107
110
111
111
88
88
88
85
85
80
80
98
98
98
98
98
107
107
107
107
110
111
111
111
111
111
95
95
95
95
81
80
80
80
80
80
80
99
98
99
98
107
107
107
107
111
111
92
95
95
95
81
81
80
80
80
99
99
99
99
99
107
107
107
107
106
106
92
92
95
95
95
95
81
82
82
80
97
97
99
99
99
107
106
106
106
106
92
92
92
95
83
82
82
82
82
97
97
99
99
99
106
106
106
106
106
106
106
92
92
95
95
95
82
82
82
82
92
41
46
46
15
15
15
15
15
15
6
6
6
6
6
7
7
46
41
41
41
41
43
43
42
15
15
6
6
6
6
7
7
46
46
41
41
41
41
43
43
43
15
14
6
6
6
7
46
46
46
46
44
41
43
43
43
43
14
14
0
7
7
44
44
44
44
44
38
38
36
43
14
14
0
14
0
0
2
2
44
44
44
44
38
38
36
36
36
10
0
0
0
2
2
45
44
44
44
38
38
38
38
36
39
36
10
10
11
11
0
2
2
44
44
39
39
39
37
10
10
11
11
11
2
44
44
39
39
37
37
37
10
11
11
11
3
2
2
103
103
100
100
100
110
110
37
10
10
88
11
11
85
11
84
2
103
103
101
101
101
110
110
110
89
89
88
88
88
85
84
84
84
103
103
101
110
110
89
89
89
88
85
85
85
84
84
103
103
103
101
101
101
101
101
101
110
110
110
88
89
88
85
85
84
84
103
103
98
101
101
107
110
110
111
111
88
95
88
88
85
85
80
80
80
98
98
98
101
110
111
111
111
95
95
85
80
80
80
80
80
99
99
107
107
107
106
111
111
95
95
95
80
80
80
99
99
99
99
107
106
107
106
106
106
92
92
95
80
80
80
80
80
99
107
106
106
106
106
92
92
92
92
95
95
82
82
82
82
99
99
99
99
106
106
92
92
95
95
95
82
82
82
82
106
46
41
41
42
6
7
46
42
6
6
46
41
41
43
6
43
43
14
14
6
7
44
44
43
14
14
0
2
44
14
14
2
2
44
44
38
36
10
11
11
0
2
44
39
39
39
36
37
10
10
11
3
2
103
44
100
39
37
11
100
100
37
11
84
2
103
101
101
110
89
88
88
88
101
101
101
101
110
110
110
89
85
85
103
88
89
88
88
85
85
85
84
101
110
110
88
85
80
98
107
107
111
88
95
80
99
98
107
111
95
95
80
80
99
99
107
106
111
92
95
80
80
80
99
106
106
92
95
82
99
106
95
82
46
15
6
6
15
44
41
41
0
10
11
0
44
44
36
39
2
37
2
84
101
84
101
103
110
89
85
110
85
101
80
80
99
111
95
95
95
82
106
106
15
6
15
6
46
41
7
15
2
36
44
38
0
44
11
11
3
100
110
89
84
101
101
85
85
99
111
88
107
111
80
107
92
92
106
106
92
95
82
82
41
6
43
14
6
6
46
14
36
2
44
11
2
44
39
37
36
10
37
110
89
88
111
111
99
95
106
95
80
106
92
95
41
43
43
15
6
41
43
44
2
44
38
10
2
11
103
103
37
88
85
84
103
101
110
103
101
107
103
98
107
80
106
99
99
106
92
95
41
43
120
120
7
41
41
15
85
38
14
14
2
39
44
39
100
2
101
89
101
101
89
85
110
85
89
88
9
111
80
80
95
99
99
106
95
80
106
106
26
43
120
14
7
7
85
85
38
14
38
78
78
78
40
10
78
74
26
40
78
74
43
72
99
72
43
68
43
