3280
820
496
816
815
815
855
855
825
1086
786
785
852
1113
1112
1109
1089
1095
1096
488
804
806
842
1124
1124
1117
506
801
791
789
789
844
1126
1133
466
674
699
699
1014
1014
1125
1169
1173
1134
552
702
698
692
1013
1024
1173
617
703
620
692
978
978
973
1020
1020
1177
1177
1129
1132
520
617
616
665
664
977
1024
1162
1129
514
514
628
629
623
663
990
1022
1157
1157
1161
1144
515
513
2348
2277
2269
991
2602
2355
2356
2349
2279
2274
2274
2605
2513
2356
2339
2338
2275
2531
2325
2331
2339
2338
2434
2444
2446
2663
2662
2531
2522
2239
2335
2332
2341
2623
2622
2660
2654
2531
2530
2546
2521
2241
2239
2111
2459
2455
2620
2625
2657
2657
2544
2544
2546
2211
2211
2109
2615
2813
2138
2134
2103
2118
2697
2685
2816
2684
2817
2812
2800
2799
2218
2220
2141
2151
2115
2698
2812
2218
2139
2148
2149
2105
2115
2114
2117
2667
2670
2809
2783
2810
2794
494
494
493
497
498
498
812
817
814
818
815
786
785
782
855
857
853
822
821
821
1109
1112
1108
1084
1087
1087
1090
494
487
497
817
805
802
819
783
782
856
852
828
830
829
825
1113
1111
1084
1094
1087
1089
491
491
491
488
805
802
786
788
792
783
793
847
836
827
835
843
841
1110
1118
1119
1119
1094
1096
1095
465
469
465
804
804
801
790
790
789
837
835
843
841
1125
1124
1122
1118
1117
1135
468
469
466
461
463
462
674
703
699
696
696
837
695
836
1126
1170
1172
1133
1135
1134
558
558
673
674
674
701
702
699
693
978
1015
1017
1014
1017
1014
1023
1169
1173
1173
1128
1137
1131
1130
557
551
555
551
552
617
620
661
693
978
975
1017
1020
1024
1020
1166
1177
1167
1177
1129
1129
1131
558
520
520
635
617
619
620
662
660
981
974
974
975
1022
1154
1153
1161
1147
1146
1144
517
516
514
629
628
632
625
632
623
664
665
980
985
984
986
990
988
1153
1164
1163
1156
1147
1141
1140
1144
515
516
631
623
2255
662
2278
2277
2271
2269
2602
987
1157
1156
1157
1164
1164
2527
1141
1144
2513
2323
2322
2356
2349
2346
2348
2345
2346
2256
2257
2277
2279
2278
2275
2269
2405
2605
2601
2602
2589
2595
2595
2595
2595
2525
2513
2516
2322
2326
2355
2354
2345
2346
2255
2279
2444
2446
2446
2404
2403
2604
2605
2664
2664
2663
2664
2533
2512
2519
2513
2326
2354
2329
2339
2342
2343
2343
2435
2446
2403
2660
2659
2664
2662
2533
2533
2531
2534
2518
2522
2325
2234
2333
2343
2341
2436
2455
2444
2442
2442
2624
2660
2660
2654
2551
2544
2518
2548
2521
2241
2239
2237
2234
2231
2110
2332
2112
2107
2459
2457
2455
2615
2614
2657
2654
2553
2548
2241
2241
2233
2137
2112
2111
2103
2458
2457
2452
2621
2621
2621
2615
2685
2657
2817
2815
2816
2813
2800
2547
2804
2213
2211
2215
2214
2137
2136
2135
2102
2458
2452
2125
2713
2452
2687
2698
2689
2689
2685
2814
2800
2803
2221
2217
2140
2214
2133
2150
2103
2125
2118
2118
2697
2666
2689
2669
2684
2784
2814
2808
2810
2802
2797
2220
2218
2143
2141
2144
2149
2151
2148
2106
2115
2115
2117
2666
2667
2669
2809
2794
2797
2794
2796
2797
2797
2218
811
1109
503
498
496
811
816
819
773
770
776
863
856
863
866
853
831
822
1102
1109
1084
1086
1087
1090
494
490
491
498
487
799
798
802
818
815
778
778
780
775
783
857
853
828
831
1106
1103
1110
1084
1100
1092
1093
491
470
507
795
806
796
779
793
792
850
848
846
849
846
844
827
828
840
1111
1122
1099
1098
1097
472
471
472
472
472
506
796
791
789
849
834
839
842
1121
1116
1116
1115
1027
1097
1098
468
469
462
463
461
794
675
671
671
700
696
696
834
833
1007
1006
1170
1122
1170
1116
1138
1138
560
555
676
677
670
675
700
701
693
1016
1017
1003
1170
1175
1132
1137
562
562
633
667
661
661
976
973
1006
1003
1001
1166
1167
1175
1150
558
523
523
554
634
638
634
633
626
620
626
980
983
995
1024
1000
996
1154
1162
1175
1160
1149
1146
1151
1151
517
514
526
635
639
632
626
623
663
658
657
981
982
984
985
987
994
996
998
1159
1163
1147
1140
536
2347
632
2263
2257
658
2272
2269
991
986
2602
988
1159
2524
1141
2514
2320
2320
2356
2347
2262
2263
2256
2272
2272
2406
2404
2605
2589
2608
2590
2598
2599
2599
2527
2524
2515
2326
2323
2319
2328
2351
2294
2260
2259
2275
2407
2402
2608
2607
2589
2649
2594
2525
2535
2514
2515
2330
2330
2330
2328
2335
2352
2333
2352
2295
2301
2259
2441
2403
2403
2647
2646
2651
2653
2558
2535
2519
2534
2330
2237
2234
2342
2436
2436
2442
2442
2623
2635
2618
2647
2654
2551
2548
2519
2236
2231
2110
2301
2459
2439
2454
2455
2449
2618
2618
2657
2551
2551
2544
2554
2548
2237
2209
2243
2215
2234
2138
2135
2130
2109
2459
2451
2452
2620
2625
2711
2617
2615
2679
2554
2554
2813
2548
2537
2228
2213
2213
2207
2134
2136
2131
2103
2131
2121
2452
2713
2715
2687
2682
2679
2815
2807
2801
2803
2801
2227
2224
2133
2147
2106
2121
2125
2701
2700
2687
2689
2676
2678
2784
2807
2806
2799
2221
2221
2226
2226
2224
2223
2144
2144
2144
2150
2146
2147
2106
2106
2124
2702
2702
2700
2670
2676
2676
2668
2784
2675
2783
2787
2807
2794
2793
2668
2782
2787
511
808
1101
504
504
503
504
510
812
809
807
773
776
772
770
862
863
866
866
831
831
1103
1101
1081
1078
1080
1078
1077
1078
1093
501
509
809
415
773
773
775
776
863
865
869
866
868
830
1105
1081
1080
1093
477
478
509
483
507
798
799
780
780
780
741
850
847
868
839
921
1106
1105
1116
1055
1099
1030
1100
1092
478
484
485
480
481
794
795
719
779
706
740
848
834
898
920
840
918
1122
1073
1026
1026
1027
471
485
481
668
671
706
706
714
834
840
907
1222
1221
1073
1075
1074
1068
560
555
538
677
671
668
709
708
958
959
1007
1010
1009
1011
1004
1009
1220
1220
1228
1224
1130
560
562
555
541
555
542
676
686
679
667
709
709
959
1019
1011
1004
1227
1226
1229
1151
522
523
562
525
639
626
655
655
657
982
654
954
993
1000
997
1001
1195
1226
1150
1149
1151
1143
523
534
526
529
638
637
625
655
647
655
658
926
983
995
997
1160
1188
1215
1214
1143
536
534
536
525
526
2262
2266
2265
2272
2271
2382
993
994
933
998
2591
2599
1189
2510
2509
2508
2507
2320
2314
2317
2288
2263
2265
2392
2391
2407
2383
2382
2608
2592
2592
2590
2599
2487
2490
2509
2510
2516
2320
2317
2316
2351
2305
2392
2394
2384
2406
2399
2405
2610
2608
2591
2651
2598
2559
2489
2506
2496
2505
2329
2308
2294
2304
2260
2415
2435
2416
2396
2397
2400
2397
2634
2634
2646
2649
2641
2559
2497
2497
2519
2306
2352
2311
2230
2295
2300
2419
2415
2414
2624
2638
2647
2651
2561
2550
2540
2540
2237
2254
2244
2253
2231
2066
2438
2420
2448
2412
2711
2410
2637
2636
2618
2643
2560
2561
2543
2538
2538
2252
2243
2205
2206
2244
2208
2231
2130
2438
2439
2448
2449
2710
2711
2636
2656
2553
2791
2775
2204
2206
2208
2128
2128
2127
2052
2123
2713
2714
2714
2715
2681
2682
2679
2788
2807
2804
2228
2203
2224
2207
2128
2128
2131
2120
2125
2123
2692
2695
2693
2673
2682
2682
2789
2788
2802
2769
2226
2227
2224
2195
2144
2147
2106
2077
2121
2124
2701
2700
2694
2672
2676
2673
2781
2781
2780
2781
2787
2772
2769
2768
2146
2769
453
504
500
511
431
808
807
769
728
750
749
859
860
860
859
894
823
891
891
1102
1045
1081
1038
1078
1033
500
501
510
414
412
415
728
750
750
737
737
737
870
870
895
893
895
893
920
1054
1049
1032
1033
477
475
509
415
724
727
725
739
741
741
868
869
894
921
901
895
917
1051
1055
1055
1030
1029
1036
476
474
476
485
718
725
741
740
901
900
919
901
917
1054
1074
1030
1035
549
548
484
539
480
584
686
718
719
734
713
712
716
898
900
904
903
908
919
904
1060
1073
1075
1071
1068
1065
549
549
539
548
539
541
686
690
680
679
708
715
957
906
957
1011
1010
1004
1221
1202
1222
1219
1224
1209
1208
545
545
538
685
542
688
683
683
709
958
955
957
948
964
1011
961
1004
1195
1229
1196
1225
1209
544
529
636
682
636
644
652
954
963
970
1192
1227
1228
1211
532
532
529
529
637
645
645
648
646
649
927
925
967
967
969
969
1188
1190
1216
1216
1214
534
531
536
528
2288
2266
644
648
650
650
924
933
968
968
968
2570
2579
1190
2597
1188
1189
1215
2507
2314
2314
2317
2282
2287
2292
2266
2390
2394
2384
2383
2386
2612
2612
2611
2576
2577
2597
2500
2488
2508
2505
2307
2314
2317
2298
2298
2303
2305
2390
2394
2394
2400
2612
2612
2575
2486
2489
2490
2493
2506
2497
2503
2307
2310
2317
2310
2297
2298
2298
2305
2304
2305
2359
2396
2399
2634
2634
2649
2651
2493
2495
2497
2463
2462
2496
2254
2247
2306
2246
2301
2301
2420
2418
2358
2416
2416
2421
2398
2637
2638
2644
2644
2558
2492
2556
2495
2464
2462
2254
2246
2245
2417
2410
2426
2711
2631
2635
2630
2644
2644
2557
2557
2829
2465
2537
2775
2254
2252
2244
2204
2155
2067
2067
2411
2413
2413
2410
2426
2705
2708
2705
2708
2630
2756
2560
2825
2777
2774
2775
2160
2205
2154
2156
2157
2055
2054
2092
2093
2425
2715
2707
2708
2756
2679
2790
2790
2778
2778
2778
2777
2178
2181
2195
2157
2061
2051
2052
2077
2121
2091
2692
2691
2694
2695
2681
2745
2791
2772
2771
2772
2179
2182
2180
2194
2195
2059
2061
2060
2076
2077
2091
2692
2692
2693
2672
2673
2781
2789
2772
2769
2192
434
1033
453
452
433
433
432
432
760
760
759
752
752
754
754
754
749
860
881
879
890
891
1044
1046
1047
1047
1039
1039
1038
450
450
449
411
411
727
760
728
765
882
882
875
895
888
891
888
1045
1049
1041
1036
1032
450
440
440
412
417
724
728
725
739
757
736
737
876
876
913
1052
1052
1055
1051
1030
1036
475
474
483
444
447
481
414
417
725
722
719
733
731
730
730
876
873
901
918
914
1062
1058
1058
1065
547
547
549
577
584
583
690
713
714
898
898
911
904
917
1060
1062
1070
1064
1068
575
581
584
688
690
690
712
712
715
897
951
908
907
908
903
1203
1201
1217
1071
1219
545
572
575
581
683
712
711
955
952
952
949
965
962
1203
1192
1201
1201
1225
1225
1209
1209
545
596
542
601
686
642
683
651
651
652
948
942
927
963
965
1193
1196
1180
1196
1216
1216
1206
1205
532
611
597
597
591
646
649
925
933
972
970
972
971
1186
1186
1186
1212
1211
532
1758
528
589
2292
643
2291
647
924
926
933
2569
972
2570
2578
2578
1212
2503
1761
1758
1759
2282
2292
2290
2389
2390
2390
923
2387
2573
2570
2572
2577
2579
2582
2487
2488
2500
2502
2503
1766
1766
1766
1759
2285
2288
2284
2288
2290
2290
2362
2361
2381
2387
2386
2610
2573
2575
2576
2486
2499
2503
1765
2308
2311
2283
2284
2366
2358
2372
2398
2631
2633
2640
2641
2485
2493
2493
2468
2468
2467
2462
2250
2280
2297
2303
2419
2359
2417
2421
2370
2370
2626
2631
2640
2557
2463
2465
2468
2250
2253
2247
2247
2166
2066
2368
2065
2411
2365
2422
2423
2423
2755
2643
2556
2830
2830
2482
2464
2249
2160
2159
2166
2153
2171
2172
2064
2064
2070
2065
2418
2412
2425
2704
2705
2708
2758
2756
2827
2829
2826
2775
2162
2160
2160
2153
2155
2172
2055
2054
2090
2089
2429
2705
2718
2745
2746
2759
2825
2826
2826
2823
2182
2178
2180
2200
2156
2061
2077
2051
2093
2092
2080
2100
2724
2717
2743
2842
2843
2838
2836
2778
2179
2184
2181
2189
2195
2184
2192
2192
2191
2061
2060
2080
2079
2099
2724
2723
2726
2727
2727
2741
2742
2841
2841
2839
2832
2831
2833
2742
453
453
430
429
434
423
431
424
760
765
767
752
746
747
879
884
885
885
1045
1044
1485
1048
1046
1042
1037
1037
1526
439
450
430
420
421
757
756
757
763
763
765
754
747
881
885
887
1481
1485
1484
1042
1529
1529
437
440
445
447
421
721
420
732
762
383
873
873
876
876
888
888
912
1446
1048
1041
1036
1532
568
445
444
418
586
418
721
732
731
372
373
872
873
914
912
911
913
1062
1057
1058
1070
1035
1532
571
578
564
578
586
587
588
722
733
255
255
734
716
231
232
906
908
910
911
1061
1058
1071
1394
1391
1065
571
570
573
581
584
588
689
209
680
231
232
952
1240
949
1241
911
962
1202
1062
1067
1067
1065
1393
574
575
575
581
688
689
207
210
210
234
941
951
964
961
1198
1199
1199
1219
1391
1208
612
614
613
597
600
600
642
222
220
210
941
942
946
946
962
1193
1179
1181
1179
1206
1406
612
596
594
590
590
643
221
222
221
220
936
924
936
945
972
1193
1185
1183
1182
1180
609
1762
593
593
591
1710
642
1710
219
219
219
924
930
929
930
939
929
932
2569
2582
1186
3161
1205
1762
1761
1759
1755
1756
1703
2292
229
2380
2377
2377
930
2566
2573
2581
2500
3159
1764
1766
1765
1764
1754
1756
1705
1704
2361
2379
2376
2380
2377
2573
2572
2585
2586
2586
2583
2584
2475
2500
2471
2471
2471
1791
1788
2285
2367
2367
2362
2374
2381
2371
2567
2567
2564
2585
2477
2471
2468
1791
1792
2166
1788
2168
2283
2368
2368
2364
2373
2373
2372
2371
2627
2564
2473
2482
2482
2250
2250
2165
2063
2073
2365
2431
2422
2628
2628
2764
2758
2474
2474
2483
2480
2163
2163
2176
2175
2172
2173
2064
2064
2074
2070
2069
2433
2433
2429
2746
2763
2756
2759
2759
2828
2828
2827
2822
2821
2162
2163
2185
2154
2174
2171
2174
2055
2070
2070
2089
2090
2429
2720
2717
2749
2843
2859
2859
2837
2822
2823
2820
2188
2188
2185
2202
2199
2058
2097
2083
2098
2098
2724
2718
2721
2749
2748
2751
2858
2843
2839
2835
2835
2833
2186
2187
2198
2198
2201
2192
2085
2058
2084
2080
2080
2099
2727
2724
2727
2741
2743
2842
2865
2838
2832
2831
2085
422
744
456
460
429
427
427
424
767
766
743
743
747
880
880
879
884
1485
1480
1485
1483
1478
1529
1526
1526
455
457
459
430
458
423
421
757
767
763
747
381
1548
1559
1481
1559
1480
1443
1478
1477
1534
1531
1529
437
440
437
442
421
362
763
378
383
373
1545
1551
1551
1559
1481
1561
1444
1443
1442
1534
1532
1532
436
441
443
443
418
441
722
253
251
376
1554
1551
1550
1445
1445
1440
567
565
577
587
167
168
254
254
240
240
372
1241
1551
1241
1560
1279
1061
1395
1390
1393
1393
566
567
571
565
579
586
160
255
235
235
242
247
242
232
1241
1240
1280
1278
1278
1199
1426
1391
1391
573
572
580
599
161
163
209
235
234
1235
1273
1271
1198
1430
1180
1388
611
613
603
604
601
161
163
206
222
225
936
944
944
1235
1270
1181
1182
1405
1407
1408
1408
1405
614
610
610
599
589
207
219
225
227
938
946
946
1269
1327
1183
1411
1406
1403
610
1750
609
594
1747
1714
1715
205
1711
224
229
228
229
939
939
945
3044
1270
3043
3166
3156
3155
3161
3161
3159
1750
1747
1746
1749
1744
1747
1712
1713
1711
1703
1707
1741
2379
2379
939
2377
3040
3044
3047
2582
2582
3152
3156
3153
3158
3159
1763
1742
1755
1713
1704
1708
1730
3041
2566
3046
3048
2563
3153
3131
1790
1790
1792
1792
1787
1700
1705
1708
1734
1731
1731
2371
3064
3064
3045
2567
2584
3257
2583
2476
2475
2476
2477
2471
1782
1785
1782
1788
1788
2168
2368
1700
1734
2374
3063
2627
3074
2564
2564
3264
2473
2484
2479
2470
1784
1781
2166
2169
2169
2010
2074
2008
2365
2015
2016
2364
2433
2432
3066
2766
2766
2762
2474
2484
2483
2480
1885
2175
2176
2173
2072
2169
2022
2072
2073
2071
2429
2433
2433
2892
2890
2765
2766
2762
2759
2859
2820
2820
1895
2163
2201
2058
2058
2097
2431
2428
2721
2721
2764
2761
2862
2861
2860
2819
2821
1894
1894
2185
2189
2199
2086
2083
2100
2096
2720
2749
2751
2869
2865
2861
2836
2849
2187
1939
2200
2202
2198
2197
2198
2087
2085
2083
2096
2095
2740
2726
2740
2733
2753
2752
2752
2865
2846
2845
2846
2849
2186
2082
2847
401
1572
456
456
458
426
427
370
368
767
370
744
746
402
381
1571
1571
1548
1464
1465
1483
1475
1528
1475
1478
1526
455
459
457
99
427
370
367
363
383
379
383
381
1566
1548
1545
1548
1465
1561
1483
1478
1528
437
460
101
97
97
362
379
360
379
1567
1554
1545
1545
1561
1462
1443
1446
1444
1443
1439
1535
1536
8
14
442
170
171
171
251
378
250
376
375
375
1553
1554
1554
1560
1561
1436
1435
1439
1452
1440
1451
1534
568
564
17
166
166
170
168
255
253
251
251
240
376
1238
1238
1556
1434
1433
1395
1394
1385
566
565
15
160
167
164
165
248
242
238
238
237
1238
1231
1237
1278
1280
1432
1432
1429
1427
1427
1388
607
604
181
161
154
165
164
165
248
242
238
1234
1235
1276
1276
1279
1430
1323
1426
1427
1388
1388
607
606
607
599
202
201
193
194
216
213
1257
1269
1272
1272
1327
1410
1404
607
603
199
201
197
197
215
213
936
1256
1260
1258
1270
1263
1263
1327
1410
1407
1753
606
1744
1714
196
197
215
225
229
228
225
227
938
1259
1262
3043
3166
3166
3156
3163
3156
3159
1750
1744
1747
1712
1711
1740
1740
1738
3053
3041
3038
3044
3169
3169
3173
3152
3127
1771
1775
1778
1699
1707
1701
1718
1733
1741
3052
3050
3054
3051
3041
3045
3048
3174
3174
3173
3130
3128
3131
3128
1772
1779
1775
1779
1779
1702
1702
1701
1734
1730
3051
3064
3074
3046
3047
3260
3143
3145
3131
1784
1792
1777
2009
2006
2004
1734
2012
2013
3067
3064
3256
3256
3259
3264
3146
3275
3146
2479
3146
1783
1782
1885
1884
1782
1878
2009
2007
2016
2015
2011
2011
3066
3067
3072
3072
3255
2766
3256
3265
3265
3266
3266
3275
3274
1885
1885
1877
1878
2007
2019
2021
2028
2892
2893
2890
2890
3233
3266
2820
3269
2480
1892
1895
1891
1890
1907
2020
2023
2023
2022
2026
2029
2028
2894
2735
2749
2762
2762
3233
2859
2860
2854
3268
1893
1890
1939
1898
1907
1904
1906
2087
1904
2047
2047
2042
2029
2737
2736
2738
2732
2736
2753
2751
2864
2862
2845
2848
1938
1939
1897
1898
1897
1904
1903
2049
2086
2083
2047
2096
2041
2096
2042
2739
2740
2740
2732
2733
2728
2869
2869
2852
2855
2852
2846
2856
2849
2856
2849
1574
1474
84
84
88
86
85
368
370
402
399
399
402
401
1573
1572
1548
1464
1460
1469
1471
1472
1475
1475
1519
1519
1518
87
87
99
97
366
366
398
363
1567
407
1562
1573
1570
1547
1461
1461
1460
1470
1455
1512
1536
1513
8
83
100
99
96
97
365
358
359
1566
1564
1563
1562
1563
1555
1570
1557
1462
1470
1454
1536
1515
7
16
14
14
101
174
178
177
366
359
376
1564
1582
1556
1437
1437
1435
1436
1455
1452
1535
20
20
15
22
16
17
173
176
175
244
245
374
374
1238
1582
1247
1247
1250
1434
1424
1452
1451
1385
19
18
153
181
174
155
173
165
175
247
248
245
289
238
289
288
1250
1275
1434
1433
1427
1423
1387
1419
1385
184
181
203
157
155
158
248
214
279
291
291
293
1235
1232
1251
1271
1324
1275
1430
1421
1421
1419
1384
189
191
204
200
158
194
125
214
272
293
1256
1273
1267
1265
1331
1330
1324
1320
1417
1421
1413
1400
1403
190
180
202
193
216
270
213
213
1255
1257
1255
1265
1263
1330
1329
1331
1326
1327
1411
1413
1398
1399
1753
1752
1823
200
197
118
272
2980
1259
1260
1263
3166
3155
3163
3163
3137
1753
1752
1750
1753
1819
1824
1693
1715
1718
1717
1739
1739
1738
2980
3054
3038
3038
3037
3168
3169
3176
3175
3134
3134
3127
1768
1772
1772
1831
1775
1778
1696
1695
1720
1718
1735
1737
3052
3053
3040
3025
3033
3169
3170
3175
3140
3130
3133
1771
1768
1775
1776
1694
1699
1719
1718
1735
3061
3050
3073
3032
3032
3031
3030
3257
3172
3139
3143
3145
3150
3149
1769
1785
1783
1769
1776
1777
1699
2005
2005
1990
2013
3059
3060
3061
3067
3059
3070
3074
3072
3258
3258
3143
3149
1888
1881
1882
2003
1878
2010
2002
2008
2006
2012
1989
3059
3070
3074
2884
3031
3238
3256
3237
3237
3277
3275
3279
3278
3270
1888
1880
1880
1918
1998
2000
2019
2018
2025
2024
2031
2894
2894
2884
2883
3232
3229
3275
3271
3272
3272
1888
1887
1891
1880
1877
1906
1920
1998
2020
2021
2025
2026
2032
2032
2894
2893
2919
2918
3233
3225
3269
3268
3269
1893
1892
1928
1898
1900
1907
1907
2049
2045
2045
2032
2042
2738
2924
2730
2729
2867
2867
2854
3223
2854
3223
1936
1936
1939
1928
1901
1901
1904
2049
2049
2044
2042
2041
2737
2735
2729
2730
2869
2728
2852
2867
2865
2855
2856
77
88
85
88
81
389
388
399
408
409
1574
1603
1569
1619
1471
1468
1467
1519
1519
10
84
84
86
93
388
386
386
385
399
407
409
1570
1570
1609
1637
1469
1467
1454
1521
1523
8
100
93
91
94
366
353
353
360
358
1583
1585
1584
1632
1638
1459
1458
1449
1513
1516
8
13
318
318
312
1583
1584
1587
1555
1557
1639
1459
1458
1457
1449
1449
1449
1516
20
23
24
14
24
177
178
317
318
309
1583
1246
1244
1247
1249
1434
1351
1354
1452
1423
1424
20
22
153
174
176
151
318
244
276
289
283
289
1231
1253
1250
1250
1429
1359
1385
184
184
183
203
154
152
151
280
278
280
275
291
293
283
1254
1252
1252
1251
1304
1323
1417
1419
1362
1358
190
189
187
181
203
157
124
280
269
293
1267
1265
1321
1321
1417
1320
1421
1398
1414
1404
191
189
199
198
198
126
126
126
119
273
265
1267
1292
1328
1414
1414
1401
1397
1837
1831
1830
1829
1824
1693
119
118
270
270
2979
1258
3038
1328
3165
3163
3137
1400
3137
1399
1830
1831
1820
1821
1692
1726
1727
1736
3018
2980
2982
3025
3024
3123
3176
3137
3137
1831
1829
1819
1808
1695
1696
1728
1721
1736
1737
3022
3017
3025
3025
3028
3171
3171
3140
3136
3134
3134
1827
1826
1811
1811
1694
1721
1720
3061
3060
3061
3057
3034
3033
3035
3259
3172
3139
3143
3147
3148
1795
1795
1809
1719
1990
3056
3056
3070
3035
3034
3030
3236
3150
3142
3148
1872
1882
2003
1867
2002
1999
1987
2019
1990
2885
2886
2887
3239
3240
3240
3238
3236
3279
3279
3278
1875
1871
1881
1882
1919
1999
2000
2024
2034
2958
2887
2884
2886
3233
3229
3277
3279
3191
3271
1932
1887
1923
1917
1919
1920
1980
2019
2035
2033
2036
2031
2958
2925
2926
2884
2920
2915
2920
3224
3224
3227
3190
1933
1930
1923
1922
1926
1916
1900
1918
1916
1971
1970
2045
2036
2039
2033
2922
2924
2932
2919
2913
2920
2913
2918
3225
3222
3226
3223
3217
3217
1936
1931
1931
1926
1901
1913
1970
2045
2039
2039
2923
2923
2923
2932
2910
2910
2909
2910
3207
3223
3216
2039
1603
53
77
53
80
55
80
81
389
389
394
405
407
1613
1612
1612
1609
1600
1609
1619
1619
1468
1508
1522
1522
1523
78
81
94
74
389
386
386
405
333
405
408
1611
1610
1630
1472
1510
1520
1487
1521
10
11
78
94
91
73
94
355
352
334
334
1613
1608
1631
1631
1639
1637
1455
1512
1520
1515
3
2
11
4
46
91
353
65
353
315
312
311
312
311
1585
1586
1579
1586
1630
1632
1639
1639
1638
1459
1457
1488
1493
5
5
23
46
148
315
312
309
308
282
1587
1243
1242
1352
1354
1356
1456
1361
1365
1488
1365
1365
184
45
137
147
148
276
321
314
329
1242
283
285
1243
1244
1254
1305
1352
1355
1361
1357
1369
186
132
139
136
137
150
152
279
275
286
286
286
1253
1305
1303
1301
1301
1354
1416
1362
1358
1359
187
186
187
122
152
152
125
278
280
273
273
1232
286
1291
1292
1289
1301
1314
1417
1414
1362
1378
1398
1823
1839
126
124
114
270
263
264
264
267
1267
1285
1329
1314
1316
1318
1372
1398
1837
1821
1651
122
115
116
115
1724
264
1724
263
3014
266
266
2980
2983
2983
1313
2977
1314
3122
3122
3125
3085
3082
1401
1832
1820
1693
116
1728
1724
3021
2982
2983
2973
2977
3121
3124
3123
3124
3083
1827
1826
1814
1812
1813
1813
1693
1660
1664
1662
1726
1728
1670
1728
3021
3018
3020
2976
3027
2977
3118
3117
3095
3099
3099
1827
1795
1818
1816
1810
1808
1660
1689
1727
3022
3018
3017
3069
3028
3027
3028
3118
3118
3140
3097
3096
1794
1795
1811
1811
1687
1987
1686
1686
3057
3070
3235
3114
3089
3147
3096
3248
1870
1874
1874
1871
1870
1861
1869
1973
1974
1986
1987
1987
1996
1989
2950
2951
2951
2875
2875
2875
2876
3239
3236
3249
3251
3270
1875
1872
1865
1865
1974
1980
1993
1995
1993
1992
2948
2958
2954
2885
2878
2916
3230
3230
3248
3201
3201
1856
1855
1865
1915
1923
1980
1993
1993
2035
2954
2942
2953
2926
2877
2920
2876
2916
2915
3204
3204
3226
3203
3191
3199
1929
1933
1923
1916
1925
1910
1979
1967
2034
2932
2931
2912
2932
2913
3204
3205
3227
3217
3220
3190
1934
1930
1929
1924
1910
1913
1971
1969
1969
1967
1964
1963
2922
2929
2928
2910
3206
3206
3207
3205
3220
3219
3217
1926
55
1600
56
56
62
56
395
396
391
396
405
1606
1603
1602
1603
1610
1600
1616
1619
1510
1508
1506
1505
52
53
53
56
75
71
349
394
355
357
392
404
1606
1611
1596
1598
1635
1618
1624
1487
1508
1497
11
11
90
91
75
71
355
356
356
334
357
340
1589
1609
1627
1622
1635
1634
1497
1493
2
50
42
345
315
345
342
339
1580
1629
1628
1635
1488
1491
1494
1494
3
4
46
46
145
145
144
315
331
309
309
1580
1295
1351
1348
1365
33
139
48
139
145
141
145
331
283
295
296
1295
1346
1355
1356
1369
1368
1367
129
130
131
139
135
150
147
110
148
323
285
296
1302
1302
1352
1333
1379
1367
1369
132
132
134
113
324
258
265
257
299
298
1289
1289
1289
1304
1286
1301
1311
1371
1372
1380
1382
1381
1379
129
1842
1839
122
121
258
261
303
267
261
1291
1283
1292
1314
1317
1318
1318
1372
1378
1833
1836
1840
122
114
260
3015
2983
2974
3121
1318
1316
3086
1375
3083
1834
1836
1650
1651
1651
1672
1675
3015
3014
3015
3012
2974
3011
2977
3121
3125
3119
3086
3085
3083
3082
1834
1815
1814
1812
1661
1663
1670
1672
3019
3006
3012
2973
2994
3121
3117
3094
3097
3099
1798
1797
1818
1659
1817
1663
1690
1689
1690
1673
3019
3020
2988
2987
2989
3106
3118
3115
3095
3098
3089
3099
1803
1798
1806
1660
1688
1688
1687
1685
2948
2949
2967
2989
2874
3115
3114
3088
3089
1852
1857
1869
1857
1867
1974
1973
1977
1994
1686
2947
2948
2950
2949
2970
2873
2875
2872
2880
3236
3252
3253
3249
3197
3251
3197
1853
1853
1865
1869
1975
1982
1997
1994
2954
2948
2954
2877
2881
2881
3230
3183
3185
3200
3201
1856
1932
1855
1856
1915
1984
1984
1980
1982
1997
1954
2943
2943
2878
2898
2900
3212
3184
3188
3199
3201
1944
1929
1942
1946
1909
1984
1955
1954
1963
2941
2941
2925
2928
2913
3204
3213
3220
3194
3193
1943
1943
1926
1910
1910
1951
1969
1966
1967
1964
1967
1964
2929
2935
2903
2903
2902
3214
3210
3220
3194
2935
396
59
62
1605
1606
1596
1595
1596
1600
1626
1616
1615
1509
1510
1505
1506
58
75
75
396
70
337
333
1606
1590
1593
1616
1624
1510
1501
1495
1496
37
36
74
71
71
349
344
340
343
1593
1593
1635
1624
1491
1495
35
35
2
36
39
65
347
331
342
339
1579
1628
1345
1491
1497
33
47
49
50
42
320
321
331
340
1577
1629
1347
1346
1349
1340
1343
1364
32
33
48
142
142
142
320
326
329
295
1349
1340
1347
1340
1369
27
27
28
135
134
141
110
321
323
324
329
298
1288
1295
1298
1333
1380
1381
27
132
113
110
258
299
299
1284
1284
1303
1311
1382
27
131
113
112
257
261
304
1283
1286
1310
1307
1372
1375
1377
1844
1842
1650
1651
1648
1675
1677
261
303
1283
2995
1285
1310
3105
1317
3086
1375
1832
1833
1840
1648
1647
1667
1675
3004
3015
3011
2993
2991
2992
3104
3086
3080
3080
1803
1801
1662
1670
1673
3009
3007
2996
2993
3107
3106
3104
3094
3077
1803
1798
1801
1815
1816
1657
1659
1664
1654
3008
3008
3009
2987
3002
2985
3111
3112
3076
3092
1802
1804
1817
1654
1653
1683
1680
1686
2971
2969
2967
2967
2988
2872
3112
3111
3089
3092
3092
1859
1861
1869
1975
1680
2969
2964
2971
2872
2872
3245
3246
3253
3251
3196
3197
1853
1858
1976
1995
1996
2961
2960
2967
2873
2880
3246
3245
3185
3197
1856
1847
1864
1942
1984
1955
1955
1957
2961
2941
2942
2945
3212
3183
3184
3188
3178
3200
1945
1949
1950
1952
1958
1958
2938
2937
2945
2935
2905
3212
3187
3187
3210
3179
1944
1945
1942
1942
1961
1961
2938
2937
2929
2903
2907
3214
3210
3189
3193
1968
61
62
395
392
1503
1499
58
391
1616
1622
73
63
64
346
1622
347
344
1577
1592
1491
1494
33
135
346
1577
1345
1348
1342
42
342
1576
1343
1342
26
30
106
322
299
1300
1298
1339
1377
127
113
111
104
322
302
306
1282
1297
1333
1334
1844
30
1641
111
304
1306
1838
1642
302
1307
3080
1374
1844
1648
1667
1677
2998
2995
2992
2994
1797
1657
1661
1666
1667
1673
3004
3002
3108
3109
1805
2985
3002
2986
2986
3108
3110
3102
3077
1657
1679
2963
3006
3109
3091
1862
1683
1680
2971
2871
2897
3252
1847
1868
1977
2970
2966
2900
3244
3182
1847
1846
1983
1957
2961
2944
2900
3243
3182
3182
1847
1949
1961
2945
2905
3213
1946
1958
2907
3209
59
1598
1626
1502
1589
49
64
350
1490
1294
1294
1346
29
43
327
110
1377
260
1375
3079
1642
3080
1656
1801
1669
2999
3101
3005
3107
1654
3092
3244
1858
2960
2900
3243
2907
3178
1951
1961
1599
1502
1596
1626
37
63
1497
1593
1343
326
43
319
1339
107
1298
1308
1308
1648
1677
2998
3076
1657
1654
3102
3110
1852
2964
2897
1976
2964
3182
1682
2940
2945
1912
1958
2941
2905
3210
3194
61
1626
337
1621
1622
1501
35
1577
327
1343
107
1298
1336
30
103
301
327
1283
302
1677
3002
2996
3006
2971
1859
2896
1950
2899
3179
1941
2935
2903
66
337
1590
1590
1503
350
343
39
1337
29
106
306
1337
1306
1843
1844
302
2991
3105
3077
1800
1667
3005
1805
1683
1679
1804
1862
1682
3243
1912
1849
1849
1960
2938
2907
66
336
2956
2956
1499
68
68
2541
3262
40
1541
1541
1335
103
107
104
1641
1336
1642
2999
1643
1643
2999
3105
1669
3101
3001
2986
1578
2964
3242
3181
2896
1850
1850
1949
3243
3181
1912
1952
1537
1539
2956
1542
1500
1500
3262
3262
40
1542
40
2528
1539
2528
2334
306
2539
2541
2336
1538
2321
768
2336
1645
1850
1645
704
2526
518
