2368
477
891
889
1143
1143
445
447
477
336
1050
1050
447
350
348
348
334
338
338
911
900
897
464
463
462
345
965
1059
1049
1046
1053
454
462
415
977
1058
1057
1046
470
469
466
424
423
415
964
1057
1055
1048
470
544
424
1080
1081
1081
1054
554
553
552
544
542
421
421
410
409
1001
1078
1013
1088
1088
554
542
441
430
1026
1027
1016
1016
1073
1090
539
528
527
530
442
429
1027
1027
1353
1412
1423
537
1832
1365
1357
1353
1421
1423
1422
1831
1972
1358
1390
1405
1422
1931
1367
1362
1388
1390
1473
1478
1479
1779
1779
1931
1937
1190
1363
1363
1444
1848
1849
1847
1929
1939
1940
1936
1940
1192
1192
1392
1467
1469
1461
1880
1784
1782
1934
1933
1934
1189
1188
1446
1856
2006
1322
1326
1465
1466
1464
2020
2021
2021
2005
2004
2010
2008
1195
1195
1327
1323
1300
1857
2009
1194
1330
1328
1297
1298
1299
1299
1301
1855
2017
2023
2024
2015
2015
914
914
913
910
912
891
890
888
888
896
1143
1143
1145
1146
1146
445
446
479
477
480
473
473
474
347
336
335
333
914
910
891
891
898
1061
889
1144
1146
457
447
451
450
478
480
477
349
346
342
336
337
911
920
922
900
900
1062
1060
1050
1052
1053
1053
458
458
452
452
451
465
478
350
343
345
343
338
338
977
979
976
965
1062
1062
1060
1052
1045
458
456
456
468
465
463
350
344
345
414
978
979
979
963
965
963
1071
1059
1056
1048
1047
453
1048
454
467
424
424
413
415
414
971
972
964
1058
1078
1057
1057
1054
1048
554
551
551
469
543
470
467
422
423
419
413
412
411
408
972
1032
1002
1001
1000
999
1080
1085
1085
553
552
551
543
519
544
518
420
443
421
409
410
409
1031
1031
1009
1013
1081
1081
1079
1089
1084
549
554
538
541
520
518
527
443
431
433
433
1028
1030
1029
1012
1015
1016
1074
1014
1074
1090
1090
548
548
539
538
536
532
528
442
443
530
432
433
432
430
1028
1030
1016
1014
1414
1089
1414
1423
1420
1420
1831
532
529
530
530
440
442
1800
433
429
1970
1365
1364
1351
1352
1358
1352
1403
1402
1404
1413
1414
1413
1421
1423
1837
1837
1836
1832
1833
1798
1800
1798
1802
1801
1971
1971
1973
1365
1365
1357
1358
1356
1405
1405
1411
1479
1478
1479
1839
1836
1836
1836
1777
1777
1778
1778
1978
1977
1976
1976
1368
1361
1362
1356
1390
1390
1470
1473
1479
1476
1849
1845
1779
1779
1931
1941
1932
1941
1940
1937
1367
1363
1387
1387
1448
1471
1474
1473
1476
1477
1476
1849
1784
1784
1932
1928
1940
1935
1938
1191
1191
1218
1391
1394
1394
1391
1393
1446
1444
1468
1462
1848
1851
1784
1929
1928
1936
1189
1192
1192
1322
1392
1445
1446
1467
1469
1463
1464
1879
1881
1879
1851
1876
2002
2006
2006
2004
2009
1933
1998
1187
1186
1184
1185
1324
1326
1325
1466
1465
1466
1303
1881
1464
1858
1858
1850
1853
1850
2006
2008
2007
1196
1185
1329
1184
1326
1325
1298
1302
1303
1303
1857
1857
1858
2017
2016
2022
2022
2024
2015
2007
2008
1196
1194
1330
1331
1330
1328
1327
1328
1295
1297
1300
1303
1854
1854
2017
2024
2015
2010
2012
2012
2011
2012
1194
896
474
912
913
907
895
896
894
1124
1145
1140
1132
1146
1135
444
444
480
480
475
347
347
336
334
333
914
922
907
907
899
898
902
1062
894
1142
1127
1142
1127
1140
1140
447
449
452
472
475
474
349
346
339
341
341
921
923
900
902
897
1061
1069
1050
1051
457
461
460
461
459
450
449
452
465
349
318
342
340
341
976
920
975
924
976
900
1070
1051
1053
461
455
456
464
465
319
345
322
313
340
313
978
979
962
963
969
968
1072
1072
1070
1063
1046
1037
453
456
516
468
466
319
417
418
412
415
971
963
970
1071
1066
1072
1066
1055
1037
550
544
524
422
419
409
411
1033
973
999
1077
1083
1085
546
551
524
519
526
526
438
421
419
1032
1033
1035
1002
1008
1011
1000
1013
1076
1079
1077
546
547
540
540
526
534
520
443
438
436
434
435
431
426
1030
1026
1008
1010
1013
1076
1075
1073
1090
1087
1087
549
548
548
539
531
536
533
535
440
443
428
428
1018
1352
1015
1402
1414
1086
1420
1418
537
532
1834
532
439
1963
427
1973
1335
1351
1357
1352
1402
1404
1404
1408
1420
1417
1838
1837
1833
1834
1794
1802
1802
1801
1970
1961
1977
1368
1366
1333
1361
1355
1401
1405
1410
1411
1415
1839
1846
1835
1798
1777
1799
1962
1978
1977
1972
1368
1366
1360
1359
1362
1354
1388
1354
1389
1378
1470
1472
1477
1846
1845
1781
1781
1932
1930
1930
1977
1975
1368
1207
1395
1395
1449
1474
1474
1476
1849
1843
1847
1783
1783
1932
1936
1938
1220
1394
1393
1379
1471
1449
1451
1474
1462
1841
1843
1783
1786
1925
1926
1925
1936
1208
1187
1208
1188
1220
1322
1446
1447
1444
1469
1468
1469
1461
1880
1881
1872
1873
1876
2002
2005
2001
1935
1950
1187
1187
1186
1220
1324
1326
1319
1310
1311
1309
1463
1863
1881
1873
1853
2020
2003
2001
1999
1999
1998
1197
1200
1315
1295
1296
1309
1302
1867
1858
1852
1853
1861
2030
2030
2003
2013
2008
1196
1196
1198
1200
1201
1199
1329
1331
1330
1314
1313
1295
1295
1296
1301
1866
1855
1861
2017
1862
2019
2019
2018
2027
2023
2026
2014
2015
2012
2019
2025
2025
908
893
474
909
917
908
908
909
895
896
893
1124
1127
1122
1139
1133
1136
1134
491
479
471
489
358
359
356
359
356
357
356
353
917
919
892
905
1124
1124
1126
1141
1132
1136
1135
1136
492
448
471
315
357
353
921
924
924
923
904
905
902
1125
1127
1127
1137
461
449
493
449
496
472
317
322
316
320
320
339
341
921
924
974
967
967
902
1069
1064
1064
1038
1038
460
459
501
511
510
497
318
321
322
312
313
976
968
970
1068
1064
1067
1039
1038
502
516
517
512
319
321
386
313
310
974
974
969
970
1072
1066
1100
1066
589
589
517
516
517
517
525
515
417
417
419
386
408
973
1034
1002
982
970
983
983
1103
1104
1101
1101
1085
588
541
523
526
418
437
387
408
1035
1035
1035
1009
1003
1104
1099
1082
1087
546
1082
588
522
522
535
526
438
438
434
428
425
425
1029
1030
1020
1011
1011
1095
1076
1076
1098
1083
1087
559
547
535
535
440
436
435
428
426
1017
1023
1019
1010
1018
1399
1400
1408
1409
1418
1418
547
533
555
534
1795
1796
440
1964
1967
1966
1968
1335
1334
1351
1402
1398
1407
1409
1406
1417
1418
1830
1830
1795
1794
1797
1802
1964
1963
1968
1969
1973
1335
1333
1360
1355
1386
1407
1406
1416
1839
1829
1838
1827
1842
1797
1792
1797
1962
1961
1969
1974
1974
1333
1332
1381
1385
1410
1438
1439
1442
1839
1415
1827
1453
1846
1826
1781
1793
1788
1927
1994
1994
1975
1207
1359
1215
1394
1381
1384
1439
1442
1440
1841
1842
1844
1788
1787
1927
1927
1949
1208
1210
1214
1206
1213
1379
1448
1450
1450
1451
1475
1453
1843
1841
1872
1788
1787
1927
1926
1949
1948
1209
1210
1219
1220
1211
1219
1212
1321
1447
1308
1450
1460
1455
1877
1883
1876
1925
2033
1948
1217
1216
1212
1320
1319
1321
1311
1307
1878
1864
1878
1877
1871
1875
2034
2033
2000
2001
1198
1217
1201
1219
1318
1321
1312
1312
1306
1307
1867
1864
1860
1859
1853
2034
2028
2034
2013
2035
1197
1200
1200
1199
1315
1313
1312
1312
1306
1305
1867
1861
1865
1862
2019
2030
2029
2029
2029
2029
2026
2038
2038
2036
1314
2037
918
919
919
908
930
893
893
1120
1120
1122
1131
1134
1131
1133
1131
491
486
488
489
359
489
358
355
356
352
918
919
903
905
928
905
1127
1121
1121
1139
1141
1130
1129
1136
493
495
496
487
487
317
359
354
353
916
915
915
958
1118
1118
1115
1113
1141
1126
492
493
498
498
498
498
481
317
316
314
366
311
354
989
995
916
904
958
1114
1063
1138
503
504
497
505
328
317
326
311
310
989
990
996
990
967
985
984
1068
1065
1065
1038
1036
1040
502
504
511
511
514
511
512
329
322
396
309
310
306
993
993
991
992
986
983
984
1103
1067
1108
1039
1041
591
502
590
514
513
578
394
394
395
396
386
384
383
992
993
982
980
981
1104
1104
1100
1105
591
587
591
588
579
523
578
576
390
396
391
385
383
1034
1019
1003
981
1102
1099
1093
588
575
575
391
401
387
379
1024
1023
1020
1006
1007
1095
1095
1098
1092
1091
560
560
556
555
574
576
401
398
381
382
382
1024
1025
1017
1003
1372
1400
1097
1092
1092
1092
563
555
557
558
558
1811
1811
397
1991
397
398
382
1965
1335
1345
1347
1372
1399
1400
1398
1409
1407
1416
1820
1829
1828
1830
1803
1812
1812
1796
1992
1964
1969
1968
1340
1340
1337
1380
1386
1383
1384
1434
1435
1436
1820
1830
1828
1810
1990
1991
1997
1997
1969
1996
1984
1340
1337
1339
1336
1381
1369
1386
1385
1386
1383
1439
1435
1823
1827
1822
1793
1793
1995
1996
1993
1986
1983
1983
1207
1203
1207
1213
1381
1378
1441
1442
1441
1442
1452
1453
1453
1825
1844
1793
1788
1953
1994
1954
1994
1984
1987
1210
1215
1211
1456
1458
1455
1883
1883
1843
1882
1790
1786
1786
1953
1945
1949
1949
1943
1210
1209
1214
1216
1223
1320
1275
1450
1460
1460
1454
1455
1886
1883
1886
1869
1876
1871
1874
2032
1950
1947
1946
1257
1217
1244
1244
1223
1318
1321
1263
1263
1459
1885
1885
1870
1870
1875
2034
2001
2042
2043
2043
1946
1256
1243
1244
1317
1318
1293
1312
1283
1307
1304
1863
1865
1864
1860
1871
2031
2033
2038
2041
2036
1249
1245
1244
1245
1242
1316
1318
1284
1304
1283
1305
1866
1867
1861
1915
2027
2028
2060
2038
2035
1242
930
351
936
937
937
929
932
931
1110
1120
1159
1162
1122
1122
1147
1148
1131
1128
1128
485
486
489
367
369
361
365
364
360
352
946
943
937
928
927
1116
1111
1111
1163
1129
490
495
494
484
488
482
367
365
364
363
354
944
946
945
928
925
1117
1118
1117
1113
1112
1113
1138
493
495
495
330
330
315
332
325
312
946
998
946
996
956
957
956
958
1118
1114
1115
1165
1113
1181
1183
1137
1180
503
482
506
328
327
327
310
994
995
995
997
958
959
1107
1041
1040
500
501
506
509
508
326
323
327
306
302
991
988
986
985
1109
1108
1042
1044
1044
499
590
499
514
514
508
393
393
395
324
385
993
851
987
988
1105
1106
1094
591
586
586
583
579
578
389
390
389
388
396
385
386
384
1021
1022
981
1005
980
1102
1109
1106
1094
1093
584
585
559
580
581
388
400
399
399
381
380
380
371
1024
1021
1007
1005
1007
1098
1091
561
556
573
574
574
574
401
401
372
370
379
1024
1349
1006
706
1400
685
1397
1098
563
562
555
1804
557
1804
1811
1989
372
1965
1348
1349
1347
1371
1370
1396
1437
1437
1436
563
1821
1807
1803
1806
1812
1812
1990
1991
1991
1989
1967
1966
1342
1339
1349
1337
1377
1372
1370
1369
1382
1396
1434
1437
1435
1821
1820
1827
1805
1809
1809
1992
1988
1979
1340
1340
1337
1376
1377
1383
1440
1427
1816
1822
1823
1792
1791
1995
1997
1997
1985
1982
1987
1987
1202
1375
1377
1383
1438
1431
1432
1427
1426
1825
1824
1825
1791
1955
1985
1986
1987
1205
1202
1203
1215
1235
1274
1273
1275
1456
1432
1455
1427
1884
1869
1790
1955
1944
1945
1960
1943
1204
1257
1255
1230
1231
1232
1233
1272
1274
1275
1275
1273
1460
1459
1884
1886
1869
1919
1876
2071
1945
1943
1947
1257
1256
1257
1222
1223
1223
1268
1267
1262
1264
1459
1886
1902
1871
1901
1918
2070
2071
2042
2043
1248
1248
1247
1240
1241
1294
1294
1292
1263
1263
1283
1276
1892
1901
1918
2061
2061
2057
2041
2042
1249
1247
1246
1250
1246
1247
1242
1242
1316
1294
1293
1283
1284
1282
1891
1894
1895
1895
1895
1916
1915
2060
2060
2058
2040
2039
2039
1915
936
934
939
930
930
932
932
933
1159
1164
1162
1164
1149
1150
225
224
224
486
369
368
369
362
361
364
363
360
123
944
943
939
928
926
1110
1159
1157
1156
1164
1164
1148
1147
223
484
483
484
368
369
364
308
308
949
949
955
955
926
1116
925
1165
1175
1179
1179
1180
490
256
258
484
481
332
366
297
305
307
947
948
956
956
961
959
1165
1173
1181
1183
1182
1180
254
507
507
506
250
332
332
325
297
308
305
994
998
998
997
960
961
961
1168
1170
1173
1171
1172
1043
1183
1044
500
505
251
506
329
324
327
303
304
300
862
998
851
987
988
876
1170
1109
1169
1043
1044
582
582
583
246
509
577
393
324
323
302
298
299
852
853
854
879
1109
1108
689
692
1106
1042
586
586
581
578
389
389
392
378
377
376
852
856
851
887
887
882
684
692
690
690
572
568
580
581
581
406
404
403
378
376
375
856
1022
884
704
705
684
687
697
696
690
571
562
572
567
573
406
405
405
403
372
1025
1349
884
883
703
1773
706
1769
687
695
697
563
570
566
567
572
567
565
1806
2163
402
2182
370
1342
1764
1764
1760
1372
1769
1397
697
1437
1817
1821
566
1819
1806
2162
1980
2182
1342
1348
1751
1751
1749
1377
1770
1768
1434
1569
1821
1818
1818
1807
1806
1808
1809
2156
2157
2156
2169
1988
1980
1979
1981
1748
1375
1376
1374
1428
1428
1429
1816
1816
1814
1805
1789
1809
1954
1982
1982
1338
1754
1235
1234
1237
1373
1373
1432
1430
1429
1427
1426
1815
1825
1790
1955
1951
1957
1204
1205
1235
1272
1270
1432
1425
1898
1898
1790
1920
1920
1952
1955
1959
1960
1254
1257
1231
1230
1238
1233
1271
1272
1269
1265
1266
1266
1458
1897
1899
1900
1920
1922
1919
1944
1945
2071
1960
2052
1253
1257
1253
1222
1222
1224
1232
1291
1267
1268
1266
1266
1260
1904
1902
1901
2071
2069
2069
2070
2052
2051
2068
1252
1252
1247
1227
1224
1291
1277
1281
1264
1259
1891
1903
1904
1917
1918
1918
2063
2061
2058
2050
2050
2040
1251
1251
1239
1239
1227
1286
1294
1286
1292
1280
1282
1277
1895
1892
1894
1918
1918
2061
2059
2057
2049
2049
1285
938
1154
934
942
939
933
933
1158
1159
1163
1161
1161
1155
1153
223
225
224
132
132
131
126
128
123
122
123
950
941
942
939
942
933
1157
1158
1157
1160
1150
1151
223
224
130
257
135
135
362
127
119
121
123
951
951
951
948
941
1174
1175
1178
1152
1182
228
258
256
258
130
250
137
136
137
117
308
115
947
952
953
954
954
953
1166
1167
1173
1178
255
255
253
133
133
297
860
866
952
960
961
1167
1170
1173
1173
670
1183
246
251
252
249
162
331
301
304
300
301
863
861
862
866
872
877
876
1170
680
1172
680
682
674
674
183
164
165
165
165
393
32
304
303
853
851
879
881
877
875
691
679
673
184
181
163
406
29
404
298
855
857
856
886
887
880
704
692
692
701
572
584
569
175
169
406
403
378
378
375
374
375
858
856
857
887
704
685
687
694
693
569
568
565
169
153
403
373
371
375
1765
1765
1763
884
1762
1773
1774
705
1766
694
696
695
697
571
570
565
2357
166
2161
2150
2154
2152
2180
2178
2181
1750
1765
1761
1765
1761
1775
1774
1774
1769
1768
1767
1570
1571
2348
567
1817
2356
2162
2357
2163
2153
2180
2153
2173
2181
2182
1751
1744
1760
1775
1770
1570
1571
2354
2357
2357
2162
2158
2146
2174
1754
1751
1753
1748
1749
1759
1770
1567
1570
1562
1562
1816
1813
2336
2351
2351
2158
2158
2158
2169
2168
2169
2165
1981
1756
1756
1755
1753
1752
1237
1374
1556
1557
1425
1813
1814
2335
2352
2157
2171
2172
1956
1957
1956
1755
1756
1235
1237
1237
1541
1270
1556
1431
1558
1557
1430
1425
1897
1899
1899
2246
1922
1952
1960
1959
1958
1692
1236
1236
1236
1272
1238
1553
1269
1270
1265
1261
1261
1261
1897
1899
1923
1923
1923
1921
2068
1951
2051
1689
1254
1229
1291
1291
1259
1261
1260
1904
1904
1917
1923
2066
2068
2064
2067
2052
1691
1690
1228
1252
1229
1287
1504
1276
1279
1903
1913
1908
2054
2066
2066
2052
2044
1252
1690
1240
1229
1225
1286
1286
1288
1289
1281
1279
1278
1893
1893
1890
1912
1908
1913
1907
2056
2065
2065
2049
2047
1687
1280
2049
1153
226
935
935
940
773
761
760
758
1161
759
1149
1154
1154
1155
229
230
230
130
132
131
127
128
127
127
122
950
940
942
775
761
758
632
1161
1154
1152
1151
1152
238
230
228
230
132
257
137
117
124
865
951
776
770
770
1174
1177
1176
1176
231
237
237
254
258
142
136
134
134
137
119
119
116
864
865
868
771
770
771
643
1178
1178
638
639
232
253
253
247
252
250
34
112
111
111
112
118
119
861
868
867
872
871
869
874
1168
1173
683
681
671
670
248
248
253
36
36
304
301
21
860
863
867
877
877
874
873
683
680
674
673
672
247
184
162
162
165
36
35
36
23
26
299
859
854
878
881
880
876
874
689
680
675
674
183
184
164
162
165
30
149
31
22
377
21
859
858
859
887
887
882
708
707
691
673
176
175
181
168
152
31
40
859
886
885
884
711
709
687
702
702
179
178
178
169
173
169
152
39
39
1731
1731
1771
1772
711
710
686
693
694
700
701
700
569
179
167
2161
2159
2151
2153
2152
2154
2182
1764
1762
1771
1774
1766
1564
1563
1563
2348
2354
2356
2355
2162
2147
2153
2152
2179
1743
1746
1760
1759
1568
1767
1568
1570
1566
2347
2347
2348
2339
2338
2354
2355
2156
2147
2149
2177
2177
2176
2173
1743
1749
1747
1753
1745
1770
1757
1556
1567
1561
2334
2339
2337
2351
2351
2171
2169
2167
2174
1742
1753
1758
1542
1543
1557
1554
1562
1561
2333
2335
2352
2245
2350
2171
2167
2164
2165
1957
2166
1742
1756
1696
1692
1693
1693
1535
1543
1560
1559
1559
1558
2247
2248
2247
2246
2244
2246
2245
2172
2171
2110
2124
2124
2119
1694
1694
1698
1698
1541
1553
1550
1512
2250
2251
2251
2244
2109
2111
2068
2121
1958
1689
1684
1697
1229
1547
1552
1551
1553
1552
1516
1513
1513
2251
1888
1910
1906
1922
2111
2063
2062
2045
2120
1690
1685
1691
1226
1228
1288
1546
1288
1546
1551
1505
1506
1498
1890
1887
1889
1913
1910
1908
1906
2062
2066
2047
2045
1688
1687
1226
1226
1225
1288
1289
1523
1287
1281
1505
1279
1506
1279
1498
1890
1890
1912
1913
1908
1911
2055
2054
2056
2065
2056
2047
2046
2047
2044
2046
227
125
754
754
773
760
772
761
635
634
634
658
660
660
227
229
146
146
147
147
145
144
126
125
124
93
121
773
774
776
776
769
632
634
659
660
660
239
239
238
235
141
144
142
144
140
95
121
94
753
755
776
775
768
771
631
632
641
232
234
239
234
239
243
236
250
142
141
114
116
104
864
868
743
741
767
847
870
771
643
642
639
231
243
240
142
134
33
33
113
118
115
865
821
868
821
872
843
843
847
870
681
682
638
244
247
245
243
241
241
34
32
25
24
20
822
821
872
844
845
849
869
874
846
683
683
677
666
671
669
182
160
161
35
36
28
25
26
26
21
822
840
850
850
849
689
678
676
678
669
668
184
182
182
160
159
151
160
29
31
22
40
42
837
839
878
839
707
709
717
675
669
699
177
181
174
174
153
150
149
150
30
38
37
42
42
838
839
834
711
708
739
702
702
699
179
179
172
174
154
155
155
156
155
38
38
45
45
1733
1733
1738
834
711
712
699
699
178
171
166
2151
2150
2178
2206
2179
1732
1732
1729
1733
1736
1709
1710
1772
1584
1564
1563
1563
1565
2345
2348
2361
2359
2360
2160
2159
2149
2146
2200
2196
2177
1729
1740
1744
1735
1747
1746
1716
1708
1582
1588
1565
1566
2346
2346
2354
2362
2366
2160
2148
2149
2199
2177
2198
1740
1747
1747
1758
1717
1585
1581
1555
1555
2342
2339
2339
2338
2353
2350
2366
2350
2149
2170
2175
2177
2167
2200
1741
1742
1742
1741
1745
1757
1717
1543
1554
1560
1562
2334
2333
2331
2334
2332
2337
2336
2255
2240
2170
2164
2167
1696
1699
1701
1536
1699
1535
1538
1543
1542
1559
1625
2332
2248
2254
2256
2243
2242
2246
2240
2109
2125
2126
2126
2122
2118
1695
1701
1700
1538
1539
1540
1550
1549
1514
1515
1513
2249
2251
2254
2242
2243
2110
2126
2121
2120
2121
1696
1683
1686
1697
1698
1548
1548
1544
1550
1553
1516
1516
1510
1512
2249
2250
2253
2292
2104
2105
2091
2123
2091
1683
1684
1686
1685
1548
1548
1547
1525
1504
1505
1516
1498
1888
2258
1910
1910
1906
2054
2092
2092
2093
2092
1688
1668
1690
1668
1520
1520
1523
1524
1502
1503
1505
1500
1889
1888
1909
1911
2056
1905
2055
2289
2092
2093
2095
754
755
764
756
762
759
636
662
656
658
226
293
290
146
147
143
125
92
93
754
757
757
773
763
635
636
637
633
634
657
657
236
236
289
139
147
144
114
93
94
756
741
774
767
768
632
646
646
645
641
233
234
235
271
138
140
113
102
95
104
748
741
643
646
641
245
234
275
271
270
11
9
15
114
19
16
19
104
747
746
819
743
845
784
785
594
644
607
242
243
274
240
271
36
10
10
16
24
26
821
819
844
847
847
848
595
678
667
244
667
202
247
199
158
158
27
68
21
820
820
818
845
849
850
717
678
717
677
666
669
201
200
201
157
158
160
151
150
27
23
67
68
836
815
839
840
835
850
720
716
676
176
172
174
149
150
31
156
73
43
38
42
836
837
838
835
835
720
719
713
713
737
736
173
170
155
37
54
44
44
1721
1730
1733
1737
1737
1709
713
712
738
739
2345
171
2362
154
2209
2206
2197
45
2205
45
1736
1735
1737
1712
1716
1588
1590
1586
2346
2345
2359
2361
2362
2203
2206
2206
2197
1729
1714
1715
1718
1719
1716
1589
1587
1587
1586
2343
2341
2359
2361
2367
2160
2207
2191
2197
2199
2200
1740
1734
1714
1719
1719
1584
1581
2343
2340
2342
2340
2365
2365
2366
2366
2190
2191
2191
2200
2198
1664
1657
1699
1582
1627
2332
2331
2256
2365
2325
2241
2115
2184
2183
2195
1662
1658
1536
1538
1537
1539
1627
1626
1627
2255
2256
2256
2239
2240
2240
2117
2114
2126
2122
2119
1696
1701
1700
1701
1545
1538
1540
1514
1511
2233
2231
2253
2252
2239
2116
2125
2123
2087
2087
1665
1686
1682
1545
1682
1533
1532
1550
1508
1510
1515
1511
2230
2258
2257
2253
2293
2253
2293
2108
2107
2091
2089
1667
1666
1681
1680
1680
1519
1520
1544
1521
1525
1525
1507
1509
1507
1511
2259
2258
2262
2292
2291
2293
2288
2291
2105
2105
2108
2098
2094
2094
1668
1666
1668
1675
1520
1524
1525
1502
1503
1501
2260
2260
2260
2264
2290
2293
2290
2289
2100
2098
2097
1500
295
751
750
752
765
765
766
762
655
636
651
662
662
293
295
290
290
290
289
91
91
91
96
93
100
98
757
764
763
803
637
630
636
662
650
665
656
294
287
288
89
76
96
101
92
744
752
757
800
799
801
800
629
629
640
663
286
288
281
268
138
88
101
105
103
104
747
745
745
743
782
785
643
783
645
646
608
644
608
641
273
273
273
269
269
271
12
139
12
17
16
102
103
748
747
743
784
615
595
609
607
609
272
276
276
275
12
11
14
17
15
62
16
19
59
819
793
845
785
615
614
593
594
606
276
202
197
274
199
198
221
5
9
66
68
62
816
817
833
842
841
841
615
732
734
194
200
201
199
221
221
219
219
4
28
72
67
68
815
817
817
835
842
720
717
734
733
733
732
201
195
188
218
188
218
209
72
71
66
65
41
1738
1725
715
720
729
739
737
735
730
736
170
208
208
211
209
72
71
43
1721
1709
1709
715
714
715
738
1580
739
1580
735
2306
726
736
2308
2308
2307
207
2317
211
2204
2208
2209
2208
2216
46
1720
1737
1708
715
1590
1579
2306
2308
2310
2362
2364
2203
2209
2203
2207
2196
1735
1735
1713
1713
1714
1718
1710
1716
1584
1584
1590
1590
1583
1589
2305
2306
2309
2363
2363
2317
2189
2191
2186
2195
2193
1632
1663
1714
1642
1719
1718
1585
1583
1587
2300
2341
2325
2324
2364
2364
2367
2134
2190
2184
2185
2194
1664
1663
1659
1639
1607
1623
1622
1620
2343
2325
2117
2191
2183
2195
2195
2112
1664
1664
1661
1655
1655
1659
1658
1529
1529
1623
1624
1626
1624
1627
1625
1619
2234
2230
2232
2231
2224
2241
2116
2114
2113
2118
1660
1662
1659
1658
1526
1534
1528
1612
1609
1624
1618
2234
2237
2231
2231
2239
2285
2116
2114
2088
2085
1665
1681
1679
1679
1682
1534
1508
1610
1510
2233
2269
2236
2258
2230
2287
2268
2288
2285
2108
2106
2108
2106
2089
2089
1672
1672
1682
1518
1679
1522
1533
1496
1511
2265
2265
2286
2264
2288
2104
2103
2107
2096
2097
2081
1670
1673
1673
1671
1518
1522
1521
1493
1493
1497
1497
1501
2259
2265
2262
2290
2099
2099
2102
2100
2098
2098
2095
1674
766
278
750
750
766
765
655
654
651
652
664
664
295
294
295
287
277
90
91
77
97
99
100
752
752
751
806
802
803
653
655
653
654
650
665
291
287
283
281
89
91
77
107
100
100
744
810
810
799
803
800
630
647
649
650
647
663
284
283
282
88
87
88
110
105
746
791
782
592
592
599
605
609
266
268
262
7
107
14
107
108
747
746
794
794
785
783
593
592
592
608
273
276
260
260
8
62
830
819
794
792
792
789
617
606
197
196
197
220
6
4
14
63
63
60
829
830
826
826
833
611
617
617
615
619
731
194
221
221
5
70
64
58
57
817
816
833
613
622
734
731
727
195
191
199
192
213
217
218
214
72
73
69
64
58
57
55
815
1727
1725
718
719
734
730
725
726
725
187
186
188
208
210
210
70
52
52
1723
1720
1725
718
729
729
2303
2308
2313
208
211
54
2219
54
2216
1723
1712
1707
1707
1702
1580
1580
2304
2306
2304
2311
2311
2311
2316
2202
2208
2204
2218
2217
2217
2216
1722
1636
1633
1641
1707
1600
1575
1578
2301
2301
2311
2316
2320
2203
2188
2187
2192
2192
1636
1636
1634
1642
1644
1606
1608
1599
1599
1620
2300
2324
2321
2319
2320
2134
2187
2188
2185
2186
2186
2193
1632
1634
1640
1640
1607
1599
1599
1621
1618
2323
2323
2325
2223
2132
2132
2143
2138
1660
1661
1659
1656
1639
1527
1529
1607
1612
1621
1619
1615
2235
2237
2327
2228
2227
2228
2225
2117
2145
2145
2114
2112
2140
2140
1648
1661
1651
1527
1529
1611
1612
1609
2236
2235
2237
2232
2225
2226
2117
2079
2074
2086
2086
1654
1672
1654
1654
1531
1531
1534
1534
1532
1494
1615
2268
2269
2224
2287
2280
2285
2088
2082
2089
2085
1670
1673
1679
1677
1530
1531
1494
1494
1491
1501
2271
2263
2265
2288
2101
2103
2103
2082
2083
1670
1673
1675
1517
1517
1487
1495
1496
1497
1497
1495
1492
2263
2274
2286
2277
2277
2101
2102
2096
2083
2274
652
805
808
292
292
291
292
280
278
82
86
86
80
77
99
97
804
801
802
655
796
648
650
665
279
285
83
85
77
74
110
109
813
809
803
797
797
795
601
604
602
285
285
88
76
75
110
813
813
811
810
779
782
599
596
604
603
266
261
7
107
109
811
790
794
793
778
597
597
605
604
267
262
8
260
7
1
14
59
831
831
790
788
618
618
619
628
606
193
6
3
2
63
63
830
829
825
826
789
616
617
623
621
623
619
197
192
216
216
69
56
58
828
826
612
611
621
724
192
188
212
218
206
65
828
823
613
613
729
723
723
186
204
204
206
53
53
51
1728
1727
1702
1703
1703
1574
1577
727
185
186
2312
203
204
2211
211
2218
51
1723
1723
1726
1703
1575
1575
1579
2302
2303
2309
2312
2314
2313
2202
2219
2219
2215
1632
1631
1601
1573
1578
2302
2296
2310
2320
2133
2135
2210
2214
2214
1631
1635
1636
1642
1644
1645
1641
1606
1645
2298
2301
2301
2321
2328
2320
2134
2135
2214
2214
1629
1628
1637
1643
1607
1608
1598
1622
2330
2326
2321
2220
2319
2223
2132
2131
2139
2139
2140
1656
1651
1640
1605
1621
2327
2326
2329
2228
2228
2132
2142
2144
2145
2136
2140
1653
1650
1526
1612
1614
1616
1616
2237
2227
2279
2281
2143
2075
2073
1654
1653
1651
1483
1531
1486
1488
1610
1617
1616
2269
2267
2281
2079
2080
2073
2074
2081
1670
1488
1487
1488
1489
1490
2271
2273
2272
2273
2276
2278
2080
2080
2078
2080
1669
1676
1677
1483
1492
1491
2270
2274
2261
2278
2277
2103
2076
2084
2084
1485
808
807
652
648
82
78
804
664
86
75
810
798
796
600
84
596
601
267
262
106
108
812
789
597
266
261
3
61
778
267
259
56
60
830
824
616
623
190
212
216
2
55
787
613
612
624
622
724
189
192
214
70
49
1727
823
1704
728
721
204
1726
1702
722
206
2215
51
1728
1603
1602
1577
2295
2315
2315
2315
1635
1645
1601
1600
1575
1597
2299
2296
2133
2128
1631
2328
2322
2318
2222
2134
2130
2130
2213
1637
1597
1621
2330
2130
2212
1638
1595
1598
2330
2221
2223
2145
1653
1605
1596
2327
2226
2279
2144
2075
1648
1646
1481
1614
1616
2266
2280
2141
2079
2075
1647
1488
1490
2272
2276
2077
1677
1489
2276
2077
805
282
83
82
284
791
777
777
7
193
215
3
828
787
628
623
48
728
51
2219
1705
2210
1644
1630
1573
2295
2127
2299
2127
1605
2138
2142
1652
1613
2283
2283
2276
2077
1487
1492
277
81
280
80
812
795
110
285
1
628
788
627
3
787
213
206
53
1574
1576
2297
2213
1645
1604
2130
2129
1649
1592
2221
1591
1613
2075
1596
2266
2267
1481
1617
2271
2283
2076
2084
808
86
600
282
84
74
813
267
628
1
787
216
48
828
625
724
620
186
722
1576
2297
2318
2329
2330
1651
2220
1485
2283
2073
1483
2274
2277
807
600
602
279
82
796
604
779
47
824
616
190
49
205
1728
1728
721
2314
2211
2213
1631
1602
2298
1628
1605
1598
1629
1638
1595
2142
1481
1646
1677
1484
2271
2275
807
598
1344
1344
78
798
798
265
1346
780
263
263
47
625
786
624
1704
49
1705
2294
1603
1603
2294
2201
1573
2128
2297
2222
167
1592
2142
2137
2282
1647
1649
1480
2283
2137
1481
1484
521
1096
1344
264
79
79
1346
1346
780
264
780
1457
1593
1457
626
189
1499
1593
521
626
1594
1594
1020
1343
1649
1343
781
1594
1004
