2432
888
364
455
452
451
896
896
889
613
434
433
895
657
658
633
639
640
639
353
438
438
883
652
650
635
354
435
428
428
427
876
654
632
352
607
595
593
877
798
654
628
627
632
604
595
594
591
814
799
628
564
603
563
590
811
810
811
807
801
753
752
732
738
557
561
555
546
547
811
801
749
731
457
457
559
556
560
547
818
832
743
744
747
723
456
462
1540
1645
1635
818
2199
1544
1543
1540
1637
1634
1634
2200
2227
1546
1526
1528
1644
2241
1551
1547
1524
1524
1651
1652
1649
2191
2153
2238
2231
1417
1551
1379
1611
2131
2130
2154
2238
2221
2220
2222
2218
1415
1417
1378
1608
1609
1597
2131
2151
2152
2217
2222
2309
1416
1416
1383
2133
2307
1386
1384
1237
1248
1247
2280
2281
2282
2306
2305
2314
2314
1411
1410
1402
1402
1241
1245
2313
1399
1403
1403
1238
1238
1241
1246
1244
2333
2284
2286
2288
2286
2316
368
367
369
364
369
363
455
454
454
453
452
436
432
421
894
894
896
889
888
892
659
659
662
612
616
616
614
368
362
362
440
437
445
454
432
433
893
896
884
890
884
890
659
658
613
633
615
639
366
358
360
344
438
444
435
429
431
429
431
898
899
887
883
887
875
656
651
635
634
635
639
640
353
357
355
354
445
435
435
428
428
899
881
882
876
652
653
651
630
634
631
357
356
352
355
354
355
607
605
597
594
592
879
592
882
654
653
629
629
632
740
478
478
606
607
603
597
596
597
591
809
814
816
816
816
799
798
654
754
732
739
740
740
740
476
477
481
552
551
551
603
589
589
811
810
808
808
800
801
745
754
746
753
731
734
738
478
459
459
553
564
563
562
550
590
822
821
820
820
802
748
749
752
733
725
722
462
464
463
557
558
558
561
556
563
547
546
822
825
817
831
818
831
744
749
749
742
725
724
725
722
464
464
559
555
1645
548
1646
1636
1636
1641
2200
832
743
744
744
741
741
2235
725
723
2228
1553
1553
1543
1541
1542
1542
1528
1542
1527
1647
1647
1647
1637
1635
2203
2203
2199
2201
2202
2192
2237
2192
2185
2236
2236
2230
2228
1557
1557
1544
1546
1542
1528
1647
1644
1652
1652
1649
2195
2195
2198
2196
2193
2193
2239
2193
2241
2229
2231
2230
1556
1552
1552
1547
1535
1612
1643
1652
1651
2194
2197
2196
2193
2150
2241
2241
2240
2220
2231
2219
1551
1418
1534
1534
1614
1611
1609
1648
1596
1649
2128
2197
2154
2155
2216
2217
2221
2222
2219
1419
1416
1418
1380
1379
1380
1381
1381
1378
1607
1607
1596
2129
2130
2155
2155
2216
2222
1422
1415
1418
1386
1381
1378
1382
1609
1599
1599
1597
2132
2135
2135
2152
2151
2281
2307
2307
2305
2308
2309
2312
1424
1420
1420
1386
1386
1385
1383
1239
1240
1598
1248
1599
1599
2136
2133
2133
2324
2283
2307
2308
2310
1414
1400
1397
1396
1401
1402
1237
1242
1248
1248
1247
2333
2332
2284
2283
2288
2282
2287
2290
2314
2315
1411
1414
1399
1397
1398
1405
1404
1405
1236
1241
1243
1246
1244
2333
2284
2288
2289
2314
2317
2317
2317
2316
1399
455
662
369
367
363
447
455
450
418
420
421
904
894
906
907
908
891
891
663
664
612
616
616
614
369
365
366
363
362
438
440
445
449
453
425
423
426
422
430
894
908
885
892
656
664
655
608
645
611
637
366
360
345
443
445
444
424
436
430
900
898
901
901
900
886
887
887
874
657
649
645
638
638
359
359
360
345
360
344
442
431
431
901
879
881
875
650
649
635
644
643
637
641
357
357
352
343
483
343
602
598
605
597
593
579
813
882
877
877
646
648
647
630
737
632
476
482
601
602
599
607
599
596
582
816
816
805
751
754
739
736
475
482
552
600
550
549
813
807
805
803
805
745
750
754
735
478
461
459
481
554
554
554
553
565
564
566
822
824
834
801
804
835
748
756
750
756
735
755
733
730
464
458
459
558
567
567
564
560
550
549
548
823
825
825
820
834
834
835
827
756
756
727
728
466
1540
558
1521
1646
541
1642
1642
818
833
2201
833
742
2236
727
2223
1554
1554
1546
1541
1527
1527
1665
1666
1642
1640
2203
2203
2188
2188
2187
2186
2233
2235
2224
2234
2229
1557
1556
1555
1552
1546
1530
1643
1666
1650
1638
2195
2198
2190
2192
2189
2233
2236
2226
2226
2227
1557
1555
1549
1548
1552
1545
1537
1538
1537
1613
1612
1650
2195
2197
2189
2150
2149
2240
2212
2240
2230
2215
1548
1432
1436
1535
1614
1610
1600
1600
2197
2164
2163
2157
2155
2211
2214
2213
1419
1380
1373
1613
1610
1614
1605
1606
1604
2165
2165
2156
2210
2212
2217
2303
2218
1424
1422
1429
1423
1418
1385
1382
1373
1383
1608
1601
1601
1602
2129
1603
2136
2163
2324
2155
2306
2302
2304
2312
1410
1424
1424
1421
1369
1384
1371
1239
1222
1240
1604
1252
2136
2325
2326
2280
2303
2304
2311
2312
2312
1413
1412
1401
1235
1242
1242
1252
1251
2327
2326
2325
2329
2323
2296
2292
2292
2315
1414
1413
1414
1412
1399
1395
1400
1398
1405
1404
1405
1235
1236
1242
1249
1250
1245
2330
2333
2336
2336
2287
2288
2298
2291
2293
2292
2289
2317
2285
2291
2290
370
446
664
365
374
370
372
363
447
450
450
419
423
419
420
905
906
911
907
891
891
661
664
609
609
608
610
611
611
610
379
372
449
440
450
418
426
422
906
904
910
910
911
885
660
677
611
624
377
379
378
349
345
441
443
425
426
426
406
901
909
880
880
847
656
660
649
678
645
624
644
637
377
350
348
345
347
441
442
410
424
580
580
898
881
867
857
874
858
649
676
645
642
642
358
346
488
602
598
583
579
586
879
882
872
647
646
643
708
641
706
476
482
488
601
602
577
583
582
812
813
871
872
873
872
803
870
719
707
709
706
737
476
485
482
484
483
484
601
573
578
577
581
582
813
815
806
806
751
719
711
734
460
460
485
471
569
566
536
550
542
825
542
791
834
806
827
802
759
759
726
727
730
736
461
463
466
471
569
568
565
540
539
541
543
823
824
830
827
746
758
757
729
729
465
469
466
471
466
1520
1521
1663
1667
1642
1639
829
830
830
830
2186
2272
757
2277
2248
2250
2250
1595
1595
1545
1523
1523
1666
1668
1670
1641
1640
2178
2171
2188
2188
2185
2232
2277
2242
2225
2224
2223
1594
1588
1550
1538
1533
1665
1671
1671
2175
2176
2176
2181
2190
2173
2148
2233
2233
2234
2226
2226
2252
1549
1591
1529
1532
1664
1616
1664
1617
2175
1669
2183
2182
2181
2181
2147
2150
2205
2212
2209
2208
2213
1432
1536
1438
1372
1537
1613
1615
1615
1631
2128
2162
2162
2150
2210
2212
2215
2214
1431
1430
1437
1433
1436
1373
1614
1625
1606
1626
1602
1633
2165
2165
2158
2156
2204
2211
2302
2384
2385
1430
1429
1441
1440
1437
1368
1375
1371
1273
1274
1605
1601
1604
2134
2164
2159
2299
2300
2385
1421
1441
1368
1369
1370
1371
1224
1253
1604
1253
2134
2136
2323
2322
2296
2295
2301
2302
1407
1408
1394
1395
1389
1371
1222
1223
1250
1252
1252
2327
2326
2334
2326
2323
2292
2294
2311
2376
1406
1408
1394
1394
1390
1219
1221
1220
1243
1249
2331
2331
2330
2336
2336
2335
2297
2298
2298
2298
2293
2376
2376
2375
1390
2377
373
374
374
370
328
446
448
448
392
388
388
905
906
903
902
846
852
854
853
663
661
619
618
620
617
373
374
371
329
330
415
414
413
388
407
406
407
903
910
848
849
854
854
854
674
621
626
625
379
379
350
417
416
417
411
413
405
406
910
909
848
857
849
849
858
678
678
676
623
626
626
376
376
350
350
412
411
404
403
844
868
857
867
680
680
668
623
623
492
493
348
487
346
504
504
412
410
402
586
585
588
868
868
869
856
872
858
869
680
679
707
708
669
670
492
493
486
492
488
488
573
578
578
578
583
588
797
865
793
871
870
767
721
721
721
710
711
705
706
490
490
486
573
503
571
571
571
583
797
794
795
794
761
806
761
765
721
711
718
711
706
489
474
569
572
568
540
536
792
774
765
766
717
709
730
468
469
473
473
569
535
540
539
544
545
792
791
775
775
778
776
759
759
726
730
728
469
468
467
471
1522
1521
540
545
544
545
779
829
828
828
777
2172
2272
758
2279
685
684
700
2249
1594
1595
1587
1586
1523
1523
1663
1668
1671
1667
2179
2179
2170
2170
2172
2174
2274
2274
2275
2278
2249
2250
1593
1595
1590
1530
1529
1531
1654
1659
1671
1670
2177
2180
2171
2273
2279
2279
2245
2245
2242
2244
2253
1592
1590
1588
1589
1538
1565
1530
1533
1533
1533
1618
1669
2184
2181
2184
2174
2147
2264
2251
2245
2255
2255
2252
1433
1438
1432
1437
1532
1624
1618
1618
1618
1632
1633
1633
2182
2161
2162
2157
2205
2207
2208
2207
2209
2254
2255
1433
1438
1376
1625
1627
1633
2143
2144
2160
2145
2160
2160
2206
2207
2384
2386
2387
2387
1425
1443
1440
1440
1374
1376
1276
1625
1628
1628
1627
1630
2146
2146
2145
2160
2159
2318
2300
2299
2388
2388
2392
1443
1442
1443
1393
1374
1279
1274
1223
1231
1603
2146
2321
2320
2319
2323
2294
2302
2392
2393
2391
2391
1409
1408
1393
1388
1387
1219
1224
1223
1221
1234
1230
2355
2328
2328
2318
2319
2295
2391
2381
2376
1406
1407
1394
1392
1391
1389
1218
1219
1221
1217
1234
1234
2331
2331
2334
2335
2297
2382
2378
2377
1391
323
617
325
325
324
324
327
391
393
392
392
395
387
388
387
384
385
902
838
837
852
850
661
935
621
621
620
937
618
375
306
326
331
327
416
392
414
395
839
839
849
846
851
853
850
675
675
621
626
625
310
312
331
331
329
417
416
408
404
409
407
407
844
848
861
674
682
677
682
666
623
376
310
349
319
316
347
315
317
412
412
411
402
403
400
400
844
843
866
862
863
683
683
667
668
491
493
493
511
317
507
574
587
587
843
867
860
866
863
680
681
668
669
672
524
509
511
505
575
575
585
140
588
796
797
864
864
873
856
720
715
720
713
710
490
526
509
509
570
585
584
797
790
795
793
763
768
768
766
768
717
718
704
703
703
490
525
472
499
573
533
571
537
535
537
794
788
792
774
761
766
687
686
690
701
701
699
698
469
516
474
473
499
538
545
792
772
778
765
778
777
684
687
686
701
699
467
1584
473
502
1520
534
1658
538
780
781
773
2168
778
2167
2271
2270
702
2246
1585
1583
1587
1586
1560
1657
1657
1661
1660
782
2178
2169
2174
2169
2274
2273
2276
2278
2279
2276
2250
2247
1594
1592
1584
1590
1566
1559
1559
1559
1653
1653
1654
1661
1661
2179
2179
2183
2174
2173
2274
2275
2242
2247
1592
1591
1590
1565
1566
1656
1621
1631
2184
2184
2162
2148
2264
2263
2264
2245
2258
2258
2253
2254
1433
1564
1566
1531
1616
1623
1617
1632
2137
2138
2138
2141
2140
2207
2251
2255
2257
1428
1428
1435
1434
1434
1375
1276
1275
1628
1622
1629
1630
2142
2140
2204
2397
2396
2395
2404
2387
1427
1426
1442
1435
1439
1447
1376
1281
1276
1278
1276
1273
1264
1628
2143
2144
2320
2402
2402
2397
2394
2390
2387
1426
1471
1443
1440
1460
1446
1279
1278
1263
1231
1230
2146
2354
2321
2349
2401
2390
2390
2393
2393
1470
1470
1467
1461
1387
1280
1217
1278
1223
1233
1232
1231
2354
2355
2337
2416
2383
2382
2380
2392
1469
1468
1468
1467
1459
1455
1392
1457
1388
1219
1277
1217
1233
1233
1234
2353
2355
2352
2352
2340
2340
2339
2382
2381
2380
2378
2378
2340
326
307
326
328
323
339
337
340
390
394
395
387
382
385
836
837
964
965
951
936
936
938
935
939
937
932
941
311
307
331
330
338
391
393
397
398
396
395
386
384
839
965
968
967
968
939
939
944
943
312
312
315
321
338
409
338
401
396
144
841
842
842
841
846
851
863
961
939
948
622
945
531
318
319
316
317
314
408
401
400
137
138
840
841
859
863
862
861
682
960
683
668
666
947
530
510
531
512
511
506
317
314
402
123
127
402
588
138
141
843
865
859
860
716
683
667
672
673
671
527
510
523
511
507
507
505
126
576
141
140
796
1157
763
1157
856
767
716
716
712
704
670
671
526
526
525
509
503
574
532
112
139
141
789
789
763
761
768
714
715
694
694
694
526
516
515
497
497
498
532
112
113
139
790
785
770
770
760
688
690
691
692
701
693
516
514
501
499
500
534
110
105
107
112
787
780
787
773
770
769
689
689
691
702
513
1584
501
501
502
1810
535
1820
109
105
108
779
782
773
782
786
773
772
2167
2271
685
2092
698
1582
1581
1584
1560
1560
1823
1658
108
1660
1854
1853
781
1839
2168
2269
2246
2092
1585
1583
1577
1578
1569
1565
1823
1822
1661
1659
1853
1854
1856
2169
2169
2268
2270
2269
2269
2266
2262
2243
2260
2260
2259
1575
1571
1566
1656
1655
1623
1620
1856
1855
1838
2139
2267
2265
2261
2260
2259
1576
1576
1562
1570
1562
1563
1656
1622
1623
1623
1629
1620
1857
2141
2265
2264
2404
2257
1428
1428
1449
1272
1272
1622
1259
2137
2140
2141
2400
2402
2412
2411
2406
2407
1471
1425
1445
1445
1447
1447
1269
1270
1265
1267
1266
1256
1255
2142
2350
2350
2401
2400
2402
2394
2395
2396
2403
2370
1471
1471
1463
1462
1445
1461
1447
1281
1281
1263
1267
1264
1255
2348
2350
2349
2414
2413
2413
2373
2373
2371
2374
1464
1470
1459
1461
1460
1281
1229
1284
1229
1228
2355
2347
2346
2338
2338
2416
2415
2383
2368
2367
2371
2368
1465
1466
1455
1456
1456
1457
1287
1288
1283
1284
1227
1229
2352
2354
2352
2337
2340
2416
2379
2382
2365
2366
1288
332
383
305
334
333
341
341
341
390
398
381
380
383
836
838
1161
964
953
952
951
933
934
944
941
932
306
335
336
336
336
340
337
390
398
398
383
297
1167
1164
968
966
968
963
938
934
944
944
943
311
312
309
320
336
261
397
144
298
149
1166
1167
1151
1164
967
957
962
963
963
949
949
946
308
322
322
322
313
322
314
124
143
151
1152
1153
1151
966
960
948
531
531
320
507
92
94
127
125
134
135
137
1158
1152
1150
1149
1086
716
1030
673
673
1032
528
527
530
522
512
506
93
127
126
125
135
127
135
141
1158
1157
1086
1083
1085
715
1042
713
672
522
523
495
496
89
90
111
134
134
1154
1075
1084
714
1043
692
694
520
521
521
495
497
87
89
109
112
113
786
788
785
1077
1095
691
691
697
695
696
697
697
521
516
518
496
500
533
110
104
106
787
771
770
1096
1096
688
695
697
696
514
1582
513
501
1813
1813
1810
96
1820
105
108
108
107
783
784
771
1832
1094
1830
2108
2096
2098
2091
2090
2090
1578
1581
1568
1580
1812
1812
1813
1809
1820
1821
1822
1793
1791
1852
784
1853
1841
1831
1832
2105
2094
2095
2097
2095
2113
2091
1577
1580
1568
1810
1823
1821
1791
1841
1839
1829
1828
2269
2094
2121
1576
1574
1576
1569
1570
1563
1823
1817
1787
1789
1620
1856
1856
1834
1828
1838
2268
1827
2266
2261
2101
2262
2258
2260
1575
1574
1573
1570
1571
1272
1656
1818
1787
1260
1858
1834
1833
2139
2267
1961
2412
2407
2407
2257
1572
1475
1451
1452
1269
1326
1272
1271
1271
1258
1258
1258
1260
1859
1861
1861
1964
2399
2411
2404
2405
2406
1475
1452
1451
1448
1269
1326
1265
1270
1271
1266
1257
1257
1255
1909
1860
2430
2398
2398
2399
2410
2404
2374
1476
1475
1446
1280
1283
1256
1257
1257
2346
2348
2429
2431
2414
2374
2419
2374
2371
1479
1479
1462
1464
1461
1285
1282
1229
1226
2347
2341
2431
2416
2420
2372
2373
2369
1463
1466
1454
1459
1454
1456
1456
1287
1286
1286
1227
1225
2345
2344
2345
2344
2431
2431
2431
2420
2368
2369
2368
2366
1466
1286
2365
295
1159
305
333
332
339
265
265
288
380
287
381
382
296
297
1162
1162
1161
953
953
950
933
931
929
931
941
304
305
335
254
341
264
288
286
298
298
297
298
1165
1165
1167
1163
953
957
963
942
942
308
309
251
262
262
146
146
145
150
1177
1175
1166
1167
1164
958
961
959
959
962
948
949
945
169
170
321
258
261
258
132
143
146
151
151
151
1153
1153
1152
1149
958
1040
1029
1029
1028
1027
1031
949
529
318
156
156
154
94
94
124
123
129
143
148
150
1158
1158
1150
1041
1041
1033
1030
1034
529
528
156
86
93
91
94
128
120
135
117
136
1155
1155
1156
1086
1086
1042
1040
1044
1043
1026
1034
519
519
157
88
86
89
88
90
120
122
136
1154
1076
1084
1091
1083
1089
1089
1043
1043
1033
1034
521
518
520
497
87
89
98
98
103
115
1077
1074
1075
1087
1095
1008
1020
517
518
203
87
77
97
98
102
787
1080
1082
1081
1096
1073
1096
1100
1017
1016
1675
518
1811
1811
76
96
97
102
105
106
100
99
783
1081
1073
1832
2107
2107
2096
2098
2098
2114
1674
1676
1813
1810
1820
1794
1794
1792
1843
1842
1832
1831
2108
2108
2104
2097
2113
1679
1680
1692
1815
1817
1817
1794
1792
1793
1846
1845
1845
1840
1842
1841
1829
2104
2105
2102
2120
2119
2122
2118
1680
1568
1691
1570
1692
1818
1815
1817
1789
1788
1846
1834
1837
1834
1826
2101
2120
2122
2121
1572
1573
1816
1317
1326
1786
1788
1262
1261
1857
1861
1827
1963
1827
2019
2030
2405
2030
2407
2032
1694
1573
1474
1473
1452
1451
1316
1317
1326
1305
1261
1262
1861
1859
1861
1965
1965
1965
1962
2412
1962
2410
2408
2409
2032
1476
1475
1450
1452
1315
1312
1313
1304
1912
1909
1913
1964
2418
2417
2409
2361
2370
1478
1478
1473
1449
1448
1314
1289
1267
1314
1305
1302
1302
1913
1912
2341
2430
2417
2418
2421
2362
2364
2360
1481
1481
1481
1453
1454
1289
1490
1291
1291
1282
1296
1297
1301
2343
2342
2342
2428
2342
2426
2431
2420
2363
2356
2360
1465
1480
1454
1487
1487
1290
1291
1290
1286
1285
1296
1225
1297
1226
1293
2345
2345
2345
2427
2428
2427
2423
2421
2422
2357
2422
2356
2358
2359
2356
2359
1160
930
189
189
248
255
254
265
287
288
301
301
302
295
1160
1162
954
955
955
987
950
986
929
930
927
926
927
248
253
254
265
263
285
285
294
1176
300
1171
1172
1172
1169
954
952
956
987
984
928
940
926
189
187
252
252
251
260
263
286
145
1177
1177
1176
1175
1172
1168
1170
1168
956
987
1045
946
1051
170
152
168
153
256
257
259
260
260
146
149
1177
1173
1146
958
1029
1029
1037
1046
1052
1053
170
162
170
159
153
160
154
257
132
132
128
148
147
1144
1145
1145
1148
1148
1039
1039
1027
1052
1031
162
161
158
159
159
86
92
91
84
132
129
122
121
148
116
148
1087
1090
1088
1037
1044
1026
1033
1015
1034
162
194
79
84
78
83
122
101
121
117
114
116
1077
1072
1067
1076
1090
1091
1090
1007
1015
1020
1019
200
202
202
203
82
78
83
119
114
115
1079
1076
1074
1069
1101
1093
1099
1098
1097
1008
1016
1018
1020
199
202
76
98
103
102
99
102
1080
1082
1081
1078
1069
1101
1101
1101
1100
1101
1017
1024
1022
1022
1673
1675
1689
201
77
14
100
1867
1081
1078
1094
2108
2098
2115
2093
2114
1675
1673
1675
1674
1685
1683
1806
1806
1801
1801
1794
1800
1790
1867
1844
1863
1865
1865
2106
2107
2103
2100
2124
2116
2118
1677
1678
1679
1676
1680
1702
1806
1808
1804
1803
1788
1790
1844
1843
1841
1864
1825
2106
2103
2100
2127
2119
2123
1678
1680
1702
1703
1704
1815
1804
1802
1788
1850
1851
1836
1837
1837
1827
1825
1826
2102
2125
2127
2122
2126
2122
1698
1694
1693
1698
1691
1704
1704
1816
1328
1321
1261
1849
1849
1851
1858
1850
1835
1836
1970
1959
1960
2018
2032
1694
1694
1495
1316
1492
1701
1319
1318
1319
1261
1321
1849
1968
1835
1970
1963
1958
1961
1960
1957
2028
2029
2029
2031
2024
1473
1494
1491
1315
1316
1319
1312
1314
1305
1304
1302
1910
1913
1969
1972
1965
2016
2408
2025
2023
2023
1474
1513
1477
1495
1495
1488
1489
1313
1314
1312
1303
1305
1310
1302
1911
1913
1901
1906
1985
2419
2364
2364
2361
1478
1478
1497
1496
1490
1490
1490
1367
1300
1299
1303
1292
1911
1917
1902
2428
2426
2426
2364
2000
2356
2363
1480
1511
1481
1485
1486
1487
1291
1366
1298
1300
1299
1293
1914
1914
1902
2425
2424
2426
2423
2426
2420
2357
2358
188
250
248
250
247
293
293
303
303
300
1159
1188
1195
980
982
985
930
930
927
189
189
187
254
255
293
292
290
291
303
299
300
1171
1170
1211
980
987
984
928
925
922
186
167
253
256
260
289
289
273
290
294
1174
1174
1169
1206
1210
983
1046
1045
922
1050
169
155
131
44
45
1174
1173
1143
1148
1207
1208
1038
1035
1048
1052
1051
1053
1050
164
165
165
152
159
257
259
130
131
42
1143
1142
1147
1148
1207
1039
1138
1038
1047
1035
1052
162
165
160
158
81
81
131
122
52
53
52
56
1144
1065
1146
1088
1036
1014
1049
195
195
197
193
80
81
84
84
31
118
118
117
55
55
1066
1065
1067
1066
1067
1090
1097
1015
1015
1019
194
198
192
193
79
82
12
101
119
69
1071
1069
1099
1115
1007
1098
1013
1025
1024
1020
199
200
202
192
9
11
12
14
18
75
72
1071
1070
1101
1008
1023
1025
1022
1686
1688
1690
1690
1690
1807
18
14
15
71
1866
1079
1865
1093
2099
2093
2116
1025
2117
1022
1690
1688
1685
1684
1807
1801
1799
1797
1892
1867
1868
1864
1865
2060
2103
2117
2117
1677
1685
1685
1709
1808
1808
1802
1804
1798
1798
1892
1863
1863
1876
1878
2103
2056
2127
2124
2123
2109
1696
1695
1706
1704
1776
1803
1804
1848
1851
1851
1847
1879
1879
1880
1825
2087
2055
2125
2124
2111
1699
1699
1703
1778
1321
1848
1847
1966
1837
1880
1974
2019
2127
2018
2032
1697
1699
1701
1700
1701
1318
1322
1329
1324
1969
1970
1975
1957
1960
1959
2014
2022
2029
2028
2032
1513
1494
1495
1491
1492
1319
1328
1327
1309
1910
1968
1970
1971
1958
2017
2025
2027
2027
2026
1514
1493
1500
1488
1500
1342
1341
1327
1310
1309
1307
1306
1937
1916
1918
1901
1906
1906
1908
1988
1996
2027
2027
1512
1514
1496
1497
1498
1489
1487
1365
1365
1367
1367
1300
1292
1295
1306
1918
1918
1903
1902
1907
1908
1905
1908
1995
1996
1995
2003
2001
2002
1511
1512
1511
1485
1485
1366
1367
1300
1299
1294
1918
1915
1915
1915
1902
1908
1905
1992
1998
2003
2003
1294
1187
182
249
183
250
228
235
235
266
293
275
276
302
1187
1188
1196
1196
1197
1195
981
981
985
918
923
923
916
250
235
236
236
292
274
291
303
278
279
300
1196
1194
1212
986
984
924
925
924
186
186
185
241
241
234
236
240
274
279
277
1189
1212
1211
1214
1209
978
984
925
925
922
163
175
186
167
155
241
273
239
272
44
46
46
46
46
1143
1179
1213
1206
1210
1208
1210
1210
1061
1048
1048
1047
1058
163
164
165
217
37
37
45
43
43
53
1143
1141
1141
1138
1039
1063
1048
1054
1055
1063
1054
1055
198
216
217
213
29
32
35
30
48
1140
56
54
1141
1128
1065
1138
1139
1035
1014
1000
1001
198
196
193
219
220
219
29
32
63
56
55
56
1067
1127
1113
1115
1114
1112
1013
1011
1001
998
198
190
191
10
13
12
16
32
31
73
69
1072
70
1071
1068
1127
1115
1120
1114
1012
1012
1003
1025
1689
1687
17
12
1
74
75
75
74
69
1071
1107
1113
1120
1116
1117
991
1024
1686
1683
1682
10
18
16
18
1796
75
1797
72
1894
72
71
1867
1869
1870
1119
2078
1118
2060
2058
2059
2057
2064
1021
1687
1681
1808
17
1796
1799
1894
1870
1870
1868
1877
2077
2057
2060
2056
2116
1695
1681
1709
1708
1707
1709
1764
1777
1779
1764
1801
1796
1780
1799
1893
1893
1891
2078
1877
2078
2076
2055
2053
2110
2110
1696
1698
1705
1708
1709
1706
1780
1779
1799
1890
1890
1871
1872
1880
1876
1878
2089
2087
2127
2112
2110
1739
1744
1706
1701
1778
1328
1774
1775
1848
1967
2088
2020
2021
2112
2111
2033
1743
1745
1745
1699
1743
1737
1737
1785
1340
1330
1329
1324
1323
1324
1323
1956
1956
1967
1966
1973
1975
2015
2015
2022
2022
2024
1747
1744
1737
1736
1342
1343
1339
1331
1329
1329
1322
1953
1954
1973
1971
1972
1989
2017
2022
2046
2042
1514
1493
1499
1499
1500
1341
1308
1308
1310
1936
1936
1937
1937
1932
1901
1931
1932
1989
1986
1989
2016
1987
2045
2046
1498
1514
1500
1483
1483
1364
1341
1357
1307
1917
1929
1930
1903
1907
1985
2000
2000
2002
2003
2013
1519
1519
1518
1518
1485
1364
1363
1364
1355
1355
1357
1295
1916
1922
1922
1905
1992
1997
1997
1998
2003
2003
2012
1484
229
1199
184
184
229
232
267
269
281
268
276
1191
1191
1190
1193
1196
1192
1200
982
974
919
919
920
183
184
183
171
233
236
270
271
271
269
275
277
1190
1194
1192
1198
1197
979
970
974
918
916
176
174
173
238
237
241
274
270
274
278
278
277
1178
1214
1203
979
1209
978
913
913
175
174
214
36
36
272
39
40
1178
1214
1215
1061
1062
1063
1057
1058
178
164
167
217
239
213
37
36
34
42
39
1141
1213
1139
1136
1058
207
220
227
217
216
218
37
48
48
50
49
1139
1136
1135
1063
1001
999
997
196
207
221
221
219
13
20
20
32
30
68
49
1128
1115
1111
1111
1006
998
1000
197
190
222
8
27
68
69
67
64
62
1129
1121
1128
1127
1110
1110
1112
1011
988
1002
1003
1004
1005
191
1728
1728
9
2
3
73
70
66
66
1122
1123
1122
1120
1119
1118
1105
988
989
1726
1687
1725
8
2
1
1894
1870
1873
2075
1120
1116
2065
990
2062
1725
1682
1715
1765
1759
1749
1754
1895
1894
1889
1887
1869
1887
2079
2075
2058
2060
2053
2065
2065
2062
1721
1722
1718
1718
1765
1766
1749
1749
1899
1889
1874
1875
2079
2078
2054
2055
2109
2070
1722
1722
1730
1718
1717
1777
1780
1771
1772
1775
1891
1872
1871
1875
1880
2088
2089
2055
2053
2052
2053
2110
1739
1738
1735
1776
1784
1772
1771
1775
1955
1955
1942
1944
1974
2089
2020
2039
2036
1747
1738
1737
1734
1736
1785
1785
1784
1331
1775
1324
1333
1956
1956
1951
1946
1946
1945
1983
2014
2040
2040
2021
2043
2034
2043
1747
1747
1505
1737
1343
1340
1330
1332
1935
1954
1935
1943
1932
1946
1988
2047
2048
2046
2042
1506
1517
1507
1506
1346
1347
1342
1342
1348
1336
1333
1937
1934
1932
1931
1982
1989
2048
2005
2045
2046
1516
1519
1504
1504
1359
1348
1348
1336
1357
1933
1923
1933
1921
1994
1986
2008
2005
2012
2011
1516
1519
1518
1359
1364
1358
1353
1356
1357
1357
1354
1352
1920
1920
1994
1991
1993
2007
2007
2012
2013
1921
268
181
228
1191
1191
1193
1183
1182
1200
969
1199
971
972
973
920
919
180
232
233
266
246
284
278
1189
1186
1185
1198
972
974
976
917
917
172
172
237
238
244
245
284
40
282
1185
1184
1203
974
975
914
176
179
178
174
212
242
244
34
41
40
1179
1205
1136
1060
913
178
178
215
215
212
37
34
39
40
1180
1215
1139
1137
1062
1060
1060
1056
208
208
227
214
22
22
27
24
51
50
1136
1133
1134
999
1001
206
206
227
221
219
22
21
20
26
26
63
51
1129
1128
1131
1105
1006
1006
205
221
6
25
2
65
64
1121
1108
1108
1105
1006
205
222
8
7
3
57
58
1124
1106
1109
1103
990
991
1002
1727
1728
1715
1760
1760
1755
1756
67
58
1124
1885
1106
1107
2075
1117
2065
989
1726
1721
1725
1765
1765
1753
1755
1896
1896
1888
1873
2072
2074
2074
2063
2064
2062
1720
1720
1766
1753
1754
1895
1889
1889
1875
2074
2089
2082
2070
2069
1740
1723
1722
1718
1730
1717
1713
1762
1782
1898
1897
1899
1874
1883
2085
2086
2084
2068
2070
1742
1741
1734
1731
1782
1783
1773
1774
1950
1949
1940
1942
1941
2085
2083
2086
2036
2035
2036
1733
1734
1732
1785
1773
1949
1948
1951
1944
1946
2038
1984
2041
2039
2034
2033
1746
1734
1345
1338
1332
1333
1947
1948
1945
1928
1983
2041
2047
2050
1509
1509
1505
1362
1346
1338
1347
1334
1335
1934
1928
1929
1980
1987
2048
2051
2051
2044
1517
1348
1362
1354
1337
1335
1927
1926
1919
1922
1994
1994
2004
2006
2006
2009
1516
1503
1504
1359
1351
1352
1927
1927
1922
1994
1991
2008
2007
2010
2012
1353
171
230
267
276
977
920
180
281
1200
975
173
243
246
284
1204
34
282
1181
1205
975
1057
179
227
33
1181
1132
1132
1056
212
50
1215
992
997
208
224
22
27
64
1110
1130
1133
1005
226
8
6
4
27
64
61
1126
1104
1105
995
1728
224
1760
2
60
1110
1724
1761
59
1102
2067
994
1727
1761
1763
1756
1886
1885
2072
2074
1723
1717
1763
1762
1753
1752
1898
1883
2082
2084
1742
1940
1883
1939
1938
2086
2084
2081
2066
1732
1770
1770
1951
2083
2066
1732
1768
1769
1951
1941
1984
2040
1508
1732
1345
1948
1943
1984
2040
2051
1509
1508
1345
1338
1952
1923
1978
1981
2004
2051
1509
1338
1351
1925
1979
1980
1503
1337
1991
2009
181
1205
969
976
1186
211
242
245
1059
1126
1130
1134
208
226
23
25
995
1
994
2063
1715
2068
1716
1719
1753
1882
2074
1898
2080
1781
2036
2038
1741
1770
1983
1984
1978
2009
1350
1352
1182
977
1183
970
177
246
914
1184
1060
24
211
23
1134
226
1126
1103
1103
1761
1756
1886
2070
1716
1782
2081
2084
1746
1770
1938
1783
1947
2049
1767
1924
1924
1362
1334
1925
1979
2007
2011
231
971
283
1205
1204
976
177
1180
51
992
225
1131
996
205
5
57
65
1123
59
1755
1884
1883
1897
1950
1729
1941
1350
1977
2050
1362
1926
1991
230
284
1186
1186
977
246
41
212
992
204
21
61
996
1102
1727
1728
60
2072
2073
2067
1719
1751
1898
1742
1782
1768
1742
1732
1768
1981
1360
1502
1502
1349
1926
1979
231
280
1711
1711
915
243
243
1561
1712
210
1202
1202
996
5
223
4
1757
995
1757
1882
1758
1758
1882
2073
1751
2080
1884
1939
1009
1953
2037
2037
1977
1507
1501
1360
1977
2049
1361
1349
993
1009
1711
1201
915
915
1712
1712
210
1201
210
1525
1010
1525
1561
61
1579
1638
1639
1010
1662
479
1662
1750
1501
1750
480
1579
480
