1472
555
185
271
270
270
561
562
555
612
253
253
562
598
600
598
612
611
610
192
268
269
572
626
626
625
316
267
255
257
257
572
630
621
320
361
349
349
570
571
630
629
622
622
317
361
348
346
571
677
629
322
361
324
346
670
674
674
677
677
716
715
729
726
302
327
328
326
326
669
677
715
729
304
304
329
328
328
326
684
684
720
720
715
729
306
306
874
917
918
684
1139
767
769
874
919
918
1140
1138
1205
769
877
876
913
1219
766
765
876
876
908
908
909
1146
1223
1222
1201
778
765
780
881
1108
1108
1106
1223
1198
1199
1199
1200
778
778
873
865
865
1158
1160
1152
1152
1273
1198
1269
776
777
853
1159
1273
785
785
854
1186
1158
1165
1275
1169
1275
1274
1267
1267
797
796
783
853
1186
1153
1274
795
794
860
860
856
1186
1185
1185
1153
1167
1276
1276
1277
1281
187
187
188
188
188
185
271
271
272
272
270
261
263
263
562
561
561
555
600
552
600
601
602
599
599
612
613
188
184
184
268
268
267
272
263
263
562
562
556
556
556
555
600
598
599
610
612
613
186
192
192
189
268
267
253
257
256
257
256
559
558
556
554
572
569
628
624
624
625
625
610
611
320
320
318
316
267
264
254
257
257
573
574
569
571
626
630
627
624
625
621
321
320
321
318
317
317
360
361
348
348
347
573
347
574
630
631
629
622
622
725
301
321
316
361
360
359
349
349
347
673
574
673
570
676
570
571
631
716
728
728
725
726
725
301
301
303
302
310
327
322
324
346
670
674
674
676
683
677
714
716
713
717
729
728
726
301
302
302
327
323
322
325
325
324
671
669
675
675
719
714
718
715
729
734
735
306
305
305
329
299
329
328
328
326
325
325
671
671
671
684
686
685
720
718
723
719
734
734
735
735
305
306
329
328
917
342
919
919
918
914
1138
686
720
720
720
721
718
1236
734
735
1205
767
761
769
875
878
874
878
875
886
911
917
919
919
918
1140
1140
1139
1139
1139
1146
1236
1146
1238
1238
1236
1202
1205
767
768
769
768
877
878
876
913
913
913
913
1143
1142
1142
1145
1145
1146
1222
1146
1203
1203
1201
1202
766
769
765
877
878
881
881
911
912
1143
1142
1144
1145
1146
1219
1201
1222
1196
1202
1200
766
780
880
880
881
881
865
909
909
909
1108
1144
1106
1106
1223
1222
1199
1198
1200
778
778
780
780
781
873
873
873
872
862
867
866
1107
1159
1106
1221
1221
1198
777
777
779
779
873
872
854
865
867
867
1158
1160
1160
1159
1152
1165
1275
1275
1275
1270
1269
1269
1269
776
796
796
786
785
853
854
855
855
867
1189
1160
1158
1159
1154
1154
1166
1165
1274
1268
1268
797
795
783
786
786
782
856
858
1186
1185
1151
1153
1154
1169
1169
1169
1274
1277
1278
1267
1280
798
798
795
783
794
860
860
861
857
856
858
1188
1153
1153
1168
1277
1278
1280
1281
1281
1280
1281
795
274
602
188
188
185
274
271
275
260
261
263
577
557
579
560
560
553
552
602
602
599
614
613
613
187
194
186
186
184
269
265
269
265
272
259
259
259
262
263
562
561
554
553
601
602
627
608
610
614
609
194
194
189
266
269
266
254
254
256
558
559
558
559
558
554
557
556
568
628
627
625
611
611
319
194
193
190
319
189
264
255
256
564
574
574
572
628
631
625
624
623
609
611
319
321
318
318
310
310
358
358
359
354
348
347
573
574
569
570
631
631
631
623
724
621
321
317
356
356
359
361
357
346
345
673
676
683
714
717
726
725
309
309
330
358
324
344
673
674
682
683
682
714
713
716
728
303
307
309
303
300
330
300
330
331
323
323
670
667
667
677
683
679
723
723
717
722
733
733
733
732
305
304
299
299
332
332
323
332
344
344
342
671
668
671
667
686
688
685
679
722
721
733
731
304
875
332
886
917
342
915
1132
686
685
1138
685
721
1236
731
1210
763
763
768
875
887
886
886
916
915
1140
1133
1138
1149
1148
1149
1237
1237
1238
1205
1203
1203
761
761
762
768
877
887
884
911
912
912
1141
1141
1148
1149
1147
1220
1220
1203
1212
1205
766
762
760
764
765
764
880
879
879
884
884
912
1143
1143
1145
1110
1220
1223
1229
1219
1202
1197
760
773
781
880
883
908
910
910
1108
1107
1107
1111
1223
1223
1197
1200
779
781
871
882
862
863
862
862
866
1105
1107
1111
1228
1229
1196
1272
1199
770
770
770
777
781
872
872
871
854
866
867
866
1157
1157
1156
1155
1152
1166
1271
1273
1272
1266
1266
802
802
796
786
786
785
852
855
852
855
1156
1189
1156
1164
1166
1165
1271
1270
1268
1268
1267
802
797
782
861
858
858
1189
1188
1151
1151
1166
1164
1162
1172
1284
1284
1280
797
798
798
793
795
793
783
794
782
861
861
859
857
858
1188
1188
1151
1151
1167
1150
1168
1168
1168
1172
1277
1284
1284
1285
1281
1167
1283
1283
204
275
602
186
206
204
206
185
275
274
275
273
260
260
261
579
579
575
576
553
552
604
607
608
608
607
614
608
616
614
205
205
275
198
273
260
258
262
578
577
577
577
576
553
601
607
619
619
194
193
190
190
190
266
265
258
258
258
240
559
557
567
568
566
628
635
627
636
638
620
620
618
194
191
191
191
191
266
266
234
254
355
355
564
564
567
568
568
566
634
638
638
620
618
319
312
312
357
357
354
355
351
565
568
565
634
634
639
705
639
711
315
314
311
356
358
357
354
354
672
651
565
563
563
565
682
563
701
701
705
706
724
315
309
303
314
311
300
356
364
362
362
353
353
672
676
681
682
717
701
706
724
308
307
308
300
331
338
343
343
344
670
343
668
681
681
679
679
722
713
732
732
732
724
307
307
285
276
331
338
331
338
339
344
342
668
668
689
678
723
722
731
731
730
285
285
285
276
284
890
890
916
915
914
1132
688
687
689
687
1149
1237
721
1231
1210
1208
1208
763
763
759
885
887
916
916
916
1132
1133
1133
1137
1149
1148
1149
1238
1230
1211
1212
1210
1212
763
762
759
885
896
907
905
905
1134
1134
1133
1136
1147
1147
1227
1237
1220
1230
1211
1211
1212
760
760
894
895
884
883
911
907
1134
905
1137
1104
1141
1137
1109
1110
1227
1229
1218
1218
1216
773
764
775
879
879
883
882
906
902
1104
1109
1110
1227
1228
1196
1197
1197
770
771
775
772
781
871
882
864
863
869
1157
868
1105
1111
1114
1111
1228
1229
1272
1265
1265
771
772
772
779
787
784
789
871
864
864
863
863
1157
1155
1105
1114
1271
1271
1265
802
784
789
788
788
788
851
1189
1156
1193
1192
1155
1163
1163
1161
1282
1282
1266
801
804
803
784
792
852
852
851
1189
1187
1193
1192
1164
1162
1162
1162
1284
1161
1287
1287
800
803
793
792
792
859
857
847
858
1187
1190
1150
1192
1170
1170
1170
1172
1172
1172
1172
1283
1287
1286
1285
859
1285
206
205
206
204
197
275
273
273
230
241
242
578
579
578
575
576
576
586
586
605
604
608
606
606
616
203
206
198
198
197
231
259
239
241
239
240
239
585
578
580
588
588
587
566
637
608
617
617
203
203
198
224
231
230
233
238
240
240
580
585
589
567
589
587
635
637
636
639
619
619
617
193
223
199
199
228
233
238
238
584
589
590
595
637
636
640
620
618
315
314
220
312
219
228
228
234
234
235
351
350
352
564
595
568
594
594
634
592
634
639
702
705
711
711
315
313
314
313
312
311
364
364
367
365
354
352
651
597
651
597
594
680
633
692
702
705
706
710
712
308
313
311
363
363
364
362
362
353
650
650
650
649
648
681
647
680
690
702
690
704
710
308
277
277
363
336
337
343
652
680
645
691
695
706
730
286
286
276
277
336
338
338
339
341
341
652
689
688
689
680
680
697
697
695
730
730
286
286
284
276
889
890
337
340
340
340
666
689
687
689
678
1239
1239
697
1231
697
697
707
1208
753
753
755
755
889
889
900
899
899
915
1130
1136
1135
1129
1135
1241
1241
1230
1232
1232
1210
1208
758
758
755
885
887
896
895
900
907
899
1134
1137
1135
1240
1234
1230
1232
1234
1211
1217
1214
762
760
756
774
894
894
896
896
895
895
907
905
1136
1137
1104
1135
1227
1234
1218
1217
1216
1213
1217
745
775
773
774
894
883
906
906
903
902
902
1119
1119
1109
1109
1110
1228
1229
1218
1225
1218
1218
1213
771
775
789
869
869
868
1118
1124
1114
1113
1112
1114
1226
1248
1248
1243
1265
1243
771
772
775
804
789
789
836
864
870
870
870
1118
1121
1105
1121
1113
1113
1113
1249
1249
1266
1243
1259
799
804
804
787
789
833
833
830
846
1193
1193
1191
1191
1161
1163
1249
1272
1262
1259
1287
1259
801
803
790
792
790
833
851
847
846
1194
1194
1195
1192
1191
1163
1171
1282
1287
1286
1287
801
800
803
791
791
792
843
843
847
847
1187
1195
1190
1190
1181
1171
1171
1258
1286
1285
791
197
616
201
206
196
196
195
195
250
248
247
242
242
242
243
243
243
582
582
575
586
604
605
454
606
605
603
456
616
203
202
202
197
195
230
250
230
248
585
582
580
588
587
588
587
605
603
603
617
617
203
209
209
218
224
231
231
232
236
232
239
240
584
589
591
637
637
637
636
640
618
223
222
219
220
220
229
219
228
233
233
234
237
237
237
235
585
584
595
590
590
643
643
641
640
223
223
223
220
229
229
367
351
351
596
596
593
594
633
641
643
641
711
712
292
297
229
364
366
367
350
59
352
596
651
597
597
592
594
633
693
702
703
704
313
291
292
298
365
350
350
650
654
654
649
647
647
692
691
692
693
703
704
709
710
281
283
277
278
363
334
365
335
341
341
653
654
653
653
648
691
691
698
698
709
709
709
708
286
281
278
279
279
337
340
652
653
644
645
645
645
696
697
695
708
708
286
754
279
333
890
337
888
339
666
665
664
1128
644
1241
1239
1231
707
1209
753
755
755
755
888
900
900
901
899
665
1130
1128
1128
1241
1241
1231
1235
1232
1232
1233
1209
1209
758
757
754
756
751
889
891
891
892
888
897
901
901
1130
1130
1136
1128
1240
1235
1235
1207
1209
758
756
756
893
892
892
903
904
1119
1124
1126
1224
1226
1234
1225
1216
1215
1215
1215
1213
745
737
893
893
906
903
904
904
1120
1119
1124
1126
1126
1226
1216
1242
1244
745
745
736
736
736
838
838
838
829
828
868
1120
1120
1123
1226
1247
1252
1251
1242
1243
744
810
820
820
821
821
816
835
836
836
836
831
831
870
1118
1122
1112
1112
1249
1248
1252
1252
1243
810
799
799
820
819
816
835
831
832
848
1194
1177
1177
1180
1180
1178
1248
1262
1262
1262
801
801
815
822
790
835
843
832
830
846
845
850
1194
1177
1183
1255
1256
1257
1257
1261
801
815
815
814
815
815
791
822
790
843
844
844
847
847
1195
1195
1176
1191
1184
1181
1181
1171
1258
1258
1261
1261
1261
1181
201
201
217
196
196
200
195
200
252
248
247
245
245
243
581
581
439
439
437
454
454
455
456
455
456
456
449
211
202
217
213
213
252
252
250
249
249
246
245
243
582
439
441
441
437
454
455
450
450
209
211
218
211
213
232
224
237
249
60
583
583
584
580
591
591
632
446
455
452
615
448
207
207
219
225
226
226
232
236
237
60
60
583
583
595
590
632
591
642
445
643
640
615
451
222
222
221
221
229
227
227
226
235
68
67
237
352
57
58
596
594
593
593
633
642
641
401
400
712
287
222
291
292
229
298
366
67
367
58
58
649
465
646
550
593
692
694
642
703
712
712
399
290
292
292
298
366
366
335
76
59
59
654
654
648
647
694
693
693
703
387
710
290
283
291
278
297
298
335
75
74
59
652
662
648
648
648
691
698
700
698
709
387
283
283
280
334
333
335
75
78
78
74
663
666
663
664
644
658
696
700
699
699
282
747
280
279
280
1065
334
1065
75
79
78
666
666
664
665
663
664
659
1127
1465
696
1459
708
757
749
752
751
752
1065
888
79
901
1131
1131
665
1131
1127
1463
1207
1458
757
757
749
749
752
751
1065
1064
897
947
1131
947
1131
1129
1127
1241
1235
1465
1463
1465
1462
1233
1215
1207
1214
750
740
737
892
897
898
898
1115
1115
1124
1126
1224
1235
1225
1215
1215
746
738
737
740
739
893
893
898
898
903
904
902
1115
1125
1226
1226
1251
1245
746
746
737
838
838
829
980
1120
1125
1125
1123
1123
1250
1251
1246
1246
810
744
821
821
817
816
817
838
828
832
831
829
829
1118
1117
1122
1180
1178
1247
1250
1252
1252
1252
1264
811
811
812
820
819
819
817
835
834
832
832
832
848
1175
1177
1180
1255
1255
1254
1253
1263
1264
1263
812
814
815
827
823
834
845
840
848
848
1195
1176
1176
1179
1183
1178
1255
1257
1257
1253
1264
1261
813
814
822
824
824
824
844
842
844
840
849
850
1184
1176
1174
1183
1182
1256
1256
1258
1260
1260
842
214
244
215
217
217
200
200
252
251
249
246
246
244
581
581
531
439
438
438
437
458
458
457
449
457
210
217
216
214
212
214
251
252
251
249
245
118
533
440
440
441
446
447
459
459
450
450
449
210
211
211
208
213
96
249
65
118
62
530
530
546
529
441
445
447
447
447
453
453
451
207
212
208
218
226
225
250
66
65
62
551
551
546
445
447
452
289
288
221
227
90
89
68
68
68
57
60
550
551
550
546
481
642
401
400
401
399
287
289
288
288
225
227
90
68
55
67
54
67
46
58
466
466
481
482
482
694
393
392
401
291
287
297
298
80
89
76
54
46
465
466
480
694
480
699
399
295
290
294
296
278
80
85
76
76
74
663
646
657
657
659
700
699
387
385
386
387
386
295
282
293
296
333
334
75
77
77
662
660
659
658
658
700
385
387
379
282
748
282
280
1066
1067
1067
69
1063
77
79
79
78
663
661
660
1333
659
1333
1470
1470
1471
1459
1459
1458
748
747
750
748
1066
1068
1068
1068
1064
1064
1063
946
947
947
661
1131
1323
1333
1333
1464
1465
1460
1471
1456
1458
1459
749
749
752
1068
1064
1063
946
1323
1327
1326
1332
1325
1460
1455
741
749
741
750
751
740
1058
1059
946
945
964
964
1115
1326
1327
1327
1463
1318
1461
1462
1461
1461
1462
1244
746
741
742
738
739
837
893
1058
945
964
1116
1125
1320
1325
1325
1318
1461
1246
1246
1244
742
742
739
739
818
1040
837
973
828
973
973
945
982
1116
1117
1122
1320
1363
1381
1246
1246
1245
744
819
818
818
817
818
971
837
973
971
982
982
982
1117
1117
1364
1123
1364
1364
1381
1251
1263
812
811
827
834
834
981
982
981
1175
1175
1179
1178
1254
1254
1399
1253
1264
812
808
826
811
827
841
975
850
850
1175
1183
1179
1401
1399
1254
1263
1396
814
807
826
827
824
823
824
839
840
841
850
850
1173
1174
1173
1174
1182
1182
1182
1402
1256
1394
1260
1394
813
840
1260
117
532
215
215
216
214
98
99
99
246
99
244
244
119
118
533
533
531
440
438
443
458
457
459
459
449
210
216
216
101
251
98
94
120
119
119
118
119
535
530
530
533
438
440
446
459
448
210
211
100
100
96
65
64
64
61
535
534
537
530
529
442
442
445
442
447
452
453
448
157
156
208
95
95
96
63
65
64
62
61
62
548
551
551
548
548
395
395
394
394
394
400
453
289
208
154
154
152
89
90
66
66
66
63
47
62
550
549
547
478
395
401
401
398
289
288
153
91
91
91
91
55
56
46
50
47
549
467
467
482
481
482
477
477
391
392
398
295
294
153
80
81
91
81
87
56
56
49
465
466
467
480
481
473
480
389
392
396
398
295
294
295
297
83
85
85
70
70
48
461
660
461
464
476
388
381
295
294
180
83
84
84
70
73
663
657
656
656
658
464
475
471
385
379
1085
293
1066
1067
83
69
69
72
79
71
72
71
661
656
660
1333
1469
1469
1470
1471
1471
1458
1085
1087
1066
1067
1063
944
943
944
958
1323
1331
1332
1464
1470
1468
1467
1456
1090
1087
1060
1061
1059
1059
953
946
943
954
962
962
1324
1324
1327
1332
1465
1465
1468
1468
1456
1455
1455
1091
750
1088
740
1087
1058
1061
1059
953
945
962
1322
1322
1326
1325
1460
1462
1449
1455
741
738
1041
1041
1040
951
951
965
963
1116
1313
1318
1320
1318
1380
1449
1380
1450
1244
1449
743
743
743
743
738
1044
1041
1042
972
972
965
980
1116
963
1359
1320
1321
1363
1363
1380
1384
1383
1381
1389
1389
805
805
1033
1033
1040
973
966
977
1361
1361
1360
1362
1383
1383
1381
1386
1245
809
806
806
827
1032
966
975
975
976
976
977
981
1361
1360
1179
1364
1364
1367
1399
1397
1394
1385
809
808
808
826
827
825
1032
839
974
975
987
987
981
1173
1174
1376
1374
1376
1365
1365
1399
1399
1396
1396
807
807
825
825
825
823
839
839
841
841
987
849
988
849
986
1173
1375
1376
1374
1371
1374
1401
1402
1402
1392
1402
1395
1395
1395
1395
1396
532
419
146
146
97
97
101
98
122
120
120
117
117
117
532
533
434
436
436
436
435
435
458
421
419
422
422
101
102
102
98
94
123
120
119
535
116
534
534
538
537
444
443
444
443
443
421
450
422
157
150
102
100
100
95
96
124
63
536
536
535
539
539
537
538
548
444
444
408
451
409
156
154
157
150
92
92
95
93
94
64
62
536
542
548
442
395
395
395
408
410
397
156
155
156
154
152
154
149
93
86
51
55
47
61
549
541
542
547
547
478
393
394
397
397
155
155
154
153
151
81
90
91
86
55
56
56
50
47
50
50
468
477
479
478
391
391
398
396
398
183
183
82
88
82
87
56
73
53
49
50
49
461
460
470
467
473
468
477
389
389
380
380
182
179
179
180
85
84
87
53
48
48
461
461
464
464
476
475
473
472
473
389
381
381
380
178
179
83
70
73
73
72
72
655
656
655
463
464
475
476
476
471
474
388
382
381
379
1085
1084
1082
180
84
3
71
958
655
656
474
1469
1471
1457
1467
1457
1085
1084
1090
1085
1081
1081
1062
1062
950
948
944
948
944
1290
958
1292
1330
1331
1332
1469
1466
1468
1454
1454
1454
1089
1091
1090
1089
1088
1087
1062
1062
953
948
943
954
958
1324
1323
1330
1328
1328
1466
1468
1452
1456
1451
1091
1090
1088
1060
1061
1061
952
953
954
961
962
1322
1324
1326
1318
1311
1317
1316
1460
1453
1452
1453
1452
1091
743
1053
1053
1044
1044
1060
1042
951
965
965
961
961
961
1313
960
1315
1315
1315
1317
1317
1450
1450
743
1043
1025
1044
1045
1041
1042
970
1042
965
965
960
1359
1313
1357
1321
1321
1321
1321
1384
1384
1389
1390
1389
1388
806
1025
1034
1040
967
967
969
970
972
972
979
977
1361
1359
1362
1363
1383
1390
1386
1386
1386
805
809
806
1024
1033
1034
1032
967
966
969
976
977
984
979
979
1361
1360
1367
1398
1399
1397
1385
1387
809
809
1023
1033
1029
1032
1029
974
976
988
987
988
1376
1377
1376
1372
1367
1401
1397
1392
1392
1393
807
1020
808
1028
1031
1031
1029
1010
974
988
988
986
1379
1376
1375
1371
1401
1371
1400
1372
1402
1393
1393
146
103
104
103
104
99
122
122
115
116
532
515
533
436
435
433
419
421
422
143
146
143
101
97
121
121
125
122
124
115
116
539
538
508
432
435
433
421
420
424
143
150
102
92
94
125
123
125
124
124
536
539
538
543
527
432
408
410
424
409
157
151
51
30
30
542
539
542
543
543
526
526
411
412
410
409
410
409
159
159
160
150
151
93
93
52
51
28
542
542
540
545
545
478
479
478
412
411
392
158
160
149
149
86
88
51
52
25
26
27
26
540
469
469
479
479
378
398
183
183
181
177
81
88
88
87
22
53
53
50
27
27
470
470
469
470
468
479
472
390
377
376
182
183
178
179
82
82
10
73
53
34
463
463
472
487
390
472
390
383
382
380
182
182
180
180
9
10
10
2
3
36
34
463
462
474
388
382
384
383
1083
1083
1084
1082
1082
1076
3
3
3
35
1290
462
1291
475
1441
1441
1457
384
1457
384
1084
1082
1081
1102
1076
948
949
959
959
1292
1292
1330
1329
1442
1467
1440
1451
1089
1088
1102
1103
1077
1077
950
952
954
955
956
1288
1330
1329
1329
1328
1442
1468
1453
1453
1451
1089
1086
1103
1060
1077
952
952
956
955
960
1314
1314
1328
1311
1317
1316
1444
1444
1452
1451
1053
1052
1045
1080
939
942
960
1315
1315
1312
1311
1382
1450
1434
1449
1053
1043
1045
1045
1042
970
939
969
939
1357
1358
1358
1367
1319
1319
1417
1384
1390
1388
1388
1017
1024
1025
1025
1034
967
970
968
978
942
1358
1357
1358
1367
1414
1390
1388
1387
1387
1017
1024
1024
1034
1034
1000
1001
969
984
978
978
979
1354
1377
1377
1360
1373
1367
1373
1414
1398
1387
1387
1020
1021
1023
1023
1028
1031
1031
1009
1009
1011
1011
985
985
985
984
1379
1377
1378
1373
1370
1373
1370
1372
1400
1400
1413
1391
1393
1391
1020
1020
1022
1028
1031
1010
1010
974
988
985
1379
1378
1379
1378
1369
1372
1371
1370
1400
1392
1391
983
515
148
103
148
105
105
105
104
128
121
127
135
115
516
515
516
509
510
509
433
431
433
414
423
423
423
105
104
110
108
121
129
125
125
136
137
116
516
513
510
433
430
420
420
423
143
144
144
111
111
111
111
110
130
125
137
516
508
527
520
528
528
433
420
424
424
158
145
145
160
151
109
129
109
130
30
29
29
28
29
541
520
544
545
527
527
528
528
528
413
412
412
404
160
158
160
165
19
19
30
25
28
26
541
540
545
526
493
413
413
411
404
413
404
404
176
169
169
165
20
21
18
17
25
540
26
24
544
497
469
486
493
411
378
377
376
176
177
177
166
167
166
20
22
37
27
24
24
470
499
486
486
487
487
390
390
378
376
181
181
181
9
10
10
2
22
21
37
37
460
43
499
499
499
505
505
487
390
377
377
383
1083
1092
4
10
2
36
36
36
36
34
462
495
505
504
503
503
371
383
1096
1101
1101
8
4
4
4
949
35
959
35
959
34
35
1290
1291
1292
504
1304
503
1442
1442
1441
1441
1426
384
1096
1101
1077
4
950
957
957
1292
1289
1292
1303
1304
1442
1442
1440
1426
1086
1101
1102
1103
1103
1102
1077
1077
1080
1079
950
949
950
950
956
1288
1294
1304
1329
1303
1304
1445
1438
1436
1435
1086
1054
1100
1100
1075
1075
1080
934
955
955
956
1288
1314
1312
1312
1312
1307
1443
1444
1436
1436
1054
1052
1052
1045
935
935
936
938
940
1314
1319
1444
1434
1434
1435
1432
1054
1054
1057
1052
1057
1057
1039
1038
1002
935
939
938
939
939
942
941
942
1354
1349
1345
1353
1319
1417
1382
1419
1420
1056
1057
1055
1037
1002
1002
1001
995
968
968
941
941
1354
1351
1353
1366
1366
1418
1419
1421
1420
1017
1017
1026
1027
1027
1000
968
995
984
978
1356
1354
1355
1353
1368
1352
1366
1366
1413
1414
1414
1415
1407
1420
1028
1022
1026
1027
1028
1011
1000
992
983
1378
1355
1369
1368
1369
1413
1413
1406
1407
1411
1407
1021
1021
1022
1019
1031
1011
1011
1010
1011
993
983
983
1379
1336
1369
1370
1412
1413
1412
1411
1411
1406
1404
1030
107
506
147
147
107
108
126
128
127
127
135
514
515
514
509
513
509
510
431
430
414
416
416
148
147
148
147
114
110
131
128
130
127
136
137
512
513
508
510
525
432
429
430
416
418
145
144
144
111
111
110
131
131
130
137
136
137
513
508
524
523
528
432
418
418
145
140
164
18
17
131
32
29
520
520
522
523
413
406
403
403
141
159
160
169
109
165
19
19
17
28
33
544
544
489
492
404
172
171
171
171
165
166
19
31
25
23
24
489
492
493
406
373
406
373
175
176
167
171
167
5
20
5
22
21
41
24
490
486
485
485
375
373
374
176
177
167
7
13
39
39
39
41
43
498
498
497
499
495
485
487
378
369
375
374
375
375
175
1095
1094
9
5
0
38
43
38
38
498
495
498
504
505
503
501
372
372
1097
1096
1093
8
0
1
957
1289
1302
1304
504
501
1427
371
1427
1096
1099
1098
1078
1092
922
924
957
1289
1294
1289
1291
1295
1303
1439
1439
1439
1438
1427
1427
1426
1097
1099
1100
1100
1079
1079
922
920
929
1295
1295
1302
1301
1304
1438
1445
1435
1436
1047
1051
1050
1075
1100
1079
934
936
936
929
929
1295
1310
1310
1307
1306
1445
1445
1445
1436
1432
1436
1047
1051
1039
1080
934
935
936
933
940
940
1348
1310
1305
1307
1443
1443
1432
1056
1057
1037
1055
1039
1038
1002
1004
932
933
937
937
941
1348
927
1350
1349
1345
1345
1417
1418
1418
1419
1422
1424
1422
1014
1057
1037
1039
1002
1002
995
995
998
937
1356
1353
1353
1351
1417
1419
1423
1421
1421
1014
1019
1014
1014
1003
1005
1005
1000
1001
996
997
1355
1356
1353
1341
1341
1340
1423
1407
1407
1421
1021
1022
1027
1013
1007
1003
992
996
989
997
1335
1355
1368
1341
1412
1413
1409
1406
1403
1018
1019
1019
1030
1007
1007
993
992
993
992
993
989
1335
1335
1344
1342
1344
1412
1411
1404
1403
1336
128
139
107
512
514
513
507
507
507
429
506
428
429
430
416
414
138
108
108
128
114
134
137
514
512
513
525
428
429
426
417
418
139
139
114
114
112
131
133
32
133
518
522
525
426
425
417
142
141
141
140
163
112
132
18
32
33
521
522
492
405
417
141
140
171
164
163
19
11
32
33
519
521
489
490
492
407
406
403
172
172
170
164
15
16
13
11
31
23
493
491
491
407
373
173
173
170
168
168
15
15
12
13
13
42
41
497
490
489
484
375
374
174
177
7
5
6
41
40
496
496
485
502
375
173
168
6
7
0
39
45
494
495
502
502
371
371
372
1095
1095
1093
1078
1073
923
924
38
44
494
1293
496
502
1439
501
1429
372
1097
1097
1093
1072
1078
922
923
924
1297
1293
1300
1300
1300
1299
1439
1430
1428
1048
1048
1078
920
920
1294
1298
1294
1301
1301
1307
1438
1429
1430
1048
1048
1047
1100
1051
1070
1071
1071
1071
930
930
930
1310
1298
1309
1306
1447
1429
1433
1049
1051
1050
1070
1069
1069
933
933
930
930
1349
1350
1309
1307
1448
1447
1432
1433
1433
1050
1037
1039
1038
932
927
926
1348
1349
1346
1305
1347
1446
1446
1424
1422
1056
1055
1004
996
932
998
927
1348
1350
1352
1340
1418
1425
1422
1015
1016
1035
1008
1005
996
994
996
998
998
1356
1352
1340
1415
1423
1407
1423
1405
1018
1005
1008
991
994
999
1334
1337
1338
1336
1341
1344
1409
1410
1410
1405
1018
1012
1013
1008
991
989
1335
1334
1336
1344
1344
1409
1410
1404
1404
991
139
107
126
135
427
415
138
135
525
425
140
113
113
134
525
11
133
518
522
426
403
142
170
16
521
488
491
407
164
33
521
407
402
174
168
16
12
42
483
483
488
370
168
7
6
6
13
40
44
494
483
484
369
1094
173
1073
0
44
500
1093
1073
45
502
1430
370
1095
1072
1072
923
1297
1300
1299
1301
1099
1070
1071
1069
922
921
929
1298
1306
1448
1046
1309
1298
1308
1308
1307
1448
1448
1430
1036
928
933
1295
1448
1433
1050
931
932
925
1346
1346
1424
1016
1035
1004
927
1350
1347
1416
1424
1016
1015
1003
994
998
1337
1341
1416
1425
1425
1015
994
990
1337
1343
1408
1012
999
1343
1408
139
524
428
427
512
163
112
132
405
519
490
488
174
170
12
15
370
1
370
1428
1092
1429
1098
1046
921
1297
1299
928
1308
1036
1433
1447
1049
926
1340
1339
1343
1408
991
990
506
427
507
427
142
106
417
518
405
11
161
12
491
161
483
502
501
1073
924
1297
1430
1070
1069
1448
1447
1049
926
1346
1004
926
1425
931
1338
1338
1006
999
1337
1339
1410
1403
106
428
134
524
525
426
142
519
42
405
161
488
369
174
14
45
42
496
45
923
1298
1309
930
925
1035
1346
1008
1339
1405
1008
1338
1342
106
134
511
511
427
132
33
163
368
172
15
40
369
500
1094
1094
45
1299
1437
1430
1046
1072
921
1051
1036
931
1049
1036
931
1416
1006
1015
1012
990
1334
1343
106
134
1206
1206
415
113
113
1279
1204
162
517
517
368
14
161
14
1074
369
1074
1296
1074
1074
1296
1437
921
1305
1298
1308
727
925
1416
1416
1347
1016
1013
997
1339
1425
1006
990
727
434
1206
517
415
415
1204
1204
162
517
162
1382
434
1382
1431
44
1121
1276
1279
402
1184
345
1279
1278
1013
1278
264
1431
345
