3568
1223
838
712
721
721
1129
1132
1225
1321
732
728
1141
1200
1214
1200
1319
1312
1311
880
702
699
1209
1205
1206
1291
879
706
733
737
736
1120
1211
1295
887
495
492
491
1119
1746
1211
1244
1245
1295
450
499
493
479
1753
1746
1243
465
500
482
479
1739
1739
1741
1743
1748
1251
1253
1242
1237
456
465
465
484
486
1741
1748
1608
1238
568
565
457
461
461
485
1757
1615
1615
1613
1606
1578
566
566
1855
1831
1822
1758
3419
1859
1859
1862
1826
1824
1819
3418
3281
1859
1851
1850
1827
3249
2162
2165
1852
1852
1932
1936
1936
3423
3251
3251
3284
2206
2162
2224
1949
3374
3374
3377
3253
3272
3272
3274
3273
2208
2207
2197
1950
1946
3390
3390
3382
3383
3238
3270
3270
2204
2203
2201
3387
3132
2178
2179
1915
1907
3392
3531
3133
3530
3131
3129
3139
3141
2096
2094
2176
2189
1899
3546
3126
2095
2185
2190
2190
1897
1899
1899
3546
3544
3528
3127
3123
3127
3147
847
846
845
837
840
841
712
711
719
719
721
722
726
725
1134
1134
1129
1225
1224
1224
1213
1214
1218
1321
1323
1321
1319
846
840
837
698
697
708
718
730
728
1132
1137
1140
1137
1225
1225
1223
1203
1323
1318
1319
1316
847
889
890
879
700
709
707
736
734
728
735
1140
1117
1139
1141
1138
1210
1202
1200
1286
1291
1294
1314
1311
880
891
884
702
705
707
706
735
737
1123
1118
1119
1210
1207
1207
1204
1246
1291
1293
887
887
882
882
884
447
495
500
491
493
488
1117
488
1120
1211
1246
1245
1241
1294
1295
589
590
451
498
448
500
500
492
489
1736
1754
1755
1753
1755
1750
1599
1244
1253
1242
1236
1235
1235
1236
591
591
586
451
451
450
498
477
479
1739
1737
1754
1744
1599
1748
1594
1251
1592
1253
1239
1239
1238
590
568
561
456
463
465
481
474
479
1741
1741
1744
1743
1594
1594
1607
1606
1575
1565
1580
569
570
568
458
458
460
463
461
481
484
485
1767
1768
1758
1760
1761
1779
1615
1607
1608
1611
1575
1576
1579
1578
570
565
457
461
1831
475
1830
1823
1823
1824
3420
1757
1615
1613
1613
1610
1606
3257
1579
1578
3281
2172
2173
1857
1857
1847
1855
1848
1862
1843
1829
1831
1827
1827
1822
3409
3412
3411
3420
3419
3423
3260
3422
3455
3255
3260
3288
3277
2173
2171
1859
2166
1848
1850
1829
1826
1931
1934
1934
3411
3413
3413
3425
3424
3423
3248
3423
3256
3288
3287
3283
2171
2165
2166
1851
1850
1840
1840
1931
1936
3373
3376
3376
3376
3367
3248
3286
3249
3265
3283
3284
2162
2225
2229
2228
1942
1950
1932
1932
1927
1936
3388
3378
3378
3383
3253
3253
3273
3272
3274
2206
2203
2207
2225
2224
2227
2228
2217
2197
1949
1946
1929
3374
3381
3382
3253
3239
3269
2204
2206
2208
2178
2197
2197
1915
1948
1945
1929
3391
3392
3388
3387
3553
3385
3134
3134
3133
3129
3140
3270
3137
2215
2210
2211
2180
2178
2201
2201
1915
1913
1908
1908
3391
3392
3551
3550
3550
3553
3531
3132
3139
3140
2094
2186
2175
2180
2175
2176
1915
1907
1900
3541
3541
3545
3551
3532
3532
3530
3127
3124
3126
3141
3144
2094
2095
2187
2187
2185
2190
2189
2194
1897
1897
1901
3542
3546
3544
3526
3124
3148
3143
3148
3146
3143
3147
2096
712
1213
845
845
838
716
712
719
723
725
726
1155
1134
1154
1151
1130
1221
1220
1216
1217
1323
1323
1319
1316
848
849
842
842
840
697
698
709
719
723
677
722
677
730
730
1134
1130
1137
1221
1220
1216
1204
1335
1314
1316
1330
849
873
851
700
699
708
679
732
730
1123
1125
1122
1123
1125
1138
1126
1139
1172
1203
1192
1285
1312
1314
891
889
891
873
890
884
705
733
734
1123
1117
1118
1209
1206
1284
1285
1283
1288
1293
1287
886
887
882
884
611
705
496
547
496
544
491
534
1732
1751
1751
1211
1174
1175
1249
1241
1230
1295
598
587
447
496
548
499
549
489
531
1733
1753
1601
1248
1251
1237
1235
598
598
454
448
482
477
1737
1736
1601
1599
1601
1594
1590
1253
1228
589
558
563
587
454
453
454
463
468
467
467
1769
1765
1760
1746
1596
1781
1592
1604
1562
1566
1563
1566
1580
1582
569
561
562
456
471
472
468
472
486
475
474
1766
1767
1769
1762
1762
1760
1778
1611
1603
1565
1576
1583
580
1855
471
1861
1831
510
1813
1812
1761
1778
3416
1779
1611
3258
1576
3275
2126
2127
1857
1855
1866
1843
1836
1838
1812
1819
3409
3418
3418
3415
3415
3453
3454
3453
3258
3257
3288
2173
2172
2169
2164
1847
1845
1843
1834
1834
1820
3411
3408
3425
3427
3427
3454
3255
3286
3287
3277
2168
2169
2169
2166
2166
2164
2229
1844
1844
1880
1840
1924
1934
3412
3369
3371
3366
3251
3246
3256
3288
3265
2168
2150
2227
2227
1938
1925
1927
1927
3374
3353
3377
3371
3367
3234
3265
3267
2211
2222
2218
1943
1948
1943
1939
1925
1929
3395
3381
3367
3236
3237
3235
3239
3263
2215
2213
2148
2215
2221
2199
2201
1941
1911
1948
1946
1946
3390
3397
3398
3395
3385
3521
3237
3238
3130
3270
3135
2213
2213
2210
2211
2179
2198
2199
1913
1910
1905
1904
3560
3549
3548
3523
3525
3131
3130
3136
3136
3137
2092
2098
2183
2194
1896
1901
1906
3542
3548
3549
3532
3565
3525
3537
3174
3174
3144
2091
2091
2092
2103
2099
2099
2186
2183
2183
2192
2192
2194
1922
1897
1900
3542
3546
3565
3528
3565
3535
3532
3538
3536
3123
3176
3176
3169
3146
3539
3176
3176
856
716
1218
848
861
856
861
841
716
716
714
670
739
741
744
1152
1153
1151
1151
1158
1221
1190
1217
1337
1337
1336
1332
1336
1332
1329
863
856
714
691
671
676
740
740
1154
1155
1146
1153
1162
1158
1216
1195
1337
1329
866
873
851
873
854
690
681
680
677
747
749
1125
1127
1169
1127
1157
1202
1193
1193
1192
1286
1298
1287
1330
866
877
876
877
875
690
680
679
679
535
535
1146
1126
1164
1171
1174
1171
1176
1283
1288
1309
1306
891
877
612
547
549
545
531
534
1731
1165
1731
1176
1175
1284
1260
1308
1231
603
605
612
608
547
548
545
544
1730
1732
1750
1662
1664
1662
1601
1664
1248
1249
1227
1232
1232
598
597
586
604
611
608
454
526
524
523
512
512
1729
1734
1734
1664
1249
1590
1227
1230
559
559
596
561
470
526
519
512
509
1768
513
1765
1764
1597
1597
1596
1603
1569
1562
1563
1583
1232
558
562
563
576
470
521
470
521
505
510
503
1765
1765
1775
1781
1604
1568
1568
1583
1582
580
582
579
577
580
1865
1864
1838
1811
1813
1817
1774
1776
1776
1781
3450
3450
1571
3316
3300
3302
3302
2127
2128
1854
1865
1864
1838
1838
1837
1817
1815
3402
3402
3416
3427
3451
3455
3305
3304
3300
3291
3277
2126
2129
2137
1845
1878
1836
1834
1815
1815
1817
3401
3406
3427
3451
3451
3453
3307
3304
3291
3294
3290
2151
2152
1879
1880
1841
1876
1924
1963
1789
1820
3404
1969
3356
3406
3369
3371
3360
3246
3307
3295
3267
2152
2138
2138
2218
1880
1875
1938
1960
1960
3393
3357
3369
3367
3246
3234
3267
3267
2150
2147
2220
2150
2222
1940
1942
1959
1939
1960
3397
1970
3355
3351
3381
3371
3241
3246
3235
3262
3263
2147
2148
2215
2221
2220
2222
2217
2024
1941
1981
1911
1904
3399
3399
3395
3521
3236
3172
3158
2110
2110
2058
2024
2026
2061
1910
1904
3398
3560
3556
3556
3518
3523
3521
3171
3172
3135
2101
2113
2113
2113
2026
2024
2194
1921
1905
1906
3560
3558
3562
3524
3525
3525
3174
3520
3164
3151
2102
2102
2098
2115
2183
2022
1921
1918
1922
1920
3567
3567
3563
3535
3539
3536
3537
3538
3167
3167
3169
3168
3165
3150
2192
3169
859
863
861
856
831
714
673
671
670
742
744
1152
1144
1143
1143
1160
1159
1188
1188
1190
1190
1337
1333
1333
1325
863
863
854
823
833
691
677
741
742
739
749
751
1147
1148
1161
1161
1159
1186
1186
1195
1335
1328
1328
866
852
854
694
695
681
693
747
746
751
1168
1148
1160
1167
1169
1162
1179
1197
1196
1302
1297
1308
1328
870
870
872
876
695
695
747
533
1169
1169
1179
1167
1179
1196
1300
1298
1307
603
603
875
609
877
629
628
552
552
551
533
551
538
1165
1164
1172
1667
1662
1174
1667
1181
1258
1259
1260
1306
1277
604
601
605
600
610
610
628
555
556
556
540
542
1729
1677
1733
1674
1664
1669
1181
1671
1258
1260
1256
1231
1256
597
600
609
608
633
528
523
524
514
1730
1696
1691
1692
1690
1660
1659
1660
1658
1259
1648
1255
1232
596
573
577
527
526
520
513
1699
1646
1645
1650
1641
1228
1585
581
583
577
575
575
517
521
519
505
503
1697
1774
1774
1772
1783
1611
1572
1571
1569
1586
1587
584
584
580
576
1886
1861
521
502
503
503
1704
1775
1772
1783
1783
3434
3444
1573
3315
1573
1571
1587
3298
2131
2131
2129
1887
1866
1870
1803
1804
1837
1817
1792
3402
3402
3439
3440
3433
3443
3443
3315
3305
3300
3302
2141
2128
2134
1869
1868
1871
1871
1808
1808
1808
1791
3404
3406
3446
3309
3309
3309
3309
3291
3293
3293
2141
2138
2142
2137
1869
1885
1879
1868
1878
1875
1964
1789
3404
3406
3356
3441
3360
3307
3295
3293
3323
3322
3294
2154
2136
2151
2138
1880
1876
1962
1961
1964
1962
1971
1969
1971
3354
3354
3360
3362
3344
3342
3343
3342
3320
3321
2158
2157
2057
1953
1977
1976
3397
3347
3353
3355
3361
3514
3242
3242
3153
3321
3262
3160
2159
2157
2106
2110
2057
2060
1992
1980
1978
1997
1978
1976
3509
3555
3511
3513
3514
3517
3241
3155
3162
3161
3162
2108
2108
2108
2110
2059
2061
1984
1981
1999
1999
3556
3556
3517
3516
3521
3171
3155
3155
3162
3157
3158
2101
2113
2115
2058
2026
2029
2022
1918
1919
1999
3560
3557
3558
3562
3516
3516
3172
3151
3164
3151
2101
2103
2115
2116
2117
2021
2022
2033
1919
1918
1920
3563
3567
3567
3534
3534
3206
3209
3169
3165
2117
830
1326
859
859
835
831
830
674
674
757
756
756
758
758
754
761
761
1144
932
930
909
907
1064
1065
1100
1065
1333
1099
1325
858
859
834
824
826
673
775
751
757
1147
932
921
909
910
911
911
1064
1190
1096
1297
1326
852
781
823
826
828
693
695
686
688
775
751
749
1168
893
897
1063
1178
1195
1197
1301
1309
869
807
803
805
803
802
803
800
695
684
686
688
747
533
538
1146
924
897
1179
900
1182
1263
1301
1307
868
870
870
807
798
638
554
541
537
1676
1678
896
1666
1183
1267
1265
1266
1305
1276
661
631
635
629
555
556
542
542
542
1676
1692
1678
1674
1667
1667
1181
1671
1266
1267
1256
601
661
630
631
514
541
540
1698
1695
1698
1691
1690
1649
1671
1648
1648
1643
1642
1622
1256
1276
594
656
573
622
633
621
527
507
506
506
1687
1695
1696
1688
1688
1649
1641
1634
1641
1619
1586
1584
1617
582
647
573
614
624
516
507
1697
1711
1771
1650
1646
1645
1632
1572
1620
1618
1585
583
2120
575
625
1801
516
1803
505
1706
1711
1772
3432
1772
3433
3429
3314
1618
3298
2123
2120
2120
1887
1882
1803
1805
1806
1806
1704
3437
3436
3439
3434
3448
3444
3314
3316
3314
3312
3302
3298
2122
2145
2121
2143
1885
1887
1883
1883
1870
1803
1801
1809
1810
1796
1792
3441
3440
3446
3448
3312
3311
3297
2141
2143
2134
1894
1893
1873
1963
1970
1969
3350
3357
3363
3364
3344
3344
3312
3319
3328
3318
3322
2155
2133
1894
1873
1952
1955
1952
1967
1966
1966
3347
3348
3361
3340
3342
3323
3318
2159
2157
2040
2136
2039
1990
1987
1991
1953
1957
1978
1974
1973
3465
3362
3331
3180
3181
3319
3320
2158
2066
2105
2039
2105
2054
2057
2060
1989
1991
1990
1985
1980
1978
3509
3510
3513
3466
3467
3179
3181
3162
3160
2068
2068
2068
2106
2054
2049
2050
1984
1983
1998
1999
3509
3499
3518
3510
3469
3155
3178
3154
3161
2070
2071
2085
2088
2059
2031
2033
2028
2002
2002
2001
1995
3502
3502
3476
3207
3207
3208
3215
3157
2071
2085
2084
2074
2085
2089
2116
2089
2031
2033
2029
2028
2004
2004
3492
3504
3504
3502
3504
3475
3475
3206
3211
3209
3214
3213
3213
3470
834
820
835
833
831
810
824
812
771
756
768
753
763
761
931
930
928
906
1061
1061
1060
1100
1100
1100
1098
1105
1107
784
784
833
828
828
772
770
775
776
775
753
754
761
931
909
910
916
1063
1061
1096
1110
1107
782
782
803
789
828
684
826
779
777
377
925
923
925
921
894
918
916
1068
1063
1096
1305
1113
792
793
807
799
798
799
686
688
779
385
385
923
924
897
897
900
904
1183
1068
1302
1300
1305
1270
661
805
807
806
798
640
800
683
554
254
256
538
538
385
385
1676
1677
902
900
1182
1262
1263
1270
1269
1277
666
661
659
636
640
640
638
259
556
261
237
1683
1685
1680
1685
1670
1670
1671
1265
1262
1281
1279
1279
657
657
659
635
633
528
248
240
239
238
1695
1690
1681
1669
1657
1638
1642
1629
1629
1279
656
643
642
617
619
621
622
242
240
238
1699
1702
1687
1681
1656
1631
1643
1636
1620
1622
1625
646
646
619
626
624
517
242
228
223
242
1702
1705
1701
1709
1653
1657
1632
1635
1634
1619
645
2124
615
614
626
2524
624
1799
247
224
227
1705
1704
1713
1713
1713
1711
1709
3432
2798
1634
2995
1617
2124
2554
2120
1892
1886
1799
1801
227
1805
1794
1795
1713
3437
3432
2799
3298
2995
2122
2123
2140
2554
2119
1894
1882
1799
1810
2441
1794
1795
1796
3439
3436
3448
3448
2800
2800
2800
2965
3312
3330
3329
3328
2142
2133
1894
1890
1798
1809
1787
1791
1785
3349
3349
3363
3446
3340
3329
3328
2145
2653
2040
2038
2042
1890
1889
1957
1955
1955
1967
1786
1786
3350
3364
3339
3333
3326
2155
2154
2037
2043
1988
1957
1972
1973
3347
3348
3465
3465
3340
3340
3337
3337
2065
2066
2035
2036
2045
2052
2046
1992
1987
1983
1983
2410
1977
1974
3507
3507
3467
3469
3466
3180
3182
3183
3183
3221
2063
2068
2064
2064
2052
2052
2054
2050
2050
1985
2002
1994
1994
3506
3511
3507
3179
3186
3186
3190
3190
3216
3190
2075
2070
2085
2087
2054
2029
2004
2018
2002
1995
3500
3500
3499
3473
3474
3472
3195
3211
3218
3216
3222
3215
2075
2073
2088
2089
2087
2031
2033
2011
2019
2019
2006
2005
3493
3493
3504
3474
3476
3207
3211
3211
3222
3214
2009
814
763
820
819
819
813
812
772
771
767
764
765
760
932
932
927
906
907
914
1061
1091
1099
1103
1104
1105
784
817
819
817
816
812
770
772
767
777
765
400
930
919
914
917
917
1071
1098
1093
1110
1114
1107
786
781
793
791
817
433
776
382
401
389
936
937
894
904
916
918
1072
1072
1071
1109
1110
1114
792
795
793
796
796
795
684
254
380
377
941
936
902
899
1079
1082
668
664
806
638
161
166
255
255
260
384
387
1683
893
1432
902
1446
900
1270
1270
1272
1274
665
667
665
664
636
640
155
254
258
258
261
251
263
237
1684
1685
1446
1447
1448
1639
1542
1281
1274
659
666
636
617
157
154
249
259
263
1683
1681
1655
1639
1542
1638
1281
642
651
649
650
619
113
120
248
242
230
1702
1680
1720
1716
1654
1631
1635
1629
1627
1628
1629
1624
643
647
654
619
625
247
247
225
233
1723
1707
1709
1656
1653
1636
1627
1625
1624
644
2540
645
615
2531
2526
2525
245
2434
223
225
224
228
1702
1706
1719
2793
1653
2792
3000
2998
2998
2993
2993
2993
2556
2530
2535
2541
2531
2525
2527
2523
2523
2434
2438
2441
2441
2423
1723
1794
2819
2792
2791
2798
2997
2998
2998
3009
2991
2995
2555
2554
2533
2524
2437
2436
2424
2826
2809
2791
2796
2814
3009
2963
2650
2555
2654
2532
1892
1893
1890
2435
2427
2408
2408
1787
1785
2828
2813
2809
2799
2805
2803
2964
2967
2964
2965
3330
2661
2650
2652
2654
2654
2043
1890
2431
2426
2398
2412
2810
2810
2811
2812
2805
2966
3335
3325
3325
2661
2659
2038
2042
2047
2338
2045
2339
1957
2410
2410
2410
2399
2399
2719
2719
2812
3458
3333
3337
3335
3337
2659
2036
2035
2047
2046
2045
2322
1988
2321
2322
2312
2311
2398
2726
2726
3462
3460
3457
3457
3185
3182
3188
2584
2063
2049
2010
2018
2312
2311
2312
3485
3507
3462
3460
3197
3186
3186
3190
3221
2583
2582
2077
2074
2078
2016
2315
2005
3497
3489
3479
3481
3194
3194
3197
3225
3224
2072
2072
2089
2080
2082
2012
2007
2009
2015
2017
3492
3494
3488
3490
3490
3479
3473
3481
3472
3195
3218
3224
3223
3227
2073
2017
3223
399
993
821
821
810
814
813
436
438
768
437
764
763
403
399
927
993
928
913
963
1090
1090
1088
1092
1092
1107
786
821
817
81
772
434
434
402
402
403
401
400
946
939
938
938
914
914
1070
1093
1103
786
786
82
80
75
380
381
378
378
944
942
939
935
937
965
1070
1068
1074
1075
1084
1112
1113
29
53
789
73
75
75
364
381
382
380
389
387
935
942
1429
904
904
1077
1079
1079
1083
1079
1082
1110
667
791
52
162
162
166
164
256
252
252
251
373
389
1430
1432
1434
1436
1437
1272
1274
1274
668
664
51
158
164
155
166
277
276
263
273
373
1430
1423
1434
1446
1443
1448
1437
1541
1542
1537
1272
652
650
147
159
159
158
157
154
266
277
263
1715
1685
1425
1444
1447
1532
1528
1546
1542
1629
1538
652
653
651
617
112
112
120
124
249
272
1715
1720
1654
1426
1523
1534
1550
653
649
116
113
122
123
244
231
1722
1718
1727
1718
1655
1397
1525
1528
1549
1549
2542
654
2528
2528
121
121
245
235
234
233
234
233
1723
1723
1719
2793
2788
3001
3002
2983
3000
2995
2540
2531
2527
2526
2434
2445
2442
2444
2424
2821
2821
2791
2796
3002
3007
3009
2991
2556
2551
2535
2514
2436
2437
2450
2443
2443
2422
2422
2423
2827
2825
2827
2789
2800
3007
3005
3009
2972
2974
2971
2552
2535
2551
2533
2513
2431
2431
2431
2427
2419
2413
2826
2828
2813
2814
2803
2966
2963
2974
2660
2654
2336
2340
2338
2426
2427
2408
2402
2401
2824
2811
2807
2807
2967
2956
2962
2956
3326
2955
2656
2661
2661
2657
2653
2648
2336
2340
2405
2406
2403
2403
2725
2402
2719
2721
2723
2722
2720
3103
3103
3102
3103
3121
3119
2580
2581
2576
2577
2339
2321
2324
2309
2726
2726
2730
2722
3107
3107
3188
3116
3221
2583
2584
2573
2078
2568
2317
2319
2314
2314
2322
2310
2310
2728
2730
3462
3462
3458
3106
3192
3188
3225
3117
2591
2591
2591
2081
2077
2010
2569
2011
2317
2318
2295
2298
3497
3490
3489
3486
3482
3478
3483
3460
3193
3192
3228
3228
2589
2590
2080
2081
2082
2012
2014
2014
2015
2016
2296
2006
2298
3495
3495
3494
3488
3479
3479
3483
3483
3203
3200
3199
3230
3199
3232
3232
3228
3230
3227
995
1089
28
59
58
77
77
436
437
438
394
391
392
399
995
993
963
962
967
969
970
970
1091
1089
1088
1028
1102
59
60
82
82
434
441
394
396
946
392
997
995
998
965
963
967
967
1070
1075
1030
1102
1028
28
61
82
81
80
75
433
396
363
944
946
946
944
998
935
997
956
965
967
1083
1112
1019
29
54
50
50
71
143
162
73
441
364
389
941
1378
1432
956
1074
1077
1077
1084
1085
1112
42
43
51
47
54
52
143
145
166
265
273
373
387
1430
1376
1378
1434
1434
1440
1544
1086
1085
1082
41
41
151
150
151
148
161
164
141
265
276
277
275
273
291
289
1427
1443
1439
1436
1544
1535
1539
1537
1539
218
217
147
140
148
133
269
268
270
274
287
286
1716
1422
1422
1427
1444
1426
1531
1546
1534
1553
1551
218
222
117
115
120
123
134
270
272
287
1718
1425
1397
1398
1522
1525
1532
1530
1532
1552
1549
1552
1551
220
221
117
124
244
231
230
235
1725
1727
1725
1399
1399
1521
1525
1523
1528
1521
1528
1555
1555
1556
2542
2538
2549
116
122
127
322
2852
1725
1727
1520
3001
3000
2990
2988
2990
2542
2541
2563
2542
2545
2521
2521
2438
2450
2452
2444
2452
2445
2847
2851
2820
2821
2817
2789
2788
3005
3007
2970
2969
2969
2562
2563
2561
2561
2559
2513
2520
2516
2448
2452
2442
2420
2422
2854
2821
2830
2838
2796
3004
3005
2977
2974
2970
2552
2563
2512
2514
2511
2429
2429
2448
2419
2415
2414
2824
2823
2831
2806
2838
2806
2801
2958
2958
2972
2956
2974
2674
2657
2675
2675
2652
2510
2509
2336
2429
2406
2405
2416
2414
2417
2412
2417
2824
2824
2713
2807
2807
2960
2956
2656
2671
2577
2329
2575
2336
2333
2338
2331
2401
2406
2416
2714
2712
2711
2707
2709
2721
2709
3100
3103
3119
3120
3119
3112
2580
2576
2577
2328
2329
2331
2326
2323
2303
2303
2308
2308
2728
2712
2705
2723
3107
3105
3120
3117
3117
2580
2587
2581
2573
2577
2566
2568
2328
2319
2324
2303
2300
2291
2309
2728
2730
2730
2686
3107
3105
3105
3121
3116
2582
2586
2586
2573
2570
2568
2570
2318
2315
2294
2296
2290
3485
2700
2697
3483
3202
3204
3193
3072
3232
3067
2589
2600
2591
2615
2617
2619
2569
2254
2294
2294
2295
2286
3486
3486
2697
3482
3201
3202
3204
3203
3200
3230
3232
56
57
66
61
68
436
445
415
415
391
995
990
991
963
972
974
1021
1030
1030
33
57
60
65
78
443
445
445
445
394
417
413
1001
1000
999
951
969
1021
1022
1030
1028
32
38
78
71
71
441
441
431
363
396
1374
1373
1002
955
958
952
1012
1015
1018
1009
32
50
367
366
375
1376
1373
1378
1370
956
959
956
1016
1012
1086
1014
1009
1018
43
47
47
53
45
145
144
368
368
375
1376
1378
1369
1371
1369
1441
1440
1441
1016
1535
1537
42
45
152
145
145
140
367
275
312
290
284
290
1429
1404
1423
1439
1546
1497
1538
217
213
215
152
152
152
134
266
307
268
311
289
291
289
1406
1405
1402
1402
1402
1439
1531
1546
1493
1553
218
211
222
221
115
133
138
269
268
286
1395
1398
1532
1511
1530
1507
1507
1560
1558
1550
220
222
222
204
115
138
136
136
127
324
321
1397
1395
1521
1507
1506
1559
1560
2537
2538
2546
2547
2548
2519
126
127
320
322
2847
1727
2817
1525
2984
2987
2986
1560
2986
1556
2548
2544
2549
2545
2521
2452
2375
2374
2851
2848
2849
2817
2840
2914
2987
2988
2976
2563
2559
2521
2512
2517
2517
2450
2447
2420
2374
2357
2853
2831
2840
2842
2842
2921
3005
2977
2979
2979
2562
2559
2469
2509
2468
2448
2448
2356
2413
2415
2835
2834
2830
2838
2838
2916
2921
2959
2980
2981
2674
2673
2670
2391
2368
2359
2834
2714
2833
2833
2706
3096
2959
2960
2981
2668
2671
2510
2638
2333
2331
2367
2325
2363
2713
2716
2704
2709
2709
2707
3099
3098
3110
3109
3111
2663
2664
2575
2638
2565
2333
2325
2305
2301
2308
2715
2715
2705
2678
3099
3098
3112
3110
3114
2601
2587
2612
2565
2566
2237
2238
2326
2305
2301
2300
2308
2743
2702
2700
2711
2687
2678
2688
3074
3071
3068
3092
2601
2601
2615
2615
2612
2610
2619
2317
2256
2256
2255
2289
2289
2287
2290
2701
2701
2695
2686
2688
2686
2684
2683
3077
3070
3071
3070
3093
3093
2600
2603
2603
2617
2619
2256
2254
2294
2287
2291
2700
2697
2698
2695
2693
2684
2693
3077
3079
3067
3091
2286
1362
108
64
56
64
64
65
68
420
443
422
410
415
990
990
999
979
978
980
971
971
1043
1049
1026
1025
1026
64
66
78
83
443
429
431
417
405
417
413
1360
1001
981
974
1044
1023
1023
1025
31
33
57
88
89
83
87
429
431
417
413
1355
1000
949
1002
960
953
1011
1022
1023
1019
35
31
39
38
24
89
429
194
352
371
338
371
370
371
1374
1345
1366
1371
960
959
960
960
958
1012
1015
1005
1005
36
36
47
26
192
353
371
375
375
279
1367
1367
1370
1387
1388
1479
1014
1500
1500
1014
1500
1501
212
26
150
191
141
308
354
366
311
1367
283
280
1369
1404
1405
1411
1388
1481
1493
1495
1503
212
204
206
208
205
190
190
312
310
283
282
284
1406
1404
1411
1510
1509
1480
1544
1492
1497
1495
214
214
211
208
175
138
136
307
308
310
310
1394
281
1395
1402
1413
1510
1518
1511
1507
1493
1475
1560
2547
2489
129
176
131
325
324
326
326
329
1395
1418
1515
1517
1514
1517
1472
1558
2546
2519
2463
129
131
131
127
2372
325
2373
324
2852
328
331
2847
2845
2845
1516
2873
1514
2932
2930
2927
2928
2939
1559
2493
2489
2516
129
2385
2375
2861
2849
2848
2872
2872
2913
2930
2931
2927
2976
2559
2491
2488
2470
2470
2468
2467
2468
2392
2384
2384
2387
2389
2385
2856
2855
2855
2842
2842
2873
2913
2920
2928
2979
2944
2558
2673
2500
2469
2471
2472
2392
2388
2356
2357
2853
2854
2835
2833
2840
2837
2916
2921
2958
2941
2944
2666
2673
2670
2472
2391
2367
2366
2361
2361
2779
2916
2923
2925
2980
2942
2942
2668
2666
2666
2671
2668
2645
2640
2242
2240
2366
2280
2368
2281
2364
2364
2359
2775
2774
2775
2704
2679
3027
3100
3096
3065
3114
2664
2668
2635
2640
2242
2238
2279
2283
2282
2305
2275
2763
2744
2716
2681
2679
3016
3063
3110
3114
3114
2626
2663
2636
2611
2612
2237
2305
2282
2289
2742
2744
2742
2742
2680
2687
2680
2681
3016
3075
3014
3098
3049
3084
3085
2615
2605
2607
2610
2612
2251
2235
2268
2737
2691
2691
2676
2693
2683
3075
3075
3072
3091
3068
3086
2605
2605
2605
2614
2619
2252
2256
2252
2255
2269
2287
2735
2702
2695
2695
2684
3079
3077
3079
3079
3089
3089
3092
2617
101
976
103
102
101
102
420
422
408
423
408
1363
1364
1362
1360
1357
979
978
972
1044
1048
1048
1051
108
103
108
106
94
91
427
424
426
423
410
413
1355
1356
1356
981
949
951
1043
1037
1049
1026
31
40
40
88
87
87
427
426
431
406
405
412
1355
980
986
949
953
952
1007
1007
39
24
24
350
354
349
338
340
1348
1386
1391
1033
1012
1033
1005
1009
35
36
26
26
193
193
194
354
354
336
336
1366
1385
1390
1387
1504
10
205
22
182
190
185
191
359
279
301
280
1385
1390
1483
1478
1497
1504
1502
213
197
206
199
207
178
192
178
317
317
281
282
1411
1383
1483
1481
1493
1497
1495
215
204
208
180
319
319
329
333
304
300
1408
1408
1413
1413
1418
1462
1455
1453
1455
1476
1476
1474
1474
209
2484
2484
175
180
314
333
328
329
333
1420
1420
1420
1516
1515
1514
1453
1475
1471
2493
2493
2489
176
131
331
2861
2844
2880
2880
1518
1451
2935
1472
2937
2491
2489
2465
2464
2462
2373
2372
2861
2856
2859
2845
2845
2859
2879
2931
2930
2932
2934
2939
2939
2937
2503
2497
2498
2478
2475
2394
2388
2389
2863
2870
2875
2876
2882
2914
2921
2907
2946
2944
2496
2499
2500
2468
2479
2392
2396
2387
2352
2361
2870
2777
2877
2877
2876
2918
2918
2923
2924
2946
2924
2941
2503
2499
2473
2471
2346
2346
2347
2354
2361
2779
2776
2776
2781
2918
2923
2925
2952
2622
2647
2639
2645
2640
2242
2242
2345
2350
2366
2363
2349
2763
2764
2765
2786
2783
2784
3030
3024
3064
3063
3054
3058
3054
3057
2626
2626
2635
2640
2240
2280
2284
2284
2740
2763
2740
2774
2747
2784
3028
3049
3054
3056
3056
2625
2598
2624
2625
2235
2234
2234
2235
2279
2281
2275
2743
2740
2747
2746
3016
3014
3051
3051
3086
3085
2603
2593
2608
2598
2244
2235
2266
2265
2736
2737
2735
2736
2691
3016
3074
3042
3088
3084
3086
2594
2593
2607
2251
2245
2245
2270
2268
2268
2270
2269
2733
2735
2758
3020
3021
3021
3041
3089
3089
3084
2754
421
104
101
1364
1364
1360
1359
1360
977
1040
976
1039
1041
1042
1047
1051
110
96
94
424
92
410
406
1363
1364
1357
987
988
1041
1035
1046
1046
109
106
94
95
91
427
343
339
347
1345
1350
984
1036
1037
1054
4
5
5
2
17
14
349
352
339
340
1348
983
1392
1054
1007
5
5
22
22
15
353
359
338
336
1348
1350
1390
1392
1478
1490
1479
1501
12
12
22
183
187
186
360
359
336
301
1483
1485
1484
1488
1503
10
8
201
199
182
186
185
361
319
317
303
301
1409
1385
1382
1455
1467
1474
7
197
179
180
315
303
304
1420
1416
1413
1455
1476
7
196
180
179
333
314
292
1416
1418
1458
1462
1451
1472
1476
2486
2482
2462
2463
2459
2382
2371
331
292
1415
2892
1416
1458
2904
1451
2935
1471
2493
2491
2481
2464
2378
2378
2382
2863
2863
2858
2882
2880
2884
2880
2934
2939
2937
2503
2503
2394
2380
2371
2863
2859
2875
2882
2891
2918
2904
2946
2949
2507
2496
2496
2479
2497
2476
2477
2396
2476
2866
2868
2870
2875
2898
2889
2910
2909
2907
2953
2505
2507
2647
2477
2396
2347
2354
2352
2760
2761
2777
2786
2782
2781
2906
2910
2907
2953
2953
2647
2645
2643
2345
2350
2760
2767
2765
2783
2785
3027
3037
3035
3065
3058
3057
2621
2624
2231
2283
2274
2277
2768
2764
2786
2747
3029
3028
3047
3058
2626
2630
2636
2247
2232
2273
2266
2277
2276
2739
2740
2747
3012
3049
3051
3047
3047
3056
2598
2231
2247
2266
2265
2277
2757
2758
2756
2753
3011
3019
3051
3044
3043
3040
2594
2596
2608
2244
2258
2732
2733
2757
2754
3020
3022
3043
3039
3082
3082
2259
106
98
420
410
1042
1058
109
408
988
1036
95
96
92
343
987
356
347
1346
1340
1054
1054
2
201
350
1350
1391
1486
1488
14
335
1340
1490
1502
10
201
187
360
305
1383
1380
1484
1464
199
169
173
173
319
298
294
1409
1462
1454
1467
2486
196
2454
173
296
1460
2481
2455
298
1458
2949
1465
2482
2455
2378
2382
2896
2884
2884
2884
2498
2478
2475
2394
2378
2379
2868
2895
2911
2901
2507
2889
2898
2887
2886
2911
2909
2901
2951
2643
2353
2354
2772
2907
2951
2647
2347
2354
2761
2782
3037
3054
2631
2643
2273
2767
2786
3029
3035
3053
2631
2633
2232
2273
2749
2751
3011
3032
3046
3047
2630
2263
2258
2756
3019
3042
2596
2263
3023
3039
110
986
1039
1034
1353
21
15
342
1033
1339
1381
1486
12
201
357
172
1464
315
1465
2935
2465
2949
2461
2502
2380
2896
2891
2866
2891
2642
2952
3037
2621
2349
3030
3033
3023
3040
2261
2732
977
1057
1353
1034
2
92
1047
1346
1490
356
17
361
1485
169
1380
1460
1454
2454
2371
2859
2949
2461
2396
2901
2909
2622
2772
2886
2342
2768
3061
2343
2751
2751
2249
2277
2749
3012
3044
3082
99
1040
345
983
984
1035
5
1339
357
1490
183
1381
1469
8
171
298
303
1416
296
2382
2895
2898
2868
2772
2633
2785
2261
3033
3059
2247
2753
3022
98
345
1352
1352
1057
342
347
17
1469
12
185
305
1468
1460
2486
2486
298
2891
2904
2948
2506
2377
2866
2505
2342
2348
2507
2643
2342
3037
2249
2629
2595
2258
2758
3019
99
345
3244
3244
1058
85
85
2982
2770
19
1343
1343
1469
171
168
171
2458
1468
2458
2894
2457
2457
2894
2902
2865
2900
2897
2887
1055
2772
3034
3062
3033
2629
2628
2260
3032
3061
2249
2263
1588
1589
3244
1342
1056
1056
2770
2770
19
1342
19
3430
1185
3430
3379
294
3090
3428
3280
1184
3279
594
3279
3026
2628
3026
592
3278
593
