4000
166
1145
1147
1153
1155
147
144
165
57
1237
1247
145
53
53
49
39
45
44
1035
1127
1139
176
178
174
47
1045
1230
1236
1235
1239
131
186
124
1042
1458
1481
1475
130
184
186
115
116
123
1370
1483
1474
1469
320
316
114
1398
1478
1399
1471
332
338
333
314
318
387
387
383
118
1349
1401
1354
1403
1380
334
317
416
405
1322
1320
1348
1354
1354
1379
346
346
434
436
430
403
1324
1324
3745
3658
3518
344
2158
3731
3743
3749
3530
3528
3518
2158
2314
3742
3661
3662
3523
2197
3719
3721
3674
3673
3543
3542
3545
2189
2199
2195
2389
3926
3721
3934
3676
2221
2220
2193
2199
2384
2379
2383
2389
3927
3928
3762
3557
3547
3537
2123
2118
2189
2002
2381
2381
3922
3924
3759
2124
2377
3751
3754
3760
3572
3571
2012
2014
2014
2002
2427
2428
2415
3891
3891
3754
3793
3805
2061
2428
3895
3794
3795
3789
3791
3811
3809
3808
2060
2055
2424
2423
2422
2419
1006
1002
1005
1001
1004
1144
1144
1151
1155
1149
1153
1246
1246
1249
1244
141
147
169
165
170
164
158
157
61
60
59
41
1005
1001
1129
1145
1129
1138
1155
1247
1245
137
145
154
153
168
168
166
51
59
49
57
41
1002
1035
1035
1131
1131
1139
1231
1236
1237
1240
1241
138
129
153
155
155
175
175
53
49
47
43
44
45
1043
1043
1038
1127
1133
1231
1230
1239
1241
135
129
130
184
178
185
51
116
110
124
1042
1039
1045
1041
1041
1369
1459
1479
1481
1475
1473
127
1473
131
186
114
115
112
112
122
1334
1334
1457
1458
1459
1478
1483
1481
1474
339
340
340
320
312
321
324
182
387
112
120
124
123
120
1333
1334
1372
1372
1368
1454
1399
1377
1469
329
337
336
317
318
314
420
414
414
388
404
384
404
1321
1321
1350
1350
1401
1405
1403
1381
1377
332
334
333
337
418
420
416
429
383
401
405
1326
1326
1322
1349
1348
1356
1405
1352
1403
1381
1380
352
330
344
346
349
360
436
432
429
434
401
401
399
403
1324
1326
1345
1352
3658
1379
3529
3529
3530
3518
2158
348
436
436
434
432
430
2322
399
399
2313
3727
3727
3742
3746
3747
3749
3662
3665
3660
3660
3524
3526
3524
3528
2165
2166
2164
2159
2164
2208
2207
2209
2215
2207
2321
2326
2314
3727
3733
3731
3739
3747
3666
3661
3523
3542
3545
3533
2170
2167
2168
2193
2205
2209
2196
2208
2324
2326
2318
2316
3725
3731
3721
3738
3673
3677
3678
3541
3539
3535
2191
2193
2193
2199
2196
2326
2197
2385
2324
2389
3719
3934
3672
3674
3676
3678
3555
3543
3536
3533
3536
2225
2233
2189
2201
2201
2387
2385
2387
3928
3926
3928
3934
3936
3764
3764
3764
3762
3557
3551
3549
2220
2122
2223
2201
2201
2379
3922
3928
3927
3752
3764
3762
3760
3552
3553
3548
3537
2124
2124
2123
2008
2010
2012
2014
2002
2396
2377
2381
2397
3885
3889
3889
3889
3752
3756
3756
3804
3553
3552
3576
3570
3571
2122
2124
2111
2009
2010
2426
2392
2393
3884
3894
3897
3905
3754
3756
3791
3805
3808
3572
3576
2059
2057
2055
2030
2030
2014
2423
2422
2427
2416
3893
3894
3897
3903
3902
3795
3793
3795
3789
3807
3811
3574
2060
2057
2028
2424
2422
2414
2420
2418
2416
2419
3895
1147
158
1004
1006
1143
1141
1148
1151
1225
1249
1243
1191
1244
1193
143
143
170
169
160
60
61
57
39
41
1008
1014
1012
1010
1129
1137
1135
1139
1137
1155
1225
1223
1221
1223
1245
144
141
150
162
161
160
51
55
55
37
36
1014
1032
1131
1135
1137
1138
1233
1223
1227
139
137
134
139
133
149
151
154
172
173
172
43
36
33
1037
1037
1033
1057
1033
1131
1178
1227
1240
134
127
127
176
174
106
110
108
98
33
100
1037
1039
1038
1057
1369
1133
1465
1465
1467
1479
1475
1490
339
322
322
186
181
182
103
104
98
124
1334
1370
1454
1455
1466
1466
1477
1471
1493
342
320
324
420
389
118
122
1330
1328
1374
1463
1388
1387
342
338
326
420
326
418
410
389
385
1314
1316
1314
1372
1357
1362
1374
1358
1397
1398
1397
328
330
354
316
366
363
412
412
388
428
385
380
384
395
1326
1346
1344
1356
1358
1395
1405
1395
1389
1384
1385
328
351
352
350
350
357
362
361
426
428
397
395
1346
3745
1352
3668
3658
1383
3516
3522
348
349
2160
360
426
2320
397
2313
3715
3733
3743
3746
3670
3664
3669
3513
3516
3520
2166
2165
2160
2159
2213
2214
2217
2217
2321
2322
2318
3729
3729
3729
3733
3741
3665
3666
3502
3526
3504
2168
2179
2162
2203
2205
2203
2334
2332
2318
2316
3723
3725
3722
3722
3738
3736
3739
3741
3682
3682
3677
3540
3533
2167
2231
2231
2247
2195
2241
2331
2326
2340
3723
3915
3936
3672
3686
3540
3539
3535
2221
2233
2225
2231
2241
2239
2383
2389
3932
3936
3776
3684
3557
3561
3559
3555
3548
2225
2233
2223
2241
2239
2384
2006
2387
3918
3883
3920
3924
3931
3751
3758
3775
3759
3561
3551
3547
3549
2120
3566
2119
2118
2008
2004
2005
2395
2381
2391
3884
3885
3889
3887
3772
3772
3770
3803
3780
3561
3576
3574
2120
2119
2018
2012
2005
2434
2397
2392
2393
3879
3900
3772
3784
3806
3801
3576
2059
2048
2049
2028
2047
2016
2022
2436
2435
2415
3893
3893
3877
3901
3905
3899
3902
3903
3794
3795
3783
3782
3785
3807
3809
2037
2061
2049
2055
2057
2028
2030
2030
2024
2431
2432
2435
2410
2420
2026
2430
2431
1143
1141
157
1010
1008
1010
1028
1143
1148
1149
1165
1166
1225
1216
1215
1196
1193
1188
249
143
160
224
14
13
8
12
10
10
6
35
1022
1024
1159
1174
1166
1219
1220
1203
1193
1191
1189
1189
245
151
161
14
10
35
1014
1014
1012
1020
1173
1172
1173
1229
1219
1220
1209
138
150
209
149
208
162
188
108
106
55
12
35
37
1048
1055
1049
1176
1059
1178
1178
1229
1233
1489
1491
133
135
213
211
180
193
192
108
108
100
100
1032
1057
1061
1465
1467
1486
1491
1490
276
213
252
181
102
95
96
98
89
1332
1332
1336
1453
1460
1461
1494
1495
272
269
321
251
251
255
492
493
408
104
94
451
449
1328
1330
1374
1338
1374
1360
1455
1451
1461
1463
1495
1494
270
326
254
256
377
408
443
377
1318
1314
1338
1360
1438
1439
1391
1389
1385
329
1387
356
358
364
366
412
412
381
377
379
395
393
1318
1318
1364
1362
1357
1395
1397
1393
1393
1388
1384
351
354
364
361
410
428
380
397
391
1317
1318
1363
1345
1366
3635
3629
3668
3512
3521
3521
358
374
371
362
2212
2217
426
2356
2358
2372
2374
3716
3717
3737
3634
3669
3514
3514
3500
3520
3522
2184
2186
2162
2211
2213
2215
2350
2348
2374
2348
2318
3715
3713
3735
3737
3670
3502
3506
3503
2170
2175
2180
2182
2205
2212
2243
2217
2346
2348
2334
2339
2342
3711
3703
3643
3641
3680
3680
3541
3614
2176
3503
2176
2174
2173
2180
2247
2249
2249
2330
2331
2337
2339
3914
3736
3909
3936
3682
3685
3685
3613
3610
2219
2228
2233
2241
2236
2332
2400
2401
3916
3919
3912
3916
3930
3775
3686
3618
3559
3592
3566
3592
2229
2227
2090
2237
2237
2235
2399
2403
2403
3919
3920
3908
3932
3908
3931
3776
3780
3778
3778
3561
3568
3568
2108
2104
2080
2006
2004
2405
3887
3881
3881
3770
3772
3768
3780
3564
3568
2106
2107
2107
2085
2017
2016
2022
2434
2396
3877
3881
3901
3899
3767
3766
3785
3803
3800
3563
2035
2032
2048
2051
2050
2018
2436
2022
2407
2411
3877
3879
3900
3957
3957
3784
3800
3787
3801
3799
2034
2053
2034
2050
2026
2051
2022
2023
2023
2020
2432
2408
2412
2412
3783
2410
1028
1026
1030
1029
1160
1162
1164
1165
1170
1217
1197
1193
1195
1196
1201
246
247
225
223
14
225
14
6
8
5
1018
1030
1162
1160
1026
1159
1221
1212
1215
1205
1205
1197
1199
1188
242
243
247
221
189
189
13
6
4
1022
1022
1024
1174
1184
1183
1180
1213
1205
1203
207
203
208
209
207
243
191
188
66
68
30
2
2
1047
1053
1049
1055
1176
1181
1227
1207
205
217
191
215
192
68
81
80
92
1048
1052
1060
1060
1059
1064
1176
1182
1487
1487
1489
1486
1622
213
216
211
262
252
193
495
71
106
96
84
90
90
1342
1342
1336
1342
1061
1451
1449
1447
1460
1443
1493
1497
273
274
270
254
256
493
492
495
103
95
441
451
451
1340
1340
1338
1451
1451
1449
1443
1441
1497
272
267
266
269
260
255
258
489
487
442
486
442
449
1340
1363
1362
1439
1438
1434
1427
268
363
488
485
443
441
393
1256
1252
1364
1294
1295
1436
1393
1391
1426
1422
311
356
357
372
368
424
421
422
381
393
391
1256
1254
1291
1366
3639
3633
1436
1424
1424
1422
311
374
372
371
367
2154
2271
424
2356
422
421
454
2371
3717
3691
3691
3637
3634
3635
3631
3508
3513
3512
3510
2183
2183
2184
2186
2155
2272
2350
2358
2358
2374
2374
3709
3716
3712
3651
3640
3645
3647
3507
3506
3507
2175
2179
2182
2249
2345
2350
2358
2344
2370
2369
2362
3703
3713
3705
3712
3650
3649
3640
3646
3641
3646
3615
3504
2178
2178
2173
2245
2247
2346
2336
2338
2338
2342
2340
3970
3910
3915
3910
3643
3684
3616
3616
3615
3612
3610
3580
2172
2139
2228
2242
2249
2236
2329
2328
2336
2337
2401
3914
3909
3907
3618
3591
3592
2103
2133
2229
2092
2091
2079
2082
2084
2485
2400
2403
2493
3972
3918
3981
3912
3955
3774
3830
3586
3588
3590
3592
3580
2102
2103
2104
2090
2090
2091
2078
2489
2405
2405
2499
3984
3881
3969
3953
3955
3837
3780
3850
3564
3568
2106
2108
2086
2088
2079
2078
2395
2441
2498
2405
2497
3985
3991
3967
3955
3768
3874
3787
3850
3798
3797
3563
2033
2033
2032
2086
2088
2454
2408
2441
2407
3989
3988
3967
3965
3958
3959
3767
3869
3798
3848
3799
2037
2035
2039
2052
2024
2020
2455
2443
2411
3957
1118
4
1017
1030
1122
1030
1120
1158
1167
1217
1170
1880
1216
1211
1931
1932
1201
1201
1201
249
246
224
18
21
17
16
30
24
26
1022
1017
1029
1120
1158
1164
1168
1213
1877
1199
245
241
242
219
219
221
223
18
28
30
4
1018
1090
1124
1123
1158
1186
1183
1182
1207
1211
1212
1208
203
205
197
232
195
66
68
78
80
1051
1092
1020
1091
1066
1063
1066
1066
1184
1181
1180
1614
1207
1616
1612
1209
205
216
196
200
74
63
64
78
1051
1052
1053
1091
1064
1074
1446
1621
1616
276
217
199
261
196
68
64
82
89
86
1280
1311
1076
1446
1447
1442
1620
1618
1621
274
273
280
264
261
497
72
499
70
84
439
1342
1278
1310
1309
1499
1499
1497
268
266
267
260
258
491
496
488
486
487
438
438
451
447
1251
1251
1293
1295
1449
1431
1443
1428
1428
1426
293
295
295
283
283
489
475
473
475
455
459
457
459
1256
1252
1293
1288
1294
1434
1427
311
283
370
480
370
367
481
475
453
455
459
1256
3692
1289
1283
3630
1436
3630
1424
309
298
299
2153
368
2155
2270
2270
454
2368
3693
3693
3692
3637
3639
3626
3631
3508
3510
309
2151
2149
2155
2154
2272
2271
2266
2356
2352
2352
2369
2372
3709
3706
3691
3705
3651
3637
3655
3639
3627
3631
3627
3593
3594
3608
2127
2151
2155
2245
2266
2354
2370
2361
3707
3703
3705
3655
3655
3647
3611
3610
2174
2139
2137
2245
2243
2345
2330
2354
2366
2363
2364
2366
3971
3650
3653
3645
3620
3622
3614
3612
3597
2138
2135
2139
2129
2084
2329
2470
2471
3975
3973
3977
3979
3979
3829
3817
3828
3588
3620
3579
3578
3579
2074
2066
2082
2489
2484
2469
2493
3973
3975
3983
3983
3981
3941
3834
3838
3829
3818
3830
3817
3586
3591
2096
2095
2092
2072
2080
2491
2490
2484
2498
3987
3985
3987
3981
3961
3836
3836
3813
3814
3845
3590
2094
2100
2085
2076
2071
2489
2487
2441
2499
3991
3984
3963
3961
3953
3838
3870
3874
3850
3846
3848
3854
2045
2098
2116
2461
2453
2454
2442
2442
3988
3963
3967
3989
3967
3963
3959
3965
3958
3868
3872
3870
3848
3853
2043
2045
2045
2041
2040
2110
2112
2115
2459
2455
2439
2439
2443
2112
1099
1100
1124
1124
1118
1116
1113
1114
1168
1879
1881
1875
1935
1930
237
236
235
229
227
22
20
17
22
29
26
24
564
1104
1016
1123
1124
1110
1167
1881
1884
1885
1889
1880
1932
1931
238
231
233
233
233
21
30
592
592
1102
1102
1092
1103
1112
1186
1110
1614
1889
1926
1925
1611
239
239
241
232
195
76
28
30
92
588
1088
1084
1090
1068
1072
1067
1592
1591
1614
1610
1611
939
238
215
197
201
201
76
76
63
82
80
587
1086
1085
1088
1085
1070
1069
1073
1586
1590
1592
1584
1616
1622
1612
1624
278
262
200
199
72
76
81
668
664
86
1266
1086
1280
1310
1076
1073
1579
1582
1582
1620
1624
278
293
264
280
496
497
499
71
74
445
447
670
1276
1280
1280
1309
1445
1443
1432
1412
1617
1617
288
293
287
260
491
471
470
439
462
447
1275
1262
1274
1301
1311
1305
1432
1411
1410
1618
295
291
295
287
287
481
473
479
467
457
463
1264
1291
1287
1284
1285
1434
1407
1415
1414
1410
305
309
307
297
285
483
480
476
477
467
1254
3688
1289
1288
1285
3325
1436
3370
1408
1416
1416
311
305
298
302
303
301
299
2153
2262
479
2309
459
3689
3405
3318
3314
3639
3373
3626
1419
3602
3606
3607
303
2149
2147
2260
2368
2309
3689
3688
3707
3400
3339
3342
3372
3372
3594
3604
3607
3604
3608
2151
2147
2258
2262
2264
2260
2264
2274
2354
2360
2361
2362
3449
3335
3655
3363
3364
3593
3596
3598
2135
2127
2131
2129
2268
2268
2364
2363
3706
3449
3979
3338
3336
3330
3653
3620
3624
3596
3623
3598
3597
2139
2068
2268
2481
2470
3971
3970
3832
3833
3816
3623
3584
2135
2133
2068
2074
2066
2483
2481
2474
2473
3993
3972
3983
3977
3842
3939
3833
3834
3818
3824
3814
3826
3582
3582
2095
2076
2076
2072
2064
2490
2485
2491
2487
2495
3995
3992
3992
3983
3943
3943
3840
3837
3839
3813
3844
3824
3820
2100
2096
2098
2463
2462
2464
2467
2445
2444
2494
3999
3998
3945
3943
3941
3874
3846
3865
3845
3858
2043
2098
2100
2070
2114
2462
2461
2457
2449
2447
2447
2448
3997
3998
3949
3949
3951
3951
3869
3872
3872
3866
3852
3853
2041
2045
2039
2110
2115
2459
2456
2456
2451
2451
3868
1116
1934
1100
1099
1122
1114
1891
1113
1905
1877
1879
1936
1922
1924
236
237
229
229
611
612
574
574
564
566
566
1107
1103
1094
1112
1096
1110
1897
1883
1885
1887
1936
1925
979
975
231
969
596
598
576
576
590
592
566
1108
1104
1102
1083
1112
1884
1889
1889
1928
1600
978
980
983
969
233
971
593
600
599
578
592
587
1079
1082
1083
1082
1068
1072
1588
1588
1590
1599
943
981
939
596
598
580
1268
1080
1078
1074
1749
1580
1592
1591
1606
1608
1595
846
939
845
870
869
74
668
666
670
670
1265
1266
1269
1270
1069
1070
1733
1580
1584
1582
1605
1584
1605
1608
844
846
868
874
868
470
672
664
668
1278
1275
1307
1304
1730
1728
1578
1606
1602
853
856
872
469
674
471
445
1264
1276
1264
1301
1304
1307
1717
1411
1412
1528
289
289
288
852
838
483
477
461
467
465
462
463
1264
1262
1260
1301
1284
1431
1408
1407
1418
307
291
287
814
816
476
466
467
465
3404
3403
3403
1287
3316
3326
3324
1430
3370
1414
1415
1420
1420
307
305
301
2145
836
2262
2285
2301
2302
2307
2305
2311
3399
3314
3317
3404
3318
3314
3326
3325
3368
3374
3374
3348
3602
3604
302
3606
2144
2290
2144
2264
2264
2303
2301
2303
2311
2311
3401
3401
3340
3324
3373
3366
3356
2587
2143
2141
2258
2140
2276
2278
3451
3400
3451
3340
3342
3334
3366
3362
3355
3358
3358
3600
2566
2563
2140
2131
2260
2256
2256
2276
2254
2276
2280
2280
3449
3451
3447
3339
3336
3328
3364
3362
3363
3600
2568
2131
2961
2131
2252
2254
2274
2475
2475
2471
3439
3439
3338
3328
3832
3072
3842
3080
3622
3090
3090
3624
3584
3582
2963
2939
2068
2068
2483
2479
2477
2474
3439
3160
3939
3939
3839
3236
3084
3818
3826
3826
3822
3826
3584
2981
2981
2983
2074
2939
2064
2483
2481
2477
3178
3993
3943
3840
3874
3822
3822
3820
2972
2973
2076
2071
2463
2465
2465
2467
2444
3184
3177
3947
3995
3947
3861
3864
3854
3856
2973
2989
2833
2832
2824
2464
2445
2848
3999
3186
3947
3945
3949
3951
3951
3862
3860
3866
3855
3858
2997
2999
2998
2999
2116
2988
2834
2830
2457
2849
2449
2848
3997
3865
2451
1924
989
1098
1098
1096
1893
1892
1903
1903
1905
1905
1935
1934
1916
1924
988
991
973
974
613
610
574
567
570
576
568
1106
1098
1094
1752
1891
1900
1899
1887
1922
1911
1926
1928
999
977
978
973
616
974
611
576
568
1108
1107
1756
1897
1896
1887
1908
1908
1910
997
981
979
983
980
594
599
594
593
600
580
582
588
1775
1780
1084
1743
1745
1744
1574
1576
1576
1598
1598
1599
942
943
943
970
971
606
604
603
584
602
584
578
1268
1079
1080
1748
1748
1745
1747
1586
1592
1573
1576
1596
1595
848
848
869
686
685
666
670
662
1268
1272
1270
1731
1749
1733
1579
1568
1563
1604
1604
1604
847
858
850
870
872
684
684
672
676
666
661
1272
1269
1297
1305
1723
1731
1729
1728
1568
1567
1602
854
857
845
864
874
674
864
676
676
660
661
1259
1258
1259
1297
1299
1730
1715
1715
1516
1530
832
834
856
838
818
653
643
1260
1303
1299
1299
1717
1712
1713
1528
1560
833
833
834
838
842
814
818
641
637
3396
3393
3316
3320
1703
1711
1713
1518
1418
1419
1561
1561
1561
830
836
2291
2293
2292
2286
2305
2287
2309
3405
3392
3319
3319
3368
3346
3344
3348
2592
2588
2145
2289
2295
2285
2287
2302
2299
3399
3383
3317
3333
3359
3360
3345
3355
3348
2590
2590
2592
2586
2587
2143
2290
2256
2283
2282
2298
2298
2278
2297
3379
3385
3445
3335
3385
3334
3332
3360
3351
3356
2568
2566
2564
2141
2252
2256
2278
2280
2280
3451
3445
3330
3071
3078
3352
3354
3090
2572
2568
2564
2252
2951
2684
2816
2738
2478
2739
2473
2739
3443
3441
3442
3442
3446
3237
3235
3070
3086
3087
3092
3092
2962
2964
2963
2941
2943
2943
2939
2483
2817
2818
2816
2872
2871
3176
3176
3162
3237
3071
3080
3063
3098
2969
2965
2983
2943
2822
2821
2479
2866
2477
3177
3178
3161
3161
3241
3064
3082
3083
3083
3108
3097
3100
2975
2972
2991
2983
2820
2821
2825
2826
2850
2865
3186
3164
3186
3185
3224
3231
3223
3862
3233
3082
3122
3124
3100
2995
2999
2994
2988
2991
2834
2820
2824
2826
2849
2850
3186
3182
3220
3221
3225
3231
3233
3233
3861
3864
3124
3855
3124
3856
3116
2997
2999
2998
2989
2833
2987
2832
2828
2830
2844
2828
2846
2844
2846
2844
2846
988
572
1764
1758
1760
1893
1752
1903
1901
1905
1914
1915
1915
1916
989
986
987
614
613
620
612
619
572
572
567
525
524
1755
1755
1754
1897
1901
1900
1912
1912
999
1919
997
999
995
985
975
614
616
624
624
526
590
526
1776
1756
1753
1753
1895
1897
1899
1911
1908
961
997
999
962
993
941
995
946
945
622
584
586
518
1774
1778
1776
1780
1770
1740
1743
1739
1978
1576
1600
961
967
942
606
608
603
608
604
584
582
1774
1858
1780
1852
1780
1778
1741
1739
1737
1574
1564
1594
965
847
965
967
850
862
685
681
583
583
658
1857
1856
1718
1844
1719
1723
1741
1727
1734
1566
1568
1564
1514
1596
1525
854
861
864
860
686
678
678
660
647
662
1857
1868
1724
1725
1725
1729
1568
1515
1521
1526
1530
853
852
798
807
857
866
866
674
650
643
645
642
1874
1872
1303
1707
1717
1715
1691
1515
1530
1555
832
858
840
842
818
822
818
821
653
655
635
637
639
1874
1303
1709
1712
1516
1518
1559
1560
1561
828
827
841
842
826
826
816
824
824
653
633
635
639
3395
3397
3430
1708
1703
1701
1559
1555
827
830
836
2286
2285
2307
2720
2307
3395
3393
3397
3396
3429
3432
3289
3322
3258
3345
3344
3346
3350
2588
2592
2611
2603
2291
2295
2293
2282
2283
2731
2725
2299
3391
3377
3392
3381
3379
3385
3320
3322
3359
3261
3350
3350
2590
2592
2604
2604
2607
2295
2686
2727
2733
2732
2725
3375
3379
3383
3387
3388
3332
3352
3351
3354
2570
2574
2563
2596
2608
2606
2608
2684
2685
2735
2733
2733
2729
2732
3455
3441
3454
3453
3447
3389
3389
3332
3078
3088
3088
2572
2570
2572
2568
2576
2574
2961
2953
2949
2949
2748
2738
3443
3463
3160
3236
3238
3074
3076
3072
3076
3092
3087
2576
2965
2967
2953
2951
2951
2951
2949
2818
2817
2874
2874
2872
2861
3173
3158
3239
3239
3070
3068
3066
3068
3108
3106
3097
2968
2968
2967
2943
2941
2814
2874
2862
2860
2862
3174
3173
3170
3157
3162
3241
3244
3064
3063
3084
3108
3108
3096
3098
2969
2971
2977
2979
2822
2825
2864
2865
2866
3172
3174
3164
3165
3225
3243
3224
3229
3119
3122
3122
3116
2975
2971
2986
2985
2840
2841
2854
2852
2852
2854
3181
3180
3181
3166
3220
3223
3233
3228
3227
3120
3124
3114
2994
2995
2986
2987
2830
2836
2838
2837
2842
2857
2858
1764
1759
1760
1758
1807
1945
1951
1949
1918
1920
991
892
986
987
618
619
570
525
528
1764
1764
1762
1752
1981
1945
1951
1943
1950
1914
1920
1918
995
993
995
920
620
624
520
530
530
1762
1772
1754
1766
1979
1941
1943
1943
1939
1910
963
963
947
946
916
622
624
510
517
502
1775
1772
1572
1571
1502
961
962
954
951
949
914
608
608
512
509
509
508
516
1856
1853
1854
1772
1844
1740
1737
1570
1571
1504
967
959
810
949
949
680
862
682
512
678
658
1858
1852
1719
1735
1735
1734
1572
1563
1513
1512
1512
802
801
811
809
861
682
647
642
1870
1870
1866
1718
1723
1721
1692
1520
1693
1522
1526
1525
799
803
805
811
809
866
770
866
651
647
647
645
1874
1870
1872
1868
1705
1724
1688
1520
1522
797
805
840
820
821
655
651
650
633
635
630
1874
1872
1708
1709
1707
1689
1693
1689
1699
1549
1551
842
841
826
655
629
639
639
3408
3434
3434
3436
3436
3291
1698
1701
1557
1557
2612
828
2614
826
2670
2669
2721
637
2719
627
3429
3434
3430
3422
3291
3259
3260
3275
2578
2612
2616
2610
2603
2664
2668
2720
2721
3381
3424
3428
3387
3297
3299
3258
3264
3276
3276
2582
2611
2594
2594
2607
2686
2660
2727
2729
2733
2722
3377
3381
3499
3388
3299
3262
3262
2583
2584
2574
2584
2596
2594
2597
2684
2681
2682
2749
2731
2723
3454
3462
3461
3252
3052
2576
2576
2959
2600
2598
2598
2747
2741
2749
2741
3467
3462
3074
3195
3074
3076
3051
3086
3049
2957
2958
2955
2946
2947
2945
2793
2870
2874
2868
2868
3169
3157
3158
3197
3238
3076
3068
3102
3104
2964
2957
2953
2955
2814
2795
2870
2870
2766
2861
3169
3170
3168
3245
3245
3244
3068
3066
3106
3094
3096
3094
2926
2928
2933
2979
2979
2955
2897
2795
2814
2864
2756
3164
3137
3166
3165
3247
3249
3221
3243
3249
3249
3118
3120
3111
3112
3096
2932
2934
2935
2977
2892
2896
2897
2840
2842
2841
2811
2856
2858
2854
3182
3138
3139
3131
3219
3228
3229
3119
3113
3113
2934
2993
2931
2931
2895
2895
2836
2837
2838
2856
2857
3114
893
1799
1797
1797
1807
1805
1807
1983
1947
1951
1949
1965
1961
901
891
902
903
924
903
925
926
552
535
530
530
528
1810
1809
1981
1983
1951
1941
1938
1939
1955
1960
1919
899
898
926
622
553
520
520
522
1793
1795
1791
1981
1770
1811
1977
1979
1943
1954
1963
901
947
918
951
919
920
514
522
522
518
1789
1793
1793
1772
1768
1768
1978
1678
1685
1502
1684
1502
1506
1505
957
955
953
951
918
951
916
919
557
514
514
514
502
1854
1850
1853
1828
1676
1678
1504
1513
1505
958
958
959
955
779
681
556
512
658
729
510
501
501
1850
1830
1721
1653
1654
1508
1673
1514
1507
803
802
795
810
811
811
772
780
680
693
726
727
1866
1862
1860
1705
1646
1647
1655
1507
1510
795
799
801
807
767
768
772
699
697
649
693
739
631
1864
1862
1866
1705
1645
1692
1691
1636
1521
1548
1524
798
787
785
762
762
770
715
692
655
693
631
630
3436
3416
1694
1688
1697
1547
1548
1552
1549
1553
785
760
822
717
713
712
689
629
3408
3432
3293
1695
1698
1695
1699
3268
1547
3274
1553
2580
1551
1552
2618
2616
2618
716
2674
716
2666
2668
2669
2717
2704
627
3410
3436
3289
1694
3260
3275
2580
2616
2624
2614
2672
2674
2670
2659
2658
2705
3424
3424
3426
3425
3428
3425
3299
3297
3303
3256
3259
3253
3254
3261
2583
2578
2622
2676
2602
2675
2682
2659
2710
2723
2703
3457
3455
3481
3482
3426
3497
3252
3256
3264
2582
2584
2596
2600
2597
2685
2678
2675
2680
2735
2737
2722
3459
3467
3499
3497
3045
3051
3053
3053
2516
2518
2681
2747
2745
2737
2737
2744
3465
3459
3465
3463
3467
3494
3493
3044
3044
3057
3051
3052
3047
3048
3048
2520
2518
2957
2501
2958
2879
2947
2679
2748
2743
2772
3459
3467
3495
3197
3194
3022
3030
3020
3029
3103
3049
2520
2923
2959
2881
2946
2795
2795
2768
2770
2771
3147
3147
3201
3200
3199
3001
3104
3030
3102
2928
2924
2922
2926
2881
2893
2881
2881
2790
2809
2790
2791
2789
2756
2752
3133
3139
3129
3246
3200
3215
3210
3002
3111
2936
2936
2891
2893
2891
2808
2808
2805
2754
2806
2756
3138
3134
3135
3130
3247
3216
3217
3217
3002
3006
3110
3112
2932
2935
2903
2895
2799
2809
2798
2811
2807
2805
2762
3130
1805
922
1799
1811
1982
1809
1971
1947
1967
1967
1965
1965
892
893
897
902
905
925
928
553
537
535
533
1795
1810
1803
1802
1990
1999
1997
1950
1959
1957
1956
1961
898
899
905
923
924
928
552
559
537
517
1795
1795
1791
1766
1991
1999
1998
1953
1954
1955
1959
1963
885
885
918
934
920
558
506
522
1791
1833
1840
1672
1686
1686
1685
1662
879
877
912
555
557
556
504
503
1789
1846
1829
1827
1676
1651
1674
1674
1686
1506
957
954
876
779
914
729
1848
1846
1829
1830
1653
1641
1653
1670
793
793
793
778
778
696
696
727
726
733
1864
1847
1860
1825
1647
1641
1655
1639
1654
1508
1510
795
766
768
699
697
741
739
741
1866
1862
1646
1634
1637
1542
1545
1540
783
787
787
764
754
766
758
701
699
693
691
737
735
741
735
1864
3414
3416
1635
1637
1543
1543
1541
1539
1541
787
758
762
717
715
711
711
736
627
3412
3408
3415
1633
1697
1533
2561
2618
2672
704
712
713
2715
689
2705
3412
3422
3295
3291
3293
3268
2561
2559
2622
2557
2622
2620
2624
2674
2664
2666
2658
2716
2716
2717
2704
3410
3483
3483
3478
3301
3303
3267
3254
2545
2556
2624
2624
2639
2676
2660
2711
2713
2693
3475
3482
3481
3300
3477
3303
3252
3253
3056
2545
2545
2504
2505
2506
2637
2654
2662
2662
2710
2711
2692
2692
3473
3472
3499
3301
3042
3055
3056
3057
2522
2518
2502
2504
2678
2655
2680
2745
2701
3459
3489
3493
3495
3194
3043
3045
3041
3059
3060
3047
3061
2522
2522
2530
2514
2502
2514
2887
2793
2653
2743
2744
2771
2701
2772
3145
3465
3199
3195
3043
3039
3029
3028
2924
2522
2922
2877
2879
2876
2793
2791
2768
2768
2770
3147
3133
3143
3141
3201
3189
3189
3211
3021
3030
3026
2923
2910
2876
2889
2889
2787
2766
2754
2756
2752
3137
3135
3193
3129
3211
3210
3001
3014
3012
2908
2919
2933
2892
2785
2797
2800
2807
2764
2764
3127
3134
3131
3215
3216
3213
3006
3006
3010
3012
3006
3009
2930
2917
2904
2905
2905
2798
2806
2762
2762
2916
1969
1802
1805
895
895
897
895
897
922
548
936
936
550
551
537
533
1801
1991
1989
1997
1999
1956
1957
1960
887
887
934
935
550
549
537
543
1784
1783
1990
1987
1999
1998
1684
1662
1657
883
882
910
558
559
543
1787
1785
1787
1783
1842
1995
1995
1686
1660
1662
879
912
910
561
506
1846
1834
1833
1828
1839
1673
1680
1668
1662
881
877
780
778
723
719
731
503
1847
1818
1832
1839
1648
1649
1668
1670
1670
791
695
722
723
730
731
1848
1817
1826
1825
1643
1651
1643
1649
1666
1629
1670
795
791
776
773
701
741
739
1814
1823
1639
1636
1629
1545
783
764
756
767
707
736
1814
1824
1633
1635
1533
1542
1540
764
760
705
706
689
747
737
3420
3420
3295
3293
3285
3269
2537
1539
752
752
2620
760
705
2627
704
2715
747
3412
3412
3415
3295
3270
3270
3266
2558
2558
2620
2633
2635
2639
2629
2706
2707
2709
3475
3470
3309
3267
2543
2559
2556
2547
2636
2639
2629
2641
2713
2693
3471
3472
3473
3479
3477
3305
3307
3311
3307
2543
2545
2541
2506
2548
2637
2655
2643
2691
2693
3487
3485
3493
3306
3311
3040
3059
3061
2516
2540
2501
2512
2505
2655
2643
2654
2699
2701
2697
3489
3494
3491
3042
3060
2530
2529
2524
2514
2512
2653
2649
2648
2699
2701
2696
3142
3142
3189
3020
3028
3024
2528
2530
2514
2889
2787
2787
2778
2775
3145
3141
3191
3193
3022
3021
3017
3028
3026
2908
2912
2912
2785
2787
2778
2780
2778
2750
3127
3213
3208
3004
3016
3014
2920
2920
2915
2915
2883
2799
2803
2803
2760
2758
3125
3155
3193
3215
3010
3009
2918
2918
2903
2904
2905
2801
2760
2760
2764
3004
1803
1970
1971
1967
551
539
1801
1967
936
547
1783
1987
1993
1974
930
1680
1658
882
912
545
504
1834
1826
1672
879
912
722
730
1840
1660
881
721
733
1816
1824
1648
1664
789
754
774
725
749
1822
1634
1631
1631
1666
1535
783
756
701
701
745
3418
1823
3287
1631
1536
706
3418
3287
1537
709
2709
749
3420
3283
3272
2537
2555
2633
2635
2639
3479
3306
3310
3309
3269
2535
2539
2549
2629
2647
3470
2509
2547
2551
2509
2655
2641
2647
2689
3491
3036
3037
2526
2647
2697
3489
3033
3035
2526
2510
2651
2699
3143
3191
3018
2530
2877
2887
2649
2780
3145
3150
3191
3017
2528
2910
2885
2783
2780
2780
3150
3207
3014
2914
2899
2800
3151
3014
2901
2758
1801
932
934
545
887
1838
1987
1995
561
791
776
774
1817
1821
1664
1629
749
1533
747
2707
3295
2706
3478
3469
2535
2553
2631
2540
2631
3311
2697
2648
3485
3037
2889
2783
2901
2776
3208
3008
889
545
889
548
1785
1993
539
883
719
1682
1838
1682
725
1822
754
707
703
3285
2537
2557
2689
3305
3311
2647
2645
3458
3036
2510
3041
2528
2776
3018
2908
2912
3203
3024
2919
2883
2801
2764
1975
936
1973
932
930
549
1784
881
1668
721
1821
773
744
1814
1627
1535
1666
756
1537
2537
2549
2548
2541
2524
3149
2512
3209
2885
2775
3209
2916
2905
1970
1973
1658
886
545
1993
1657
1842
721
1818
1643
789
744
709
3418
3420
1536
2635
2627
2689
3471
3272
2533
3487
3040
3033
3487
3491
3033
2651
3205
3155
3151
3207
2917
2899
1975
1973
3278
3278
541
1985
1985
1282
3280
1836
907
907
743
1627
1820
1627
3287
745
3287
2553
3283
3283
2553
2627
2533
2631
2550
2551
1485
2531
2645
2695
2508
3155
3153
3205
2783
2774
3203
3207
1498
1482
3278
908
541
541
3280
3280
1836
908
1836
3699
3701
3699
1375
750
3701
3695
1281
88
3700
3694
87
3697
3153
3697
88
3329
472
