432
135
83
83
84
84
137
137
135
117
85
85
136
111
111
117
117
120
120
97
84
82
140
112
112
119
80
84
86
86
86
140
112
119
79
58
64
63
152
152
112
113
113
119
80
64
63
63
152
151
113
54
54
54
63
150
150
150
151
151
133
133
130
130
75
54
55
61
61
150
151
131
130
74
74
55
55
55
61
148
151
132
132
134
130
74
74
383
416
417
148
250
378
383
383
416
417
417
251
265
383
381
381
415
264
378
380
381
381
415
414
414
246
246
264
265
384
378
380
406
243
243
243
246
263
263
263
263
384
384
379
427
427
224
224
245
245
263
263
267
384
384
397
219
230
395
395
425
426
220
219
219
219
231
230
229
229
393
393
397
397
430
220
231
393
396
397
397
425
430
430
430
220
219
231
231
231
229
100
100
100
100
100
100
83
83
83
83
84
85
85
85
137
137
137
135
135
135
111
111
111
117
117
117
117
100
100
100
83
83
82
83
85
85
137
136
136
136
135
135
111
111
117
119
117
117
97
97
97
98
82
84
84
86
86
86
86
136
139
136
136
140
140
111
112
119
119
119
120
120
79
79
80
80
84
84
84
86
86
139
140
140
140
112
112
112
113
119
119
79
79
79
80
80
80
58
64
64
63
63
140
63
140
112
113
113
119
119
119
78
79
58
54
54
64
64
64
63
150
152
152
152
152
152
151
113
133
129
130
130
130
130
78
79
76
76
80
54
54
61
63
150
150
152
151
151
151
131
133
131
133
130
129
130
74
74
76
55
54
54
61
61
61
149
150
150
150
151
131
132
134
134
134
130
74
74
74
55
76
55
55
55
55
61
61
149
149
149
148
148
153
132
132
132
132
134
134
128
130
74
74
55
55
415
61
416
417
417
417
250
148
132
132
132
132
132
249
134
130
265
378
378
383
383
383
383
381
383
410
415
415
415
417
417
250
250
250
250
250
251
249
249
249
249
264
265
265
378
378
383
382
381
381
415
415
414
414
414
250
250
250
251
243
246
246
246
264
265
265
265
378
378
378
381
381
406
406
415
414
243
243
243
243
246
264
264
264
263
265
265
378
380
380
379
406
406
427
414
414
414
224
243
243
243
248
263
263
263
263
384
384
384
380
380
379
379
379
379
427
427
427
244
245
245
248
248
263
384
384
384
380
379
379
425
427
427
426
224
224
224
224
245
245
245
231
248
230
230
267
230
393
393
393
395
395
397
397
425
426
426
426
224
426
220
220
219
219
219
231
229
230
393
393
395
395
395
397
425
430
430
430
220
220
219
219
217
217
231
231
231
230
229
393
393
393
396
396
397
397
397
431
430
430
430
220
220
217
231
229
229
229
229
229
229
393
83
110
100
100
100
81
83
83
81
85
85
137
137
142
135
137
135
135
110
111
117
118
117
117
100
97
97
100
98
82
82
82
82
83
82
85
85
85
86
137
136
136
135
111
110
111
118
118
118
120
97
97
98
82
82
82
84
85
86
139
137
139
139
139
136
136
136
138
111
112
120
120
120
79
97
97
98
79
98
84
86
86
139
139
140
140
112
113
119
115
115
120
120
79
79
80
80
80
80
58
58
64
64
63
63
139
140
152
152
113
113
113
115
129
119
78
80
58
58
64
58
64
63
63
152
152
151
133
133
129
129
75
78
56
54
61
61
150
150
154
151
153
131
133
133
129
75
75
75
76
76
56
76
56
56
54
54
149
149
150
151
153
153
131
131
133
134
134
134
129
128
74
76
76
76
56
56
56
56
61
62
62
149
149
149
149
148
148
148
153
131
134
134
128
76
383
55
410
415
62
416
417
148
148
251
153
132
257
128
257
389
383
383
383
410
410
410
416
417
417
250
250
251
251
251
249
249
249
264
264
265
378
378
389
382
381
381
406
415
415
414
250
252
251
251
246
249
264
264
265
265
378
389
389
382
382
382
380
382
381
406
406
414
414
250
243
245
246
246
248
264
265
266
385
385
380
379
406
414
414
411
243
244
244
245
248
248
267
267
384
380
379
406
427
425
427
427
426
244
244
245
248
248
263
248
267
385
392
385
384
380
395
395
425
425
427
426
427
224
224
223
224
245
216
248
248
230
267
267
392
391
391
391
395
395
394
425
425
426
426
223
224
220
216
216
231
230
230
230
230
392
392
395
397
430
431
430
221
220
220
219
221
218
217
232
232
229
392
392
392
392
393
396
396
396
396
397
397
396
431
431
430
221
220
221
219
221
217
217
217
217
231
232
232
232
229
217
232
232
99
81
110
99
99
99
99
99
83
83
81
81
93
93
93
142
142
142
142
135
135
110
110
118
118
118
118
118
118
118
97
99
82
98
81
81
87
87
142
137
142
142
142
136
110
109
118
118
97
97
98
98
98
81
82
88
88
88
87
139
136
138
138
138
111
109
112
109
120
115
120
120
97
96
96
96
96
81
81
88
88
65
87
139
139
138
138
138
138
112
115
115
115
115
79
80
77
58
64
66
66
65
139
138
154
113
113
115
123
115
121
78
77
77
58
58
66
66
66
159
158
154
154
154
154
154
154
133
123
129
129
129
78
75
75
77
77
77
58
58
64
66
66
66
158
154
154
154
133
133
129
129
75
75
75
76
56
57
62
62
62
149
62
158
153
153
153
153
131
134
134
128
128
129
74
75
75
68
56
56
56
56
62
62
62
149
149
153
153
131
131
134
128
128
69
69
69
76
68
410
410
416
416
417
417
148
148
148
153
251
249
131
257
257
257
257
389
389
382
382
410
416
416
416
417
417
252
252
251
251
249
249
257
257
257
257
265
389
389
382
382
407
407
411
412
412
412
252
252
252
253
246
249
260
256
256
256
256
389
389
381
407
407
407
407
411
412
411
252
411
252
252
246
246
247
260
256
266
267
385
382
385
380
406
407
407
407
411
244
244
244
247
247
266
266
267
385
385
385
385
380
423
406
421
426
421
223
421
244
244
245
247
247
266
266
267
267
385
385
391
391
391
395
394
394
425
425
425
426
223
223
244
247
248
233
234
391
391
394
394
394
394
428
431
223
223
223
223
216
216
216
232
232
230
392
391
392
395
394
394
428
428
431
431
221
221
221
218
218
218
232
216
232
235
392
392
392
396
396
396
431
428
431
431
221
221
221
218
217
218
217
217
217
217
232
235
235
235
396
232
99
99
99
99
105
81
81
91
91
93
93
142
142
142
142
147
147
147
146
110
110
110
114
118
114
99
99
98
102
105
102
91
93
93
87
87
93
143
142
147
147
147
147
138
109
114
114
114
94
94
98
102
88
88
88
88
87
87
143
141
147
138
147
147
144
109
109
115
114
114
114
94
96
94
96
96
88
89
87
141
145
144
145
144
109
115
115
116
78
78
96
77
96
77
59
89
89
89
65
66
65
139
138
138
145
145
144
145
123
115
123
121
116
121
78
78
77
78
77
77
59
59
66
66
66
65
159
159
159
159
154
160
123
125
123
123
123
121
121
78
78
77
59
77
59
57
60
60
158
158
158
158
160
154
160
154
125
123
125
121
129
75
68
68
59
57
57
60
158
161
161
125
126
128
128
69
69
68
68
57
57
57
62
62
60
155
155
158
161
161
161
126
131
128
128
128
69
69
69
68
410
410
57
62
60
60
156
155
161
161
161
253
261
126
261
126
126
127
258
389
390
390
387
410
410
409
416
416
416
412
252
253
253
253
253
261
261
257
257
257
258
389
390
388
382
408
408
409
409
411
412
412
252
253
261
261
261
256
260
256
256
256
389
388
388
388
382
408
405
405
407
407
407
411
252
252
252
253
247
260
256
256
269
269
256
386
386
386
388
405
406
407
421
411
421
411
418
411
254
244
247
247
260
260
260
266
266
267
386
386
394
421
421
421
223
254
244
244
247
247
260
260
266
266
267
266
386
385
398
391
394
394
423
421
421
421
421
418
222
223
222
222
247
216
247
233
234
234
234
398
391
398
391
403
401
423
428
431
426
223
222
216
216
216
233
233
234
234
234
234
400
400
402
394
401
428
428
428
431
431
223
225
223
221
216
218
233
235
233
235
400
400
400
402
401
401
401
428
431
428
431
221
221
221
218
218
218
233
235
235
401
105
114
104
104
105
105
105
101
91
91
91
93
93
93
92
92
92
143
143
143
146
146
110
108
108
108
108
108
114
94
104
104
105
102
91
91
91
91
141
143
147
147
146
146
146
110
109
108
114
114
94
94
105
102
102
88
88
88
89
91
91
87
143
145
144
109
109
109
109
116
116
94
95
96
95
96
96
96
103
102
103
89
89
87
87
87
141
141
145
144
144
122
122
116
116
95
94
95
95
96
103
59
65
65
141
145
145
145
144
122
122
122
116
121
71
71
71
59
59
66
65
65
65
159
159
159
159
160
145
123
125
123
122
121
78
70
71
71
60
66
65
158
158
158
159
160
160
125
125
125
125
123
127
121
121
69
71
68
67
59
57
57
60
60
60
158
157
158
160
160
124
124
126
126
127
127
127
127
69
69
68
68
67
60
60
156
155
161
161
161
161
126
126
126
127
127
69
390
68
67
410
57
409
60
156
155
155
253
161
253
261
261
127
258
390
390
387
408
410
409
409
413
413
156
253
255
253
255
262
261
262
261
261
258
258
258
390
388
390
388
387
408
408
408
409
409
409
409
413
412
412
253
253
255
262
261
258
258
390
388
388
408
408
405
411
411
412
254
254
254
260
260
260
256
269
269
269
269
386
387
405
405
422
422
422
422
418
418
254
254
254
260
266
269
269
386
386
386
388
404
423
423
423
422
422
418
418
418
222
259
259
237
266
268
266
386
398
398
398
398
403
403
403
423
423
423
423
421
421
222
222
222
237
237
237
236
234
234
398
399
400
398
403
403
423
423
424
419
420
222
225
227
222
237
233
236
234
234
400
400
400
402
401
401
428
429
428
428
429
419
225
225
227
237
233
233
235
234
400
400
400
400
402
402
401
402
401
401
429
429
429
429
225
225
225
225
225
227
218
218
233
233
235
235
235
227
104
104
105
105
105
101
101
101
91
90
90
92
92
92
143
146
146
146
110
108
202
108
108
108
108
108
203
104
104
105
105
102
101
90
90
90
90
90
92
92
143
146
146
206
206
202
108
203
203
107
107
95
107
102
102
102
89
90
30
141
141
141
141
146
146
144
206
108
116
114
203
95
107
95
102
103
102
89
89
89
30
30
141
141
145
144
144
144
122
122
116
116
116
204
95
95
95
95
103
103
103
103
89
31
31
89
65
30
52
141
145
144
144
122
122
122
167
167
116
70
95
70
71
71
71
59
50
66
52
52
159
184
159
184
145
160
125
122
122
121
121
167
71
71
71
71
59
59
49
49
52
52
157
159
160
160
125
125
125
127
166
121
72
72
72
72
71
67
57
49
47
52
157
157
157
160
160
124
124
124
126
127
170
72
69
67
67
67
57
48
48
48
48
157
156
157
155
161
124
124
124
126
127
69
390
67
67
67
364
67
340
49
48
48
156
156
155
156
157
155
155
255
262
126
300
127
390
367
387
387
408
340
409
48
413
413
412
156
255
255
262
258
258
390
390
390
367
387
408
340
340
409
413
412
413
412
255
255
262
262
262
262
262
259
258
258
258
269
388
387
387
405
405
409
413
413
418
255
254
262
262
259
269
269
388
388
387
387
404
405
405
422
422
422
422
418
418
254
259
259
268
269
386
386
404
404
424
422
418
418
254
254
238
238
259
259
268
268
399
398
398
404
404
403
404
423
424
424
424
424
420
420
222
222
227
238
237
237
236
236
236
236
399
399
399
398
403
403
403
403
424
424
424
424
420
226
222
227
237
237
237
236
236
236
236
399
399
399
402
401
429
419
429
419
419
225
226
226
227
227
237
242
242
239
239
239
235
399
399
402
402
402
401
429
401
429
429
429
419
225
225
225
227
227
242
242
233
239
235
324
101
92
104
104
105
101
101
101
90
90
92
92
92
143
143
143
146
206
206
206
202
202
203
203
203
104
106
106
106
106
101
102
90
90
90
92
33
199
199
206
198
206
205
204
204
203
203
203
107
107
107
107
106
39
90
32
33
30
199
199
198
199
206
198
205
205
204
204
204
204
107
106
107
107
102
103
103
31
31
32
198
198
198
206
205
204
70
95
107
103
24
24
31
31
52
52
53
184
198
184
182
182
122
167
167
167
167
70
70
70
70
103
103
24
31
50
50
50
50
52
52
184
184
182
182
182
125
164
167
167
70
70
73
73
24
24
49
52
52
184
184
186
124
164
124
167
72
72
72
73
67
25
20
49
49
47
157
157
157
184
186
124
124
170
170
170
170
170
72
72
72
73
67
49
49
48
48
157
157
155
186
185
124
170
170
170
72
367
72
67
364
364
364
49
340
48
48
48
48
156
156
155
296
186
296
298
297
297
300
300
300
367
367
367
367
364
364
364
364
340
340
340
341
413
413
156
413
295
296
296
298
298
297
297
301
300
300
367
367
365
364
340
341
343
290
255
296
296
255
298
301
359
367
359
365
387
365
340
341
341
337
337
413
290
290
296
255
262
293
259
259
298
259
269
269
359
359
359
387
359
405
405
339
339
418
290
254
290
254
262
282
259
268
268
269
358
358
404
404
404
339
424
339
422
337
337
422
420
420
290
222
238
238
259
268
268
268
358
404
404
404
404
404
325
424
424
424
420
420
420
279
279
238
238
238
238
237
236
236
363
399
403
403
429
419
420
419
226
226
227
238
242
242
242
242
239
362
363
399
399
402
326
326
419
419
226
228
228
241
242
242
239
239
399
362
402
329
329
324
324
324
324
326
419
419
226
226
226
228
227
228
228
242
242
239
239
239
362
326
239
33
200
104
104
106
101
101
39
39
90
39
92
92
33
33
200
200
200
206
208
208
202
202
202
202
203
106
106
106
7
101
39
39
33
33
33
33
33
201
199
199
199
206
199
206
204
203
107
106
7
7
7
32
32
32
32
201
199
199
199
199
205
205
205
205
205
204
215
203
9
9
107
6
6
6
31
32
31
32
32
32
198
198
198
198
198
163
205
205
215
204
215
204
70
107
10
24
24
24
24
31
31
31
31
53
53
184
183
182
163
163
167
167
166
70
70
10
24
24
24
24
50
50
53
53
53
183
183
183
182
182
163
163
164
164
162
167
73
73
26
25
26
24
23
23
50
50
53
183
184
184
182
182
164
186
164
164
166
166
73
73
73
73
25
25
20
20
49
52
187
187
188
186
186
168
170
73
73
25
20
20
20
49
47
157
187
187
187
186
188
185
185
168
170
368
73
364
364
20
20
49
47
48
47
47
47
156
187
187
296
298
297
297
297
297
300
368
367
364
364
340
341
341
343
292
295
295
296
298
298
298
297
300
368
367
365
365
341
340
341
341
343
292
292
292
292
290
295
295
298
298
299
301
301
301
301
367
365
359
365
365
365
365
341
341
343
292
290
290
296
296
299
301
301
301
359
359
365
339
339
339
339
337
337
290
290
293
282
293
320
322
320
320
268
322
358
358
358
358
357
357
338
338
339
337
337
337
279
279
279
282
282
238
282
320
320
320
320
323
322
358
358
357
357
339
325
325
332
279
279
279
282
320
320
236
323
268
363
363
357
357
324
325
325
325
325
325
332
332
279
278
228
238
238
276
242
242
239
323
362
363
362
362
329
324
329
324
324
326
326
332
332
226
226
226
228
228
241
241
242
242
240
240
362
362
329
329
329
324
324
326
326
326
326
419
330
419
330
226
226
228
228
228
228
241
241
241
240
241
240
240
240
240
240
200
202
11
8
8
7
7
39
39
33
34
34
34
33
200
200
200
208
208
208
208
207
202
202
202
213
213
8
8
7
7
39
39
34
33
201
34
201
201
200
200
208
208
208
208
207
213
203
213
9
8
8
7
7
7
39
38
32
201
201
201
201
201
199
201
198
208
208
215
215
215
9
10
9
8
6
6
6
6
39
32
32
201
196
196
205
205
215
163
214
215
215
9
9
9
10
10
10
6
23
23
30
50
53
53
183
196
196
183
182
163
163
162
215
166
9
9
26
26
10
23
23
23
23
50
50
50
51
53
53
53
182
182
163
163
164
162
166
166
166
18
18
26
23
26
20
51
51
51
51
53
53
183
183
183
183
186
186
164
164
162
169
170
18
18
25
25
20
20
22
51
51
47
188
188
188
188
185
185
185
185
168
168
168
169
169
18
25
25
20
47
47
47
47
187
187
187
188
188
185
185
185
168
185
168
168
169
169
368
368
369
25
20
21
47
286
187
187
188
298
297
300
297
300
368
368
368
368
369
369
366
340
342
341
341
343
343
286
292
295
295
295
296
298
299
299
302
302
300
368
368
368
370
369
365
366
366
342
342
343
343
292
292
295
295
293
296
299
299
302
301
302
368
368
366
365
366
366
342
342
343
292
292
290
294
293
293
293
293
299
299
301
301
301
302
359
358
359
359
359
366
366
338
339
337
337
292
292
291
291
291
291
293
280
282
282
321
322
358
357
357
338
357
338
338
339
338
337
348
291
280
280
280
282
282
282
282
320
320
322
323
322
322
358
357
357
328
338
338
325
325
332
332
332
279
279
280
282
282
320
323
323
323
323
358
363
363
363
357
328
328
328
325
325
331
332
331
332
278
279
277
276
320
320
323
323
323
363
363
363
363
329
328
329
326
326
330
331
332
278
278
277
228
241
241
240
319
240
319
362
362
362
362
329
329
324
324
326
330
330
330
278
278
277
228
241
241
241
241
241
240
240
5
3
8
8
3
39
38
34
34
34
200
192
200
208
207
207
202
213
213
11
11
8
8
7
38
38
38
38
34
34
34
201
200
193
207
208
207
215
213
213
11
8
8
6
7
38
38
36
38
34
201
196
196
195
195
207
214
214
213
212
9
6
30
30
29
196
196
196
196
195
195
195
214
214
215
214
215
212
9
9
10
10
10
6
23
30
30
29
196
196
197
196
195
163
177
163
214
162
162
9
10
26
23
23
23
30
51
51
53
43
43
183
181
183
177
164
172
166
18
18
19
26
26
26
22
51
45
51
45
43
43
43
183
181
181
186
181
186
164
162
171
172
18
18
19
25
26
26
22
51
51
43
188
188
185
177
168
168
171
169
168
169
18
18
25
25
22
22
22
22
21
44
44
188
188
185
168
168
169
169
370
370
370
369
369
375
21
21
45
44
286
187
295
185
299
297
300
169
300
169
370
369
369
369
366
342
342
343
287
286
286
295
295
307
299
306
302
370
369
369
366
366
366
342
342
343
343
287
294
294
294
293
293
307
302
302
302
302
370
370
377
366
377
342
342
291
292
291
291
294
294
294
293
305
305
305
302
302
356
356
354
338
348
291
291
280
293
294
281
321
302
321
322
356
356
338
354
338
338
348
348
348
280
280
281
281
282
281
321
321
323
322
322
363
356
357
354
328
338
348
331
331
279
280
280
281
281
321
323
322
323
322
360
363
361
328
361
328
328
325
331
331
331
332
275
278
277
280
276
281
276
315
319
319
318
363
360
361
361
361
328
329
328
327
327
327
331
331
330
331
278
278
277
277
276
276
276
276
313
319
319
319
319
318
362
360
360
361
329
327
327
330
330
330
278
278
278
277
277
276
276
313
313
319
319
330
192
5
3
5
3
3
3
3
37
38
38
35
34
192
193
193
193
193
193
207
207
207
209
213
213
213
3
3
1
1
38
36
38
35
35
35
34
194
194
193
207
211
213
212
213
11
11
11
1
6
1
1
36
36
35
35
194
195
190
197
190
190
214
212
212
212
11
11
11
12
12
6
36
2
36
29
29
29
29
29
196
197
197
197
195
195
195
195
195
214
214
214
212
11
11
10
12
15
28
29
29
29
43
197
197
197
176
163
162
214
162
165
214
165
165
18
12
26
15
22
45
28
30
45
197
43
43
197
181
181
177
176
162
171
172
172
19
19
19
26
14
14
15
45
45
43
43
43
181
181
181
177
177
177
164
171
172
172
19
19
19
22
14
22
22
45
45
45
45
188
43
180
181
180
178
178
171
171
171
171
169
370
371
21
22
21
45
44
44
44
44
188
178
178
178
173
173
173
169
370
369
374
21
21
21
21
344
44
344
44
287
44
44
286
286
286
178
283
178
307
307
307
306
306
169
372
369
375
21
342
344
287
286
286
286
283
307
307
307
307
309
370
372
369
377
377
377
375
377
375
346
342
346
346
342
287
287
287
283
294
284
305
307
308
308
308
370
356
372
377
377
377
346
346
343
287
291
294
294
294
294
294
305
305
308
308
308
356
356
355
354
346
348
345
345
291
291
305
305
308
302
308
321
356
356
356
356
355
355
354
350
350
347
348
348
347
348
348
275
275
275
274
281
281
281
321
321
311
322
356
356
355
354
350
350
347
347
347
348
348
275
275
280
281
281
315
315
321
317
317
360
355
354
354
361
327
331
347
331
275
271
275
271
280
277
270
276
313
315
315
321
315
317
317
361
360
361
328
361
327
328
334
331
277
271
276
277
276
313
316
319
318
319
318
360
360
360
361
327
327
327
327
334
334
330
330
278
272
277
276
313
313
316
316
319
319
318
361
3
193
5
5
3
3
37
37
37
37
35
192
192
192
193
194
193
191
207
211
209
209
209
5
5
5
5
1
1
36
36
36
37
37
35
194
194
194
193
190
207
211
211
209
212
4
4
12
1
1
2
36
36
36
35
36
35
194
194
190
190
190
211
212
212
12
12
2
28
28
28
28
29
189
197
189
210
214
162
212
212
11
12
12
12
15
15
15
28
28
29
29
197
197
176
176
165
17
19
12
14
15
14
15
40
43
40
40
176
176
176
162
172
171
172
19
17
16
16
14
14
15
15
46
46
45
40
181
177
177
171
171
172
172
19
19
14
13
46
46
44
41
41
41
180
180
180
181
179
177
177
171
173
174
172
172
174
19
371
371
14
21
46
44
41
41
41
180
180
180
178
178
178
173
174
174
372
372
372
21
21
41
288
286
283
303
178
173
306
174
306
372
372
374
374
374
344
344
288
287
288
286
286
287
283
307
307
306
306
306
309
309
372
372
377
377
375
375
346
345
289
289
287
284
284
303
307
309
308
308
373
373
377
377
376
376
346
346
345
345
289
284
284
284
284
305
305
305
308
308
308
308
373
373
377
377
350
346
346
345
273
275
274
284
281
305
312
311
311
353
355
354
355
354
350
350
350
347
347
348
347
275
275
275
274
274
274
270
312
312
311
321
317
311
317
353
355
354
354
350
350
347
347
275
275
275
274
270
270
315
315
310
317
317
355
352
353
352
335
335
335
335
335
333
333
271
271
270
270
270
313
317
317
317
317
360
360
352
352
335
335
334
333
333
271
271
271
272
313
313
315
318
318
318
360
360
361
327
327
336
334
334
334
334
334
334
272
272
313
314
314
316
316
318
318
272
37
5
3
192
192
194
192
193
191
211
191
191
211
211
209
209
5
1
1
37
2
37
35
192
192
194
191
191
211
210
209
209
4
4
1
2
2
36
27
27
27
194
189
190
210
210
210
4
4
4
4
2
2
27
28
27
27
189
190
176
210
212
4
12
12
12
2
28
28
28
27
189
189
176
176
176
175
165
165
17
17
16
14
15
15
46
40
40
40
176
175
176
171
172
17
17
16
16
14
14
15
46
46
46
46
40
180
175
176
177
174
172
17
16
13
13
46
42
42
180
179
181
179
174
17
16
13
13
41
41
41
180
179
179
179
173
174
174
371
371
374
374
374
344
344
41
41
180
283
179
178
303
178
306
174
372
372
372
374
374
344
344
288
288
287
283
283
283
303
306
306
309
373
373
375
345
345
288
288
288
284
303
305
304
309
309
373
373
373
376
376
376
376
376
376
289
289
289
284
289
285
304
304
309
309
351
351
355
376
376
349
345
345
289
289
284
274
284
285
304
304
311
311
311
355
355
354
350
347
273
273
273
274
274
312
312
312
311
311
311
353
355
350
349
347
347
273
274
274
270
312
312
310
310
353
353
352
336
335
335
335
333
333
271
271
270
313
315
315
310
310
317
352
335
336
334
333
333
272
272
271
272
314
313
315
316
316
316
353
352
352
336
334
334
272
272
272
314
314
316
316
318
318
334
5
0
37
37
211
209
5
35
191
210
1
2
2
27
190
28
27
189
189
210
210
4
16
28
189
175
175
165
0
40
189
165
165
17
16
15
46
42
179
175
175
174
16
13
13
13
46
42
42
180
175
173
173
371
16
374
13
42
179
371
374
41
179
309
174
373
375
375
344
288
283
283
285
373
376
375
375
344
345
289
288
304
304
373
285
285
285
285
304
304
304
309
351
349
349
289
304
309
351
349
349
273
285
285
311
353
351
349
273
274
270
312
310
353
352
335
335
273
271
270
312
315
310
353
336
333
272
314
316
352
333
314
316
5
190
191
211
194
0
2
27
210
175
175
175
17
16
40
13
174
41
174
306
374
306
376
373
345
288
303
289
304
351
311
312
351
349
314
312
314
316
336
334
193
211
194
211
4
2
209
189
165
40
0
40
175
16
179
179
173
374
344
288
309
376
375
304
304
353
349
285
349
273
310
349
270
270
336
333
271
314
316
318
0
191
27
190
190
210
4
189
40
165
14
175
173
17
13
42
42
180
42
344
288
285
289
273
352
274
336
314
310
336
272
314
0
37
192
192
210
27
27
0
165
17
14
42
173
179
371
371
42
283
303
309
373
375
289
351
349
349
351
351
349
312
336
352
352
333
272
314
0
37
299
299
209
0
0
391
303
0
191
191
165
13
16
13
371
173
371
283
371
371
283
303
345
303
285
285
162
273
310
310
314
353
353
336
312
310
336
336
166
166
299
191
209
209
303
303
0
191
0
379
166
379
408
42
408
351
346
166
337
94
405
420
353
420
98
346
94
