336
111
76
75
73
73
114
114
111
124
58
58
114
123
123
124
124
124
124
66
75
75
110
110
123
124
66
74
58
59
58
110
110
115
67
56
57
57
110
110
110
99
99
115
56
57
57
57
93
93
99
56
56
56
57
92
92
92
93
93
104
104
102
102
44
56
42
55
55
92
93
100
102
45
44
44
42
42
55
91
100
101
101
104
102
45
45
228
311
311
91
306
230
228
228
311
311
309
306
296
228
226
226
311
298
230
226
226
226
312
312
312
295
295
298
296
225
225
226
245
320
320
308
295
297
297
297
297
225
225
226
245
319
320
320
321
321
297
297
334
225
225
244
320
335
240
240
244
319
319
332
335
332
335
335
333
333
236
236
240
240
243
318
333
236
238
240
240
243
243
318
318
317
331
330
330
333
333
77
77
77
77
77
77
76
75
73
75
73
73
58
58
114
114
111
111
111
111
123
123
125
125
125
124
124
77
77
77
75
75
73
75
58
58
114
114
111
111
111
111
123
123
125
124
124
124
77
67
67
75
75
74
73
58
58
58
58
114
113
114
114
110
110
123
123
124
124
124
124
124
66
67
66
66
74
74
58
58
59
113
113
110
110
110
123
123
115
115
115
67
67
66
66
66
66
61
57
57
57
59
113
57
113
110
99
99
115
115
115
67
67
56
56
56
57
57
57
57
92
92
92
93
93
93
99
99
99
104
102
115
102
102
45
45
46
46
46
56
56
55
55
92
92
92
93
100
93
100
99
100
104
102
102
102
45
45
44
42
56
56
55
55
55
92
92
93
93
100
100
100
104
104
103
103
45
45
45
44
44
42
42
42
55
55
55
91
91
91
91
91
91
101
101
101
101
103
103
103
102
45
45
42
42
311
55
311
311
311
311
306
91
101
101
101
101
101
294
103
102
296
230
230
228
228
228
228
228
228
223
311
311
311
311
311
309
309
306
306
306
306
294
294
294
294
294
296
296
230
230
228
230
228
228
223
311
312
312
312
309
309
308
308
308
308
294
294
296
296
296
296
230
230
230
226
226
226
226
312
312
312
308
308
308
295
298
298
298
298
296
296
225
227
226
226
245
245
312
312
312
312
320
308
308
295
298
298
297
297
297
225
225
225
227
227
227
226
245
244
245
319
319
320
321
321
335
298
297
225
225
225
240
244
244
244
245
319
319
319
320
320
320
321
321
335
335
335
335
334
333
334
225
236
236
238
239
240
244
244
244
319
318
319
319
320
317
321
321
332
335
333
334
236
238
238
238
239
240
243
243
318
318
318
317
317
332
332
330
335
330
334
334
333
236
236
238
238
238
240
240
240
243
243
243
318
318
317
331
330
333
333
333
333
333
333
236
75
125
77
77
76
76
75
73
73
73
58
112
114
112
112
111
111
111
125
125
125
125
124
120
77
65
77
77
77
75
75
74
75
73
74
73
74
58
58
114
114
114
111
123
125
123
125
124
120
120
65
65
75
74
75
74
74
58
59
113
113
113
113
113
114
113
111
109
123
118
115
120
120
67
67
67
65
67
66
74
59
59
113
113
113
110
123
118
115
119
115
120
115
67
67
66
66
66
66
61
61
57
59
59
59
92
89
90
110
99
118
99
115
115
115
67
66
61
61
61
61
61
57
59
89
93
99
99
104
102
102
46
46
43
56
55
55
92
92
90
100
100
100
100
104
104
45
45
46
46
42
43
43
42
42
56
56
92
92
93
93
100
85
100
100
104
104
104
103
103
103
45
44
44
42
42
42
56
42
55
55
55
91
91
91
91
91
91
85
101
101
103
103
103
44
228
42
223
311
55
310
309
91
85
306
85
101
294
103
303
229
229
228
228
223
223
223
310
310
309
309
306
306
306
306
294
294
294
296
296
296
230
230
229
229
228
223
223
310
311
310
309
307
308
306
308
294
294
298
303
296
230
230
229
229
226
229
226
226
224
224
223
312
312
309
308
308
295
295
298
298
296
297
230
227
227
226
245
245
312
312
308
307
321
308
295
298
297
297
227
227
245
245
245
245
245
250
319
321
321
321
295
298
297
335
297
214
214
214
225
227
244
244
245
244
245
319
319
320
320
324
320
321
321
335
335
335
334
334
236
236
236
239
239
239
239
244
244
243
319
318
320
321
332
332
335
334
334
334
334
236
236
239
240
243
243
318
318
317
317
332
317
332
332
334
334
333
236
236
237
237
238
238
238
238
240
240
240
240
243
243
318
318
318
317
331
317
331
331
330
331
330
330
334
333
333
331
330
330
76
76
125
77
71
76
71
76
76
75
76
73
81
81
81
112
112
112
112
111
111
125
125
125
121
121
120
121
120
120
65
71
76
76
73
73
81
81
112
112
112
112
112
111
123
125
121
120
65
65
65
65
65
74
74
74
74
74
59
113
114
109
113
109
123
118
119
118
119
121
120
120
65
65
65
66
63
63
74
79
61
59
59
113
113
109
109
109
109
118
119
119
116
116
67
66
63
61
61
62
59
60
89
109
90
99
118
119
119
116
116
67
67
63
61
61
61
62
59
89
89
90
90
90
90
99
90
99
104
104
102
102
46
46
46
46
46
46
43
61
61
53
54
54
89
93
90
90
104
98
94
104
46
46
46
44
43
53
53
54
54
91
54
86
93
90
85
100
100
103
103
103
103
102
45
45
44
44
43
43
42
53
53
54
54
86
91
85
85
101
101
103
95
95
48
48
44
44
44
223
223
310
310
310
309
85
85
85
85
306
294
101
299
303
303
303
229
229
229
223
223
310
310
310
309
309
309
307
306
306
306
294
299
302
303
303
303
229
229
229
229
224
222
310
310
309
309
309
307
307
305
307
294
294
302
302
302
303
229
230
224
224
223
250
250
250
314
314
314
314
307
307
307
307
295
298
302
301
301
214
227
227
227
224
224
250
250
314
320
307
307
295
295
298
297
297
214
214
213
214
227
249
249
249
249
250
324
324
324
321
321
295
295
298
328
328
328
214
214
213
227
213
239
245
244
249
249
244
249
324
324
324
322
335
332
328
236
239
239
239
239
239
244
318
324
316
316
320
322
332
332
332
334
334
237
237
237
239
239
239
243
243
318
316
316
316
316
331
332
332
330
332
334
326
237
237
237
238
238
240
243
242
243
316
316
317
316
331
331
331
331
331
330
330
325
326
326
326
240
325
71
71
71
72
76
76
76
73
79
81
81
112
112
112
112
105
106
106
106
125
122
121
121
121
120
71
71
76
72
72
80
79
81
81
81
81
81
108
112
108
106
106
106
109
118
121
121
120
65
71
72
80
80
79
79
79
59
81
108
108
108
109
109
106
107
118
118
119
121
120
120
65
63
65
63
64
79
62
60
108
109
109
109
118
118
119
119
116
63
63
63
63
63
64
64
79
62
60
60
62
60
109
109
109
107
90
107
97
118
119
119
117
116
116
48
48
63
48
63
43
61
62
62
62
60
60
89
89
89
90
90
97
97
97
97
94
94
116
116
48
48
51
43
43
62
53
53
54
89
86
89
89
84
90
84
98
98
94
98
94
95
48
46
43
43
52
53
53
86
84
84
98
94
94
95
48
48
44
43
43
52
53
53
54
54
86
86
84
85
85
101
96
96
95
95
95
48
48
47
43
223
223
53
54
54
54
88
85
85
85
85
304
299
96
299
96
96
95
303
219
219
219
220
223
222
222
310
310
310
314
314
304
304
304
304
300
299
299
299
303
303
218
218
229
224
224
224
224
222
250
310
314
307
304
300
299
299
302
302
302
302
302
229
229
218
227
224
221
224
224
224
224
250
314
314
307
307
307
295
300
302
302
301
301
302
214
213
214
227
224
249
250
250
250
250
314
323
314
305
307
307
295
300
301
300
301
301
301
214
213
248
250
250
324
324
323
322
322
322
322
300
327
328
328
328
328
214
213
213
213
232
248
248
249
249
249
324
323
324
324
324
322
322
322
327
327
328
328
328
213
213
213
232
232
247
247
249
249
316
324
324
322
327
332
327
328
329
328
328
328
237
237
231
232
232
242
242
242
242
316
316
316
316
315
332
331
325
326
325
326
237
237
237
231
232
232
232
242
242
242
242
316
316
315
331
331
330
325
325
326
231
72
120
71
71
72
72
78
78
78
81
82
82
81
83
83
83
83
105
105
105
106
106
122
122
122
122
121
122
121
71
71
71
72
80
80
79
79
82
105
105
105
106
106
106
106
122
122
122
121
121
71
69
72
72
80
80
79
79
79
79
82
82
108
108
107
118
118
118
118
119
116
69
69
72
69
64
64
64
64
79
79
79
60
60
60
60
108
108
109
107
107
117
117
119
119
69
63
63
63
64
64
62
60
60
108
109
107
107
107
119
117
117
116
116
51
51
64
62
62
62
60
17
60
89
89
89
90
90
97
97
97
97
117
94
48
49
51
51
53
62
53
89
86
86
86
86
98
97
98
98
98
94
94
94
116
48
51
43
47
43
52
52
53
54
54
86
87
86
84
84
98
98
96
98
94
95
95
95
48
48
47
47
47
53
54
86
87
84
98
84
84
96
96
95
95
95
48
219
47
52
222
52
222
53
88
88
84
304
84
304
304
299
95
303
219
219
219
220
220
222
222
222
314
88
313
304
304
304
299
299
299
299
299
299
303
303
219
218
219
218
221
220
221
220
222
222
222
222
251
313
313
305
304
305
300
299
302
303
218
218
218
221
221
222
250
314
314
305
305
305
300
300
300
302
301
301
301
301
214
221
221
221
250
251
250
251
314
314
323
305
305
300
301
301
301
214
213
213
213
212
248
248
248
251
251
323
323
323
322
300
327
327
329
329
328
212
212
213
213
213
232
248
248
248
247
248
249
249
249
323
323
322
322
327
327
329
329
328
212
212
212
213
232
232
247
247
247
246
316
324
315
322
322
327
329
329
329
329
237
212
231
231
232
232
242
247
242
242
242
241
315
315
327
325
325
325
325
326
237
231
231
231
231
231
232
231
232
232
242
242
242
241
315
315
315
315
315
315
331
325
325
325
326
326
326
330
71
70
72
72
72
78
78
78
78
82
82
83
83
83
105
105
105
106
122
122
151
122
122
122
122
122
153
71
71
72
72
80
80
82
80
82
82
82
83
83
105
106
106
150
151
151
121
153
153
69
69
69
68
80
80
80
82
82
15
105
108
108
105
105
106
107
151
122
121
116
153
69
69
69
68
64
80
79
81
82
17
17
108
108
107
107
107
107
117
117
117
119
116
153
69
69
69
69
64
64
64
80
62
18
18
60
60
17
17
108
107
107
107
117
117
117
128
128
116
49
69
49
51
64
51
62
18
62
17
17
86
137
86
137
97
97
97
117
117
117
116
128
49
51
51
51
52
62
52
17
17
17
87
86
86
84
97
97
97
94
130
94
49
50
50
51
51
47
52
10
17
17
87
87
87
87
84
98
98
96
94
94
130
50
47
47
52
52
52
10
10
10
10
88
88
87
87
84
98
96
96
96
95
47
219
47
47
47
220
52
220
11
10
10
88
88
88
88
87
87
84
304
277
96
290
95
219
219
219
217
220
220
222
10
222
313
313
88
313
304
277
303
290
219
219
218
218
217
221
220
220
222
175
313
313
313
304
304
305
299
276
276
276
292
302
302
290
301
218
217
221
221
221
251
251
313
313
305
305
305
300
300
291
301
218
215
216
216
216
221
221
251
251
251
251
313
313
305
300
300
291
291
214
214
216
248
247
251
323
323
323
305
258
327
327
327
291
291
212
212
212
212
248
235
248
248
247
247
246
246
251
323
323
322
322
254
327
327
329
329
329
329
211
212
211
212
235
235
235
235
247
247
246
246
246
323
323
255
327
254
264
329
329
329
329
211
211
231
231
232
247
241
241
246
246
315
315
315
256
256
254
264
325
325
326
326
326
211
211
231
231
235
233
233
233
242
241
241
241
315
315
315
256
254
254
264
325
326
326
233
78
83
70
70
70
78
78
78
78
82
83
83
83
105
105
160
150
150
150
151
151
152
152
152
152
70
70
70
70
70
78
78
78
82
82
83
24
160
160
150
150
150
151
152
151
153
153
153
68
68
68
68
70
27
82
15
24
15
159
159
159
159
150
150
150
151
151
153
153
153
68
68
68
68
68
68
80
18
18
15
159
159
159
150
148
148
49
49
68
64
18
18
18
18
17
17
17
137
159
137
147
139
117
128
128
128
128
49
49
49
49
68
64
13
18
19
18
17
19
16
17
137
137
139
139
139
97
134
128
128
49
49
51
51
13
13
18
17
16
137
138
138
97
140
96
130
50
50
50
51
47
13
13
11
10
10
87
87
87
138
138
96
96
130
130
130
130
130
50
50
50
51
52
52
11
10
10
87
87
87
138
138
96
130
130
130
47
219
50
47
217
217
220
12
176
10
10
10
10
88
88
87
277
138
277
288
290
290
290
290
290
218
219
217
219
217
217
217
220
220
220
176
175
175
175
88
313
275
277
277
277
288
290
290
290
290
290
218
218
217
220
176
176
175
275
275
275
277
276
288
289
218
218
217
217
217
221
221
176
175
175
173
313
313
275
276
275
276
276
276
292
292
292
291
291
215
215
215
217
216
216
221
176
175
173
313
305
258
276
276
292
292
291
291
291
215
215
216
216
248
216
248
174
251
173
174
251
251
323
323
258
258
258
291
291
291
291
212
216
216
235
248
248
247
247
247
246
246
246
246
261
261
254
254
258
254
264
291
262
210
212
235
235
247
246
246
246
255
255
254
254
264
264
264
262
263
211
210
211
211
235
233
246
241
241
255
256
256
254
264
264
263
263
211
211
231
235
235
235
233
233
233
241
241
241
255
255
255
256
256
256
254
264
264
263
263
263
211
241
326
24
160
70
70
70
78
27
27
27
83
27
83
83
24
24
160
160
160
150
150
151
151
152
152
152
152
70
70
70
26
78
27
24
24
24
24
24
24
161
160
160
160
150
150
151
152
152
68
70
26
26
27
15
15
15
15
161
159
161
159
159
150
151
150
147
151
148
153
153
33
33
68
35
27
27
19
15
19
15
15
15
159
159
159
159
150
147
148
148
148
148
148
153
49
68
35
35
35
18
18
18
18
19
19
16
15
137
137
159
139
139
128
128
128
49
49
35
13
13
13
18
19
20
16
16
16
137
137
137
139
139
139
139
139
134
134
128
49
50
36
13
13
13
13
13
20
20
16
137
138
138
140
139
140
140
134
134
130
130
50
50
50
51
12
13
14
14
11
16
138
138
138
138
140
134
130
50
50
36
12
12
12
11
11
88
142
142
142
138
143
143
140
130
130
193
50
191
196
12
12
11
11
10
10
11
11
88
142
143
277
277
288
288
290
288
290
193
193
192
196
176
176
175
175
170
275
275
277
277
288
288
290
289
193
192
192
196
176
176
176
175
175
170
170
170
275
275
275
277
276
288
288
289
289
289
289
193
217
192
217
192
176
196
176
176
175
170
275
275
275
276
292
292
293
291
215
215
216
174
174
174
175
173
173
173
258
276
258
276
292
293
293
293
291
293
215
215
215
215
216
216
216
174
174
173
173
173
261
173
258
258
258
258
258
292
292
258
292
292
293
210
210
216
216
174
174
174
184
261
261
261
258
257
264
262
262
262
210
210
210
235
234
174
233
246
183
183
184
184
261
255
255
254
254
254
264
262
262
262
210
210
211
235
234
234
234
233
234
233
185
185
185
255
255
255
256
255
256
254
264
264
263
263
211
211
235
234
234
234
233
233
233
233
185
241
185
241
185
241
255
255
256
256
256
266
264
266
264
266
263
263
263
263
263
160
152
32
32
26
26
26
27
23
24
25
25
25
24
160
160
160
149
149
149
149
149
151
152
152
156
152
26
26
26
26
27
23
24
24
161
25
161
161
161
160
149
149
149
149
147
156
153
153
33
34
26
26
26
27
27
24
15
161
161
161
161
161
159
161
157
149
149
148
153
156
33
35
33
34
34
35
35
34
27
19
15
161
157
157
147
147
148
147
148
148
153
33
33
33
35
35
35
35
35
19
19
19
16
16
137
157
136
137
136
139
134
148
148
128
33
38
35
38
35
13
13
13
14
19
19
20
20
16
16
16
140
140
139
139
134
134
128
129
128
38
36
14
14
14
14
20
20
20
20
16
16
138
137
136
138
140
140
140
134
134
129
129
36
36
36
36
14
14
14
20
20
16
142
138
142
143
140
143
140
140
140
135
129
129
129
36
36
12
12
11
11
11
11
142
142
142
142
143
143
143
143
143
143
130
129
129
129
193
193
191
36
12
12
11
170
142
142
143
288
288
290
290
289
193
193
193
193
191
191
196
176
177
176
175
176
172
170
170
273
273
277
277
277
288
288
289
289
289
193
193
193
193
192
192
196
196
177
177
175
172
170
170
275
274
274
277
288
288
289
289
289
193
192
192
196
196
196
177
177
175
170
170
275
274
275
276
274
276
276
292
293
289
293
293
192
215
215
192
215
196
196
174
174
173
173
173
170
170
173
170
261
258
261
257
292
293
293
215
205
216
200
200
200
200
174
174
173
178
173
261
261
261
257
257
258
257
257
292
293
293
293
262
210
210
208
200
174
174
183
183
183
183
184
184
261
261
257
257
266
262
262
262
262
210
210
210
208
210
234
203
200
183
183
183
184
184
184
184
261
253
253
266
265
262
262
262
210
210
208
234
234
234
234
187
183
185
185
185
255
252
255
256
254
266
265
265
263
265
211
209
210
208
234
234
234
187
187
185
185
185
185
255
252
256
266
256
266
266
266
263
263
32
28
28
28
26
27
23
25
25
25
160
167
160
165
149
149
152
156
156
32
32
34
26
26
23
23
23
23
25
25
25
161
161
161
164
149
149
156
156
156
32
34
26
34
27
23
23
23
23
25
157
157
157
157
164
147
147
154
156
156
33
34
19
8
3
157
157
157
157
157
164
147
147
147
148
154
154
156
33
33
37
34
41
34
34
19
19
4
157
136
136
136
136
139
139
132
148
134
134
33
38
35
35
14
14
19
20
20
4
4
4
136
136
136
139
134
133
128
38
38
38
41
14
14
14
20
9
20
20
16
4
4
136
136
136
140
141
140
134
134
135
129
36
38
36
36
14
14
6
20
20
0
142
143
143
141
135
135
135
129
129
129
36
36
36
36
12
6
6
12
12
0
0
142
142
143
135
126
129
129
191
191
191
191
191
196
12
12
11
0
273
142
273
143
287
287
289
129
287
129
191
191
191
191
196
177
172
172
172
273
273
273
274
281
288
287
286
192
192
198
198
198
196
177
177
172
172
171
171
274
274
274
274
287
287
286
289
286
192
192
198
198
198
177
177
171
171
171
171
274
274
274
274
278
284
284
293
283
206
205
205
177
178
178
170
260
274
281
257
284
293
284
293
206
205
200
200
200
174
178
183
178
261
261
260
257
257
257
257
267
270
293
293
206
206
208
205
200
200
183
183
184
182
260
261
260
257
267
262
270
270
270
208
208
208
202
208
203
203
183
184
184
184
184
182
184
252
260
253
260
253
267
266
265
270
208
209
208
208
208
202
234
203
203
203
187
185
185
186
184
185
186
252
253
253
253
253
253
266
266
265
265
265
265
209
209
209
208
234
202
187
187
185
185
252
252
186
252
253
253
253
266
266
265
265
186
167
32
28
28
28
28
28
29
22
23
22
22
25
167
167
167
167
165
166
163
165
149
155
156
156
155
28
28
29
29
23
23
23
25
25
25
25
167
166
165
149
155
155
155
156
32
32
32
29
34
29
29
29
23
25
25
166
158
164
157
164
164
147
156
156
156
33
31
33
34
34
34
23
30
23
8
3
3
3
3
157
158
158
157
164
157
164
164
164
147
147
154
154
33
33
33
41
8
8
3
4
3
4
158
136
136
146
132
132
147
133
133
154
133
133
38
41
41
41
9
9
8
8
4
136
4
4
136
146
136
146
132
134
135
133
133
38
38
38
41
41
41
9
9
2
4
2
2
145
146
141
141
141
132
134
135
133
126
38
38
38
6
6
6
5
9
9
0
0
142
2
145
145
146
141
141
135
135
135
126
126
191
191
5
6
5
0
0
0
0
0
142
145
141
141
135
135
126
126
189
191
196
6
5
5
5
172
0
172
0
172
0
0
273
273
273
141
281
141
287
287
287
287
285
126
189
191
196
5
177
172
172
273
273
273
281
281
287
287
287
285
192
190
198
198
198
198
198
198
198
195
177
177
177
177
171
171
171
281
274
281
281
287
286
286
286
192
192
198
198
198
198
195
177
171
171
171
274
280
281
281
281
281
278
284
283
286
206
206
205
200
195
178
178
178
171
260
281
284
284
283
283
283
206
206
206
206
206
205
205
200
199
178
178
178
178
178
182
182
182
260
260
260
260
257
284
284
284
270
206
206
205
205
200
203
188
178
183
183
182
182
182
260
260
257
267
267
270
270
270
209
206
205
202
202
203
183
188
184
182
182
182
182
260
253
260
260
267
267
267
267
267
270
270
208
209
208
202
202
202
203
187
186
252
252
253
252
253
266
269
271
265
265
271
209
209
209
209
202
202
202
202
187
187
186
186
186
252
252
253
269
266
269
265
265
265
265
202
28
167
28
28
28
28
22
22
22
22
22
165
167
167
167
166
167
163
163
155
155
155
155
32
32
32
31
29
29
30
22
22
22
22
21
166
166
166
166
164
163
163
155
155
155
31
31
31
34
29
29
30
21
21
21
21
21
166
166
164
163
164
164
154
156
31
40
40
8
8
21
3
3
158
158
164
164
154
154
154
154
31
37
40
41
41
41
8
8
8
3
3
158
146
146
132
133
37
41
40
41
41
41
9
4
4
4
2
146
132
132
132
133
133
133
37
37
39
41
41
6
9
9
9
9
2
2
146
146
132
135
133
133
133
38
38
39
6
7
0
0
1
2
2
146
145
146
146
145
144
135
135
127
126
126
126
126
37
189
189
6
6
5
0
1
1
1
145
145
145
141
141
141
135
126
126
189
189
189
6
5
5
172
273
282
282
141
126
285
126
285
189
189
197
194
194
172
172
172
172
169
273
273
273
282
281
287
287
286
286
286
285
190
190
197
197
197
195
195
171
171
169
282
282
282
281
287
286
286
286
190
197
197
197
197
195
195
177
179
171
171
280
280
282
281
278
278
284
286
286
283
286
190
190
205
198
199
178
179
179
181
181
259
280
281
278
284
284
283
206
206
205
205
200
199
199
199
179
178
178
179
182
181
181
259
259
259
259
267
284
284
284
270
283
270
206
206
205
200
199
199
188
179
182
181
182
260
259
259
267
267
272
270
270
208
209
207
207
203
203
203
203
203
188
188
182
182
259
252
268
267
272
271
271
270
209
209
202
207
202
203
187
188
186
186
180
186
252
269
269
267
271
271
271
209
209
209
202
202
201
187
187
187
187
187
186
186
180
269
269
269
269
271
271
271
252
22
32
28
165
167
167
165
167
167
162
163
163
162
155
155
155
32
29
29
22
30
21
21
165
165
166
163
163
162
162
155
155
31
31
29
30
30
30
21
3
21
166
166
164
163
162
154
31
31
31
31
40
30
30
8
3
3
158
164
132
154
154
37
40
40
40
40
8
8
3
3
158
158
132
146
132
131
131
131
37
37
40
40
9
8
7
7
4
2
132
131
132
131
133
37
37
39
39
39
9
9
9
7
7
2
2
146
146
144
131
127
133
37
39
6
9
5
1
2
145
145
146
144
126
37
39
6
6
5
1
1
145
145
144
144
127
127
126
189
189
194
194
194
168
168
1
1
145
282
145
144
279
141
285
127
189
190
189
194
195
195
168
168
169
169
282
282
282
282
285
285
285
190
190
195
168
168
168
169
282
282
279
278
279
286
285
190
190
190
197
197
197
197
195
197
168
168
169
280
169
280
278
278
285
283
204
204
205
197
195
199
179
179
169
181
280
259
280
278
278
278
283
283
283
204
204
204
199
179
181
181
181
259
259
278
268
278
284
283
283
204
205
199
188
179
181
181
181
259
259
268
267
272
272
207
207
204
201
203
188
201
188
181
180
182
259
268
267
272
272
272
271
207
203
201
187
188
188
180
180
180
252
268
269
272
272
271
271
207
207
201
201
187
186
180
180
252
269
269
269
271
271
271
187
31
28
22
22
162
162
32
22
163
162
31
30
30
21
163
8
21
158
165
154
154
40
40
8
158
132
132
131
40
3
158
131
131
37
39
9
7
2
144
144
131
127
39
6
5
5
7
1
2
145
144
131
127
189
39
194
5
1
144
189
194
1
144
285
127
189
194
195
168
169
282
282
282
190
197
195
195
195
168
168
169
278
279
190
280
280
280
280
278
279
279
285
204
179
179
169
279
283
204
199
179
181
280
268
283
207
204
199
181
259
268
279
272
207
207
201
188
181
180
268
268
272
272
207
201
188
180
268
269
201
188
269
271
32
166
163
162
166
40
30
30
163
144
144
131
37
39
7
7
127
5
127
285
194
285
197
190
168
169
279
179
279
204
283
278
204
179
268
268
268
272
201
186
167
162
166
162
31
30
154
166
131
7
40
7
131
39
144
144
127
194
168
169
285
197
195
279
279
204
179
280
199
181
272
199
180
180
201
188
180
268
269
271
29
162
21
163
163
162
31
158
7
131
39
144
127
37
7
1
1
145
1
168
169
280
169
181
204
259
201
268
272
201
180
269
29
21
165
165
162
30
3
40
127
37
7
2
127
144
189
189
1
282
279
285
190
194
168
204
199
199
204
204
199
268
201
207
201
188
180
268
29
21
317
317
162
30
30
233
317
39
165
165
127
7
39
7
194
127
194
169
194
194
169
279
168
279
280
280
158
179
279
279
259
207
207
201
268
272
201
188
131
148
317
165
162
162
317
317
39
165
39
319
158
319
237
2
220
233
238
117
241
69
238
225
207
225
52
238
73
