3472
916
634
863
866
866
894
894
916
987
815
821
885
995
995
993
984
1028
1029
618
851
849
903
903
907
991
622
840
815
824
825
879
900
1095
613
682
729
729
896
897
900
1129
1126
1095
532
683
730
726
1271
1257
1127
690
688
686
731
1265
1263
1264
1264
1259
1127
1134
1090
1086
538
690
695
758
758
1266
1259
1134
1100
510
510
702
704
695
754
1290
1258
1117
1117
1134
1098
514
512
2219
2469
2476
1290
2894
2209
2221
2219
2478
2476
2475
2889
2769
2221
2213
2214
2476
2826
2209
2187
2175
2214
2432
2440
2439
2877
2832
2825
2776
2195
2188
2187
2429
2966
2897
2900
2830
2787
2788
2791
2775
2193
2194
2171
2428
2521
2510
2966
2973
2973
3019
2790
2789
2192
2192
2543
2968
3019
2177
2331
2540
2497
2507
2984
3021
2988
3021
3018
3037
3036
2300
2279
2322
2322
2499
2980
3036
2295
2292
2324
2536
2536
2500
2500
2498
2980
2978
2988
2987
3030
3030
629
628
628
634
625
636
862
863
867
865
867
828
832
832
894
894
889
919
917
921
917
909
910
986
988
984
983
626
636
636
862
851
849
865
830
830
892
889
887
883
902
920
917
995
988
990
984
1029
624
610
621
620
851
848
816
822
823
823
821
884
876
884
885
887
903
903
995
993
990
1027
1029
1029
618
612
621
842
849
840
817
822
825
869
880
880
897
906
906
994
1130
1092
1095
615
613
530
532
529
534
670
683
729
727
727
875
727
875
907
1131
1129
1092
1093
1097
537
537
679
682
687
683
731
730
726
1262
1271
1273
1273
1273
1255
1254
1129
1126
1093
1090
1096
1087
1087
536
539
539
538
534
679
688
757
722
1266
1265
1271
1257
1259
1254
1252
1138
1138
1136
1089
1090
1090
503
501
509
704
690
690
757
756
756
1300
1296
1297
1288
1248
1114
1114
1134
1109
1110
1102
514
512
510
702
704
704
695
697
686
758
758
1301
1301
1297
1278
1278
1280
1116
1114
1119
1114
1109
1101
1104
1100
514
514
702
697
2470
754
2480
2476
2478
2490
2892
1279
1117
1116
1117
1122
1113
2883
1101
1102
2770
2205
2205
2223
2223
2218
2219
2212
2219
2472
2473
2470
2473
2480
2478
2894
2892
2894
2892
2894
2880
2883
2879
2886
2887
2815
2771
2771
2209
2207
2222
2216
2212
2212
2472
2480
2438
2440
2440
2485
2896
2901
2899
2898
2876
2823
2879
2774
2773
2778
2768
2206
2209
2199
2215
2213
2422
2433
2433
2440
2436
2897
2901
2877
2831
2823
2774
2826
2781
2777
2776
2188
2188
2174
2175
2422
2429
2431
2438
2436
2439
2509
2900
2851
2833
2833
2825
2788
2787
2788
2196
2196
2194
2180
2182
2181
2172
2172
2544
2544
2521
2516
2967
2968
2850
2832
2828
2792
2192
2195
2193
2181
2171
2544
2541
2520
2517
2517
2516
2964
2964
2968
2975
2973
3022
3023
3023
3014
3037
2792
3035
2280
2280
2285
2286
2329
2331
2539
2541
2539
2517
2506
2506
2497
2968
2982
2974
2974
2975
3019
3034
3034
2279
2295
2286
2285
2330
2331
2540
2523
2499
2497
2507
2982
2977
2978
2985
2988
3021
2997
3011
3035
3028
2300
2299
2297
2297
2292
2322
2324
2324
2526
2522
2524
2498
2980
2977
3007
2988
3030
3030
3028
3028
3026
3026
2295
858
909
627
629
634
858
863
867
835
832
832
952
892
953
890
890
919
920
914
986
986
987
984
1018
627
625
631
636
632
853
853
849
855
867
837
828
839
827
820
892
890
882
921
912
914
997
981
980
1024
1025
624
611
620
845
853
846
818
816
820
873
872
870
873
870
879
878
882
904
994
997
1014
1028
1027
614
610
611
620
611
622
844
818
824
872
876
877
905
905
998
991
1000
1015
1025
1013
614
615
530
529
534
842
668
672
673
724
724
720
1268
1269
1269
896
1252
998
1131
1130
1093
1096
537
532
669
670
673
673
677
723
723
1268
1273
1252
1137
1136
1086
1097
503
537
680
676
746
747
1262
1263
1255
1251
1249
1252
1138
1138
1107
503
505
507
541
700
700
680
699
692
686
685
1299
1292
1282
1259
1249
1276
1120
1120
1136
1124
1111
1111
1110
1103
512
510
492
700
693
693
686
697
748
750
751
1300
1299
1299
1296
1278
1287
1276
1275
1124
1122
1109
1103
496
2223
697
2449
2469
749
2494
2490
1286
1279
2890
1280
1122
2815
1104
2804
2204
2205
2223
2223
2264
2448
2466
2492
2493
2489
2916
2890
2889
2890
2880
2885
2887
2883
2804
2815
2770
2207
2205
2202
2198
2215
2268
2473
2473
2480
2487
2926
2928
2898
2880
2876
2886
2823
2773
2768
2769
2202
2201
2202
2198
2187
2216
2175
2273
2272
2426
2422
2435
2435
2896
2899
2838
2840
2831
2829
2774
2777
2780
2202
2184
2180
2174
2424
2432
2431
2436
2897
2852
2853
2850
2830
2829
2785
2778
2184
2180
2178
2426
2428
2548
2419
2431
2512
2957
2853
2850
2842
2828
2780
3016
2791
2282
2282
2374
2288
2182
2177
2543
2547
2546
2521
2519
2521
2510
2958
2514
2961
2967
2970
3022
3019
3015
2790
2783
2283
2283
2290
2290
2329
2331
2327
2539
2545
2530
2513
2505
2964
2961
2971
2984
3012
3012
3032
3033
3033
2283
2302
2327
2537
2524
2523
2505
2937
2982
2971
2970
2934
2985
2997
2990
3011
3025
2300
2300
2303
2304
2297
2293
2297
2293
2324
2319
2320
2527
2527
2522
2534
2532
2982
2937
2978
2931
3006
3009
2998
3008
3000
3002
3000
3026
3026
3008
3002
3002
648
860
910
626
645
648
648
632
860
858
856
834
838
835
831
954
960
957
956
919
911
914
981
981
978
981
977
978
1021
1018
645
649
860
641
855
835
839
827
954
952
961
961
957
883
914
1001
977
1022
598
604
631
603
603
846
853
837
838
839
763
873
870
974
877
965
912
1073
1002
1073
1002
1001
1010
1024
598
606
607
608
605
844
845
780
817
720
761
970
869
967
966
904
966
1079
1000
1014
1011
1013
612
608
526
667
672
712
724
710
1230
878
1237
1235
1080
1015
1157
1015
1008
523
527
527
668
675
675
715
724
1262
1222
1269
1235
1237
1238
1234
1235
1154
1153
1158
1163
1163
520
507
541
525
534
525
669
665
676
677
715
722
1222
1288
1239
1239
1154
1174
1161
1161
505
507
507
493
656
653
742
746
751
1292
747
1294
1283
1283
1276
1248
1188
1187
1107
1106
1144
1161
505
496
493
492
700
655
692
749
744
748
750
1294
1292
1282
1276
1119
1124
1106
1144
1143
496
498
496
489
490
2449
2449
2467
2492
2493
2490
1285
1286
1284
1287
2907
2912
1124
2818
2805
2802
2806
2229
2228
2270
2269
2449
2464
2463
2492
2490
2483
2917
2926
2907
2907
2884
2884
2818
2820
2806
2804
2802
2226
2228
2239
2270
2277
2465
2481
2487
2487
2487
2928
2928
2924
2907
2836
2885
2822
2819
2816
2811
2801
2199
2232
2273
2275
2421
2416
2421
2388
2485
2389
2926
2397
2928
2924
2838
2839
2836
2829
2809
2813
2767
2232
2239
2243
2178
2272
2424
2426
2419
2389
2958
2859
2851
2839
2843
2781
2785
2783
2185
2378
2375
2375
2184
2547
2424
2418
2519
2419
2509
2397
2858
2852
2960
2843
2846
2845
2785
2785
2783
2377
2374
2288
2288
2307
2329
2178
2566
2548
2568
2546
2512
2513
2961
2960
2951
3016
2993
2765
2290
2306
2309
2326
2327
2310
2566
2503
2514
2503
2941
2961
2955
2953
2993
2995
3013
3014
2349
2290
2302
2306
2327
2561
2537
2530
2533
2502
2937
2941
2932
2933
2933
2995
3000
2995
3032
2758
2304
2303
2302
2315
2320
2561
2526
2559
2529
2534
2937
2931
2939
2934
3007
3004
3005
3009
2998
2998
3002
2758
2757
2747
2319
2747
646
650
650
649
546
860
856
834
778
798
798
956
953
959
957
929
927
927
932
1052
926
1044
1045
978
1018
643
646
641
579
544
579
777
796
797
798
764
793
959
960
975
930
934
934
932
1075
1045
1021
1020
598
642
641
581
776
778
783
760
762
764
973
975
973
968
964
934
1074
1074
1076
1032
1042
1011
1022
600
601
604
607
781
781
761
762
973
964
965
963
1082
1082
1032
1010
1008
519
522
605
527
606
468
666
781
765
765
709
713
709
971
968
967
1245
1246
1080
1246
1080
1079
1156
1156
1007
1004
520
520
523
519
522
526
666
665
675
712
717
706
1232
1232
1230
1237
1235
1202
1173
1178
1153
1158
1157
1165
1165
520
517
527
656
465
661
652
742
717
1225
1221
1222
1222
1195
1238
1203
1210
1173
1154
1174
1160
1163
516
493
656
656
652
744
734
1225
1210
1211
1212
1187
1161
1144
500
499
490
456
655
653
744
742
733
732
1294
1294
1284
1217
1214
1210
1191
1192
1140
1144
1141
498
499
495
489
2266
2451
744
737
736
736
1655
1285
1217
1215
1215
2909
2910
1192
2743
1192
1190
1141
2794
2225
2225
2250
2269
2268
2451
2467
2463
2465
2494
2483
2921
2916
2917
2903
2914
2912
2912
2799
2818
2805
2796
2231
2229
2249
2270
2268
2276
2466
2464
2392
2463
2486
2923
2924
2836
2749
2819
2820
2809
2797
2812
2797
2232
2239
2234
2243
2273
2263
2277
2277
2277
2276
2409
2391
2920
2924
2858
2906
2840
2808
2813
2813
2812
2796
2811
2384
2241
2232
2243
2275
2426
2415
2415
2392
2391
2388
2398
2399
2860
2860
2838
2847
2845
2809
2713
2809
2813
2754
2379
2375
2253
2419
2394
2395
2957
2858
2856
2856
2855
2842
2845
2847
2756
2754
2753
2762
2379
2378
2361
2360
2310
2310
2568
2594
2591
2592
2512
2504
2948
2946
2948
2954
2951
2951
2991
2991
2764
2764
2763
2377
2377
2360
2307
2309
2563
2566
2594
2596
2503
2946
2944
2954
2953
2995
2993
3015
2761
2765
2761
2761
2349
2346
2315
2313
2312
2560
2561
2559
2530
2533
2503
2940
2941
2941
2953
3005
2990
2758
2710
2758
2351
2347
2315
2317
2316
2313
2561
2557
2530
2587
2532
2532
2936
2932
2929
3004
3005
2702
2707
2747
2316
543
1019
639
646
544
544
547
545
800
803
803
805
804
798
794
794
794
959
940
939
927
927
1052
1056
1045
1044
1049
1049
1019
642
638
559
547
547
778
774
777
804
936
937
937
929
930
934
932
1052
1052
1040
1040
1020
643
586
560
579
581
776
778
782
767
773
796
763
974
944
930
1077
1077
1073
1076
1041
1011
599
584
577
584
577
576
581
581
783
785
780
771
769
768
768
971
948
964
1075
1062
1084
1084
1035
1033
599
601
600
577
577
473
659
705
710
970
964
1061
1244
1082
1032
1034
1034
1008
1005
484
466
469
657
658
658
707
707
706
1231
1232
1242
1241
1246
1246
1176
1177
1178
1172
1156
516
486
485
466
740
717
717
1224
1225
1225
1241
1205
1203
1200
1212
1201
1178
1177
1146
1165
1165
517
483
465
456
661
663
663
740
732
733
1195
1198
1198
1194
1204
1208
1188
1183
1171
1140
1151
1149
1148
498
443
456
458
456
740
734
1198
1219
1218
1211
1207
1214
1191
1192
1190
1150
1149
500
2248
460
453
2453
739
2452
737
1656
1659
1218
2904
1217
2910
2910
2744
1150
2795
2246
2250
2250
2266
2451
2460
2458
2459
2458
1656
2919
2919
2904
2909
2914
2744
2740
2744
2743
2741
2798
2794
2226
2235
2250
2249
2259
2258
2263
2262
2443
2452
2459
2460
2404
2486
2920
2921
2903
2906
2914
2751
2798
2795
2234
2236
2241
2262
2261
2446
2409
2397
2399
2865
2859
2835
2836
2751
2751
2750
2736
2733
2738
2733
2384
2259
2256
2256
2416
2411
2408
2395
2398
2865
2865
2856
2863
2714
2716
2754
2734
2385
2386
2365
2243
2253
2255
2571
2571
2592
2413
2395
2394
2872
2856
2846
2724
2723
2719
2729
2754
2386
2381
2363
2364
2363
2372
2372
2570
2571
2564
2564
2568
2596
2591
2948
2870
2955
2950
2951
2677
2720
2763
2762
2382
2356
2349
2361
2344
2370
2563
2568
2594
2596
2596
2946
2614
2943
2943
2653
2676
2676
2711
2761
2350
2350
2347
2343
2312
2552
2557
2551
2585
2584
2589
2580
2615
2944
2657
2700
2702
2704
2711
2710
2351
2353
2346
2354
2343
2337
2317
2337
2313
2557
2551
2589
2588
2587
2579
2616
2616
2939
2612
2655
2655
2700
2704
2704
2706
2707
2707
2655
556
639
559
546
543
552
554
553
801
803
801
805
791
788
941
939
924
923
1054
1056
1054
1049
1049
1047
1047
1047
1391
561
638
561
559
574
774
800
810
812
812
811
793
787
936
923
1069
1068
1056
1056
1040
1393
1390
588
586
583
591
574
773
573
770
812
251
946
947
946
946
944
1070
1059
1065
1041
1042
1008
1390
587
587
584
570
571
571
784
767
769
375
376
947
948
943
1063
1063
1059
1084
1058
1038
1033
1037
1390
478
584
478
487
472
471
473
784
770
349
351
771
705
378
376
1228
1245
1062
1061
1083
1084
1035
1037
1373
1005
476
487
486
466
468
473
659
371
713
373
374
1232
1227
1242
1227
1244
1201
1176
1178
1167
1147
1004
1380
485
483
484
469
663
657
367
371
369
374
1197
1195
1205
1202
1200
1168
1171
1170
1371
1147
444
444
446
458
463
462
663
393
369
369
1198
1678
1195
1675
1204
1180
1171
1183
1170
1146
1490
445
460
460
453
451
740
396
397
398
396
1664
1656
1666
1659
1207
1208
1181
1184
1185
1185
442
2246
458
460
451
1916
453
2443
391
398
397
1655
1664
1658
1659
1666
1659
1219
3341
2741
1183
3429
1151
2245
1927
2248
1922
2263
2443
2453
405
2455
2456
3310
1662
3314
3341
3345
2799
3425
2246
2246
2236
1934
1921
2263
2261
2443
2458
2456
3311
2404
3311
2919
3338
2914
2749
3353
3354
3350
2751
2740
2738
2737
2738
2234
1755
2259
2446
2445
2409
2404
2406
2867
2866
2862
2862
2749
2716
2738
2734
2235
1750
2252
1754
1755
2256
2446
2412
2410
2409
2401
2406
2406
2866
2714
2713
2722
2731
2385
2384
2252
2256
2573
2412
2402
2873
2869
2863
2652
2653
2721
2723
2727
2731
2382
2381
2364
2365
2370
2372
2367
2571
2575
2574
2599
2599
2601
2872
2874
2869
2652
2648
2653
2724
2720
2677
2719
2666
2358
2355
2358
2363
2371
2342
2372
2552
2575
2574
2585
2598
2603
2608
2948
2606
2673
2673
2672
2675
2675
2709
2675
2358
2356
2344
2342
2342
2554
2584
2588
2581
2578
2615
2606
2609
2657
2640
2643
2684
2702
2706
2709
2687
2709
2354
2354
2336
2337
2337
2333
2557
2553
2551
2589
2589
2582
2612
2614
2612
2657
2641
2700
2699
2704
2689
2689
2556
551
791
568
557
556
553
550
554
808
811
807
790
787
941
940
939
924
1054
1554
1568
1407
1409
1395
1391
1405
566
560
564
557
563
551
574
808
808
812
788
261
1587
1588
1070
1069
1070
1066
1395
1407
1395
1393
1393
588
586
590
593
574
229
810
245
261
256
1595
1595
944
1597
1070
1558
1066
1066
1038
1385
1395
1384
593
595
595
594
570
591
785
349
347
251
1599
1598
1717
1068
1065
1038
479
480
595
473
140
136
351
351
365
378
375
1228
944
1719
1735
1733
1059
1373
1374
1373
1380
476
475
480
480
471
472
146
351
340
371
370
341
372
373
1632
1632
1733
1733
1734
1167
1363
1371
1375
483
476
463
463
143
147
367
371
372
1679
1631
1637
1168
1463
1171
1370
443
445
439
439
448
113
120
393
396
403
1678
1680
1678
1679
1639
1181
1184
1489
1485
1488
1489
1490
446
442
441
449
453
390
393
400
405
1661
1676
1676
1634
1451
1180
1471
1486
1486
442
1926
442
449
1920
1913
1915
390
2019
401
404
399
404
1666
1664
1676
3341
1635
3340
3346
3429
3429
3427
3424
3424
1934
1924
1924
1926
1920
1917
1914
1917
1914
2014
2016
2032
2455
3281
1662
3310
3316
3348
3341
3351
3439
3429
3439
3427
3425
3427
1933
1934
1922
1916
2017
2014
2024
3317
3338
3337
3346
3355
3438
3422
1746
1934
1748
1751
1753
1753
2442
2015
2026
2026
2024
2406
3314
3319
3338
3338
3352
3357
3353
2717
3351
2717
2736
2737
1744
1747
1748
1751
1755
2118
2446
2015
2026
2402
3133
2867
3120
3355
3354
3360
2717
2731
2729
2734
1743
1743
1750
1758
2368
2120
2573
2141
2413
2140
2141
2411
2401
2874
2873
2870
3178
2646
2721
2730
2727
2731
1744
1758
2368
2368
2367
2115
2138
2575
2573
2599
2602
2600
2601
2874
2874
2649
2650
2650
2646
2673
2722
2666
1787
2382
2339
2553
2554
2599
2602
2603
2609
2609
2648
2648
2684
2673
2682
2670
2665
1784
1784
2340
2353
2340
2162
2162
2581
2579
2608
2619
2642
2642
2684
2681
2687
2687
2358
1777
2340
2339
2334
2334
2333
2165
2160
2162
2580
2578
2611
2612
2628
2619
2641
2640
2643
2680
2696
2696
2690
2690
1778
2160
2690
258
1592
567
567
563
552
550
225
225
808
224
791
791
258
262
1592
1590
1588
1554
1571
1568
1407
1408
1408
1409
1405
566
568
564
65
550
227
228
259
263
259
261
263
1585
1594
1595
1587
1556
1556
1568
1400
1405
590
566
64
66
59
246
246
249
252
1580
1581
1595
1599
1598
1558
1553
1558
1553
1399
1385
1387
1388
28
37
595
59
58
59
346
245
347
255
253
255
1599
1716
1720
1597
1558
1724
1361
1357
1361
1361
1381
1385
479
593
34
140
139
137
136
349
346
347
342
363
254
1719
1720
1717
1724
1360
1375
1382
1378
480
476
35
142
147
145
144
342
343
362
364
362
1719
1632
1716
1734
1731
1735
1724
1462
1465
1374
1380
436
438
159
143
161
146
144
145
344
330
360
1629
1631
1632
1731
1730
1461
1461
1462
1465
1371
1378
436
436
439
448
113
119
119
118
325
360
1680
1675
1639
1636
1454
1472
1488
436
439
113
113
115
120
391
401
1666
1672
1669
1671
1639
1639
1634
1452
1472
1485
1929
435
1919
1915
116
116
394
400
405
405
403
387
1661
1673
1669
3347
3347
3434
3434
3436
3436
3425
1927
1920
1920
1913
2018
2033
2031
2032
3280
3317
3312
3348
3345
3439
3443
3436
3421
1936
1936
1924
1908
2018
2017
2019
2028
2029
3277
3277
3280
3320
3318
3317
3344
3350
3439
3441
3442
3422
3464
3422
1938
1924
1748
1755
1907
1913
1905
2009
2011
2026
3276
3321
3321
3358
3358
3362
3462
3464
3463
1746
1747
1754
2119
2119
2012
2022
2022
2024
3133
3121
3358
3175
3362
3359
3460
2727
3462
2731
3459
1739
1748
1739
1741
1762
1761
2118
2123
2137
2140
2066
2065
3134
3136
3121
3123
3177
3178
3178
2645
3360
2646
2663
2662
3250
1787
1787
1761
1758
2120
2139
2134
2065
3064
3134
3040
3040
2660
2663
2663
2668
2666
1788
1789
1785
1785
2151
2132
2165
2139
2133
2138
2062
2061
3064
2626
2618
2649
2646
2638
2684
2670
2670
2666
1781
1785
1777
1777
2151
2165
2150
2165
2169
2157
2075
2080
2080
2630
2629
2630
2619
2619
2639
2638
2679
2682
2692
2693
1782
1780
2153
2153
2155
2168
2168
2167
2160
2162
2158
2582
2078
2577
2077
2628
2629
2621
2621
2639
2622
2635
2679
2634
2697
2636
2697
2695
2690
2693
2692
1592
1398
29
75
78
61
61
225
226
224
266
265
266
262
1592
1589
1572
1572
1571
1570
1568
1569
1402
1401
1404
1321
1404
78
78
63
66
226
228
265
259
1583
268
1584
1583
1584
1548
1556
1569
1550
1570
1399
1401
1388
1388
29
80
63
65
64
59
229
249
248
1581
1583
1581
1575
1585
1575
1574
1547
1551
1551
1400
1387
1396
28
36
36
39
56
153
140
55
218
249
256
1580
1575
1712
1550
1358
1361
1726
1358
1367
1382
31
32
37
35
38
34
154
152
137
340
341
254
253
1721
1721
1714
1713
1712
1727
1363
1365
1366
1381
32
32
161
169
154
160
140
142
149
340
344
335
364
363
357
362
1731
1731
1724
1728
1469
1466
1377
1466
1378
177
176
159
157
160
157
343
326
329
329
359
360
1628
1629
1642
1637
1453
1653
1463
1469
1466
1476
1488
181
179
112
110
117
117
125
327
330
360
1648
1628
1651
1652
1453
1456
1454
1455
1461
1476
1475
1482
1481
181
179
110
118
325
389
386
387
1673
1673
1672
1649
1651
1438
1455
1451
1452
1438
1471
1474
1481
1478
1928
1928
1950
109
115
132
386
3279
1673
1669
1635
3434
3436
3419
3432
3418
1931
1930
1930
1929
1940
1903
1903
2016
2058
2030
2030
2031
2033
3266
3281
3267
3312
3328
3343
3343
3441
3442
3456
3453
3421
1931
1937
1937
1941
1941
1910
1899
1900
2008
2053
2028
2029
3279
3279
3316
3327
3335
3344
3441
3443
3455
3453
3452
1938
1936
1909
1908
1909
2056
2012
2011
2021
3277
3277
3318
3320
3319
3357
3334
3361
3362
3469
3471
3464
3462
3464
1738
1740
1738
1738
1759
1760
1905
2124
2010
2022
2022
3135
3137
3138
3134
3138
3130
3124
3127
3174
3362
3471
3460
1740
1741
1762
2122
1760
2125
2126
2134
2127
2066
2005
3137
3136
3120
3124
3123
3174
3178
3175
3185
3254
3254
3253
3254
3250
1771
1767
1764
2122
2123
2130
2130
2133
2137
2069
2061
3064
3062
3039
3040
3177
3197
2663
3249
3250
3242
1789
1771
1770
1765
1765
2151
2148
2132
2132
2134
2071
2063
2070
2063
3064
3062
3040
3190
3197
2660
2669
2662
2668
1789
1788
1775
1774
2155
2151
2154
2167
2157
2076
2062
2077
2630
3062
2623
2621
2633
2633
2670
3226
2697
2669
1782
1779
1781
1774
2153
2155
2169
2167
2158
2076
2075
2078
2630
2626
2623
2622
2636
2633
2635
2634
2680
2697
2695
76
76
73
79
71
227
222
242
270
270
1590
1601
1615
1561
1563
1565
1398
1319
1321
44
75
80
73
62
219
221
222
243
266
268
268
1578
1619
1619
1551
1565
1565
1402
1324
1321
43
43
62
56
55
219
316
317
249
252
1578
1577
1575
1548
1547
1551
1357
1368
1328
1327
46
39
281
281
309
1578
1578
1692
1710
1709
1709
1726
1364
1358
1368
1346
1367
1327
49
51
52
38
53
152
152
282
283
273
1693
1691
1689
1712
1689
1728
1727
1726
1366
1364
1365
31
53
161
153
150
150
281
337
334
353
354
357
1713
1691
1714
1723
1458
1495
1378
176
184
186
169
161
156
157
336
333
336
335
356
357
357
1641
1642
1689
1653
1653
1458
1458
1469
1497
1495
177
186
188
187
110
157
123
327
326
408
1652
1653
1456
1439
1459
1439
1469
1483
1476
1483
181
181
179
172
110
123
124
123
134
383
380
1651
1649
1441
1476
1474
1483
1482
1948
1948
1947
1950
1952
1903
134
132
389
379
3267
1671
3327
1442
3431
3431
3418
1479
3419
1478
1940
1952
1950
1952
1903
2053
2053
2049
3273
3266
3264
3328
3325
3401
3432
3457
3455
1942
1945
1906
1906
1906
1899
2060
2053
2051
2052
3271
3260
3331
3331
3333
3335
3400
3457
3456
3453
3453
1943
1943
1866
1910
1861
2055
2010
3272
3274
3145
3268
3131
3330
3333
3335
3368
3377
3469
3455
3446
1801
1802
1759
2009
2004
3143
3145
3129
3131
3131
3127
3469
3471
3467
3459
1798
1814
2125
1814
2124
2127
2006
2137
2006
3126
3127
3042
3181
3181
3180
3185
3184
3252
3254
3250
1771
1768
1768
1768
2147
2126
2130
2068
2072
3141
3043
3043
3043
3183
3185
3252
3253
3247
3242
1773
1771
1767
2146
1764
2147
2129
2130
2070
2073
2073
3060
3060
3090
3060
3043
3057
3042
3190
3199
3197
3246
3246
1773
1819
1773
1775
1825
2146
2155
2148
2144
2109
2100
2083
2085
2086
2072
3091
3091
3056
3056
3057
3191
3192
3190
3195
3194
3222
3226
3225
3219
1780
1819
1822
1828
2143
2143
2098
2082
2082
2087
3090
2625
3086
3086
3053
3192
3188
3187
3194
3222
3219
2087
1602
103
69
69
72
69
73
71
231
231
243
241
270
1602
1601
1618
1615
1560
1615
1563
1560
1565
1319
1321
1319
1317
72
73
62
86
232
221
232
242
306
241
270
1605
1619
1561
1563
1527
1324
1323
1324
42
44
79
85
83
82
86
218
317
310
306
1624
1619
1545
1617
1544
1543
1350
1326
1326
1328
45
45
46
50
22
83
315
193
316
307
308
308
307
310
1686
1624
1686
1683
1545
1710
1707
1543
1540
1351
1351
1344
1348
48
48
52
24
194
283
282
272
273
354
1685
1693
1682
1707
1707
1355
1351
1353
1346
1355
1347
1346
184
26
170
195
149
333
279
278
276
1692
353
418
1691
1688
1689
1705
1706
1353
1496
1495
1504
186
167
174
174
170
202
191
337
332
415
415
414
1645
1644
1434
1434
1432
1432
1468
1492
1503
1499
184
187
188
172
170
124
125
333
333
429
408
1641
415
1646
1643
1644
1434
1445
1445
1493
1493
1497
1483
1948
1951
127
126
133
384
384
381
429
408
1648
1413
1440
1442
1446
1445
1517
1479
1948
1902
1847
126
134
130
134
2040
383
2049
381
3270
380
379
3265
3263
3265
1441
3326
1449
3397
3398
3398
3412
3412
1479
1896
1952
1900
129
2060
2049
3270
3264
3256
3326
3324
3393
3399
3402
3399
3449
1945
1881
1870
1869
1870
1868
1863
1862
1861
2059
2058
2059
2060
2060
3274
3273
3260
3324
3325
3324
3401
3400
3414
3450
3449
1942
1800
1866
1870
1858
1859
2056
2055
2051
3271
3272
3260
3131
3331
3331
3333
3368
3378
3471
3446
3448
1800
1800
1812
1859
1999
2001
1997
2002
3145
3130
3378
3381
3467
3466
3446
3467
1802
1798
1798
1801
1797
1812
1814
1963
1965
1998
2006
2004
2006
2006
3141
3143
3143
3126
3100
3129
3050
3181
3378
3467
3382
3243
1791
1798
1811
1816
1962
1955
1972
1970
1971
2069
3141
3141
3140
3046
3048
3181
3183
3185
3245
3247
3229
1818
1792
1834
1825
1825
2099
2068
1972
2071
3084
3084
3082
3084
3049
3055
3050
3048
3187
3199
3198
3245
3210
3245
3243
1827
1819
1827
2146
1825
2110
2110
2083
2085
3087
3053
3054
3054
3191
3199
3224
3226
3217
3225
3217
1821
1822
1827
1829
2144
2113
2114
2113
2100
2098
2087
2087
3087
3073
3053
3188
3162
3195
3201
3222
3222
3226
3219
1829
100
1524
98
98
99
98
235
234
239
234
239
1604
1605
1605
1605
1617
1607
1524
1521
1310
1309
1316
1316
103
103
103
105
92
86
313
234
313
313
241
238
1625
1626
1626
1538
1545
1527
1527
1310
1324
1317
42
42
21
83
86
85
315
312
315
306
324
299
1624
1617
1545
1541
1544
1541
1312
1326
50
21
22
276
279
324
305
309
1686
1683
1703
1540
1350
1334
1344
1347
49
51
25
26
193
195
193
278
276
273
272
1686
1696
1707
1707
1348
7
167
26
202
194
202
190
285
419
419
418
1705
1337
1336
1355
1504
1353
1502
184
166
167
164
174
202
190
191
295
296
415
417
1695
1436
1431
1432
1497
1500
1504
167
172
174
212
297
429
429
433
406
417
1646
1420
1421
1422
1414
1436
1432
1492
1518
1518
1500
1499
1516
183
1895
1890
205
127
432
433
422
421
422
1645
1415
1422
1448
1448
1447
1427
1518
1514
1897
1894
1890
129
130
431
3306
3262
3292
3293
1447
1446
3411
1514
3412
1897
1894
1849
1848
1848
2044
2038
3305
3257
3305
3257
3263
3256
3294
3393
3397
3395
3416
3416
3416
3412
1881
1882
1870
1869
1862
2041
2046
2051
3307
3301
3259
3286
3285
3394
3402
3415
3447
3450
1883
1882
1866
1863
1865
1861
1981
1996
1997
1995
3260
3111
3284
3287
3287
3368
3367
3377
3414
3447
3389
3448
1872
1872
1866
1858
1964
1998
1999
1995
3115
3114
3100
3099
3096
3368
3380
3382
3389
1795
1794
1815
1812
1815
1964
1965
1961
1994
1995
2002
1992
3140
3114
3116
3102
3100
3102
3148
3150
3381
3151
3382
3230
3389
3231
1792
1791
1805
1816
1963
1955
1972
1971
3082
3113
3081
3050
3049
3046
3151
3211
3240
3231
3232
1804
1835
1843
1836
2105
2105
1954
2109
1955
1972
1967
3084
3080
3050
3058
3168
3168
3239
3207
3229
3229
1819
1822
1834
1835
2112
2110
2099
1974
2086
3079
3067
3079
3055
3163
3199
3210
3224
3217
3214
1821
1822
1828
2111
2111
2114
2098
2095
2090
2093
2096
2093
3087
3077
3163
3164
3165
3205
3202
3219
3215
3073
236
107
100
1610
1604
1612
1610
1608
1523
1530
1524
1521
1526
1310
1314
1305
106
93
91
236
92
322
322
1610
1612
1625
1538
1520
1531
1310
1314
1313
107
105
91
93
87
313
324
300
303
1622
1622
1541
1529
1334
1314
3
4
5
2
16
18
324
279
303
300
1682
1536
1703
1334
1312
5
4
26
24
19
290
289
286
299
1698
1699
1703
1702
1341
1340
1355
1343
7
7
25
198
198
197
295
286
285
410
1336
1338
1339
1341
1503
10
10
163
164
200
198
200
295
296
297
293
417
1695
1696
1436
1424
1510
1504
12
163
212
211
431
428
410
1420
1418
1435
1428
1518
10
209
212
212
432
433
424
1421
1415
1429
1429
1514
1517
1516
1893
1895
1888
1847
1844
2042
2039
421
424
1417
3292
1414
1413
3392
1449
3416
1514
1896
1877
1888
1849
2041
2046
2044
3308
3306
3301
3292
3293
3294
3394
3407
3407
3408
1881
1879
1846
2044
2038
3308
3308
3284
3286
3373
3364
3395
3416
3404
1875
1883
1878
1868
1856
1855
1852
1852
1854
3303
3304
3304
3097
3299
3285
3365
3365
3405
3384
1876
1876
1812
1852
1852
1982
1991
1995
3115
3116
3100
3104
3097
3096
3380
3364
3387
3389
3385
1809
1809
1809
1961
1992
3117
3118
3111
3102
3104
3146
3147
3387
3387
3233
3230
1795
1804
1961
1970
1968
1968
3118
3113
3104
3045
3146
3150
3239
3233
1841
1839
1805
2107
1955
1977
1977
1967
1975
3066
3080
3069
3167
3210
3212
3236
3237
3232
1836
2105
2106
2095
1979
1974
3077
3075
3072
3073
3168
3162
3212
3208
3207
3208
1841
1832
1834
2112
2090
2093
3077
3075
3073
3165
3161
3201
3204
3202
3215
2096
105
99
235
239
1307
1305
106
239
1524
1529
93
93
87
320
1538
290
302
1621
1536
1334
1343
2
207
289
1699
1703
1339
1330
18
303
1700
1330
1502
11
209
198
293
409
1436
1418
1424
1506
209
205
214
216
293
412
412
1420
1425
1427
1511
1892
209
1886
214
424
1412
1890
1885
426
1412
3409
1507
1893
1985
2046
2039
3297
3289
3290
3290
1878
1854
1846
1982
2046
2036
3307
3299
3375
3375
1873
3097
3299
3094
3094
3368
3370
3371
3404
1856
1990
1992
3111
3371
3385
1809
1988
1991
3109
3093
3148
3240
1843
1807
1961
3117
3070
3147
3156
3238
1843
1832
2103
1979
3066
3070
3172
3158
3211
3237
1841
1979
2093
3069
3161
3205
1832
1979
3161
3204
107
1538
1531
1306
1622
17
19
320
1340
1698
1700
1337
11
207
288
216
1506
431
1507
3409
1888
3407
1854
1879
2036
3297
3375
3106
3373
1851
3384
3157
1794
1992
3168
3157
3172
3208
2089
2092
1608
1306
1607
1530
2
96
1314
1622
1331
288
17
288
1338
204
1418
1428
1427
2042
2039
3308
3405
1855
1981
3370
3373
1795
3107
3094
1960
3107
3238
1987
3070
3070
2102
1975
3067
3171
3205
3214
95
1520
322
1536
1528
1333
3
1698
292
1331
207
1425
1509
12
215
426
293
1418
425
2039
3300
3283
3110
3111
1807
3104
2106
3170
3236
2107
3075
3164
96
319
1612
1612
1307
320
303
16
1508
8
200
412
1510
1412
1893
1892
426
3289
3392
3408
1873
1985
3303
1876
1988
1990
1875
1807
1988
3158
2103
1832
1831
2090
3077
3171
95
319
3154
3154
1304
89
89
2227
3089
15
1533
1533
1509
216
204
216
1886
1511
1885
3296
1985
1985
3296
3392
2036
3375
3300
3094
951
3106
3156
3155
3169
1839
1839
1956
3170
3236
2102
1978
898
950
3154
1534
1304
1304
3089
3089
15
1534
15
1958
949
1958
1983
411
2613
2605
2604
899
2800
813
2237
2117
1839
2117
752
2189
718
