1872
784
301
301
270
270
767
769
787
758
290
284
772
755
755
755
746
745
746
309
298
295
782
782
783
730
463
263
291
288
288
760
783
720
466
380
267
267
760
676
774
723
724
720
463
266
269
268
678
676
723
391
390
390
269
679
685
680
682
681
634
633
631
612
371
391
370
392
388
679
682
618
637
445
445
371
370
365
389
689
687
620
627
628
637
446
445
1092
1130
1129
689
1462
1090
1093
1093
1130
1128
1128
1462
1560
1090
1088
1087
1135
1556
1057
1104
1088
1088
1137
1139
1138
1515
1553
1554
1573
983
1103
1104
1167
1421
1421
1470
1554
1577
1578
1578
1578
984
982
1108
1167
1159
1432
1432
1423
1424
1568
1576
1576
985
984
1165
1429
1621
985
971
1165
1004
1431
1637
1636
1636
1621
1617
1618
1618
975
988
968
968
1000
1417
1617
976
966
994
994
998
1006
1006
1417
1416
1632
1634
1634
1612
1612
308
308
306
308
307
300
300
304
304
305
272
272
285
285
769
769
768
788
788
788
754
754
753
759
759
758
747
307
309
297
296
295
275
305
285
284
770
773
772
787
781
787
784
755
759
746
747
746
309
311
309
298
295
276
276
291
291
289
291
771
764
772
772
761
782
781
729
729
729
730
745
721
466
466
465
453
275
276
265
291
289
763
761
762
783
783
726
725
723
730
719
467
467
463
460
461
461
381
263
264
268
289
764
268
760
776
726
723
724
720
719
462
462
382
380
381
264
267
267
269
686
686
686
677
678
678
676
726
634
611
613
611
613
613
449
462
450
377
376
382
390
387
387
680
680
686
681
675
676
614
634
617
632
631
631
613
449
449
377
371
390
393
393
389
387
679
680
681
682
619
620
618
630
631
629
638
447
448
447
370
369
369
367
368
392
388
389
690
691
688
688
689
696
619
626
618
626
628
635
635
637
447
446
369
368
1134
389
1131
1130
1129
1128
1463
689
627
625
626
625
626
1550
635
637
1560
1059
1059
1092
1093
1095
1095
1087
1094
1086
1133
1135
1133
1131
1129
1463
1465
1463
1464
1464
1509
1550
1510
1509
1551
1551
1562
1560
1059
1058
1090
1091
1094
1085
1134
1135
1137
1139
1139
1468
1467
1467
1470
1516
1510
1554
1510
1555
1562
1563
1563
1056
1090
1055
1091
1088
1102
1134
1136
1136
1467
1469
1470
1516
1516
1556
1556
1556
1577
1562
1573
1057
1103
1104
1107
1166
1167
1161
1138
1138
1139
1432
1471
1514
1515
1567
1568
1578
1577
1578
983
984
982
1108
1105
1108
1108
1110
1167
1164
1159
1160
1421
1422
1423
1567
1568
1575
985
983
989
989
1107
1164
1165
1158
1159
1155
1431
1430
1430
1430
1423
1424
1637
1637
1621
1622
1618
1576
1615
986
989
987
986
969
969
999
1158
1158
1155
1004
1431
1155
1430
1429
1422
1410
1410
1622
1618
1616
988
976
970
970
971
968
999
1005
1004
1004
1415
1417
1410
1632
1631
1635
1636
1635
1622
1617
1613
975
976
966
970
967
968
996
995
997
998
1006
1417
1417
1416
1633
1634
1611
1612
1612
1614
1614
1614
976
302
753
306
308
300
299
305
304
271
271
285
794
769
795
768
768
785
788
753
755
759
758
748
748
307
312
310
310
297
296
293
276
305
272
273
272
273
286
286
770
771
773
786
786
752
711
757
750
751
751
312
311
297
292
295
275
274
290
287
765
765
763
765
765
762
761
782
777
710
711
727
745
750
464
312
464
318
464
298
274
291
288
766
764
761
775
776
725
730
728
722
721
721
467
465
461
461
455
453
385
386
264
264
279
278
684
677
674
776
776
726
586
728
610
720
467
460
382
381
386
385
386
269
279
683
677
615
614
634
612
611
452
452
379
386
400
400
684
685
673
616
616
615
614
633
632
449
452
451
376
377
379
378
367
367
393
397
690
692
695
682
616
697
619
618
630
621
630
630
629
638
447
445
372
375
367
366
393
366
408
408
408
690
692
690
688
697
695
696
619
624
628
636
636
441
1092
369
1082
1133
408
1131
1127
691
697
1464
697
625
1552
635
1558
1061
1061
1095
1095
1083
1086
1132
1131
1126
1127
1465
1463
1464
1474
1507
1512
1512
1512
1558
1551
1563
1058
1059
1058
1053
1089
1085
1086
1132
1136
1126
1466
1473
1474
1509
1516
1511
1551
1555
1561
1561
1057
1056
1055
1054
1103
1089
1104
1100
1099
1102
1168
1136
1468
1467
1471
1513
1520
1553
1565
1555
1563
1574
1055
1054
1106
1110
1169
1168
1161
1160
1469
1471
1421
1513
1513
1566
1574
1574
991
1110
1110
1102
1169
1162
1169
1161
1156
1420
1419
1418
1564
1570
1569
1569
1575
981
979
981
986
990
1109
1164
1163
1165
1159
1157
1157
1426
1427
1425
1418
1423
1409
1567
1570
1619
1576
1571
979
987
987
992
993
971
1021
999
1162
1005
1156
1412
1428
1408
1408
1637
1622
1619
1616
1616
1616
977
973
971
995
1000
1007
1005
1414
1415
1407
1410
1408
1629
1631
1620
1620
1613
978
977
977
978
972
972
967
965
966
996
995
995
997
997
1007
1414
1417
1415
1632
1405
1630
1631
1631
1624
1634
1623
1608
1609
1614
1633
1623
1608
299
299
752
307
316
314
314
300
302
302
303
240
286
239
249
794
795
792
792
785
786
740
752
757
756
757
749
757
748
748
315
313
303
294
240
271
239
286
794
771
791
793
791
785
738
709
749
751
312
317
318
318
294
293
294
273
238
287
283
766
771
780
779
777
711
711
710
713
727
709
750
751
317
318
456
292
454
292
274
241
265
278
278
766
766
780
777
775
777
712
709
727
717
717
464
455
455
383
384
277
279
282
647
780
674
586
713
728
603
717
608
456
457
455
363
384
383
396
279
684
647
673
674
674
672
587
587
586
604
603
606
610
457
452
450
459
455
378
379
363
398
398
399
400
683
683
673
672
604
605
605
610
438
451
451
374
379
397
397
400
407
692
407
693
695
694
694
616
621
622
639
642
642
606
448
442
442
372
375
375
366
403
404
408
407
693
693
699
700
617
622
639
642
642
441
443
442
374
442
1084
1084
1117
1114
1125
1127
698
699
699
701
1508
1506
625
1559
1559
1543
1543
1061
1062
1060
1083
1084
1117
1115
1115
1126
1127
1477
1474
1508
1508
1507
1511
1499
1545
1559
1558
1561
1061
1060
1053
1095
1101
1116
1112
1111
1465
1478
1465
1473
1474
1506
1519
1512
1511
1552
1557
1557
1557
1055
1066
1100
1101
1132
1151
1168
1154
1466
1111
1472
1490
1473
1472
1520
1520
1519
1566
1533
1528
1574
1066
1106
1063
1110
1100
1101
1151
1153
1140
1420
1471
1514
1513
1565
1566
1572
1571
980
981
991
980
1105
1096
1169
1152
1157
1144
1425
1140
1420
1419
1418
1461
1564
1566
1569
1572
1571
979
981
991
991
990
993
1109
1021
1163
1162
1162
1157
1426
1427
1420
1461
1569
1627
1598
987
992
993
1022
1022
1022
1008
1003
1425
1413
1413
1427
1459
1409
1629
1626
1620
1615
946
992
972
993
1022
1021
999
1003
1005
1002
1412
1413
1407
1406
1408
1628
1626
1628
1610
1610
977
973
973
965
967
1018
997
1014
1007
1001
1414
1405
1404
1405
1633
1624
1625
1625
1625
1623
1608
1609
1610
1610
1017
1609
316
314
316
314
334
303
334
240
240
250
250
792
795
793
792
802
811
812
812
740
740
742
737
742
733
315
316
294
321
335
322
239
235
249
249
236
248
790
791
797
813
812
813
812
715
741
735
732
320
319
319
322
323
238
242
237
283
235
791
790
797
779
796
814
804
715
714
706
734
732
732
422
422
319
319
321
242
245
283
796
780
804
804
715
713
708
706
718
456
456
419
454
412
413
360
241
241
244
282
244
282
780
780
778
656
655
778
585
713
712
602
602
608
608
459
458
458
459
415
364
364
384
384
396
277
280
647
645
646
653
656
585
587
588
604
603
603
609
608
440
440
459
363
364
362
398
398
395
648
648
649
646
652
672
650
595
587
604
597
601
606
439
438
375
361
362
401
401
649
694
596
597
599
599
641
444
444
373
372
361
357
403
403
405
406
661
693
698
701
700
622
622
623
639
642
641
444
444
444
375
1076
1082
403
406
405
406
663
699
701
701
700
1505
1504
623
1499
623
623
640
1542
1062
1062
1062
1076
1083
1084
1117
1114
1115
1115
1481
1477
1477
1477
1508
1505
1505
1498
1544
1499
1543
1543
1066
1065
1074
1074
1083
1097
1121
1116
1112
1113
1490
1475
1475
1519
1498
1499
1531
1534
1545
1531
1547
1066
1064
1065
1063
1100
1070
1099
1097
1098
1097
1154
1112
1489
1473
1489
1518
1520
1534
1532
1532
1529
1546
1528
942
1064
1066
1106
1096
1098
1153
1151
1154
1140
1140
1490
1490
1488
1440
1518
1517
1533
1533
1522
1530
1529
1537
940
939
1109
1143
1146
1141
1425
1441
1461
1440
1460
1460
1521
1522
1522
1530
1571
1530
941
940
937
938
1020
1019
1027
1144
1144
1145
1146
1446
1445
1427
1444
1458
1461
1459
1564
1627
1599
1599
1599
949
948
936
948
1020
1019
1019
1010
1002
1145
1428
1444
1458
1447
1629
1626
1619
1596
1596
1599
1598
949
948
963
1020
1015
1018
1018
1010
1003
1002
1411
1434
1413
1433
1447
1628
1627
1595
1593
1595
947
947
961
961
961
1017
1018
1012
1003
1014
1001
1411
1404
1405
1406
1624
1625
1593
1595
1588
962
332
733
350
350
333
333
334
334
255
255
256
258
257
250
254
254
250
789
800
802
811
817
740
744
742
744
735
736
737
342
349
350
335
322
323
255
238
257
789
802
803
814
814
813
814
739
741
741
735
732
341
339
340
325
324
322
238
242
246
247
235
236
797
797
806
714
714
715
702
705
718
341
420
320
419
419
413
321
327
326
242
247
245
246
236
234
790
799
805
808
809
702
704
708
706
421
422
422
417
412
413
360
281
281
643
655
810
656
810
707
702
707
718
523
415
415
413
364
359
359
281
107
281
643
646
654
653
653
591
588
589
600
600
600
440
429
428
414
396
396
395
648
649
649
653
651
596
591
598
598
598
600
601
607
609
440
429
361
352
362
356
358
402
402
402
651
665
660
652
651
598
598
593
592
599
607
607
511
443
431
373
353
355
401
406
661
671
669
595
669
668
594
592
592
640
641
444
1077
373
354
1122
357
1122
404
663
662
671
1497
669
1504
1505
1501
640
1549
1081
1077
1074
1076
1071
1121
1124
1116
1113
662
1482
1497
1496
1496
1502
1501
1500
1501
1501
1544
1544
1549
1080
1078
1081
1074
1072
1071
1071
1071
1121
1122
1124
1123
1113
1481
1481
1482
1495
1495
1503
1531
1545
1547
1079
1066
1069
1073
1070
1119
1154
1148
1490
1488
1487
1517
1518
1534
1534
1531
1535
1546
1546
1537
939
1069
1072
1097
1151
1147
1153
1141
1484
1488
1441
1440
1518
1521
1529
1536
1537
942
939
939
1068
1032
1096
1150
1026
1143
1150
1146
1484
1446
1457
1454
1526
1522
1523
1536
1537
941
945
938
937
938
1037
1037
1029
1027
1027
1027
1152
1144
1145
1446
1443
1459
1454
1460
1603
1603
1597
1597
945
943
949
938
963
1036
1029
1008
1009
1049
1434
1445
1435
1447
1444
1448
1603
1606
1596
1596
947
946
964
964
1015
1015
1011
1010
1009
1010
1013
1046
1434
1435
1453
1601
1600
1602
1594
1594
947
956
964
951
963
964
962
962
1015
1016
1011
1012
1013
1013
1436
1437
1436
1433
1437
1452
1453
1601
1601
1593
1587
1587
1588
1453
350
349
345
333
332
329
330
330
256
258
258
257
253
254
801
803
818
818
739
744
743
744
743
736
736
736
857
342
342
346
325
325
330
255
259
261
261
262
253
254
800
818
817
815
739
744
735
856
856
341
340
339
340
325
326
324
247
261
87
799
798
799
803
806
816
807
703
744
734
716
848
420
339
417
327
327
327
247
246
236
89
88
798
799
806
805
807
808
704
704
703
708
706
848
421
420
418
418
411
411
409
243
244
98
99
244
280
88
89
645
655
809
809
810
704
708
524
525
523
424
417
427
415
414
411
359
106
394
107
107
645
644
654
644
590
590
591
588
499
525
523
522
429
428
426
410
358
359
358
64
106
108
667
651
650
650
591
589
589
513
512
512
429
433
432
435
435
352
356
64
64
108
660
667
665
664
665
598
593
503
513
512
512
433
431
353
355
355
357
70
70
71
65
661
660
657
670
669
544
594
593
503
516
430
1081
351
353
355
1227
357
1226
62
71
70
663
663
671
662
658
671
671
1497
1502
594
1861
511
1080
1356
1078
1075
1076
1224
1122
71
1113
1480
1480
658
1482
1497
1502
1549
1860
1080
1081
1079
1355
1075
1072
1227
1225
1124
1207
1479
1480
1479
1496
1496
1495
1502
1503
1491
1491
1525
1548
1547
1549
1547
1078
1069
1072
1120
1120
1124
1148
1483
1485
1486
1495
1492
1500
1525
1535
1535
1079
1068
1069
1067
1032
1073
1120
1150
1147
1148
1147
1484
1484
1488
1492
1524
1527
1540
942
942
1033
1033
1023
1149
1142
1441
1441
1457
1457
1456
1527
1527
1538
1539
944
941
936
1033
1033
1037
1037
1026
1024
1025
1049
1051
1142
1446
1443
1457
1456
1455
1454
1526
1523
1607
1607
1584
944
943
956
936
953
958
1037
1028
1029
1025
1049
1049
1050
1438
1444
1449
1603
1605
1604
1606
1606
1594
1607
951
956
954
958
1036
1029
1046
1044
1050
1045
1434
1439
1439
1448
1450
1448
1600
1600
1579
1585
1584
1587
952
952
957
957
957
1016
1011
1040
1011
1013
1046
1045
1436
1439
1437
1453
1452
1601
1580
1579
1586
1587
1038
329
252
348
346
346
328
328
330
260
260
258
262
251
800
800
801
818
818
833
847
847
860
856
857
858
349
346
344
345
343
328
331
259
260
262
251
221
933
934
816
816
816
835
861
860
855
855
856
342
340
336
337
344
205
262
97
221
88
932
933
806
934
815
906
834
835
835
854
850
849
337
338
337
338
326
338
243
99
100
90
911
912
912
807
839
854
424
416
418
409
72
75
99
100
101
92
88
644
911
909
906
526
807
525
525
525
522
425
424
426
418
410
411
76
99
111
105
105
100
105
108
552
528
527
526
526
499
498
519
525
427
425
410
434
78
76
63
105
108
666
551
527
497
499
499
522
433
426
436
434
352
85
83
64
64
65
666
667
667
554
544
502
503
516
516
514
515
515
432
430
433
435
354
356
64
69
68
659
664
670
544
543
503
516
515
515
430
1358
430
353
1373
1371
1227
61
1226
68
71
68
69
659
658
670
1776
545
1779
1854
1855
1856
1861
1861
1861
1355
1356
1372
1357
1373
1372
1371
1227
1227
1225
1220
1213
1207
1756
659
1480
1777
1779
1777
1854
1856
1855
1856
1859
1863
1860
1355
1356
1372
1227
1222
1223
1208
1782
1776
1777
1845
1493
1853
1858
1316
1354
1318
1372
1067
1369
1224
1223
1207
1208
1208
1483
1486
1780
1780
1494
1491
1843
1492
1524
1842
1525
1540
1541
1316
1318
1317
1067
1317
1023
1120
1222
1212
1206
1486
1486
1701
1493
1492
1702
1525
1540
1541
1541
1320
1321
1032
1031
1031
1249
1023
1210
1149
1211
1211
1149
1142
1442
1442
1703
1702
1455
1527
1538
1538
1538
1322
1030
1030
1031
1035
1031
1024
1025
1024
1051
1052
1052
1052
1704
1705
1707
1456
1706
1455
1605
1527
1583
944
944
1034
1028
1042
1051
1052
1047
1738
1704
1449
1448
1605
1604
1605
1583
1584
955
955
953
956
953
1043
1041
1046
1048
1438
1450
1451
1581
1581
1579
1584
1590
951
950
957
960
959
1040
1038
1039
1044
1044
1048
1047
1736
1439
1736
1737
1450
1450
1451
1581
1580
1585
1589
1589
952
1044
1586
219
931
347
347
344
329
201
207
208
260
207
252
252
219
220
931
930
929
846
846
847
860
858
859
860
858
348
348
344
202
331
207
209
210
221
219
220
221
924
935
933
935
846
934
834
861
858
336
343
202
203
206
97
87
91
90
926
926
932
933
934
841
833
837
836
835
853
853
849
124
125
338
119
206
206
96
97
97
92
93
90
912
912
910
908
908
836
839
838
851
839
853
850
423
416
126
119
118
72
74
98
101
100
96
93
92
909
909
907
532
531
519
524
521
423
425
129
77
75
76
76
112
112
104
104
103
909
551
528
529
527
531
532
508
510
518
519
425
426
129
78
77
78
78
82
111
112
103
554
552
527
530
530
497
538
510
498
519
520
436
437
436
435
85
86
83
82
63
102
547
547
551
537
539
501
517
437
437
170
85
83
83
62
58
657
548
550
547
544
540
546
502
517
514
1358
437
1371
1371
59
59
61
60
68
65
66
66
659
549
545
1778
1849
1849
1856
1852
1849
1863
1358
1373
1373
1221
1220
1215
1215
1214
1756
1783
1777
1778
1846
1854
1853
1851
1863
1353
1367
1368
1369
1223
1220
1218
1213
1215
1205
1205
1756
1782
1783
1783
1778
1845
1854
1847
1867
1859
1858
1859
1353
1368
1366
1368
1367
1221
1360
1222
1223
1208
1203
1782
1781
1780
1843
1842
1866
1866
1858
1318
1318
1369
1250
1250
1210
1209
1212
1200
1200
1714
1702
1702
1844
1664
1666
1665
1665
1541
1652
1319
1319
1320
1322
1321
1296
1295
1250
1211
1211
1200
1200
1713
1201
1714
1700
1699
1700
1702
1664
1697
1708
1664
1658
1653
1322
1322
1298
1297
1250
1248
1255
1238
1704
1715
1705
1703
1709
1709
1607
1658
1539
1303
1306
1299
953
1035
1255
1042
1041
1248
1248
1241
1240
1704
1738
1735
1707
1706
1708
1709
1582
1583
1656
1302
1304
955
954
960
1040
1034
1040
1254
1042
1228
1228
1240
1738
1737
1739
1735
1734
1728
1728
1581
1583
1591
1590
952
1302
960
960
959
1039
1038
1043
1043
1043
1229
1048
1229
1048
1233
1736
1736
1732
1732
1733
1733
1730
1731
1731
1592
1731
1592
1592
1589
1592
1590
931
859
143
199
197
201
200
208
210
210
212
223
222
222
931
929
929
843
841
842
845
844
844
859
859
873
874
198
199
203
201
204
204
210
223
925
222
925
925
923
928
840
847
841
845
838
873
855
873
143
199
202
203
203
206
205
209
91
926
925
924
927
922
921
921
908
840
841
853
849
868
124
125
125
123
122
122
119
120
204
94
90
927
917
908
837
836
839
836
820
852
849
124
127
126
130
118
130
119
121
73
95
110
93
93
910
918
920
907
907
532
508
852
852
521
128
128
117
129
117
77
73
74
73
109
110
112
116
104
116
104
535
530
530
531
509
510
521
518
521
174
173
86
80
80
81
109
113
114
115
116
102
554
554
534
537
536
537
529
504
510
482
482
171
172
169
170
82
84
82
113
116
67
548
551
542
542
539
539
539
538
506
505
501
487
482
171
169
86
59
60
58
67
66
550
550
549
541
542
546
539
539
500
500
501
488
488
487
1357
1351
1349
170
84
59
66
1763
550
540
545
1850
1850
1862
1851
1863
1358
1357
1352
1351
1370
1362
1365
1220
1219
1218
1214
1219
1215
1757
1757
1755
1775
1778
1845
1846
1848
1851
1868
1857
1859
1352
1353
1353
1346
1367
1366
1364
1365
1217
1219
1213
1205
1757
1757
1783
1774
1844
1846
1848
1847
1868
1871
1870
1354
1352
1367
1361
1361
1360
1217
1216
1204
1202
1761
1781
1759
1780
1843
1771
1844
1848
1867
1867
1868
1866
1871
1323
1319
1323
1324
1321
1359
1360
1252
1209
1209
1199
1201
1203
1203
1713
1203
1761
1701
1712
1696
1697
1665
1652
1319
1324
1300
1296
1296
1295
1251
1249
1252
1201
1199
1201
1714
1714
1715
1699
1698
1700
1698
1697
1665
1666
1658
1653
1654
1307
1300
1300
1296
1251
1256
1247
1256
1247
1238
1238
1239
1716
1716
1699
1700
1663
1657
1657
1656
1656
1307
1306
1307
1300
1297
1298
1293
1255
1253
1248
1241
1241
1237
1241
1240
1716
1735
1726
1709
1689
1689
1658
1688
1303
1306
1305
1299
1292
1292
1293
1253
1253
1230
1228
1233
1739
1748
1734
1735
1728
1730
1689
1691
1591
1688
1302
1301
1302
1301
1291
1290
1260
1260
1230
1230
1233
1233
1739
1739
1732
1732
1731
1729
1730
1729
1691
1592
1592
189
189
197
198
197
207
211
224
224
222
930
893
929
843
842
842
844
875
874
143
189
199
197
201
217
218
218
212
224
224
225
922
923
921
843
843
844
876
876
873
142
123
196
122
179
216
215
215
215
225
927
922
922
913
890
821
821
867
876
868
145
123
95
42
48
918
927
920
913
914
889
889
819
820
852
868
868
868
144
127
127
125
130
120
120
95
94
46
918
917
919
914
913
532
561
507
851
509
510
128
130
117
121
73
79
95
110
115
46
52
53
920
558
535
535
508
480
520
174
174
173
167
80
79
81
109
5
114
116
116
53
53
553
533
535
537
534
536
504
510
480
481
174
174
168
168
86
80
8
114
113
24
553
542
573
557
505
506
505
488
484
482
171
171
170
167
9
8
8
12
13
24
23
541
541
574
501
484
488
486
1350
1351
1351
1349
1348
1363
13
13
22
22
1763
541
1775
546
1850
1852
1862
485
1862
485
1349
1345
1349
1362
1363
1219
1171
1170
1763
1764
1768
1775
1775
1832
1851
1869
1869
1347
1345
1362
1361
1365
1364
1218
1216
1204
1170
1197
1759
1758
1774
1769
1848
1828
1865
1869
1870
1871
1346
1346
1402
1361
1398
1217
1209
1197
1205
1202
1761
1760
1770
1770
1844
1827
1865
1865
1871
1870
1326
1324
1325
1217
1198
1191
1761
1711
1771
1770
1710
1660
1864
1662
1652
1329
1325
1359
1331
1252
1251
1195
1247
1243
1716
1712
1711
1696
1696
1698
1659
1660
1657
1661
1653
1307
1329
1300
1332
1298
1256
1246
1245
1237
1238
1716
1712
1724
1707
1659
1657
1653
1655
1656
1305
1305
1300
1293
1292
1268
1256
1245
1236
1237
1235
1239
1718
1747
1748
1716
1727
1724
1727
1647
1690
1689
1681
1304
1308
1305
1291
1289
1293
1291
1254
1262
1263
1253
1234
1234
1231
1236
1750
1748
1753
1726
1752
1727
1752
1725
1692
1693
1692
1691
1683
1681
1301
1309
1309
1287
1290
1261
1260
1230
1231
1232
1749
1749
1750
1749
1751
1727
1729
1725
1692
1691
1682
1231
892
191
191
191
195
195
195
175
213
211
211
226
226
893
893
905
897
880
904
825
824
825
869
875
869
871
193
192
179
176
211
218
218
227
232
227
227
905
904
880
825
823
869
876
875
142
142
193
178
138
192
179
179
217
229
229
905
904
887
887
888
890
821
867
870
868
144
145
144
139
139
120
216
180
215
48
49
43
49
49
918
915
915
913
887
887
889
890
890
821
820
866
865
140
141
140
156
39
41
48
47
46
46
919
919
915
561
561
473
819
474
474
866
474
472
161
158
157
156
5
5
39
42
33
920
53
50
916
559
558
556
560
508
476
481
481
162
162
168
150
150
149
4
26
26
51
51
52
578
558
557
557
556
555
504
477
481
480
174
168
172
9
4
3
12
6
25
26
26
553
51
578
577
580
573
573
505
484
477
484
486
1350
1387
13
8
10
25
28
23
28
23
548
584
573
576
494
494
494
485
1350
1362
1393
11
13
10
13
1172
22
1172
21
1763
23
22
1767
1768
1767
574
1773
575
1833
1831
1831
1823
1824
485
1388
1388
1365
11
1171
1172
1762
1768
1768
1773
1772
1833
1830
1832
1831
1822
1346
1388
1403
1401
1403
1400
1398
1399
1399
1174
1176
1175
1173
1175
1762
1764
1765
1773
1773
1772
1828
1829
1819
1815
1815
1347
1327
1380
1403
1403
1403
1173
1176
1198
1197
1759
1759
1760
1770
1769
1769
1827
1828
1864
1819
1815
1327
1327
1325
1402
1196
1196
1196
1192
1191
1761
1827
1840
1816
1864
1813
1662
1327
1328
1328
1326
1329
1333
1331
1266
1267
1196
1242
1195
1244
1191
1193
1191
1193
1718
1793
1723
1724
1710
1659
1662
1660
1654
1328
1329
1330
1332
1266
1270
1242
1242
1244
1244
1243
1194
1718
1723
1723
1724
1645
1647
1661
1679
1679
1308
1338
1341
1288
1288
1271
1246
1244
1237
1235
1717
1718
1717
1722
1753
1721
1722
1645
1694
1647
1663
1647
1674
1678
1314
1308
1315
1288
1288
1262
1262
1278
1235
1748
1754
1754
1754
1752
1695
1695
1690
1683
1683
1677
1309
1311
1311
1314
1289
1261
1262
1261
1263
1278
1231
1232
1749
1754
1754
1752
1695
1692
1695
1693
1682
1683
1681
1287
194
879
194
192
175
195
175
213
214
214
226
891
893
892
897
902
897
878
824
832
872
872
871
132
193
190
193
177
181
181
213
217
233
232
228
903
905
903
880
880
825
823
822
869
870
135
135
138
139
180
180
181
231
230
230
232
229
902
903
882
882
888
823
864
865
140
139
155
40
41
230
35
43
901
901
885
884
820
473
866
865
144
141
140
159
156
156
39
41
34
49
47
916
916
560
568
472
166
152
159
158
157
149
39
33
50
57
57
560
568
569
474
479
475
472
161
162
151
152
149
4
4
3
6
32
51
57
559
557
563
476
477
479
478
162
160
151
2
6
27
27
17
56
56
578
579
580
580
584
571
555
477
495
490
490
479
490
160
1384
1382
7
10
28
28
16
16
16
578
583
579
576
575
576
496
489
483
1386
1387
1387
7
11
18
1762
1767
1804
1799
575
494
1824
493
1823
1386
1388
1393
1392
1392
1171
1183
1809
1765
1810
1766
1766
1765
1804
1833
1831
1833
1826
1824
1824
1822
1378
1379
1400
1401
1399
1173
1174
1175
1807
1807
1808
1804
1803
1832
1828
1818
1813
1814
1379
1380
1379
1398
1400
1399
1173
1175
1189
1198
1808
1792
1790
1789
1790
1841
1839
1829
1818
1819
1819
1814
1378
1379
1396
1397
1267
1189
1189
1189
1193
1792
1792
1790
1788
1841
1840
1836
1816
1339
1334
1330
1333
1331
1264
1267
1264
1190
1184
1192
1184
1193
1794
1795
1793
1787
1787
1648
1649
1840
1649
1662
1680
1668
1680
1337
1339
1330
1331
1266
1270
1284
1283
1280
1194
1719
1719
1722
1721
1646
1646
1674
1679
1680
1338
1315
1337
1342
1268
1269
1271
1271
1271
1284
1279
1717
1743
1721
1746
1640
1645
1674
1675
1677
1678
1310
1311
1315
1313
1258
1269
1275
1285
1279
1279
1741
1747
1754
1642
1695
1694
1685
1687
1677
1310
1311
1315
1259
1259
1258
1276
1276
1278
1276
1276
1273
1740
1742
1642
1644
1644
1695
1684
1686
1687
1745
214
190
194
891
896
896
896
897
878
831
879
877
832
832
872
872
132
176
176
183
181
233
233
891
895
903
881
878
832
829
863
864
132
134
176
177
180
187
231
45
228
900
901
882
823
830
863
137
137
136
135
154
187
187
41
44
45
898
883
568
826
864
136
136
159
159
155
40
34
35
44
899
898
568
564
569
566
473
471
165
165
148
153
37
37
32
34
33
57
567
567
567
475
478
166
164
148
151
149
38
0
37
29
30
33
57
559
559
563
562
475
479
163
160
1
0
20
55
57
584
582
580
571
489
164
151
1
2
17
17
16
581
584
572
571
496
492
490
1384
1385
1393
1393
1394
1183
1183
17
15
583
1802
583
572
1817
576
1826
492
1386
1386
1385
1395
1180
1180
1183
1810
1809
1765
1803
1802
1804
1800
1826
1825
1822
1378
1378
1389
1181
1183
1809
1810
1801
1803
1800
1838
1826
1826
1821
1376
1377
1377
1400
1390
1390
1396
1397
1391
1805
1807
1805
1789
1812
1786
1839
1838
1820
1814
1375
1376
1333
1396
1397
1178
1190
1184
1795
1795
1793
1797
1790
1788
1837
1841
1836
1669
1667
1334
1333
1335
1264
1184
1794
1795
1796
1787
1787
1841
1651
1837
1836
1669
1668
1340
1340
1264
1284
1283
1282
1281
1797
1791
1720
1651
1648
1673
1680
1337
1342
1341
1257
1270
1286
1286
1284
1282
1281
1720
1744
1641
1646
1676
1675
1673
1677
1312
1269
1258
1275
1285
1280
1741
1741
1746
1745
1642
1642
1675
1676
1684
1675
1310
1312
1313
1258
1274
1273
1740
1740
1745
1643
1644
1685
1684
1686
1687
1272
190
183
183
233
832
827
131
233
878
830
134
186
186
188
883
34
228
901
885
829
862
137
147
36
898
564
567
471
155
44
898
469
471
166
147
38
31
55
582
565
563
491
147
1
1
20
30
55
54
581
563
495
495
1383
164
1394
20
15
571
1382
1394
15
570
1822
492
1384
1391
1179
1183
1811
1801
1799
1801
1374
1391
1389
1179
1180
1181
1806
1812
1839
1835
1376
1786
1812
1784
1786
1839
1834
1834
1821
1335
1188
1186
1796
1834
1667
1336
1187
1188
1797
1785
1785
1669
1340
1335
1265
1797
1720
1651
1650
1671
1337
1344
1269
1286
1282
1743
1640
1651
1673
1673
1344
1286
1274
1744
1641
1672
1313
1280
1643
1672
131
881
877
829
900
154
186
187
826
561
564
564
165
147
31
38
491
18
492
1825
1395
1826
1391
1374
1181
1811
1800
1805
1784
1335
1669
1837
1340
1186
1640
1651
1643
1673
1272
1273
895
827
895
831
134
186
864
900
468
31
153
36
566
146
582
570
495
1394
1182
1810
1820
1390
1178
1835
1837
1339
1186
1785
1265
1186
1671
1187
1743
1744
1257
1282
1741
1639
1684
1687
184
877
231
883
883
830
137
899
31
468
146
565
470
163
19
14
30
581
14
1182
1812
1801
1805
1796
1342
1791
1286
1640
1671
1257
1745
1644
183
182
894
894
827
188
44
154
470
163
38
54
469
570
1383
1383
14
1799
1817
1821
1374
1179
1806
1375
1178
1188
1376
1336
1187
1651
1277
1344
1344
1274
1742
1638
184
182
974
974
828
185
185
1476
1294
155
885
885
470
19
146
19
1381
491
1381
1798
1381
1381
1798
1817
1808
1835
1812
1784
716
1185
1650
1670
1791
1344
1343
1277
1638
1671
1277
1272
731
722
974
886
828
828
1294
1294
133
886
133
1485
722
1485
1177
54
1476
1478
1433
731
1119
380
1118
1118
1343
1118
394
1177
394
