2448
436
1124
1127
1111
1112
441
439
437
495
1089
1081
440
517
493
492
482
482
485
1206
1117
1117
423
423
422
519
1208
1109
1088
1025
1025
450
425
579
1220
1067
1018
1031
427
428
424
588
588
581
1070
1020
1031
1029
428
347
588
1062
1062
1064
1030
351
352
349
349
346
583
583
582
576
1052
1063
1051
1048
1047
352
347
607
600
964
963
1051
1059
1060
1048
356
379
373
372
607
601
961
962
2231
2018
2024
356
1521
2233
2234
2231
2017
2017
2024
1523
1316
2236
2002
2001
2021
1303
2220
2226
1999
1999
1990
1997
1997
1474
1456
1303
1315
2219
2221
2226
1989
1492
1492
1499
1453
1355
1356
1356
1354
2278
2218
2294
2102
2102
1491
1422
1506
1506
1340
1353
1352
2277
2279
2094
1420
1288
2290
2274
2068
2077
1421
1286
1286
1275
1289
1287
1297
1297
2261
2260
2273
2270
2078
1436
1281
2261
2271
2271
2071
2073
2076
2078
1438
1435
1272
1264
1265
1290
1290
1193
1191
1192
1190
1193
1188
1125
1127
1126
1121
1112
1111
1084
1083
1084
443
441
438
434
438
434
434
430
493
496
496
482
1193
1190
1124
1127
1125
1110
1126
1080
1083
440
443
445
443
437
438
438
492
494
486
495
486
1189
1214
1214
1206
1117
1115
1109
1089
1085
1081
1086
444
455
444
445
447
423
436
518
519
518
485
486
484
1220
1219
1223
1207
1117
1113
1088
1026
1024
454
449
450
427
423
589
516
591
578
579
1220
1223
1220
1223
1208
1066
1017
1020
1019
1025
1024
451
1023
451
425
590
590
578
578
581
988
988
1067
1061
1062
1021
1020
1031
1031
350
453
452
453
344
428
428
591
585
584
574
580
576
575
988
985
984
1069
1069
1070
1062
1047
1029
352
352
350
345
371
346
368
583
367
586
574
574
576
984
964
964
1053
1065
1064
1064
1050
1046
360
351
348
349
371
368
374
610
583
598
601
960
958
964
1052
970
1053
1060
1059
1060
1049
1050
362
361
357
355
357
381
373
375
376
376
599
597
601
600
961
962
1058
1060
2009
1050
2020
2018
2025
2026
1522
381
379
372
373
376
375
1308
599
601
1310
2233
2243
2233
2230
2231
2231
2002
2007
2006
2009
2020
2019
2020
2026
1521
1527
1522
1523
1521
1473
1475
1475
1480
1475
1308
1317
1316
2243
2233
2235
2236
2229
2002
2002
2020
1996
1995
1995
1526
1497
1497
1498
1495
1473
1475
1474
1300
1318
1318
1318
2245
2234
2221
2236
2000
1992
1991
1996
1997
1494
1499
1499
1498
1455
1302
1303
1303
1345
1315
1315
2220
2226
2224
1999
1991
1989
2101
1997
1994
1994
1492
1499
1508
1454
1455
1341
1356
1356
1354
2218
2219
2278
2294
2293
2293
2294
2097
2094
2097
2099
2099
1503
1507
1509
1454
1341
1355
2275
2278
2278
2291
2294
2093
2094
2102
2100
2099
1421
1423
1423
1420
1437
1506
1286
1289
1288
1287
1299
1352
1299
2276
2279
2282
2282
2291
2274
2066
2068
2068
2067
2074
1423
2075
1437
1437
1437
1452
1452
1289
1298
1298
2262
2256
2272
2257
2274
2273
2073
2068
2078
2077
1441
1442
1437
1273
1274
1274
1289
1265
1281
1299
1293
2262
2264
2256
2272
2256
2271
2270
2269
2072
2072
2076
1439
1438
1435
1274
1265
1291
1294
1292
1294
1294
1294
2261
1118
430
1193
1192
1187
1119
1127
1122
1144
1082
1082
730
1084
734
442
443
431
433
430
493
494
496
496
483
1191
1217
1189
1188
1205
1123
1123
1115
1121
1121
1146
1110
1146
1086
1080
439
443
448
432
432
488
516
488
486
481
480
1218
1216
1204
1116
1116
1114
1114
1089
1085
456
458
457
458
455
448
447
446
421
517
520
484
479
478
1222
1218
1215
1212
1215
1207
1113
1087
1025
458
453
449
420
420
521
519
522
500
478
479
1221
1223
1223
1207
1066
1207
1013
1015
1017
1019
1026
1022
453
452
426
426
424
589
590
590
580
581
988
985
1069
1014
1017
1020
1021
1030
1028
383
344
369
585
585
576
580
986
987
1069
1065
1047
1047
358
349
366
370
371
370
608
585
584
986
958
956
993
971
1055
992
1055
1054
1065
1065
362
359
353
347
371
364
367
608
611
611
610
611
595
596
960
963
971
973
1054
1056
1057
1057
1050
1049
1045
362
361
362
357
355
354
378
380
609
611
598
593
970
2227
1059
2007
2009
1044
2025
2023
357
381
1524
381
376
1307
597
1310
2240
2240
2235
2229
2006
2007
2005
2014
2026
2026
1529
1524
1523
1524
1477
1478
1479
1480
1308
1308
1318
2245
2244
2237
2232
2236
2000
2001
2011
2021
2011
1528
1496
1496
1477
1473
1480
1301
1301
1312
1316
2245
2244
2241
2241
2226
2223
2225
2222
2055
2056
1992
1993
1494
1493
1495
1459
1460
1456
1458
1300
1317
1345
2245
2255
2225
2056
2043
1990
1994
1994
1494
1503
1508
1509
1453
1343
1346
1348
2281
2292
2288
2059
2101
2095
2092
2038
2088
1503
1508
1509
1468
1338
1345
1339
1347
2280
2275
2252
2283
2292
2290
2096
2096
2094
2102
2089
2100
1422
1418
1419
1415
1509
1449
1285
1340
1339
1353
1350
2276
2284
2284
2284
2286
2274
2266
2066
2096
2080
2075
1426
1423
1451
1452
1275
1283
1284
1299
1296
1296
2264
2259
2267
2071
2072
2079
2074
1442
1441
1450
1452
1447
1278
1278
1284
1282
1293
2263
2263
2264
2264
2258
2258
2267
2267
2268
2268
2269
2070
2069
2072
2081
1439
1442
1442
1272
1440
1271
1274
1277
1280
1264
1262
1282
1291
1292
1271
1263
1263
1185
1119
487
1187
1200
1186
1199
1186
1118
1121
1120
1134
1079
1134
1078
730
734
733
405
433
432
469
488
489
490
490
491
490
491
480
1203
1201
1122
1141
1145
1145
1077
1078
732
733
734
734
415
446
429
524
490
481
1218
1216
1205
1213
1211
1141
1141
1143
1146
1074
1075
457
448
416
448
411
432
529
523
520
524
524
481
481
1217
1212
1212
1211
1209
1139
1140
1074
1087
1022
1022
458
454
397
410
421
402
528
524
522
500
500
1221
1212
1210
1014
1016
1016
1027
997
385
396
400
392
541
546
548
500
550
987
983
979
1013
1015
1016
1003
1027
385
382
400
396
399
400
369
391
543
546
548
549
575
978
977
993
981
992
993
1068
1007
1006
1004
1004
1028
331
345
382
365
586
539
545
595
957
957
978
972
1055
1040
1040
1043
1045
358
1043
329
353
365
363
366
603
603
610
592
595
595
958
956
965
974
1055
1036
1056
1039
1038
1045
1045
328
359
363
364
374
606
602
592
594
967
969
966
974
974
2004
2003
2014
2016
2023
2022
354
378
378
378
1476
1478
604
1334
1334
1313
1311
2240
2238
2227
2004
2005
2016
2015
2016
2023
2023
1529
1529
1524
1477
1477
1480
1330
1325
1312
1307
1312
2240
2238
2222
2228
2060
2042
2011
2010
1526
1528
1528
1513
1514
1489
1460
1479
1458
1321
1306
1324
1312
2242
2242
2061
2057
2041
2045
2041
2036
1526
2011
1512
1502
1494
1514
1461
1461
1460
1342
1322
1323
1344
2254
2225
2248
2288
2055
2057
2044
2045
2038
1502
1501
1501
1458
1467
1345
1344
1348
2254
2253
2280
2255
2289
2095
2043
2091
2089
2091
1418
2039
1504
1504
1505
1467
1470
1343
1346
1350
1347
2252
2252
2284
2281
2289
2287
2289
2096
2090
2090
2092
2088
1417
1416
1416
1470
1338
1267
1351
2283
2286
2287
2287
2266
2185
2066
2080
1418
1428
1426
1415
1448
1448
1266
1269
1284
1296
2205
2191
2259
2286
2266
2140
2070
2080
2083
1425
1427
1428
1446
1446
1451
1280
1270
1266
1296
1224
2204
2203
2192
2193
2268
2141
2069
2139
2081
2082
1440
1447
1445
1446
1277
1279
1280
1277
1277
1262
1270
1231
1225
1225
2268
1227
1203
1203
1200
1185
1179
1120
1136
1135
1135
1079
729
731
727
726
731
406
406
409
409
468
469
471
470
470
459
1202
1203
1194
1195
1184
1138
1146
1077
1078
1078
1076
728
726
732
419
407
408
408
401
529
471
461
462
1197
1202
1194
1141
1140
1143
1143
1072
1076
1075
418
418
419
410
419
401
527
529
526
523
464
462
461
1198
1197
1197
1213
1139
1141
1074
994
419
416
411
414
527
529
505
498
497
982
983
1210
980
1209
1153
1097
1097
1074
1073
995
998
996
384
398
397
393
399
391
392
528
521
547
548
499
507
983
975
983
982
980
979
1005
1007
1005
1011
1001
1001
385
390
383
400
394
316
543
542
541
547
548
549
550
978
976
981
991
932
1006
1007
1003
1002
332
331
333
330
323
324
323
317
543
543
540
545
551
977
966
973
1037
1037
1039
1033
333
324
319
318
540
552
594
965
968
974
926
925
1036
1040
1040
1044
1042
327
328
312
314
311
309
606
605
602
596
593
969
969
967
974
2052
2034
1038
1034
1041
1042
328
313
314
311
311
1490
1488
606
1332
606
604
566
1311
2339
2339
2338
2340
2004
2054
2035
2015
2016
2013
2013
1511
1529
1510
1483
1490
1490
1489
1334
1331
1310
1313
2239
2339
2250
2228
2063
2063
2062
2033
2042
2012
1519
1513
1514
1487
1328
1330
1322
1320
1325
1327
1326
2237
2250
2338
2250
2223
2064
2061
2062
2064
2060
2042
2040
1512
1514
1518
1484
1460
1321
1322
1323
1371
1370
1324
2253
2247
2254
2249
2059
2059
2045
2044
2037
2039
2040
2039
1519
1516
1501
1459
1468
1464
1319
1364
1342
1369
1371
2254
2246
2288
2091
2087
2085
1418
1433
1504
1429
1469
1471
1464
1471
1366
1363
1350
1362
2216
2211
2210
2212
2187
2184
2120
2091
2086
2084
2084
1432
1433
1430
1433
1430
1469
1444
1470
1365
1350
1351
1349
2211
2212
2212
2187
2188
2117
2119
2138
2080
1425
1428
1429
1444
1443
1449
1267
1283
1231
1229
1230
1349
2207
2207
2195
2186
2185
2140
2140
2138
2083
2083
1425
1427
1428
1444
1444
1279
1269
1232
1232
1231
2207
2203
2191
2192
2193
2190
2140
2141
2083
2139
2082
1424
1445
1446
1393
1280
1276
1260
1227
1224
2193
1179
460
1168
1199
1178
1177
1178
1136
1136
1135
1133
754
737
729
737
728
729
727
739
405
409
469
472
477
472
471
466
467
459
1202
1169
1182
1184
1181
1136
1133
1133
754
738
415
417
407
404
409
404
468
471
465
466
460
1162
1162
1183
1183
1181
1138
1144
1137
1071
1129
1071
735
419
419
413
533
525
525
526
503
497
1197
1148
1195
1151
1154
1155
1152
1105
1137
1097
1094
1095
1072
995
743
741
744
414
402
412
534
501
504
498
1196
1196
1198
1155
1154
1106
1097
997
994
390
389
395
395
532
505
505
505
506
512
942
936
1153
933
1010
1010
999
1000
1000
389
388
390
399
395
394
536
538
536
553
552
975
945
934
936
1011
1001
1001
333
333
332
386
322
318
315
319
318
538
539
552
552
551
976
952
934
924
933
919
1011
1011
1002
1035
329
326
328
312
323
318
559
562
561
560
567
564
567
969
951
926
926
926
1033
1035
327
314
312
317
320
309
562
562
561
565
567
968
2341
925
921
2054
1032
2034
1034
334
338
313
1485
314
1485
1488
1332
566
1336
2341
2340
2341
2335
2053
2035
2035
2033
2013
338
1510
1482
1484
1485
1490
1332
1329
1331
1332
1337
1327
1337
2350
2351
2341
2338
2336
2063
2063
2047
2053
2054
2031
2032
2028
2013
1517
1511
1485
1486
1487
1329
1327
1336
2351
2247
2250
2334
2046
2048
2037
2039
1519
1519
1515
1462
1465
1320
1320
1326
1369
1368
1371
1370
2247
2249
2058
2059
2045
2029
2036
2030
2030
1518
1516
1515
1463
1466
1357
1371
1367
2214
2214
2209
2248
2164
2112
2113
2113
2104
2103
2086
2087
1431
1382
1466
1466
1366
1364
1360
1362
2217
2216
2212
2208
2208
2181
2184
2118
2112
2121
2120
2120
2108
2085
1433
1389
1382
1384
1470
1365
1366
1366
1363
2216
2206
2211
2187
2188
2188
2119
2120
2107
2129
1425
1432
1404
1387
1386
1385
1244
1228
1228
1229
2207
2207
2195
2197
2188
2133
2136
2135
2138
2123
2122
2131
1404
1403
1394
1259
1261
1258
1232
1232
2204
2194
2195
2202
2195
2197
2189
2198
2189
2134
2136
2135
2122
2131
1402
1402
1404
1400
1401
1394
1393
1261
1261
1260
1241
1226
1226
1393
1167
1168
1182
1179
1179
1175
1176
1176
1131
753
754
753
749
739
168
169
170
475
477
476
477
474
473
466
466
467
82
1162
1169
1184
1184
1180
1128
1131
1128
752
750
754
751
739
173
404
475
533
477
473
465
463
510
1164
1164
1152
1160
1181
1129
1181
1095
751
756
738
742
417
172
172
404
533
533
474
464
509
508
1148
1156
1151
1155
1105
1096
1094
1092
740
744
743
742
173
413
414
531
180
534
502
502
503
509
508
1147
1148
1148
1150
1155
1107
1108
1098
1098
1091
1093
1093
996
740
744
390
386
180
531
531
501
504
512
512
506
943
1149
944
941
1108
1108
1106
1012
998
645
646
388
387
386
188
395
316
537
536
535
553
507
513
944
941
942
935
932
1010
1012
1009
999
646
326
330
321
323
315
538
536
572
572
563
952
953
955
930
936
936
919
625
622
621
326
343
306
307
321
555
559
557
559
563
564
954
923
924
921
920
1032
625
627
629
621
342
335
343
307
308
320
555
557
556
560
951
2346
922
923
921
2360
920
2052
624
627
630
335
337
336
338
342
336
308
1815
1573
562
1588
567
2349
2343
2345
2336
2335
2051
2054
630
2032
1982
1982
338
1809
1809
1574
1337
1587
2350
2349
2351
2348
2336
2334
2047
2053
2031
1979
1981
1983
1982
1482
1810
1486
1328
1575
1576
1576
1571
1337
1327
1336
1368
2348
2370
2353
2049
2027
2028
1984
1981
1517
1800
1481
1462
1487
1358
1367
1368
2351
2370
2164
2368
2352
2049
2049
2027
1985
2029
2105
1985
1966
1516
1466
1465
1360
1376
2214
2214
2163
2116
2115
2105
1968
1389
1390
1463
1383
1385
1358
1357
1373
1375
2217
2216
2209
2164
2169
2162
2114
2115
2103
2107
2108
2105
2110
1389
1390
1382
1384
1385
1385
1361
1361
1245
1359
1238
2200
2215
2200
2180
2182
2180
2168
2117
2118
2121
2123
2109
2111
1399
1389
1386
1244
1251
1250
1244
1239
1239
1245
2201
2202
2196
2183
2181
2132
2131
2125
2130
2130
1403
1399
1398
1387
1395
1392
1250
1260
1258
1242
1238
1242
2202
2202
2198
2197
2198
2190
2136
2133
2136
2126
2131
2131
1401
1404
1400
1394
1394
1261
1257
1258
1242
1240
2134
1170
749
1167
1174
1171
1175
815
1130
713
752
745
746
748
739
168
171
169
127
126
126
79
81
83
82
84
1169
1173
1174
1172
1174
1171
1131
1131
713
750
748
756
162
171
125
177
124
132
463
78
93
92
84
1165
1164
1164
1159
1172
712
761
761
755
740
162
175
174
176
123
178
130
132
131
93
510
92
1156
1160
1160
1160
1158
1158
1096
1090
761
761
189
174
179
123
132
511
945
938
1157
1108
1104
1103
1093
1092
640
642
744
188
179
190
180
303
531
515
512
514
515
945
937
945
940
1150
1107
1103
1090
634
1009
641
634
641
645
269
304
304
304
302
538
70
571
515
944
945
940
931
1101
1102
1009
649
649
270
280
279
554
70
554
570
955
955
954
950
927
928
928
624
625
622
342
341
343
267
280
555
557
572
572
569
570
569
955
953
950
929
921
919
625
626
628
340
343
306
276
255
557
568
569
569
2346
2342
2332
922
2344
2359
2360
847
1915
627
629
630
630
340
334
339
1815
277
1812
1580
1579
1593
1595
1594
1587
2342
2346
2344
2345
2357
2360
2360
2359
2051
2050
1913
1986
1980
1980
340
1982
1813
1815
1815
1576
1573
1595
1578
1595
1589
1588
2347
2343
2354
2357
1912
1914
1986
1799
1810
1814
1574
1810
1573
1600
2348
2348
2369
2369
2352
2353
2046
1917
1987
1988
1984
1983
1805
1804
1808
1800
1576
1568
1569
1571
1570
1571
1600
1374
2365
2364
2365
2370
2370
2116
2048
1916
1988
1968
1805
1802
1803
1802
1569
1569
1571
1376
1375
1374
2363
2157
2164
2167
2169
1897
2115
1898
2104
1963
1960
1959
1967
1967
1712
1704
1705
1379
1610
1360
1372
1373
2157
2161
2169
2168
2114
2169
1905
2115
2106
2109
2110
1962
1968
1715
1715
1377
1383
1380
1380
1251
1360
1235
2159
2215
2162
2133
2132
2111
2110
2111
1399
1388
1381
1378
1250
1248
1251
1246
1235
2158
2160
2183
2200
2182
2124
1877
2131
2128
1399
1412
1392
1254
1247
1247
1242
1237
2201
2148
2198
2174
2170
2171
2171
1910
2124
2126
2128
2127
1396
1397
1411
1407
1395
1407
1392
1255
1258
1253
1241
1233
2148
2125
1240
747
164
1166
1166
1170
815
815
714
714
746
715
749
749
747
755
167
166
170
127
117
119
79
83
77
81
84
1163
1173
1174
813
815
714
712
745
759
759
757
758
165
163
162
163
126
177
126
78
84
1163
1165
817
813
803
763
764
764
759
156
154
162
175
176
124
131
130
128
132
87
94
94
830
828
1159
806
804
804
632
762
762
764
736
153
182
189
190
180
178
63
129
88
88
89
89
94
937
1157
1157
1104
1099
1100
1100
1091
631
631
640
644
643
190
186
182
65
64
515
514
38
938
939
940
1099
1103
1102
1103
633
639
644
649
644
190
297
305
302
305
67
66
69
73
73
513
947
947
940
931
853
1101
851
856
636
638
648
270
269
305
305
303
68
252
75
70
572
39
947
949
950
930
931
842
848
846
623
649
268
280
279
280
256
70
29
950
950
929
927
848
849
624
618
615
273
273
274
278
278
276
256
31
29
2330
2328
2356
2358
849
849
847
620
627
628
615
614
340
275
277
1812
1583
1580
1579
1595
1581
1590
2332
2313
2357
2358
1912
1914
1976
1979
1977
1799
1813
1814
1582
1577
1581
1595
1592
2326
2311
2354
2355
1916
1917
1915
1987
1978
1978
1974
1975
1798
1797
1800
1814
1575
1578
1586
1598
1597
1599
1589
2326
2367
2364
2368
2366
2355
2300
1919
1920
1988
1956
1805
1804
1802
1806
1568
1599
1600
1600
2365
2366
2355
1901
1898
1918
1988
1959
1964
1966
1805
1808
1703
1807
1614
1619
1614
1619
1376
1619
2362
2364
2157
2155
2153
2166
2165
1900
1960
1962
1963
1968
1711
1964
1712
1705
1702
1703
1703
1612
1613
1610
1614
1607
1619
2160
2159
2152
2167
1897
1903
1905
1962
1714
1715
1715
1704
1611
1611
1246
1615
1372
2160
2160
2155
2162
2178
1906
1906
1903
1906
1885
1887
1965
1714
1414
1413
1377
1379
1756
1251
1246
1236
1616
2147
2146
2146
2174
2173
1908
2176
1909
1908
1903
1877
1880
1880
1397
1413
1411
1408
1414
1406
1378
1249
1248
1237
1237
2149
2150
2174
2174
2170
1910
1911
1910
1909
1876
1877
2128
1882
2128
1882
1396
1411
1414
1409
1408
1408
1256
1255
1256
1253
1253
1234
1234
1233
1236
1237
167
76
789
821
820
814
812
816
714
712
710
704
704
758
166
164
116
117
116
120
119
121
79
76
80
108
80
820
821
818
816
711
707
709
759
757
706
155
166
165
159
117
121
114
122
121
85
90
91
828
818
819
813
817
803
708
709
764
153
155
156
161
161
182
160
183
115
121
86
90
91
829
826
830
806
805
811
806
809
708
763
736
154
160
185
129
128
58
65
88
88
94
830
825
830
823
806
827
811
811
810
632
634
644
187
187
186
185
184
184
63
65
60
41
41
824
825
852
895
827
854
851
855
857
634
638
638
637
643
647
293
297
302
66
65
74
75
40
39
38
891
892
854
851
854
855
636
617
635
639
649
268
267
294
300
281
253
296
67
75
74
28
28
892
889
948
893
856
841
846
616
618
613
271
282
284
285
256
254
254
253
72
32
32
34
34
888
949
844
848
620
619
615
620
615
275
275
283
285
249
256
255
251
250
31
31
33
35
2332
2331
2312
843
843
845
614
613
275
274
277
1580
1580
1594
1595
1592
2332
2331
2324
2332
2312
2313
2298
1913
1930
1930
1928
1928
1978
1827
1975
1832
1826
1812
1582
1583
1584
1579
1604
1597
1590
2324
2327
2325
2326
2311
2303
2296
2298
1920
1929
1976
1977
1974
1830
1798
1821
1819
1585
1586
1605
1603
1597
1602
2325
2326
2302
2303
2303
2296
1920
1920
1972
1955
1956
1804
1827
1797
1807
1820
1806
1585
1605
1605
1598
1603
1599
2361
2363
2362
2361
2367
2301
2301
1901
1918
1953
1955
1958
1958
1957
1958
1957
1816
1803
1717
1706
1613
1622
1623
2401
2400
2153
2165
2424
2300
1899
1901
1901
1962
1953
1958
1717
1716
1720
1710
1709
1703
1707
1613
1614
1606
1606
1624
1624
2154
2155
2152
2166
1899
1895
1895
1894
1892
1892
1886
1965
1713
1720
1709
1702
1609
1608
1616
1616
1615
2156
2154
2155
2142
2152
2177
2179
1904
1906
1905
1888
1887
1887
1887
1725
1713
1718
1757
1655
1656
1653
1608
1647
2158
2147
2143
2144
2175
2179
2178
1908
1877
1875
1885
1881
1410
1727
1413
1406
1756
1256
1654
1653
1647
1646
2149
2150
2149
2145
2172
2176
1910
1911
1874
1874
1882
1882
1411
1414
1409
1409
1255
1406
1256
1755
1654
1649
1647
792
790
786
792
787
715
721
722
706
705
166
214
219
114
118
118
77
107
108
789
789
821
820
814
724
723
716
722
710
706
706
161
159
221
136
120
122
85
108
106
832
837
821
808
808
718
707
717
717
703
158
157
161
191
115
136
86
99
106
103
829
807
660
663
662
157
158
196
185
183
51
62
59
100
43
43
41
104
825
823
825
826
838
811
810
659
659
667
197
196
196
185
192
64
61
61
58
60
41
824
823
853
852
857
858
660
638
668
187
667
295
295
300
298
297
71
25
41
891
892
897
895
854
858
859
636
870
636
637
647
292
293
295
299
300
282
266
252
72
75
24
24
892
891
894
896
842
859
841
616
617
292
281
285
251
262
72
250
8
34
32
34
888
889
894
893
844
873
869
845
875
681
682
284
283
251
32
30
37
36
2329
2329
2328
2306
2310
2297
874
874
620
680
1831
271
1832
249
1554
1540
1592
37
1539
35
2331
2306
2312
2307
2297
1930
1924
1970
1969
1833
1835
1832
1825
1557
1586
1539
1543
2324
2305
2312
2303
2296
2298
1930
1926
1969
1973
1973
1830
1826
1823
1822
1585
1552
1605
1604
1601
1543
2327
2305
2419
2302
2436
1927
1927
1972
1973
1955
1829
1818
1820
1820
1819
1552
1551
1626
1601
1602
2404
2406
2423
1919
1951
1951
1817
1717
1820
1818
1707
1642
1622
1626
1620
2403
2406
2423
2424
1900
1896
1947
1896
1953
1719
1719
1708
1709
1706
1710
1640
1643
1607
1623
1624
2401
2402
2400
2400
2179
1894
1896
1891
1890
1961
1720
1720
1701
1709
1643
1609
1623
1645
1644
2386
2143
2383
2179
2179
1843
1894
1895
1891
1884
1886
1884
1726
1729
1729
1718
1758
1701
1758
1656
1657
1644
1645
2145
2386
2142
2144
2383
2179
2175
1904
1844
1844
1889
1889
1883
1883
1884
1727
1728
1752
1752
1753
1758
1755
1758
1655
1660
1656
1648
1648
1647
2150
2386
2387
2381
2172
1842
1839
1875
1879
1878
1724
1724
1723
1723
1753
1757
1754
1755
1661
1649
1650
1878
214
801
792
792
787
785
784
771
725
724
721
694
705
215
216
220
220
219
223
135
140
133
110
108
113
113
792
786
768
765
724
719
723
716
702
706
706
217
223
222
134
134
110
105
107
796
796
836
768
837
766
767
718
720
702
703
215
223
222
194
137
137
100
105
105
104
835
832
832
839
840
808
719
780
661
663
663
663
665
665
199
194
193
194
192
191
51
137
50
99
58
103
101
834
835
833
840
907
661
662
666
665
198
199
198
195
51
62
46
59
60
20
43
42
20
879
915
912
906
858
668
652
668
668
197
295
287
196
289
298
263
52
59
5
23
27
897
880
897
910
911
912
858
687
686
291
292
294
300
265
266
263
263
53
71
7
27
24
890
897
896
873
872
871
870
870
687
685
686
292
290
272
266
230
265
260
8
8
7
24
37
2309
2310
877
873
876
679
678
681
683
681
271
264
264
261
261
6
1
37
2317
2310
2307
878
877
878
875
1922
678
1921
681
1828
682
680
1835
1834
1835
258
1824
259
1555
1553
1553
1540
1541
36
2317
2307
2298
878
1925
1924
1970
1834
1835
1833
1825
1557
1554
1556
1534
1542
2315
2308
2308
2305
2419
2434
2435
2437
2437
1923
1926
1925
1925
1925
1971
1828
1769
1825
1825
1824
1552
1549
1545
1548
1543
2315
2404
2419
2422
2433
2421
2436
1923
1973
1971
1830
1830
1817
1821
1823
1822
1552
1550
1544
1547
1548
2404
2408
2422
2421
1949
1949
1948
1940
1950
1816
1640
1641
1626
1621
1621
1627
2408
2401
2403
2407
2408
2407
2425
1848
1849
1948
1863
1947
1862
1940
1951
1951
1717
1695
1696
1696
1699
1684
1643
1642
1642
1620
2403
2402
2398
2398
1849
1849
1862
1863
1862
1891
1856
1736
1739
1696
1700
1701
1686
1643
1628
1676
1674
2378
2403
2394
2384
2384
1843
1888
1861
1891
1725
1738
1738
1728
1699
1751
1698
1701
1686
1659
1658
1656
1665
1677
1677
2389
2389
2383
2382
2384
1844
1844
1873
1729
1724
1747
1750
1752
1753
1658
1660
1657
1652
1651
1675
2377
2388
2387
2387
2380
1836
1842
1838
1839
1872
1879
1722
1724
1748
1753
1750
1662
1662
1662
1661
1652
1652
1650
2380
785
225
791
791
785
784
773
725
694
696
693
693
218
218
218
228
225
142
140
151
111
112
113
801
791
802
798
766
768
781
724
720
696
695
700
218
226
227
226
135
135
133
102
110
113
797
799
836
776
768
779
720
689
719
695
695
701
228
223
201
139
137
136
103
97
833
839
776
651
653
651
653
665
205
194
203
48
102
45
103
97
834
834
840
840
810
907
903
652
653
667
199
198
202
202
51
22
881
911
917
912
907
905
907
654
286
286
289
245
53
53
45
26
25
22
882
881
909
911
910
872
906
868
868
687
686
289
247
262
52
4
4
26
27
879
880
909
864
867
684
684
677
288
288
289
240
247
266
231
236
6
8
3
11
12
10
10
882
2322
2320
873
871
683
679
675
673
677
290
229
229
257
260
261
3
13
12
2316
2320
2319
878
876
676
1772
1771
1765
258
261
1
1537
13
1537
2316
2307
2447
2446
2446
1921
1922
1772
1771
1772
1769
1768
1769
1767
1557
1535
1555
1535
1534
1543
1541
2315
2417
2415
2434
2435
2438
1935
1924
1777
1774
1769
1767
1767
1557
1550
1545
1548
1546
2413
2416
2422
2434
2420
2437
1946
1946
1946
1941
1773
1784
1786
1783
1782
1565
1550
1549
1544
1548
1546
1547
2413
2416
2422
2437
1847
1949
1949
1948
1942
1793
1794
1785
1694
1565
1640
1641
1633
2405
2408
2398
2397
2425
1847
1849
1845
1860
1943
1940
1944
1736
1736
1795
1692
1696
1692
1684
1640
1636
1637
1628
1628
1628
1627
2391
2393
2398
2426
1848
1859
1862
1857
1738
1736
1739
1695
1698
1693
1665
1666
1673
1677
1674
2396
2389
2390
2395
1841
1854
1854
1840
1859
1861
1856
1726
1737
1698
1746
1686
1686
1666
1675
1677
1676
2386
2389
2384
2374
1840
1841
1871
1873
1733
1737
1734
1729
1747
1749
1659
1671
1652
1680
1678
2377
2388
2381
1837
1836
1838
1869
1873
1872
1873
1872
1731
1722
1745
1750
1741
1740
1672
1672
1651
1679
1748
773
802
785
212
216
217
212
225
225
144
141
142
152
152
112
112
801
770
772
773
783
691
692
693
213
210
138
142
143
147
96
95
802
799
765
777
779
783
689
699
700
211
200
145
147
146
96
795
795
797
797
777
780
651
653
698
699
206
200
47
102
98
794
834
915
902
774
904
658
655
701
206
203
49
204
49
55
46
22
883
884
917
901
905
904
656
657
654
246
56
56
56
5
27
886
887
917
909
908
900
867
868
669
866
670
287
247
247
245
2
9
10
887
885
865
868
863
672
241
230
232
237
235
11
887
909
863
865
676
676
675
242
232
236
236
1
13
12
2322
2322
2447
2446
2443
1939
1937
676
242
242
1761
231
233
1562
259
1538
15
2316
2316
2319
2447
2439
1939
1939
1777
1772
1770
1766
1765
1766
1560
1538
1537
1531
2414
2409
2439
1935
1932
1776
1777
1761
1767
1563
1564
1562
1536
1530
2412
2414
2417
2417
2416
2428
2429
2430
2432
1789
1773
1774
1786
1762
1783
1565
1566
1533
1532
2412
2411
2420
2430
2432
1934
1946
1943
1793
1791
1786
1796
1786
1782
1567
1566
1633
1632
1633
2393
2397
2427
2431
1943
1793
1791
1796
1785
1692
1638
1635
1637
1637
1632
1631
2393
2397
1846
1860
1858
1858
1792
1794
1692
1698
1685
1638
1664
1681
2378
2376
2394
1853
1845
1868
1867
1857
1856
1734
1738
1746
1690
1667
1666
1682
1682
1681
2373
1854
1853
1873
1867
1865
1734
1745
1747
1747
1688
1669
1666
1669
1670
1682
2379
2372
2374
1837
1869
1733
1731
1745
1743
1743
1740
1672
1672
1670
1679
1870
798
772
773
696
151
149
800
693
142
147
777
777
782
691
138
658
697
208
203
146
98
794
917
903
205
203
48
21
902
208
204
18
22
886
916
900
656
238
237
244
54
9
914
864
865
863
669
671
239
246
236
3
18
2322
885
2444
862
674
235
2319
2444
673
233
1530
15
2321
2442
2439
1938
1770
1763
1764
1764
2417
2429
2429
2438
1939
1932
1777
1760
1567
1567
2409
1779
1762
1781
1781
1564
1567
1558
1532
2427
1931
1943
1796
1558
1631
2427
1934
1934
1796
1779
1689
1629
2390
2426
1866
1795
1693
1685
1637
1673
2391
2373
1850
1867
1792
1734
1691
1634
1667
1682
2379
1868
1865
1744
1688
1669
2374
1864
1743
1668
802
227
139
144
211
775
774
781
47
246
243
55
883
914
657
867
15
863
15
1537
2447
1536
2445
2410
1936
1760
1560
1790
1563
2432
1633
1635
2393
1944
1691
1690
1687
1669
1870
1730
224
150
213
144
793
783
95
210
44
657
902
658
54
914
244
234
3
2443
1937
1775
1533
2428
2432
1558
1566
2392
1790
1781
1846
1788
1664
1933
1732
1732
1851
1865
1734
1691
1671
1678
770
141
691
201
145
147
793
208
655
44
901
243
17
887
861
672
670
241
674
1938
1775
1762
1791
1788
2395
1787
1852
1691
1681
1853
1742
1741
769
691
697
213
150
783
698
774
16
884
899
238
18
234
2321
2321
671
1763
1562
1531
2410
2442
1789
2412
2431
1931
2412
2427
1934
1635
1850
2372
2371
1864
1745
1687
769
690
1305
1305
149
778
778
248
1268
899
207
207
16
861
913
861
2442
18
2442
1759
2442
2441
1759
1561
1936
1559
1780
1781
248
1790
1629
1629
1787
2376
2375
1868
1690
1663
1851
1864
435
959
1305
209
149
149
1268
1268
898
209
898
1335
2333
1335
990
239
1630
2299
403
990
1618
1617
990
1952
2375
1952
989
1304
991
