1232
250
479
479
478
478
278
278
282
266
492
492
286
258
250
266
267
267
267
524
473
475
275
275
256
261
524
472
494
494
494
276
275
183
527
612
607
607
276
277
277
255
255
183
603
606
609
609
276
194
255
596
606
597
610
204
205
205
205
194
174
174
186
185
604
596
599
580
580
204
195
173
185
573
573
604
599
599
580
196
195
177
178
179
185
572
573
1166
736
738
197
763
1164
1167
1166
735
738
739
763
729
1167
1132
1132
733
707
1173
1160
1136
1136
734
734
732
765
702
707
728
1163
1162
1160
1141
767
767
768
703
711
711
709
728
1163
1163
1139
1141
681
679
679
668
768
710
710
635
1161
1161
1137
670
637
1197
1197
1113
682
678
651
651
651
638
643
643
643
1211
1211
1114
1114
1106
674
643
1210
1115
1115
1112
1112
1106
673
673
683
684
652
652
653
639
532
533
533
533
533
530
476
480
480
480
480
478
485
486
486
279
278
282
250
251
251
251
251
264
264
266
265
533
533
473
479
473
474
480
492
486
286
278
282
281
282
281
251
258
266
268
268
267
533
526
526
524
473
474
472
494
494
493
493
286
287
283
283
284
275
258
258
268
261
261
267
259
527
527
525
525
474
472
472
494
493
271
284
276
276
274
256
257
255
261
183
527
528
527
525
525
611
612
612
607
609
609
271
609
272
273
254
255
182
182
183
565
564
612
612
605
607
607
607
609
207
272
207
272
206
276
277
255
174
186
186
183
184
184
565
565
558
605
603
603
606
610
610
204
205
207
206
195
194
195
174
173
174
185
186
185
565
558
558
605
596
596
597
578
578
204
204
205
203
195
177
177
173
191
191
190
572
572
573
604
604
600
599
600
597
580
580
202
202
203
196
196
198
178
177
181
181
191
191
190
188
572
572
600
600
736
580
735
738
737
739
763
196
178
178
178
179
179
727
190
190
729
1171
1171
1167
1167
1168
1167
1132
1125
1125
736
736
735
738
738
739
761
763
763
763
762
708
766
762
708
727
729
729
1171
1172
1164
1164
1168
1134
1132
733
734
734
732
740
761
761
764
766
766
708
766
726
730
730
730
1173
1164
1172
1168
1136
1143
1143
734
731
732
767
768
765
765
708
711
707
711
728
728
1162
1160
1135
1135
1143
1141
731
731
732
732
662
768
769
765
703
710
711
710
709
1162
1162
1163
1159
1159
1139
1135
1138
1137
1141
681
680
662
668
768
703
703
711
1161
1163
1163
1197
1139
1139
1137
681
681
682
679
678
679
668
672
672
651
638
637
638
643
641
641
1209
1209
1209
1209
1197
1114
1113
1108
1108
682
674
678
682
670
678
670
672
672
638
642
642
1211
1210
1207
1207
1197
1114
1113
1107
673
674
674
683
670
684
647
652
652
653
653
643
640
1211
1210
1207
1207
1208
1115
1114
1112
1112
1106
1107
674
683
684
647
653
653
640
639
640
640
640
1210
476
252
532
532
529
476
479
480
468
485
485
481
486
481
279
279
281
280
253
252
264
266
264
265
532
531
531
531
530
475
476
475
480
480
465
478
465
491
488
286
279
283
281
251
253
257
268
268
268
260
531
521
530
475
475
474
465
492
491
287
287
287
287
287
283
284
281
274
257
257
263
259
260
528
526
521
521
526
525
471
490
493
271
272
284
274
256
254
262
263
263
259
259
528
528
528
525
611
521
613
615
615
614
608
608
272
272
270
277
273
254
254
263
182
183
564
559
611
613
615
615
615
610
608
207
206
192
175
175
186
184
566
566
605
615
579
578
210
207
193
193
193
192
176
173
189
565
566
566
558
605
602
605
602
598
597
579
202
201
203
194
192
200
181
181
176
180
189
191
191
188
574
573
575
601
600
598
597
598
579
578
577
202
201
201
203
199
199
200
200
180
179
191
187
575
1166
600
1129
736
577
737
739
197
198
761
198
180
727
190
719
1170
1170
1168
1168
1125
1129
1129
735
737
739
741
764
764
764
756
697
697
697
727
727
729
1173
1171
1170
1165
1168
1134
1134
733
733
742
760
760
762
762
766
708
708
726
730
730
1173
1173
1172
1172
1160
1165
1160
1157
1134
1144
1143
744
744
761
769
769
702
703
705
704
726
722
1173
1158
1159
1135
1144
1140
731
744
767
769
769
769
703
704
709
728
1158
1138
1138
1143
1140
1142
1140
1153
680
661
669
669
705
705
710
636
709
1158
1202
1155
1161
1159
1138
1137
1142
1141
1140
682
681
680
661
675
661
668
672
637
638
636
635
641
1202
1202
1209
1199
1198
1198
1113
1108
1110
1108
682
677
675
671
671
651
638
635
642
641
641
1205
1210
1198
1112
1106
1107
676
685
685
686
672
686
645
645
650
649
642
1211
1205
1205
1205
1208
1208
1208
1208
1115
1115
1115
1111
1111
1107
673
676
683
686
684
684
647
647
647
648
653
650
650
639
639
648
650
650
529
477
252
532
537
529
538
529
477
477
469
468
488
468
485
481
482
482
279
280
280
253
252
243
243
243
244
244
244
265
536
534
477
535
470
468
491
488
488
482
482
482
296
281
253
234
244
260
520
520
530
523
535
471
475
465
464
491
489
285
286
285
284
274
257
234
257
231
262
242
262
260
520
522
523
522
522
471
465
464
464
490
490
285
269
269
274
273
304
232
231
263
260
259
528
522
560
613
614
614
608
498
271
270
269
273
232
263
156
235
162
564
561
560
611
613
614
582
608
208
209
270
270
301
301
193
301
175
156
155
160
184
564
562
559
561
561
561
602
586
589
581
582
582
209
206
209
192
175
176
155
188
562
566
562
558
602
595
581
582
577
201
584
208
199
199
200
193
176
176
189
187
187
188
574
575
575
601
601
595
598
579
583
577
585
201
201
199
200
180
180
179
187
188
576
574
575
601
575
1128
1128
1129
737
737
741
197
197
221
198
756
698
180
717
720
719
719
1170
1170
1165
1125
1128
1149
1149
742
740
741
741
753
755
756
756
698
698
723
720
720
719
1169
1169
1165
1165
1134
1151
742
742
740
741
760
754
753
755
750
698
698
723
723
725
718
1169
1169
1133
1130
1144
1150
1151
1151
742
744
743
743
760
754
752
752
706
704
725
725
722
1155
1157
1157
1138
1133
1144
1150
1153
744
662
752
752
706
705
704
722
722
1155
1156
1158
1158
1158
1142
1144
1153
1153
1154
662
655
658
669
669
706
706
705
636
632
632
1156
1156
1199
1199
1200
1199
1138
1083
1083
1101
1108
1101
675
661
661
666
636
644
633
1204
1201
1200
1198
1198
1195
1110
677
677
677
677
661
667
671
644
644
649
635
1206
1204
1204
1201
1196
1110
1110
1109
676
676
691
685
686
687
671
645
650
644
642
616
1205
1206
1206
1193
1196
1111
1109
1109
1107
676
685
686
689
687
648
648
645
648
646
646
617
617
617
616
1111
617
538
537
537
534
507
477
469
470
470
487
489
481
484
484
484
296
280
289
288
246
246
243
242
244
240
537
537
534
535
534
463
470
487
488
489
489
489
483
482
297
297
297
288
288
234
243
242
241
520
536
535
502
463
463
462
462
491
489
295
285
295
304
295
297
303
234
233
231
242
241
241
519
519
519
522
503
463
491
498
293
299
304
300
234
232
235
236
236
548
548
523
560
522
555
587
462
464
496
498
497
498
269
300
302
302
302
303
302
232
231
156
162
162
162
563
548
561
549
555
560
587
589
589
589
582
499
208
299
209
301
302
226
303
157
156
155
155
160
162
563
563
561
586
555
587
588
588
582
210
210
210
209
227
197
226
224
157
154
157
154
160
562
559
602
586
595
595
584
210
224
225
224
154
154
158
576
570
571
569
593
595
595
583
584
585
213
213
222
222
225
224
169
168
163
164
164
576
576
571
601
1126
1128
594
583
585
585
219
221
221
225
223
757
699
168
700
168
168
164
719
1186
1186
1187
1126
1126
1128
1128
1149
1149
741
748
748
755
758
755
757
699
698
717
701
720
718
1188
1186
1191
1133
1131
1131
1131
1149
1151
1149
748
753
753
694
701
701
723
724
720
725
718
1192
1192
1192
1191
1133
1131
1130
1131
1131
1130
1151
743
746
754
754
754
702
694
724
725
721
714
725
1188
1191
1192
1190
1130
1144
1151
1154
1152
1154
743
655
743
658
658
750
706
694
724
695
721
721
722
1156
1190
1200
1154
1154
655
660
659
669
658
667
666
695
695
630
632
632
634
1156
1156
1215
1201
1200
1083
1083
1101
1102
1102
655
655
660
660
660
667
667
666
666
630
633
634
633
1216
1204
1201
1201
1195
1086
1083
1101
1101
677
675
660
663
664
666
630
630
623
633
633
633
1203
1206
1193
1196
1195
1085
1109
1109
1109
692
691
692
689
689
664
645
621
617
623
616
1203
1206
1206
1194
1194
1194
1091
1091
1099
1099
1099
691
691
687
687
648
646
621
617
618
1194
507
240
538
538
511
507
508
508
469
467
467
467
467
487
399
400
484
483
483
296
289
289
246
249
249
249
248
248
240
536
538
511
508
508
470
466
466
467
483
296
297
297
289
289
288
246
246
248
241
241
536
517
518
502
502
463
470
462
495
466
487
489
296
294
304
233
233
234
233
235
236
519
517
523
517
503
503
502
503
500
500
462
496
495
495
499
498
293
300
304
307
239
239
238
235
552
548
549
553
503
557
590
499
499
299
299
306
302
306
239
239
238
161
162
549
555
556
587
590
590
497
497
499
298
215
298
300
301
305
303
229
157
159
154
563
549
544
556
588
588
581
210
215
215
211
226
230
230
230
230
229
154
158
160
161
563
544
569
569
586
595
588
592
584
584
214
214
213
222
227
230
169
171
171
163
164
158
165
574
570
571
571
568
594
584
213
216
223
225
225
225
169
169
170
163
164
570
1187
571
568
1127
594
1127
583
219
219
221
759
223
757
757
700
164
716
1186
1187
1187
1126
1116
1127
1148
1148
1148
220
748
759
758
759
699
700
700
701
700
717
720
718
1186
1185
1187
1185
1121
1126
1120
1120
1124
1127
1124
1147
1147
748
748
754
758
751
699
701
716
716
1192
1192
1191
1121
1121
1124
1152
1152
746
745
750
750
694
694
693
724
715
715
715
714
1188
1180
1121
1122
1150
1146
1154
1152
654
654
659
659
751
696
721
714
714
1189
1189
1190
1190
1231
1122
1122
1082
1102
1146
657
654
657
665
696
696
626
631
631
631
1189
1216
1215
1229
1229
1230
1231
1086
1082
1085
1082
1082
1102
1102
656
656
665
665
666
625
625
631
634
1216
1216
1216
1229
1222
1230
1086
1085
1081
1103
692
656
690
664
663
664
625
625
623
634
1203
1214
1222
1223
1195
1091
1091
1085
1085
1100
1089
1100
692
689
664
620
620
621
624
623
1203
1223
1203
1212
1193
1223
1194
1194
1196
1091
1090
1090
1089
1099
692
691
692
689
688
688
687
620
620
621
619
618
619
688
510
510
511
507
507
508
508
504
505
394
394
399
400
400
290
291
290
291
245
245
245
248
249
248
248
240
73
516
516
513
506
506
505
466
505
395
395
395
399
400
294
291
292
292
245
247
247
76
76
516
518
517
518
506
500
506
495
395
457
457
457
293
294
294
292
307
237
247
247
236
76
552
517
517
502
501
500
496
448
458
458
458
293
294
305
307
306
307
237
237
237
238
236
48
552
553
553
553
557
557
501
501
496
448
447
496
499
458
452
298
300
305
306
306
238
238
48
48
161
551
549
551
556
556
557
590
427
589
452
452
215
211
211
298
305
230
228
239
159
159
161
49
543
544
544
556
587
590
592
441
432
432
215
215
227
226
230
229
159
159
167
158
544
547
544
541
541
542
593
440
441
432
214
212
214
227
227
229
171
171
171
165
167
547
571
567
568
568
594
440
440
440
440
218
219
218
217
223
228
170
172
172
165
570
1183
567
567
568
1116
594
1117
439
439
437
219
219
216
220
218
217
216
759
895
170
874
165
1183
1183
1185
1118
1118
1117
1117
437
1148
749
749
220
747
759
895
716
872
1185
1185
1179
1179
1178
1120
1116
1117
1148
1069
749
1069
747
758
759
757
699
895
903
903
902
717
715
713
715
1179
1181
1121
1124
1124
1147
1145
749
745
745
751
751
693
693
713
715
1188
1182
1180
1181
1180
1123
1123
1146
1145
1145
1145
1145
654
745
696
693
628
712
1189
1189
1231
1122
1122
1146
657
657
659
751
787
665
696
695
629
629
1214
1215
1229
1231
1231
1230
1084
1084
1079
1078
1078
1104
1104
657
772
663
664
785
626
626
626
625
628
627
1214
1215
1213
1229
1230
1225
1230
1086
1086
1078
1081
1103
1103
773
656
779
625
830
830
622
627
624
628
1213
1212
1226
1225
1222
1086
1100
1089
1100
1097
692
773
773
779
779
780
830
620
622
624
624
624
1212
1212
1223
1223
1225
1196
1090
1096
1090
1089
1089
1100
690
690
688
779
780
780
829
621
619
619
1094
513
403
509
513
513
504
398
504
398
394
399
403
402
401
290
290
291
291
43
43
42
72
75
73
73
510
512
512
513
512
504
505
505
397
395
400
401
13
11
292
11
38
40
75
40
75
76
73
516
518
515
515
512
451
451
459
461
460
12
12
16
11
292
38
39
39
40
75
76
74
515
514
515
514
501
514
501
451
450
460
17
18
16
38
41
47
552
550
554
557
431
431
448
448
453
453
458
149
16
138
137
138
306
48
48
49
49
551
551
551
554
554
557
431
448
427
447
453
447
453
452
149
136
138
136
137
229
135
51
49
543
551
541
541
429
429
427
432
432
149
153
136
228
139
171
167
547
547
546
541
539
542
428
425
441
441
212
211
212
151
152
172
172
167
166
166
166
166
546
547
547
539
568
593
439
440
438
217
212
217
144
144
170
165
166
166
1184
1184
1184
567
1184
1119
1119
424
1075
439
438
438
437
218
220
217
886
144
887
896
896
874
874
874
872
1179
1184
1178
1184
1118
1119
1119
1119
1116
1117
1077
1072
1069
1069
217
747
885
888
886
895
895
873
897
873
872
873
1176
1179
1181
1118
1076
1077
1069
885
886
886
894
890
897
871
1176
1179
1182
1182
1181
1121
1123
1077
1074
1074
1057
1068
747
893
890
889
903
900
903
902
903
902
871
713
1177
1177
1177
1182
1182
1123
1123
1076
1074
1057
891
891
891
890
890
899
902
712
712
713
1177
1177
1180
1228
1228
1027
1084
1027
1146
1023
1073
1104
1104
771
771
787
786
785
901
629
629
629
1177
1227
1228
1228
1084
1228
1079
1079
1079
1079
1105
1105
1105
772
771
788
787
787
785
827
628
629
1217
1214
1225
1095
1088
1103
1105
1105
773
772
787
784
830
830
831
827
627
1213
1220
1226
1213
1226
1088
1088
1097
1098
773
782
782
831
831
829
624
837
1213
1221
1226
1226
1224
1096
1093
1094
1090
1087
1098
1097
775
775
774
783
780
783
780
829
829
838
622
837
1221
1087
619
402
1
509
509
513
344
398
398
397
396
396
403
402
403
402
1
13
2
2
43
42
42
72
68
72
73
510
509
512
344
398
397
396
395
403
401
457
401
10
12
13
13
43
11
43
75
73
515
510
341
341
449
451
459
459
461
17
18
12
12
12
39
39
39
39
41
40
74
74
322
309
514
308
449
449
450
459
450
461
460
460
18
18
18
16
4
135
41
41
54
47
47
47
550
554
554
313
313
431
430
448
450
450
450
456
460
150
150
138
134
135
51
49
50
550
543
550
430
431
430
431
444
444
456
455
456
150
150
138
137
138
135
134
139
108
51
50
545
545
542
542
316
429
429
428
427
433
453
151
153
136
140
139
143
141
109
109
51
50
546
545
546
541
539
428
423
425
425
433
151
153
153
152
143
109
107
545
540
540
539
423
424
424
434
436
151
148
148
144
145
145
143
111
113
982
982
983
993
423
424
424
438
438
438
436
435
435
148
145
888
887
896
897
874
896
872
981
982
993
1075
1075
1070
1072
1071
1071
885
886
888
894
898
897
873
873
986
986
997
997
1077
1077
1077
1074
1072
1071
1068
1068
892
892
893
888
894
898
898
870
870
871
871
986
1178
989
1181
997
1076
996
1076
1074
1074
1057
892
893
893
889
899
882
883
871
1176
1182
996
1027
1027
1073
1073
1056
1056
1056
893
890
891
899
901
883
884
882
712
883
1174
1175
1175
1175
1175
932
931
1028
1021
1021
1056
1056
771
1055
771
786
786
788
786
901
899
785
901
844
884
1218
1218
1227
1227
1028
1025
1025
1035
770
770
770
788
828
828
827
842
627
1217
1218
1219
1227
1095
1025
1095
1078
1025
1023
1036
1034
772
777
782
788
785
784
831
827
843
843
1221
1220
1220
1226
1224
1096
1096
1096
1095
1088
1036
1097
1034
775
775
777
783
777
781
784
831
831
837
843
1221
1221
1224
1224
1093
1096
1094
1094
1087
1088
1088
1098
1032
1098
1032
774
775
778
783
783
783
832
833
832
838
833
837
838
837
838
837
1
68
327
345
345
344
344
398
397
396
392
392
392
402
1
1
2
45
45
45
46
46
42
68
68
70
71
345
345
342
342
386
387
387
391
10
393
10
10
9
3
2
46
45
46
44
69
74
69
343
343
342
342
342
341
449
387
461
15
15
9
15
9
18
9
4
4
45
54
74
69
322
309
323
309
341
308
313
310
449
442
460
15
14
18
4
41
54
134
56
52
52
322
326
322
326
308
313
313
312
442
442
444
456
17
150
14
131
131
131
134
89
54
52
50
326
326
315
314
314
316
313
430
312
444
444
445
455
456
455
150
140
140
139
134
108
108
50
107
50
324
324
316
316
316
428
445
426
426
433
433
151
151
125
130
153
141
140
139
85
109
107
107
350
351
540
351
428
355
357
426
434
436
147
153
146
146
142
142
143
141
84
109
111
114
114
350
540
351
423
425
434
434
436
436
148
147
147
145
142
142
142
83
83
111
111
114
113
982
981
983
351
355
367
436
435
148
148
145
896
897
869
866
869
981
982
987
981
983
993
994
1075
1062
1070
1070
1070
1071
1044
1068
912
912
888
888
887
898
897
867
869
870
987
987
986
986
989
997
993
994
1058
1061
1072
1071
1071
1043
885
912
889
894
867
867
876
870
869
987
986
1000
997
998
998
1058
1073
1059
1053
1054
892
913
893
889
911
900
900
882
876
875
882
875
990
1174
1174
989
996
996
998
1026
1026
1021
1057
1055
1053
1053
1055
1054
904
893
801
900
899
881
883
1174
954
956
932
932
932
931
1028
1028
1056
1021
1055
801
801
801
802
908
899
908
908
882
884
884
884
845
1218
956
956
931
1028
1026
1024
1024
1020
1021
1035
1035
799
800
800
785
828
844
846
842
842
1218
1218
1219
955
1219
1227
942
942
1024
1024
1036
1036
1037
1037
1034
770
788
805
828
828
844
844
843
1217
1220
953
1219
1093
1092
1092
1022
1023
1031
1036
1032
778
778
777
782
781
832
843
839
839
839
1221
957
1220
952
1093
1093
1094
1022
1022
1031
1032
1032
776
778
778
781
833
781
832
835
836
839
841
327
328
345
345
340
386
385
392
393
391
0
0
3
3
29
44
67
68
71
327
327
343
344
340
386
386
387
385
392
393
393
0
3
3
30
45
44
67
70
71
343
338
339
338
339
388
388
388
388
391
15
8
6
5
31
31
56
56
70
66
323
308
442
416
454
14
14
7
5
5
31
31
55
55
52
53
53
69
326
323
325
309
314
310
310
443
443
454
14
133
132
132
132
134
90
89
55
108
53
326
325
315
315
312
357
443
445
446
455
455
125
133
129
131
131
89
106
53
324
324
325
315
315
359
357
445
365
445
446
433
125
125
129
130
130
152
130
140
84
108
105
106
350
353
354
354
355
357
355
426
426
124
130
146
84
84
85
84
85
114
111
114
350
352
351
354
356
356
365
367
367
379
379
146
121
83
85
110
114
114
984
984
984
984
985
994
368
367
377
377
1044
147
912
142
853
866
869
113
866
113
983
985
983
991
994
1062
1062
1059
1044
1043
1046
912
909
854
867
866
868
988
988
991
999
995
995
1062
1061
1059
1059
1048
1043
913
913
911
909
854
867
876
875
877
990
989
1000
999
998
1061
1058
1048
1053
1054
1054
904
911
911
906
906
863
880
875
878
990
1000
932
1058
1018
1018
1054
801
905
905
907
881
880
880
883
948
954
932
930
930
1028
1019
1021
1018
801
802
802
908
907
908
908
881
846
881
880
948
956
956
954
931
930
1024
1020
1038
1035
799
802
800
806
810
846
846
846
845
955
955
956
940
953
941
942
1024
1037
1037
1038
1035
799
791
791
800
805
806
805
810
836
846
845
958
958
953
953
952
941
952
942
941
941
1022
1033
1037
1033
1037
776
792
789
805
804
803
803
803
836
836
836
840
841
841
957
958
957
952
938
938
1022
1031
1033
1033
776
778
776
789
804
804
804
835
835
840
841
1033
26
332
328
328
328
330
330
340
409
385
385
390
393
0
26
3
27
28
23
29
28
44
67
70
70
71
328
340
339
340
385
409
385
393
389
390
393
27
6
28
29
60
67
66
70
335
335
338
339
338
339
336
409
408
389
389
8
6
30
6
32
30
56
66
66
65
320
319
323
319
311
311
417
417
416
416
416
415
415
415
8
8
7
7
32
5
32
32
31
55
55
66
65
320
320
325
311
363
417
415
454
454
128
128
133
132
90
90
88
55
105
97
64
53
96
325
317
314
362
357
446
413
443
446
128
125
128
133
132
129
87
90
89
105
106
97
353
353
353
358
358
358
359
446
375
126
124
124
130
119
120
87
86
88
89
81
106
106
352
353
353
356
359
359
369
374
375
376
376
124
124
121
119
119
82
82
85
85
105
112
112
984
992
369
366
369
377
378
379
378
379
121
123
122
82
83
81
110
112
984
992
992
368
368
368
369
1066
377
1066
378
1044
379
378
1046
1046
1047
82
910
78
855
853
853
851
868
113
985
985
994
368
1062
1066
1044
1046
1046
912
910
855
853
855
851
868
988
988
991
991
1000
992
995
995
995
1060
1062
1060
1060
1061
1048
1043
1045
909
910
910
854
852
852
878
877
990
990
1000
980
999
999
976
1060
1059
1049
1048
1045
904
913
909
905
906
859
876
879
878
969
970
1000
999
976
1017
1019
1018
1049
904
907
863
879
878
878
879
951
947
948
951
951
951
928
930
924
1017
1019
1019
1019
1018
1013
1013
1014
798
923
798
807
907
864
881
864
822
947
948
951
928
928
937
1009
1009
1009
1020
1013
1014
1014
798
807
806
808
810
822
822
823
948
948
954
929
940
941
1020
1009
1038
1035
1005
799
791
799
806
807
806
809
809
809
810
811
818
823
952
958
953
940
940
939
941
1029
1038
792
792
790
789
804
835
834
821
841
840
818
958
958
959
959
938
939
939
938
1030
1030
1029
1033
792
789
790
804
834
835
834
834
840
840
841
959
330
24
329
329
330
330
406
405
405
405
390
390
26
26
26
27
23
28
29
60
62
62
62
335
329
331
333
337
409
411
409
408
405
405
390
27
27
23
23
30
29
36
57
62
63
335
335
336
336
337
336
408
408
408
421
404
421
19
19
34
35
32
30
66
65
319
318
311
417
416
416
421
421
8
7
34
35
58
58
64
65
320
321
319
311
310
364
413
413
413
420
128
127
133
90
95
97
321
317
317
363
363
363
362
420
126
127
127
87
93
88
88
97
97
96
349
349
346
346
358
359
363
374
374
375
376
126
120
87
86
88
104
104
102
352
354
358
366
374
376
376
383
118
115
119
122
120
120
123
86
81
81
102
103
103
104
104
352
962
962
356
365
375
378
383
383
383
121
122
122
77
82
78
79
103
112
965
964
964
366
368
380
1042
1047
918
77
78
78
848
110
848
965
964
974
974
974
1066
1066
1041
1047
1042
1047
1047
1047
918
855
855
855
851
851
877
868
968
970
979
979
973
973
1065
1067
1051
1052
1045
910
916
854
852
852
877
877
969
970
970
979
980
977
976
1065
1065
1049
1049
1052
923
916
905
914
859
863
852
879
863
879
969
970
980
976
925
1017
1017
1016
1013
1049
922
923
906
859
864
865
861
947
951
949
950
928
925
924
924
1016
1019
1013
1012
1013
1014
1012
922
923
921
921
864
864
865
865
822
865
822
945
950
929
929
925
924
1008
1008
1005
1012
1005
798
807
807
811
811
824
823
823
950
960
946
946
936
936
937
937
937
1008
1005
793
795
807
793
808
808
824
819
818
823
961
961
934
960
935
936
1004
1004
1006
1006
796
792
790
809
809
811
821
818
817
961
961
959
939
939
935
1030
1030
1029
1001
1030
1001
792
796
816
815
816
814
820
820
817
790
406
331
330
25
25
27
25
24
24
36
37
37
36
60
62
62
332
331
329
406
411
404
404
390
25
19
35
37
60
61
63
63
334
333
337
337
411
412
418
421
422
20
20
34
35
57
57
334
334
334
335
318
412
412
414
422
422
7
34
93
58
64
321
321
317
318
318
413
414
420
422
127
21
95
93
95
94
98
96
348
321
317
364
364
364
381
414
420
117
95
94
94
98
96
349
349
346
361
361
364
374
374
381
372
381
126
117
117
92
91
102
104
349
346
373
374
373
384
118
123
123
120
80
104
349
361
366
366
380
384
384
115
123
77
80
79
102
103
963
963
975
975
975
1063
1063
383
115
115
1039
123
77
849
78
850
101
965
965
965
974
973
1067
1067
1042
1042
1047
918
917
918
917
849
848
848
968
968
973
1067
1067
1042
1039
1039
916
915
914
850
850
847
967
968
969
979
980
978
977
977
978
1050
1051
1051
919
1052
914
859
860
858
862
966
966
970
978
977
927
1015
1016
1052
1051
923
922
923
921
859
860
862
861
862
950
949
927
925
1016
1012
1011
1010
922
921
856
856
856
865
861
861
946
950
925
1008
1008
1007
1007
1010
922
794
808
856
824
826
946
946
929
935
937
1004
1004
1008
1007
1006
794
793
813
811
824
825
825
818
961
937
935
1004
1004
1006
795
797
797
797
816
816
821
821
821
819
961
960
934
935
1002
1001
795
795
790
816
816
821
820
820
817
1030
331
407
406
404
60
59
332
404
37
33
337
410
412
419
33
414
418
20
21
57
64
321
360
414
21
93
94
98
364
420
117
98
96
348
347
372
372
118
92
92
91
101
361
361
373
370
381
382
116
117
91
91
100
962
347
975
365
382
80
962
975
384
80
847
101
963
972
971
1064
1039
917
917
917
967
979
971
971
1065
1064
1050
1040
860
860
967
919
1040
919
919
914
860
858
847
978
1015
1015
1052
858
862
949
926
1016
1010
920
920
865
946
927
926
1010
794
812
857
825
945
943
936
1003
1007
797
812
813
825
825
943
1003
1001
797
816
814
960
1003
815
819
331
19
36
61
20
318
410
412
58
117
92
94
348
360
371
373
101
380
101
848
974
850
979
967
1064
1040
915
1050
915
927
862
857
945
1007
812
813
815
819
1002
1001
24
61
24
36
333
411
63
20
99
371
360
371
94
360
116
80
79
972
1063
1042
847
978
977
858
857
945
1011
920
926
1011
826
926
794
794
933
1007
796
813
814
817
407
37
419
33
33
61
334
21
381
99
360
92
100
347
370
384
381
116
382
1063
1040
916
1052
1011
943
920
934
812
826
934
797
815
407
419
418
22
61
412
422
318
99
347
373
118
100
80
963
963
382
917
849
847
967
971
1050
966
927
1015
966
943
926
857
933
943
960
1002
796
814
407
419
1080
1080
59
410
410
592
1081
371
22
22
99
370
362
370
972
100
972
1041
972
964
1041
849
1064
915
1040
915
591
1011
857
826
920
944
944
933
813
826
933
1003
591
592
1080
22
59
59
1081
1081
348
22
371
1136
746
1136
591
116
774
833
592
222
793
774
253
618
944
618
265
746
222
