3328
1042
670
764
762
762
1080
1084
1041
837
729
736
1086
912
914
911
844
842
842
625
774
775
1045
1045
927
925
629
732
738
740
740
1068
1063
983
450
550
608
609
1061
1061
1063
953
957
983
444
548
607
606
1243
1241
956
557
548
558
606
1207
1237
1208
1244
1245
959
960
976
978
428
553
554
592
596
1208
1246
1008
977
436
436
561
561
554
593
1209
1247
1005
1006
1009
977
441
439
1835
1807
1804
1211
2937
1980
1838
1835
1805
1804
1804
2933
3226
1836
1824
1828
1806
3268
1978
2063
1825
1830
1816
1819
1814
2978
2982
3267
3232
2059
2059
2063
1689
3083
2958
2961
2982
3255
3252
3254
3251
2056
2058
1676
1685
1684
3082
3083
3078
3078
3265
3255
3260
2055
2055
1672
3076
3137
1941
1939
1694
1702
3086
3156
3157
3158
3136
3141
3141
3140
2033
2033
1949
1947
1707
3096
3141
2030
1949
1948
1945
1945
1706
1705
3095
3096
3111
3154
3154
3122
3122
664
665
665
673
667
673
766
766
761
765
762
751
753
753
1083
1081
1080
1048
1041
1048
915
915
915
834
835
836
844
668
675
673
779
778
776
777
751
751
1084
1086
1090
1050
1044
1047
1042
911
834
840
836
844
664
626
626
629
778
733
730
736
738
735
736
1091
1070
1091
1090
1088
1065
1045
925
931
924
839
839
842
625
626
628
775
774
733
732
740
736
1071
1068
1061
1065
1063
928
928
925
925
987
449
450
454
447
443
443
525
547
607
608
600
1071
598
1071
1065
953
957
982
987
987
452
454
551
550
551
548
610
609
605
1239
1240
1240
1240
1242
1242
1241
954
956
957
983
985
983
979
452
452
428
428
442
551
548
595
606
1206
1206
1240
1245
1247
1244
954
961
1012
959
977
976
980
424
423
428
567
556
558
597
597
595
1207
1203
1204
1204
1013
1013
1013
961
969
970
974
441
439
437
560
561
564
553
564
554
592
595
1196
1197
1203
1209
1210
1214
1004
1003
1009
1002
972
971
973
973
441
441
561
563
1809
593
1802
1806
1802
1799
2934
1210
1004
1006
1005
1003
1003
3235
972
974
3226
1981
1983
1837
1837
1834
1835
1827
1845
1843
1808
1808
1812
1801
1805
2936
2925
2936
2935
2937
2979
2989
2979
2989
2989
3236
3225
3226
1981
1980
1838
1822
1841
1826
1809
1818
1818
1819
1815
2926
2929
2930
2933
2963
2979
2981
2978
3234
3234
3229
3226
1978
1979
1977
1824
1827
1830
1815
1817
1816
2930
2959
2963
2962
2982
3268
3268
3268
3252
3232
3232
1978
2063
1825
1674
1665
1689
1687
1678
1679
1814
3083
2959
2963
2961
3267
3264
3252
3255
3251
2059
2059
2062
2066
2065
1676
1674
1676
1671
1689
1685
1682
3071
3076
2956
3264
3265
3255
2077
2056
2062
2061
1674
1676
1672
1684
1701
1700
3086
3085
3086
3075
3079
3069
3156
3158
3138
3138
3141
3260
3144
2075
2074
2029
2074
1942
1942
1693
1695
1695
1701
1700
3086
1702
3076
3076
3080
3080
3080
3137
3145
3145
2032
2038
2040
2038
1937
1938
1694
1708
1705
1705
3098
3108
3079
3112
3147
3153
3157
3154
3127
3142
3123
2033
2029
2040
2040
2035
1949
1947
1944
1945
1708
1706
3099
3095
3112
3151
3154
3122
3125
3124
3123
3124
3125
2030
766
915
668
668
670
756
764
765
745
753
753
1121
1083
1122
1081
1081
1050
1048
922
915
834
837
835
844
668
631
674
674
675
779
769
777
768
762
743
746
743
749
748
1084
1087
1089
1052
1048
922
918
853
840
847
847
632
635
629
772
776
771
730
729
748
1076
1076
1078
1078
1078
1089
1088
1045
1058
912
928
840
846
847
636
633
634
634
633
629
771
738
740
1078
1070
1067
1065
928
933
930
933
934
847
849
449
454
447
447
447
446
525
524
525
603
603
600
1071
1067
1233
1061
951
928
951
935
985
987
454
444
522
522
528
525
610
606
602
1239
1243
1226
954
959
980
985
424
465
567
521
596
590
1206
1237
1227
1225
1227
1011
1011
960
946
424
419
423
426
566
567
567
570
571
557
555
1198
1200
1220
1246
1226
1217
1013
1008
947
1000
948
970
970
966
439
437
434
564
571
569
556
563
585
586
587
1196
1201
1198
1201
1213
1221
1221
1217
1000
998
969
964
430
1835
564
1842
1807
585
1799
1796
1211
1213
2935
1214
1002
3321
971
3227
1986
1986
1836
1841
1844
1842
1811
1802
1799
1795
2925
2934
2933
2932
2985
2984
2987
2989
3236
3235
3228
1984
1983
1987
1988
1820
1844
1828
1812
1802
1797
2927
2920
2933
2985
2974
2988
3233
3234
3228
3229
1979
1984
1988
2023
2023
1821
1821
1822
1832
1830
1815
1817
2927
2929
2963
2955
2976
2982
3273
3275
3231
3239
1978
2022
2065
1832
1666
1687
1678
1679
2959
2952
2958
2956
2956
3274
3254
3232
2062
2066
1668
1669
1689
1667
1687
1682
1681
3071
2952
2956
2968
3272
3274
3271
3257
2077
2078
2077
2075
2062
1941
1671
1669
1672
1685
1698
1682
3082
3089
3093
3073
3072
3070
3271
3271
3135
3260
3258
2079
2079
2075
2071
1938
1939
1931
1693
1692
1697
1700
3099
3092
3072
3118
3156
3136
3135
3143
3144
3143
2053
2036
1937
1945
1707
1711
1713
3099
3098
3116
3117
3117
3148
3169
3134
3127
3130
2033
2052
2053
2053
2038
2036
2040
2035
1949
1948
1931
1929
1929
1711
1710
3104
3096
3104
3111
3108
3148
3147
3151
3150
3169
3170
3127
3132
3130
3151
3171
3171
671
755
920
667
662
671
655
671
766
756
759
758
746
744
749
1123
1123
1120
1120
1050
1052
920
917
853
852
853
857
853
857
857
647
651
759
769
759
745
744
749
1121
1087
1126
1126
1125
1052
922
917
855
857
632
632
631
639
638
769
769
742
743
743
788
1076
1087
1074
1056
1057
918
918
930
908
931
855
850
850
636
642
645
641
641
772
772
798
731
603
600
1073
1074
1055
1056
1060
1057
909
933
935
850
849
635
446
456
530
532
612
603
622
1073
1055
1054
950
907
934
889
889
860
464
457
460
522
531
528
614
603
1155
1156
1229
1234
1233
1230
1224
1232
951
944
944
938
979
464
421
426
458
459
459
522
528
528
591
614
616
1152
1237
1230
1224
948
1016
945
946
420
418
417
426
571
538
577
589
587
1197
589
1148
1219
1223
1216
1224
995
999
947
963
965
967
419
437
417
434
570
569
571
577
576
590
586
1149
1200
1220
1217
1012
1000
1000
963
967
431
431
430
434
434
1861
1861
1789
1788
1794
1794
1219
1221
1221
1217
2984
2987
998
3322
3323
3314
3313
1986
1996
1840
1845
1843
1789
1789
1793
1795
1796
2913
2924
2972
2972
2985
2988
3323
3321
3307
3306
3227
1987
1997
2023
1820
1856
1783
1793
1792
2926
2916
2920
2922
2923
2972
2975
2972
3327
3327
3306
3304
3307
2025
2025
1854
1856
1811
1857
1783
1728
2917
1792
2919
2917
2920
2920
2953
2974
2967
3272
3324
3238
3240
2027
2020
2020
1832
1832
1858
1664
1728
1726
3089
2939
2952
2969
2969
3275
3241
3242
2027
2012
2069
2027
2064
1668
1665
1664
1682
1727
3089
1736
2943
2943
3070
2955
2968
3273
3270
3258
3257
2078
2068
2072
2072
2071
2072
1874
1934
1667
1692
1691
1698
3088
3091
3073
3069
3271
3159
3203
2048
2072
1874
1934
1936
1935
1692
1697
3093
3102
3093
3092
3119
3119
3161
3160
3135
3142
2046
2049
2051
2036
1936
1936
1928
1692
1713
1713
3105
3102
3116
3115
3118
3164
3171
3160
3130
3131
2052
2053
2050
1882
1932
1929
1711
1929
1711
1714
3104
3109
3106
3109
3151
3164
3167
3166
3167
3170
3171
3128
3131
3132
1932
3128
662
655
661
655
655
755
759
758
800
827
827
1120
1122
1119
1120
1109
1115
1117
1116
922
920
880
872
872
856
662
662
652
652
651
803
801
790
827
790
792
792
1130
1126
1102
1099
1117
1117
1052
905
881
866
856
648
647
638
805
805
803
797
787
788
792
1126
1130
1100
1058
1099
1102
905
909
904
885
870
865
866
645
649
647
639
804
805
787
621
1129
1100
1093
1094
909
909
888
868
859
463
463
642
457
642
515
530
797
798
780
619
613
623
1074
1055
1055
1136
1135
907
1232
909
886
889
889
860
863
465
467
457
463
456
458
530
531
532
612
615
617
1153
1143
1154
1229
1234
1232
951
1015
943
944
941
936
937
466
466
460
535
515
537
527
574
616
1155
1151
1154
1151
1168
1230
1169
1224
1019
944
1019
940
937
421
418
535
534
538
574
580
1145
1165
1187
1018
1016
940
966
420
505
433
502
535
538
577
577
582
584
1149
1149
1148
1193
1188
1188
995
999
993
965
964
431
504
506
433
1860
1861
573
582
584
584
1178
1193
1194
1185
1185
3005
3005
996
3317
996
992
993
3312
1995
1997
1998
1867
1861
1864
1786
1788
1791
1791
1776
2914
2914
2914
3013
3004
3005
2971
3318
3322
3313
3314
1991
1996
2000
1867
1867
1848
1858
1785
1783
1793
2917
2922
2923
2975
3317
3326
3327
3325
3307
3303
3310
1991
2023
2001
2017
1854
1871
1853
1854
1857
1856
1783
1793
2916
2924
2940
2974
2976
3327
3325
3303
3288
3287
3304
2014
2019
2027
2020
1854
1666
1724
1728
1723
1726
1737
1737
2948
2940
2943
2942
2967
3290
3324
3294
3238
3239
3242
2011
2020
1873
1727
1741
1736
3089
3047
2943
3054
3063
3063
2964
3291
3215
3241
3240
3216
2011
2068
2005
2069
1874
1874
1765
1749
1740
1752
1741
1739
3049
3091
3053
3054
3063
3065
3062
3162
3203
3202
3203
2046
2048
2049
1875
1877
1935
1763
1750
1754
1753
3093
3050
3050
3065
3063
3161
3135
3200
3199
3200
3203
2045
2051
1884
1876
1936
1925
1926
1926
1715
1754
3101
3102
3102
3114
3115
3164
3159
3210
3209
3208
2043
2050
1882
1884
1884
1879
1925
1964
1715
1966
1714
3106
3105
3114
3115
3166
3167
3197
3207
3208
1880
654
873
660
660
677
655
699
810
810
811
811
829
826
827
829
830
831
1128
1107
1109
1115
1116
878
879
881
880
876
876
873
658
658
660
701
701
799
806
801
818
1128
1106
1104
1102
1112
1117
1112
879
883
882
869
866
657
720
684
700
701
803
800
795
783
794
790
792
1130
1104
1097
905
898
905
902
868
865
649
719
648
719
706
705
703
703
805
795
798
785
788
782
621
1130
1138
1094
1097
1096
902
896
896
863
644
645
645
707
707
704
541
623
622
1141
1142
1136
1136
897
885
894
895
860
862
493
519
518
541
541
540
619
340
623
1142
1153
1141
1135
1169
1133
901
1022
886
894
941
467
492
514
517
580
613
615
1156
1146
1152
1167
1168
1165
1023
1019
1026
1025
1016
1035
938
936
488
489
514
501
535
537
543
580
579
580
1162
1162
1146
1161
1165
1024
1019
1039
1039
1038
993
990
990
504
470
501
502
497
574
584
1146
1195
1195
1188
1187
1188
1037
1037
1038
989
990
504
1999
506
498
1862
574
1863
582
1178
1181
1195
3014
1194
3015
3005
3007
992
3311
1994
1999
1998
1866
1863
1786
1786
1786
1773
1177
2913
3015
3015
3015
3008
3008
3007
3316
3317
3318
3311
3312
1990
1991
2001
2000
1870
1867
1871
1869
1847
1862
1770
1785
1773
1780
2950
2922
3013
2990
2998
3319
3320
3308
1991
2025
2017
1871
1850
1848
1724
1723
2950
2950
2939
2990
2992
3317
3294
3320
3285
3286
3287
3286
2014
2016
1850
1851
1717
1721
1728
1737
1733
2948
2949
2943
2991
3290
3293
3288
3285
2012
2006
2007
2017
1885
1765
1766
1767
1718
1718
1741
1734
3047
3054
2991
3291
3213
3216
3280
3244
2010
2009
2002
2005
2007
1887
1886
1892
1765
1763
1762
1763
1753
1741
3046
3052
3054
3066
3067
3212
3213
3216
3219
2009
2046
2046
1875
1876
1897
1955
1763
1749
1754
1752
3050
3037
3065
3053
3067
3215
3222
3199
3200
2043
2043
1922
1906
1877
1963
1965
1967
1750
1754
1968
1747
3037
3036
3024
3193
3192
3195
3209
3210
2043
1923
1923
1921
1882
1905
1880
1884
1879
1965
1964
1966
1971
1971
3037
3041
3041
3040
3041
3024
3023
3193
3196
3196
3207
3206
3206
3024
678
658
683
700
693
693
699
689
806
818
814
820
824
831
1110
1110
1110
1113
879
878
1604
882
875
876
876
873
1431
684
658
683
701
697
807
808
808
815
817
818
829
830
1107
1113
1113
1608
1604
1604
869
1432
1430
718
727
720
725
697
794
696
784
816
128
1139
1137
1139
1104
1104
1097
899
1611
883
870
859
1435
718
725
717
706
714
704
795
783
782
346
346
1137
1138
1094
1093
899
1097
898
891
891
896
868
1434
492
717
716
717
705
712
714
713
784
336
333
785
623
345
346
1143
1136
1132
1132
901
891
896
1425
1424
863
483
717
490
518
519
517
541
333
613
343
343
1159
1159
1158
1659
1133
1164
1021
894
892
1035
863
1427
491
489
493
517
543
543
545
398
339
343
1159
1162
1166
1167
1023
1025
1015
1034
1418
1035
488
468
469
508
512
512
544
407
339
340
1145
1172
1162
1191
1165
1026
1039
1029
1039
1035
1276
469
505
496
499
497
544
408
408
405
408
1174
1178
1172
1191
1190
1024
1032
1032
1029
1028
473
1994
496
495
496
2334
499
2264
391
405
404
1178
1180
1181
1182
1174
1182
1195
3014
3006
1031
2631
990
1993
2321
2331
2332
1869
2264
1864
410
1773
1775
1776
1182
3011
3011
3006
3310
2628
1994
1994
2469
2469
2465
1871
2266
2267
1769
1772
1778
1780
1780
3010
3011
3000
2997
3001
3002
2997
3299
3319
3284
3284
3283
2468
2464
1870
1847
1769
1770
1773
1780
2950
2946
2995
3002
2998
3300
3284
3284
2013
2466
2017
2446
2446
1851
1851
1717
1720
1719
1734
1733
1730
2946
2992
3294
3301
3277
2014
2014
1885
1767
1760
1719
1729
3047
3047
2995
3059
3056
3301
3294
3281
3280
2010
2006
1890
1886
1887
1889
1893
1766
1760
1756
1757
1757
1740
1739
3046
3052
3066
3057
3057
3212
3213
3223
3223
3219
1919
1919
1918
1919
1889
1897
1895
1895
1955
1759
1955
1746
1747
3032
3049
3021
3192
3189
3188
3195
3222
3219
3221
1920
1920
1922
1902
1897
1955
1971
1970
1747
1747
3037
3031
3034
3021
3026
3028
3187
3195
3174
3173
3205
3206
1915
1916
1906
1905
1906
1908
1963
1958
1967
1968
1971
1973
3040
3039
3041
3024
3028
3193
3187
3197
3172
3206
1958
694
824
681
688
677
691
690
690
813
818
821
820
823
1106
1107
1587
1588
1591
1590
1591
1603
1455
1430
1453
1452
678
684
687
686
686
689
697
807
813
816
824
129
1585
1587
1588
1596
1609
1601
1439
1440
1442
1432
1431
727
727
727
723
697
192
815
330
127
361
1580
1581
1593
1596
1609
1598
1611
1600
1600
1441
1434
1435
726
710
723
709
709
710
713
335
329
361
1565
1565
1594
1608
1610
1425
482
486
722
714
388
387
337
337
332
348
346
1659
1593
1658
1594
1641
897
1429
1425
1429
1428
481
483
485
486
712
714
384
337
322
333
348
333
348
350
1661
1659
1643
1642
1642
1022
1415
1424
1428
491
490
511
512
381
385
398
342
343
1662
1630
1640
1021
1297
1029
1419
470
476
479
479
509
382
381
398
408
413
1171
1159
1172
1628
1627
1032
1029
1279
1278
1278
1275
1276
468
472
475
509
498
545
392
407
409
1175
1172
1191
1627
1320
1032
1292
1276
1275
472
2322
473
496
2329
2339
2338
395
2264
405
405
411
411
1175
1180
1191
2546
1614
2547
2624
2625
2625
2631
2631
2628
2322
2329
2330
2322
2332
2337
2339
2337
2264
2263
2269
2283
1775
2222
1182
1778
2537
2547
2547
2605
2620
2623
2625
2634
2627
2628
2459
2316
2331
2334
2274
2267
2218
2537
3011
2543
2605
3000
2621
2633
2459
2469
2467
2467
2465
2445
2266
2274
2280
2280
2217
1779
1779
2540
2543
2993
3002
2605
3001
3298
2604
3298
3299
3276
2462
2462
2461
2464
2449
2176
1851
2273
2280
1731
2945
2946
2786
2995
3002
2790
3300
3278
3278
3277
2459
2456
2449
2446
1893
2176
1760
2276
1720
2233
2276
1721
1731
1729
3043
3044
2785
3056
3296
3296
3297
3281
2455
2452
1890
1893
1892
2175
1952
1759
1760
1756
1744
1743
1730
3033
3044
3060
3060
3059
3057
3220
3220
3219
1912
1919
1897
1895
1952
1746
1743
1744
3033
3034
3020
3021
3190
3190
3189
3176
3180
1913
1912
1903
1921
1903
1960
1954
1973
1975
3032
3018
3026
3186
3187
3188
3172
3180
1916
1916
1902
1899
1908
1910
1908
1958
1960
1962
1975
1973
3039
3029
3018
3017
3028
3026
3028
3187
3177
3173
3174
3184
1916
1961
3183
124
1578
681
681
686
694
190
190
118
814
119
821
824
125
127
1576
1575
1584
1590
1536
1552
1454
1452
1454
1455
1453
680
681
687
207
691
189
122
122
129
126
128
127
1575
1584
1581
1585
1591
1598
1604
1440
1438
726
688
203
203
194
330
327
327
362
1567
1564
1583
1580
1583
1597
1611
1611
1607
1601
1439
1441
1438
73
73
723
31
192
192
335
330
330
327
363
361
1565
1565
1561
1596
1598
1607
1606
1411
1409
1411
1408
1442
482
723
59
30
31
388
389
337
336
314
329
359
363
1659
1661
1652
1648
1647
1429
1429
1420
485
486
36
379
389
384
387
321
324
349
355
349
1663
1663
1661
1643
1639
1646
1646
1297
1295
1416
1427
478
480
36
382
379
378
379
385
324
322
350
1662
1630
1640
1640
1641
1299
1299
1299
1297
1418
1419
478
480
480
508
382
382
397
402
398
353
1629
1627
1629
1627
1323
1288
1279
476
480
34
368
369
394
391
400
1175
1620
1623
1622
1613
1612
1613
1321
1277
1277
2324
475
2339
2338
369
395
395
392
409
410
414
415
1175
1624
1612
2547
2617
2617
2624
2615
2625
2628
2321
2329
2339
2335
2270
2285
2285
2286
2222
2536
2545
2546
2606
2618
2621
2623
2636
2318
2316
2330
2335
2273
2272
2274
2283
2287
2221
2220
2222
2540
2539
2537
2542
2605
2620
2610
2634
2637
2633
2638
2317
2469
2460
2465
2328
2335
2368
2274
2280
2218
2217
2540
2540
2543
2543
2602
2634
2641
2640
2462
2466
2446
2176
2175
2277
2280
2232
2231
2231
2800
2787
2787
2601
2881
2641
2865
2643
3276
2641
2483
2462
2454
2455
2451
2449
2176
2179
2277
2232
2233
2234
3043
2231
2799
2786
2784
2784
2783
2881
2885
2884
2884
2864
2869
2454
2456
2450
2451
2173
2124
2173
2235
2771
2797
2797
2784
2883
2882
3221
2870
3297
2410
2410
2413
1898
2166
2172
1951
1952
2123
2124
2126
2127
2771
2774
3021
2766
3060
2767
2896
2866
3179
2870
2409
2413
1913
1900
1898
1909
2166
1958
2165
1952
2114
2114
2107
3031
3018
2772
2781
2773
2779
2766
2898
3176
3180
3180
1915
2400
1900
1899
1909
1910
1957
1960
1961
1962
2116
1975
2114
1975
2108
3030
3018
2777
2780
2778
2780
2894
2897
2894
3177
2893
3182
3182
3183
3182
3184
1576
1451
70
66
197
200
207
190
119
118
106
106
106
124
1577
1577
1537
1535
1539
1535
1536
1542
1552
1451
1451
1354
1450
206
205
207
202
193
121
122
125
1568
113
1574
1575
1575
1538
1538
1536
1539
1542
1552
1445
1438
1437
72
77
206
203
203
193
194
122
327
1568
1572
1568
1569
1570
1562
1583
1598
1557
1541
1447
1438
1445
73
75
77
77
28
28
31
187
187
317
362
1567
1562
1562
1607
1607
1412
1647
1412
1409
1408
63
64
64
59
31
38
30
27
312
316
314
359
358
1656
1561
1656
1655
1652
1649
1414
1415
1409
1406
64
60
38
36
37
379
389
389
374
314
324
320
356
359
354
359
1639
1645
1645
1650
1295
1416
1406
1422
1421
42
43
366
372
365
376
324
401
320
356
353
352
1628
1637
1635
1630
1324
1631
1299
1289
1289
1282
1422
44
47
34
49
376
365
375
399
353
353
1619
1630
1632
1633
1325
1322
1322
1325
1292
1288
1282
1284
1283
51
50
369
394
399
400
413
414
1624
1621
1620
1617
1616
1318
1324
1323
1321
1320
1292
1281
1283
1286
2324
2326
2297
34
368
277
415
2503
1623
1621
1614
2618
2615
2631
2614
2636
2326
2326
2326
2324
2296
2296
2384
2269
2244
2270
2287
2286
2285
2504
2527
2497
2498
2545
2608
2607
2607
2621
2648
2638
2637
2319
2319
2316
2290
2292
2328
2381
2380
2272
2244
2283
2211
2222
2527
2537
2501
2532
2606
2612
2611
2651
2647
2647
2317
2318
2292
2366
2381
2380
2279
2283
2210
2218
2220
2530
2530
2534
2534
2534
2602
2610
2611
2649
2649
2643
2646
2484
2485
2485
2484
2449
2448
2368
2179
2277
2225
2230
2231
2226
2228
2226
2227
2530
2798
2798
2794
2790
2862
2644
2483
2493
2452
2178
2450
2179
2183
2173
2183
2235
2224
2227
2799
2800
2796
2793
2790
2785
2793
2882
2885
2865
2865
2864
2872
2407
2415
2415
2170
2181
2181
2123
2173
2121
2225
2127
2234
2795
2797
2803
2784
2883
2868
2871
2869
2871
2407
2406
2407
2416
2412
2166
2168
2168
2168
2124
2121
2127
2130
2129
2126
2771
2773
2768
2896
2896
2911
2868
2911
2410
2410
2413
2413
2163
2166
2160
2159
2117
2118
2113
2108
2748
2774
2772
2778
2766
2897
2910
2909
2908
2911
2400
2399
2400
2394
2162
2163
2160
2159
2115
2116
2114
2111
2746
2747
2777
2781
2894
2779
2894
2758
2898
2908
2906
70
197
198
197
199
190
105
106
115
116
1578
1490
1504
1537
1543
1544
1451
1354
1354
70
70
66
207
200
154
153
109
108
108
114
114
1570
1503
1503
1544
1542
1542
1448
1357
1356
67
77
205
184
184
154
151
151
109
113
1571
1569
1477
1479
1557
1557
1448
1445
1357
1373
73
75
317
241
245
1571
1572
1477
1481
1480
1555
1555
1414
1447
1406
1385
1405
1355
64
62
62
75
53
28
187
317
317
246
1474
1474
1473
1481
1480
1648
1649
1650
1412
1414
1406
63
60
38
28
372
374
316
319
320
219
220
220
1656
1471
1656
1653
1294
1386
1421
42
41
41
38
371
372
376
374
300
320
354
355
218
218
1637
1635
1653
1633
1307
1306
1295
1295
1249
1422
44
43
50
49
366
376
285
402
401
288
1637
1632
1317
1308
1291
1315
1251
1282
1282
1258
46
46
51
49
284
285
283
278
278
288
291
1616
1617
1315
1292
1255
1285
1284
2309
2309
2298
2300
2299
2376
278
277
298
297
2504
1622
2498
1318
2615
2615
2636
1285
2630
1286
2298
2299
2297
2296
2383
2239
2241
2238
2527
2503
2506
2497
2498
2703
2618
2664
2650
2290
2293
2296
2390
2382
2381
2243
2244
2212
2212
2215
2526
2499
2500
2500
2608
2691
2612
2650
2648
2647
2289
2293
2387
2387
2386
2248
2245
2214
2211
2214
2524
2530
2532
2532
2601
2695
2691
2673
2651
2647
2488
2495
2494
2246
2208
2228
2524
2805
2534
2529
2794
2881
2644
2672
2644
2491
2494
2179
2475
2182
2183
2209
2207
2209
2797
2807
2807
2792
2791
2791
2873
2875
2861
2861
2862
2407
2417
2417
2475
2170
2183
2180
2120
2131
2224
2805
2807
2803
2768
2875
2868
2868
2867
2872
2396
2416
2415
2170
2397
2150
2152
2121
2131
2130
2131
2129
2733
2744
2755
2770
2764
2764
2764
2877
2891
2911
2907
2402
2404
2396
2397
2397
2163
2163
2170
2134
2135
2135
2118
2110
2109
2107
2745
2755
2754
2776
2761
2761
2760
2767
2891
2890
2904
2901
2909
2907
2400
2403
2402
2393
2162
2137
2136
2117
2110
2111
2747
2748
2746
2751
2776
2758
2757
2758
2891
2903
2901
2109
1489
84
196
160
197
158
168
199
148
147
140
142
116
1489
1505
1507
1504
1545
1506
1545
1546
1546
1360
1357
1362
1362
161
198
183
166
148
155
153
109
138
112
115
1506
1502
1503
1543
1513
1360
1375
1357
69
70
67
184
88
161
176
184
155
112
112
1500
1503
1497
1477
1558
1559
1377
1373
1372
1356
57
56
67
54
88
187
150
186
151
242
242
241
246
244
1466
1477
1468
1481
1476
1479
1555
1559
1555
1377
1376
1377
1373
57
57
54
103
249
251
245
246
246
220
1473
1474
1471
1549
1549
1380
1380
1379
1386
1383
1385
1388
40
102
25
24
268
304
252
250
259
1474
219
213
1470
1471
1471
1311
1312
1380
1250
1386
1389
41
17
23
25
25
25
268
304
304
216
216
215
1635
1351
1308
1306
1309
1310
1250
1252
1259
1258
41
47
47
284
285
283
300
301
303
287
288
1637
216
1346
1350
1350
1307
1314
1253
1251
1253
1258
1259
2309
2308
275
285
301
297
296
291
295
290
1619
1341
1318
1315
1315
1304
1256
1256
2309
2295
2376
281
275
275
298
2240
295
2238
291
2587
291
296
2506
2507
2508
1318
2520
1301
2701
2699
2698
2664
2660
1260
2313
2300
2383
275
2239
2238
2592
2506
2508
2499
2519
2702
2699
2701
2698
2660
2290
2293
2391
2391
2390
2391
2384
2389
2382
2247
2244
2240
2247
2248
2591
2527
2595
2518
2517
2517
2693
2677
2675
2667
2666
2290
2487
2350
2361
2391
2387
2246
2245
2210
2215
2523
2524
2524
2501
2516
2517
2696
2692
2675
2669
2670
2487
2493
2495
2387
2196
2194
2202
2202
2201
2553
2696
2672
2673
2644
2667
2839
2491
2488
2490
2493
2491
2478
2474
2149
2147
2194
2209
2208
2209
2205
2205
2204
2553
2735
2549
2805
2803
2792
2875
2874
2857
2845
2438
2491
2478
2475
2150
2147
2090
2089
2089
2207
2205
2731
2732
2807
2802
2803
2878
2875
2843
2845
2842
2441
2442
2429
2428
2427
2153
2121
2090
2131
2731
2740
2734
2732
2734
2761
2718
2763
2764
2887
2878
2877
2833
2816
2841
2394
2403
2427
2134
2428
2133
2153
2105
2745
2755
2755
2709
2753
2761
2891
2904
2900
2901
2904
2815
2404
2402
2394
2393
2134
2136
2134
2137
2104
2104
2103
2749
2744
2753
2751
2758
2888
2887
2888
2903
2904
2901
2906
2426
167
1520
158
160
168
167
145
147
142
140
141
1492
1490
1493
1494
1507
1505
1520
1513
1529
1360
1364
1364
90
161
84
161
179
181
145
148
155
138
140
111
1494
1499
1499
1496
1512
1513
1513
1375
1362
1364
90
90
88
176
180
181
155
132
151
137
138
112
1500
1496
1497
1510
1558
1510
1375
1373
56
98
101
252
250
131
235
235
1464
1467
1458
1509
1377
1383
1367
1366
57
53
99
99
101
101
249
251
257
244
236
1466
1468
1549
1549
1390
8
21
99
24
102
20
249
258
213
213
210
1327
1312
1380
1382
1390
1383
1387
12
8
18
21
23
270
267
268
268
304
216
209
1349
1311
1310
1250
1249
1273
1272
12
18
18
280
307
306
288
294
233
232
1349
1347
1351
1351
1340
1338
1309
1252
1263
1269
1269
1272
1271
10
2311
2303
281
280
309
294
231
293
294
1347
1340
1346
1302
1302
1305
1305
1268
1260
2312
2311
2302
281
309
310
2588
2587
2521
2521
1305
1304
2662
1255
2659
2311
2347
2378
2376
2378
2259
2258
2589
2589
2599
2595
2507
2594
2519
2702
2699
2701
2662
2664
2660
2660
2312
2350
2360
2364
2389
2251
2250
2241
2592
2599
2595
2520
2514
2703
2692
2676
2670
2669
2350
2351
2360
2355
2365
2354
2192
2191
2192
2201
2591
2550
2570
2571
2517
2684
2693
2676
2677
2670
2675
2667
2341
2352
2361
2355
2196
2192
2196
2191
2198
2552
2550
2573
2566
2695
2859
2858
2838
2439
2477
2478
2478
2475
2149
2146
2196
2194
2202
2205
2199
2553
2553
2557
2549
2565
2566
2711
2856
2858
2855
2844
2846
2839
2846
2438
2443
2430
2472
2147
2147
2091
2092
2742
2558
2732
2735
2719
2719
2832
2833
2844
2843
2841
2443
2421
2442
2443
2155
2157
2156
2153
2152
2092
2088
2733
2740
2718
2709
2712
2829
2831
2816
2816
2842
2422
2421
2430
2425
2141
2155
2100
2084
2742
2742
2737
2753
2729
2707
2888
2833
2813
2818
2820
2423
2419
2426
2142
2142
2141
2101
2105
2103
2103
2101
2738
2749
2725
2709
2706
2706
2809
2813
2813
2820
2729
144
158
168
1492
1494
1493
1486
1486
1520
1529
1520
1517
1529
1528
1364
1358
86
164
166
145
181
135
138
1492
1487
1483
1518
1518
1531
1532
1370
1370
85
163
180
179
181
174
131
235
239
1484
1495
1510
1510
1531
1370
80
82
81
83
92
173
132
254
238
239
1468
1458
1548
1365
1369
78
81
98
103
93
248
257
258
239
1463
1467
1399
1327
1399
1402
1383
1388
7
8
21
93
272
249
259
257
213
209
1398
1403
1401
1403
1389
12
12
1
15
14
271
272
272
306
307
226
210
1349
1327
1331
1336
1271
1273
10
18
265
270
307
225
233
1344
1344
1338
1336
1269
10
18
265
265
311
311
232
1343
1341
1337
1338
1261
1261
1269
2306
2302
2378
2374
2373
2258
2261
294
231
1343
2511
1341
1334
2683
1301
2662
1266
2313
2348
2348
2374
2251
2253
2259
2588
2598
2597
2514
2511
2513
2683
2661
2662
2653
2341
2342
2250
2257
2257
2599
2599
2595
2514
2685
2684
2683
2656
2655
2344
2352
2351
2365
2361
2363
2354
2358
2358
2583
2585
2586
2571
2578
2569
2689
2690
2657
2657
2343
2345
2480
2355
2358
2188
2186
2202
2550
2586
2573
2563
2570
2566
2690
2688
2836
2836
2836
2481
2482
2480
2472
2199
2558
2557
2555
2565
2563
2859
2848
2855
2854
2838
2839
2439
2443
2150
2081
2088
2088
2559
2560
2563
2722
2847
2857
2822
2846
2441
2435
2429
2143
2156
2084
2082
2091
2087
2742
2740
2722
2829
2832
2833
2823
2821
2815
2422
2157
2144
2100
2084
2088
2725
2727
2727
2729
2715
2829
2831
2828
2812
2818
2423
2419
2425
2144
2095
2738
2737
2724
2708
2709
2706
2813
2809
2818
2820
2098
164
168
145
142
1529
1525
85
142
1517
1531
177
177
174
135
1516
255
238
1464
1458
1367
1369
82
20
254
1464
1457
1399
1393
93
212
1468
1393
1387
8
5
272
223
226
1338
1330
1402
1271
15
265
265
261
223
233
233
1344
1336
1262
1263
2306
4
2373
309
228
1334
2303
2374
229
1334
2654
1265
2306
2369
2254
2261
2597
2511
2510
2514
2347
2364
2357
2254
2253
2257
2584
2578
2686
2687
2345
2568
2576
2567
2569
2686
2689
2680
2655
2480
2185
2198
2556
2688
2835
2481
2188
2186
2556
2568
2849
2855
2433
2472
2082
2560
2722
2712
2855
2823
2436
2434
2155
2082
2559
2726
2714
2850
2821
2822
2436
2081
2095
2727
2715
2829
2420
2098
2705
2810
86
1495
1515
1533
1484
95
173
174
1399
1328
1331
1401
5
1
223
271
1265
310
1266
2654
2378
2654
2363
2342
2257
2579
2679
2584
2685
2471
2836
2849
2433
2199
2711
2847
2716
2826
2098
2095
1519
1526
1487
1533
83
171
1370
1483
1392
255
95
255
1401
2
1330
1333
1262
2369
2260
2598
2656
2363
2358
2680
2687
2439
2582
2567
2189
2582
2825
2189
2721
2722
2140
2085
2725
2713
2810
2820
164
1515
135
1458
1516
1532
80
1463
225
1392
14
1331
1396
5
262
229
226
1344
228
2260
2576
2576
2585
2555
2433
2563
2097
2714
2826
2143
2727
2706
171
135
1487
1487
1526
174
239
92
1396
5
264
226
1396
1334
2305
2306
229
2511
2683
2653
2342
2254
2583
2343
2472
2185
2344
2482
2189
2848
2140
2434
2420
2094
2725
2716
171
134
3247
3247
1525
169
177
3261
3249
96
1461
1461
1395
262
2
261
2370
1396
2370
2579
2371
2371
2579
2682
2256
2679
2576
2575
1550
2582
2852
2852
2562
2435
2432
2083
2850
2825
2140
2098
1522
1443
3247
1460
1524
1524
3249
3249
94
1460
96
2966
1521
2966
3243
221
3262
3262
3245
1523
2265
513
3262
2004
2432
2004
511
3245
510
