3264
1372
575
578
451
451
1330
1346
1372
1280
435
438
1364
1315
1318
1315
1286
1284
1284
607
568
569
1358
1361
1301
1309
810
454
418
416
416
1358
1363
1297
811
651
409
410
1435
1436
1363
1551
1554
1299
805
674
410
412
1436
1438
1552
661
672
697
692
1474
1473
1468
1470
1471
1550
1550
1549
1541
638
662
639
699
698
1474
1471
1569
1538
779
779
639
639
657
696
1464
1442
1445
1445
1568
1533
780
778
2077
2057
2800
1463
2810
2067
2075
2073
2789
2790
2799
2807
2468
2067
2048
2041
2789
2485
2203
2069
2050
2048
2782
2784
2780
2815
2474
2485
2465
2295
2068
2068
2046
2685
2684
2813
2475
2456
2456
2458
2455
2297
2296
2382
2126
2710
2685
2684
2691
2692
2476
2459
2459
2303
2303
2363
2679
2585
2317
2316
2363
2717
2717
2577
2577
2575
2586
2587
2617
2618
2324
2322
2360
2360
2727
2720
2598
2325
2359
2368
2367
2357
2727
2726
2720
2744
2592
2597
2589
2598
2611
596
594
598
594
598
575
574
578
577
585
451
443
445
445
1344
1330
1369
1371
1318
1372
1317
1318
1323
1279
1277
1279
1286
597
594
575
575
568
453
578
443
437
1345
1364
1365
1374
1366
1372
1318
1315
1276
1283
1280
1286
607
606
607
571
572
454
457
435
435
438
438
1345
1340
1366
1365
1355
1361
1314
1312
1311
1310
1297
1283
1292
811
815
814
808
454
458
458
415
416
1339
1356
1352
1361
1363
1303
1304
1310
1309
1298
811
815
810
805
804
805
652
419
419
413
413
1339
413
1340
1363
1553
1553
1302
1297
1298
790
791
652
651
654
673
674
409
412
1478
1477
1477
1435
1470
1439
1439
1551
1554
1544
1539
1299
1541
1540
792
790
787
647
655
655
674
698
693
1473
1476
1478
1471
1439
1439
1447
1552
1448
1550
1541
1537
1541
785
786
645
647
662
661
700
700
692
1468
1474
1471
1467
1450
1448
1448
1570
1550
1567
1563
781
782
779
638
645
641
660
640
657
700
699
1454
1455
1465
1465
1462
1442
1441
1570
1569
1444
1567
1566
1562
1538
782
780
642
642
2054
696
2057
2791
2797
2796
2810
1462
1442
1445
1445
1573
1568
2462
1563
1563
2468
2198
2198
2075
2076
2073
2076
2042
2073
2054
2053
2054
2056
2791
2790
2800
2803
2809
2810
2810
2807
2851
2816
2851
2460
2461
2470
2468
2197
2194
2067
2070
2072
2042
2054
2789
2783
2787
2781
2801
2799
2806
2807
2829
2816
2485
2815
2464
2469
2472
2471
2204
2067
2204
2070
2050
2048
2048
2782
2783
2781
2813
2812
2814
2824
2479
2464
2485
2481
2465
2449
2204
2299
2051
2051
2127
2126
2714
2784
2685
2780
2687
2813
2827
2814
2475
2478
2456
2458
2456
2295
2296
2300
2318
2314
2319
2051
2383
2383
2123
2709
2713
2695
2678
2692
2474
2477
2459
2302
2297
2300
2319
2382
2383
2362
2711
2711
2703
2688
2681
2682
2680
2678
2576
2577
2584
2584
2585
2618
2459
2615
2303
2303
2323
2316
2317
2360
2363
2708
2706
2708
2717
2689
2707
2680
2682
2679
2579
2580
2587
2617
2618
2322
2327
2328
2328
2328
2369
2363
2727
2727
2720
2719
2745
2679
2592
2580
2590
2586
2600
2599
2618
2607
2322
2325
2330
2327
2330
2367
2370
2368
2357
2357
2727
2720
2744
2746
2593
2590
2612
2612
2611
2609
2608
2608
2324
585
1322
598
597
593
581
578
584
450
445
445
1327
1344
1337
1331
1369
1376
1375
1322
1321
1276
1277
1286
1285
598
610
607
594
572
569
572
453
582
451
448
443
441
441
437
1346
1331
1356
1374
1325
1323
1321
1321
1283
1283
1291
609
611
572
563
569
456
457
435
434
1350
1349
1347
1348
1349
1356
1356
1355
1359
1315
1305
1288
1292
1290
815
611
813
610
813
571
456
418
416
1348
1343
1353
1359
1305
1307
1312
1308
1295
1292
1292
815
814
807
808
806
808
668
665
458
419
410
430
1342
1343
1433
1433
1430
1303
1546
1306
1294
1294
792
805
655
668
665
674
673
689
428
1475
1438
1430
1547
1544
1539
1534
788
791
654
671
697
693
1475
1476
1432
1449
1429
1447
1579
1547
1543
789
785
786
647
649
649
615
648
659
659
670
1453
1457
1461
1452
1451
1451
1449
1580
1578
1580
1565
1567
1537
1560
781
779
644
649
640
658
660
658
700
695
695
1455
1453
1454
1464
1461
1460
1461
1452
1572
1572
1567
1557
774
2077
641
2064
2057
709
2795
2794
1463
1461
2844
1442
1573
2460
1562
2468
2195
2195
2075
2073
2062
2064
2064
2057
2796
2793
2804
2807
2843
2845
2845
2855
2855
2851
2461
2462
2469
2198
2198
2194
2066
2081
2080
2041
2045
2786
2786
2802
2828
2829
2850
2825
2851
2483
2480
2471
2472
2204
2201
2201
2200
2069
2083
2083
2083
2088
2044
2045
2787
2781
2802
2826
2825
2825
2483
2497
2480
2470
2481
2203
2220
2315
2051
2128
2128
2713
2687
2813
2698
2700
2699
2475
2477
2450
2449
2299
2315
2381
2123
2126
2124
2127
2714
2704
2698
2699
2702
2496
2495
2478
2583
2453
2306
2334
2228
2306
2318
2383
2379
2379
2358
2709
2703
2710
2688
2686
2689
2694
2691
2554
2583
2582
2625
2625
2615
2335
2335
2306
2312
2312
2378
2379
2351
2391
2723
2705
2715
2681
2694
2567
2577
2583
2621
2614
2615
2615
2343
2332
2366
2370
2357
2724
2722
2742
2753
2752
2579
2751
2563
2599
2600
2621
2607
2321
2322
2343
2343
2331
2332
2330
2331
2366
2369
2365
2355
2356
2357
2725
2743
2746
2751
2593
2745
2564
2593
2589
2574
2597
2596
2620
2603
2609
2593
2596
2595
591
580
1320
596
587
590
590
581
585
585
583
472
440
472
489
1334
1336
1337
1335
1375
1376
1324
1321
1264
1266
1264
1267
1265
1265
1285
604
600
582
562
475
450
473
441
1333
1327
1328
1337
1331
1374
1324
1243
1267
1289
609
604
601
604
562
566
563
448
447
441
464
1350
1328
1353
1353
1382
1325
1244
1304
1245
1311
1233
1289
1291
609
601
798
566
762
565
448
448
458
432
432
1347
1342
1398
1381
1359
1380
1246
1234
1308
1288
1295
794
807
762
667
664
427
428
430
1343
1352
1511
1430
1246
1307
1306
1225
1590
795
800
801
668
665
665
676
428
1522
1521
1433
1433
1512
1512
1430
1505
1546
1542
1544
1531
1535
795
788
787
802
802
623
622
668
671
670
690
690
1522
1467
1511
1498
1544
1577
1532
1532
767
789
767
645
619
671
706
689
693
1458
712
1527
1499
1499
1503
1450
1577
1578
1565
1557
1556
1534
785
774
766
617
649
614
658
706
705
709
709
1458
1457
1484
1487
1579
1576
1557
1559
1560
776
773
776
645
775
2060
2062
2063
2110
2797
2794
1482
1483
1483
1484
2853
2853
1576
2510
2509
2500
2501
2207
2206
2080
2080
2064
2111
2111
2113
2793
2794
2804
2847
2844
2843
2854
2855
2519
2510
2507
2510
2467
2210
2210
2082
2081
2044
2115
2113
2765
2801
2758
2803
2759
2829
2853
2819
2855
2483
2522
2510
2506
2507
2201
2201
2090
2090
2045
2118
2118
2117
2764
2765
2759
2762
2764
2828
2819
2824
2498
2488
2488
2487
2450
2230
2083
2240
2315
2090
2119
2121
2118
2762
2695
2822
2827
2498
2497
2488
2491
2453
2228
2229
2305
2230
2314
2386
2120
2120
2124
2139
2687
2669
2697
2700
2701
2701
2495
2496
2491
2452
2453
2334
2228
2306
2311
2309
2312
2381
2379
2392
2394
2124
2705
2668
2666
2698
2555
2583
2552
2623
2338
2312
2309
2373
2372
2373
2394
2722
2664
2730
2664
2694
2567
2566
2552
2551
2621
2625
2344
2337
2341
2336
2374
2372
2351
2350
2725
2733
2743
2752
2753
2564
2567
2564
2596
2552
2621
2606
2345
2345
2341
2336
2366
2347
2351
2348
2724
2733
2742
2749
2749
2570
2569
2563
2573
2573
2574
2596
2603
2602
2603
2605
2366
2603
588
586
586
591
547
583
545
476
474
489
489
1336
1333
1334
1335
1412
1409
1410
1417
1253
1254
1264
1263
1266
1270
588
587
580
558
556
558
476
473
488
464
463
485
1391
1337
1413
1412
1414
1410
1420
1244
1264
1272
1273
603
604
600
560
483
483
479
482
431
464
1397
1389
1397
1381
1400
1414
1420
1248
1244
1235
1272
1272
1274
749
749
604
566
566
479
432
431
1397
1399
1382
1401
1247
1247
1235
1235
1226
794
798
763
800
764
764
683
478
427
470
432
425
422
1396
1399
1379
1506
1516
1378
1506
1245
1234
1586
1585
1226
1592
798
797
801
798
763
623
682
683
687
680
425
424
1519
1516
1521
1515
1506
1505
1623
1620
1624
1586
1601
1590
1592
769
770
800
622
623
682
680
680
677
1522
1529
1519
1528
1493
1499
1498
1503
1621
1619
1621
1601
1535
770
767
617
620
620
706
713
1526
1501
1501
1629
1620
1531
1560
767
772
616
617
619
629
706
703
710
711
1526
1480
1481
1481
1487
1503
1575
1576
1557
1560
1559
776
773
776
617
2060
2059
703
709
711
708
1009
1482
1486
1487
1487
2838
2838
1576
2519
1618
1617
1597
2499
2205
2206
2213
2213
2062
2060
2111
2110
2114
2795
2778
2759
2848
2835
2848
2840
2837
2518
2504
2519
2509
2501
2209
2207
2212
2080
2086
2086
2096
2114
2115
2113
2758
2847
2835
2520
2521
2523
2523
2521
2507
2506
2545
2210
2243
2220
2243
2088
2162
2088
2086
2086
2096
2096
2765
2756
2822
2756
2821
2818
2522
2539
2539
2538
2545
2539
2229
2241
2220
2239
2090
2119
2118
2141
2131
2141
2761
2674
2762
2822
2698
2819
2494
2494
2488
2490
2491
2542
2541
2230
2227
2308
2140
2139
2670
2668
2673
2702
2657
2663
2553
2493
2494
2491
2542
2453
2526
2260
2305
2277
2309
2309
2387
2386
2137
2136
2137
2669
2674
2665
2665
2657
2656
2555
2560
2553
2645
2623
2641
2640
2261
2338
2277
2337
2389
2388
2391
2396
2396
2704
2666
2657
2654
2561
2554
2552
2625
2643
2643
2623
2641
2261
2340
2285
2373
2375
2395
2351
2348
2723
2733
2730
2729
2748
2748
2567
2571
2627
2606
2629
2606
2344
2341
2341
2287
2287
2376
2374
2347
2348
2419
2731
2733
2749
2749
2570
2572
2572
2630
2631
2605
2286
546
1270
512
515
543
546
544
545
508
509
509
507
507
489
486
492
486
1406
1407
1405
1409
1416
1254
1250
1257
1257
1256
1257
1270
533
515
515
556
558
475
505
474
507
1390
1405
1412
1413
1419
1417
1420
1254
1253
1261
1274
1273
514
534
534
555
560
481
483
483
467
482
464
460
1390
1401
1386
1240
1248
1243
1241
1235
1228
532
751
530
750
529
762
560
560
479
479
467
466
461
461
461
1389
1394
1400
1378
1387
1238
1236
1232
1225
751
751
750
747
760
760
685
425
422
1396
1398
1385
1509
1379
1232
1237
1232
1229
1591
746
760
760
683
685
686
425
424
422
1518
1519
1514
1516
1508
1509
1623
1627
1624
1585
1586
770
730
736
759
679
676
677
1519
1525
1528
1516
1496
1495
1631
1628
1628
1630
1619
1600
1601
1592
769
735
623
626
620
628
680
702
713
712
1492
1524
1529
1492
1496
1629
1613
1616
1614
1601
1598
1603
1595
773
719
634
633
633
703
710
1527
1480
1489
1503
1501
1490
1617
1618
1615
1598
1598
772
2216
634
632
2060
629
2105
703
1009
1012
1488
2831
1488
2838
2838
2511
1597
2502
2217
2217
2213
2213
2155
2104
2105
2108
2107
1008
2776
2834
2835
2840
2840
2513
2513
2519
2516
2515
2500
2499
2210
2222
2217
2242
2165
2161
2160
2161
2102
2104
2101
2106
2106
2778
2778
2759
2835
2842
2512
2515
2504
2545
2223
2221
2243
2166
2166
2102
2093
2762
2755
2756
2822
2819
2534
2520
2533
2539
2549
2546
2547
2548
2219
2239
2239
2099
2121
2131
2141
2131
2771
2756
2660
2663
2821
2536
2542
2542
2548
2225
2226
2241
2240
2239
2386
2098
2430
2139
2141
2675
2676
2673
2663
2494
2535
2532
2532
2526
2541
2226
2257
2277
2281
2279
2280
2387
2430
2385
2430
2386
2392
2137
2136
2676
2660
2653
2558
2561
2647
2647
2640
2641
2256
2258
2260
2280
2274
2388
2429
2394
2408
2407
2730
2672
2740
2653
2654
2561
2647
2651
2644
2644
2266
2268
2277
2284
2389
2439
2421
2420
2396
2418
2418
2411
2730
2740
2559
2559
2628
2627
2631
2644
2267
2284
2283
2267
2284
2284
2287
2287
2376
2375
2420
2421
2419
2411
2732
2736
2738
2735
2736
2735
2570
2571
2628
2629
2636
2637
2638
2570
512
512
543
542
547
537
544
540
505
509
509
494
496
492
1403
1404
1404
1416
1254
1251
1251
1261
1257
1260
1259
1270
1199
533
515
556
556
553
552
509
498
502
501
499
485
491
1406
1423
1423
1427
1250
1261
1259
1201
1201
532
534
530
529
550
481
549
467
502
346
1393
1393
1391
1392
1419
1425
1425
1240
1261
1260
1229
1222
741
524
530
550
548
549
470
467
460
355
356
1394
1394
1388
1388
1385
1388
1237
1241
1236
1231
1228
1223
751
747
744
747
754
756
757
469
470
248
252
470
422
354
354
1513
1513
1387
1384
1385
1238
1232
1589
1583
1589
726
747
731
754
755
757
686
254
687
247
244
1525
989
1514
989
1509
1508
1626
1627
1583
1582
1592
1588
731
738
736
753
626
685
205
206
247
244
1001
1525
1496
1496
1630
1631
1626
1604
1605
1605
738
719
738
735
736
625
626
218
206
243
1524
1014
1493
1004
1495
1608
1613
1610
1614
1604
1603
715
716
635
626
631
628
227
226
228
217
1017
1009
1017
1015
1490
1607
1608
1611
1609
1615
716
2216
636
636
631
2159
629
2156
221
228
226
1009
1010
1011
1011
1015
1012
1489
2832
2953
1616
2995
1595
2215
2174
2153
2153
2162
2156
2105
224
2107
2774
2778
1010
2776
2831
2953
2504
2994
2215
2217
2223
2153
2150
2163
2159
2102
2108
2018
2776
2774
2773
2834
2832
2842
2513
2940
2940
2997
2972
2516
2547
2991
2545
2221
2236
2165
2102
2101
2093
2092
2774
2768
2768
2842
2842
2513
2533
2546
2549
2222
2236
2235
2236
2233
2164
2099
2098
2093
2093
2134
2771
2771
2767
2535
2534
2525
2528
2226
2225
2235
2424
2432
2130
2134
2675
2659
2663
2662
2558
2536
2531
2529
2529
2258
2278
2278
2281
2427
2270
2426
2433
2434
2405
2408
2399
2134
2671
2660
2663
2560
3067
2558
2532
2532
2651
2650
2649
2257
2276
2263
2279
2269
2273
2423
2423
2434
2408
2407
2408
2401
2672
2657
3101
2647
3237
3237
2651
2649
2650
2651
2266
2266
2273
2274
2440
2429
2410
2417
2402
2402
2740
2740
2739
3089
3088
3087
3236
2628
2634
2633
2644
2638
2268
2264
2289
2289
2290
2437
2437
2436
2417
2417
2411
2414
2736
2739
2738
3086
3087
3235
3235
2630
2635
2637
2437
536
496
511
521
543
536
540
540
504
499
494
494
492
1407
1404
1403
1422
1423
1187
1186
1181
1210
1209
1200
1200
512
521
520
543
521
540
552
504
498
501
492
336
1114
1113
1423
1427
1427
1183
1207
1208
1202
1203
1203
524
534
523
525
553
316
502
346
334
356
1119
1121
1388
1117
1425
1117
1184
1182
1182
1221
1222
1219
524
526
527
527
550
526
469
250
345
346
1116
1116
1091
1427
1177
1221
741
743
744
755
192
201
251
251
246
229
355
988
1091
983
1090
986
1385
1223
1583
1589
858
728
727
727
744
754
756
203
253
253
254
247
252
234
244
993
989
983
986
985
1627
830
1583
1589
730
726
754
734
202
203
205
247
244
991
972
978
1607
832
1609
1605
719
722
722
733
632
164
174
218
217
208
1014
1002
1002
1001
977
1608
1611
1605
843
843
842
1594
722
719
724
734
632
221
218
228
224
1019
1005
1004
980
979
1610
845
1595
843
715
2175
718
635
2147
2144
2158
221
2008
228
227
223
224
1018
1018
1006
2947
977
2952
3003
3008
3008
2993
2993
2993
2175
2146
2153
2175
2147
2146
2144
2159
2155
2156
2009
1993
2019
2019
1015
2774
2949
2957
2947
2953
3007
3008
3008
2990
2991
2994
2169
2169
2153
2159
2013
2011
2019
2915
2950
2950
2953
2944
3006
2982
2191
2168
2192
2150
2149
2164
2163
2013
2003
2014
2032
2770
2771
2916
2948
2948
2939
2944
2940
2972
2975
2972
2981
2982
2188
2192
2188
2150
2187
2233
2099
2012
2003
2032
2768
2768
3079
2942
2944
2936
2972
2977
2529
2528
2185
2188
2236
2427
2427
1807
2434
2002
2130
2027
2002
2133
2134
2671
2660
3070
3069
3068
3248
3252
3253
3253
2185
2271
2271
2426
2424
2427
2434
2433
2432
2405
2398
2399
2399
3076
3077
3071
3071
3068
3068
3250
2525
3252
2252
2256
2438
2439
2404
2402
2398
2401
3102
3101
3090
3090
3237
3233
3233
3218
3218
2246
2254
2269
2263
2290
2443
2405
2411
2413
3103
3088
3089
3235
3232
3233
2633
3214
2264
2247
2290
2292
2292
2440
2437
2447
2445
2416
2414
2413
3100
3099
3100
3099
3086
3097
3087
3227
3221
3217
2634
3215
2264
2417
2636
332
1109
518
518
518
537
539
308
307
499
308
496
496
333
335
1109
1110
1111
1187
1186
1181
1206
1209
1206
1210
1199
517
518
520
92
540
311
314
314
335
333
336
334
1107
1121
1119
1114
1187
1113
1181
1207
1208
524
521
91
94
93
316
347
349
348
1104
1119
1121
1121
1117
1189
1184
1175
1178
1183
1216
1219
1218
8
14
525
196
193
193
317
347
346
348
352
350
1093
1091
1088
1091
1092
1178
1177
1216
1213
1215
1213
1221
741
744
17
195
195
192
199
249
249
250
229
231
351
989
1088
1092
839
830
859
1223
858
743
728
15
199
198
203
201
236
239
230
233
230
991
993
983
985
986
829
839
830
830
854
856
721
733
161
164
188
203
202
175
237
238
233
993
993
983
974
986
833
929
833
833
854
855
725
725
722
734
163
164
177
177
212
234
1002
1004
973
973
978
824
861
725
725
156
164
172
176
221
211
1017
996
1006
999
979
971
980
925
846
843
2178
724
2143
2144
173
173
220
212
224
209
209
209
1019
996
1005
2956
2957
3004
3005
2985
3004
2995
2174
2147
2144
2009
2008
1991
1994
2018
2025
2915
2946
2947
2956
2998
3005
3006
2988
2169
2169
2152
1724
2011
2013
1994
1994
1993
2026
2026
2025
2917
2914
2949
2947
2940
2997
2998
2980
2990
2982
2991
2172
2189
2190
2150
2190
2012
1722
2013
2011
2017
2037
2918
2918
2942
2942
2937
2975
2982
2981
2191
2189
1809
1808
1806
2006
2005
2028
2039
2039
3080
2944
3065
2934
2975
2978
3259
2974
2978
2977
2182
2184
2185
2185
2188
1799
1808
1809
2005
2029
2029
2027
3076
2038
3077
3061
3064
3069
3062
3247
3245
3248
3250
3259
3261
2252
2252
1799
1799
1806
1885
1786
1846
3074
3072
3073
3070
3242
3250
3250
3254
3253
2252
2255
2255
2270
2438
1793
2443
2405
1886
1886
1847
1847
3073
3110
3108
3093
3067
3151
3237
3240
3218
3255
2248
2255
2246
2294
2293
2446
1795
2447
1793
2443
1857
1858
1850
3103
3102
3109
3097
3110
3093
3093
3226
3233
3215
3218
2249
2249
2293
2294
2292
2446
2445
2445
2442
2443
1860
2414
1853
1852
1853
1852
3100
3110
3097
3095
3097
3230
3226
3230
3220
3229
3221
3219
3215
3220
3214
1097
1206
87
88
84
78
77
310
311
307
319
341
341
332
1098
1111
1110
1197
1192
1197
1197
1195
1181
1205
1206
1145
1145
83
83
90
93
310
313
314
333
1108
343
1108
1106
1098
1101
1190
1188
1192
1180
1175
1141
1202
1142
8
85
91
92
90
94
317
314
349
1103
1105
1107
1104
1105
1094
1100
1095
1190
1189
1216
1219
1127
7
16
14
14
91
196
196
196
317
317
351
1104
1082
1093
1178
1175
1173
1178
1216
1212
1219
20
20
15
22
16
17
189
183
191
397
240
352
350
1087
1081
1088
1084
1085
838
838
1213
1213
859
19
18
187
186
190
190
199
199
182
237
241
241
240
231
279
278
955
929
840
840
821
821
855
864
856
150
152
161
183
161
175
236
213
215
238
275
275
992
992
953
974
929
948
832
817
861
866
866
150
148
157
158
174
177
170
214
214
274
998
972
971
970
926
922
926
925
824
827
846
849
848
148
158
155
177
212
211
209
209
995
997
996
998
971
919
923
920
823
920
824
846
853
852
2179
2179
1713
154
172
167
301
2024
996
997
977
3004
3003
2986
2984
2987
2177
2176
2176
2178
1710
1713
1731
2009
1999
1990
1990
1991
2024
2926
2026
2927
2931
2931
2957
2955
3001
2998
2969
2987
2988
2177
2171
2172
1710
1716
1716
1726
1725
1997
1998
1994
2021
2026
2915
2915
2930
2933
2955
3001
3001
2967
2966
2966
2171
2172
1716
1723
1725
1724
1996
1996
2022
2035
2035
2916
2917
2912
2932
2912
2933
2937
2975
2959
2980
2963
2965
2182
2181
2182
1659
1802
1801
1722
1805
2006
2030
2032
2039
2038
2036
2039
2037
2908
3084
3083
2932
2936
2974
2963
2182
1780
1780
1798
1799
1805
1804
1807
1805
2028
1901
2036
3080
3079
3084
3065
3065
3062
3065
3246
3245
3258
3259
3263
3261
2251
1779
1750
1792
1787
1790
1884
1787
1883
1845
1844
1844
3074
3082
3064
3061
3246
3243
3263
3256
3255
2251
2244
2255
1756
1755
1796
1796
1793
1786
1885
1845
1847
1837
1846
1843
3072
3108
3151
3241
3242
3240
3259
3254
2253
2254
1755
1756
1820
1795
1819
1818
1859
1859
1858
1850
3106
3109
3110
3096
3151
3230
3240
3239
3224
3222
2248
1758
2247
1757
1819
1821
1818
1818
1869
1860
1857
1853
1849
3106
3105
3096
3230
3095
3230
3153
3227
3223
3223
88
84
77
86
80
311
323
320
342
341
1097
1061
1099
1193
1197
1196
1195
1143
1146
10
87
85
78
101
330
328
326
323
319
338
339
1106
1099
1100
1193
1197
1155
1136
1144
1142
8
97
96
98
100
329
325
326
326
339
1103
1082
1079
1094
1023
1155
1154
1124
1141
1124
8
13
399
400
407
1082
1082
1079
1085
1095
1025
1024
1152
1152
1127
1127
1127
1126
20
23
24
14
24
181
181
396
399
401
1073
1073
1072
1084
1085
840
836
836
1151
820
862
20
22
189
182
183
179
396
239
292
277
279
279
1088
951
952
954
840
863
866
151
151
143
187
188
180
169
237
287
288
291
275
279
278
951
952
954
950
948
929
818
821
864
866
150
152
147
157
155
161
169
215
213
275
945
948
923
922
824
826
817
849
846
849
148
148
156
154
155
170
170
167
166
301
300
971
944
920
827
846
852
851
1691
1688
1712
1709
1713
1730
167
167
299
301
2924
999
2931
919
3000
2985
2986
850
2984
853
1710
1710
1713
1720
1730
2000
1971
1971
1965
2927
2926
2929
2931
3051
3001
3049
2968
1685
1718
1719
1716
1732
1726
2000
1999
2022
1968
1964
2909
2927
2929
2911
2955
3052
2960
2968
2967
2966
1661
1715
1718
1723
1728
1998
1997
1968
2021
2035
2909
2908
2911
2912
2934
2889
3033
2960
2969
2966
1658
1658
1802
1654
1901
1900
2035
3084
2912
2861
2861
3031
2962
2958
2963
1777
1783
1801
1800
1805
1789
1933
1883
1933
3082
3084
3128
3113
3112
3112
3207
3246
3262
3262
3263
1774
1780
1780
1783
1796
1789
1882
1882
1838
1844
3125
3083
3128
3157
3208
3243
3263
3167
3256
1753
1754
1754
1796
1750
1834
1790
1884
1838
1840
1839
1844
3125
1841
3133
3126
3156
3157
3161
3208
3192
3240
3166
1758
1745
1754
1757
1748
1822
1820
1793
1813
1815
1815
1856
1855
1855
1841
1850
1879
3148
3150
3159
3160
3161
3156
3192
3192
3191
3197
3224
3222
1744
1745
1744
1748
1822
1821
1815
1869
1856
1850
3106
3106
1874
3147
3154
3151
3154
3153
3189
3196
3199
1874
1063
61
84
62
79
59
81
81
327
323
323
320
342
1062
1061
1069
1065
1034
1068
1193
1034
1159
1136
1144
1146
1146
79
80
101
73
322
327
328
320
370
338
343
1070
1070
1034
1159
1156
1136
1133
1143
10
11
86
99
97
75
100
329
330
406
371
1062
1101
1022
1079
1022
1021
1155
1123
1133
1124
3
2
11
4
46
99
325
65
400
400
406
405
404
404
1081
1078
1076
1079
1022
1022
1023
1024
1025
1152
1149
1149
1124
5
5
23
46
103
400
405
403
402
272
1075
1076
1075
835
836
913
1152
821
867
1148
862
871
142
45
186
180
179
288
393
397
291
1073
277
271
1073
964
953
955
913
836
875
875
868
142
141
135
186
134
132
104
292
290
272
269
269
951
951
947
928
931
912
818
894
874
878
144
143
145
135
116
122
122
287
289
289
290
945
268
944
948
965
937
923
827
827
879
878
848
1691
1697
124
122
126
294
295
304
295
303
945
938
923
940
826
880
881
850
1691
1711
1700
123
123
125
125
1970
301
1971
305
1975
304
305
2923
2923
2921
940
2886
941
3050
3050
3049
3048
3046
851
1688
1699
1733
124
1983
1971
1974
2924
2920
2930
2886
2883
3052
3051
3049
3046
1685
1685
1719
1720
1718
1733
1731
1729
1732
1984
1984
1984
1988
1987
1965
1965
1954
2885
2886
2893
2888
3058
3057
3039
3035
1662
1659
1678
1677
1729
1729
1634
1987
1967
1968
1964
2860
2865
2861
2888
2889
2890
3033
2959
3039
3038
1662
1672
1672
1652
1656
1937
1936
1903
1968
2860
2889
3033
3029
2963
3038
3022
1777
1776
1774
1784
1777
1675
1652
1652
1790
1935
1932
1933
1933
1901
1901
1904
1904
3125
2866
3127
3127
3113
3032
3029
3031
3171
1774
1777
1782
1783
1831
1835
1914
1914
1916
1882
1909
1907
1907
3126
3128
3128
3208
3212
3170
3170
3171
1773
1774
1781
1751
1751
1835
1882
1917
1837
1839
1895
1906
1878
3125
3159
3133
3161
3157
3210
3212
3210
3210
3167
3166
1753
1745
1747
1833
1748
1812
1835
1869
1840
3145
3144
3144
3147
3160
3192
3194
3195
3198
3196
3164
1745
1742
1741
1739
1812
1811
1815
1814
1868
1869
1876
1875
1875
3145
3148
3154
3189
3188
3189
3189
3197
3198
3162
1748
59
1037
59
62
53
59
367
368
365
364
374
1060
1063
1059
1066
1070
1065
1036
1159
1169
1138
1139
1139
61
62
62
58
74
71
358
368
359
365
365
373
1070
1069
1068
1036
1034
1159
1170
1165
1136
1139
11
11
96
98
72
71
359
358
359
370
361
371
1057
1049
1028
1042
1028
1155
1133
1133
2
50
42
392
389
389
390
407
1052
1057
1028
1028
1149
1163
1149
1132
3
4
46
46
106
107
107
394
394
402
403
1076
1055
910
917
869
33
134
48
132
104
131
106
383
272
266
269
910
915
913
900
869
867
872
142
142
139
136
137
116
104
115
103
281
271
269
967
932
913
894
875
877
875
145
138
137
116
282
280
302
298
265
264
966
964
966
968
968
931
894
879
880
891
878
878
889
144
1690
1696
116
122
284
294
302
303
297
957
958
965
942
942
942
881
890
887
1687
1691
1696
121
126
298
1974
2919
2905
2883
942
883
3055
884
3046
1688
1699
1700
1707
1705
1983
1973
1972
1975
1959
2919
2920
2921
2882
2883
3049
3054
3057
3057
3036
3046
1685
1680
1680
1682
1728
1634
1986
1988
1972
1960
2864
2886
2893
2883
3059
3059
3039
3035
1662
1678
1678
1643
1681
1634
1655
1986
1986
1952
1955
2867
2863
2863
2892
2891
3012
3033
3058
3037
3028
3039
1667
1662
1677
1654
1656
1936
1937
1934
1908
1904
2867
2865
2873
2872
3032
3029
3021
1760
1671
1675
1674
1652
1651
1656
1656
1934
1935
1903
1908
1909
1907
1949
2879
2873
2880
3116
3207
3017
3017
3029
3172
3023
3173
1761
1769
1781
1831
1831
1913
1917
1916
1894
1911
1907
3135
3135
3135
3211
3212
3169
3170
3173
1782
1739
1767
1771
1833
1825
1835
1834
1914
1917
1895
3133
1894
3135
3144
3115
3202
3170
3178
3163
3163
1742
1738
1751
1736
1825
1824
1870
1918
1877
1895
1888
1879
3146
3161
3200
3204
3195
3176
3162
1742
1739
1739
1812
1812
1826
1872
1871
1873
1871
1873
1865
1876
1892
3137
3136
3138
3205
3194
3199
3175
3146
368
55
52
1060
1059
1066
1046
1066
1037
1172
1037
1040
1170
1169
1139
1138
56
74
72
368
70
377
374
1060
1047
1049
1042
1040
1172
1167
1130
1130
37
36
73
71
71
362
379
371
373
1050
1056
1042
1168
1165
1164
35
35
2
36
39
65
361
394
381
380
1057
1043
917
1165
1130
33
47
49
50
42
394
393
390
381
1053
1057
916
910
917
904
902
871
32
33
48
132
105
105
384
386
383
266
915
900
917
902
868
27
27
28
136
132
112
113
387
281
282
263
266
964
964
910
893
888
877
27
138
119
118
285
263
265
960
961
967
934
890
27
139
118
117
298
284
260
957
938
937
935
884
889
891
1694
1694
1697
1705
1706
1978
1981
298
260
958
2906
958
938
2899
941
3055
887
1688
1684
1695
1705
1707
1978
1981
1973
1957
1960
2906
2902
2901
2899
3054
3044
3045
1662
1665
1633
1978
1980
1954
1959
2905
2904
2896
2892
3014
3036
3042
1666
1665
1665
1682
1681
1640
1643
1642
1640
1952
1955
1955
2864
1961
2896
2891
3012
3011
3026
1669
1669
1674
1639
1655
1649
1930
1928
1946
1948
2866
2878
2876
2873
3013
2872
3020
3023
3025
1675
1675
1646
1649
1927
1910
1949
1946
2880
2879
2870
2869
3016
3017
3021
3022
1770
1771
1831
1914
1926
1898
1910
1911
2880
3131
3116
3212
3186
3172
1767
1767
1771
1828
1830
1918
1924
1917
1897
1898
3131
3130
3120
3202
3184
3186
3186
3164
1736
1825
1827
1870
1922
1898
1892
1891
3143
3144
3120
3203
3179
3184
3179
3179
1742
1736
1735
1826
1864
1866
1865
1892
3140
3138
3137
3205
3179
3176
3175
1872
55
53
367
364
1172
1161
56
374
1039
1168
75
63
64
377
1044
390
379
1053
1031
1165
1129
33
129
392
1052
909
916
903
42
381
1055
902
872
26
30
113
387
263
932
907
900
888
129
117
119
110
282
256
260
961
907
893
896
1693
30
1702
120
260
935
1695
1703
257
933
3042
887
1694
1637
1637
1981
1962
2903
2901
2904
1682
1643
1643
1633
1978
1952
1951
1961
2896
3014
1667
2875
2858
2876
2876
2890
3013
3011
3042
1640
1930
1928
1945
3020
3025
1671
1649
1930
1949
2878
2869
3017
1770
1646
1924
1949
3131
3116
3020
3185
1761
1766
1825
1924
1897
1889
3115
3202
3185
3186
1767
1922
1864
3141
3122
3204
1736
1922
3140
3179
56
1044
1040
1171
1050
49
64
362
1163
963
906
907
29
43
387
112
886
285
887
3043
1703
3044
1682
1665
1977
1958
2899
1948
2896
1645
3026
2870
1769
1927
3119
3119
3121
3181
1863
1866
1037
1162
1046
1172
37
63
1130
1050
903
386
43
387
900
128
961
934
883
1706
1979
1957
3042
1640
1649
3011
3019
1760
1943
2875
1648
1943
3182
1924
1889
3131
1827
1898
1888
3121
3203
3176
52
1040
377
1044
1043
1167
35
1053
384
904
129
907
897
30
110
257
263
960
259
1981
1962
2903
1946
1946
1771
2878
1861
3119
3181
1828
3141
3136
66
377
1047
1047
1162
362
380
39
897
29
113
262
897
933
1693
1694
256
2902
2899
3041
1664
1637
1952
1669
1649
1930
1669
1645
1929
3020
1920
1763
1763
1863
1892
3122
66
376
2354
2354
1161
68
68
2016
1940
40
1031
1031
897
110
128
110
1702
896
1703
1958
1636
1636
1956
2898
1942
2895
2858
2858
1367
1943
3020
3182
2877
1764
1764
1920
3119
3182
1920
1863
1418
1368
2353
1030
1157
1157
1940
1939
40
1030
40
2094
1300
2094
2016
260
1941
2004
1938
1293
1995
739
2015
2856
1764
2856
612
2231
613
