2064
357
724
715
709
710
380
379
357
308
576
577
379
364
360
308
307
313
313
767
723
719
375
366
366
315
768
565
578
579
579
375
367
321
772
543
541
533
376
374
367
317
314
321
595
541
533
534
461
452
316
615
543
615
532
457
458
458
454
451
437
445
421
425
592
614
587
617
622
458
454
445
419
604
582
584
585
616
623
468
440
450
450
445
420
606
607
1654
1286
1289
467
1266
1653
1653
1657
1288
1288
1287
1266
1050
1652
1659
1656
1287
1034
1634
1649
1648
1656
1710
1284
1283
1244
1038
1036
1052
1606
1634
1649
1711
1161
1161
1246
1038
1035
1054
1060
1055
1607
1607
1766
1712
1715
1163
1162
1212
1212
1043
1061
1060
1605
1604
1768
1175
1118
1769
1771
1726
1732
1172
1103
1117
1117
1119
1119
1157
1157
1582
1582
1764
1764
1734
1171
1121
1758
1763
1763
1762
1733
1735
1736
1736
1170
1106
1123
1123
1121
1153
743
741
744
742
744
746
724
716
710
716
709
573
575
575
574
380
380
356
356
357
360
359
361
308
309
306
306
742
742
724
722
721
719
722
573
574
378
379
385
385
354
355
357
365
308
307
307
313
741
771
768
767
722
719
565
579
576
579
577
384
377
386
386
386
369
363
364
315
319
320
313
311
771
773
768
765
719
564
564
578
579
370
371
375
374
368
367
362
314
318
321
773
772
772
766
766
766
544
543
540
533
535
377
534
376
369
317
317
318
320
321
770
770
542
543
614
541
541
533
534
456
456
455
462
452
461
436
317
316
270
426
321
426
425
609
608
592
594
595
595
612
537
536
458
456
456
451
440
452
436
437
439
422
419
422
424
609
608
582
585
615
615
612
623
537
453
457
453
454
440
440
449
445
421
434
419
607
605
604
585
582
587
616
586
617
622
623
474
473
468
470
469
470
448
450
446
449
430
433
433
419
606
607
584
586
1665
623
1285
1289
1289
1289
1265
470
447
447
450
450
450
1065
434
420
1050
1630
1630
1655
1655
1659
1655
1658
1657
1665
1664
1286
1285
1288
1288
1267
1267
1266
1266
1268
1242
1065
1242
1236
1064
1065
1050
1050
1630
1628
1653
1646
1659
1659
1665
1282
1284
1281
1284
1269
1272
1271
1247
1247
1241
1038
1242
1032
1049
1049
1051
1631
1647
1634
1659
1658
1709
1710
1710
1284
1272
1272
1246
1245
1243
1033
1033
1034
1035
1055
1055
1634
1609
1649
1709
1712
1711
1715
1716
1164
1283
1161
1246
1246
1244
1039
1036
1055
1035
1054
1607
1607
1609
1608
1609
1766
1649
1766
1765
1712
1715
1716
1161
1176
1211
1039
1040
1060
1605
1606
1604
1769
1766
1768
1726
1715
1731
1731
1164
1176
1162
1176
1175
1100
1116
1117
1118
1119
1156
1060
1160
1605
1580
1581
1771
1770
1770
1767
1725
1726
1731
1730
1168
1732
1176
1172
1175
1102
1103
1118
1157
1159
1580
1757
1772
1771
1772
1764
1726
1727
1736
1729
1172
1169
1170
1106
1103
1122
1117
1123
1121
1160
1157
1582
1583
1758
1760
1759
1764
1761
1761
1733
1734
1735
1171
1169
1170
1106
1123
1120
1153
1152
1153
1152
1153
1757
716
361
744
744
745
714
715
712
711
573
575
554
575
554
381
381
354
355
358
360
309
297
306
293
743
748
748
746
746
721
722
717
718
710
718
569
569
568
573
379
383
386
355
358
359
363
294
312
291
291
747
761
760
720
718
718
564
567
566
372
373
371
373
370
386
383
386
368
363
362
319
311
310
773
762
761
761
762
768
720
567
579
372
371
384
375
368
266
315
268
267
311
311
763
773
769
765
759
760
545
546
545
546
535
535
466
462
462
369
342
343
273
273
271
321
772
769
595
544
547
547
547
536
539
464
460
436
436
438
424
423
609
611
594
613
612
537
465
455
459
441
441
442
438
437
422
609
610
610
593
593
591
591
587
618
613
612
474
472
482
454
441
477
442
446
429
429
430
429
422
432
607
582
583
581
587
619
619
618
621
621
620
474
473
474
468
470
481
478
448
443
429
433
432
598
1654
581
1667
1667
620
1276
1274
467
469
1268
478
444
1067
433
1068
1629
1629
1653
1655
1661
1666
1667
1277
1276
1273
1267
1267
1233
1248
1233
1235
1236
1065
1067
1067
1048
1631
1630
1628
1647
1659
1660
1665
1722
1282
1280
1270
1248
1247
1242
1243
1243
1066
1033
1049
1051
1635
1633
1632
1635
1646
1646
1651
1646
1651
1724
1722
1281
1270
1270
1247
1243
1250
1038
1047
1032
1053
1053
1633
1601
1610
1650
1723
1713
1714
1195
1271
1210
1209
1209
1046
1047
1063
1053
1609
1611
1752
1717
1712
1720
1719
1714
1714
1210
1209
1211
1046
1047
1041
1041
1062
1597
1596
1596
1604
1611
1768
1768
1751
1718
1713
1731
1714
1163
1166
1166
1174
1211
1101
1040
1041
1114
1061
1063
1587
1581
1593
1593
1771
1770
1754
1727
1754
1728
1730
1167
1167
1174
1101
1103
1115
1115
1159
1158
1160
1586
1581
1760
1762
1734
1737
1729
1184
1173
1174
1102
1182
1097
1099
1125
1125
1158
1583
1583
1586
1586
1758
1744
1760
1759
1764
1761
1761
1742
1738
1738
1736
1183
1171
1184
1106
1181
1104
1107
1127
1105
1121
1125
1125
1154
1155
1107
1126
1124
745
714
361
748
752
745
750
746
716
714
712
712
569
562
563
554
553
553
323
381
358
327
365
295
296
295
297
297
292
293
756
749
713
735
711
569
556
557
554
555
555
552
334
382
358
294
297
291
754
754
748
755
757
734
717
570
571
570
558
373
383
331
383
330
363
341
269
340
268
268
290
291
753
758
761
757
758
734
733
570
564
538
566
373
371
331
344
345
345
338
268
266
267
267
764
759
760
545
546
525
539
530
464
331
463
343
342
272
273
271
285
763
764
759
589
547
525
524
538
465
466
460
513
515
514
435
513
438
273
270
407
423
673
611
590
611
589
590
589
644
525
639
538
539
465
459
460
514
428
409
408
424
599
610
611
591
641
639
639
621
626
471
626
472
482
482
477
441
402
428
428
427
431
424
605
599
601
580
581
640
619
619
638
621
625
471
472
482
478
444
444
428
432
432
598
596
598
583
598
1661
1662
1667
1278
1276
1274
480
480
480
477
1234
1238
443
1077
1068
1071
1068
1641
1643
1644
1661
1661
1277
1277
1279
1273
1274
1260
1254
1233
1233
1236
1236
1076
1079
1069
1067
1049
1641
1643
1645
1644
1673
1721
1280
1279
1269
1258
1269
1253
1255
1234
1250
1235
1078
1079
1066
1087
1085
1632
1633
1676
1675
1722
1724
1722
1706
1258
1280
1257
1196
1270
1254
1255
1249
1250
1089
1089
1086
1053
1601
1645
1600
1651
1651
1724
1723
1719
1193
1195
1256
1255
1250
1047
1047
1063
1063
1597
1598
1599
1601
1610
1752
1720
1719
1719
1682
1165
1193
1196
1210
1211
1213
1044
1047
1042
1063
1062
1597
1598
1599
1611
1588
1611
1751
1751
1717
1718
1718
1728
1166
1166
1216
1100
1041
1114
1056
1593
1592
1749
1751
1750
1750
1755
1730
1168
1178
1167
1174
1096
1096
1099
1112
1115
1160
1587
1593
1585
1743
1743
1756
1754
1728
1740
1740
1184
1184
1177
1097
1097
1098
1127
1098
1159
1155
1586
1585
1584
1743
1744
1742
1738
1753
1737
1739
1183
1181
1182
1104
1104
1104
1110
1105
1127
1127
1126
1149
1148
1154
1742
1144
751
752
750
749
730
714
726
712
740
563
549
553
549
548
549
323
322
327
327
326
327
295
298
296
293
752
752
735
735
732
735
562
562
562
557
557
550
550
553
335
325
324
325
344
339
295
292
292
754
755
755
736
739
739
571
561
559
556
335
335
334
330
332
325
339
340
341
269
279
280
280
754
671
756
757
734
734
571
559
333
332
344
332
338
340
263
281
280
672
670
708
675
758
703
696
516
517
517
531
531
529
331
333
345
511
515
345
513
340
273
265
265
284
285
676
676
676
676
669
589
643
519
517
525
527
530
464
500
464
514
515
508
402
397
273
272
408
403
285
673
676
675
644
644
644
642
637
527
465
505
506
504
510
508
508
400
402
409
401
410
404
674
601
591
644
640
638
637
505
508
507
400
409
407
404
597
601
601
603
641
634
638
636
626
627
486
479
481
476
476
399
390
389
406
405
406
597
597
603
581
1663
1662
634
625
624
625
485
480
475
476
476
1232
1238
390
1077
390
389
406
1070
1640
1641
1643
1615
1660
1668
1662
1278
1277
1276
1259
1259
1230
1230
1229
1231
1238
1237
1075
1079
1069
1071
1642
1643
1637
1676
1675
1673
1672
1700
1700
1279
1258
1253
1230
1240
1076
1078
1079
1090
1069
1087
1085
1637
1636
1637
1636
1645
1676
1676
1674
1673
1673
1699
1280
1258
1254
1196
1255
1251
1090
1091
1087
1086
1085
1087
1603
1602
1601
1589
1674
1724
1706
1707
1705
1705
1194
1194
1194
1200
1216
1252
1251
1088
1089
1095
1089
1085
1084
1603
1602
1588
1708
1682
1681
1208
1207
1215
1216
1214
1214
1045
1045
1042
1059
1059
1058
1598
1599
1591
1594
1749
1749
1786
1677
1684
1682
1682
1207
1208
1206
1206
1216
1213
1214
1044
1113
1057
1059
1057
1595
1594
1595
1594
1749
1756
1756
1677
1680
1679
1167
1224
1224
1098
1098
1113
1114
1150
1151
1150
1056
1569
1585
1748
1743
1741
1755
1753
1801
1739
1680
1185
1185
1178
1177
1096
1111
1112
1148
1149
1148
1568
1584
1585
1746
1747
1741
1741
1803
1739
1801
1739
1185
1188
1182
1108
1111
1110
1131
1148
1144
1746
730
299
688
750
729
730
726
725
726
560
921
920
920
560
919
917
549
551
551
323
323
328
305
304
300
305
301
301
298
751
678
732
731
726
739
740
561
921
551
337
337
324
325
328
348
328
305
304
279
278
678
682
732
731
737
738
739
738
558
560
560
559
336
337
347
349
348
339
259
279
280
671
708
755
708
706
703
736
704
738
695
516
521
558
528
528
550
904
332
347
346
351
261
261
281
671
671
672
708
704
696
519
531
530
500
499
347
512
351
263
262
263
284
285
670
669
703
643
518
519
531
844
529
500
506
502
501
512
512
350
398
264
265
265
676
665
668
657
526
527
527
506
506
505
504
510
509
396
401
395
397
409
412
404
403
674
667
588
631
644
633
642
637
627
627
504
494
486
503
509
400
402
387
412
410
406
404
414
596
652
602
603
631
637
625
486
498
496
400
496
495
388
390
413
413
405
597
1614
603
630
1663
635
1662
635
485
483
498
1231
497
1231
1232
1073
413
1070
1613
1614
1614
1615
1670
1669
1697
1697
1275
483
1260
1227
1231
1228
1240
1238
1073
1077
1072
1073
1070
1071
1641
1639
1612
1638
1625
1670
1670
1668
1668
1668
1699
1700
1700
1259
1259
1230
1226
1226
1239
1075
1075
1074
1639
1638
1637
1621
1670
1696
1706
1193
1196
1199
1256
1251
1251
1090
1090
1091
1082
1080
1082
1083
1603
1621
1620
1694
1708
1701
1706
1702
1198
1200
1204
1199
1252
1095
1092
1082
1082
1557
1602
1590
1588
1589
1778
1694
1786
1704
1704
1684
1198
1208
1219
1218
1094
1142
1093
1093
1083
1556
1567
1594
1588
1590
1774
1778
1777
1778
1785
1786
1707
1678
1684
1208
1205
1223
1220
1113
1143
1140
1140
1059
1567
1566
1569
1591
1748
1773
1787
1786
1678
1680
1679
1206
1191
1224
1224
1132
1142
1141
1151
1151
1569
1569
1571
1792
1747
1805
1804
1787
1784
1680
1801
1692
1185
1191
1109
1135
1134
1131
1130
1150
1568
1570
1571
1571
1748
1792
1746
1746
1745
1803
1805
1801
1802
1692
1186
1188
1190
1189
1190
1190
1111
1111
1135
1130
1145
1146
1146
1108
688
688
687
730
728
690
727
728
926
921
922
920
917
917
247
248
248
329
303
303
302
305
301
300
301
299
72
677
678
687
732
727
727
921
924
922
923
922
916
917
246
329
328
349
303
303
279
276
277
678
681
705
683
692
737
727
521
916
906
905
905
337
245
233
349
349
259
258
275
277
277
682
681
707
706
694
694
520
521
906
905
903
904
235
346
347
352
233
351
259
259
274
276
282
662
708
707
707
703
698
695
693
522
522
523
521
529
903
903
500
511
237
353
351
261
261
289
288
282
662
666
666
666
698
697
700
523
522
845
845
502
502
502
230
512
396
395
263
260
289
283
283
668
668
650
659
633
519
633
841
844
845
494
504
510
510
396
398
397
411
415
411
667
651
650
649
657
658
632
841
843
842
488
493
494
492
496
392
388
394
412
412
418
651
600
629
630
630
634
852
853
853
840
487
484
488
497
496
392
391
393
393
413
652
1613
629
628
629
1825
634
1825
850
853
849
485
483
484
483
487
498
498
1228
1482
387
1462
414
1613
1617
1614
1625
1624
1827
1669
848
1698
1263
1264
489
1262
1228
1428
1075
1461
1613
1612
1639
1619
1625
1624
1671
1671
1698
1820
1264
1264
1264
1227
1228
1225
1240
1481
1481
1481
1479
1073
1081
1081
1081
1639
1626
1621
1696
1695
1693
1698
1263
1197
1261
1226
1226
1240
1092
1081
1080
1559
1558
1621
1622
1622
1623
1696
1694
1701
1702
1702
1198
1198
1200
1218
1095
1093
1395
1556
1557
1552
1780
1694
1702
1683
1201
1204
1217
1220
1218
1094
1095
1397
1397
1567
1556
1553
1552
1776
1774
1777
1778
1704
1788
1678
1686
1683
1202
1202
1223
1223
1220
1143
1143
1140
1143
1140
1138
1567
1565
1565
1564
1555
1774
1774
1773
1787
1787
1784
1686
1688
1202
1206
1222
1133
1137
1133
1128
1138
1138
1139
1566
1570
1571
1791
1790
1784
1691
1797
1687
1690
1186
1191
1192
1221
1222
1132
1134
1131
1129
1128
1147
1147
1578
1579
1792
1790
1789
1790
1805
1805
1804
1802
1691
1692
1189
1192
1190
1222
1109
1135
1129
1131
1147
1146
1803
689
914
686
688
687
925
925
925
926
922
920
914
918
918
246
247
248
121
122
122
76
77
73
72
75
680
691
691
692
692
689
932
926
931
915
916
916
246
248
121
233
120
128
275
77
73
73
72
680
681
681
684
692
934
924
909
912
906
245
235
236
236
121
240
128
127
128
68
275
69
684
683
683
705
694
702
693
861
860
908
232
235
238
126
128
275
661
663
702
698
694
699
522
861
860
868
904
231
230
229
237
166
352
289
289
289
286
661
664
662
663
701
698
700
861
855
854
855
854
868
845
167
168
168
166
165
398
52
288
289
665
662
660
660
660
700
857
842
842
170
161
162
392
49
394
283
651
650
650
647
653
660
658
841
841
843
488
494
491
172
182
392
393
416
416
418
416
418
646
651
648
653
630
633
853
852
846
490
492
492
181
184
393
417
418
418
1617
1616
2051
629
2040
1823
1822
874
1827
851
848
849
847
490
490
491
1420
182
1427
1474
1472
1472
1460
1460
1462
1619
1617
1617
2052
2040
1824
1824
1825
1825
1826
1827
1832
1820
1820
489
1262
1420
1427
1419
1482
1480
1480
1471
1464
1461
1462
1618
1619
1627
1824
1828
1830
1821
1422
1420
1419
1428
1426
1480
1466
1560
1619
1563
1627
1625
1622
1623
1834
1834
1810
1811
1262
1262
1421
1424
1424
1426
1425
1476
1476
1478
1475
1466
1466
1559
1562
1563
1627
1563
1779
1696
1829
1834
1811
1203
1204
1321
1423
1426
1478
1476
1396
1395
1395
1560
1558
1552
1552
1780
1779
1780
1835
1704
1812
1835
1701
1683
1201
1204
1311
1310
1218
1398
1397
1399
1397
1556
1555
1553
1775
1780
1776
1782
1788
1703
1685
1687
1686
1688
1297
1297
1312
1219
1313
1136
1136
1141
1399
1574
1565
1795
1781
1782
1686
1688
1688
1296
1297
1221
1221
1133
1137
1137
1139
1413
1575
1572
1565
1579
1791
1799
1783
1692
1689
1192
1299
1302
1404
1404
1128
1138
1412
1579
1579
1792
1794
1794
1796
1790
1799
1800
1798
1689
1690
1301
1192
1301
1298
1109
1302
1405
1407
1129
1418
1147
1411
1578
1798
1145
913
242
685
685
690
968
928
928
929
930
929
914
913
913
911
242
244
243
122
122
123
76
74
79
75
75
679
686
691
968
931
927
930
930
911
912
911
911
257
244
244
244
121
240
123
79
75
680
680
978
978
932
933
910
910
907
250
255
253
235
239
124
128
126
127
128
65
70
69
996
980
684
978
934
933
858
909
859
908
908
249
238
230
232
240
239
63
125
65
64
65
65
68
664
684
702
702
812
812
813
859
861
859
859
869
907
230
227
238
63
63
287
287
38
664
663
655
788
699
700
857
855
863
868
867
868
231
170
167
166
168
63
61
53
52
52
286
646
647
655
659
789
658
789
856
856
865
867
169
171
168
162
166
49
164
48
55
415
38
645
646
647
654
653
784
876
878
839
842
171
185
162
181
184
49
3
646
647
654
653
877
877
850
839
847
191
192
192
182
186
183
184
1
1
2052
2052
2039
1822
874
874
851
851
846
847
847
882
490
191
185
1430
1427
1473
1472
1471
1471
1461
2054
2040
2041
1823
1827
1830
1833
1821
1819
1422
1420
1429
1428
1473
1474
1468
1459
2036
2035
2040
2042
1828
1828
1833
1832
1833
1818
1817
1819
1422
1438
1421
1430
1481
1479
1477
1470
1464
1466
1464
2036
1627
2034
1626
2033
1829
2043
1837
1836
1817
1814
1438
1437
1424
1424
1478
1476
1453
1453
1562
1563
1622
1911
1911
1836
1835
1813
1809
1809
1321
1426
1308
1432
1478
1394
1396
1452
1395
1454
1561
1563
1551
1549
1548
1554
1779
1910
1813
1813
1812
1812
1320
1808
1320
1310
1309
1311
1310
1387
1387
1386
1387
1390
1401
1551
1548
1554
1554
1911
1917
1917
1929
1297
1319
1319
1310
1389
1388
1398
1400
1399
1575
1574
1549
1555
1775
1914
1782
1782
1917
1929
1928
1927
1295
1294
1303
1312
1313
1403
1403
1416
1417
1401
1572
1573
1577
1577
1796
1796
1795
1800
1962
1781
1919
1918
1927
1300
1298
1291
1303
1299
1405
1402
1404
1417
1413
1413
1578
1576
1793
1794
1794
1796
1800
1800
1799
1797
1919
1689
1918
1689
1925
1301
1301
1299
1304
1304
1305
1408
1406
1407
1414
1407
1411
1410
1411
1412
1411
241
78
973
973
970
969
967
927
929
930
966
956
956
955
242
243
116
117
116
115
115
112
79
79
74
93
71
968
968
976
976
927
961
966
956
955
956
257
257
256
254
116
119
117
113
113
67
71
70
974
971
975
976
976
978
934
961
949
249
250
257
251
257
253
255
240
118
119
67
70
70
996
979
995
980
982
810
811
981
944
945
908
250
251
225
124
125
62
62
66
66
69
995
998
996
997
979
993
811
811
813
858
862
950
232
228
227
227
225
226
61
53
52
36
37
998
998
786
779
787
788
812
813
809
856
864
863
863
869
866
170
163
163
60
61
54
54
39
39
39
778
779
789
788
789
856
865
865
865
863
867
172
171
170
174
161
164
163
50
50
55
2
3
781
777
655
785
880
877
872
839
885
885
190
171
188
188
184
177
179
180
49
13
0
3
3
775
648
784
876
879
879
885
883
883
191
189
186
187
177
179
178
179
178
1
1
6
6
2051
2054
2047
785
877
875
885
883
192
192
186
1473
1473
1460
1468
1459
2053
2054
2053
2054
2032
2041
2005
1828
1851
1831
1831
1831
1821
1450
1818
1450
1448
1430
1429
1430
1469
1469
1456
1463
1464
2038
2038
2035
2036
2034
2041
2042
2044
1837
1851
1833
1816
1819
1449
1422
1440
1434
1434
1469
1469
1455
1458
1458
2037
2038
2034
2045
2046
2044
1836
1836
1817
1817
1815
1438
1438
1441
1432
1441
1433
1434
1477
1452
1453
1451
1453
2037
1561
1561
2034
2033
2046
2046
1913
1912
1813
1810
1808
1809
1806
1809
1806
1437
1321
1317
1432
1431
1452
1451
1550
1985
1986
1952
1985
2043
1913
1916
1911
1807
1807
1806
1318
1321
1319
1309
1308
1309
1309
1389
1387
1390
1390
1393
1392
1551
1984
1983
1961
1915
1915
1917
1917
1929
1931
1931
1926
1294
1319
1307
1306
1389
1388
1393
1401
1400
1551
1988
1573
1986
1986
1961
1964
1915
1914
1917
1928
1929
1934
1927
1927
1295
1303
1307
1403
1416
1417
1391
1415
1572
1572
1989
1990
1960
1961
1962
1955
1921
1918
1919
1925
1290
1291
1305
1305
1403
1404
1416
1384
1418
1417
1576
1993
1577
1990
1960
1959
1962
1955
1921
1921
1919
1924
1290
1291
1305
1304
1407
1408
1409
1408
1406
1414
1415
973
970
970
972
1014
927
965
966
957
957
242
205
195
116
114
114
78
92
94
974
973
971
969
1013
1013
962
961
965
966
958
957
257
256
195
118
114
113
67
93
94
972
982
982
982
1007
961
943
960
943
958
252
251
254
194
118
118
67
87
95
80
996
981
946
946
949
252
251
218
225
226
56
57
58
86
37
34
37
81
998
997
991
980
993
811
806
946
945
950
219
218
217
225
224
61
59
58
32
54
36
997
991
786
810
808
808
809
862
900
228
898
150
227
176
176
175
50
31
38
778
781
779
786
786
783
817
864
873
900
900
867
150
149
176
174
175
173
174
163
50
54
31
31
780
781
777
776
782
783
782
878
879
190
174
188
179
140
51
180
13
5
5
2
774
774
775
784
785
872
873
872
873
894
895
188
187
178
12
8
7
6
2048
2048
2047
2049
2050
2006
870
875
881
882
1450
189
1448
177
1467
1468
1459
5
1465
6
2047
2050
2049
2050
2004
1850
1848
1848
1856
1449
1450
1447
1448
1512
1468
1524
1456
2057
2032
2041
2045
2003
2005
1851
1847
1846
1846
1856
1445
1439
1440
1440
1434
1524
1470
1455
1457
1458
2038
2031
2029
2046
1999
1852
1847
1855
1814
1815
1436
1436
1442
1441
1432
1491
1544
1544
1456
1458
1970
2031
2045
1912
1883
1806
1815
1317
1441
1442
1493
1543
1452
1545
1454
1968
1974
2046
1942
1913
1913
1882
1916
1882
1316
1317
1317
1306
1494
1494
1376
1389
1390
1393
1393
1988
1984
1986
1983
1963
1903
1902
1932
1932
1931
1315
1316
1315
1307
1377
1391
1392
1360
1361
1987
1988
1984
1964
1966
1963
1903
1902
1932
1933
1934
1930
1338
1930
1339
1315
1342
1337
1343
1375
1380
1385
1356
1990
1994
1990
1989
1965
1966
1960
1964
1958
1958
1905
1920
1925
1922
1934
1293
1341
1341
1343
1345
1343
1345
1342
1409
1380
1381
1385
1384
1415
1993
1994
1993
1998
1960
1955
1955
1921
1923
1925
1292
1293
1293
1292
1344
1345
1408
1379
1379
1381
1382
1923
206
1004
1002
999
1014
1000
1014
1012
1030
1029
963
952
952
206
205
207
195
199
195
114
99
111
91
95
94
94
1000
1014
1008
1014
964
962
959
964
959
952
957
206
208
196
112
111
92
85
93
990
989
972
1008
982
1010
1008
1025
960
959
951
208
194
193
194
103
102
87
80
80
81
992
990
990
994
993
1007
944
1022
943
943
935
948
948
947
220
222
222
221
194
224
57
103
57
86
33
87
80
992
992
994
807
808
946
948
948
950
220
219
217
223
56
58
43
33
33
35
32
34
34
796
803
787
806
808
901
836
901
899
218
150
149
218
158
176
139
40
58
30
31
28
797
797
801
782
801
815
814
901
899
152
151
150
159
160
138
140
140
59
51
15
31
31
781
777
777
782
800
817
873
902
902
897
898
151
152
159
160
160
137
144
13
13
15
26
4
2048
2062
871
820
881
896
896
895
896
886
190
142
138
143
144
14
9
5
2056
2062
2013
871
870
871
881
1849
895
1848
894
1859
886
887
1444
1444
1446
141
1511
144
1526
1526
1525
1523
1520
7
2056
2050
2005
871
1851
1848
1859
1443
1445
1448
1513
1511
1524
1526
1524
1519
2058
2058
2028
2028
2027
2004
2005
2003
2000
1853
1853
1849
1852
1853
1856
1856
1858
1513
1440
1514
1514
1528
1528
1521
1521
2057
2031
2028
2030
2004
2030
2000
1853
1847
1854
1855
1435
1436
1439
1514
1492
1514
1541
1546
1547
1521
1969
1970
2029
2030
2001
1884
1884
1883
1855
1436
1493
1544
1547
1545
1547
1545
1970
1969
1968
1970
1967
1972
1941
1939
1894
1885
1895
1882
1896
1883
1872
1871
1871
1314
1488
1314
1337
1494
1494
1544
1540
1361
1968
1967
1974
1942
1942
1950
1895
1894
1895
1897
1873
1873
1873
1315
1336
1336
1335
1377
1360
1359
1358
1988
1968
1977
1966
1966
1904
1905
1897
1934
1930
1886
1339
1339
1337
1343
1333
1337
1335
1374
1374
1374
1374
1360
1361
1997
1991
1997
1965
1953
1957
1958
1904
1933
1351
1341
1340
1340
1344
1378
1381
1385
1385
1383
1356
1994
1991
1997
1998
1957
1956
1958
1956
1905
1909
1923
1922
1293
1351
1340
1345
1379
1379
1372
1381
1383
1382
1355
1954
1002
198
1002
1000
1011
1014
1029
1029
1028
1028
953
952
206
201
201
207
198
99
99
111
91
90
90
1004
999
1004
1006
1010
1030
1026
1031
1031
1031
963
954
204
207
200
199
103
101
101
85
91
88
990
989
988
1009
1009
1017
1022
1026
960
936
936
942
208
196
200
101
103
102
82
82
988
988
1015
937
937
938
935
942
222
222
212
47
85
43
83
82
983
992
994
802
807
829
828
837
937
942
220
220
223
224
40
34
795
804
804
803
807
827
828
830
146
145
145
139
41
42
43
30
35
29
795
796
799
804
801
815
815
814
836
901
899
146
158
139
41
15
25
29
28
797
797
801
821
835
899
897
889
148
155
160
155
158
137
134
134
14
15
11
27
26
25
25
795
2063
2063
820
820
896
889
886
886
887
155
154
159
141
144
144
10
26
26
2055
2061
2062
820
881
888
1861
1444
1505
142
144
9
1530
8
1518
2056
2028
2024
2006
2013
1841
1844
1861
1859
1860
1446
1444
1446
1505
1512
1526
1529
1530
1530
1519
1520
2058
2022
2024
2023
1999
2000
1841
1840
1859
1866
1490
1506
1506
1513
1527
1528
1522
1522
2021
2022
2029
2024
2026
2002
2001
1841
1839
1839
1854
1488
1490
1490
1492
1510
1510
1541
1528
1522
1546
1522
2018
2022
2030
2001
1940
1884
1885
1885
1870
1871
1487
1488
1492
1491
1541
1542
1547
1980
1973
1971
1972
1941
1939
1939
1940
1896
1885
1872
1877
1873
1871
1875
1486
1486
1485
1498
1498
1542
1540
1539
1359
1540
1359
1979
1982
1944
1942
1939
1895
1896
1896
1874
1875
1874
1331
1333
1331
1376
1364
1362
1358
1359
1981
1995
1982
1977
1949
1948
1949
1950
1901
1901
1887
1338
1348
1332
1332
1334
1335
1363
1363
1356
1357
1992
1995
1953
1996
1953
1947
1899
1898
1906
1886
1346
1351
1353
1335
1375
1372
1383
1355
1357
1992
1995
1997
1954
1951
1951
1908
1909
1909
1909
1908
1907
1350
1351
1322
1323
1322
1372
1371
1383
1354
1353
1028
1005
1002
202
201
201
202
198
198
108
98
99
110
111
89
90
1004
1010
1012
1030
1019
1024
953
954
203
204
97
97
109
109
89
89
1006
1006
1017
1017
1022
1020
936
941
940
215
210
100
101
107
84
985
986
984
988
1015
1021
1021
937
940
939
212
210
46
85
82
984
983
802
803
1016
837
837
935
942
214
211
40
212
42
45
43
21
794
790
805
827
828
828
837
831
830
145
40
45
46
20
20
795
792
805
799
824
827
827
836
833
834
832
145
157
158
136
11
17
24
792
793
819
818
834
891
155
156
133
134
131
25
792
799
818
821
888
890
891
154
130
130
131
9
19
27
2060
2063
2013
2013
2012
1844
1844
889
153
154
1504
129
130
1512
143
1530
19
2056
2058
2020
2014
2012
1843
1843
1861
1861
1860
1506
1504
1505
1499
1529
1518
1516
2018
2018
2010
1841
1839
1867
1867
1503
1506
1501
1509
1529
1522
1516
2018
2021
2021
2024
2022
2025
2026
2002
2026
1863
1862
1863
1489
1866
1501
1509
1507
1533
1533
2015
2016
1972
2026
2002
1937
1881
1880
1864
1862
1488
1484
1489
1498
1541
1510
1534
1534
1534
1971
1972
1935
1937
1878
1877
1876
1865
1485
1486
1498
1537
1538
1540
1531
1532
1982
1982
1949
1900
1900
1889
1876
1875
1486
1333
1329
1538
1362
1367
1981
1978
1944
1943
1949
1901
1899
1901
1889
1888
1331
1333
1327
1364
1365
1363
1367
1357
1995
1948
1947
1899
1898
1887
1346
1349
1352
1353
1325
1322
1364
1370
1370
1365
1992
1996
1953
1951
1907
1906
1347
1347
1353
1322
1324
1370
1370
1371
1355
1893
1006
1011
1027
953
108
105
1003
953
96
109
1010
1017
1020
1023
96
938
940
214
210
107
83
986
805
1021
213
209
47
21
829
214
212
23
21
791
798
826
833
148
134
135
45
18
799
819
819
822
833
892
147
156
135
11
16
2060
793
2011
888
893
130
2063
2011
893
132
1518
19
2060
2008
2010
1845
1868
1504
1500
1500
2020
2025
2009
2010
1843
1839
1867
1869
1508
1507
2016
1489
1496
1495
1497
1510
1536
1536
1516
1936
1881
1879
1864
1536
1533
1973
1938
1881
1864
1484
1498
1531
1982
1935
1891
1876
1331
1329
1538
1366
1979
1978
1948
1891
1889
1348
1329
1326
1364
1367
1976
1893
1887
1349
1325
1373
1943
1891
1325
1373
1005
200
97
108
204
987
1016
1020
47
148
136
44
791
805
831
835
18
890
19
1517
2014
1518
2020
2020
1842
1868
1499
1863
1501
1936
1532
1538
1982
1878
1329
1327
1325
1369
1893
1907
197
106
203
109
986
1019
88
215
23
831
824
837
45
816
135
132
10
2012
1845
1869
1515
2019
1938
1536
1535
1980
1879
1484
1937
1876
1369
1891
1348
1330
1945
1889
1349
1327
1373
1355
1001
97
1023
210
96
107
985
214
832
23
824
136
17
792
823
891
832
154
893
1845
1869
1503
1863
1865
1978
1484
1893
1328
1367
1943
1352
1323
1027
1024
977
203
106
1020
940
1016
23
790
824
148
17
132
2059
2060
892
1500
1508
1516
2017
2010
1838
2016
1937
1881
2015
1936
1890
1537
1946
1976
1943
1892
1347
1324
1027
1024
1179
1179
105
1018
1018
234
1180
825
216
216
22
823
816
822
2007
16
2007
1857
2008
2008
1857
1508
1842
1502
1496
1495
234
1865
1535
1532
1483
1976
1975
1946
1326
1369
1945
1893
353
838
1179
216
104
104
1180
1180
825
216
825
1368
1295
1368
1025
147
1502
1043
353
817
1037
1037
884
1187
1975
1187
656
1037
572
