2544
40
806
806
940
942
63
65
41
137
947
930
65
50
132
133
135
119
120
745
803
802
51
58
57
130
746
948
953
949
950
78
58
83
749
682
669
669
54
55
56
87
86
83
751
667
668
671
299
301
87
664
664
663
670
312
311
312
308
302
167
167
165
93
709
704
704
657
656
312
302
186
162
717
707
709
703
702
659
260
194
193
197
195
161
719
719
2068
2208
2211
260
1277
2073
2074
2067
2208
2206
2211
1278
1357
2075
2125
2122
2209
1368
2078
2072
2124
2121
2200
2199
2199
1350
1370
1370
1351
1929
2076
1933
2189
1287
1286
1335
1369
1353
1352
1388
1352
1931
1931
1995
2188
2195
1288
1483
1335
1334
1379
1390
1387
1928
1927
1993
1484
1543
1937
1939
2022
2024
1480
1552
1542
1562
1543
1541
1540
1546
1982
1983
2002
2002
2021
1492
1540
1981
2003
2006
2004
2019
2021
2018
1490
1494
1560
1534
1534
1533
1532
818
817
814
816
817
808
807
811
811
813
943
941
930
920
920
62
63
43
41
42
40
46
45
138
137
134
134
818
817
800
800
802
941
812
929
930
65
66
68
60
51
42
40
133
136
130
137
120
817
742
746
801
803
944
948
952
953
951
951
66
76
68
67
68
52
52
131
131
130
119
123
121
745
749
754
752
945
948
947
953
950
70
78
78
55
57
58
115
85
80
82
748
749
749
750
753
753
683
666
669
673
674
76
673
77
56
88
88
80
81
82
722
723
701
662
700
667
668
669
673
313
314
314
298
298
300
300
88
166
80
81
83
93
92
722
724
724
712
712
701
664
655
671
310
312
313
309
302
302
182
186
181
167
160
165
159
723
724
708
714
700
664
659
655
656
310
311
309
308
181
180
181
186
167
171
162
718
715
717
709
709
695
704
696
658
659
657
258
261
262
275
262
277
193
195
189
197
170
172
172
159
719
719
706
704
2110
658
2210
2207
2207
2211
1276
276
194
196
197
196
197
1365
172
161
1357
2070
2070
2075
2075
2125
2067
2108
2113
2109
2110
2208
2210
2209
2206
1273
1285
1278
1279
1277
1350
1362
1349
1318
1361
1364
1357
1359
2079
2080
2075
2072
2123
2106
2110
2210
2200
2198
2198
1285
1284
1283
1279
1346
1350
1370
1350
1363
1356
1360
1360
2080
2077
2077
2125
2125
2117
2122
2205
2199
1286
1287
1347
1347
1348
1367
1367
1368
1353
1355
1351
2076
1934
2124
2121
2190
2190
2187
2199
2196
2197
1288
1336
1337
1335
1378
1380
1355
1389
1352
1930
1927
1930
1935
1936
1933
1933
1996
1996
2189
2193
2195
1333
1484
1335
1380
1380
1389
1928
1931
1931
1937
1994
1995
2023
2194
2195
2192
1481
1484
1484
1483
1552
1331
1544
1543
1544
1543
1541
1387
1549
1945
1938
1944
1940
1937
1994
1992
2023
2026
2193
2024
1489
1480
1482
1482
1481
1554
1554
1538
1548
1549
1983
1981
1941
1941
1940
2002
2022
2026
2017
1491
1491
1493
1493
1564
1563
1564
1539
1534
1530
1547
1546
1982
1986
1980
1979
1979
2006
2005
2006
2019
2020
2021
1490
1492
1494
1564
1533
1532
1546
1524
1524
1523
1524
1981
805
45
815
814
807
804
813
813
939
924
930
923
920
922
61
61
42
42
46
133
138
137
135
124
823
822
820
816
800
802
798
945
813
943
938
942
936
933
932
65
62
67
48
48
47
133
133
128
128
124
820
744
801
797
802
944
946
953
933
71
72
73
73
69
78
75
68
53
50
115
123
122
122
744
742
743
737
738
754
680
952
949
72
77
74
53
53
117
85
118
89
122
122
747
747
753
753
750
752
684
681
683
666
673
674
315
304
303
54
88
88
88
85
90
83
734
751
684
684
679
684
666
670
672
317
299
307
178
185
93
93
721
730
713
675
661
639
316
317
305
182
306
179
184
186
164
724
721
720
714
714
713
714
696
699
660
660
259
263
274
301
306
277
181
187
187
192
163
170
160
176
716
707
706
710
699
698
661
699
659
650
646
259
258
261
262
277
275
274
274
192
191
171
176
767
2068
695
2111
2110
646
2212
2214
262
276
1280
277
188
1365
172
1358
2069
2069
2074
2115
2114
2107
2109
2224
2213
2215
1273
1279
1280
1279
1320
1318
1317
1362
1364
1365
1359
2079
2080
2085
2083
2123
2114
2107
2222
2210
2202
1284
1283
1275
1319
1348
1317
1361
1367
1360
1360
2080
2084
2084
2081
2082
2071
2120
2120
2120
2119
2204
2201
1281
1285
1346
1344
1343
1370
1375
1367
1354
1354
2078
1915
1936
2119
2203
2204
2197
2196
1290
1340
1337
1336
1374
1372
1389
1354
1935
1936
1988
2117
2188
2167
2186
2186
2192
1338
1338
1332
1375
1373
1380
1377
1389
1913
1912
1913
1946
1935
1996
1996
1991
1993
2187
2192
2195
1488
1489
1488
1479
1332
1553
1378
1379
1537
1390
1383
1912
1946
1945
1944
1939
1992
1991
2025
1991
2026
2192
1486
1486
1479
1554
1553
1539
1538
1549
1548
1547
1986
1984
1998
2004
2021
2017
2026
1499
1497
1496
1554
1496
1551
1568
1536
1535
1546
1984
1985
1986
1986
1981
1977
1978
1978
2005
2006
2000
1999
2012
2012
2018
1499
1498
1499
1560
1496
1561
1564
1563
1569
1534
1531
1535
1522
1524
1561
1531
1530
804
805
45
823
821
815
831
808
810
812
809
940
925
927
924
923
914
915
25
43
48
45
145
147
148
148
146
146
143
124
822
833
809
795
934
939
928
933
918
915
915
914
26
60
47
145
148
128
822
822
820
828
796
797
798
937
937
936
932
73
69
37
74
36
48
14
117
115
127
139
128
126
744
739
739
738
736
681
938
937
946
931
931
73
70
30
18
53
18
115
118
118
126
90
744
737
735
680
677
637
672
892
280
75
291
109
110
118
111
90
98
734
729
728
676
679
678
636
637
316
284
304
303
290
292
178
204
183
113
89
232
232
734
731
726
728
726
726
676
675
679
636
638
638
284
317
292
307
163
183
236
164
721
721
731
711
697
694
649
639
651
264
641
267
265
305
274
179
184
169
169
173
177
175
716
715
768
711
698
697
699
649
648
646
651
263
266
271
269
189
192
169
174
176
767
772
769
706
769
2112
2112
2111
2225
2215
2215
265
270
272
272
1320
1316
192
1412
1411
1430
1430
2104
2103
2071
2115
2114
2221
2225
2225
2215
2214
1305
1303
1320
1319
1320
1317
1420
1419
1429
1429
1358
2105
2083
2082
2118
2106
2221
2222
2223
1282
1302
1285
1309
1313
1314
1315
1317
1417
1419
1425
1425
1423
2085
2101
2118
2142
2203
2169
2205
2174
1282
2201
1310
1289
1281
1308
1343
1345
1342
1371
1418
1409
1354
1916
2081
1919
1936
2120
2142
2169
2170
2172
1290
1339
1340
1344
1374
1371
1384
1385
1916
1914
1921
1916
1936
1987
2167
2168
2181
2182
1487
2172
1289
1340
1331
1342
1373
1372
1377
1385
1385
1913
1914
1946
1943
1920
1943
1988
1991
2183
2183
2182
2181
1487
1478
1479
1559
1377
1558
1383
1946
1943
1989
1990
1989
1990
2014
2007
1489
1486
1486
1479
1557
1551
1556
1555
1537
1549
1973
1922
1977
1943
2001
2000
2016
2015
2008
2007
1498
1497
1507
1565
1551
1555
1536
1556
1529
1522
1972
1971
1970
1968
1998
2000
2015
2013
2008
2009
1499
1496
1508
1566
1567
1567
1568
1568
1569
1568
1526
1527
1521
1520
1999
1521
830
833
833
833
873
810
872
935
935
925
923
916
922
918
916
27
25
0
2
3
3
148
142
147
143
825
832
796
795
833
858
934
927
928
926
921
917
917
918
38
28
25
27
17
15
144
143
143
824
826
828
857
856
938
878
876
933
926
38
37
38
33
31
26
16
14
144
116
157
139
140
741
740
827
828
855
878
875
886
37
33
17
33
16
110
116
116
95
741
732
735
727
736
777
689
878
875
883
891
883
893
30
33
18
288
289
18
203
109
117
112
111
98
97
734
733
729
732
727
728
689
679
677
644
644
893
283
282
284
291
290
203
204
200
112
113
235
232
230
730
771
728
688
687
689
694
643
644
287
286
287
284
294
292
295
206
207
237
207
237
232
771
768
710
693
694
649
641
285
268
205
207
237
236
177
774
774
769
691
692
692
648
649
650
654
264
266
267
272
268
188
210
190
173
176
174
773
774
769
705
2134
2134
647
652
654
652
254
270
272
271
269
1325
1323
190
1412
211
212
221
1428
2105
2105
2097
2137
2114
2135
2133
2218
2225
2224
1302
1305
1303
1304
1313
1328
1330
1329
1413
1412
1429
1430
2102
2104
2095
2136
2145
2143
2132
2219
2217
2217
1307
1310
1308
1330
1416
1420
1418
1416
1424
1425
1423
2103
2095
2093
2095
2145
2139
2145
2145
2141
2142
2170
2202
1310
1310
1306
1314
1345
1417
1410
1425
1410
1402
1409
1909
1921
1915
1920
2144
2142
2170
2170
2174
2175
2173
2172
1306
1295
1339
1344
1345
1394
1408
1394
1410
1409
1407
1916
1921
2046
2166
2176
2178
1474
1473
1340
1476
1458
1342
1395
1395
1400
1406
1384
1399
1911
1924
1917
1924
2043
2046
2045
2185
2177
2180
2177
2178
1472
1477
1471
1476
1559
1559
1559
1579
1381
1382
1382
1976
1923
1923
1922
2042
2042
2039
2185
2180
2179
1470
1477
1476
1576
1558
1577
1526
1529
1513
1528
1381
1974
1971
1969
1998
2054
2063
2016
2014
2009
2010
1502
1503
1508
1509
1557
1570
1526
1528
1529
1529
1973
1971
1971
1970
1969
2001
2001
2013
2011
2011
2011
1504
1505
1506
1566
1565
1571
1574
1526
1521
1968
869
141
830
832
842
833
873
873
866
900
901
903
903
902
908
908
907
918
905
21
27
1
151
150
152
153
158
153
142
824
830
842
870
873
872
899
899
903
888
21
23
27
28
0
1
2
155
158
157
140
825
844
845
857
858
856
877
878
876
894
898
888
38
35
31
15
11
155
101
105
95
826
789
828
789
854
777
857
855
857
859
878
882
879
880
886
887
35
32
13
13
99
103
104
96
785
740
741
776
779
778
685
893
892
282
30
10
288
11
106
108
107
98
98
781
784
779
689
686
686
891
889
893
281
287
282
289
297
297
100
201
107
107
235
771
793
784
783
643
644
641
287
285
286
293
293
205
199
207
200
202
234
233
231
231
771
763
784
691
693
692
694
642
642
653
241
242
242
240
240
206
208
215
233
234
220
218
222
772
760
765
766
691
647
654
254
242
247
208
245
246
212
210
219
222
222
774
2097
766
1255
2135
1089
2133
654
254
257
247
1325
246
1324
1323
1415
221
1427
2100
2097
2092
2137
2135
2132
2220
2219
2218
257
1304
1304
1325
1325
1330
1329
1415
1415
1414
1415
1430
1426
2105
2099
2100
2095
2094
2137
2138
2139
2131
2132
2132
2219
2217
1302
1300
1309
1321
1326
1330
1414
1422
1426
2102
2101
2095
2140
2140
2130
2175
2175
1307
1295
1293
1315
1315
1392
1392
1421
1403
1404
1405
1402
1909
2088
2144
2143
2169
2150
2174
2175
2154
1294
1294
1295
1311
1395
1410
1402
1405
1910
1918
1918
1919
2031
2046
2129
2044
2184
2166
2176
2154
1473
1459
1312
1395
1398
1400
1396
1407
1910
1975
1926
1917
1925
2028
2046
2045
2044
2041
2045
2185
2184
2180
1474
1473
1476
1458
1577
1578
1578
1399
1406
1975
1975
1975
1926
1959
2043
2040
2039
2185
2159
2180
1471
1501
1507
1457
1575
1579
1510
1513
1514
1974
1976
1961
1961
2055
2056
2065
2063
2063
2011
2066
2160
1503
1509
1462
1576
1572
1573
1516
1513
1972
1960
1957
1958
1961
1958
2052
1957
2054
2053
2064
2066
2066
2010
1503
1504
1500
1508
1505
1509
1571
1570
1574
1574
1519
1518
1519
1462
837
838
843
869
871
868
871
867
865
902
901
903
906
908
20
23
19
6
7
149
149
151
152
158
156
156
470
845
846
843
870
870
866
900
895
894
897
897
906
908
22
5
8
4
8
150
158
471
469
848
848
844
853
863
861
863
880
898
910
888
888
35
23
23
5
12
102
155
157
95
469
787
850
853
862
860
863
881
881
879
885
884
618
35
32
12
13
13
103
103
103
104
95
364
788
789
787
776
779
778
860
1243
883
1038
1037
883
890
884
890
282
296
10
10
100
102
105
364
363
96
792
789
794
782
779
1250
1248
1035
1035
1046
889
279
278
296
278
297
199
202
107
108
229
228
358
793
781
781
783
687
685
1049
1050
1044
1045
249
279
294
297
199
201
202
229
226
229
762
761
764
764
784
1269
1258
1052
1052
1043
248
248
241
244
244
214
215
216
226
218
225
763
765
1254
1256
1256
1049
1089
1090
1088
1051
252
255
252
247
245
213
208
217
217
219
761
2098
1253
1252
1252
2403
1255
2394
1091
1092
1089
257
257
256
256
250
239
247
1322
1720
211
1743
222
2098
2303
2091
2091
2139
2397
2135
1085
2220
1298
1299
257
1299
1322
1719
1422
1744
2100
2100
2099
2296
2092
2139
2397
2398
2219
2445
1299
2444
1299
1304
1321
1327
1327
1722
1721
1723
1727
1414
1422
1427
1404
2093
2090
2089
2128
2128
2147
2147
1300
1297
1296
1293
1312
1326
1392
1405
1405
2086
2086
2087
2088
2089
2127
2129
2148
2149
2147
2155
2154
2155
1295
1311
1394
1397
1401
1911
1909
2031
2029
2127
2149
2153
1473
1456
1292
1459
1458
1393
1397
1596
1598
1950
1925
1926
2030
2031
2028
2033
2038
2162
2037
2162
2152
2152
2151
1435
1456
1459
1450
1587
1398
1400
1586
1511
1512
1951
1949
1949
1948
1947
2035
2036
2034
2040
2041
2059
2164
2165
1439
1472
1434
1575
1589
1589
1585
1511
1513
1510
1955
1955
1961
1959
2055
2063
2159
2060
2159
2159
1503
1433
1439
1461
1463
1460
1581
1573
1582
1516
1514
1518
1953
1952
1963
1962
1962
2052
2053
2051
2065
2066
2066
2158
1500
1501
1506
1464
1464
1572
1582
1574
1519
1519
2049
868
912
834
838
842
868
958
867
960
895
911
913
904
905
19
20
6
7
451
449
459
461
468
470
460
837
843
841
843
840
868
861
865
962
911
913
910
613
612
8
612
451
448
468
461
471
471
470
847
848
848
849
840
967
896
896
909
885
613
615
621
611
4
612
447
447
448
468
471
472
849
851
852
853
863
852
859
1039
1041
1072
619
622
621
453
453
473
785
786
853
1249
1246
1248
1039
1042
1037
1047
1070
620
618
617
623
520
99
366
363
365
366
791
790
793
794
776
1251
1251
1036
1034
1037
1044
1037
1047
1046
548
516
520
519
518
202
371
363
365
794
792
1270
1271
1250
1248
1048
1044
1045
550
555
517
213
522
216
225
762
758
756
755
1269
1271
1258
1049
1052
1052
251
238
249
547
554
217
217
227
227
224
227
224
759
760
759
1268
1254
1258
1091
1090
1087
252
239
244
553
533
214
223
227
224
2304
2304
2302
1253
2292
2291
2403
1259
2394
1091
1089
1085
1087
252
257
247
1785
553
1720
1715
1715
1742
1743
1743
1741
2299
2304
2295
2304
2290
2291
2292
2402
2403
2395
2396
2453
2445
2446
250
1298
1787
1719
1786
1723
1722
1742
1716
1731
1744
1743
2299
2298
2287
2403
2397
2395
2446
1779
1787
1787
1721
1784
1726
1732
2370
2299
2372
2295
2090
2399
2397
2398
2385
2449
2460
2444
1296
1781
1783
1784
1723
1842
1724
1728
1728
1726
1733
1733
2371
2371
2374
2087
2373
2127
2130
2387
2386
2155
1297
1292
1835
1784
1840
1724
1727
1593
1592
1592
2369
2366
2031
2029
2033
2497
2033
2388
2148
2392
2393
2150
2155
2152
1436
1456
1835
1451
1594
1597
1597
1598
2368
2027
2027
2036
2034
2033
2037
2038
2161
2162
2165
2163
2152
1438
1436
1454
1453
1451
1450
1587
1396
1615
1951
1950
2035
2056
2058
2164
2165
2165
1439
1439
1457
1452
1588
1585
1589
1586
1623
1954
1956
1948
1956
1964
2061
2059
2160
2156
1434
1449
1461
1469
1583
1584
1516
1622
1956
1956
1963
1966
1965
2050
2049
2051
2047
2061
2158
2157
1432
1434
1448
1449
1464
1463
1460
1581
1584
1584
1517
1620
1952
2061
1517
904
609
835
835
839
1189
959
958
962
961
961
912
913
970
910
610
608
610
444
443
442
459
460
464
460
458
836
834
840
1189
959
962
967
968
913
972
910
971
597
615
614
608
450
612
449
462
460
846
836
1188
1188
962
967
972
964
971
599
600
615
614
615
451
451
453
455
456
473
474
475
1144
1142
851
1246
1244
1244
1042
963
1040
1071
1072
1072
622
616
620
625
624
453
455
454
373
373
362
472
786
850
1235
1234
1245
1246
1242
1041
1038
1042
1042
1070
1071
620
617
623
521
373
366
366
357
790
791
1236
1251
1251
1249
1248
1033
1065
1069
1066
1069
620
549
616
519
520
521
523
522
370
363
361
757
755
1268
1270
1237
1265
1247
1266
1033
1060
1064
550
548
516
517
520
531
532
370
369
359
360
759
757
759
1271
1271
1264
1258
1266
1050
1064
546
555
555
555
533
333
339
758
756
1268
1261
1261
1260
1091
1080
1076
546
542
544
554
540
535
532
337
340
2301
2301
2294
2293
1261
1259
1092
1080
1073
1074
1073
1077
1074
543
541
1712
1712
1714
1718
1740
1715
1741
2303
2294
2293
2401
2401
2453
2451
2452
2448
1778
1787
1786
1713
1718
1717
1739
1735
2299
2286
2288
2289
2396
2400
2442
2453
2453
2448
2447
2447
1782
1782
1782
1777
1723
1716
1709
1730
1738
1732
1734
2298
2296
2374
2289
2288
2399
2390
2388
2386
2449
2463
1780
1782
1784
1783
1724
1731
1733
1733
2370
2374
2496
2496
2498
2387
2385
2393
2460
2460
1830
1840
1845
1841
1602
1591
1597
1590
1593
1590
2367
2369
2369
2368
2373
2309
2500
2503
2393
2392
2391
2391
1435
2415
1834
1837
1844
1836
1843
1595
1602
1602
1595
1597
1591
2366
2366
2308
2309
2498
2490
2490
2414
1438
1832
1833
1836
1612
1611
1594
1614
1614
2334
2334
2307
1947
2036
2490
2057
2057
2490
2413
2417
2418
1437
1437
1434
1454
1453
1612
1589
1609
1623
1615
2333
2333
1954
1966
1964
2051
2322
2051
2484
2058
2411
2412
2417
1433
1447
1444
1449
1447
1469
1452
1581
1584
1623
1623
1953
2331
1966
1965
1966
2050
2048
2048
2047
2060
2412
2157
2406
2156
2406
1432
1441
1448
1449
1469
1446
1469
1468
1466
1583
1466
1620
1621
1621
1622
1620
607
466
1174
1174
1173
1190
1191
955
954
968
985
985
986
983
607
609
444
445
446
438
443
441
466
465
457
398
458
1172
1172
1188
1191
954
965
968
972
596
984
596
597
605
603
446
442
445
439
440
464
476
476
1179
1177
1186
1188
1185
1185
967
966
964
600
598
600
600
601
602
604
624
446
440
462
475
474
1145
1143
1143
1178
1186
1241
1246
1183
1007
966
1072
599
632
625
455
456
373
455
463
374
357
1146
1146
1146
1151
1235
1235
1232
1241
1242
1040
1068
1069
619
632
631
634
635
635
569
371
375
376
357
1146
1150
1235
1236
1233
1233
1238
1242
1239
1034
1060
1061
1067
1065
1067
550
530
524
525
525
370
370
360
359
361
1230
1231
1263
1238
1262
1266
1059
1054
1062
1062
1064
550
547
549
552
552
529
528
524
367
369
383
383
1230
1227
1268
1216
1265
1262
1219
1059
1059
1075
537
552
539
540
534
527
531
528
334
335
337
341
341
1229
1228
1263
1260
1054
1082
1077
1076
1077
545
545
538
540
535
535
534
332
332
333
337
339
340
2301
2280
2294
1216
1261
1218
1077
1075
543
542
541
1718
1717
1739
1740
1735
2282
2301
2284
2282
2285
2294
2227
2400
2443
2443
2441
2442
2451
1799
2448
1774
1776
1776
1713
1712
1713
1718
1737
1737
1736
2284
2283
2297
2284
2285
2289
2226
2228
2440
2443
2450
2450
2448
1802
1779
1775
1768
1713
1710
1710
1695
1738
1737
2297
2283
2286
2289
2255
2228
2439
2439
2455
2459
2462
1780
1769
1781
1841
1839
1842
1711
1725
1730
1730
1696
1737
2378
2369
2379
2378
2374
2256
2256
2494
2495
2389
2459
2461
2463
2463
2463
2462
1830
1828
1829
1838
1846
1608
1608
2367
2380
2309
2501
2309
2501
2502
2497
2495
2389
2389
2461
1832
1831
1832
1845
1847
1843
1846
1603
1603
1607
1606
1608
1605
2329
2312
2313
2500
2500
2492
2493
2493
2423
2422
2416
2414
1850
1834
1837
1844
1613
1610
1618
1618
1618
2328
2329
2328
2311
2307
2308
2322
2487
2491
2493
2423
2423
2421
2417
2417
1852
1865
1867
1612
1613
1610
1609
1624
2334
2334
2325
2310
2323
2324
2324
2485
2413
2412
2412
2408
1443
1443
1445
1445
1467
1468
1627
1628
1626
1628
2332
2330
2333
2330
2321
2320
2320
2485
2410
2409
2408
2407
1442
1444
1441
1446
1469
1469
1466
1864
1627
1626
1625
1176
1175
1173
1176
1190
955
980
987
987
983
607
582
593
446
437
438
466
397
397
1181
1180
1178
1191
1191
957
956
965
981
987
987
991
604
603
594
437
439
441
466
400
399
1180
1177
1184
1185
1185
956
1007
1005
964
990
598
601
605
575
574
440
440
415
401
414
1145
1183
1032
1031
1026
632
601
626
635
572
570
570
395
463
376
381
376
402
1151
1151
1151
1142
1149
1240
1241
1032
1030
1025
629
632
633
635
569
525
570
568
375
395
376
1150
1148
1232
1241
1239
1207
1032
1061
1062
1066
1067
490
633
495
634
569
525
384
383
1231
1231
1225
1213
1237
1210
1208
1055
1057
1053
1062
1067
489
490
488
493
494
552
529
530
368
367
384
383
1230
1226
1224
1228
1215
1264
1209
1054
1059
536
536
540
526
526
336
336
336
344
342
344
1229
1229
1227
1216
1216
1221
1220
1221
1219
1078
1078
539
538
331
336
342
346
346
2281
2281
2276
2279
2277
2234
1221
1218
1081
1081
1799
544
1774
535
1688
1686
1735
345
1681
338
2280
2279
2278
2279
2233
2441
2434
2430
2455
1802
1798
1776
1776
1685
1709
1682
1681
2284
2278
2259
2259
2258
2226
2443
2440
2455
2458
2458
1802
1773
1772
1777
1770
1685
1695
1695
1695
1691
2271
2271
2257
2255
2264
2436
2435
2456
2457
2456
1825
1827
1769
1768
1838
1771
1701
1698
1697
1690
2378
2384
2381
2494
2523
2516
1825
1831
1829
1826
1839
1603
1698
1698
1604
2379
2380
2502
2381
2502
2503
2521
2523
2519
1832
1828
1857
1847
1847
1847
1600
1603
1607
1608
1604
2329
2314
2313
2313
2313
2502
2493
2520
2421
2415
1851
1833
1851
1854
1599
1613
1606
1616
1618
2326
2327
2310
2324
2318
2486
2487
2493
2423
2420
2422
2418
1905
1900
1902
1852
1866
1855
1867
1653
1613
1616
1617
2327
2342
2325
2311
2318
2324
2323
2487
2488
2488
2487
2409
2407
2405
2420
1443
1901
1859
1865
1861
1867
1864
1867
1651
1650
1652
1668
1625
1624
2331
2344
2341
2316
2321
2484
2475
2410
2408
2408
1443
1441
1442
1858
1858
1866
1863
1864
1649
1649
1667
2405
582
1163
1176
1170
1175
1171
1168
1158
973
980
982
979
986
582
585
595
580
593
595
433
428
424
405
398
401
403
1169
1158
1160
1158
980
957
982
981
992
992
984
585
591
595
433
426
400
416
401
1181
1180
1180
1160
1184
1160
1161
1006
1007
990
992
592
595
573
571
574
434
416
416
401
399
1141
1140
1140
1138
1138
1183
1007
1004
1005
1024
1026
1024
1027
1027
630
592
563
571
573
572
566
575
432
413
396
415
414
1140
1141
1149
1138
1203
1032
1027
1027
1027
630
628
630
627
567
570
396
394
395
381
392
379
381
1148
1126
1210
1202
1202
1056
1028
1031
1100
629
490
478
627
495
495
515
513
395
393
386
385
1226
1226
1213
1211
1211
1211
1208
1056
1102
479
489
490
494
495
512
511
512
511
368
318
386
386
1222
1226
1225
1199
1210
1207
1104
1101
1055
1102
1102
488
487
491
493
492
496
331
334
335
319
342
345
2275
2234
1221
1201
1103
1103
1104
1109
1110
1109
537
505
527
331
329
321
353
346
2276
2234
2234
1220
1218
1218
1082
2433
1078
2430
1108
1799
1109
1109
1799
1804
1804
331
1762
328
1687
1688
1688
1683
1678
346
2274
2279
2232
1212
2438
2433
2430
1803
1807
1774
1762
1759
1688
1685
1683
1676
2272
2272
2258
2259
2259
2262
2227
2260
2261
2437
2438
2438
2438
2435
2458
1802
1807
1761
1772
1761
1759
1680
1682
1692
1691
2271
2378
2251
2263
2264
2264
2509
2437
2434
2458
1801
1827
1827
1772
1772
1771
1757
1702
1698
1693
1690
2377
2384
2383
2264
2510
2523
2513
2522
2518
1826
1846
1703
1700
1697
1690
1699
2377
2376
2375
2384
2382
2384
2346
2528
2527
2513
2521
2523
2520
2516
2517
2518
2518
1848
1849
1849
1856
1856
1600
1601
1638
1605
2375
2376
2345
2345
2528
2528
2531
2533
2532
2519
2515
2517
1906
1848
1851
1855
1853
1638
1642
1645
1646
2343
2326
2314
2319
2318
2473
2491
2532
2419
2420
1905
1907
1902
1851
1862
1899
1853
1854
1653
1653
1644
1635
1644
1647
2340
2344
2317
2318
2315
2470
2473
2483
2420
1901
1899
1862
1860
1862
1653
1655
1665
1668
1668
1660
2344
2344
2340
2337
2315
2470
2471
2474
2474
2483
2482
2481
1901
1894
1859
1861
1654
1652
1655
1650
1667
1668
1659
2316
1168
578
1171
1171
1168
1171
977
974
979
974
988
989
584
585
584
590
580
427
428
426
406
406
403
1163
1170
1166
1169
1154
1010
1012
982
1001
1002
982
991
583
591
590
588
435
434
424
412
405
403
1134
1156
1156
1161
1161
1161
1003
1002
1002
1000
1002
1021
589
594
557
436
436
435
416
407
1137
1123
1130
1003
1029
1000
1020
1024
561
563
565
436
413
388
409
407
1141
1139
1138
1122
1206
1206
1004
1029
1028
1027
630
626
564
567
566
381
1139
1148
1125
1125
1204
1204
1206
1019
480
477
477
515
515
513
393
385
392
377
1223
1121
1200
1124
1211
1194
1203
1196
1057
1101
1099
478
514
515
508
319
356
378
386
1223
1224
1200
1195
1095
1102
1112
1111
480
482
487
482
500
492
505
497
320
318
321
354
355
356
355
1222
2241
2242
1201
1196
1106
1110
1112
1112
1111
487
504
491
327
330
327
320
352
343
2273
2275
2244
1201
1106
1106
1796
1804
1762
328
330
323
1672
352
1678
2274
2254
2238
2233
2239
2433
2432
1797
1805
1797
1806
1804
1807
1761
1685
1687
1679
1683
1683
1678
1676
2274
2252
2254
2254
2261
2231
2428
2431
1797
1794
1806
1762
1766
1759
1679
1680
1693
1693
2271
2251
2251
2262
2253
2260
2509
2510
2512
2511
1793
1823
1824
1760
1754
1753
1756
1702
1703
1692
1699
1693
2265
2266
2246
2263
2526
2513
2512
2513
2514
1814
1814
1827
1857
1757
1702
1700
1708
2358
2359
2347
2347
2354
2526
2527
2525
2508
2511
2514
2515
2518
1904
1816
1878
1881
1881
1884
1637
1638
1637
1642
1643
1642
1641
2363
2364
2348
2346
2528
2525
2533
2535
1904
1903
1907
1906
1880
1882
1636
1636
1642
1648
1647
2362
2338
2364
2362
2472
2465
2472
2473
2531
2535
2536
1907
1898
1880
1874
1883
1870
1645
1665
1647
1647
2343
2341
2319
2336
2471
2473
2476
2538
2481
1898
1891
1901
1893
1862
1654
1656
1666
1663
1659
2339
2339
2337
2470
2470
2478
2475
2483
2482
2483
2476
2482
1888
1889
1877
1876
1877
1657
1657
1666
1660
1893
974
1165
1168
583
585
579
576
580
579
423
427
429
425
426
404
404
1164
1155
1158
973
1012
999
1002
988
577
590
430
430
426
418
410
410
1165
1155
1159
1154
1012
1012
999
1020
995
587
590
436
423
418
411
1133
1136
1136
1134
1131
1009
1008
1017
1022
1022
565
556
559
412
411
1135
1136
1126
1123
1131
1016
1017
1019
1021
562
565
507
564
387
391
388
380
1121
1120
1125
1130
1206
1205
1094
1015
1019
484
510
510
510
387
378
1118
1119
1119
1116
1193
1192
1196
1097
1096
1096
1100
479
483
500
510
508
351
356
1117
1116
1195
1196
1097
1099
485
505
503
496
324
356
1118
1200
1197
1198
1106
1107
1112
502
503
496
326
323
353
354
2241
2244
2239
2237
2230
2424
2432
1107
502
502
1790
505
326
1671
323
1672
347
2274
2273
2244
2239
2231
2427
2426
1797
1797
1805
1767
1767
1767
1764
1671
1678
1677
2267
2269
2231
2428
2432
1795
1795
1807
1765
1752
1757
1669
1670
1675
2267
2266
2265
2254
2253
2245
2247
2248
2248
1811
1793
1794
1824
1813
1753
1756
1755
1670
1706
2359
2359
2351
2246
2247
2507
2507
2506
1814
1811
1823
1817
1820
1754
1702
1755
1707
1708
1707
2349
2349
2354
2354
2508
1814
1815
1817
1820
1881
1885
1887
1705
1707
1640
1643
2364
2349
2524
2543
2534
2537
1904
1904
1881
1882
1884
1638
1633
1640
2364
2360
2348
2467
2525
2543
2541
2538
2537
1891
1907
1896
1870
1635
1635
1639
1632
1648
2338
2465
2467
2477
2541
2538
1892
1892
1895
1894
1873
1873
1665
1658
1665
1663
2339
2335
2336
2466
2480
2480
1888
1889
1875
1877
1877
1657
1662
1661
1661
2477
1162
977
977
979
425
420
1164
989
431
423
1156
1153
1011
999
430
1017
995
586
556
418
411
1136
1125
1008
561
559
507
391
1130
1019
565
391
377
1121
1115
1192
1093
485
496
499
509
350
1116
1198
1197
1079
1094
1084
481
483
498
324
349
2240
1116
2237
1105
1086
497
2243
2239
1083
326
1677
348
2244
2235
2428
2424
1790
1767
1764
1766
2254
2249
2249
2428
2427
2505
1792
1792
1751
1750
2269
1822
1819
1821
1822
1757
1704
1669
1675
2351
2505
2506
1817
1705
1706
2351
2507
2507
1816
1822
1886
1630
2361
2354
2529
1815
1878
1883
1630
1639
2363
2361
2467
2543
1890
1897
1874
1872
1632
1632
2360
2543
2540
1897
1869
1658
2336
2540
1875
1663
1166
588
430
421
586
1123
1131
1009
417
484
499
507
1120
1114
1013
1095
348
1097
347
1673
2238
1673
2254
2268
2425
1789
1752
1811
1749
2353
1708
1885
2359
2534
1871
1886
1869
1632
2478
2480
580
421
576
423
1133
1011
411
587
390
1015
1129
1016
509
1114
500
325
326
2235
1791
1792
1675
2245
2352
1704
1749
2358
1812
1822
2530
1810
1633
2529
1891
1896
2467
2537
1892
1872
1657
1663
1162
429
998
557
431
418
1133
562
1093
391
1129
499
351
1117
1014
1083
1099
504
1086
2425
1792
1819
1811
1817
2349
1879
2464
1871
1631
2466
1895
1876
977
999
997
577
421
1011
1022
1131
389
1120
1193
485
351
325
2240
2242
1084
1764
1751
1675
2268
2426
1809
2357
2354
2504
2359
2351
2530
1887
2468
2306
2306
2540
1892
1869
976
996
1746
1746
420
1153
1153
996
1747
1128
560
560
389
1013
1114
1014
2236
349
2236
1789
2229
2229
1789
1763
1809
1750
1819
1821
994
1812
1630
1629
1879
2356
2356
2542
1872
1631
2468
2540
997
993
1748
558
408
408
1747
1747
1127
558
1128
1274
1272
1274
969
481
1386
1275
994
125
1272
1386
59
1745
2356
1745
59
1376
209
