384
154
83
58
54
54
189
189
189
152
56
56
189
155
155
155
152
152
152
85
57
58
188
147
147
151
85
57
56
56
56
188
147
149
86
57
68
68
188
174
147
148
148
149
85
68
68
68
174
174
148
63
63
63
68
176
176
176
176
174
159
159
159
159
88
63
64
61
61
176
174
157
159
87
87
64
64
64
61
179
177
158
158
158
160
87
87
212
227
226
179
383
211
212
212
226
226
226
383
351
211
212
210
226
349
207
211
210
210
226
226
225
374
374
349
350
207
207
210
218
225
381
381
374
349
349
350
350
207
207
202
218
217
225
233
367
360
348
349
348
207
207
202
360
348
202
202
228
229
233
360
361
361
361
337
337
337
199
199
201
201
229
231
337
198
198
201
228
228
229
229
229
231
363
362
362
362
338
82
83
82
83
83
83
59
59
58
59
54
54
54
54
189
189
189
189
154
154
154
154
154
155
155
152
152
83
83
83
58
58
58
58
56
56
189
189
187
189
188
190
154
155
155
151
152
152
83
86
83
83
58
57
55
56
56
56
56
187
186
187
187
187
188
154
155
151
151
151
151
151
85
86
85
57
57
57
55
56
56
186
187
188
188
147
147
147
148
149
149
86
86
85
85
85
85
57
68
68
68
68
186
68
188
147
148
148
149
149
149
88
86
63
63
63
68
68
68
68
176
176
176
174
174
174
174
148
148
149
159
149
159
159
88
88
88
88
85
63
63
61
67
176
176
176
174
177
174
157
157
157
159
159
159
159
88
88
88
64
63
63
61
61
61
175
176
176
176
158
157
158
157
160
160
160
87
87
87
64
64
64
64
64
61
61
61
175
175
175
179
179
179
158
158
158
158
160
160
160
160
87
87
64
64
227
61
227
226
222
222
383
179
158
158
158
158
158
355
160
160
351
204
204
212
212
212
212
212
212
213
227
227
227
226
226
383
383
383
383
383
374
374
374
372
374
355
351
351
204
204
211
211
212
212
227
226
226
226
225
383
381
381
381
381
374
374
374
351
351
351
351
204
211
207
211
210
218
227
226
226
225
381
381
381
374
349
349
349
349
349
350
207
207
210
210
218
218
218
225
225
225
225
381
381
374
374
349
350
349
350
207
207
207
210
210
202
210
202
202
218
217
217
367
367
367
360
348
350
207
207
200
202
202
202
217
217
217
233
233
233
233
233
360
360
360
361
361
348
348
350
348
200
199
200
200
202
202
202
228
217
229
229
233
233
360
233
360
360
360
361
337
337
199
198
198
198
201
201
228
229
229
229
233
231
360
363
360
361
361
362
362
337
337
199
199
198
198
198
201
201
201
228
229
229
229
231
363
363
362
362
337
338
338
338
338
198
59
154
82
82
82
59
58
59
54
54
55
191
189
191
190
189
190
190
154
155
155
155
152
152
82
83
83
82
83
58
58
58
58
58
54
54
55
55
56
189
190
187
190
154
154
155
155
151
152
152
83
72
72
57
58
57
55
55
56
186
186
186
186
186
187
187
187
188
155
147
151
151
151
86
86
86
72
86
72
57
55
56
186
186
187
188
147
148
149
145
149
151
151
86
86
85
85
85
57
71
71
55
67
67
67
186
188
188
188
148
148
148
149
149
149
86
85
71
71
71
71
67
67
67
176
174
177
157
157
159
159
89
89
65
71
61
61
175
176
177
177
177
157
157
157
160
88
89
88
88
65
65
65
65
65
63
63
175
175
177
177
177
179
157
157
156
156
160
160
160
161
87
87
87
64
65
65
63
64
61
61
62
175
175
175
175
179
179
179
179
156
156
160
161
91
212
64
213
227
62
222
222
179
179
383
179
158
355
161
354
204
204
212
212
213
213
227
222
222
222
383
383
383
382
372
372
372
372
355
355
351
204
204
204
211
211
213
227
227
226
224
383
382
382
372
373
374
353
351
351
351
204
204
204
204
211
211
210
211
214
216
218
225
225
383
381
373
373
374
353
353
351
352
209
208
210
210
218
218
225
225
381
367
367
367
366
349
350
350
208
203
203
216
218
218
218
218
217
367
367
367
366
348
349
348
350
209
199
209
200
200
202
202
203
217
217
217
217
233
233
232
367
367
365
361
348
348
350
350
199
200
200
200
203
202
203
228
228
230
233
232
233
364
364
361
361
337
337
337
337
199
199
201
228
228
230
229
231
233
364
364
364
364
361
361
362
337
199
199
199
199
198
198
198
198
201
201
201
228
228
230
229
229
231
231
363
363
364
363
362
363
362
362
362
338
338
363
362
362
82
59
154
82
81
82
82
82
59
59
59
54
55
51
51
191
191
190
190
190
190
154
153
153
153
153
152
153
152
152
72
82
59
73
59
54
51
51
191
191
191
191
190
187
154
153
150
150
72
72
72
72
72
57
58
55
55
55
51
186
187
187
187
182
154
146
146
146
151
150
150
150
72
72
72
72
73
57
57
55
55
67
51
186
187
185
184
188
184
146
145
145
150
150
86
85
84
71
71
67
67
66
186
188
184
148
148
145
145
145
164
86
84
84
71
71
71
67
67
172
172
174
184
184
171
177
184
157
148
163
163
159
89
89
88
89
84
88
71
70
70
70
67
67
172
177
172
177
157
156
163
161
89
89
89
88
65
65
60
61
62
175
62
173
179
177
178
177
156
156
161
161
161
161
87
87
89
92
65
65
65
60
60
62
62
175
175
178
178
158
156
161
161
161
91
91
91
92
92
213
213
222
222
222
222
178
178
178
178
372
372
156
355
355
354
354
206
206
212
213
213
224
224
224
222
222
380
382
382
372
372
372
355
355
354
355
354
206
206
211
211
214
224
224
224
383
380
382
382
382
372
373
372
353
355
355
351
354
204
206
214
214
227
216
227
219
380
224
382
225
382
382
373
373
373
353
353
352
352
209
211
208
210
214
216
216
218
221
225
381
381
373
366
352
352
352
209
209
208
209
208
216
216
216
217
221
232
221
368
367
367
366
366
353
348
350
350
193
209
200
200
200
200
203
203
216
239
217
217
232
232
368
366
348
365
341
200
200
203
203
203
203
239
230
232
232
232
364
365
365
365
361
361
337
195
195
199
200
203
203
228
230
230
230
232
232
364
364
364
365
362
365
338
338
195
195
195
196
201
237
230
237
230
230
231
231
231
364
363
364
363
363
363
362
336
338
338
338
201
338
81
81
81
82
80
59
59
51
52
50
48
191
191
191
190
182
190
180
180
153
153
153
153
153
152
81
81
82
73
81
52
51
51
51
51
51
48
191
191
182
182
180
180
180
146
153
150
150
75
75
72
73
52
52
52
53
51
51
191
191
182
185
185
182
183
146
146
145
150
150
150
75
75
72
73
73
52
53
53
185
185
184
185
146
146
145
145
150
84
84
73
84
73
74
70
71
71
69
66
66
66
185
185
184
184
184
184
184
146
145
145
163
164
164
84
84
84
84
84
84
70
70
69
69
66
66
172
172
172
171
184
171
148
167
144
163
163
163
163
89
89
84
70
70
70
70
70
66
172
173
172
173
171
171
171
177
167
163
167
163
163
89
89
65
70
70
60
60
173
178
168
166
167
163
161
91
91
92
92
65
60
60
60
62
62
173
169
178
178
178
178
156
156
161
161
161
91
91
91
92
213
213
60
62
62
62
169
178
178
178
178
376
376
156
356
156
165
162
354
206
206
206
215
213
213
224
224
224
222
380
380
382
380
376
376
376
372
356
356
354
354
206
206
206
214
214
214
223
223
224
224
380
382
382
373
356
356
356
356
355
355
354
206
206
206
208
214
214
214
214
214
216
219
224
380
382
380
373
373
353
352
355
359
359
352
209
208
208
208
214
216
219
219
219
221
221
220
221
379
368
373
373
353
353
353
352
352
352
209
208
203
221
221
221
232
368
368
368
368
366
366
353
339
352
352
341
193
193
193
192
192
203
239
217
221
221
221
220
369
368
368
368
366
366
366
339
341
341
341
193
193
193
196
196
239
239
239
235
232
232
369
371
365
365
365
339
341
341
341
341
193
195
196
196
196
237
237
237
230
230
232
231
232
371
365
365
336
338
336
338
195
195
195
197
196
196
237
237
230
237
230
231
231
364
364
363
363
336
336
338
196
80
142
81
81
79
81
80
80
50
50
50
50
50
50
48
48
48
190
181
182
180
180
153
143
143
143
143
143
142
75
81
81
80
80
52
50
52
50
181
182
182
182
180
180
180
153
153
143
142
142
75
76
75
73
80
52
52
52
53
52
53
53
181
181
183
146
146
146
146
145
150
75
76
75
76
73
73
73
73
52
52
52
53
53
53
53
181
181
185
183
183
144
144
145
145
75
75
75
76
74
74
69
66
66
185
185
183
184
183
144
144
145
164
164
94
92
74
70
69
69
66
66
66
172
172
172
184
171
184
144
166
167
167
163
89
93
94
92
69
66
66
172
173
173
172
171
171
166
166
166
166
167
167
163
164
91
94
92
92
70
70
69
60
62
62
173
173
173
173
171
166
167
165
167
165
162
164
162
91
91
92
92
90
60
62
169
169
168
168
168
168
165
165
165
162
162
91
205
92
90
213
60
223
60
169
169
168
376
168
376
376
375
162
354
205
205
205
215
215
223
223
223
223
169
380
377
376
376
376
376
356
356
356
356
354
354
205
205
205
205
215
215
215
215
223
223
223
223
223
380
380
380
376
376
376
356
356
354
205
206
208
215
215
216
219
221
380
380
380
373
373
353
353
356
359
359
359
359
209
215
215
216
216
219
219
220
220
379
368
368
375
353
352
359
359
209
209
208
208
215
238
238
238
221
219
220
220
220
368
366
339
339
339
345
352
193
193
193
192
192
192
192
238
238
239
239
239
234
221
369
369
368
366
366
339
339
341
341
193
193
193
192
196
196
239
239
234
235
235
369
235
371
371
370
339
341
341
341
195
194
195
197
196
237
237
239
239
236
236
235
235
369
371
365
336
336
340
341
195
197
197
195
197
197
196
197
196
237
237
237
236
236
235
235
369
369
369
371
365
365
336
336
340
336
340
371
81
81
79
80
80
79
80
80
50
50
50
50
48
48
182
182
182
180
143
143
143
143
143
142
142
142
141
75
75
79
80
80
80
50
49
49
49
49
49
48
181
180
180
138
138
143
142
142
142
76
76
76
77
80
80
80
53
49
25
181
181
181
181
181
180
183
138
143
142
127
127
76
76
76
73
74
74
52
53
53
24
24
181
181
183
183
183
183
144
144
144
145
127
127
76
76
76
76
74
74
74
69
69
26
26
53
66
24
24
185
185
183
183
144
144
144
127
126
164
93
76
93
94
74
74
69
45
69
42
42
172
173
171
172
183
171
166
144
167
164
164
164
94
94
94
92
69
69
46
46
45
42
173
173
171
171
166
166
167
167
164
164
94
94
94
94
92
92
69
46
45
45
170
170
168
168
168
166
167
165
167
164
162
94
91
90
90
90
60
47
47
47
47
170
169
170
169
168
166
165
165
165
165
91
205
90
90
90
260
90
260
46
47
47
169
169
169
169
170
169
168
377
375
165
357
162
205
240
205
263
215
260
223
47
223
378
379
169
379
377
377
354
357
205
205
205
240
263
263
260
258
223
223
379
378
379
377
377
376
375
375
375
375
358
356
359
358
359
205
262
215
258
258
219
219
379
379
379
377
375
375
358
359
359
209
242
215
262
262
261
238
219
219
219
220
220
379
379
375
353
345
359
209
209
192
238
238
219
220
369
368
368
370
370
346
345
345
345
193
193
192
192
192
192
238
238
238
234
234
234
220
234
369
370
370
370
370
339
339
339
339
340
194
194
194
194
192
197
192
239
238
239
234
234
235
369
369
370
339
344
344
340
340
340
340
194
194
197
197
196
239
236
236
236
235
235
369
235
371
371
371
344
336
336
340
340
340
194
194
197
197
197
196
237
276
237
236
236
236
369
235
369
371
371
344
344
336
340
340
276
79
48
78
78
79
79
79
79
49
49
49
49
48
181
182
182
180
140
140
140
143
143
142
141
141
78
78
78
79
78
79
80
49
49
49
48
34
102
102
138
138
138
138
142
142
141
141
141
77
77
77
77
78
33
49
25
34
24
104
104
183
104
138
138
138
138
138
142
127
127
77
77
77
77
74
77
74
26
25
25
105
104
105
138
138
127
93
93
77
74
22
22
26
26
26
24
24
105
185
105
105
113
144
127
126
126
126
93
93
93
93
77
74
22
26
44
44
44
44
42
42
105
113
113
113
113
166
126
126
126
93
93
94
92
22
22
46
44
42
105
110
113
166
113
167
164
94
94
95
95
90
23
23
46
46
47
170
168
170
109
110
166
165
162
162
162
162
162
95
95
95
95
90
46
46
47
47
170
170
168
110
111
165
165
162
162
95
240
95
90
263
263
260
46
260
46
47
47
47
170
170
170
377
110
377
299
357
357
357
357
357
240
240
240
240
263
263
263
260
260
259
259
259
378
331
170
379
377
299
377
375
357
357
297
357
357
357
240
240
263
263
260
258
331
325
377
322
299
377
358
358
242
241
242
241
263
262
260
258
258
258
274
379
379
322
322
377
375
298
375
358
358
358
358
358
242
242
242
262
262
261
261
261
258
220
323
379
322
375
375
346
346
345
359
359
242
242
262
261
278
261
238
261
219
274
261
220
220
323
323
321
321
370
346
345
345
345
242
279
279
278
278
279
273
238
238
234
234
234
234
323
323
321
370
370
370
346
345
345
284
194
278
278
270
234
234
235
314
323
370
370
344
344
344
343
342
284
284
194
194
197
276
270
236
235
314
313
371
344
344
344
340
342
194
283
197
278
278
278
276
276
276
276
236
236
313
313
313
313
371
313
371
344
344
343
340
342
194
276
340
34
102
78
78
78
79
79
33
33
49
33
48
48
34
34
102
102
102
140
140
140
141
141
141
141
141
78
78
78
11
79
33
33
34
34
34
34
34
103
104
104
102
140
138
140
141
141
77
78
10
10
10
25
25
25
25
103
104
104
104
104
139
140
138
139
140
128
127
127
2
2
77
21
21
21
26
25
25
25
24
24
105
105
106
105
105
130
130
128
128
128
128
127
93
77
2
22
22
21
22
26
26
26
25
24
24
105
106
105
112
130
126
127
126
93
93
1
22
22
22
22
44
44
42
42
42
105
109
105
113
113
113
112
112
123
126
126
93
95
18
23
23
22
23
23
44
44
42
109
110
113
113
113
113
113
123
123
126
126
95
95
95
95
18
23
13
13
46
43
110
110
110
110
111
124
124
95
95
18
18
13
13
46
45
170
108
108
108
110
110
110
111
124
125
245
95
263
260
13
13
46
46
47
47
45
45
170
108
108
299
299
297
297
297
297
357
245
243
263
260
259
259
259
259
331
325
325
299
299
299
297
297
294
241
241
263
262
259
259
259
258
259
331
331
331
325
325
325
299
298
299
298
296
294
358
357
241
241
241
262
241
262
262
258
258
258
331
322
322
322
298
298
358
358
358
242
242
262
261
261
261
258
274
274
323
322
321
321
298
346
345
346
345
358
345
240
242
242
279
242
262
279
273
274
274
274
274
323
323
323
321
321
321
321
346
346
346
346
347
347
284
284
279
279
273
274
273
272
323
323
321
321
346
346
346
347
345
284
284
279
279
278
273
270
270
270
270
272
272
323
314
313
321
344
308
344
343
343
347
283
283
283
278
278
278
277
276
277
270
270
271
271
314
313
314
313
314
308
308
343
343
342
342
283
283
278
278
278
276
276
276
276
276
270
236
271
236
271
313
313
313
313
313
313
308
343
308
343
343
342
342
342
342
342
102
137
9
11
11
11
11
33
33
33
34
35
34
34
102
102
102
139
139
139
140
139
140
137
137
137
137
11
11
10
10
33
33
34
34
103
35
103
103
104
102
139
140
139
140
140
137
141
137
2
11
10
10
10
10
33
33
25
103
103
103
103
103
104
104
106
139
139
128
127
128
2
2
2
2
10
21
21
21
30
25
24
103
106
106
139
130
130
130
130
128
127
2
1
2
1
2
2
21
21
21
26
44
24
24
106
106
106
106
106
112
130
128
128
128
1
1
23
18
18
23
22
22
21
44
44
43
43
42
42
42
112
112
112
112
123
123
126
124
126
20
20
18
23
23
23
44
43
43
43
43
42
109
109
109
109
111
109
112
123
123
124
124
20
20
18
18
23
13
13
43
43
45
108
110
110
110
111
111
111
111
111
124
124
125
125
20
20
18
13
45
45
45
45
108
108
108
108
110
111
111
111
111
111
124
125
125
125
245
245
244
18
13
13
45
325
108
108
108
297
297
294
297
294
245
245
243
245
245
245
260
260
256
259
259
259
332
325
331
325
325
299
299
299
298
297
294
294
294
243
243
243
243
241
241
260
260
256
256
258
332
331
325
325
325
298
298
298
297
296
294
295
241
241
241
262
262
257
256
256
256
331
331
322
324
322
322
322
298
298
296
296
296
296
295
240
242
240
241
241
262
261
261
275
274
274
331
331
331
323
331
322
322
320
303
298
296
295
284
281
281
279
279
261
273
273
273
274
274
330
320
322
320
321
303
321
303
303
347
347
347
347
347
284
281
281
279
273
273
275
273
275
274
272
323
319
320
319
321
346
347
347
347
347
284
284
284
281
279
279
277
273
273
275
272
272
272
272
319
319
319
319
308
343
343
347
342
284
284
283
279
277
277
277
266
270
271
271
271
314
314
314
312
308
308
343
311
343
343
283
283
283
283
277
277
277
266
270
270
271
270
314
314
312
312
308
308
308
308
343
342
342
9
9
11
11
11
33
30
35
35
35
102
97
102
139
139
134
137
137
137
0
9
11
11
10
30
30
30
30
35
35
35
103
103
98
134
139
137
137
136
136
0
10
10
10
10
30
30
30
28
35
103
103
103
101
101
134
130
130
136
129
2
2
26
28
28
107
103
107
106
106
101
130
130
130
128
129
128
129
1
1
1
2
1
21
21
26
26
28
107
107
107
106
107
112
112
112
130
131
128
1
1
23
21
21
17
26
44
43
42
37
37
106
107
106
112
112
121
128
20
20
19
18
23
17
17
44
39
43
43
43
37
37
109
109
109
109
109
112
115
123
124
124
20
20
20
20
18
23
13
43
43
41
109
109
115
115
123
117
123
125
124
125
20
20
20
19
13
13
14
14
14
41
41
108
119
117
124
124
125
125
244
244
244
244
244
245
14
14
45
41
326
108
325
117
297
297
294
125
294
125
244
244
244
245
245
256
256
332
332
326
326
325
299
290
297
294
294
243
244
245
251
257
257
256
256
332
332
332
324
324
324
298
298
290
296
296
295
295
243
243
250
250
257
256
256
332
332
331
324
324
324
324
298
292
296
296
295
295
240
250
250
257
275
330
330
320
322
324
320
296
296
296
295
287
281
261
281
273
273
275
275
275
320
320
320
303
303
303
303
302
347
296
295
284
281
281
281
280
273
275
275
272
319
320
320
320
303
303
347
301
301
301
283
284
280
280
280
266
266
275
272
272
272
272
319
317
317
319
312
319
312
307
307
311
310
283
282
283
280
280
277
277
266
266
266
266
271
271
271
272
314
317
312
312
312
312
307
308
308
307
311
311
311
342
283
282
282
277
277
266
265
271
271
271
314
314
314
312
312
312
308
307
308
311
311
270
97
9
9
9
9
9
9
8
31
30
32
32
35
97
97
98
98
98
98
134
133
134
137
136
136
136
9
11
8
8
30
30
30
32
32
35
35
97
98
98
134
134
137
136
136
0
0
11
8
8
8
8
30
30
32
35
97
98
101
101
101
134
137
136
136
136
0
0
0
1
4
8
30
7
29
28
28
28
28
28
107
101
101
101
101
101
101
101
131
130
130
129
129
0
0
1
4
17
29
28
28
28
37
107
107
107
101
115
131
131
131
129
131
129
129
19
4
18
17
17
39
29
28
37
107
37
37
107
107
107
115
115
131
123
121
121
19
19
19
15
15
17
17
39
39
37
37
37
119
119
115
115
115
115
123
123
121
121
19
19
19
13
17
17
14
39
39
39
39
119
37
119
119
119
115
117
115
124
123
121
125
244
244
14
14
14
39
41
41
41
41
119
118
117
117
117
117
122
125
244
245
247
14
14
14
14
255
41
330
41
326
41
41
326
326
326
117
292
117
290
290
290
290
289
125
244
244
257
14
256
255
332
326
326
326
292
292
290
290
290
294
243
251
251
251
251
251
257
257
257
257
256
256
256
256
332
326
326
292
292
292
292
290
289
295
288
243
243
250
251
251
251
257
257
332
332
332
324
324
324
292
292
293
293
296
295
295
249
250
250
250
254
275
254
330
330
335
293
293
295
295
295
301
287
287
287
287
287
286
281
269
269
268
275
275
268
330
330
330
330
320
335
320
319
303
303
301
302
301
287
287
286
281
269
269
268
268
275
275
330
330
318
320
319
303
303
302
302
301
301
287
287
280
280
280
266
272
268
272
319
317
318
317
319
312
318
319
307
307
307
302
302
310
301
282
282
280
280
280
266
266
264
317
317
317
316
317
312
307
311
311
310
311
310
282
282
282
282
277
265
265
265
265
264
264
317
317
317
316
307
307
307
307
311
311
311
310
277
6
96
6
9
6
8
31
31
32
31
32
97
97
97
97
98
98
133
133
132
135
136
135
9
9
6
6
8
8
31
31
31
31
32
35
97
98
98
98
134
134
134
132
136
136
0
0
8
8
8
7
31
31
32
32
32
35
98
98
101
134
134
134
136
136
0
4
4
29
29
29
29
28
99
101
100
131
131
131
129
129
0
1
4
4
16
16
16
29
29
28
28
107
100
100
100
129
3
19
4
15
17
16
17
36
37
38
38
100
116
116
131
121
131
121
19
19
15
15
15
16
17
17
17
39
37
38
119
115
116
116
121
121
121
19
19
15
12
39
39
41
40
38
38
119
118
118
119
118
115
115
123
122
122
121
121
122
19
248
248
12
12
39
41
40
40
40
119
118
119
117
117
117
114
122
122
248
244
248
12
14
41
329
326
328
292
117
117
289
122
289
248
251
247
247
247
255
255
329
326
329
326
328
329
292
292
290
290
289
289
289
288
246
250
251
251
257
252
252
255
333
329
328
328
292
292
290
289
288
288
250
250
250
251
251
257
254
254
254
333
333
335
324
328
293
293
293
290
289
289
289
288
246
250
250
257
253
254
254
254
334
335
335
324
293
293
305
300
300
287
286
281
286
281
269
269
269
268
254
330
334
330
334
334
335
335
335
305
305
305
302
302
301
300
301
287
286
280
281
269
268
268
268
315
334
318
318
318
318
304
302
302
301
301
286
287
286
286
266
269
269
266
268
268
315
318
317
318
316
304
304
302
310
310
301
282
282
280
285
265
266
265
264
315
315
317
317
316
306
307
311
311
310
310
282
282
282
265
265
265
265
264
264
264
264
264
317
316
306
306
306
306
311
310
310
316
31
6
6
97
97
97
96
96
96
133
133
133
133
132
135
135
6
7
8
31
7
32
32
97
96
96
133
133
132
132
135
135
5
5
7
7
7
31
27
27
27
96
99
134
134
132
135
5
5
0
5
4
7
27
29
27
27
100
100
100
129
135
5
4
4
4
4
29
29
29
27
99
100
100
100
131
120
129
129
3
3
4
16
16
16
36
36
37
38
116
116
116
120
121
3
3
3
15
16
16
16
36
36
36
36
38
119
100
116
116
122
121
3
15
16
12
39
38
38
118
118
115
114
122
3
15
12
12
40
40
40
118
118
114
114
122
122
122
248
248
247
247
247
255
255
40
40
118
328
118
118
291
117
289
122
246
246
248
247
252
252
255
329
329
329
328
328
328
291
289
289
288
246
246
252
252
255
329
329
328
328
291
293
291
289
288
246
246
250
251
249
249
249
252
249
333
333
333
328
327
327
293
293
288
288
246
249
249
249
253
253
254
254
334
333
335
335
327
293
293
293
300
300
300
286
286
249
253
254
334
334
334
335
335
305
305
305
300
300
300
286
286
269
268
268
315
334
334
335
318
304
305
302
301
286
285
280
267
269
268
269
268
315
315
318
318
304
304
302
309
302
309
285
269
267
264
267
315
315
316
316
316
306
306
310
309
310
309
285
285
285
265
264
315
315
316
316
306
306
309
309
310
310
265
6
6
31
32
132
135
6
32
133
132
7
7
7
27
133
29
27
99
100
132
135
5
15
29
99
100
116
120
5
38
100
120
120
3
3
16
36
38
114
114
116
122
15
12
12
12
36
38
38
118
114
114
120
248
3
247
12
40
114
248
247
40
114
288
120
248
247
252
255
329
328
328
328
251
249
252
252
252
254
333
329
291
291
246
327
327
327
327
293
291
291
288
249
254
333
334
305
300
249
253
254
334
327
305
300
286
253
269
334
318
304
305
302
285
285
267
267
315
316
304
304
309
309
285
267
264
316
306
309
285
267
306
309
6
96
133
132
96
4
7
27
131
99
100
116
3
3
36
16
122
40
120
289
247
288
249
246
252
327
291
333
291
253
300
305
286
333
304
304
306
309
265
264
96
132
96
132
5
7
135
96
120
36
5
36
116
15
114
114
114
247
255
329
288
249
253
291
305
287
333
327
253
334
300
253
315
318
267
267
315
304
309
309
6
133
27
99
133
132
5
99
36
120
15
116
120
3
12
40
36
118
40
255
329
327
333
334
286
335
267
304
309
267
316
306
6
27
96
96
132
27
27
5
120
3
16
38
120
114
248
248
40
328
291
288
246
252
333
246
253
253
246
249
253
305
267
285
285
264
316
306
6
27
378
378
135
7
7
240
378
5
99
99
120
12
15
12
247
120
247
327
247
248
327
291
252
291
327
327
147
333
305
300
304
285
285
267
304
300
267
264
174
147
378
99
135
135
378
378
5
99
5
378
147
378
255
38
228
348
243
147
253
48
243
378
285
378
50
253
54
