3792
928
998
993
1092
1094
890
891
927
748
1092
1097
892
934
751
752
743
742
744
1336
1004
1004
937
937
935
735
1336
1075
1109
1102
1103
917
944
722
1342
1272
1122
1118
915
941
943
729
731
723
1355
1124
1119
1120
915
480
730
1267
1290
1288
1120
489
498
492
491
478
637
638
635
633
1260
1268
1266
1294
1300
494
476
703
625
1363
1364
1259
1252
1253
1302
519
476
710
710
648
623
1367
1366
3596
3346
3320
520
2531
3594
3592
3596
3322
3324
3320
2529
2487
3591
3589
3585
3324
2449
3657
3609
3586
3586
3363
3374
3376
2542
2444
2445
2475
3664
3660
3561
3351
2499
2501
2490
2445
2472
2470
2468
2475
3663
3664
3564
3351
3361
2498
2612
2663
2489
2466
2466
2466
3666
3662
3477
2665
2801
3745
3751
3477
3490
2610
2660
2803
2653
2805
2800
2785
2786
3775
3781
3761
3760
3492
2609
2786
3771
3761
3757
3484
3484
3492
3492
2623
2609
2655
2831
2830
2835
2833
961
959
960
950
959
998
997
994
994
984
1094
1092
1101
1101
1099
894
890
932
926
927
926
922
923
754
750
749
741
960
996
998
993
1006
1077
1006
1097
1099
894
892
897
900
930
930
928
739
752
746
749
744
959
1337
1336
1004
1006
1074
1074
1109
1108
1107
1107
896
917
898
898
896
939
937
734
737
733
719
743
713
1339
1340
1340
1359
1078
1079
1075
1109
1103
905
917
911
943
939
945
734
727
719
724
1342
1344
1357
1356
1356
1355
1269
1124
1121
1119
1105
916
1111
917
945
730
729
720
722
724
1348
1349
1270
1272
1270
1124
1124
1122
1118
496
500
502
502
480
485
943
944
731
720
635
723
633
633
1349
1348
1351
1262
1263
1268
1290
1298
1298
490
495
498
480
478
480
701
638
698
642
635
635
630
1370
1369
1259
1264
1267
1291
1292
1300
1298
490
494
491
492
700
702
704
648
637
650
625
1368
1366
1364
1260
1246
1257
1256
1255
1294
1302
1302
530
530
520
519
523
517
708
704
703
708
650
650
626
625
1368
1367
1245
1252
3344
1302
3346
3324
3318
3320
2531
524
708
710
710
706
706
2455
650
623
2485
3644
3645
3594
3597
3590
3596
3588
3598
3344
3341
3346
3342
3324
3322
2525
2527
2531
2531
2526
2541
2454
2540
2537
2454
2455
2483
2487
3655
3655
3591
3607
3588
3590
3340
3342
3374
3375
3375
2506
2508
2497
2529
2543
2541
2444
2542
2453
2482
2481
2483
3656
3609
3656
3589
3585
3366
3365
3364
3376
2496
2496
2492
2544
2544
2449
2477
2449
2471
2476
2479
3660
3559
3562
3564
3351
3349
3349
3374
3370
3369
2499
2494
2494
2489
2430
2431
2470
2471
2468
3660
3662
3664
3561
3561
3566
3565
3565
3475
3352
3359
3360
2501
2664
2490
2431
2435
2470
3666
3664
3663
3560
3566
3474
3479
3360
3361
3359
2613
2611
2613
2612
2665
2661
2803
2805
2803
2809
2813
2468
2813
3781
3781
3783
3783
3746
3759
3477
3488
3479
3488
3489
2611
3489
2664
2609
2665
2659
2661
2801
2813
2811
3776
3772
3753
3750
3751
3759
3484
3494
3494
3490
2610
2657
2665
2654
2653
2830
2800
2831
2835
2785
2789
3774
3776
3752
3752
3748
3761
3760
3757
3486
3486
3494
2623
2623
2654
2823
2835
2833
2790
2788
2787
2788
2790
3770
985
924
952
953
998
979
1002
991
1090
1088
1101
1135
1101
1132
889
889
931
931
924
751
754
748
750
741
961
957
956
950
1002
1006
1000
1077
989
1094
1084
1094
1084
1081
1097
891
902
902
930
922
922
739
763
746
767
761
956
1338
999
999
1000
1079
1072
1086
1082
904
909
904
907
909
900
902
897
939
934
739
715
742
761
1339
1337
1334
1334
1334
1359
1072
1109
1102
909
917
913
939
935
726
735
737
714
712
713
1346
1345
1357
1361
1361
1359
1198
1198
1078
1116
1111
1112
502
500
482
941
947
726
727
717
717
722
1345
1353
1269
1196
1189
1187
1191
1114
1112
502
483
485
702
640
629
631
1372
1353
1262
1187
1296
1296
495
496
487
700
487
701
687
642
640
1370
1374
1372
1264
1262
1248
1263
1257
1257
1292
1289
489
525
526
476
487
515
697
697
640
692
642
646
627
627
1366
1363
1250
1250
1257
1255
1291
1253
1300
1287
1287
532
531
530
522
524
528
517
516
693
648
644
626
1379
3598
1245
3388
3344
1287
3329
3329
522
523
2526
517
695
2457
644
2485
3645
3648
3592
3597
3387
3387
3341
3333
3331
3330
2527
2525
2529
2521
2534
2536
2538
2538
2457
2451
2485
3655
3644
3647
3611
3607
3603
3365
3336
3336
3326
2508
2504
2521
2546
2543
2546
2450
2453
2482
2487
3657
3653
3650
3651
3609
3613
3607
3613
3605
3399
3366
3372
2505
2503
2492
2576
2567
2447
2438
2447
2477
2464
3651
3672
3559
3568
3368
3363
3369
3370
2497
2494
2494
2572
2430
2437
2464
2479
3671
3556
3568
3398
3353
3353
3352
3355
3357
2501
2570
2569
2440
2433
2472
2435
2460
3672
3779
3668
3783
3561
3745
3475
3474
3479
3354
3357
3355
2616
2619
2620
2637
2663
2640
2435
2805
2807
2459
2459
3779
3785
3783
3788
3744
3746
3742
3479
3473
3449
3449
2634
2616
2638
2650
2660
2805
2809
2813
2811
2811
3776
3772
3742
3466
3486
3481
3442
2627
2633
2649
2653
2649
2648
2826
2839
2841
2789
3775
3774
3776
3768
3771
3749
3753
3749
3754
3755
3755
3467
3482
3486
3494
2627
2625
2627
2655
2657
2648
2822
2824
2824
2835
2840
2843
2793
2794
2823
2843
2843
979
987
923
954
952
953
952
979
985
984
988
1089
1085
1089
1130
1133
1138
1137
831
932
919
920
762
762
769
763
769
767
769
756
970
970
988
981
989
1090
1082
1081
1135
1139
1137
1139
870
900
920
786
767
758
957
970
950
974
980
983
983
1070
1085
1086
1176
907
902
872
913
886
919
790
739
789
737
765
765
759
1338
976
1326
1361
1318
1321
1072
1072
1067
1115
1105
909
905
863
885
947
887
788
785
714
715
712
1344
1361
1321
1198
1193
1115
1114
1181
542
911
541
772
771
774
775
813
813
1346
1352
1323
1195
1198
1193
1191
1116
501
539
482
485
559
559
685
685
683
776
774
594
631
1328
1372
1353
1329
1353
1227
1226
1196
1189
1191
1191
1296
536
483
541
487
642
683
593
629
1376
1375
1374
1250
1212
1211
1283
1281
1285
531
1285
528
526
511
513
686
686
689
646
644
601
630
1375
1376
1379
1250
1248
1210
1256
1282
1282
1281
1285
532
525
515
516
698
693
646
601
600
1391
1388
1389
1246
1379
3385
3390
3334
3334
3331
3327
509
505
507
517
2533
2599
692
2379
2378
2381
2378
3649
3649
3600
3601
3388
3337
3333
3338
3331
3330
2519
2523
2521
2533
2534
2537
2385
2390
2382
2379
2487
3648
3647
3611
3601
3405
3338
3336
3326
2505
2512
2503
2510
2523
2586
2564
2536
2447
2450
2451
2396
2383
3650
3653
3605
3403
3368
3405
3364
3420
2506
3372
2514
2516
2504
2510
2575
2566
2568
2437
2398
2398
2479
3670
3613
3638
3557
3604
3405
3401
3414
3419
2501
2560
2572
2566
2440
2438
2461
2462
3670
3668
3672
3671
3556
3542
3398
3413
3357
3458
2618
3407
2559
2569
2638
2574
2442
2440
2433
2462
2460
3784
3672
3784
3789
3789
3744
3738
3471
3471
3444
3445
3449
2620
2618
2637
2642
2435
2816
2737
3787
3788
3738
3746
3742
3736
3471
3449
2616
2635
2635
2633
2640
2640
2815
2815
2839
2809
3764
3787
3768
3740
3740
3469
3467
3445
3442
3442
2635
2635
2644
2646
2650
2816
2841
2819
2792
2794
3763
3768
3768
3740
3748
3466
3482
3469
3481
3442
2627
2625
2629
2643
2822
2826
2828
2827
2828
2827
2843
2798
2798
2793
3754
2796
968
964
963
954
1050
987
1046
991
1157
1150
1131
1133
1132
1137
1126
830
831
830
847
823
844
824
817
769
757
968
967
980
981
964
1065
1084
1161
1131
1130
1176
1129
1129
1138
872
833
835
832
887
847
822
801
756
972
974
976
1063
1064
1070
1155
1159
1174
1160
870
872
870
886
860
881
881
789
785
786
803
759
758
1327
1325
976
974
1061
1064
1068
1171
866
864
883
864
883
788
781
804
812
1331
1330
1319
1323
1319
1237
1235
1068
1067
1174
1182
1184
1178
862
864
885
555
557
883
652
771
776
775
781
813
808
1328
1330
1329
1331
1321
1227
1234
1194
1194
1201
1182
1181
544
545
542
561
561
652
685
663
772
774
594
598
598
1381
1383
1323
1228
1228
1233
1213
1200
1203
534
537
539
537
548
561
561
655
687
683
653
593
596
1383
1378
1224
1226
1212
1210
1205
535
511
656
657
680
605
601
1384
1389
1379
1222
1222
1207
1211
1283
1279
1278
591
509
509
507
513
695
689
689
605
603
601
1388
1387
1391
1224
3386
3390
1209
1277
1277
1278
590
509
505
504
504
2585
2600
691
2602
691
691
603
2381
3615
3626
3627
3572
3386
3379
3381
3423
3337
3331
3327
2512
2519
2519
2523
2587
2600
2602
2375
2388
2381
2383
3616
3623
3623
3600
3385
3395
3378
3427
3418
3422
2515
2512
2523
2568
2385
2389
2389
2394
2382
2396
2372
3641
3642
3640
3611
3605
3570
3605
3403
3403
3405
3416
3418
2514
2510
2515
2563
2567
2392
2391
2398
2426
2428
2396
3634
3637
3640
3557
3577
3399
3416
3413
3418
3419
3420
3462
2516
2561
2561
2576
2566
2442
2391
2411
2398
2426
2427
3630
3636
3738
3457
3462
3463
2619
2719
2570
2724
2551
2574
2442
2442
2763
2421
2461
2734
3729
3731
3731
3791
3736
3738
3537
3444
3460
3447
3464
3462
2718
2722
2723
2723
2641
2682
2641
2838
2738
2736
2734
3727
3785
3730
3791
3734
3548
3542
3546
3447
3447
2634
2724
2668
2681
2642
2819
2807
2738
2738
2738
2737
3719
3766
3698
3733
3734
3552
3469
3546
3438
3440
2631
2631
2631
2643
2646
2820
2839
2837
2837
2797
3763
3764
3766
3691
3692
3693
3552
3554
3438
3522
3438
2629
2629
2644
2675
2828
2818
2820
2798
2798
3693
1050
757
966
966
1011
1040
1049
1045
1044
1148
1141
1142
1148
1150
1152
1153
1129
1127
1126
840
832
845
824
827
816
822
818
818
817
972
968
1015
1048
1045
1046
1157
1160
1144
1127
840
842
835
833
845
847
844
823
826
805
800
968
1029
1029
1059
1063
1065
1157
1158
1169
1159
1161
1176
872
865
876
853
793
790
798
804
805
972
1312
976
1312
1023
1318
1059
1061
1059
1061
1166
1167
1174
1172
1172
1171
865
860
881
875
794
798
797
813
1309
1327
1326
1312
1238
1239
1234
1183
1183
544
863
879
555
878
783
782
782
809
807
1311
1239
1238
1235
1231
1194
1180
1180
1180
546
544
557
557
559
660
779
663
779
783
611
1383
1413
1417
1233
1200
1204
1203
535
534
536
553
549
655
661
653
663
665
674
610
598
598
1381
1414
1228
1218
1228
1220
1213
1204
1205
1275
549
576
591
566
566
657
676
677
676
605
605
596
608
1385
1385
1404
1406
1218
1209
1279
591
564
568
656
568
567
678
678
680
618
603
1384
3625
1405
1215
3383
1209
3382
1275
589
591
564
2589
568
2588
2591
2604
617
2371
3627
3627
3627
3573
3382
3425
3427
3422
3423
584
2583
2583
2585
2588
2603
2599
2606
2388
2390
2374
2376
2371
3615
3620
3626
3623
3575
3573
3571
3379
3379
3381
3427
3425
3434
3431
2555
2555
2587
2586
2606
2386
2376
2372
3616
3642
3641
3571
3397
3397
3408
3407
2514
2555
2560
2563
2564
2386
2392
2394
2422
2420
2427
2428
3633
3579
3578
3397
3401
3408
3414
3460
3452
2557
2556
2559
2553
2411
2422
2426
2424
3629
3629
3637
3638
3577
3533
3533
3538
3457
3527
3464
3451
2720
2683
2574
2413
2762
2764
2421
2424
3630
3727
3731
3710
3712
3711
3703
3539
3537
3539
3538
3537
3458
3463
2720
2719
2684
2684
2681
2767
2764
2763
2734
3725
3724
3731
3711
3699
3689
3540
3544
3505
3504
3440
2722
2707
2668
2668
2682
2762
2766
2729
2736
3718
3719
3699
3700
3688
3553
3554
3546
3546
3521
3524
3497
2707
2708
2679
2776
2777
2779
2727
2731
3718
3696
3697
3695
3698
3697
3692
3691
3688
3554
3553
3518
3523
3522
2705
2703
2709
2702
2702
2675
2674
2820
2779
2781
2740
2727
2727
2675
1013
1012
1016
1050
1050
1038
1049
1039
1042
1146
1141
1154
1154
1152
837
840
838
855
856
828
815
828
815
816
820
820
226
1030
1033
1016
1048
1055
1042
1145
1165
1144
1145
1146
1153
1152
841
851
857
851
857
827
801
232
224
1031
1031
1023
1027
1057
1057
1056
1169
1163
1669
1672
1776
866
841
842
853
877
796
826
803
805
235
1307
1030
1023
1057
1053
1056
1167
1165
1163
1776
1776
868
868
874
877
878
876
793
796
798
811
805
211
1309
1314
1314
1316
1241
1241
1242
1053
1166
1726
1729
1184
1178
1774
1774
546
555
875
879
792
798
781
212
213
809
1411
1312
1413
1314
1237
1243
1230
1738
1201
1748
1748
545
553
552
551
659
659
661
779
778
612
808
219
1415
1417
1413
1241
1230
1231
1736
1734
1733
1748
576
553
553
548
660
664
664
612
607
611
1415
1420
1414
1400
1399
1220
1220
1815
1733
1749
581
583
574
573
566
669
676
671
674
610
608
1419
1404
1404
1220
1216
1207
1816
1823
1826
1814
583
589
581
572
568
670
670
672
668
620
1387
3618
1405
1406
1216
3124
1215
3112
1818
1823
1827
590
585
587
585
583
571
564
2589
2603
677
1901
617
3618
3285
3625
3575
3572
3114
3383
1824
3435
3429
3428
587
2582
2581
2596
2375
1897
3620
3620
3620
3287
3583
3570
3123
3116
3427
3433
3431
3435
3428
2583
2581
2595
2604
2594
2598
2593
2407
2374
2417
2418
2418
3632
3581
3583
3392
3393
3412
3410
3434
2557
2549
2548
2598
2593
2408
2420
2415
3632
3632
3579
3581
3578
3396
3397
3393
3412
3412
3456
3410
3452
2551
2552
2413
2412
2416
3633
3634
3708
3535
3526
3453
3451
2714
2713
2551
2688
2686
2413
2413
2405
2401
3724
3729
3712
3710
3704
3704
3535
3533
3531
3529
3504
3503
3454
2712
2713
2687
2683
2692
2686
2768
2768
2767
2766
2731
3721
3725
3721
3716
3714
3701
3703
3548
3530
3544
3520
3505
3507
2711
2718
2672
2777
2770
2771
2758
2757
2731
2760
3723
3723
3701
3700
3689
3550
3523
3517
3496
3496
2709
2708
2699
2672
2679
2677
2771
2780
2781
2743
2731
2729
3723
3696
3675
3674
3675
3677
3554
3549
3517
3518
3524
3499
2705
2707
2703
2675
2677
2776
2782
2783
2745
2741
3549
1037
1663
1013
1012
1015
1037
1553
1042
1551
1144
1142
1664
1668
1667
838
837
855
856
202
200
191
189
224
226
228
1013
1018
1020
1020
1018
1038
1055
1042
1546
1661
1670
1669
58
53
857
54
179
181
230
191
231
224
228
1033
1029
1035
1025
1020
1544
1165
1765
1670
1771
58
56
45
54
857
9
182
178
183
231
232
236
1034
1026
1026
1025
1057
1027
1053
1730
1727
1770
48
47
46
178
181
208
1309
1307
1316
1243
1461
1731
1731
1729
1727
1774
1772
263
46
264
253
257
794
211
213
212
219
1409
1305
1413
1316
1316
1242
1468
1730
1744
1738
1746
1744
1751
1753
265
265
256
255
256
665
405
209
219
1408
1411
1397
1400
1472
1736
1738
1734
1753
248
260
276
668
400
668
607
1421
1421
1396
1398
1402
1472
1807
1820
1816
1833
583
574
576
246
275
669
672
614
613
613
614
616
1420
1419
1394
1402
1811
1808
1820
1815
1825
579
570
571
274
270
671
620
618
616
3315
3317
3316
1402
3274
3279
3120
1810
3112
1818
1825
1827
1826
579
584
572
2579
268
2591
1915
1914
1902
1902
1898
1898
3309
3275
3287
3317
3277
3275
3279
3118
3116
3111
3114
3093
3433
3433
579
3429
2579
2294
2579
1922
1924
1901
1918
1900
1897
1899
3285
3285
3281
3124
3116
3111
3090
2262
2583
2293
2294
2598
1924
1900
3266
3287
3272
3287
3583
3137
3116
3135
3134
3087
3085
3410
2255
2252
2259
2548
2596
2286
2594
2409
1922
2407
2409
2417
3270
3270
3272
3583
3272
3526
3392
3133
3134
3456
2257
2549
2253
2553
2598
1934
2408
2404
2416
2415
3005
3003
3581
3705
3706
2860
3530
2852
3527
2853
2852
3454
3453
2716
2714
2687
2690
2691
2403
2403
2401
2405
3003
3713
3708
3706
3535
3705
2846
3529
3531
3503
3509
3509
3509
2712
2716
2690
2693
2694
2692
2755
2766
2760
3067
3713
3679
3550
3520
3506
3509
3507
2700
2711
2688
2694
2773
2760
2756
2758
2744
3068
3066
3716
3723
3681
3514
2848
3497
3501
2701
2670
2672
2773
2775
2783
2744
2745
3721
3682
3681
3686
3684
3679
3677
3515
3514
3512
3501
3501
2697
2699
2696
2699
2679
2679
2677
2775
2782
2747
2743
2741
3682
3512
2740
1667
4
1009
1009
1018
1556
1552
1553
1548
1541
1549
1665
1663
1663
1668
3
6
1
202
200
200
191
189
185
189
228
1033
1009
1020
1568
1552
1551
1542
1665
1664
1661
1672
1661
41
57
58
2
202
9
183
184
228
1034
1035
1566
1568
1546
1768
1766
1766
1763
36
56
57
58
53
194
193
179
193
182
230
234
235
1431
1433
1432
1465
1544
1465
1723
1765
1724
1764
1772
1770
50
47
48
45
9
407
159
161
160
209
208
233
1305
1435
1428
1464
1459
1460
1460
1729
1726
1722
1722
1757
1771
265
264
253
409
409
220
221
221
1437
1408
1428
1468
1461
1467
1738
1746
1746
1753
1755
1756
263
249
265
255
257
409
411
401
404
215
217
1409
1398
1479
1472
1478
1468
1473
1780
1744
1746
1753
250
246
261
259
411
401
400
404
403
216
216
1393
1393
1396
1397
1470
1474
1808
1781
1819
1751
290
291
275
277
274
394
446
1394
1396
1534
1470
1807
1812
1820
1833
1835
293
295
289
276
291
272
392
445
456
3317
3315
3279
3279
1812
1811
1810
1820
1823
1824
1835
1834
1835
295
289
2288
2290
1916
1914
1905
1916
1907
3317
3274
3277
3118
3120
3094
3092
3089
2279
2262
2292
2294
2290
1924
1919
1905
1906
3309
3281
3281
3260
3133
3139
3093
3089
3091
2273
2275
2278
2264
2264
2264
2293
1924
1922
1920
1918
1945
1946
1946
3268
3268
3268
3264
3262
3137
3137
3139
3135
3087
2274
2257
2264
2253
2282
1933
1931
1927
1944
3266
3272
3263
2859
2859
3129
3083
3087
3085
2255
2257
2284
2229
2286
1935
1926
1931
1931
2404
1926
3005
3005
3003
3005
2999
3016
2864
2862
2855
2855
2844
2853
2250
2248
2250
2235
2235
2234
2233
1935
1934
2026
2027
2030
2032
3001
2999
3015
3050
2860
2855
2865
2898
2243
2247
2244
2235
2025
2025
2755
2042
2401
3068
3067
3076
3714
3050
2866
2846
2850
2850
2850
2900
2896
2246
2189
2672
2171
2693
2172
2770
2756
2749
2040
3071
3080
3072
3684
3686
3679
3040
3516
3048
2848
2879
2882
2902
2701
2700
2189
2176
2191
2170
2172
2773
2775
2748
2749
3070
3072
3686
3684
3686
3679
3516
2874
3515
3514
2879
3499
2881
3501
2883
2696
2697
2174
2175
2175
2176
2168
2167
2166
2752
2167
2753
2753
2750
2751
2751
3
187
1598
1598
1555
1560
1555
1548
1542
1541
1683
1687
1681
1687
4
5
1
206
206
206
206
198
184
185
138
137
136
1556
1561
1568
1558
1546
1607
1683
1681
39
1687
43
42
5
12
204
204
204
198
196
138
223
137
1430
1564
1562
1568
1566
1566
1544
1768
1764
37
42
39
31
41
52
30
20
13
196
154
234
151
1430
1435
1431
1432
1463
1463
1465
1457
1606
1724
1763
37
30
50
194
159
159
407
160
153
236
1442
1442
1433
1428
1423
1428
1464
1457
1456
1723
1739
1756
36
238
31
239
238
251
381
405
161
151
220
1438
1438
1480
1426
1424
1480
1459
1468
1455
1742
1740
1740
1761
1757
1759
250
261
411
412
413
403
403
215
448
217
1437
1531
1479
1476
1474
1781
1742
1780
1778
1761
1759
248
246
249
241
260
280
278
413
388
446
449
450
1529
1529
1533
1535
1801
1805
1803
1786
1785
1831
282
290
285
278
272
272
385
386
394
446
458
457
452
1527
1529
1533
1801
1785
1789
1835
1830
1829
293
293
285
267
272
396
270
398
398
392
456
454
451
3316
3310
3298
1535
1801
1793
1830
1831
295
295
268
1912
1915
1906
1905
1907
3313
3311
3309
3313
3302
3301
3212
3120
3109
3107
3094
3107
3091
2277
2278
2297
2296
2292
2294
2288
1911
1920
1949
1948
1945
3307
3307
3308
3296
3289
3261
3260
3139
3139
3109
3092
3090
2277
2279
2262
2301
2281
2282
1911
1919
1952
1950
1950
3309
3290
3261
3263
3260
3130
3131
3109
3083
2274
2275
2260
2260
2259
2286
2302
2286
1939
1939
1954
1944
1927
1944
3290
2995
2994
3289
3262
3264
3201
3131
3129
3083
3087
2270
2271
2271
2257
2270
2267
2252
2240
2284
1933
1931
1929
2997
3019
3015
2864
3016
2861
2870
2872
2871
2896
3183
2269
2241
2242
2239
2228
2228
2233
2229
2020
2027
2030
2034
2034
2032
3000
3018
3046
3050
2870
2870
2857
2868
2857
2898
2898
2247
2244
2238
2234
2235
2026
2022
2042
2040
2040
3001
3078
3079
3075
3080
3050
3048
2866
2865
2850
2899
2899
2894
2902
2246
2243
2191
2183
2113
2023
2023
2042
2042
3066
3079
3080
3076
3042
3048
3041
2875
2879
2879
2900
2883
2149
2191
2191
2170
2171
2166
2036
2109
2747
2109
3070
3065
3071
3061
3041
3042
3040
2875
2874
2877
2882
2881
2148
2189
2185
2174
2168
2163
2164
2164
2107
2752
2750
1598
1594
1560
1592
1560
1549
1604
1683
1685
1687
6
75
2
13
102
97
187
140
144
1598
1596
1562
1560
1558
1600
1603
1609
1605
1681
1685
1685
43
11
12
94
198
198
155
142
146
1596
1564
1561
1646
1650
1606
1607
1609
1715
1717
35
33
18
22
26
26
157
155
145
171
1444
1423
1720
1707
1717
34
34
16
20
28
28
28
157
154
152
148
149
170
1446
1440
1440
1424
1426
1457
1457
1719
1719
1711
35
320
243
239
379
413
381
383
152
383
153
1439
1439
1478
1453
1452
1893
1720
1739
1761
1755
1761
316
243
322
243
381
412
435
149
1531
1512
1512
1537
1480
1476
1799
1783
1799
1779
1779
1759
244
315
243
241
241
277
280
386
390
389
448
450
1531
1511
1527
1536
1536
1473
1804
1783
1786
283
287
286
385
375
390
396
471
457
458
449
1526
1527
1534
1537
1539
1805
1805
1805
1792
1790
1829
286
287
398
394
461
451
452
3305
3311
3310
3297
3297
3208
1792
1793
1788
1788
2359
285
2301
267
2005
2005
1909
456
1909
454
3296
3298
3300
3301
3210
3107
3101
3097
2357
2357
2359
2296
2299
2003
1912
1983
1951
3292
3300
3302
3203
3209
3212
3109
3103
3096
3097
2367
2357
2297
2299
2307
2281
2012
1954
1954
1949
1948
3293
3294
3202
3201
3200
3102
3102
2367
2273
2268
2267
2267
2305
2303
2303
2011
1939
1937
1952
1942
2994
3214
3201
3130
3183
2268
2269
2242
2305
2333
2302
1939
1929
1937
1942
2995
3020
2861
3014
2862
2871
3183
2857
2942
2241
2240
2227
2227
2231
2231
2018
2019
2030
2034
2032
2992
3020
3018
3014
3043
2872
2868
2890
2889
2248
2237
2237
2225
2226
2019
2022
2034
2037
2038
3059
3078
3074
3044
3046
3044
2956
2857
2893
2892
2890
2889
2205
2152
2151
2238
2187
2227
2182
2075
2112
2036
2038
3064
3063
3059
3075
3033
3038
3037
3043
3031
2919
2918
2887
2892
2887
2893
2153
2153
2159
2187
2181
2182
2179
2183
2111
2112
2115
2107
2109
2105
3064
3063
3065
3033
3037
3038
2918
2877
2887
2887
2151
2149
2148
2159
2185
2180
2163
2179
2117
2109
2105
2885
73
1577
1591
1594
1591
1590
1588
1654
1601
1603
1605
1679
1674
75
76
83
85
85
87
100
102
102
140
146
146
144
1592
1586
1654
1654
1601
1612
1604
1675
1690
1677
1674
78
82
87
98
97
140
176
145
1579
1579
1596
1648
1645
1657
1647
1611
1613
1715
1692
81
18
23
18
24
94
175
176
142
170
1446
1444
1450
1449
1646
1650
1611
1631
1709
1715
1709
1717
1713
1717
33
15
15
20
24
23
28
22
26
168
168
174
172
1450
1448
1450
1503
1893
1705
1712
1712
1713
312
318
319
317
377
378
383
167
435
430
168
148
431
1512
1504
1507
1453
1895
1895
1895
1705
1853
320
314
312
323
322
324
378
379
383
433
435
436
1515
1514
1516
1507
1508
1509
1890
1855
1857
314
315
316
322
342
344
373
375
370
389
472
441
443
1512
1514
1516
1539
1507
1891
1803
1857
1778
1857
1855
283
307
341
345
341
346
396
388
473
471
465
464
3305
3235
1795
1804
1865
1790
1864
1848
1846
1847
282
346
344
327
398
473
469
463
3305
3236
3238
1797
1797
1797
1795
3100
1789
3099
1844
2362
1848
1847
2361
2360
2361
329
2301
331
2003
2003
2005
1983
1971
463
3232
3236
3207
1797
3100
3099
2363
2361
2360
2301
2299
2000
2005
2001
1981
1970
3294
3251
3205
3205
3205
3207
3209
3210
3126
3127
3105
3101
3105
3103
2369
2369
2369
2309
2309
2309
2013
2007
1983
1963
1964
3292
3293
3215
3217
3205
3203
3127
3126
3096
2367
2369
2335
2334
2307
2309
2307
2013
2012
1937
1967
1968
2977
2978
3215
3201
3196
3197
3194
3179
2316
2334
2013
2009
1966
1942
1968
2047
2977
2997
2973
3019
2978
2979
3010
2944
2946
3198
2940
3177
2936
3183
3181
3181
2194
2194
2194
2223
2213
2079
2020
2016
2055
2060
2973
2975
2989
3010
2945
2957
2934
2937
2938
2942
2942
2196
2196
2223
2223
2227
2079
2015
2016
2062
2061
2970
2975
2988
3030
3029
2955
2933
2933
2894
2203
2200
2203
2205
2205
2187
2216
2214
2179
2115
2074
2015
2074
2037
2061
3061
3059
3027
3030
3035
3035
2957
2931
2892
2161
2155
2154
2161
2180
2113
2115
2130
2130
2104
2132
3057
3057
3055
3061
3035
2921
2923
2923
2919
2931
2885
2885
2152
2161
2157
2181
2096
2117
2117
2117
2104
2131
2132
3032
1590
60
1585
1586
1590
1590
1620
1618
1624
1617
1679
1679
79
77
77
82
85
100
102
127
127
133
134
1579
1585
1580
1581
1656
1652
1628
1600
1613
1624
1621
1674
79
83
65
87
93
96
98
126
142
146
1575
1571
1569
1647
1658
1648
1611
1628
1612
1694
1621
1692
72
87
107
92
94
94
174
172
1450
1645
1639
1708
1707
1709
1694
1694
68
16
109
90
168
166
174
171
1448
1449
1496
1505
1452
1503
1876
1705
1708
1711
319
318
324
377
365
430
1518
1497
1497
1509
1505
1508
1893
1696
312
302
302
361
360
371
371
437
435
439
1521
1522
1493
1494
1494
1891
1889
1890
1895
1852
1852
309
323
375
373
370
441
443
443
1514
1515
1494
1887
1868
1857
1850
1845
309
309
307
350
349
344
345
339
375
472
467
428
443
441
426
1524
3234
3240
1885
1886
1865
1846
1849
1849
1850
307
353
349
331
326
326
466
464
465
3234
3234
3235
1885
1865
1865
2365
2361
2350
331
329
469
1977
461
1975
3232
3238
3225
3208
3242
3164
3166
2363
2362
2352
2351
2349
2352
2341
2001
1981
1979
1977
1983
1970
1971
3251
3257
3219
3227
3227
3148
3162
3192
2314
2312
2348
2348
2341
2000
1981
1979
1967
1964
3255
3257
3214
3216
3219
3148
3151
3196
3193
3193
2316
2338
2339
2337
2337
1992
2013
2007
1959
1966
1959
1963
3253
3255
3216
3217
3146
3196
3197
3192
3179
2316
2210
2335
2333
2011
2009
2057
2048
2971
2982
2990
2980
3010
2944
2945
3146
3198
3177
3179
3174
2198
2198
2212
2217
2219
2220
2080
2018
2057
2055
2057
2060
2057
2060
2970
2975
2990
2989
2946
2940
2935
2938
2201
2198
2201
2203
2214
2218
2075
2055
2072
2063
2062
2975
3052
2966
2966
3031
2959
2955
2956
2961
2934
2916
2205
2144
2213
2154
2077
2076
2070
2122
2064
2064
3053
3055
3026
3027
2949
2959
2929
2911
2927
2144
2144
2161
2155
2096
2095
2122
2124
2132
2126
3057
3057
3027
3035
2921
2923
2923
2929
2931
2931
2929
2926
2160
2137
2102
2100
2101
2098
2123
2131
2132
2135
1617
1581
1588
63
76
78
63
61
60
110
117
111
111
127
134
133
1577
1656
1652
1618
1652
1622
1690
1677
63
70
117
117
112
122
130
131
1574
1571
1657
1656
1630
1633
1690
1692
1701
70
71
88
90
164
130
1572
1573
1574
1575
1638
1631
1630
1709
1702
1702
68
108
357
166
129
1499
1499
1501
1504
1638
1874
1873
1698
1696
302
108
357
360
368
368
416
431
1518
1501
1496
1485
1878
1876
1871
1870
1696
302
366
364
365
433
437
1522
1521
1490
1494
1487
1880
1889
1878
1867
1867
1853
309
300
298
361
363
428
436
1520
1492
1883
1883
1868
1839
305
350
348
342
335
428
1524
1493
1886
1885
1864
1840
1840
354
330
339
335
461
428
424
3230
3234
3242
3160
3155
3166
3166
1845
352
352
2349
354
331
1990
327
1979
422
3249
3251
3240
3160
3160
3163
3163
2365
2354
2351
2342
2344
2346
1988
1977
1973
1975
3253
3253
3149
3164
3186
2322
2322
2350
2342
1994
1991
1989
1958
1956
3246
3254
3257
3225
3221
3222
3227
3151
3223
3186
2314
2311
2339
2317
2327
1996
1998
1961
1961
3245
3244
2980
3221
3152
3153
3190
3194
2316
3173
2338
2210
2327
2327
1997
1996
2053
2049
2049
2979
2985
2986
3146
3175
2198
3173
2210
2220
2219
2087
2085
2051
2052
2048
2047
2968
2988
2951
2937
2936
2914
3173
2212
2218
2216
2081
2086
2070
2068
2968
2966
2988
2953
2959
2961
2961
2912
2913
2146
2200
2142
2077
2076
2072
2072
2070
2063
3052
2961
2948
2911
2912
2916
2138
2136
2136
2135
2091
2098
2122
2120
2123
2120
3053
3025
3026
2949
2925
2927
2139
2139
2157
2101
2102
2124
2120
2128
2128
2925
1580
1616
1620
1622
124
123
1583
1679
115
112
1658
1643
1635
1634
115
1698
1700
71
109
122
129
1499
1487
1873
68
357
366
416
1639
1698
298
416
439
1518
1490
1878
1872
304
337
337
363
426
1487
1887
1883
1859
1871
1842
305
348
339
467
428
3229
1492
3156
1863
1838
332
3240
3156
1837
333
1975
424
3249
3158
3158
3168
2354
2345
2345
2346
3257
3227
3149
3151
3162
3186
2322
2324
1991
1998
3246
2331
2317
2329
2331
1992
1998
1986
1956
3222
3189
3175
2311
1997
1957
2982
3144
3190
2212
2330
2083
2053
2968
2985
2951
2208
2217
2081
2051
2072
2968
2963
2953
2909
2914
2145
2090
2085
2066
2068
2964
2904
2906
2135
2091
2098
3025
2907
2092
2120
1583
107
113
121
72
1501
1637
1633
164
300
359
359
1520
1487
1869
1880
427
1863
422
1975
3242
1973
3225
3247
3168
2324
1988
3171
1994
3153
2045
2087
2984
3174
2080
2083
2092
2066
2905
2926
61
123
65
113
1573
1635
131
70
415
1870
1485
1874
364
1483
337
333
466
3155
3168
2324
1961
3223
3152
1986
1998
2971
3170
2330
3144
3170
2066
2909
2145
2142
2953
2913
2146
2094
2119
2126
1615
110
1626
107
115
121
1572
66
1872
416
1485
359
420
1520
1861
1839
1842
353
1837
3168
2324
2317
2312
2208
2984
2206
2905
2090
2068
2948
2137
2100
1616
1626
1700
64
124
1635
1701
1637
420
1490
1880
304
418
332
3229
3230
1838
2344
1990
1956
3247
3158
3186
3244
3144
3189
3245
2986
3188
2085
2953
2963
3006
2906
2138
2094
1615
1626
3008
3008
120
1643
1643
1303
3122
1637
105
105
420
1861
1483
1859
3141
418
3141
2320
3142
3142
2320
1990
3185
1984
2318
2329
1627
3171
2043
2045
2090
2964
3012
2904
2089
2044
2952
2907
1642
1274
3008
104
120
120
3122
3122
1641
104
1641
3283
3011
3283
1273
305
2993
3022
1688
848
3023
2991
849
2473
3012
2473
858
2993
849
