912
415
195
190
191
191
423
424
415
381
121
123
423
378
378
378
381
380
380
175
186
186
419
419
419
389
173
133
121
122
122
416
419
385
175
133
134
134
417
417
418
387
387
385
171
134
129
129
417
442
387
144
133
161
129
446
447
446
442
442
359
359
363
365
142
144
148
159
159
446
442
360
365
155
155
148
148
148
159
441
454
358
358
356
365
154
155
456
739
740
441
726
458
458
456
740
740
737
726
705
458
519
519
739
694
461
457
519
519
526
738
738
729
695
694
710
464
457
457
525
731
732
732
695
711
711
711
710
464
464
521
525
547
760
760
757
757
774
711
770
463
463
522
756
775
488
487
550
554
761
776
775
776
775
769
769
769
493
491
489
489
554
765
769
493
489
490
549
549
554
554
765
765
782
772
779
772
786
198
198
198
197
197
195
195
190
191
191
191
121
123
123
424
423
423
415
415
414
413
413
413
378
379
381
381
198
197
195
190
186
187
191
123
123
424
423
426
426
415
414
415
378
378
381
381
380
197
175
175
195
186
187
121
122
121
123
123
426
422
426
426
425
419
414
390
390
389
389
380
380
175
175
173
173
187
131
131
122
122
422
425
416
419
419
418
390
388
389
385
176
175
176
171
171
173
132
133
134
130
130
422
130
422
418
387
387
386
385
385
176
176
143
133
144
133
134
134
130
447
420
420
417
417
417
417
387
359
363
364
385
364
364
177
176
142
143
143
144
161
160
129
446
447
447
443
454
442
360
359
360
363
365
363
365
155
155
142
144
144
161
159
160
160
446
446
443
443
454
360
357
359
363
369
369
154
154
155
148
146
148
147
148
159
159
160
444
444
441
441
441
449
358
357
357
357
369
369
369
367
154
154
146
148
514
160
739
740
740
734
726
449
358
358
358
357
357
688
369
365
705
462
459
456
456
518
456
518
518
515
514
739
514
740
740
733
736
726
726
726
728
688
729
687
688
688
706
705
462
462
458
457
518
518
514
739
738
738
738
736
737
732
732
729
729
694
729
706
707
707
707
462
458
461
519
519
526
526
526
738
737
732
732
730
730
694
706
694
709
706
710
461
465
521
521
525
526
547
546
737
737
760
732
730
730
695
695
711
711
710
464
464
464
465
465
521
521
522
522
525
547
547
759
757
730
695
695
711
463
464
465
488
521
522
550
547
547
544
760
760
760
757
757
776
774
775
775
775
770
770
770
463
491
493
487
487
488
550
550
545
544
554
761
544
756
756
756
776
776
775
770
771
491
493
487
492
487
489
550
553
554
554
761
765
756
782
782
779
775
779
772
769
787
491
493
492
489
492
489
490
490
549
553
553
765
765
765
782
779
772
787
786
786
787
787
493
190
413
198
198
196
196
190
188
188
124
124
399
424
400
401
423
414
414
413
379
379
383
382
382
198
184
197
197
195
186
190
187
188
191
185
127
127
124
124
424
401
426
409
414
379
379
379
380
382
382
184
184
195
187
186
187
131
121
124
421
424
421
421
421
425
425
426
406
390
388
389
380
380
174
174
174
172
174
173
185
131
122
421
422
425
419
418
388
389
390
386
386
386
174
177
172
172
172
173
132
132
131
131
130
130
420
420
416
417
418
388
388
384
384
386
177
171
143
132
132
132
132
129
129
447
442
454
360
359
364
364
153
177
144
161
162
160
447
447
455
454
454
360
362
359
363
153
152
153
142
143
145
143
147
147
161
162
444
445
443
443
454
452
361
361
362
362
368
368
368
367
154
155
146
146
147
147
161
147
159
160
158
444
444
444
441
449
448
449
452
356
356
369
366
152
456
146
515
514
157
734
734
449
449
727
449
356
688
369
705
459
459
458
518
513
515
515
534
734
733
733
727
728
727
728
687
687
687
706
689
707
462
462
459
459
519
517
515
514
739
735
736
731
727
728
730
687
688
706
707
705
462
461
460
460
457
457
520
516
516
524
526
539
736
736
731
712
697
694
696
697
707
709
461
469
469
520
523
526
546
737
731
714
731
713
696
696
709
710
465
465
520
524
525
523
525
546
546
759
714
712
696
696
709
774
710
467
467
467
463
465
488
522
522
545
547
544
546
760
758
761
759
757
778
774
774
773
770
771
494
497
497
497
487
487
488
550
545
552
544
761
761
755
778
778
774
773
771
771
771
494
497
487
549
550
553
552
766
755
755
776
768
778
780
773
773
787
491
491
494
494
492
496
492
492
490
490
490
549
548
553
553
766
766
766
782
766
782
782
779
781
779
780
773
788
787
781
780
772
196
189
377
198
192
196
192
196
189
189
189
188
126
126
124
399
400
401
401
410
410
410
377
377
383
377
383
383
383
382
184
193
189
193
188
127
127
125
399
400
400
400
401
409
409
377
383
382
184
183
183
183
193
185
185
185
127
127
125
421
424
404
425
409
409
398
390
398
390
372
372
371
184
182
182
172
182
178
185
137
131
128
128
404
422
407
406
418
406
398
388
388
371
386
174
172
178
136
137
137
128
138
420
416
420
396
396
384
384
384
352
177
177
178
166
136
136
137
128
447
427
416
455
433
433
455
433
360
384
354
355
364
177
153
153
179
142
142
166
166
136
162
128
128
445
443
455
455
362
362
354
368
152
152
153
145
164
164
162
162
158
445
158
445
448
455
452
455
361
362
368
368
367
367
152
152
150
145
145
164
164
162
157
158
158
445
445
450
451
356
361
366
366
367
150
151
150
146
150
513
533
534
534
734
733
448
448
448
449
728
687
356
689
699
699
699
472
472
459
517
515
534
534
534
734
733
733
727
727
728
728
687
689
689
700
700
705
472
460
460
517
516
535
535
735
735
735
736
719
712
717
697
687
690
689
700
702
700
460
461
516
524
523
540
540
539
735
735
721
721
731
719
712
712
697
697
691
702
708
466
469
469
520
520
524
523
540
539
759
714
714
697
696
709
708
708
466
466
468
466
469
520
523
523
546
542
758
543
714
714
759
713
691
691
709
708
708
467
467
467
465
486
488
486
545
545
541
545
541
758
758
759
777
774
777
795
497
496
486
485
485
485
545
552
761
763
761
755
752
778
777
777
773
771
494
497
495
496
484
485
550
552
552
552
766
767
767
768
778
778
780
777
789
789
494
495
495
496
484
548
548
548
551
551
766
768
767
768
781
781
780
781
780
780
788
788
789
789
484
788
192
194
194
194
220
189
189
188
224
126
114
399
399
399
401
412
412
410
410
377
410
373
373
373
370
194
194
193
193
194
225
127
126
126
125
125
118
405
400
402
412
412
411
409
398
373
372
370
183
183
193
225
225
224
225
127
125
125
404
404
412
406
407
411
397
398
398
392
376
372
371
181
181
183
182
205
225
140
140
404
407
406
407
397
398
392
372
371
180
180
182
178
182
204
205
136
137
141
139
141
138
404
407
406
432
432
396
432
396
391
391
392
392
352
180
180
180
180
178
166
166
136
137
135
139
139
427
428
427
433
433
431
396
346
396
354
354
352
352
179
179
178
166
165
165
163
163
139
427
435
427
429
430
433
431
453
346
354
345
354
355
179
149
145
165
164
163
158
436
452
453
345
345
355
367
151
151
149
149
165
169
164
157
157
156
435
450
450
450
451
452
342
361
366
366
366
150
151
150
145
531
533
169
157
156
156
438
450
451
451
451
716
685
361
685
342
342
351
699
472
472
475
517
513
533
533
535
535
734
733
719
715
715
715
717
685
690
684
689
699
699
471
472
470
517
517
531
532
535
535
536
721
719
717
686
686
690
690
690
700
702
702
471
460
470
469
516
528
516
529
524
529
540
539
721
720
721
717
697
690
701
702
701
704
702
478
468
468
469
524
524
540
540
540
539
539
721
721
720
713
713
691
691
691
692
701
701
704
466
468
486
542
543
543
758
750
713
751
751
751
693
790
797
704
708
795
466
467
468
496
486
486
560
541
542
542
543
750
748
758
748
751
751
752
790
790
794
795
795
500
497
500
496
485
561
561
541
541
541
761
752
752
752
777
792
794
794
794
794
795
498
495
512
485
484
567
548
548
551
551
763
763
767
767
752
793
792
789
788
789
498
495
495
512
512
484
567
566
551
563
551
763
762
767
768
781
793
792
788
789
484
220
370
216
192
217
220
221
221
221
120
120
120
120
120
114
114
114
402
402
402
412
410
375
375
373
375
373
374
374
194
216
217
221
227
224
224
120
120
405
402
411
412
411
411
411
375
375
376
372
370
213
215
217
227
227
225
224
225
117
117
118
118
405
408
408
397
397
398
394
376
371
181
201
182
201
201
205
205
205
225
226
141
141
140
140
140
405
405
408
397
395
394
394
394
392
181
181
181
201
204
205
135
138
138
404
407
408
432
395
391
393
391
370
352
206
204
204
166
135
135
139
50
138
428
428
428
432
433
431
395
348
391
391
355
179
207
206
204
163
139
139
427
436
436
429
430
430
346
346
346
346
345
355
355
352
179
206
165
167
165
170
163
163
156
156
435
436
435
435
430
346
346
344
345
344
351
350
350
151
211
149
167
168
169
156
436
440
451
453
453
453
342
342
344
351
351
151
476
149
168
533
169
533
157
438
439
450
715
451
716
716
685
351
698
476
476
475
531
530
532
532
536
536
438
724
715
715
716
685
685
686
684
684
684
699
698
471
471
476
470
475
531
530
531
532
532
532
536
536
724
724
720
717
718
686
684
698
698
471
471
470
528
528
527
537
537
721
720
718
718
692
684
692
701
703
703
703
704
478
483
529
529
540
538
537
537
722
720
749
713
718
693
701
704
704
478
479
477
477
483
529
527
560
542
538
543
722
750
753
693
693
797
797
704
704
479
500
500
499
499
505
507
560
560
561
560
560
542
543
750
749
751
754
754
790
797
794
795
500
498
500
499
505
505
561
561
561
555
763
748
748
752
753
754
790
796
796
795
498
498
499
511
505
567
567
567
563
563
563
565
763
748
743
793
792
792
784
784
498
503
503
503
512
511
512
512
512
566
567
562
563
563
764
764
764
764
762
762
768
793
793
783
785
785
785
762
216
216
217
220
220
222
221
222
223
119
119
119
115
114
402
260
256
258
249
375
249
376
374
374
374
374
248
217
217
217
218
221
223
120
226
119
117
119
118
115
260
258
258
258
249
249
376
247
247
213
215
201
215
227
226
227
117
118
48
259
405
405
259
260
258
397
251
376
376
370
247
199
215
201
227
203
226
226
117
118
46
46
262
259
408
408
395
257
394
394
394
392
371
247
199
200
200
200
203
203
203
203
141
43
42
141
138
46
46
428
432
326
395
395
393
393
291
291
353
208
200
207
200
204
203
135
42
141
50
50
428
429
429
429
431
431
348
393
393
353
353
353
206
206
207
202
170
135
170
32
50
50
434
429
430
431
347
348
348
355
350
353
206
211
212
212
209
170
170
31
32
50
436
434
435
434
430
347
348
343
344
350
350
212
149
168
168
168
169
31
32
34
32
437
438
437
440
453
347
342
343
343
344
211
476
167
167
168
637
169
530
31
34
34
438
438
439
439
439
440
440
716
838
344
803
351
473
473
475
475
531
530
533
34
536
725
724
439
724
716
838
698
807
476
476
474
474
475
528
530
530
536
625
724
725
725
715
716
717
686
838
838
838
808
698
703
805
703
470
482
483
527
527
538
538
725
722
723
718
718
686
692
805
703
478
480
483
482
483
528
529
527
538
537
537
722
722
723
693
692
891
894
478
478
483
558
558
538
557
750
749
718
753
754
693
692
894
894
501
500
499
507
507
507
558
558
559
559
555
557
557
750
749
753
754
754
754
797
797
791
797
796
502
501
501
499
506
506
507
559
559
561
565
555
556
744
748
741
791
791
791
791
796
796
796
503
503
506
506
505
567
565
562
565
565
764
744
744
742
743
742
791
792
783
784
784
784
503
504
511
511
511
512
566
566
567
562
562
565
764
746
762
743
743
793
783
783
785
785
566
222
116
216
219
219
222
222
223
223
119
116
116
115
260
260
256
256
249
249
255
255
246
245
248
246
216
218
218
218
218
222
223
223
116
118
115
94
260
256
258
258
251
250
245
245
248
248
248
213
215
215
214
218
106
117
48
94
46
259
259
262
261
257
257
251
250
250
245
247
242
214
214
214
214
227
202
226
43
44
48
262
261
262
257
250
243
208
199
200
203
38
38
43
44
42
46
46
322
262
321
325
326
393
291
291
291
290
208
208
208
199
202
202
38
43
53
42
49
44
49
49
322
321
326
326
326
348
288
288
291
207
207
202
202
39
39
39
49
49
322
329
329
347
288
348
353
212
212
212
209
167
35
35
31
32
32
434
434
434
330
329
347
343
349
349
349
349
349
212
211
212
209
168
170
31
31
33
437
440
440
329
341
343
343
350
349
211
473
211
167
638
638
637
29
622
34
34
34
33
437
438
440
834
328
834
801
803
803
803
803
807
474
473
473
473
638
638
638
637
637
624
622
624
625
625
439
725
835
833
834
838
802
803
801
805
807
807
474
474
482
637
621
624
625
832
835
835
839
839
802
805
481
474
481
480
482
482
528
621
624
623
616
725
725
831
835
835
839
839
839
808
808
808
809
805
477
481
481
482
480
558
527
579
623
616
723
723
831
836
839
874
808
894
894
894
481
477
483
508
507
579
558
579
555
577
577
557
557
745
749
749
872
873
892
891
891
893
477
508
507
508
559
508
559
559
555
555
556
556
557
745
745
872
753
873
876
892
891
891
502
501
506
568
568
556
556
556
744
744
753
742
791
791
884
884
886
502
502
501
501
506
568
564
565
564
744
743
742
885
885
783
784
889
504
504
511
509
509
510
510
569
569
562
564
564
746
741
746
741
742
743
742
885
783
889
785
889
504
562
785
93
265
219
219
219
222
109
109
92
116
109
116
115
93
94
264
264
256
256
255
255
246
246
246
246
246
213
219
218
111
223
109
92
92
94
94
94
94
268
259
264
264
251
257
251
245
245
213
218
107
107
106
47
48
47
47
266
268
268
261
261
254
251
251
250
250
243
242
248
72
72
214
81
106
106
44
48
48
47
45
45
261
262
269
261
257
325
244
244
243
243
243
242
199
199
79
78
78
38
38
43
43
44
44
45
45
321
322
325
324
324
290
290
290
208
207
78
41
38
39
39
53
53
49
52
52
322
321
321
325
326
325
323
323
287
288
290
210
210
78
41
41
39
41
39
56
56
52
322
327
321
325
326
340
340
287
288
289
289
210
210
210
209
35
37
30
30
30
51
330
329
329
329
341
297
297
210
209
67
35
35
29
30
28
437
330
331
330
328
328
328
341
297
297
652
209
638
638
35
29
29
29
33
33
33
33
437
331
328
834
833
801
801
804
804
807
652
651
640
637
622
624
626
626
625
832
835
834
833
802
802
804
806
651
654
640
640
621
621
622
624
626
625
618
618
832
832
835
834
839
802
802
809
806
805
806
654
480
654
482
654
640
635
621
623
623
618
832
831
836
836
836
808
809
809
481
480
666
579
579
579
623
616
616
615
831
836
874
837
892
893
892
809
893
893
662
481
677
662
480
665
666
578
577
577
616
615
745
615
869
872
872
873
873
892
892
890
892
891
893
677
502
678
508
579
577
582
587
745
869
869
872
890
890
891
886
893
502
677
678
508
508
583
568
568
582
587
587
588
745
747
741
879
873
879
884
884
887
886
676
678
504
509
509
510
510
569
675
568
586
586
588
746
747
747
741
741
881
879
885
884
889
886
504
681
509
509
510
510
569
569
569
569
585
564
586
564
584
746
746
747
881
881
881
883
885
883
888
883
889
888
889
888
889
265
232
71
110
111
108
111
109
95
92
92
93
93
93
265
264
263
255
254
252
255
252
253
232
231
231
231
111
110
111
107
107
98
92
93
266
91
266
265
264
263
254
255
254
253
253
231
248
234
71
110
110
107
107
107
106
98
47
266
267
266
267
268
269
268
269
254
253
243
242
234
71
79
72
79
81
81
81
81
98
47
45
267
268
269
254
244
244
324
229
242
242
72
73
72
79
79
80
81
82
42
54
53
52
45
320
315
315
320
320
324
286
288
228
290
72
73
80
80
80
41
41
41
40
53
53
55
54
52
52
52
320
323
323
324
287
287
289
289
289
70
69
36
40
36
40
56
56
56
55
51
51
330
332
317
327
340
327
323
287
287
298
293
69
69
67
67
37
37
37
56
51
51
332
327
333
327
341
338
341
340
340
298
297
296
296
69
67
37
30
30
28
28
28
331
331
330
333
333
338
339
341
341
339
297
298
295
295
652
652
649
68
37
29
28
614
331
331
328
801
801
804
804
806
652
651
651
652
650
639
639
622
619
622
626
626
626
828
613
828
826
826
833
833
802
802
810
806
806
651
653
651
653
654
640
639
634
620
620
623
626
613
830
832
826
837
837
800
804
811
811
810
654
654
654
635
635
635
620
620
613
618
618
832
832
829
836
829
837
837
809
811
811
811
811
662
662
662
663
665
666
635
578
581
577
616
615
618
617
615
618
831
831
871
874
874
822
895
662
663
665
666
665
666
578
578
578
615
617
617
871
871
871
875
874
874
875
890
890
896
896
895
895
677
677
672
672
583
583
582
583
582
587
588
588
869
869
872
873
890
896
896
886
886
677
676
676
678
678
672
672
583
583
582
590
587
590
588
588
869
880
879
910
884
887
887
887
676
676
679
678
675
675
675
591
585
586
590
586
747
866
882
880
879
883
887
906
888
887
681
681
676
681
675
675
675
591
585
585
586
584
747
747
882
882
883
881
883
881
885
888
888
113
113
112
113
112
109
96
96
91
91
265
265
263
263
252
252
232
232
231
71
113
110
111
108
95
95
98
96
96
90
91
267
263
263
272
252
253
232
231
233
71
83
110
83
107
98
98
98
98
90
267
267
269
271
271
253
244
229
234
228
71
83
42
18
18
267
267
314
269
269
271
244
229
229
228
230
228
234
73
73
73
79
80
82
82
54
54
17
314
314
315
315
315
324
324
286
230
285
285
73
73
80
82
40
40
54
54
55
19
20
19
315
317
317
320
286
293
289
70
70
70
62
36
36
40
54
0
55
55
51
20
19
317
317
317
327
338
323
286
287
294
293
69
70
68
68
36
36
12
56
55
5
332
333
339
339
292
339
294
296
298
296
69
69
67
68
12
12
10
10
10
5
5
333
333
339
298
298
296
296
649
649
649
650
650
639
10
10
6
6
828
333
826
338
798
799
806
295
799
295
649
650
650
650
639
619
619
614
614
828
828
826
826
798
800
800
810
653
650
639
636
636
634
619
620
613
613
612
830
830
828
829
837
800
800
810
810
810
653
653
636
636
635
620
620
612
613
618
830
830
829
829
837
849
822
822
811
814
664
663
665
621
617
617
617
871
829
840
875
822
811
824
895
663
668
666
668
578
581
581
580
580
871
870
870
875
875
875
875
903
896
896
895
677
668
668
668
672
583
581
580
589
587
870
870
877
878
903
896
895
903
900
679
679
679
672
673
672
583
582
590
589
590
588
868
868
868
877
880
878
878
910
910
906
902
679
682
679
679
673
674
674
672
674
591
591
585
590
584
590
866
866
865
880
880
880
876
879
911
911
911
906
906
907
681
682
680
680
674
674
591
585
586
584
866
866
866
865
882
880
882
876
911
906
907
584
284
101
113
113
112
112
112
108
95
96
89
88
91
283
284
283
284
274
284
274
274
240
236
233
233
233
113
112
108
104
95
97
96
88
90
90
91
283
283
272
252
240
232
232
233
75
75
113
108
83
104
105
97
97
90
90
283
270
272
270
272
272
229
234
233
234
75
75
75
84
84
83
97
97
97
18
18
18
17
18
313
278
313
270
271
271
271
271
271
229
230
230
228
74
74
74
83
22
23
17
17
17
19
313
314
313
303
303
304
230
285
285
230
285
285
64
63
62
82
13
0
23
17
24
314
19
20
314
318
317
316
303
286
294
293
293
70
64
68
57
62
62
13
4
4
20
20
20
317
316
316
316
316
303
286
294
294
293
70
70
68
12
12
13
10
4
4
4
4
332
15
332
335
318
336
339
292
292
294
294
296
649
642
10
13
3
3
3
5
3
5
332
335
338
337
339
310
309
295
643
639
628
11
11
11
10
601
6
614
6
614
5
6
827
827
827
337
851
337
798
799
798
799
816
295
643
650
634
11
619
601
614
827
827
827
852
851
799
798
800
816
648
648
648
648
636
633
634
634
634
604
619
604
600
619
612
830
844
851
852
852
852
823
816
813
813
653
664
644
633
636
636
600
600
612
612
612
845
840
852
852
849
849
823
822
814
813
664
664
663
667
600
581
599
611
611
840
849
822
824
824
814
824
664
664
658
663
657
656
668
667
581
573
580
580
574
611
611
611
610
871
840
870
877
875
822
824
825
900
658
659
657
668
667
576
574
574
574
580
589
610
610
870
877
878
878
903
903
900
900
682
659
659
673
673
576
576
574
589
589
867
867
868
877
877
859
878
876
910
909
903
909
902
901
680
682
680
673
670
674
572
595
589
865
868
858
865
876
910
911
906
907
907
902
682
682
680
680
674
593
593
593
591
595
594
594
866
865
865
882
911
911
908
911
907
907
905
670
100
280
101
100
99
100
105
89
89
89
88
281
281
281
284
284
284
274
274
240
236
236
236
101
100
101
100
104
105
103
89
86
86
88
91
282
283
284
275
274
274
240
241
236
237
75
77
84
84
105
105
86
86
86
87
86
87
278
270
275
276
272
241
237
234
74
84
60
23
23
87
26
18
277
270
270
276
241
304
235
228
74
74
84
63
82
60
22
23
24
17
19
313
313
303
303
307
65
63
63
63
62
62
22
24
20
15
15
302
302
303
304
307
307
307
64
65
57
57
57
13
8
8
8
25
20
15
318
316
301
301
312
312
312
64
64
57
9
8
4
5
1
16
15
319
319
318
318
335
301
301
292
310
311
312
312
312
64
643
642
12
13
3
3
1
1
1
334
334
335
337
337
337
299
311
292
643
643
642
11
11
2
602
843
854
851
337
310
815
309
816
643
642
628
628
628
604
601
602
843
844
844
844
844
851
798
799
815
815
815
816
816
646
645
645
632
630
630
604
604
606
845
844
852
848
851
823
821
813
813
644
644
644
633
633
630
600
599
599
606
606
845
845
848
849
850
823
823
823
813
825
814
647
644
633
630
600
599
599
599
611
610
842
840
849
850
823
825
814
658
657
656
656
667
667
576
573
573
608
611
608
610
610
609
842
842
842
857
903
825
897
824
900
825
900
658
658
657
667
576
573
574
574
596
609
867
859
859
859
909
897
897
901
901
659
683
659
661
673
572
572
572
576
575
596
867
867
859
858
858
855
903
902
901
901
683
683
671
671
572
572
575
595
594
596
863
868
865
858
910
908
907
905
905
683
683
680
670
593
593
593
595
595
595
595
594
863
863
860
860
860
908
904
904
905
863
89
101
100
281
281
282
282
282
273
239
273
273
240
240
237
236
101
104
105
105
105
85
87
281
282
278
276
273
241
239
237
237
77
77
104
104
103
103
87
27
87
278
278
276
241
241
235
76
76
77
77
61
103
103
23
27
27
277
275
302
235
235
76
76
63
60
60
22
24
26
27
277
279
302
302
304
305
308
308
65
65
63
60
21
22
24
24
26
16
305
305
305
307
307
65
66
59
59
59
21
8
21
25
25
24
16
319
319
300
301
312
312
66
57
9
8
7
16
16
335
335
318
299
311
66
59
9
9
2
2
1
334
335
336
299
310
309
311
641
642
628
628
629
603
601
2
0
334
854
335
336
817
310
815
309
643
642
642
629
629
604
603
602
843
843
854
854
854
853
815
815
817
646
646
630
603
601
602
843
844
847
848
850
820
818
818
647
645
645
632
645
632
633
630
631
607
606
606
845
846
848
850
820
821
814
647
647
656
633
631
598
598
607
606
607
842
841
847
850
821
820
821
812
812
656
656
655
667
608
609
608
609
842
841
819
857
821
825
812
812
661
659
570
573
573
596
608
609
841
858
857
856
897
901
661
661
657
671
570
575
571
575
597
596
867
862
855
909
899
899
899
901
683
571
571
592
575
597
864
864
863
862
861
861
909
908
904
899
683
671
670
670
592
594
864
864
860
860
861
908
904
904
905
592
101
99
99
88
239
238
77
88
273
241
84
102
102
85
276
26
85
277
279
235
235
76
59
22
277
302
305
308
60
27
279
308
308
65
59
21
25
16
336
300
300
311
58
9
9
7
25
14
14
319
300
301
306
641
58
629
7
0
336
641
629
1
299
818
309
641
627
631
603
843
853
853
853
645
632
631
631
603
603
607
846
848
820
647
846
846
847
847
850
820
820
818
655
598
605
845
821
812
656
598
598
609
841
857
819
661
655
570
609
859
857
856
899
660
661
571
575
597
862
858
856
899
898
660
571
597
862
861
908
671
597
861
904
77
275
276
239
278
61
61
103
304
319
300
305
66
58
25
21
311
2
309
815
627
818
632
646
603
846
853
605
848
655
812
856
661
608
857
856
861
898
592
594
280
238
282
239
77
102
237
278
308
26
61
24
305
58
336
299
310
629
602
843
818
632
631
819
819
658
605
841
570
605
898
570
862
862
669
597
864
855
908
905
99
273
85
275
276
239
76
277
26
308
58
300
306
66
7
2
14
334
0
603
846
847
607
605
661
841
571
855
898
669
863
860
99
85
279
279
238
102
27
61
306
66
21
14
306
299
641
641
0
853
817
817
646
631
607
647
655
598
647
655
570
856
669
660
671
592
864
861
99
85
479
479
238
102
102
786
513
61
280
280
306
7
58
7
627
306
627
854
627
627
854
817
602
819
846
847
403
605
819
898
855
660
660
669
855
898
669
592
403
403
479
280
238
238
513
513
78
280
78
719
403
719
470
14
786
762
755
403
897
171
897
723
660
723
171
876
192
