736
292
123
119
96
96
296
296
292
361
94
94
294
358
357
357
361
359
359
120
116
116
290
290
290
357
146
96
92
97
92
289
289
338
148
177
98
99
289
288
288
333
335
338
177
98
99
97
287
301
334
181
181
181
97
302
302
303
303
301
334
334
336
337
180
181
182
167
167
302
301
341
342
142
142
180
180
182
167
299
307
307
339
339
342
141
141
688
692
696
308
453
689
689
688
695
696
696
453
391
689
685
686
695
393
671
675
685
685
700
700
699
442
445
393
395
677
677
675
705
698
456
456
445
394
394
395
395
676
677
673
705
706
698
725
455
455
409
394
409
676
676
674
724
409
673
654
704
733
734
380
410
383
410
410
404
404
647
647
654
654
731
735
404
647
652
653
653
732
731
731
735
735
383
402
402
402
403
125
125
125
124
125
124
119
118
118
118
96
96
94
94
296
296
296
292
292
292
356
358
356
360
360
361
361
125
124
124
119
119
96
119
93
94
296
296
294
292
290
292
292
358
360
359
361
361
125
120
120
116
116
95
96
92
93
92
93
294
294
294
294
294
289
290
357
357
357
359
359
359
147
147
147
177
95
95
95
92
92
293
295
289
289
289
333
358
333
336
338
148
148
148
146
146
177
177
98
98
97
97
287
97
287
288
333
335
336
338
338
148
148
177
176
176
98
98
99
97
302
287
302
287
301
306
288
333
334
335
338
338
337
337
143
146
142
175
175
175
181
166
166
300
302
302
303
305
301
305
334
341
334
337
336
337
142
142
179
179
183
181
167
167
166
300
303
303
303
305
305
341
341
334
344
342
141
141
142
180
180
180
182
182
182
167
167
299
300
299
308
308
309
307
339
341
339
344
344
344
342
141
141
180
182
692
168
692
696
696
696
453
307
307
307
339
339
339
444
342
342
391
671
669
689
688
688
688
686
688
686
692
692
692
696
696
453
451
453
453
453
442
442
442
444
444
442
392
391
671
671
689
689
686
686
692
695
700
699
699
451
451
451
452
452
442
442
442
392
392
391
392
671
671
670
685
685
685
695
700
700
698
456
456
456
445
393
393
393
394
392
395
677
677
684
684
705
705
705
700
698
699
698
456
455
455
408
393
395
394
395
677
676
677
673
672
673
673
674
674
705
706
706
454
455
455
410
408
394
676
676
677
673
673
674
704
705
706
706
725
725
725
725
380
380
410
410
410
410
411
411
411
645
647
644
644
650
654
654
732
704
733
733
725
733
724
724
724
380
380
410
411
411
648
647
652
646
654
654
732
731
731
734
734
735
735
383
383
383
402
402
402
404
404
647
648
652
652
652
654
654
653
732
732
731
734
735
735
383
402
403
404
403
403
403
403
647
118
356
125
125
124
118
118
118
112
94
94
298
298
298
297
297
291
291
356
356
360
360
361
367
125
122
124
124
124
119
119
95
119
96
112
96
113
93
93
296
297
295
291
291
356
358
360
360
366
366
120
122
116
116
116
95
95
93
93
293
293
293
293
295
295
295
290
290
358
358
359
366
366
147
120
147
122
147
116
95
93
92
293
287
295
289
288
358
357
363
362
366
362
148
148
147
146
144
177
176
176
98
99
99
100
287
287
304
288
288
333
335
335
336
338
148
146
177
176
172
176
172
99
99
302
301
306
333
335
337
337
140
143
175
176
167
166
300
303
306
305
306
305
341
334
335
140
140
140
175
179
179
175
182
183
181
183
300
300
303
301
305
309
305
341
341
340
343
343
343
344
141
142
179
179
183
183
183
182
168
168
168
300
299
299
299
308
308
309
309
340
340
344
344
138
688
180
680
692
168
697
697
308
308
453
309
340
419
344
419
669
669
689
688
680
686
693
691
697
697
449
453
452
452
443
443
444
444
419
419
392
671
671
669
670
689
686
686
690
695
697
449
450
452
443
447
444
444
392
391
391
670
670
670
670
675
687
684
687
686
685
695
699
699
450
456
459
446
445
445
393
392
400
670
675
672
684
702
700
700
698
456
459
456
455
455
393
394
395
677
672
674
684
705
701
701
701
706
454
454
454
408
408
394
408
395
645
645
645
676
672
674
674
674
704
706
704
706
725
725
726
454
454
380
408
409
409
411
413
645
645
644
644
650
650
651
732
713
733
733
726
726
381
381
380
410
409
411
411
413
648
646
650
653
732
731
734
734
724
724
380
381
381
383
407
407
404
648
648
648
646
646
646
652
652
653
653
653
653
732
732
731
734
735
729
384
735
384
384
383
384
402
407
407
406
403
384
407
407
123
117
356
123
121
123
123
123
117
118
117
112
113
112
114
298
298
297
286
291
291
345
356
364
364
364
364
364
367
367
121
122
117
115
112
112
113
114
298
297
297
297
285
291
345
363
364
366
121
122
122
122
115
115
117
111
113
113
114
293
295
277
295
276
358
355
358
354
363
363
363
366
120
122
145
115
149
115
111
111
100
100
101
277
295
277
276
288
276
355
363
362
362
362
147
144
149
172
100
100
101
101
278
277
278
333
354
362
325
362
323
145
145
144
173
172
172
170
99
321
321
304
304
304
304
306
304
326
325
325
323
336
145
140
140
144
175
173
173
174
172
170
170
170
320
303
304
306
335
326
325
336
140
140
140
179
183
174
166
170
168
300
170
320
309
306
309
306
340
343
343
343
343
342
142
138
138
178
178
183
183
166
168
168
168
316
299
309
309
340
340
343
344
344
138
139
138
180
138
680
680
693
691
697
697
313
308
313
309
443
443
340
424
419
421
421
669
669
687
678
680
691
691
691
697
697
449
450
452
443
443
444
424
424
421
419
391
669
669
687
687
682
690
690
690
449
449
449
450
452
447
447
443
446
424
419
399
399
670
667
682
682
690
702
690
703
449
699
450
699
450
450
459
447
446
446
422
399
399
667
687
668
684
684
682
702
702
701
698
458
459
446
445
401
400
400
676
658
675
659
672
681
702
702
701
701
698
710
458
459
454
459
374
401
401
400
400
645
659
645
675
663
650
672
651
713
713
704
706
726
726
458
379
408
379
413
644
644
650
650
651
651
713
733
726
728
726
724
381
381
379
379
407
413
648
644
646
650
651
651
718
718
730
728
729
729
381
381
381
379
407
379
406
405
648
648
646
649
649
649
730
719
730
730
729
729
729
384
384
384
382
382
382
382
406
406
406
405
649
406
133
121
133
123
128
117
128
112
112
113
108
298
298
298
282
286
286
286
345
345
345
364
364
364
367
121
133
117
131
129
131
113
113
114
114
114
108
283
283
285
285
286
286
276
355
364
365
367
121
121
122
131
131
111
110
110
114
114
283
283
285
276
277
285
355
355
355
354
365
365
366
149
149
121
115
115
111
100
101
277
277
276
279
355
354
353
365
365
145
145
149
144
149
154
172
111
100
109
101
101
102
277
279
276
279
279
355
312
354
354
325
323
322
322
145
145
145
145
149
173
173
172
161
161
101
102
321
278
320
312
312
312
326
324
326
325
325
323
323
143
143
144
173
173
174
174
170
170
321
320
320
320
311
312
312
310
326
326
324
330
330
143
138
178
174
174
162
171
320
315
315
315
330
330
332
139
139
178
178
178
163
162
171
171
169
316
316
319
313
315
315
327
327
332
332
332
139
139
139
178
680
680
163
169
169
169
316
313
313
315
315
438
415
327
424
327
327
332
421
667
667
667
678
680
679
693
693
691
691
439
448
449
437
437
438
415
424
423
424
421
421
667
667
678
678
678
682
682
694
690
691
448
450
437
447
423
424
423
422
421
422
420
668
668
668
687
681
682
682
683
682
683
703
690
448
450
458
447
446
422
399
422
397
397
399
658
668
668
672
683
683
703
703
703
703
710
710
710
458
458
459
446
446
401
401
401
400
397
658
659
662
702
712
712
710
457
459
389
390
390
374
374
401
400
400
397
660
660
660
660
663
651
716
701
712
712
712
711
386
389
389
389
390
390
373
374
413
412
412
660
660
660
663
663
715
713
718
718
728
726
386
389
390
379
373
413
413
412
413
412
656
656
666
651
649
720
718
720
730
728
728
728
729
387
379
382
407
406
406
405
656
656
666
666
664
649
720
720
730
719
730
728
729
727
385
382
382
369
405
405
649
128
367
133
133
128
128
128
127
104
104
104
108
108
108
108
107
108
283
282
282
286
345
347
349
348
349
348
348
367
135
133
133
129
131
130
104
104
104
283
282
285
285
285
286
346
347
349
349
365
367
135
135
136
131
131
131
110
110
110
103
103
109
283
280
280
347
351
355
352
353
365
135
150
135
151
149
154
131
154
131
111
110
109
109
109
102
283
281
280
350
350
351
352
353
353
150
150
150
151
154
154
161
102
102
278
279
280
279
351
354
352
353
322
322
150
152
152
174
161
161
102
102
102
278
321
278
279
312
312
351
324
326
323
325
143
160
160
152
171
171
171
321
321
320
311
311
310
310
310
324
324
326
330
330
322
143
160
173
164
174
164
162
171
171
169
319
319
319
319
311
310
327
329
329
332
332
331
331
139
157
165
165
165
171
169
316
317
314
315
314
314
327
327
332
331
331
139
572
165
164
679
163
679
169
318
317
313
438
314
438
415
415
331
421
573
572
572
572
679
694
693
694
693
318
439
438
438
438
415
415
414
423
423
423
421
421
573
574
573
574
681
678
678
679
679
679
694
694
694
439
439
437
437
447
415
423
420
420
574
668
668
681
683
683
703
710
448
457
458
447
447
422
422
422
398
398
398
397
658
681
681
683
702
709
703
712
710
457
457
458
440
374
401
397
398
658
659
659
662
662
683
716
716
712
709
712
711
711
389
374
374
375
401
398
397
658
659
660
662
659
663
662
716
716
716
716
713
714
712
386
386
389
390
374
375
375
412
397
655
655
656
663
663
663
715
713
714
722
728
386
723
387
387
390
373
378
369
412
656
656
666
665
664
715
720
720
718
718
719
723
727
387
385
373
369
369
368
412
656
666
666
657
666
666
664
664
664
720
720
719
719
721
727
727
727
727
727
387
385
385
369
369
368
405
405
385
133
134
134
128
128
127
127
127
105
104
105
108
107
107
282
284
284
284
347
347
347
348
348
348
348
348
268
135
135
134
129
129
130
104
105
105
103
107
107
107
282
284
346
346
347
349
349
269
269
135
136
137
137
130
130
130
109
103
54
281
281
281
281
284
346
350
352
349
349
365
269
150
137
151
130
153
130
110
110
103
56
56
281
281
280
280
350
350
352
352
352
353
353
264
150
151
151
151
154
153
153
153
111
53
53
109
102
56
56
278
279
280
350
351
352
353
264
264
322
158
150
160
152
154
154
161
91
161
80
89
321
219
311
226
311
310
351
351
323
323
322
205
160
160
160
152
162
162
91
91
89
89
321
319
311
311
310
324
324
329
205
330
160
157
160
155
155
164
163
91
89
89
316
316
319
314
310
328
329
329
329
331
205
157
157
165
164
164
163
91
88
88
91
318
318
318
317
314
218
328
328
328
329
157
573
165
165
165
597
163
596
90
88
88
318
318
317
317
317
317
314
429
414
328
433
331
573
573
573
570
572
596
679
88
693
441
439
317
441
438
414
420
433
573
574
574
574
570
570
596
595
694
589
441
441
441
437
428
414
414
418
418
418
417
423
420
432
420
574
570
571
592
592
707
707
441
440
440
437
418
418
417
398
398
574
571
571
571
571
592
683
709
709
707
709
707
440
457
416
417
376
398
658
658
571
717
717
709
711
457
457
440
388
390
375
375
396
396
655
659
661
662
662
661
717
716
714
714
714
709
711
711
386
388
388
388
375
375
375
378
376
370
655
655
655
661
661
661
662
715
717
714
722
714
723
462
386
387
377
377
377
378
378
370
378
657
657
665
665
664
715
722
722
722
722
723
462
723
387
385
377
377
369
368
370
370
370
657
657
665
664
665
664
719
715
719
719
721
721
727
723
387
385
385
369
368
368
372
372
640
127
106
132
134
127
126
126
126
105
105
106
106
106
282
282
284
284
346
275
275
275
267
269
268
268
132
134
134
127
134
126
130
105
105
103
107
54
248
248
346
346
346
270
269
267
269
269
268
136
136
136
137
129
46
103
51
54
56
248
248
280
247
346
247
270
270
270
269
269
265
136
137
137
137
129
153
103
53
52
56
249
249
249
350
270
265
158
158
151
153
36
35
53
53
53
56
56
226
249
226
224
224
351
264
264
264
204
158
158
159
159
153
153
35
53
80
80
80
80
81
81
226
226
224
224
224
324
196
205
205
159
159
152
155
37
35
91
80
81
219
220
228
228
228
329
205
157
159
156
155
164
37
37
90
91
87
222
219
222
219
218
328
328
206
206
206
206
206
157
157
156
155
164
90
90
87
87
222
222
218
218
218
328
206
206
206
157
572
157
165
569
597
597
90
596
88
88
88
87
222
318
221
429
218
429
426
427
427
433
433
433
568
572
569
568
569
569
597
597
596
595
596
591
589
529
221
441
428
429
429
414
414
433
427
432
432
433
568
568
570
597
596
595
589
440
428
429
430
418
426
432
563
568
565
570
570
594
595
595
591
591
707
441
440
532
428
428
418
416
417
417
417
417
434
432
563
565
565
571
571
592
592
592
591
709
533
440
532
416
416
416
417
396
396
396
563
563
571
643
643
609
717
609
709
708
707
709
708
531
531
477
479
373
376
376
376
396
563
643
643
661
717
643
611
717
717
714
708
708
708
462
531
479
388
477
373
377
376
378
633
655
661
715
715
722
711
723
462
462
388
388
377
378
377
378
371
633
633
665
657
665
617
617
722
723
462
461
490
490
489
368
370
372
657
634
665
639
639
640
640
640
617
617
721
721
461
461
461
461
385
460
490
489
368
372
372
372
657
617
372
50
250
132
132
134
126
126
47
47
106
47
106
106
50
54
250
250
250
274
275
275
267
267
267
267
268
132
132
134
21
126
46
46
47
54
54
54
54
251
248
248
250
275
247
275
267
268
136
136
12
11
11
51
51
51
55
251
249
248
249
248
272
270
272
272
270
265
265
268
5
8
137
12
11
11
52
51
52
51
55
55
249
249
243
249
247
227
272
271
266
266
266
265
158
151
9
36
36
36
35
52
53
52
52
55
55
226
225
225
227
227
264
266
204
158
159
9
37
35
35
35
85
80
81
81
81
226
226
225
229
224
229
229
229
196
196
205
159
159
38
37
38
37
38
37
85
84
81
219
219
226
229
228
228
228
196
196
205
204
156
156
156
155
42
37
40
40
91
81
219
220
220
220
228
200
201
156
156
42
42
40
40
90
86
222
223
222
223
218
220
216
216
201
202
566
156
569
597
42
40
90
87
87
87
87
86
222
223
221
430
430
427
427
427
427
433
566
568
569
597
596
590
590
589
529
529
429
429
430
426
426
427
431
568
568
569
594
595
594
590
591
590
530
530
529
529
532
428
430
418
426
426
436
432
434
432
567
564
565
570
564
594
594
586
591
591
533
533
532
532
430
416
436
434
434
565
565
594
609
609
586
591
708
533
531
533
515
479
515
416
434
376
434
396
434
565
565
563
636
636
642
642
609
614
614
708
708
531
531
531
479
479
479
479
373
487
485
504
504
505
633
637
636
642
609
614
611
619
462
531
477
479
485
485
378
504
370
633
633
636
643
643
611
611
614
611
614
619
619
462
463
460
478
485
485
490
493
371
500
634
635
634
639
639
640
640
616
611
611
617
615
619
463
461
463
460
460
490
490
489
493
371
371
634
634
639
639
639
640
616
616
616
617
617
721
615
721
615
721
461
461
460
490
460
489
489
488
492
489
372
371
372
371
371
252
258
5
22
21
21
21
47
47
47
48
50
50
50
252
250
250
274
274
274
275
273
275
258
260
260
260
22
22
21
11
46
46
48
50
251
49
252
251
252
252
274
274
274
273
271
260
268
260
5
22
22
12
12
11
46
48
51
251
251
251
243
251
247
252
247
274
272
271
265
261
5
8
10
8
12
12
36
12
46
52
55
243
243
241
272
271
271
227
271
265
265
10
10
10
9
8
9
36
34
36
52
80
55
55
225
243
243
225
225
227
197
266
266
266
10
10
39
39
39
38
36
35
34
85
85
85
82
82
82
82
229
229
229
227
196
197
204
204
204
26
26
38
38
38
43
85
84
84
84
82
82
219
219
210
224
228
210
229
197
196
201
201
25
25
42
41
40
40
43
84
84
86
223
220
220
210
216
217
216
217
200
200
202
202
202
25
25
42
40
89
86
86
86
223
223
223
221
216
216
217
216
200
200
200
202
202
203
566
566
555
41
42
45
86
545
223
221
221
426
427
431
425
431
566
568
567
566
554
554
593
597
587
590
590
590
590
542
529
542
511
511
430
430
425
426
435
431
431
567
567
567
556
567
564
593
593
586
587
591
530
530
529
511
511
515
430
425
425
436
435
435
567
567
560
564
594
594
586
586
536
530
530
532
532
516
515
516
515
515
436
436
436
436
435
564
565
564
564
564
560
594
586
612
612
536
533
530
536
533
537
537
532
537
515
487
503
505
637
636
636
642
642
642
610
610
610
536
536
536
537
533
477
478
478
479
478
487
504
505
504
505
505
637
637
641
642
610
610
613
610
614
613
619
536
470
477
478
478
485
504
505
500
500
637
637
637
635
636
641
641
610
611
613
620
619
620
619
463
477
481
482
485
493
493
504
500
633
633
635
635
639
641
640
616
617
615
620
618
463
464
464
482
490
489
493
493
492
493
634
632
634
632
638
638
640
616
616
615
615
618
463
463
464
460
489
488
488
488
493
492
492
17
20
21
22
20
47
48
50
49
49
252
232
232
235
273
273
258
258
260
5
22
22
21
21
64
46
48
48
50
49
49
252
252
230
236
273
273
258
260
260
5
6
22
12
13
65
60
65
60
49
242
242
242
241
237
272
271
263
260
261
5
8
60
60
58
243
242
242
241
241
237
272
271
263
266
263
261
261
10
10
9
8
9
34
34
60
60
58
242
243
244
241
241
227
194
194
263
197
197
10
9
39
39
34
34
60
85
83
82
76
76
225
211
211
215
197
195
204
26
26
27
39
38
39
43
85
83
83
83
82
76
76
211
211
211
210
210
217
199
197
195
201
25
27
27
27
41
43
43
84
84
74
210
210
217
217
200
199
199
202
202
201
25
25
41
41
41
45
45
45
45
79
78
209
209
217
200
198
203
203
555
556
555
556
555
593
45
45
89
78
542
223
511
216
425
425
431
203
431
203
556
556
554
554
593
587
587
545
545
542
542
511
512
513
425
524
435
556
556
554
561
593
593
587
587
544
544
544
545
511
512
516
514
523
436
436
435
435
562
561
560
560
583
588
588
535
530
537
537
538
516
516
515
514
517
517
435
527
562
562
560
586
535
535
537
538
516
538
516
487
503
503
503
626
631
609
631
610
610
612
613
612
480
480
480
478
487
487
487
486
505
505
505
626
626
636
631
641
610
613
613
620
536
480
480
480
478
486
504
505
500
500
624
637
630
641
641
599
599
613
620
620
620
619
470
470
470
481
482
481
482
484
484
500
500
635
625
635
635
638
638
638
599
599
599
599
618
618
618
620
463
468
464
482
482
482
481
482
488
491
491
491
492
492
634
625
625
624
638
598
598
615
618
618
464
464
464
464
482
482
488
488
488
492
492
618
232
17
18
19
20
18
20
20
63
64
64
68
49
232
232
232
232
235
232
235
235
257
254
259
259
259
19
20
13
13
64
65
64
64
68
68
49
234
230
236
273
257
258
262
259
6
6
22
13
13
13
13
65
65
59
59
230
230
236
241
237
236
262
262
262
261
7
7
6
6
4
13
65
16
62
62
59
59
58
58
242
242
246
241
237
237
237
237
237
263
263
262
262
7
7
9
4
32
62
62
58
58
76
246
246
246
191
194
193
263
197
195
263
195
195
26
4
39
32
34
83
62
62
74
246
76
75
244
211
211
215
191
194
198
195
195
27
24
24
41
31
31
31
83
74
75
76
76
210
211
215
215
215
194
199
199
195
201
27
27
27
43
31
43
44
69
83
79
79
209
74
209
209
207
213
217
199
199
198
198
203
555
555
44
45
44
79
79
78
79
78
209
214
217
212
199
198
198
203
555
554
578
45
44
44
44
588
78
545
78
545
78
78
542
542
541
212
513
212
523
523
523
524
524
203
556
556
593
44
587
543
545
542
542
512
512
513
523
523
524
528
562
561
561
561
561
578
577
583
577
577
587
588
588
588
544
545
540
513
512
512
514
525
524
527
528
562
562
561
561
583
583
583
588
544
544
544
540
538
516
514
514
514
517
523
527
527
562
562
560
583
581
612
581
535
535
538
514
517
518
503
527
501
626
626
628
626
626
631
631
605
605
608
612
612
608
535
535
535
539
539
539
538
473
487
486
503
486
502
628
626
630
631
605
605
607
607
607
613
534
534
534
480
473
481
483
486
501
502
502
628
628
630
630
630
599
601
607
620
470
469
470
470
473
481
473
473
481
484
483
483
483
497
502
624
624
623
641
623
598
599
602
469
468
476
476
476
475
484
484
495
495
491
496
625
625
624
624
638
598
598
598
601
602
602
468
468
468
476
475
484
491
484
491
491
495
496
623
18
235
18
19
18
18
63
63
68
63
68
234
234
234
233
233
233
235
235
257
254
254
259
17
19
19
19
15
15
64
64
65
67
68
68
234
230
233
236
236
236
257
257
259
259
7
6
6
13
15
16
65
67
65
59
67
57
230
230
239
239
236
256
262
261
7
4
2
61
62
61
59
59
245
246
238
256
256
193
262
261
7
7
4
4
32
32
32
62
61
58
58
246
246
191
191
192
0
24
4
33
32
33
32
71
75
75
75
191
191
194
193
184
193
184
26
0
24
24
31
31
32
29
69
69
75
75
211
215
190
194
184
184
184
27
24
31
30
69
69
79
77
74
74
209
208
207
215
213
213
194
198
187
185
185
185
185
26
553
552
30
30
79
79
77
77
77
208
208
208
214
212
212
187
188
188
553
555
553
30
44
77
543
541
512
513
212
198
524
188
528
553
553
578
578
578
575
543
543
543
541
541
541
541
513
513
524
525
525
524
528
528
559
558
558
578
577
577
575
588
543
540
540
512
509
513
525
525
527
528
562
558
562
585
585
583
581
581
581
550
544
540
540
509
514
510
521
517
525
527
518
527
559
558
585
585
581
581
581
582
534
539
539
538
506
517
517
518
519
628
628
631
629
631
605
605
605
608
582
534
534
534
539
547
539
539
506
472
486
518
486
501
501
501
502
628
628
630
631
605
607
608
608
469
534
470
473
473
472
483
483
501
497
502
630
624
627
629
604
604
604
604
607
607
469
470
469
473
475
472
483
497
497
497
497
625
624
623
623
604
604
601
602
469
469
466
468
476
475
484
494
495
496
496
625
625
623
623
598
601
601
602
602
602
602
466
468
466
475
475
475
494
495
495
496
476
63
19
18
234
234
233
233
233
240
255
240
240
257
257
254
254
17
15
15
63
15
67
67
234
234
231
240
240
257
257
254
259
17
19
15
16
16
66
59
57
57
231
231
239
256
256
253
3
3
7
3
2
16
66
61
57
57
245
239
191
256
261
0
3
4
4
2
61
61
59
57
245
245
191
191
193
192
193
192
0
0
0
33
32
33
70
70
71
74
190
190
190
193
184
1
1
0
24
33
33
29
69
69
70
71
75
207
207
190
189
185
184
1
24
30
29
69
72
72
208
213
213
187
185
1
23
30
30
77
73
72
208
214
213
214
187
188
185
552
553
579
579
579
575
549
77
73
208
508
214
214
520
212
525
188
553
559
553
579
575
575
575
550
543
541
509
508
509
510
525
526
528
559
559
577
575
550
551
551
540
509
510
510
520
528
528
557
559
558
558
558
584
585
585
585
550
550
551
548
551
509
521
521
521
519
557
557
557
585
585
581
582
582
548
547
548
547
507
506
521
521
518
519
519
629
629
584
580
582
547
547
548
506
506
522
522
522
518
501
501
627
629
605
608
608
465
546
547
506
472
471
486
499
497
627
627
629
603
604
606
606
608
465
465
469
472
471
498
498
498
499
497
621
604
603
601
606
465
466
467
467
476
474
494
498
498
495
498
625
621
623
600
601
466
466
466
476
475
474
494
495
496
496
601
19
14
63
67
255
254
17
67
240
256
15
16
16
66
239
61
57
245
238
255
253
3
33
61
245
190
190
192
2
71
245
192
184
1
23
29
70
72
213
189
189
185
23
30
30
28
70
72
72
207
189
187
187
552
23
579
30
73
214
552
579
73
214
526
188
552
576
576
549
541
508
508
509
558
578
577
576
576
550
550
551
510
520
559
548
551
507
507
510
521
520
526
584
546
546
548
521
519
584
580
582
547
507
507
518
627
584
606
547
472
472
522
498
627
621
603
606
465
467
472
499
498
499
621
606
600
467
474
494
621
600
474
494
17
239
240
255
231
3
16
66
256
207
189
190
1
23
70
29
188
73
188
526
579
526
578
559
549
551
510
546
510
584
519
522
627
546
471
471
474
499
600
600
240
255
233
255
3
14
253
231
192
70
2
70
189
23
207
187
187
576
549
551
526
584
580
520
522
627
546
507
580
546
499
582
465
467
603
465
467
471
494
496
14
240
66
239
239
255
3
245
71
192
33
189
186
1
28
73
72
208
73
549
551
509
548
548
629
506
603
471
499
603
467
474
14
66
231
231
255
66
57
2
186
1
29
72
186
186
552
552
73
508
520
526
557
576
550
557
580
580
557
584
580
522
603
621
622
600
467
474
14
66
622
622
253
14
14
589
632
29
238
238
186
28
23
28
579
186
579
508
576
576
508
520
549
520
507
507
244
546
522
519
506
622
622
606
471
499
603
600
244
313
622
238
253
253
632
632
28
238
28
448
244
448
589
71
451
439
451
244
451
162
415
632
622
632
162
439
162
