192
36
63
64
64
64
36
36
36
46
69
69
36
42
42
42
46
46
46
63
65
65
37
37
42
43
65
70
69
70
69
37
37
33
50
70
70
70
37
37
37
43
43
33
50
70
70
70
37
29
43
58
58
58
70
29
29
29
29
29
35
35
33
33
56
58
58
58
58
29
29
35
33
55
55
56
56
58
58
28
27
27
27
35
33
55
55
160
167
167
28
134
160
160
160
167
167
134
134
141
160
161
161
167
141
160
160
161
161
166
166
166
137
142
142
141
145
160
145
165
121
136
136
142
143
143
143
143
145
145
154
165
165
121
121
122
136
142
143
143
145
145
153
122
131
154
155
153
120
120
127
127
128
131
131
131
131
144
144
155
153
120
120
131
144
155
153
153
153
120
120
120
122
128
130
130
130
131
63
63
63
63
63
63
64
64
64
64
64
69
69
69
69
36
36
36
42
36
42
42
42
46
46
46
46
63
63
64
64
64
64
64
69
69
36
36
36
36
36
36
42
42
46
46
46
46
63
50
63
65
65
65
69
69
69
69
69
38
38
36
38
38
37
42
42
43
43
46
46
47
50
50
50
65
65
71
71
70
70
38
38
37
37
37
43
42
43
43
33
50
50
50
50
50
50
70
70
70
70
70
38
70
38
37
43
43
33
33
33
50
50
50
70
58
70
70
70
70
29
37
29
37
29
37
37
43
35
33
33
33
33
33
50
50
56
56
50
58
58
58
70
29
29
29
29
27
29
27
35
27
35
33
33
33
55
55
56
56
58
58
58
59
58
29
29
29
29
27
27
27
35
35
34
34
55
55
55
56
56
56
58
56
58
58
58
28
28
28
28
28
28
27
27
35
27
34
34
34
34
55
55
56
56
167
59
167
167
167
167
134
28
27
27
27
27
35
141
34
34
141
160
159
160
160
160
160
161
160
167
167
167
167
167
167
134
134
134
134
134
137
141
137
137
141
141
141
141
160
160
160
160
161
161
167
166
166
166
166
134
134
134
137
137
137
141
137
141
141
141
141
160
160
160
161
161
165
166
166
166
134
134
137
137
136
141
141
142
142
141
143
160
145
161
161
165
165
165
166
166
166
121
136
136
136
142
142
143
143
143
145
145
145
145
145
154
154
154
154
165
165
165
121
122
136
142
142
143
145
145
145
154
154
154
153
165
165
165
121
122
121
122
122
127
127
127
131
131
131
143
131
145
144
144
144
155
154
153
165
165
165
120
121
121
122
122
122
127
127
131
131
131
144
144
155
155
155
155
153
120
120
120
122
122
122
128
128
128
131
130
130
131
131
144
144
155
155
155
153
153
153
153
120
120
120
120
122
128
130
130
131
131
131
131
131
144
64
42
63
63
63
64
64
64
64
69
69
66
69
66
36
36
36
36
42
42
46
46
46
46
63
63
63
63
65
65
65
65
64
64
65
69
69
69
69
36
36
38
36
42
42
42
46
46
46
47
63
49
65
65
65
65
71
69
69
38
38
38
38
38
38
38
38
37
42
42
47
47
47
50
49
49
49
50
65
71
71
70
38
38
38
37
42
43
43
43
47
47
47
50
50
50
50
50
48
48
71
71
71
70
70
38
37
37
37
37
43
43
43
33
33
50
50
48
48
71
70
71
70
70
29
29
27
35
35
33
33
48
48
57
57
58
59
29
29
27
27
27
27
35
35
35
55
55
55
56
56
56
56
56
58
58
58
29
29
28
29
27
28
27
35
35
35
35
34
34
34
55
55
56
56
58
58
58
58
59
59
59
28
28
28
28
28
28
28
27
35
35
34
34
55
160
56
167
167
59
167
167
28
28
134
28
27
141
34
141
159
159
160
160
162
167
167
167
167
134
134
134
137
137
137
137
137
137
141
141
141
159
159
159
160
161
161
167
166
166
166
134
134
137
137
137
137
141
141
141
141
160
159
159
160
160
161
161
161
161
162
166
166
134
134
136
136
136
142
142
142
141
143
160
145
145
161
165
165
166
166
134
136
136
136
142
142
143
143
145
154
154
162
165
165
165
165
165
121
136
136
142
142
142
142
143
145
145
146
145
145
154
154
154
153
165
165
165
121
121
121
121
122
127
142
142
131
143
143
144
144
144
145
155
155
154
153
154
165
121
121
121
127
127
127
131
131
131
131
131
144
144
155
153
153
120
120
122
122
122
128
128
128
128
130
130
131
144
144
144
144
144
155
155
155
155
153
153
153
153
120
120
120
122
122
128
122
128
128
128
128
130
130
130
130
130
128
128
130
63
64
42
63
62
63
62
63
64
64
64
64
69
68
66
66
66
66
36
36
36
42
42
46
46
46
46
46
46
46
62
62
64
65
64
69
68
66
66
66
66
66
41
36
42
43
46
47
49
49
63
49
65
65
65
65
69
69
66
38
38
38
38
36
42
44
43
43
43
47
47
47
49
49
49
49
49
48
65
71
71
71
71
38
38
40
37
37
41
43
43
43
47
47
50
49
48
48
71
71
71
71
38
37
37
37
43
43
31
47
30
50
50
48
48
57
71
71
71
25
25
37
37
40
40
27
40
35
33
33
33
33
48
48
56
48
48
56
57
57
57
57
71
71
25
29
29
27
35
35
34
34
55
55
55
56
57
57
59
59
59
28
59
25
28
28
27
27
35
34
34
34
34
34
55
55
55
56
56
58
58
59
59
59
59
25
28
28
28
27
35
34
34
34
55
55
55
56
55
162
162
167
167
167
134
28
28
28
28
137
135
35
140
140
140
140
159
159
161
161
162
166
166
166
167
134
133
133
137
137
137
137
140
140
140
140
141
159
159
161
161
162
166
166
166
134
133
134
133
137
137
136
137
142
140
140
139
139
159
159
161
162
166
162
166
163
134
166
133
133
134
133
136
136
136
142
139
139
143
146
161
146
154
161
162
162
163
163
121
136
136
136
142
142
143
143
146
146
145
146
145
154
162
163
165
163
121
163
136
136
127
136
142
142
142
143
143
146
146
145
145
145
155
154
154
154
154
165
163
121
121
121
127
142
127
143
144
145
155
155
155
154
154
120
121
121
121
121
127
127
127
127
130
131
144
144
144
155
155
154
153
153
120
120
122
122
128
128
128
127
128
127
130
130
144
144
144
155
155
153
153
153
120
120
122
122
122
128
128
128
128
128
128
128
130
130
130
130
153
130
62
62
62
62
62
64
60
64
68
68
66
66
66
66
66
39
36
39
39
42
45
45
45
46
47
62
62
65
62
62
65
68
68
68
66
66
66
66
66
41
39
39
39
39
44
45
47
47
49
62
62
65
65
65
68
68
66
68
41
38
41
41
41
41
41
44
44
44
45
47
47
49
49
49
49
48
65
71
66
41
41
41
40
44
44
44
47
47
49
49
49
48
49
51
51
71
71
71
71
71
87
38
40
40
40
40
40
40
44
43
31
31
30
30
48
48
48
48
48
48
57
57
71
57
71
87
25
40
25
40
40
26
40
31
31
31
31
33
30
48
48
48
57
57
57
57
57
57
25
25
25
25
26
26
26
26
31
31
31
31
33
48
55
56
57
57
59
59
25
26
26
31
31
34
34
55
54
55
54
54
54
59
59
59
59
25
25
26
26
26
26
32
35
34
34
34
55
54
54
56
158
162
59
59
59
59
24
26
26
26
26
135
135
35
140
32
32
30
140
159
159
159
158
161
162
162
164
166
167
133
133
133
133
137
135
135
135
140
140
140
140
159
159
159
161
161
162
162
164
164
164
133
133
133
135
140
140
140
139
140
139
139
159
159
159
159
161
158
161
162
162
162
164
163
133
133
133
136
136
139
139
139
139
139
139
146
146
146
146
162
162
163
163
163
163
163
123
133
132
136
136
135
138
139
138
139
139
139
146
146
154
163
163
163
121
123
136
123
135
135
138
138
138
138
143
143
146
146
146
146
147
154
151
163
163
163
163
123
123
121
123
127
127
127
127
127
143
143
143
146
146
146
146
154
151
154
152
163
121
121
123
127
127
127
127
130
129
129
130
143
149
144
148
155
155
152
153
152
120
120
121
125
122
125
127
126
130
130
129
130
149
148
148
148
155
155
152
152
120
152
120
120
122
122
126
128
126
126
130
130
155
62
47
62
62
62
62
60
60
60
68
68
67
68
68
67
67
66
66
67
39
39
39
45
45
45
45
45
45
47
62
62
62
62
60
60
68
68
68
66
39
41
39
39
39
39
45
45
45
47
47
62
49
62
62
60
60
68
68
68
68
68
66
41
41
41
44
44
44
44
47
47
49
49
49
51
51
51
51
51
60
68
68
68
68
87
87
66
41
41
41
41
44
44
44
44
49
49
49
51
51
51
57
87
87
40
40
40
40
40
44
44
44
30
30
52
51
51
57
57
57
87
87
87
40
25
40
40
40
40
44
31
31
31
31
48
52
53
51
57
87
87
25
25
25
25
26
26
31
31
31
31
31
31
30
30
48
53
54
54
57
54
57
84
87
59
25
25
25
26
26
31
32
32
32
32
30
30
30
54
53
54
54
54
59
59
24
26
26
26
26
26
32
32
32
30
30
54
157
54
54
162
84
162
59
24
24
24
133
26
135
135
135
30
140
156
156
157
158
158
162
164
164
164
24
133
133
133
135
135
135
140
140
140
140
140
140
159
156
156
157
158
158
158
158
162
162
164
164
164
133
133
133
133
135
135
140
140
139
159
159
157
158
158
164
164
163
133
132
132
135
135
139
139
139
139
139
139
139
146
158
158
162
163
164
163
163
132
132
132
132
135
138
138
138
139
146
146
146
146
147
151
164
151
163
164
163
123
123
123
135
138
138
138
138
138
146
149
149
147
147
147
151
151
151
151
151
151
163
163
123
123
126
126
127
138
138
138
143
149
149
149
147
147
151
151
151
152
152
125
123
125
126
123
126
129
129
129
129
149
149
148
148
150
152
152
152
152
152
152
125
125
125
126
126
126
129
129
129
149
148
148
149
148
148
150
148
150
150
152
152
152
125
125
125
125
125
125
125
126
126
126
129
129
129
129
126
62
61
61
62
62
60
60
60
60
67
67
67
67
67
39
39
39
39
45
45
45
45
45
45
45
45
1
61
61
61
61
60
60
67
67
67
67
67
67
67
41
39
39
39
45
45
45
1
1
61
61
51
61
60
60
60
68
67
89
89
89
41
41
41
39
41
44
45
45
47
1
52
52
51
51
51
60
68
88
89
89
87
41
41
41
41
41
41
44
44
44
44
47
1
52
52
52
52
51
51
51
88
88
88
88
88
87
87
87
40
40
40
40
44
44
44
2
2
30
52
52
52
52
51
51
88
88
88
87
87
25
25
25
25
40
31
31
44
32
30
30
2
52
52
53
51
57
57
84
84
87
87
25
25
26
26
31
31
31
32
30
30
53
53
53
53
53
54
54
84
84
87
24
24
26
26
26
32
32
32
32
30
30
53
54
54
54
54
84
84
84
84
84
24
24
24
24
26
32
32
32
32
32
53
156
54
54
54
158
54
158
84
84
84
24
24
24
24
24
24
24
133
118
32
112
30
156
156
157
157
158
158
162
84
164
132
132
24
132
133
118
140
112
156
156
156
156
157
158
158
158
164
189
132
132
132
133
133
135
135
118
118
118
113
140
139
112
139
156
157
158
164
164
164
164
132
132
132
132
135
135
138
139
139
156
156
157
157
157
158
164
164
164
164
164
132
132
132
135
138
138
138
146
146
147
151
151
164
123
123
123
135
123
135
138
138
111
111
149
149
147
147
147
147
151
151
151
151
151
151
163
123
123
123
126
126
138
138
138
138
138
129
149
149
149
147
147
147
147
151
151
151
152
152
125
123
123
124
126
98
98
129
129
129
129
149
149
148
148
150
152
152
152
152
125
125
125
125
124
124
126
98
126
129
129
129
129
149
148
148
148
148
150
150
150
152
150
152
125
125
125
125
124
126
126
97
129
129
129
150
60
67
61
61
61
60
60
60
60
67
67
67
67
67
39
39
39
39
0
0
0
1
1
1
1
61
61
61
61
61
60
60
60
67
67
67
89
10
10
39
9
0
0
1
1
1
1
1
61
61
61
61
61
78
67
89
89
89
10
10
10
10
39
9
0
0
0
1
1
1
52
51
51
51
60
51
68
88
89
89
10
10
10
0
0
2
52
52
52
51
88
88
88
88
88
87
87
17
10
16
16
16
44
2
2
2
2
52
52
52
52
52
51
88
88
86
88
87
88
87
87
17
16
16
16
16
31
21
2
2
52
52
53
53
94
88
86
86
87
17
17
16
32
16
32
30
53
53
53
53
54
94
94
84
84
86
24
25
24
15
15
32
32
30
32
30
30
30
53
53
53
53
54
84
84
84
84
24
24
24
17
17
32
32
30
30
157
156
157
54
157
157
158
84
191
84
84
84
84
24
24
24
119
15
119
118
112
112
112
112
112
156
157
157
157
157
157
157
158
158
158
191
191
189
189
24
132
119
119
119
118
112
112
112
112
112
112
156
156
157
158
191
191
189
119
119
119
118
118
112
113
156
156
156
157
157
158
158
191
190
190
190
132
132
119
119
119
118
118
118
113
113
113
113
113
156
156
156
157
157
158
164
190
190
190
132
132
104
119
118
118
113
113
113
113
156
147
147
147
147
181
151
190
164
190
190
190
190
123
123
104
104
104
111
111
111
111
149
147
147
147
151
147
151
151
151
151
152
190
123
123
104
104
104
104
104
98
138
98
149
149
147
150
152
152
123
125
124
124
124
126
98
98
98
98
98
149
149
148
149
148
150
150
152
125
124
124
124
97
97
98
129
96
149
148
148
148
148
150
150
150
150
150
125
125
124
124
124
124
126
124
126
97
97
97
129
96
148
150
129
67
10
61
61
61
60
78
78
78
67
78
67
67
82
82
10
10
10
9
6
0
0
1
1
1
1
61
61
61
74
60
78
78
82
82
82
89
82
10
10
10
10
9
9
0
1
1
61
61
74
78
78
89
89
89
89
11
11
10
10
10
9
0
0
0
0
1
1
1
77
77
52
78
78
78
88
89
89
89
89
89
10
10
11
10
9
16
0
0
0
0
2
1
52
52
52
95
88
88
88
88
88
88
89
89
89
17
17
16
16
16
2
2
2
52
52
77
95
88
88
88
85
85
87
85
87
17
17
16
16
16
16
16
16
21
2
2
53
53
94
94
95
94
95
94
86
86
87
15
15
16
16
16
17
17
21
21
2
2
53
53
53
53
94
94
94
94
86
86
15
15
15
17
17
21
19
53
53
94
94
94
94
84
86
86
15
15
15
15
15
17
17
19
19
179
179
178
178
94
94
84
84
84
86
86
86
86
15
15
119
119
112
112
112
112
112
179
178
178
191
191
191
191
189
189
119
119
119
118
112
112
112
112
179
179
157
175
191
191
191
190
191
189
189
189
119
119
119
119
118
112
113
113
113
113
113
179
157
179
157
179
190
175
191
191
190
189
119
119
119
118
118
113
113
113
156
156
175
181
181
190
190
190
190
103
103
118
104
118
111
111
111
113
113
113
171
156
156
171
147
171
171
181
190
190
190
190
103
103
103
104
104
104
104
111
118
104
111
111
111
149
149
171
147
181
181
181
183
103
103
104
104
98
98
98
98
111
149
170
171
147
147
181
150
152
181
183
183
123
103
124
124
104
104
102
98
98
98
98
170
170
149
148
148
150
150
150
168
150
183
183
124
124
124
124
124
124
97
102
98
98
96
96
148
170
148
148
148
150
150
150
150
150
183
125
183
125
124
124
124
124
102
97
102
97
97
97
97
97
96
96
96
96
96
10
0
74
74
74
78
74
78
78
78
82
82
82
82
10
10
10
6
6
6
6
6
0
4
1
4
1
74
74
74
78
78
78
82
82
11
82
11
11
11
9
9
6
6
0
0
4
1
4
77
74
74
78
78
78
78
82
89
11
11
11
11
11
11
11
9
9
6
0
1
5
77
77
77
74
78
80
78
80
78
89
89
11
11
11
9
0
0
16
0
2
2
77
77
77
77
77
77
78
80
88
85
85
85
11
17
11
13
13
13
16
21
2
2
2
77
77
95
76
77
95
95
95
95
85
85
85
85
85
85
17
16
16
16
16
21
21
2
19
2
76
76
94
95
95
95
85
86
86
85
86
15
15
14
13
16
17
17
16
21
21
19
19
76
76
94
94
94
94
95
86
86
86
15
15
15
15
17
17
17
17
21
21
19
19
19
76
76
94
94
86
86
86
86
86
15
15
15
15
17
17
17
21
21
19
19
19
19
179
179
178
94
94
93
86
86
15
15
15
112
112
112
109
110
179
179
179
179
178
178
175
191
191
191
191
191
189
187
189
117
117
119
119
119
112
112
110
110
113
179
179
179
179
179
178
175
175
191
191
191
189
189
189
119
117
118
118
113
113
110
113
110
179
179
175
175
175
175
191
191
190
189
189
119
117
119
118
117
118
118
113
113
113
113
113
179
171
171
179
175
175
175
181
181
190
190
189
189
189
103
189
103
104
103
118
118
111
111
171
171
171
171
171
175
181
181
181
190
190
189
103
103
103
104
104
104
118
114
111
111
111
111
111
171
171
171
168
181
181
181
181
183
183
183
103
103
103
104
104
98
98
111
111
96
171
170
170
170
171
168
168
181
181
181
183
183
183
183
103
103
102
102
98
98
98
98
96
170
170
170
170
168
168
168
168
183
183
183
183
124
103
102
102
102
97
98
97
96
96
170
170
170
170
168
168
168
168
185
185
183
185
124
124
102
102
97
97
97
97
97
96
96
74
74
74
74
73
78
83
82
82
82
10
8
10
6
6
6
4
4
4
74
74
74
74
78
80
83
83
83
82
82
82
11
11
11
6
6
4
4
4
4
74
74
74
80
80
80
83
83
82
82
11
11
11
9
9
6
5
5
4
5
77
74
85
81
85
11
11
11
9
9
9
9
5
5
2
5
2
5
77
77
77
77
77
80
80
85
85
85
11
14
13
13
13
16
23
23
5
21
2
77
77
95
95
95
95
85
85
85
85
85
14
14
13
13
13
21
20
2
76
76
76
95
95
95
95
95
95
85
85
85
14
14
13
13
13
13
13
17
21
21
20
19
76
76
76
76
94
95
95
86
86
14
13
13
21
22
21
21
21
19
19
19
76
76
94
94
94
93
93
93
93
90
90
15
13
21
21
19
19
19
178
178
178
178
178
175
93
93
93
90
187
15
117
17
109
109
110
19
109
19
178
178
178
178
175
191
186
187
187
187
187
117
117
115
109
109
110
179
178
178
175
175
175
191
191
189
187
187
187
117
117
117
117
109
110
110
110
110
179
179
176
175
175
191
190
189
189
189
189
117
117
117
117
117
117
108
110
110
171
176
175
181
190
189
189
103
117
117
117
114
111
108
111
171
171
175
172
181
181
182
181
182
103
103
103
104
114
114
114
108
111
111
111
171
171
171
171
168
181
181
182
183
183
103
103
103
102
100
98
111
101
101
170
170
170
168
170
168
181
181
183
183
183
107
107
107
107
103
102
102
102
100
97
98
96
170
170
170
170
169
168
168
168
168
168
185
183
183
183
183
107
107
102
102
102
102
102
102
97
97
97
96
96
96
170
170
170
169
168
168
168
185
185
183
107
107
107
107
102
102
97
97
97
96
96
185
8
73
73
73
73
73
73
79
79
83
83
83
82
8
8
8
8
6
8
6
6
3
4
4
4
4
73
73
80
79
83
83
83
82
82
82
82
8
8
6
6
3
4
5
4
74
73
74
80
74
73
80
80
83
82
82
8
9
9
9
6
6
5
5
4
5
77
72
74
74
72
80
80
80
81
81
81
81
81
81
11
9
9
9
9
9
9
9
9
5
5
5
5
77
77
77
72
95
80
81
85
85
14
14
14
13
23
23
23
5
20
20
5
20
20
76
75
95
95
95
91
92
85
91
14
14
14
13
13
13
23
23
23
20
20
20
76
76
76
93
93
93
95
91
91
14
14
14
13
13
13
23
22
23
21
21
20
20
76
76
76
93
93
95
93
91
91
91
91
14
14
13
13
12
22
22
21
21
20
20
19
178
178
93
93
91
90
90
90
90
90
13
12
12
22
22
22
19
19
178
178
174
93
93
93
93
186
90
187
90
187
90
90
187
187
187
22
115
22
109
109
109
109
109
19
178
178
175
93
186
186
187
187
187
117
115
115
109
109
109
110
179
178
176
176
176
176
175
175
175
186
186
186
186
186
187
187
187
115
117
115
115
109
110
110
110
179
179
176
176
176
176
175
186
187
187
187
117
117
117
117
117
115
114
110
110
110
171
173
176
176
182
182
182
180
188
105
114
108
108
108
108
108
171
171
173
171
173
172
172
172
182
182
182
182
182
180
180
180
189
105
105
103
105
114
114
108
114
108
173
173
172
172
172
181
182
182
182
182
180
180
107
103
103
102
100
100
108
101
101
173
173
172
169
169
185
185
182
183
107
107
107
107
107
102
107
102
102
100
100
100
100
101
101
170
170
169
169
169
168
168
185
107
107
107
106
106
102
97
96
100
96
96
101
170
170
169
169
168
168
168
168
185
185
185
107
107
106
106
102
99
97
96
96
96
96
96
169
73
7
73
73
79
73
79
83
83
83
83
83
8
8
8
8
8
7
6
3
4
4
4
73
73
73
73
79
79
79
83
83
83
83
82
8
8
8
7
6
6
3
5
4
4
73
73
74
80
79
80
80
81
83
81
83
81
8
8
7
6
6
6
5
5
72
72
72
80
81
81
81
81
7
7
7
3
5
3
5
5
72
77
77
72
80
72
80
92
92
85
14
14
13
23
23
20
76
76
75
75
72
93
92
92
14
14
14
23
23
23
18
20
20
20
76
75
75
75
93
93
93
91
92
91
91
14
13
23
23
23
20
20
20
76
76
93
93
91
91
90
90
14
12
14
12
12
12
12
22
22
21
18
20
20
20
20
76
177
177
93
91
91
90
90
90
90
12
12
12
22
22
22
22
19
19
177
178
178
93
91
90
188
187
116
22
22
18
109
19
109
178
178
174
174
174
186
186
188
187
188
187
187
187
115
115
109
109
109
109
110
110
177
177
176
176
175
174
186
186
188
188
187
116
115
115
109
109
110
110
179
176
176
176
176
175
174
186
186
188
188
116
116
116
116
115
115
108
110
110
108
110
177
177
176
176
172
182
182
182
180
188
105
116
116
115
114
108
108
173
173
172
172
172
172
172
182
182
180
180
180
180
105
180
105
105
105
105
114
114
114
108
101
108
101
173
173
172
172
172
182
182
182
107
180
107
105
105
105
100
100
101
101
101
173
169
173
173
169
184
184
184
184
185
185
107
107
107
106
105
99
101
101
101
101
169
169
169
169
169
184
185
185
107
107
106
107
106
99
99
100
100
100
100
169
169
169
169
168
184
185
185
185
185
185
106
106
106
99
99
99
99
100
100
100
106
83
73
73
8
8
8
8
8
7
3
7
3
3
3
4
4
73
79
79
79
79
83
83
83
8
8
7
7
3
3
4
4
73
73
79
79
79
79
81
81
81
7
7
6
3
3
5
72
72
72
72
72
80
80
81
81
81
7
7
23
5
5
72
72
75
72
72
92
92
81
81
14
7
23
23
23
18
18
20
75
75
75
72
92
92
92
92
92
14
23
18
23
18
20
75
75
75
75
93
92
92
92
92
92
92
14
12
12
23
22
18
20
75
75
91
91
91
92
12
12
12
12
22
20
75
75
91
91
90
90
90
12
12
22
22
18
18
20
177
177
174
174
174
186
186
90
12
12
116
12
22
115
22
109
18
177
177
177
174
174
186
186
188
188
187
116
116
116
115
109
109
109
177
177
174
186
186
188
188
116
116
115
115
115
110
110
177
177
177
176
176
176
176
174
176
188
188
188
116
188
116
115
115
108
108
177
177
172
176
174
174
182
180
188
180
105
105
116
116
114
115
108
108
108
172
172
172
172
180
180
180
105
105
105
114
99
114
114
108
108
173
173
172
184
182
180
180
105
105
105
99
99
101
101
173
173
172
169
184
184
184
185
185
106
107
106
99
100
101
101
101
101
169
184
184
184
185
185
106
106
106
106
99
99
100
100
100
101
169
169
169
169
185
106
106
106
106
99
99
100
100
100
100
184
73
79
79
83
3
3
73
83
7
3
73
79
79
80
7
81
81
7
7
5
5
72
75
80
7
23
23
18
72
81
12
18
20
75
75
92
92
14
22
23
18
18
75
91
91
91
92
90
12
12
22
18
18
177
75
174
91
90
22
177
174
90
22
109
18
177
174
174
186
188
116
116
116
177
176
174
174
186
186
188
188
115
115
177
116
116
116
116
115
114
114
108
176
182
180
188
114
108
172
182
182
180
105
105
114
173
172
184
180
105
105
114
101
173
173
184
184
180
106
106
99
101
101
173
184
185
106
99
100
169
184
99
100
73
7
3
3
8
72
79
80
3
12
23
23
75
75
92
92
18
90
18
109
174
109
176
177
186
188
115
188
115
172
108
114
173
180
99
99
99
101
184
106
7
3
8
3
72
79
4
7
18
92
72
92
18
75
22
22
18
174
186
188
108
176
174
114
114
173
180
105
184
180
101
184
106
106
184
185
106
99
100
100
79
3
81
7
3
3
72
7
92
18
75
23
18
75
91
90
92
12
90
186
188
116
188
180
173
105
184
99
101
169
106
99
79
80
81
8
3
79
81
72
18
75
92
12
18
22
177
177
90
116
115
108
177
174
188
177
172
182
177
172
184
114
184
173
173
185
106
99
79
80
126
126
3
79
79
70
104
72
7
7
18
91
75
91
174
18
174
188
174
174
188
115
186
115
116
116
69
180
114
114
105
173
173
184
99
101
184
184
63
63
126
7
3
3
104
104
72
7
72
99
117
99
63
12
132
126
63
33
132
132
42
159
173
159
45
132
45
