1456
8
450
450
454
454
14
14
9
85
460
458
13
90
87
87
84
83
84
365
446
447
0
2
2
89
371
462
457
471
457
19
2
48
370
534
516
516
1
1
1
54
54
48
380
515
514
514
173
171
55
544
544
537
514
180
180
180
171
171
135
133
133
47
524
544
542
539
539
181
172
118
128
525
525
524
523
541
538
144
144
123
122
121
127
527
527
1114
1178
1177
144
1043
1128
1115
1114
1178
1179
1177
1043
1073
1118
1099
1099
1174
1069
1130
1117
1116
1099
1171
1173
1172
1018
1003
1069
1078
1455
1128
1122
1105
1040
1040
1001
1003
1077
1079
1079
1078
1455
1453
1121
1107
1152
1148
978
980
980
925
1077
915
1454
1454
1120
979
925
1418
1418
1119
1150
1150
989
923
998
924
923
918
919
1433
1433
1419
1414
1158
985
928
1433
1416
1414
1413
1157
1157
1155
1155
984
998
928
927
928
910
368
366
366
367
367
364
451
451
454
453
454
460
456
456
455
15
14
9
9
10
8
6
5
87
85
82
82
368
365
450
450
447
447
454
458
455
13
15
12
11
0
10
8
86
87
84
82
83
365
369
372
365
448
446
462
458
459
459
458
13
16
12
12
19
4
4
90
89
89
83
84
83
371
370
371
381
446
462
462
457
457
18
19
21
0
4
2
90
55
46
48
370
370
380
382
381
382
500
515
515
471
472
16
472
16
3
54
55
46
45
49
383
385
529
534
544
515
516
516
514
181
174
175
174
175
170
170
55
135
46
47
49
49
47
384
383
528
528
530
530
545
537
511
181
181
175
172
172
172
119
135
119
134
127
133
129
383
525
524
530
545
545
539
537
537
176
180
179
179
120
119
118
132
133
131
128
527
526
526
524
523
531
542
542
538
538
539
178
178
176
145
144
145
118
122
121
123
132
132
128
128
526
527
531
542
1097
538
1178
1178
1179
1177
1045
145
123
123
123
122
122
1019
131
127
1073
1126
1126
1115
1115
1118
1114
1098
1101
1101
1097
1174
1174
1179
1179
1044
1044
1043
1045
1045
1017
1019
1018
1019
1019
1091
1071
1073
1126
1129
1128
1135
1118
1098
1097
1173
1173
1172
1172
1041
1042
1042
1022
1022
1017
1018
1018
1070
1071
1071
1073
1130
1128
1130
1117
1098
1106
1099
1171
1173
1042
1042
1002
1002
1003
1069
1070
1074
1075
1071
1078
1130
1123
1116
1120
1107
1106
1152
1171
1148
1172
1040
1001
1002
1002
1004
1074
1078
1077
1079
1455
1454
1453
1123
1123
1124
1122
1121
1121
1107
1153
1153
982
979
980
921
1004
1077
1454
1455
1453
1418
1120
1121
1119
1152
1153
1149
1148
978
978
978
980
989
921
924
925
924
920
915
915
1435
1436
1437
1418
1419
1419
1119
1151
1151
1151
1149
1149
1150
979
985
979
989
990
923
920
920
1435
1415
1415
1415
1420
1420
1157
1159
1155
1155
1150
985
984
998
1000
998
923
927
928
919
919
1434
1434
1416
1416
1417
1414
1414
1413
1413
1158
1158
1156
984
984
1000
927
926
918
911
911
911
910
1433
451
5
368
368
367
449
451
453
460
456
456
482
455
486
15
15
10
10
7
86
85
85
82
80
368
374
364
367
364
448
444
448
448
453
463
460
465
464
459
14
15
11
10
6
6
88
86
79
80
81
374
374
443
445
448
448
461
461
464
18
17
18
17
18
20
20
12
4
88
88
79
81
81
371
374
373
372
378
372
445
461
459
18
16
21
3
3
64
89
64
45
81
53
369
385
382
381
382
381
501
502
500
504
472
473
174
174
173
1
65
65
67
46
45
48
384
380
529
501
504
502
504
512
511
175
175
170
114
135
47
49
384
385
530
543
535
535
176
179
166
113
165
119
114
134
134
385
398
397
530
532
532
530
542
540
545
543
178
177
179
171
165
146
120
118
130
117
130
132
129
129
526
525
531
533
542
540
541
541
536
536
536
177
178
177
176
146
142
146
120
121
132
132
125
523
1115
531
1100
1100
536
1181
1180
146
146
1045
146
123
1091
124
1088
1127
1127
1118
1118
1101
1101
1100
1182
1182
1177
1044
1044
1020
1022
1020
1014
1014
1014
1090
1091
1072
1129
1126
1127
1135
1118
1102
1098
1176
1176
1175
1041
1038
1022
1021
1021
1019
1091
1070
1072
1072
1129
1130
1132
1135
1135
1136
1117
1136
1108
1108
1106
1175
1041
1042
1006
1006
1011
1003
1005
1074
1070
1076
1130
1131
1124
1124
1106
1171
1137
1137
1040
1007
1001
1008
1004
1005
1076
1076
1450
1124
1124
1104
1107
1103
1146
1137
1138
982
981
981
1005
1004
1075
922
1079
1451
1435
1452
1450
1450
1121
1121
1103
1119
1153
1151
1152
1148
982
1141
982
982
993
921
925
922
916
916
1435
1437
1436
1436
1420
1420
1420
1159
1103
1159
1149
1141
983
983
994
994
924
931
920
920
920
1437
1437
1420
1413
1159
1159
1156
988
986
985
990
990
994
996
931
930
919
1434
1434
1440
1440
1417
1417
1415
1417
1416
1412
1412
1410
1410
1158
1156
1156
987
988
1000
999
999
1000
996
996
927
926
930
912
911
999
926
926
449
449
5
368
417
419
419
449
451
453
433
432
465
478
478
487
487
485
33
9
7
7
86
72
71
72
71
72
71
80
417
419
452
444
432
463
465
464
486
485
485
486
38
11
7
70
72
70
374
373
372
409
443
445
444
463
463
464
481
18
20
42
21
37
6
30
88
63
89
70
79
80
373
377
379
376
377
445
445
476
461
473
473
17
20
43
24
3
24
67
63
64
53
53
369
378
376
501
503
503
473
469
161
21
168
65
67
64
66
53
50
379
378
375
501
502
503
512
513
159
160
164
169
168
166
113
169
114
66
45
91
91
384
400
401
402
380
401
529
507
504
512
513
513
159
173
166
165
134
114
95
129
398
397
402
533
543
506
519
512
536
177
521
157
141
166
142
113
117
117
130
124
126
129
398
398
397
533
532
540
540
535
517
536
522
158
141
143
136
120
117
124
126
125
403
405
403
533
403
1095
1095
1100
1181
1181
1180
143
143
143
142
1016
1015
115
1089
1088
1087
1087
1125
1127
1134
1102
1101
1176
1170
1182
1180
1180
1037
1038
1020
1021
1020
1015
1089
1090
1088
1090
1072
1127
1132
1136
1134
1110
1165
1176
1182
1041
1037
1038
1039
1021
1015
1011
1014
1085
1091
1091
1081
1086
1133
1133
1109
1110
1113
1113
1176
1166
1034
1175
1036
1036
1035
1039
1006
1006
1011
1083
1084
1082
1076
1133
1136
1131
1124
1108
1113
1112
1166
1166
1035
1007
1008
1005
1005
1075
1076
1076
1452
1452
1450
1444
1123
1104
1104
1146
1147
1147
1138
1138
1035
1007
981
1008
936
1080
922
917
917
1451
1452
1451
1450
1449
1429
1429
1421
1104
1146
1146
1147
1138
983
982
993
922
929
917
1437
1438
1429
1421
1423
1422
1318
1141
1141
1140
986
983
992
994
993
929
931
916
1441
1439
1439
1423
1423
1422
1410
1139
1154
1140
988
986
990
991
994
994
930
929
914
914
1440
1440
1439
1423
1412
1411
1411
1411
1154
1154
988
987
988
991
999
995
997
997
997
996
930
913
914
911
1412
912
418
419
418
419
440
452
433
433
432
478
482
487
487
487
487
33
33
32
32
31
31
72
76
71
69
417
418
444
438
413
435
465
477
477
481
481
481
485
486
38
38
37
36
24
30
75
69
69
415
417
410
434
436
436
476
476
473
480
38
39
37
42
44
37
26
26
62
63
78
68
68
373
391
409
410
434
436
475
467
43
44
25
44
25
62
59
51
52
379
379
377
378
376
376
510
502
471
475
469
466
469
42
43
24
167
168
25
169
67
64
66
60
50
52
379
391
379
402
376
375
510
509
503
509
513
470
160
161
160
164
169
108
107
107
67
66
95
92
92
400
402
402
507
507
506
506
518
520
159
156
160
166
140
166
164
108
107
95
107
95
91
400
401
533
507
505
519
519
157
140
109
109
95
95
125
399
405
408
408
505
505
517
519
521
522
158
158
143
137
136
116
116
117
126
126
125
405
405
403
533
1096
1095
517
522
522
522
158
143
137
136
137
1016
1013
116
1089
116
115
124
1087
1125
1257
1257
1094
1095
1096
1092
1168
1170
1181
1034
1037
1037
1032
1016
1016
1013
1015
1086
1089
1088
1086
1261
1261
1134
1102
1094
1110
1113
1170
1170
1170
1034
1038
1039
1011
1085
1085
1084
1084
1086
1081
1054
1133
1132
1261
1134
1108
1109
1110
1110
1110
1112
1167
1165
1036
1039
1035
1009
1010
1085
1082
1081
1055
1055
1081
1445
1444
1133
1131
1109
1112
1167
1167
1167
1166
1165
1144
1036
1029
1007
1008
1010
1083
1080
1080
1082
1082
1055
1445
1448
1429
1145
1144
1144
975
975
967
967
967
966
936
935
939
939
917
939
1446
1444
1448
1449
1429
1428
1315
1147
1145
1142
1142
1144
977
976
977
966
967
968
935
935
916
938
951
1443
1442
1442
1438
1428
1318
1318
1317
1139
1140
976
976
966
970
993
947
931
913
951
913
951
1441
1442
1425
1423
1422
1318
1411
1317
1139
1283
1140
962
962
961
992
995
929
914
913
914
1441
1440
1439
1426
1426
1424
1308
1308
1283
1281
1283
1284
988
991
991
995
997
947
912
912
1424
412
69
414
418
412
412
440
440
433
477
498
498
478
480
482
483
483
484
484
34
34
32
75
74
74
75
77
76
76
415
416
416
413
438
435
495
480
499
484
34
36
36
36
32
32
31
75
78
78
69
415
409
411
410
438
435
435
436
476
495
480
481
39
40
42
27
26
62
58
59
51
415
393
410
393
420
425
420
425
434
434
476
475
475
467
467
479
40
44
26
22
58
58
59
52
391
391
393
393
425
424
510
470
469
161
43
23
167
25
60
61
60
52
52
392
390
389
510
509
509
470
468
468
163
163
162
168
167
112
56
111
60
61
93
400
395
390
389
518
518
513
163
156
156
164
138
108
111
108
111
110
94
94
94
92
399
388
401
408
507
505
506
518
520
521
156
155
157
140
140
109
103
103
102
94
97
97
97
404
404
408
407
406
517
522
157
149
140
109
139
139
103
103
96
98
98
404
1257
407
406
1092
670
1092
521
152
147
137
1033
139
1013
1013
1065
98
1046
1258
1258
1258
1094
1096
1093
1168
1170
1168
152
1027
1033
1033
1033
1012
1065
1065
1063
1065
1063
1087
1047
1260
1261
1257
1259
1252
1094
1251
1096
1093
1092
1093
1169
1169
1027
1027
1032
1033
1009
1012
1049
1049
1046
1261
1261
1259
1254
1254
1111
1163
1163
1023
1029
1029
1010
1010
1083
1084
1049
1056
1054
1056
1055
1444
1253
1254
1112
1161
1163
1162
1162
1023
1023
973
1029
1009
934
1080
1056
1056
1445
1446
1448
1448
1432
1314
1111
1314
1142
1161
1143
1143
975
968
936
934
934
939
938
938
1446
1443
1449
1449
1447
1427
1428
1315
1315
1315
1314
1145
1145
1142
975
977
968
968
936
935
937
939
938
1443
1385
1443
1449
1427
1428
1316
1318
1275
1275
1139
976
958
970
969
970
937
950
950
951
1441
1384
1442
1425
1422
1309
1308
1317
1317
1274
1281
1284
1284
962
964
943
946
948
948
951
1384
1370
1425
1384
1425
1370
1426
1426
1424
1308
1309
1281
1281
1284
1284
957
958
962
957
961
960
960
947
948
953
954
954
961
416
414
411
413
412
442
441
441
497
499
498
499
491
483
35
34
35
29
28
74
73
74
73
77
77
76
233
416
416
413
413
439
439
496
495
496
494
499
489
484
41
29
28
27
28
73
78
237
236
431
431
420
430
439
438
439
474
494
489
488
479
41
41
41
27
26
57
78
78
51
236
396
430
421
422
424
437
474
474
489
479
467
360
40
40
23
22
23
58
57
57
59
51
221
392
393
396
392
425
424
424
437
474
660
659
466
470
467
468
162
167
23
22
56
57
61
221
223
52
395
392
395
389
423
423
508
663
500
668
468
163
153
162
162
112
112
111
56
61
93
92
221
388
388
388
389
508
508
676
676
669
668
154
155
153
138
112
110
110
100
100
100
386
387
386
390
390
591
678
671
669
669
155
155
155
153
140
106
102
105
96
97
101
387
407
407
679
679
676
672
672
671
672
151
152
151
149
139
106
104
104
105
96
404
1256
407
407
406
1228
679
1232
671
670
670
152
152
149
147
149
148
148
1031
1064
104
1058
98
1256
1264
1258
1252
1251
1231
1093
674
1169
1027
1026
147
1025
1033
1064
1047
1046
1256
1256
1260
1264
1252
1251
1231
1231
1169
1248
1027
1026
1026
1032
1031
1012
1065
1064
1066
1066
1050
1049
1054
1046
1054
1259
1253
1254
1234
1235
1163
1164
1027
1024
1030
1030
1009
1048
1050
1053
1053
1260
1272
1253
1253
1255
1255
1233
1161
1164
1164
1164
1164
1024
1030
933
1048
941
1053
1446
1445
1432
1297
1297
1160
1143
973
973
969
971
971
932
934
941
942
1385
1447
1447
1431
1431
1431
1299
1314
1313
1313
1275
1276
1143
972
974
969
970
971
933
932
937
937
941
949
1386
1386
1386
1447
1430
1430
1430
1316
1313
1313
1274
1276
1278
972
977
963
944
943
945
944
949
950
950
1386
1386
1370
1375
1426
1316
1280
1280
1278
1277
958
959
959
965
964
965
943
948
948
952
952
954
1384
1382
1371
1372
1371
1372
1309
1307
1309
1281
1281
1284
957
958
957
963
960
946
947
948
953
954
1307
442
492
426
427
413
442
441
441
497
499
499
493
491
488
35
35
29
28
228
228
227
227
237
233
233
426
428
428
428
428
442
439
496
496
489
492
490
344
343
29
343
246
244
237
230
237
236
233
429
431
431
430
428
710
495
494
490
488
344
344
360
343
27
362
246
245
235
237
237
232
430
422
421
422
422
421
437
660
659
707
359
359
362
245
245
235
396
589
421
423
608
610
660
660
659
707
707
360
360
361
362
280
56
222
223
222
222
394
396
396
589
420
423
609
663
663
661
669
662
667
668
289
289
280
279
279
110
224
223
222
394
395
598
592
609
678
663
669
668
290
293
293
106
282
105
101
387
386
597
597
592
591
678
678
672
673
150
155
154
291
292
106
105
101
100
99
101
99
599
387
596
597
681
679
671
675
675
151
149
148
292
274
104
99
101
99
1262
1262
1262
595
1267
1229
1228
680
1232
675
674
675
673
150
152
148
897
292
1064
1068
1060
1062
1061
1058
1058
1263
1262
1266
1263
1267
1267
1229
1228
1232
1232
1230
1248
1248
900
147
1026
897
894
897
1066
1067
1062
1062
1061
1059
1059
1264
1264
1266
1228
1231
1235
1249
896
1031
895
892
1031
1067
1051
1270
1269
1273
1273
1252
1255
1233
1234
1235
1250
1250
1024
1025
908
895
1028
1066
774
1048
1048
1050
1050
1051
1052
1270
1270
1272
1273
1272
1297
1234
1233
1234
1164
1024
1030
908
1028
1028
782
1050
1052
1052
1053
1270
1380
1432
1432
1299
1299
1297
1296
1161
1286
1286
1160
1160
974
973
974
731
933
940
941
942
942
1380
1366
1431
1430
1299
1300
1304
1296
1296
1276
1278
1285
1278
972
974
730
971
732
933
932
940
949
1379
1385
1375
1312
1312
1277
1277
1277
959
974
969
965
945
944
945
944
949
1383
1383
1375
1386
1375
1312
1274
1279
1282
959
963
965
738
735
945
952
747
1383
1383
1371
1374
1371
1372
1372
1307
1307
1279
1282
1282
956
959
955
955
965
964
965
738
744
745
953
747
1382
1280
953
491
341
426
426
427
556
556
546
547
497
546
493
492
493
491
341
342
341
228
241
228
230
229
231
230
233
429
427
428
556
547
547
710
493
492
490
490
490
347
345
345
342
246
343
228
231
234
587
427
554
550
550
711
712
712
706
348
349
345
344
345
246
246
245
249
244
235
232
232
587
589
588
549
550
550
711
711
711
706
707
706
363
361
359
363
362
248
249
249
269
248
269
235
587
589
590
608
608
608
610
660
660
662
709
709
708
359
361
363
283
248
223
221
225
586
599
590
609
610
610
663
662
661
709
644
708
358
290
280
280
279
282
282
283
192
224
226
599
598
598
592
605
609
605
677
663
667
667
290
291
289
278
279
277
277
192
224
226
226
599
600
596
598
592
591
677
677
677
667
291
293
293
294
276
220
220
601
597
595
595
681
681
680
675
664
291
286
287
292
285
285
276
219
215
1227
1265
1267
1229
681
681
680
675
674
673
673
664
664
288
286
894
894
1060
1068
1062
1060
1058
1263
1265
1267
1229
1230
1230
1246
1246
900
896
897
893
892
1068
1068
1062
1059
1263
1266
1266
1238
1233
1238
1236
1249
1247
900
899
899
907
909
896
894
774
1067
776
775
1057
1051
1059
1269
1271
1271
1273
1271
1237
1237
1237
1235
1250
906
909
909
895
895
774
785
786
1051
1269
1272
1255
1298
1303
1301
1249
1250
1250
905
908
782
783
782
781
786
785
785
1052
786
1268
1268
1378
1380
1366
1365
1300
1303
1301
1286
1285
1286
849
904
845
845
732
731
731
781
781
732
741
743
740
1380
1380
1368
1366
1300
1304
1305
1287
849
844
845
731
729
729
940
739
942
1379
1379
1368
1366
1300
1306
1312
1304
1304
1287
1289
1289
850
835
963
730
730
729
729
746
746
739
1383
1377
1383
1374
1374
1312
1350
1312
1311
1311
1291
1290
1289
956
955
835
836
835
736
730
735
746
748
747
1382
1383
1374
1373
1373
1310
1310
1310
1311
1279
1292
1279
1290
1282
1293
956
956
837
837
836
837
738
738
737
744
738
749
749
748
748
748
346
229
552
552
552
556
556
547
704
704
703
701
699
699
346
341
342
242
242
241
241
238
231
231
229
263
234
552
553
555
556
548
710
704
699
348
701
347
346
347
342
242
243
243
241
247
261
234
261
585
553
554
555
554
550
710
712
712
348
347
348
350
351
351
351
363
243
243
269
232
268
585
590
585
588
549
612
612
549
714
712
706
349
357
363
247
249
248
249
272
269
268
587
586
590
590
588
590
612
612
613
715
709
708
358
358
352
355
361
281
281
191
269
269
225
586
586
606
606
606
605
613
610
611
662
647
642
644
708
644
304
278
278
283
283
192
192
225
218
226
631
600
605
603
602
645
647
645
647
643
644
290
291
304
314
294
277
275
282
192
220
218
218
601
600
598
593
603
602
640
645
642
665
287
294
284
285
275
275
276
275
277
220
220
217
217
601
600
594
680
639
642
665
665
666
288
288
287
285
273
276
273
274
274
219
215
216
216
1227
1227
1217
594
595
639
665
666
288
286
286
1068
1062
1061
795
1057
1227
1227
1226
1226
1220
1220
1201
1230
1243
1242
1246
1246
1247
890
900
891
889
893
894
894
777
1068
794
794
1057
1226
1225
1226
1225
1222
1204
1200
1238
1236
1243
1247
1247
899
899
896
889
888
892
777
776
788
789
787
1269
1225
1204
1202
1202
1238
1244
1244
1245
906
906
909
907
887
887
887
774
774
775
788
789
786
789
1224
1268
1268
1222
1271
1202
1202
1303
1301
1341
1250
905
906
906
905
906
909
908
843
783
783
785
786
1378
1367
1367
1298
1367
1298
1302
1306
1302
1285
1341
904
844
844
845
843
783
782
783
780
742
742
743
743
740
1380
1368
1369
1300
1306
1306
1305
1306
1287
1341
1288
849
850
844
843
732
728
741
740
739
739
1378
1376
1377
1369
1368
1369
1350
1347
1306
1305
1291
1287
1294
1289
850
850
832
834
728
735
746
741
745
1376
1376
1377
1369
1373
1350
1352
1352
1292
1291
1291
1294
839
840
835
836
736
737
746
745
745
746
1381
1381
1377
1390
1373
1351
1352
1343
1292
1292
1294
1293
838
839
837
836
738
737
737
736
735
749
749
563
563
551
553
551
546
704
703
700
700
346
333
329
242
239
240
231
263
263
580
563
553
555
555
694
694
704
704
703
701
701
350
351
331
243
243
238
261
263
262
580
582
554
549
548
694
713
695
713
705
349
350
351
327
328
247
272
272
261
265
581
582
714
714
705
352
350
356
357
357
328
247
270
271
268
267
267
267
579
584
584
583
583
613
611
715
715
718
352
352
355
357
356
190
281
190
270
191
224
584
584
607
607
613
604
715
647
643
705
643
304
304
313
312
281
192
207
225
631
631
636
606
607
604
603
647
640
646
643
644
305
305
313
314
312
294
315
278
187
189
207
208
633
633
633
593
602
603
623
645
642
303
314
284
274
315
187
198
189
217
215
217
601
632
594
593
594
623
640
641
641
658
658
284
316
273
220
210
216
216
1218
1218
1218
1217
1216
1201
637
641
639
658
890
287
889
273
807
807
795
215
795
209
1216
1217
1220
1221
1201
1242
1239
1245
898
890
890
891
889
809
777
795
794
1225
1221
1220
1204
1200
1200
1242
1243
1245
1245
903
898
891
891
888
777
777
776
788
789
794
1224
1223
1203
1204
1199
1244
1244
903
898
904
902
901
888
888
773
773
777
775
789
787
1224
1222
1203
1236
1340
904
902
842
887
864
865
778
784
784
784
1405
1407
1303
1357
1302
1302
1337
1341
1341
842
841
841
779
780
779
780
780
743
743
740
1406
1404
1367
1409
1347
1358
1321
1323
1323
851
841
843
847
728
772
742
743
761
762
1395
1395
1389
1347
1391
1349
1348
1323
1295
1288
1288
1288
851
851
846
846
834
848
834
772
734
763
763
1395
1397
1391
1391
1391
1351
1390
1348
1349
1349
1348
1295
1295
1295
1295
839
840
840
834
833
834
833
833
734
734
753
757
755
755
1397
1397
1397
1390
1351
1351
1343
1292
1295
1294
840
839
838
838
831
834
733
733
733
744
755
1293
333
564
566
566
565
565
561
560
698
698
696
684
700
333
334
331
332
329
331
240
239
239
253
262
262
262
567
561
560
561
694
695
695
702
685
685
700
334
330
329
240
260
264
264
264
581
581
567
558
558
559
557
693
695
702
685
330
331
326
327
328
326
271
265
265
266
579
581
580
583
578
558
714
720
719
713
716
716
717
716
354
330
354
357
327
328
328
328
255
272
271
271
265
579
579
584
578
616
721
717
718
718
353
353
353
356
306
190
186
270
191
205
270
205
205
636
577
607
604
604
646
721
721
722
353
305
301
356
313
312
312
306
191
188
207
208
636
635
635
624
622
624
616
646
655
301
305
305
314
313
315
315
199
187
188
188
208
208
633
633
633
624
624
623
640
655
646
655
653
305
300
316
317
311
317
202
189
198
189
211
211
1218
1219
641
623
654
654
657
658
654
656
303
316
317
202
198
200
210
211
1218
1219
1187
638
637
637
637
1239
658
1239
657
886
656
657
882
883
882
202
873
203
808
808
807
812
793
209
1218
1219
1201
638
1239
1241
885
883
883
874
874
809
807
808
812
793
1223
1219
1221
1221
1196
1197
1201
1199
1200
1188
1243
1241
1240
1240
885
898
885
873
874
873
809
810
812
792
791
1223
1224
1223
1196
1199
1196
1188
1240
1241
903
903
864
901
872
872
865
804
806
788
792
792
1210
1210
1203
1203
1355
1336
1338
1338
903
901
780
806
790
784
790
790
1404
1406
1405
1404
1404
1407
1408
1358
1358
1337
1337
1338
1337
1340
1340
1339
857
842
852
841
847
779
780
778
796
762
1406
1405
1409
1409
1358
1358
1322
1321
1322
1341
1339
857
856
842
847
848
772
772
761
762
764
1406
1405
1409
1388
1389
1349
1323
1323
1323
851
855
856
851
846
832
847
848
848
753
772
761
771
763
762
1391
1396
1391
1347
1388
1349
1349
1326
1328
840
830
831
830
833
754
754
756
756
757
759
1397
1396
1390
1387
1351
1343
1342
1343
1346
1346
1326
1328
840
819
831
831
754
753
752
752
757
757
755
1387
565
332
566
567
561
561
698
698
683
696
684
684
333
339
334
334
332
322
239
260
253
253
254
563
566
564
567
559
693
688
698
693
683
702
686
339
330
338
329
326
240
259
256
253
266
571
571
572
558
560
557
693
682
695
685
682
686
337
331
325
321
327
255
251
266
571
578
578
720
719
719
719
717
336
325
325
184
255
184
250
266
579
584
577
577
613
618
720
721
721
718
354
354
324
308
306
205
629
634
576
622
618
617
616
722
301
302
302
308
307
185
186
207
186
204
636
636
635
634
622
624
617
619
616
726
653
301
308
308
196
188
206
206
206
636
635
624
621
727
655
653
650
300
299
300
298
311
317
317
196
199
199
199
213
211
214
214
632
1209
1209
621
651
654
657
656
656
650
299
298
316
203
203
203
200
211
211
1205
1206
1207
621
651
652
886
883
874
201
202
200
818
210
818
1206
1206
1197
1186
1187
1191
1192
886
886
884
882
882
881
873
808
812
811
811
812
793
793
1205
1212
1212
1197
1197
1188
1190
1241
885
880
881
874
871
809
811
811
792
791
1211
1211
1211
1196
1198
1188
1190
1240
1334
1332
879
879
868
872
865
804
806
806
810
792
800
792
1214
1210
1195
1195
1355
1336
1336
1334
1339
902
854
864
865
805
805
798
799
1401
1401
1408
1407
1357
1357
1356
1355
1333
1338
1339
1333
857
856
853
854
854
858
860
796
796
796
778
766
800
765
1400
1400
1409
1357
1358
1356
1322
1319
856
857
855
852
860
859
771
771
766
765
765
1409
1395
1400
1399
1363
1364
1362
1362
1362
1322
1329
855
822
859
829
860
863
761
767
763
764
1396
1396
1388
1394
1364
1364
1345
1326
1328
1328
819
819
830
825
754
753
757
756
759
1394
1394
1387
1342
1342
1345
1345
1346
1326
1325
1346
1325
819
820
825
824
825
752
752
757
759
829
697
562
565
339
339
339
340
338
321
259
322
322
259
260
254
254
564
559
561
697
688
683
686
686
340
337
321
322
260
257
251
251
570
572
559
575
688
688
690
692
691
337
336
323
257
256
250
570
570
571
572
574
720
687
721
692
692
324
325
323
256
250
569
569
576
577
575
725
727
723
692
335
325
306
307
185
182
186
204
629
628
626
618
618
618
727
724
723
302
185
185
182
186
204
629
630
626
626
620
618
617
726
726
727
723
302
296
311
307
195
214
206
630
627
620
619
651
650
299
298
310
311
197
214
630
627
621
621
652
652
649
299
297
201
197
200
214
213
1208
1209
1207
1187
1185
1193
1192
650
299
297
870
297
201
814
201
815
212
1205
1206
1207
1187
1186
1191
1192
886
886
881
871
869
871
813
814
818
817
1214
1213
1189
1191
1192
877
877
881
871
802
804
814
815
817
1214
1212
1212
1198
1212
1194
1195
1190
1194
1332
879
880
868
880
867
804
803
815
816
1215
1215
1210
1195
1190
1354
1335
1334
879
1331
868
854
868
867
805
803
800
799
799
1403
1403
1403
1355
1334
853
1331
878
854
860
805
862
797
798
766
765
1400
1402
1363
1360
1319
1327
1327
853
858
859
863
797
769
766
1399
1399
1402
1363
1362
1360
1360
1319
1329
1329
855
822
863
771
769
769
768
764
1394
1364
1364
1345
1320
1329
820
822
823
823
826
825
767
751
751
767
1394
1393
1388
1344
1324
1325
820
820
829
826
826
751
751
760
760
1344
562
697
697
683
258
254
564
684
322
257
572
574
689
687
320
725
691
336
318
256
250
569
626
725
336
325
184
183
573
723
324
183
204
629
627
615
727
296
310
309
194
213
627
621
620
614
727
649
295
296
196
195
193
1209
627
1185
651
648
197
1207
1187
649
197
817
212
1208
1183
1189
1193
884
870
870
871
1212
1198
1189
1190
1193
1332
877
876
802
803
1214
868
876
868
867
802
803
815
816
1194
1335
1335
880
798
816
1403
1354
1335
878
867
862
800
1399
1353
1360
853
859
862
797
769
1400
1399
1363
1320
1327
822
829
861
769
768
1398
1361
1324
823
826
750
1393
1320
824
750
564
318
321
258
337
576
575
687
184
296
309
307
630
625
724
615
214
652
212
818
1187
815
1198
1213
1193
876
801
1331
802
1353
799
797
1402
1335
863
863
826
768
1344
1325
338
258
338
259
570
689
251
337
183
724
576
725
182
625
310
197
195
1185
1193
877
816
1194
1190
801
803
1398
1330
866
1354
1330
768
1320
821
821
1359
1329
821
861
750
759
562
322
690
318
320
257
569
335
724
183
625
309
193
630
614
649
724
299
648
1193
877
871
880
878
1402
858
1361
861
768
1361
823
824
689
690
691
340
258
687
691
575
194
628
615
296
194
197
1208
1208
648
869
813
817
1213
1183
1332
1215
1353
1335
1215
1403
1354
862
1359
1393
1393
1324
821
826
689
690
827
827
252
574
574
682
758
573
319
319
194
615
625
614
1184
193
1184
875
1184
1184
875
813
1332
801
876
866
593
1330
798
770
858
1398
1392
1361
861
770
1359
1344
548
568
827
319
252
252
758
758
573
319
573
760
1105
760
568
295
1105
1105
568
39
1365
1111
39
828
1392
828
30
1365
102
