1888
609
303
261
263
263
596
596
609
664
246
243
590
660
659
659
664
652
652
299
255
255
613
616
617
651
406
250
247
248
248
613
617
707
412
438
433
433
612
612
611
657
656
707
407
441
432
430
490
486
657
416
441
419
430
494
493
494
486
486
562
562
562
705
392
417
416
419
419
494
487
583
572
385
385
422
422
413
454
482
576
588
589
582
572
386
387
1557
1452
1455
483
1295
1545
1558
1556
1452
1454
1454
1294
1227
1558
1561
1562
1454
1231
1546
1543
1560
1560
1472
1473
1474
1269
1268
1232
1229
1582
1543
1589
1462
1292
1292
1271
1232
1234
1236
1236
1235
1584
1581
1589
1462
1491
1495
1403
1406
1404
1300
1233
1299
1584
1583
1585
1413
1299
1592
1621
1482
1476
1477
1386
1386
1388
1298
1301
1325
1325
1598
1564
1619
1617
1481
1415
1326
1599
1619
1614
1614
1486
1481
1480
1480
1414
1395
1323
1323
1326
1324
307
308
308
305
306
305
262
261
263
264
264
243
243
239
596
594
593
610
607
607
608
607
607
663
663
665
665
308
305
306
253
254
256
264
245
244
596
593
591
591
610
610
609
659
667
653
664
665
299
299
298
297
254
256
246
249
249
244
244
592
602
591
590
592
615
615
659
662
653
652
652
655
412
412
405
405
255
251
246
249
248
603
597
613
612
618
618
662
658
651
706
410
412
409
407
406
405
439
439
432
430
427
602
427
597
618
657
656
703
702
707
410
410
438
440
417
441
433
433
427
496
491
491
492
491
490
577
657
656
703
705
706
704
705
391
391
393
392
407
417
440
431
431
493
495
491
488
576
487
577
575
575
561
571
560
572
389
385
392
425
416
418
419
453
431
494
495
495
495
576
576
587
583
562
573
574
387
388
388
421
421
422
415
420
414
454
454
499
499
482
485
482
484
589
587
583
587
574
574
574
572
387
386
422
413
1446
454
1452
1455
1455
1459
1295
484
589
589
588
586
587
1226
574
574
1224
1545
1545
1557
1557
1556
1555
1562
1556
1446
1447
1447
1447
1453
1455
1296
1296
1294
1295
1297
1278
1279
1280
1282
1279
1226
1230
1228
1547
1544
1558
1559
1561
1562
1447
1453
1473
1474
1474
1291
1293
1293
1270
1269
1269
1279
1280
1225
1230
1230
1227
1546
1544
1543
1560
1562
1461
1461
1472
1473
1293
1293
1271
1270
1269
1231
1231
1232
1234
1230
1229
1541
1581
1590
1590
1466
1462
1472
1471
1471
1474
1402
1271
1271
1268
1213
1234
1236
1233
1235
1582
1584
1581
1592
1591
1591
1589
1586
1586
1465
1491
1490
1403
1406
1407
1405
1300
1236
1583
1584
1581
1592
1592
1585
1483
1490
1491
1494
1495
1413
1403
1403
1404
1404
1404
1298
1300
1304
1309
1309
1308
1565
1564
1565
1579
1580
1617
1616
1482
1484
1475
1477
1494
1476
1413
1413
1412
1387
1388
1302
1309
1310
1564
1599
1620
1620
1621
1616
1482
1475
1480
1477
1477
1414
1414
1398
1388
1398
1301
1323
1326
1326
1313
1598
1599
1618
1620
1619
1617
1617
1614
1486
1481
1481
1478
1415
1414
1397
1323
1324
1325
1314
1313
1313
1313
1599
261
608
302
308
303
262
261
259
242
240
239
623
595
625
594
593
605
605
606
669
667
666
665
675
307
300
296
305
297
254
253
256
260
264
236
242
237
241
244
595
593
591
606
604
668
661
667
667
675
674
300
301
295
252
254
252
238
246
245
603
600
603
601
601
598
599
616
615
660
661
654
655
655
411
298
298
297
408
297
251
247
249
600
602
597
615
618
662
651
650
702
655
654
411
409
408
405
399
399
435
437
439
436
429
428
492
492
489
612
688
658
688
703
702
707
410
407
435
434
437
441
436
429
429
492
490
579
579
565
705
704
390
390
424
424
446
456
498
496
488
580
580
580
578
561
565
391
389
390
393
425
426
423
426
426
418
447
500
497
480
487
581
480
581
583
564
585
561
573
571
570
387
385
384
420
425
415
415
414
453
456
456
500
499
500
482
485
481
481
581
584
582
569
570
383
1557
420
1445
1446
455
1459
1458
483
484
1297
484
584
1218
569
1225
1537
1538
1558
1556
1440
1445
1445
1449
1459
1458
1296
1296
1275
1277
1276
1281
1282
1281
1226
1219
1225
1547
1547
1537
1544
1561
1551
1460
1449
1453
1467
1290
1290
1277
1278
1277
1282
1218
1230
1228
1227
1547
1539
1539
1542
1543
1553
1560
1553
1554
1464
1461
1468
1291
1290
1274
1273
1280
1212
1212
1212
1230
1237
1546
1569
1591
1590
1466
1469
1471
1470
1292
1274
1272
1272
1213
1214
1238
1238
1578
1588
1587
1466
1465
1466
1465
1469
1492
1401
1407
1407
1359
1214
1234
1303
1238
1569
1563
1566
1579
1579
1586
1586
1587
1484
1489
1489
1491
1495
1402
1493
1401
1406
1387
1405
1300
1304
1309
1311
1563
1565
1565
1579
1612
1613
1613
1483
1484
1488
1494
1493
1409
1389
1389
1388
1304
1302
1311
1310
1311
1594
1597
1613
1615
1485
1488
1479
1408
1408
1409
1387
1396
1391
1399
1322
1321
1312
1598
1595
1594
1593
1597
1596
1620
1597
1619
1615
1616
1615
1485
1486
1479
1478
1410
1411
1395
1396
1395
1397
1397
1399
1320
1319
1320
1312
1314
1397
1320
1320
303
258
669
304
302
304
302
304
258
258
259
259
242
242
240
623
625
624
625
605
605
637
668
669
672
673
671
671
670
675
301
311
257
323
260
242
241
241
623
595
620
625
621
599
604
668
671
677
300
301
296
318
322
321
252
237
237
237
286
601
599
645
599
636
604
691
662
689
650
677
677
676
301
317
318
320
316
320
252
292
238
284
284
601
598
646
635
618
636
687
687
650
676
699
411
399
400
435
437
436
428
283
521
613
530
686
688
701
701
698
699
401
401
400
435
434
437
445
429
498
516
490
529
530
530
579
538
579
700
700
695
695
402
397
393
398
400
398
424
470
470
445
445
446
498
488
526
529
566
564
566
566
395
395
394
393
424
471
447
445
456
500
451
479
480
480
475
581
585
564
564
569
568
567
388
388
395
384
426
468
415
447
455
456
450
497
479
474
476
585
585
563
570
567
359
360
360
384
356
1439
1439
1448
1448
1459
1456
473
474
474
473
1276
1261
584
1216
1216
1198
1198
1537
1537
1552
1552
1440
1449
1450
1450
1458
1457
1285
1284
1276
1276
1275
1282
1217
1216
1219
1219
1228
1540
1538
1535
1551
1436
1451
1467
1457
1291
1284
1283
1283
1277
1257
1258
1281
1212
1218
1219
1221
1220
1539
1540
1554
1434
1460
1433
1469
1469
1288
1467
1288
1288
1288
1283
1273
1258
1259
1215
1222
1222
1237
1567
1535
1575
1588
1554
1434
1464
1463
1468
1401
1274
1274
1259
1215
1214
1237
1238
1567
1566
1569
1572
1578
1587
1464
1464
1489
1498
1492
1499
1373
1372
1407
1357
1358
1214
1303
1306
1306
1568
1569
1568
1578
1577
1580
1588
1607
1513
1513
1484
1503
1493
1377
1372
1359
1304
1304
1306
1603
1604
1608
1613
1612
1609
1511
1503
1493
1501
1379
1409
1390
1391
1392
1322
1322
1311
1594
1606
1605
1606
1610
1610
1485
1488
1479
1500
1410
1409
1389
1393
1389
1391
1321
1392
1312
1317
1595
1594
1597
1606
1611
1610
1487
1528
1487
1479
1411
1411
1411
1393
1396
1393
1400
1400
1400
1399
1319
1316
1318
1317
1611
1318
313
311
314
315
335
257
257
259
276
270
271
625
622
623
624
631
632
639
638
669
637
672
672
671
675
310
315
323
323
315
323
236
271
271
285
286
286
619
625
633
633
632
639
636
692
673
677
674
309
310
322
323
294
252
293
291
284
286
621
620
648
646
648
634
691
692
690
690
673
677
677
319
319
318
323
321
293
291
284
648
646
636
647
691
689
683
684
699
401
403
317
404
317
460
460
292
292
287
280
287
281
645
646
635
528
528
685
538
685
687
701
694
699
696
401
402
404
403
404
400
460
458
458
457
444
281
521
522
521
530
529
538
540
540
686
701
539
695
695
396
396
404
469
469
471
470
448
443
517
517
518
526
525
526
525
535
540
540
533
539
568
397
395
423
469
471
465
443
517
475
534
533
539
566
567
360
360
356
355
468
464
465
448
451
449
510
472
472
472
475
531
531
557
559
567
570
360
358
359
356
1438
1439
464
450
450
450
510
474
476
476
478
1263
1260
557
1195
557
558
558
1197
1739
1739
1737
1552
1439
1438
1444
1450
1451
1457
1456
1284
1285
1265
1264
1261
1261
1257
1196
1216
1198
1197
1540
1738
1536
1552
1435
1436
1436
1441
1426
1450
1289
1284
1264
1256
1210
1217
1223
1223
1220
1223
1200
1540
1535
1534
1535
1553
1550
1554
1436
1434
1434
1428
1467
1287
1287
1289
1258
1258
1211
1223
1222
1207
1201
1221
1572
1573
1573
1575
1574
1433
1429
1428
1429
1429
1470
1497
1289
1286
1372
1254
1254
1211
1211
1209
1209
1221
1207
1572
1576
1574
1502
1499
1496
1376
1374
1372
1371
1363
1359
1358
1356
1356
1351
1306
1352
1571
1569
1577
1604
1608
1607
1514
1503
1498
1503
1499
1497
1377
1377
1376
1371
1357
1362
1358
1356
1307
1307
1307
1650
1603
1604
1604
1608
1607
1513
1512
1503
1503
1377
1380
1381
1369
1391
1330
1304
1315
1305
1305
1307
1650
1605
1606
1608
1609
1511
1528
1528
1487
1521
1500
1385
1380
1380
1390
1364
1322
1316
1316
1317
1646
1593
1605
1601
1601
1602
1610
1528
1521
1529
1521
1519
1410
1394
1394
1393
1400
1332
1316
1318
1601
336
929
313
313
336
315
335
338
276
276
278
279
270
270
268
269
269
619
629
630
631
637
637
937
940
940
940
940
929
310
312
314
337
337
294
276
277
279
628
631
633
633
640
639
640
638
690
942
933
931
310
344
330
350
349
348
293
293
290
277
290
285
620
648
641
692
692
691
678
683
698
309
339
317
339
350
316
351
351
348
346
292
288
289
280
280
620
627
647
634
644
680
679
684
698
309
319
319
341
351
463
459
282
282
522
647
643
527
685
681
682
681
696
697
374
363
461
460
458
458
282
149
282
522
522
519
527
528
542
685
544
681
681
693
396
372
374
362
442
444
443
516
518
517
526
524
535
541
534
532
544
539
549
549
695
396
373
361
361
469
467
471
442
443
451
523
501
505
523
523
537
533
555
554
559
551
550
551
358
357
354
354
365
448
449
511
505
477
535
536
477
533
557
558
551
550
358
1736
356
364
1437
464
1444
451
511
510
478
1265
477
1262
1263
1260
558
1199
1739
1737
1737
1736
1437
1443
1442
1442
1418
509
1267
1266
1264
1263
1263
1260
1195
1195
1195
1196
1198
1200
1732
1733
1738
1738
1550
1438
1435
1438
1443
1443
1441
1442
1418
1418
1267
1267
1265
1256
1256
1194
1194
1200
1732
1534
1536
1548
1430
1431
1427
1426
1289
1287
1255
1254
1256
1210
1210
1208
1203
1202
1201
1201
1572
1549
1550
1431
1428
1427
1429
1427
1422
1287
1374
1373
1254
1354
1208
1201
1202
1570
1571
1576
1577
1574
1574
1432
1516
1498
1424
1497
1497
1496
1363
1360
1353
1353
1349
1352
1351
1571
1651
1651
1576
1635
1636
1622
1624
1623
1515
1514
1513
1502
1499
1375
1375
1371
1363
1362
1356
1355
1352
1352
1651
1650
1651
1635
1634
1633
1518
1511
1512
1507
1501
1379
1385
1369
1381
1369
1356
1355
1328
1334
1647
1647
1639
1638
1600
1600
1529
1518
1511
1520
1526
1524
1519
1380
1365
1330
1332
1333
1328
1315
1646
1639
1639
1646
1638
1639
1601
1637
1600
1602
1527
1526
1520
1520
1519
1382
1383
1383
1382
1366
1366
1364
1332
1333
1338
1338
1336
1366
325
312
330
336
336
333
338
334
278
279
279
266
267
269
631
630
920
919
937
936
937
941
936
943
931
930
930
330
312
329
337
337
332
278
274
273
273
272
268
269
628
919
917
914
937
938
942
934
932
345
344
339
352
349
348
348
290
272
52
627
626
627
628
641
640
634
922
942
942
932
932
345
343
340
350
353
347
288
288
290
164
162
626
627
642
644
644
641
679
929
678
683
933
932
372
341
341
340
353
462
347
346
288
176
175
287
281
162
147
520
528
644
643
680
680
683
724
724
696
368
341
372
374
461
462
463
152
457
147
148
519
520
519
520
542
542
543
679
682
694
696
697
373
374
374
362
466
459
466
152
152
149
501
523
524
542
541
543
544
548
546
549
378
378
377
366
363
362
467
160
149
149
501
502
504
504
536
537
554
555
555
549
546
378
357
367
364
365
467
161
161
159
161
511
508
503
506
477
537
537
552
553
555
358
1735
367
367
364
1813
464
1812
158
158
159
511
509
507
509
505
506
507
1262
1242
556
1186
551
1734
1735
1735
1711
1711
1813
1443
154
1418
1417
1420
509
1267
1266
1245
1200
1185
1735
1732
1732
1733
1723
1713
1813
1813
1442
1417
1420
1419
1420
1266
1251
1245
1243
1244
1244
1243
1206
1194
1207
1199
1203
1722
1724
1550
1430
1430
1423
1421
1422
1253
1253
1255
1241
1243
1208
1203
1204
1722
1721
1549
1724
1626
1548
1431
1424
1425
1427
1425
1422
1422
1253
1241
1206
1350
1204
1571
1570
1625
1624
1432
1425
1506
1374
1374
1360
1368
1363
1354
1349
1348
1347
1649
1648
1635
1628
1628
1628
1623
1516
1516
1517
1517
1508
1505
1506
1378
1370
1370
1367
1353
1353
1355
1344
1345
1335
1649
1649
1649
1635
1636
1633
1622
1633
1516
1517
1508
1507
1504
1378
1379
1370
1330
1342
1342
1333
1335
1335
1344
1647
1647
1643
1643
1634
1518
1525
1531
1525
1522
1385
1384
1384
1370
1365
1331
1331
1333
1329
1337
1334
1336
1644
1644
1637
1637
1640
1632
1527
1632
1527
1526
1524
1525
1383
1384
1383
1366
1365
1331
1329
1328
1336
1338
1631
333
267
325
329
329
333
332
332
275
275
265
266
267
629
629
920
919
918
918
939
939
941
934
930
930
325
330
327
327
328
334
331
274
274
273
266
51
878
920
917
916
914
921
943
938
908
934
908
345
344
345
343
328
2
273
173
52
164
882
881
641
881
916
915
922
922
938
935
934
909
342
352
343
353
347
353
347
174
174
164
884
883
883
914
923
935
369
370
342
462
119
120
176
175
175
167
162
801
642
799
797
797
680
723
724
724
723
368
370
370
371
379
462
120
176
153
153
153
172
151
148
802
799
798
796
798
544
747
722
723
372
368
379
362
121
123
123
153
151
802
817
816
543
747
554
546
377
378
375
380
366
130
122
141
161
156
502
502
503
502
815
552
552
547
547
547
547
545
375
375
375
366
364
467
158
160
157
512
504
506
814
814
552
553
545
545
376
1734
376
367
1717
1716
1809
146
1812
158
155
155
154
513
508
506
1250
814
1250
1191
1192
1193
1183
1186
1186
1730
1735
1715
1725
1715
1714
1716
1807
1813
1812
1810
1824
1417
1416
513
1420
1249
1248
1250
1242
1192
1192
1193
1181
1185
1185
1730
1730
1712
1712
1810
1811
1821
1073
1251
1252
1245
1244
1187
1182
1722
1718
1722
1723
1713
1712
1811
1811
1818
1818
1817
1422
1155
1155
1252
1251
1245
1239
1240
1206
1187
1180
1205
1204
1664
1665
1665
1724
1724
1626
1431
1804
1805
1421
1153
1156
1156
1241
1241
1016
1206
1348
1348
1204
1664
1665
1628
1625
1626
1804
1624
1805
1424
1815
1805
1425
1505
1154
1153
1156
1008
1367
1350
1345
1346
1348
1664
1627
1628
1627
1624
1625
1510
1515
1509
1509
1505
1505
1506
1151
1151
1008
1368
1009
1367
1343
1345
1345
1659
1648
1633
1629
1510
1508
1506
1504
1152
1151
1370
1367
1343
1343
1343
1344
1335
1661
1660
1642
1645
1643
1531
1530
1525
1523
1128
1130
1021
1020
1025
1329
1337
1341
1644
1645
1642
1643
1641
1631
1632
1632
1533
1530
1523
1522
1132
1129
1131
1130
1364
1130
1020
1022
1329
1337
1339
1339
1644
1531
1339
53
856
324
324
327
333
0
0
57
275
57
265
267
54
51
856
878
857
918
918
939
913
911
913
913
910
326
326
327
11
332
1
58
58
52
54
51
54
879
881
879
877
916
916
922
912
912
326
326
5
6
1
174
163
173
163
880
884
878
882
881
924
923
923
923
921
885
907
909
105
105
352
113
2
2
170
173
170
166
165
166
884
884
870
883
915
743
885
890
891
748
750
909
369
343
116
117
113
119
120
169
176
169
172
168
166
799
800
797
742
743
722
723
726
369
370
116
121
120
121
123
171
171
168
150
167
801
802
799
797
796
740
741
740
746
748
725
382
380
117
130
131
121
122
124
124
150
151
802
817
816
813
813
812
812
747
747
727
728
382
381
382
380
130
131
145
141
141
151
819
815
817
816
813
734
733
382
381
65
143
144
146
145
156
512
514
515
825
814
822
824
787
734
733
1725
381
1717
1716
143
146
146
140
155
155
156
157
513
513
825
1248
1248
1190
1191
1193
1191
1186
1726
1715
1717
1808
1809
1823
1824
1823
1074
1073
1250
1246
1247
1188
1189
1193
1184
1731
1719
1715
1712
1810
1808
1826
1824
1824
1074
1075
1075
1072
1073
1252
1247
1244
1189
1189
1187
1181
1181
1181
1718
1719
1720
1723
1719
1808
1803
1800
1799
1817
1065
1065
1062
1156
1239
1016
1180
996
1182
1718
1721
1802
1802
1804
1805
1820
1817
1817
1153
1155
1014
1014
1013
1015
996
995
996
1347
998
1663
1665
1663
1662
1656
1655
1882
1883
1805
1816
1816
1815
1153
1154
1159
1162
1009
1008
1009
1015
1015
1005
1003
1029
998
1659
1662
1655
1655
1882
1886
1884
1852
1152
1159
1157
1009
1004
1004
1344
1028
1346
1660
1661
1652
1627
1629
1885
1510
1510
1884
1850
1852
1853
1152
1134
1128
1006
1007
1007
1025
1026
1026
1028
1668
1667
1667
1641
1641
1630
1876
1532
1875
1532
1844
1844
1853
1134
1131
1133
1129
1128
1020
1021
1024
1027
1340
1340
1668
1668
1640
1641
1630
1630
1533
1532
1532
1531
1844
1523
1845
1523
1846
1132
1131
1131
1130
1020
1122
1023
1022
1023
1027
1022
1341
1040
1340
1040
1340
855
911
96
95
10
13
10
0
58
57
56
56
55
53
856
856
857
928
926
927
928
927
913
912
911
902
910
11
10
12
6
4
58
56
54
880
49
880
880
879
861
925
926
926
928
890
912
907
906
98
95
5
6
6
4
2
58
163
875
874
879
874
873
872
878
872
925
926
891
907
907
104
116
104
112
112
111
111
3
4
170
165
875
870
871
924
891
738
743
891
751
751
105
103
105
109
113
114
113
110
118
170
172
168
166
800
870
807
807
808
743
738
749
750
726
103
106
117
114
115
128
118
124
126
124
172
207
234
168
234
235
810
811
741
740
746
746
727
727
725
61
61
129
129
128
127
142
142
208
208
235
233
818
819
809
817
813
811
741
745
727
736
728
59
63
65
65
131
144
136
139
208
232
819
819
823
822
786
782
785
784
785
735
735
729
730
62
65
143
145
140
139
156
140
514
514
514
825
822
786
786
786
785
787
734
735
731
731
1727
1727
1750
64
144
137
219
1071
515
825
824
1191
1190
1183
990
1184
1726
1727
1731
1727
1717
1761
1758
1809
1828
1827
1823
1825
1821
1071
1075
1069
1078
1246
1248
1247
1189
1188
993
988
1184
1731
1729
1731
1729
1720
1719
1759
1801
1800
1827
1825
1821
1074
1075
1073
1077
1081
1247
944
993
994
992
991
1728
1729
1755
1755
1757
1801
1800
1825
1820
1068
1066
1065
1062
1082
1014
1082
1013
944
999
994
994
1000
992
1728
1663
1699
1699
1656
1755
1757
1803
1799
1820
1819
1067
1067
1068
1065
1068
1063
1161
1162
1014
1016
999
997
1663
1657
1658
1883
1655
1883
1880
1887
1880
1819
1819
1067
1159
1162
1162
1161
1012
1016
1010
1011
1003
996
1031
997
998
1653
1654
1658
1883
1882
1885
1887
1887
1850
1855
1852
1150
1160
1158
1158
1007
1005
1031
1029
1028
1028
1659
1654
1653
1652
1658
1877
1877
1885
1885
1887
1851
1850
1851
1852
1152
1157
1127
1126
1004
1025
1026
1030
1041
1660
1660
1680
1679
1879
1876
1877
1875
1843
1844
1851
1849
1134
1121
1123
1122
1017
1017
1026
1046
1039
1039
1666
1666
1668
1679
1878
1878
1874
1874
1843
1845
1848
1846
1133
1134
1122
1122
1023
1023
1018
1019
1025
1039
1042
96
9
10
8
13
38
39
48
50
50
855
855
858
846
845
927
901
903
904
97
95
95
13
13
38
39
42
36
56
49
49
874
861
861
839
928
899
899
903
904
97
102
12
3
4
40
42
43
42
46
875
873
872
834
837
838
890
888
902
898
98
112
193
192
205
875
874
871
872
836
837
739
738
889
751
765
751
897
108
108
108
115
114
111
110
193
193
203
876
805
806
807
808
742
739
737
750
749
749
106
109
114
111
125
126
192
206
206
234
229
234
805
806
807
810
737
720
726
60
61
72
82
129
125
126
127
136
206
207
232
233
228
806
809
809
823
779
783
745
744
715
720
60
61
62
65
132
129
134
142
208
233
818
822
785
783
745
784
717
730
736
729
59
63
65
64
132
134
136
135
138
220
220
820
820
781
735
716
730
732
1748
1748
1750
1749
1749
1758
138
137
140
219
1070
820
1084
781
957
956
990
732
990
731
1749
1750
1750
1761
1760
1828
1828
1822
1070
1071
1084
1077
1078
957
956
989
989
1752
1769
1761
1756
1756
1759
1827
1825
1822
1822
1096
1069
1077
1077
1076
944
945
993
994
991
992
1729
1768
1766
1757
1757
1826
1820
1096
1066
1068
1064
1064
1082
1081
1010
946
946
999
992
991
1699
1698
1696
1800
1796
1094
1064
1164
1082
1080
1080
949
1000
1002
998
1699
1697
1881
1873
1881
1880
1798
1886
1795
1164
1163
1163
1012
1012
1010
1012
1011
1031
1002
1001
1654
1657
1658
1658
1873
1880
1887
1854
1856
1160
1160
1158
1174
1006
1005
1031
1030
1061
1060
1680
1654
1677
1877
1678
1866
1866
1887
1854
1857
1857
1856
1148
1145
1143
1158
1127
1174
1124
1035
1045
1046
1060
1671
1672
1680
1679
1677
1879
1878
1875
1862
1864
1864
1848
1848
1848
1857
1145
1142
1121
1127
1125
1126
1124
1019
1019
1045
1045
1046
1042
1041
1671
1671
1670
1675
1878
1875
1863
1843
1849
1846
1144
1121
1144
1144
1123
1124
1018
1019
1018
1039
1042
1847
864
93
8
9
7
8
7
15
38
39
37
48
50
859
858
859
858
846
858
846
846
845
901
904
905
905
8
7
28
25
37
41
37
37
34
47
50
865
860
834
844
853
903
896
902
97
97
102
28
102
26
28
41
40
43
47
869
860
835
833
839
839
889
898
896
897
99
99
99
102
101
27
41
23
43
204
205
204
202
205
876
860
826
833
834
836
837
839
837
889
888
895
898
100
88
108
73
194
193
204
203
203
229
803
803
804
754
739
763
765
765
766
763
766
766
69
74
74
73
126
210
195
191
210
805
229
228
804
804
806
779
754
739
764
715
720
71
70
83
80
82
81
125
210
212
231
231
231
809
780
779
779
783
753
744
753
721
721
72
72
72
134
133
133
136
211
209
212
210
821
230
821
767
767
780
783
745
717
717
716
730
1748
1747
138
134
211
218
218
220
217
220
820
772
782
790
789
789
714
732
1753
1747
1760
135
138
177
216
1775
218
1775
220
1115
220
218
1071
1086
1086
781
1083
791
954
957
957
987
985
732
1754
1747
1758
177
1782
1775
1115
1085
1086
1084
1090
951
956
954
955
988
1752
1752
1769
1769
1767
1767
1758
1765
1780
1783
1828
1782
1782
1782
1097
1069
1120
1083
1076
1083
945
945
987
989
984
1706
1698
1768
1766
1767
1767
1780
1780
1796
1097
1097
1064
1063
1079
1076
1079
948
947
999
978
977
1706
1698
1697
1696
1789
1797
1798
1796
1094
1095
950
947
979
1002
1001
979
1700
1700
1702
1698
1702
1697
1695
1867
1868
1797
1798
1797
1798
1795
1093
1093
1092
1164
1095
1163
1175
949
949
1002
962
1001
1701
1701
1693
1695
1868
1866
1866
1837
1838
1855
1092
1091
1149
1164
1173
1174
1036
1035
1061
1060
1059
1672
1702
1678
1678
1677
1869
1854
1838
1854
1148
1149
1149
1149
1172
1127
1173
1174
1037
1038
1037
1035
1035
1061
1058
1680
1672
1673
1862
1674
1862
1869
1835
1857
1143
1142
1137
1143
1124
1038
1033
1046
1044
1044
1058
1669
1670
1676
1675
1862
1863
1864
1863
1864
1835
1847
1847
1145
1136
1137
1125
1034
1034
1034
1034
1043
1043
1042
1675
18
842
17
17
15
17
29
31
30
31
44
862
864
864
864
868
841
843
844
853
900
900
905
93
17
93
19
26
25
31
36
33
31
34
47
868
869
868
842
844
844
854
892
903
905
91
92
101
27
28
27
41
33
43
32
34
47
868
834
835
848
838
849
895
898
100
101
78
195
191
32
201
205
828
833
830
849
895
763
895
897
90
88
100
74
79
79
194
195
196
203
202
803
804
775
757
766
66
83
75
75
73
81
184
200
229
225
231
775
758
754
764
719
763
719
70
69
83
83
81
181
184
181
184
212
230
231
777
778
795
753
715
718
719
72
71
80
180
190
212
213
214
224
224
768
768
769
777
773
795
794
717
713
711
721
721
712
72
1746
1744
182
180
211
214
213
214
213
770
770
772
791
790
791
788
714
714
1753
1753
1744
182
177
216
1116
1085
1090
951
789
789
986
714
985
1753
1769
1762
1760
1741
1776
1776
1115
1115
1118
1120
1086
1119
1090
954
955
954
986
987
987
984
1752
1769
1769
1763
1765
1781
1783
1774
1113
1119
1120
1089
1089
951
945
972
977
976
1704
1704
1705
1764
1764
1780
1789
1790
1790
1794
1097
1101
1111
1111
1080
968
947
947
979
977
979
977
1706
1705
1689
1765
1787
1790
1789
1794
1093
1095
1098
1099
1080
948
950
962
978
1710
1705
1695
1693
1695
1867
1868
1787
1791
1794
1795
1791
1093
1091
1100
1098
1179
1179
1179
950
961
962
979
973
973
973
1710
1702
1694
1694
1868
1865
1837
1838
1147
1091
1146
1173
1173
1176
1036
1053
1054
1057
1059
1686
1673
1687
1686
1872
1871
1870
1869
1870
1838
1839
1148
1147
1172
1170
1175
1037
1054
1052
1058
1058
1670
1676
1673
1673
1861
1869
1834
1841
1830
1147
1140
1143
1137
1165
1038
1038
1044
1049
1047
1669
1670
1676
1861
1861
1858
1835
1835
1835
1835
1834
1830
1140
1141
1165
1166
1166
1032
1033
1044
1047
1136
30
19
18
863
863
865
863
841
842
852
840
854
854
854
900
900
94
20
15
31
21
35
35
862
863
866
840
843
853
851
893
893
94
19
26
24
23
22
32
201
199
866
829
848
850
849
893
91
89
91
92
77
23
32
197
198
199
826
829
757
892
894
89
90
75
76
78
195
196
201
199
827
831
758
775
758
756
761
762
66
66
75
78
185
185
189
196
200
225
758
755
757
761
718
68
68
87
85
81
186
186
185
190
190
227
224
768
776
776
795
712
719
68
84
181
181
179
227
224
773
773
777
794
712
68
85
183
182
215
215
227
770
772
794
792
713
713
711
1745
1743
1741
1742
1742
1776
1773
215
223
771
1087
771
792
965
791
986
709
1754
1751
1744
1741
1778
1774
1774
1113
1116
1119
1090
1087
1089
966
986
985
981
1703
1707
1778
1774
1773
1113
1117
1120
1112
967
968
971
982
980
1708
1704
1704
1763
1688
1688
1764
1781
1688
1103
1114
1114
1111
1108
1112
971
971
982
976
1709
1709
1692
1689
1788
1787
1785
1794
1101
1103
1100
1098
1111
1109
972
970
972
974
975
1692
1693
1690
1787
1792
1105
1105
1101
1099
1179
964
963
964
962
974
974
1687
1693
1871
1837
1791
1840
1104
1098
1176
1176
960
964
1054
1056
1686
1684
1694
1859
1871
1842
1842
1839
1839
1138
1146
1177
959
1053
1053
1056
1054
1057
1682
1871
1859
1833
1841
1839
1141
1138
1135
1137
1171
1032
1052
1050
1051
1048
1682
1683
1674
1858
1832
1831
1140
1141
1167
1167
1166
1051
1049
1049
1047
1832
19
15
29
35
851
886
94
44
840
847
26
24
21
45
847
197
198
828
830
892
894
89
87
197
828
752
756
761
78
200
831
761
762
67
85
186
190
226
778
776
755
708
85
183
183
178
189
227
221
769
795
752
710
1746
84
1742
179
223
792
1744
1742
223
792
981
709
1745
1779
1778
1772
1118
1087
1088
1088
1763
1762
1779
1779
1772
1771
1113
1108
968
969
1707
1110
1108
1110
1109
968
972
969
980
1690
1786
1792
1101
970
975
1691
1785
1786
1105
1110
1178
961
1685
1690
1842
1105
1176
1178
963
1055
1687
1684
1872
1842
1139
1138
1171
959
1053
1056
1684
1842
1831
1135
1171
1050
1683
1841
1171
1048
94
829
847
851
866
77
24
22
849
774
774
756
67
87
188
187
710
216
709
983
1741
982
1763
1707
1771
1107
966
1102
967
1690
974
964
1685
1792
1170
960
1171
1050
1833
1831
841
886
867
851
92
21
893
828
759
188
76
187
756
86
769
793
788
1770
1772
1118
980
1688
1788
969
970
1710
1792
1110
1784
1104
1055
1786
1139
1177
1859
1840
1138
1169
1051
1049
20
852
45
829
847
850
89
827
188
759
87
774
710
67
178
227
227
771
222
1772
1117
1108
1103
1102
1685
1168
1833
1169
1056
1859
1135
1166
16
45
867
867
886
21
199
77
760
87
186
226
760
793
1745
1745
223
1088
965
980
1707
1779
1117
1708
1784
1785
1709
1691
1784
959
1860
1683
1683
1829
1141
1171
16
46
1814
1814
887
14
14
1806
1361
107
832
832
760
178
86
178
1740
710
1740
1107
1777
1777
1107
965
1771
966
1106
1106
614
1102
958
958
1168
1681
1681
1836
960
958
1860
1829
649
649
1814
832
887
887
1361
1361
107
832
107
953
614
953
1541
221
1567
1327
1793
778
1807
452
1807
952
1681
952
452
1806
457
