1552
627
248
246
361
362
617
617
627
645
360
358
609
646
646
646
652
652
652
260
242
244
619
619
618
658
257
339
349
350
350
621
620
655
264
339
346
347
621
621
620
717
717
655
258
309
347
345
760
762
717
310
311
310
305
753
753
752
751
758
720
720
719
723
321
315
316
301
301
752
759
704
723
213
326
325
317
317
301
766
759
708
707
704
726
214
213
1224
1253
1237
768
876
1273
1273
1225
1238
1238
1237
878
921
1274
1227
1228
1237
927
1277
1289
1288
1227
1244
1245
1247
893
937
938
924
1301
1290
1290
1242
880
880
879
937
944
944
943
942
1302
1301
1287
1242
1198
846
846
782
782
936
944
943
1302
1302
1286
842
785
1327
1329
1196
834
845
784
783
783
785
781
780
780
1311
1311
1327
1323
834
826
781
1310
1312
1324
1321
1321
833
835
835
826
793
777
777
778
811
253
253
253
248
253
250
246
246
245
247
362
361
359
359
617
617
616
629
627
629
643
643
644
647
645
653
653
251
250
249
244
244
340
244
359
358
609
609
626
624
626
629
629
646
647
652
653
653
251
260
260
249
242
341
341
350
357
358
357
606
610
625
625
626
619
619
657
659
658
658
648
649
264
264
257
256
340
341
341
350
350
611
611
623
620
620
618
668
657
658
656
265
265
257
259
258
258
313
339
346
346
345
610
345
610
618
716
717
655
655
656
207
208
323
311
313
309
311
309
347
755
756
756
762
756
762
760
716
720
719
722
656
722
722
208
207
206
323
323
323
311
305
305
753
753
756
754
759
758
715
720
705
719
723
718
723
207
206
326
321
315
310
300
302
305
752
752
751
751
759
705
705
713
718
709
726
214
212
213
325
326
315
316
317
301
302
302
764
763
763
767
768
767
707
708
704
708
709
711
726
725
214
214
325
317
1253
302
1253
1238
1238
1241
877
768
707
707
708
706
706
894
711
726
922
1278
1278
1275
1226
1226
1225
1228
1225
1229
1252
1252
1252
1236
1237
876
884
877
878
876
878
894
893
895
894
928
922
923
1278
1277
1275
1274
1226
1228
1252
1236
1245
1236
1245
884
881
881
878
873
893
927
893
928
925
926
925
1277
1273
1276
1289
1227
1230
1242
1244
1246
881
881
879
892
892
927
927
938
930
925
924
1276
1290
1289
1285
1242
1244
1244
1247
1247
1247
846
880
890
892
938
938
944
944
943
1301
1302
1300
1288
1296
1296
1285
1287
1286
1195
1198
1197
844
842
889
937
936
944
1298
1301
1300
1295
1287
1287
1196
1195
1198
1199
847
847
847
844
784
784
784
783
785
786
781
943
779
1298
1309
1309
1314
1329
1327
1323
1196
1196
1199
835
847
845
842
845
795
795
795
786
780
779
1311
1314
1314
1314
1329
1328
1323
834
835
835
824
825
825
794
795
794
783
777
778
780
810
1311
1310
1313
1313
1312
1324
1323
1326
1321
833
834
835
826
825
793
778
778
810
811
811
810
811
1310
247
643
252
252
248
247
246
245
356
359
359
612
615
613
616
616
628
629
642
647
645
651
653
653
253
262
250
250
250
244
243
340
243
362
355
362
354
357
358
615
616
625
628
628
644
667
647
651
650
650
262
261
255
256
243
340
342
360
357
608
607
608
607
607
625
606
626
622
667
668
659
650
650
265
261
263
255
263
256
342
349
350
608
611
611
623
618
666
659
659
654
649
654
265
265
259
259
259
256
313
314
343
344
347
348
755
761
761
623
716
668
716
659
661
656
208
258
323
313
312
314
312
304
304
755
762
757
715
720
722
721
208
210
323
314
298
297
755
751
757
758
757
703
703
720
719
207
212
210
322
322
322
322
320
320
310
300
764
765
766
758
757
771
705
705
713
714
709
714
725
725
213
326
326
324
319
319
300
319
302
299
299
764
765
764
766
767
766
773
769
712
714
710
710
215
1224
319
1229
1253
299
1239
1239
768
767
874
773
706
928
711
923
1280
1279
1275
1226
1229
1229
1251
1250
1241
1240
884
877
875
874
875
896
896
895
922
928
923
1278
1278
1284
1275
1227
1229
1228
1251
1236
1241
883
883
873
873
892
895
929
929
926
921
1277
1282
1284
1274
1290
1274
1289
1231
1231
1234
1243
1246
882
881
890
886
886
937
935
930
925
930
1276
1297
1296
1285
1243
1243
1247
1247
880
890
889
885
935
935
939
926
1300
1296
1294
1233
1243
1188
1193
1197
1197
843
889
885
934
934
933
933
942
1299
1299
1297
1298
1295
1295
1286
1294
1195
1198
1199
1199
846
843
838
844
844
796
933
786
786
939
941
1299
1319
1319
1319
1328
1329
1328
1194
1194
1194
837
837
840
841
796
796
787
787
781
779
804
1316
1317
1328
1322
1322
832
831
824
841
841
796
829
799
799
787
787
809
1316
1315
1315
1317
1313
1317
1313
1312
1326
1326
1326
1326
1322
832
831
824
826
829
793
829
792
793
788
792
777
776
776
808
809
793
788
776
270
270
644
252
288
252
287
250
247
247
271
356
355
356
353
613
614
612
601
624
628
642
644
637
638
637
636
638
636
650
288
287
266
268
356
356
353
353
613
612
612
614
596
624
642
671
637
640
261
262
262
286
255
267
243
343
355
354
352
608
606
596
622
582
667
670
667
670
659
641
648
650
261
254
263
255
254
267
342
343
343
348
348
607
606
598
590
622
590
668
669
654
665
662
265
254
223
336
314
344
348
365
729
623
738
684
666
661
661
661
662
221
222
222
338
314
307
307
303
729
729
761
761
738
737
683
684
683
681
681
687
721
211
211
210
210
338
327
338
337
307
307
303
304
732
754
738
770
680
679
680
721
216
216
211
324
318
296
296
298
299
765
297
731
771
771
770
770
691
713
713
710
724
724
217
217
216
324
320
318
320
298
295
298
299
730
765
774
773
705
712
714
710
725
215
217
215
326
215
1216
1216
1248
1249
1240
1240
775
774
774
773
875
902
712
962
964
963
964
1281
1281
1283
1225
1214
1250
1249
1250
1241
1240
918
874
874
875
896
895
962
962
965
965
923
1280
1283
1283
1230
1234
1248
1256
1256
884
920
884
919
873
901
887
896
932
929
929
930
967
1284
1282
1232
1234
1251
1235
1254
1255
884
1255
920
915
882
883
886
886
887
932
932
931
926
1304
1292
1292
1296
1232
1235
1233
1193
1255
843
888
890
887
935
931
940
940
1297
1305
1303
1304
1292
1190
1233
1190
1193
1193
838
1211
888
889
855
885
934
934
939
941
940
1299
1305
1298
1291
1291
1295
1294
1331
1189
1189
1188
1192
838
836
843
855
933
798
941
1319
1320
1330
1332
1332
1331
1189
837
838
839
840
841
854
797
799
798
787
800
1351
1320
1317
1318
1332
1332
1322
1191
831
830
827
841
841
791
797
799
788
798
809
808
1315
1316
1317
1318
1325
1325
1170
1170
832
831
828
828
828
792
793
792
790
790
790
790
807
807
808
808
1325
807
290
288
287
270
271
271
271
386
386
351
375
614
613
614
601
601
583
584
584
632
630
638
636
638
639
290
288
266
268
269
268
355
351
353
353
352
376
595
603
596
594
583
584
584
671
637
641
640
285
285
286
268
373
373
374
372
352
352
595
595
596
590
594
582
582
671
671
676
633
641
640
284
219
285
267
241
374
344
365
599
598
590
589
669
670
675
664
665
218
223
219
222
234
241
333
372
344
367
365
364
363
599
598
590
589
736
590
684
672
675
678
662
662
660
222
221
222
221
223
338
336
333
308
308
303
364
728
738
729
738
737
684
684
684
682
681
680
687
660
211
211
222
338
337
335
333
296
306
728
732
732
731
734
737
734
770
683
681
692
686
687
209
216
329
337
329
295
293
732
771
769
692
680
687
724
217
201
201
328
329
332
295
296
293
292
730
744
775
775
772
769
699
697
688
724
710
201
202
201
324
1213
1216
295
292
292
292
744
775
774
772
772
902
900
697
906
699
699
688
963
1281
1281
1279
1213
1214
1217
1248
1249
1250
1249
918
920
897
897
901
902
902
907
961
962
965
964
1280
1280
1283
1230
1214
1219
1214
1260
1256
1256
920
919
901
907
958
962
959
959
965
957
969
1284
1284
1265
1293
1231
1220
1232
1219
1234
1235
1254
1255
920
919
916
901
903
958
959
957
966
967
967
1307
1303
1304
1293
1232
1235
1208
1208
1208
1211
1211
1211
916
917
888
887
903
932
931
947
931
966
967
1304
1305
1293
1206
1210
1210
836
853
888
850
856
856
945
945
950
950
940
949
1308
1305
1303
1320
1330
1331
1190
1192
1209
1192
1209
852
850
850
850
855
855
856
856
805
941
949
802
1352
1320
1348
1318
1331
1182
1189
1191
1191
837
840
849
854
854
798
805
805
801
801
801
802
1351
1348
1347
1332
1332
1175
1170
1171
832
830
839
827
839
872
797
789
805
801
800
806
1350
1350
1347
1346
1346
1325
1173
1175
1172
1172
830
827
828
829
791
789
789
816
807
806
1309
269
639
290
290
269
269
274
266
387
386
384
384
384
376
378
378
375
603
602
601
583
587
632
631
635
631
634
635
639
289
290
290
277
277
370
387
386
385
604
602
605
586
586
587
587
632
632
634
633
641
289
285
286
277
276
374
374
373
371
371
376
366
595
596
592
671
669
671
676
676
665
284
220
286
220
235
235
235
241
373
371
372
368
367
366
366
599
599
588
593
592
674
674
676
664
218
218
219
234
241
241
334
364
365
599
598
593
588
593
678
678
678
663
660
223
238
238
333
334
334
364
75
363
727
728
736
738
737
696
682
695
682
678
685
209
225
226
238
308
308
306
728
732
732
735
735
693
695
693
692
695
679
686
687
660
209
200
327
328
337
331
335
291
291
293
733
750
731
733
734
693
691
698
700
688
690
690
690
202
200
203
204
328
294
293
744
746
747
693
745
745
699
699
698
689
689
202
1263
203
330
1216
294
1217
294
744
744
746
897
747
900
902
906
689
968
1263
1262
1263
1213
1217
1260
1260
1260
1257
743
913
899
898
898
908
907
906
962
961
960
964
963
1264
1266
1263
1265
1269
1213
1219
1218
1221
1217
1259
1260
1257
918
913
919
898
903
907
961
961
968
1266
1266
1270
1220
1220
1221
1208
1211
915
916
917
905
904
958
958
959
955
969
969
966
1307
1272
1220
1223
1207
1207
1208
1211
1200
916
917
917
905
946
948
954
954
1308
1308
1307
1293
1271
1186
1190
1187
1206
1207
1210
1200
852
848
904
946
946
950
952
949
1308
1352
1352
1293
1338
1338
1335
1186
1186
1184
1186
1190
1192
1210
852
849
848
859
856
823
948
950
949
1353
1353
1352
1338
1337
1336
1184
1184
1184
1165
870
849
870
859
848
859
805
819
800
802
1350
1351
1349
1347
1345
1175
1175
1175
1171
1171
1171
1165
869
872
865
815
815
816
813
802
1350
1349
1349
1350
1347
1349
1346
1346
1345
1173
1175
1174
1172
1172
869
871
872
872
872
865
789
815
816
816
814
806
806
865
278
278
283
277
274
274
274
274
387
385
385
380
379
378
602
602
600
585
630
631
575
634
635
635
634
635
403
279
280
275
277
276
382
387
382
385
377
377
376
378
605
586
587
572
573
573
633
404
404
279
279
233
282
276
370
276
368
377
94
604
604
604
605
586
587
593
574
631
633
665
405
229
232
233
235
239
369
371
368
367
91
90
597
605
591
593
593
592
674
673
673
675
664
405
228
220
228
233
241
240
240
369
368
53
53
367
363
90
90
597
588
591
591
674
674
677
420
419
663
227
220
226
237
240
236
334
49
308
84
75
727
485
735
485
696
696
696
672
677
677
663
421
226
226
226
238
335
335
331
77
77
75
750
735
735
734
695
694
694
685
413
685
194
194
195
205
237
236
331
79
77
76
739
750
750
748
748
693
700
702
700
690
413
194
203
205
332
330
332
79
82
82
79
739
743
740
747
747
693
702
702
701
701
202
1262
205
204
330
1522
332
1215
80
83
81
744
743
742
743
740
746
746
899
1024
698
1041
689
1261
1261
1262
1269
1218
1215
1215
81
1258
1257
913
742
914
899
1024
968
1040
1261
1262
1264
1261
1268
1220
1218
1221
1259
1258
913
1258
914
898
899
908
908
1022
1022
1023
1021
960
969
968
969
1265
1272
1271
1222
1223
1259
1202
1202
912
912
905
905
908
947
955
955
1266
1270
1272
1272
1272
1223
1223
1207
1201
1201
1201
1202
1200
917
904
947
951
955
1308
1307
1271
1187
1187
1205
1203
853
853
905
858
858
946
947
953
953
1353
1308
1338
1334
1335
1335
1185
1187
1183
1179
1179
1205
1204
852
853
848
859
858
857
945
948
823
953
818
1355
1353
1355
1337
1337
1336
1335
1182
1183
1184
1166
1166
1164
866
849
861
822
823
822
820
820
820
819
1356
1356
1349
1337
1336
1180
1165
1167
1166
1165
870
870
866
862
862
864
822
817
814
814
818
813
1356
1357
1339
1342
1339
1342
1174
1177
1174
1174
1168
1168
871
870
872
860
865
815
817
817
812
812
1177
272
380
278
283
273
273
273
383
381
381
380
380
379
602
602
600
585
577
576
576
575
409
404
408
408
280
283
283
275
282
273
382
383
383
377
380
119
499
577
577
577
574
574
402
409
402
404
403
280
279
230
232
275
138
371
94
119
91
500
501
501
501
572
578
574
574
573
402
405
405
230
231
232
231
235
231
371
52
93
94
500
502
502
572
570
418
229
228
232
240
51
51
53
53
86
85
91
486
485
486
527
528
674
420
419
420
421
227
229
228
224
237
239
66
53
50
86
86
50
86
84
487
527
527
529
529
694
416
419
419
225
225
237
238
68
66
49
77
76
487
520
525
694
532
701
413
195
195
195
197
205
61
63
63
79
76
739
750
749
519
513
702
701
414
414
412
413
412
196
196
196
205
330
331
80
83
82
741
749
749
513
522
702
414
414
412
194
1503
196
205
1521
1523
1523
78
1524
83
83
83
82
740
741
749
993
513
988
1026
1026
1039
1041
1041
1040
1506
1521
1518
1503
1521
1522
1523
1522
1524
1524
1525
1448
1258
1436
741
914
993
990
988
1024
1027
1039
1027
1039
1040
1041
1506
1508
1268
1522
1526
1444
1432
991
993
993
989
987
1028
1033
1264
1506
1267
1268
1269
1269
1222
1442
1444
1444
1432
1202
914
984
984
984
1023
986
1023
1021
1023
1021
1032
956
1267
1463
1463
1268
1270
1223
1223
1446
1444
1201
912
912
983
984
987
1020
1018
956
956
956
1462
1306
1272
1333
1333
1446
1185
1446
1205
1445
1445
1205
1204
1203
851
851
1067
857
951
952
953
953
1306
1334
1334
1334
1185
1333
1181
1183
1183
1179
1166
1204
1204
863
863
1068
858
1067
857
821
951
820
1355
1355
1344
1181
1180
1166
1203
1164
866
863
861
862
823
823
823
820
818
1354
1354
1341
1356
1341
1178
1181
1168
1169
867
860
862
1120
1118
822
820
1123
1357
1357
1341
1340
1339
1343
1342
1177
1177
1167
1168
1169
868
867
868
868
862
862
864
1120
817
1121
814
1122
1357
1167
812
120
497
281
281
283
272
135
134
117
381
134
380
379
120
120
498
498
498
577
576
576
409
408
411
411
408
280
281
282
143
383
135
117
117
120
116
119
119
508
499
499
499
577
579
573
400
411
230
282
144
133
138
93
94
96
96
505
505
500
502
502
579
570
570
571
570
402
401
405
189
189
231
186
138
138
52
96
95
96
91
92
502
490
489
502
578
569
571
426
426
418
418
401
229
230
185
186
186
52
48
52
53
48
95
85
92
486
490
490
531
531
420
423
423
227
224
169
67
66
67
49
50
86
85
89
85
486
487
487
528
528
529
532
532
417
417
423
199
198
176
68
68
68
68
65
56
54
89
518
520
525
525
529
523
523
416
416
415
422
199
198
199
197
61
62
64
64
54
76
520
520
520
525
523
441
447
199
198
175
61
62
63
80
74
740
515
516
516
513
514
514
523
445
445
1504
197
1521
1523
61
60
78
80
83
72
73
72
741
517
514
990
1025
1026
1027
1041
1026
1040
1505
1520
1520
1526
1525
1450
1449
1449
1437
992
993
990
1025
1028
1029
1038
1038
1507
1520
1518
1516
1442
1526
1450
1448
1449
1436
1431
1436
992
991
992
990
1022
1028
1029
1035
1036
1033
1036
1508
1518
1461
1515
1515
1526
1516
1447
1444
1432
1432
982
982
983
987
1019
1030
1032
1033
1462
1461
1466
1446
1447
1447
1443
1443
1435
1435
982
987
985
985
1020
1031
1032
1032
956
1031
1462
1463
1462
1463
1463
1466
1464
1405
1445
1443
1434
1434
863
1435
1077
1077
1070
1067
1067
1018
1070
1070
1150
1150
1147
1494
1494
1498
1464
1403
1400
1403
1387
1074
1074
1075
1076
1117
1117
821
1145
953
1491
1494
1499
1340
1344
1394
1181
1181
1394
1393
1386
1387
1074
1073
861
1068
1068
1069
1116
1116
1123
1145
1492
1492
1354
1341
1340
1344
1344
1178
1396
1181
1393
1392
1385
867
867
1105
1111
1105
1111
1069
1115
1116
1123
1123
1357
1493
1339
1340
1343
1343
1176
1178
1176
1178
1392
1169
1392
1169
1391
868
1104
1104
1110
1111
1111
1119
1120
1119
1121
1119
1122
1121
1122
1123
1123
497
410
192
193
141
142
143
135
117
115
115
118
118
118
507
498
580
581
581
561
560
561
410
410
411
396
408
143
144
144
135
133
116
116
118
506
112
508
507
508
579
580
581
581
560
400
395
403
395
189
193
144
144
133
137
137
116
96
505
508
506
505
508
503
508
579
581
581
400
401
399
188
187
188
187
182
183
186
183
137
96
92
505
503
489
569
571
424
571
426
426
421
188
174
188
173
186
185
186
181
48
58
87
87
92
488
488
489
489
490
530
424
426
425
423
174
171
185
170
185
70
67
67
69
50
58
57
88
87
88
89
526
532
530
532
417
417
422
415
422
169
176
70
71
70
65
56
56
55
88
89
89
519
518
496
526
526
524
532
436
415
446
447
178
176
177
177
65
64
65
54
74
73
515
520
511
511
522
521
523
522
441
441
446
446
447
178
177
62
64
54
74
73
74
515
517
517
510
510
512
523
521
440
439
439
444
443
443
1505
1504
1511
175
62
60
73
1438
517
517
514
1025
1027
1038
1038
1037
1505
1505
1504
1504
1519
1519
1535
1525
1451
1450
1449
1450
1437
970
1436
975
976
990
990
1025
1029
1028
1038
1037
1036
1503
1507
1508
1514
1508
1520
1519
1516
1453
1454
1448
1437
1437
970
992
978
977
989
1019
1029
1035
1034
1034
1507
1507
1517
1517
1517
1516
1454
1454
1439
1432
1431
982
971
983
986
981
986
1019
1019
1035
1035
1031
1034
1458
1459
1459
1460
1466
1465
1517
1447
1447
1443
1433
1434
1433
1430
1435
1430
972
983
1078
985
1020
1030
1031
1459
1460
1464
1464
1465
1466
1405
1404
1405
1434
1427
1433
1078
1078
1077
1078
1072
1071
1072
1071
1150
1150
1149
1146
1147
1495
1499
1499
1396
1404
1404
1400
1403
1386
1382
1387
1387
1075
1075
1077
1068
1148
1150
1147
1147
1147
1495
1496
1495
1499
1499
1498
1396
1395
1394
1400
1382
1386
1384
1387
1385
1074
1073
1069
1117
1117
1124
1149
1125
1491
1491
1502
1497
1497
1396
1399
1397
1390
1389
1393
1391
1103
1105
1105
1111
1109
1120
1115
1115
1126
1126
1493
1493
1492
1500
1500
1399
1399
1399
1390
1390
1392
1391
1103
1105
1104
1111
1120
1110
1119
1109
1118
1126
1126
192
141
141
141
139
134
108
113
114
114
553
553
552
562
562
561
410
396
394
192
193
193
143
142
108
108
107
107
112
114
114
507
552
551
557
561
560
398
396
395
193
190
144
182
137
106
104
104
106
112
504
504
537
538
535
559
429
429
399
399
189
182
59
39
25
504
504
493
491
535
535
535
427
429
425
428
425
399
174
173
173
187
170
183
181
59
59
24
493
492
496
491
491
531
530
433
428
427
425
174
171
184
184
71
71
59
58
57
24
35
34
488
495
496
530
436
455
422
171
179
170
170
70
71
69
56
1
55
57
88
33
33
496
494
496
526
524
526
436
438
457
457
179
180
180
177
62
71
10
55
55
12
511
510
440
474
441
441
438
446
444
447
178
180
177
177
11
11
9
9
6
13
14
511
510
462
441
444
443
442
1509
1509
1511
1510
1510
1535
9
6
6
13
973
517
974
512
1059
1058
1038
444
1054
443
1511
1510
1511
1510
1534
1451
1452
1438
1438
975
975
976
977
1059
1058
1056
1054
1514
1514
1519
1538
1535
1535
1452
1454
1439
1440
1441
971
976
978
978
977
1055
1056
1056
1034
1046
1513
1514
1536
1533
1533
1454
1454
1441
1441
1430
972
979
979
981
980
980
1044
1044
1045
1046
1459
1460
1465
1453
1424
1429
972
1082
981
979
981
1020
1030
1042
1042
1460
1457
1465
1474
1405
1405
1425
1401
1424
1078
1078
1087
1072
1071
1072
1163
1148
1150
1148
1146
1495
1457
1499
1457
1395
1405
1402
1402
1383
1427
1082
1076
1086
1069
1139
1149
1146
1140
1140
1496
1496
1502
1395
1502
1375
1394
1402
1382
1383
1384
1387
1079
1108
1106
1075
1114
1086
1114
1163
1138
1124
1125
1492
1496
1502
1502
1502
1398
1500
1395
1375
1375
1397
1389
1393
1388
1384
1108
1108
1106
1114
1114
1114
1112
1113
1138
1138
1138
1131
1125
1125
1493
1484
1484
1479
1398
1399
1397
1390
1389
1391
1107
1104
1107
1107
1113
1113
1109
1112
1137
1137
1131
1388
550
121
141
121
140
125
140
139
101
108
97
97
114
553
553
553
553
551
555
558
562
561
388
396
396
394
140
140
136
130
107
108
108
107
103
113
114
550
552
551
559
559
397
397
396
191
191
190
136
182
130
130
136
104
103
110
545
538
538
537
534
533
397
398
398
399
172
191
191
190
164
183
104
128
105
39
40
25
26
26
493
537
539
537
538
535
534
534
533
429
428
428
432
172
172
173
164
36
36
25
24
26
24
493
492
491
475
476
433
427
427
430
434
430
430
171
165
150
163
1
0
38
39
46
492
34
35
492
495
495
473
476
477
455
457
457
180
151
149
149
150
150
2
15
17
35
35
34
494
495
474
474
472
477
438
437
459
458
179
180
180
11
2
1
7
0
16
17
15
509
35
509
509
467
474
462
438
437
437
458
442
1509
1548
7
10
7
16
16
14
16
12
509
470
462
461
460
460
451
444
1509
1548
1549
11
8
8
7
1413
13
1412
13
1438
14
14
973
974
975
462
999
460
1059
1058
1059
1058
1063
442
1512
1548
1535
8
1451
1414
1440
974
975
975
998
999
1059
1057
1055
1063
1514
1512
1538
1538
1537
1537
1535
1534
1528
1528
1452
1413
1406
1452
1441
971
1017
998
978
998
1003
1055
1056
1046
1046
1514
1458
1536
1537
1538
1536
1528
1406
1439
1440
1441
971
972
981
980
980
1005
1048
1044
1047
1047
1455
1456
1475
1473
1407
1426
1425
1424
1429
972
1003
1044
1043
1042
1045
1141
1456
1455
1455
1457
1456
1468
1474
1381
1380
1426
1426
1426
1425
1429
1429
1429
1428
1084
1084
1084
1087
1087
1161
1146
1161
1142
1455
1456
1475
1474
1381
1379
1402
1367
1401
1382
1428
1428
1081
1084
1086
1087
1162
1160
1141
1140
1144
1490
1490
1485
1501
1501
1375
1402
1402
1384
1383
1080
1080
1079
1079
1114
1085
1086
1085
1138
1162
1139
1163
1140
1144
1481
1483
1480
1374
1481
1374
1375
1362
1383
1107
1092
1102
1106
1113
1138
1136
1130
1132
1132
1127
1484
1483
1483
1479
1373
1373
1374
1370
1363
1363
1362
1360
1108
1093
1101
1101
1137
1137
1133
1136
1131
1131
1127
1479
125
556
122
122
125
125
100
101
97
101
99
548
550
550
549
555
556
558
558
565
388
388
391
160
122
123
122
132
130
102
102
102
98
98
110
547
555
555
556
536
559
565
393
393
392
159
162
161
161
131
131
105
102
105
103
98
110
545
538
536
568
534
557
393
399
159
164
168
37
39
105
41
25
540
539
543
435
435
435
432
431
158
158
165
164
163
168
36
38
38
26
28
541
539
475
481
432
152
148
165
150
163
146
36
46
28
28
27
478
481
477
477
456
455
454
152
152
148
148
149
5
2
2
1
47
35
32
473
474
476
477
459
459
459
153
151
149
4
3
17
17
23
32
32
467
468
466
473
471
472
477
437
451
453
458
458
453
153
1543
1542
11
3
17
17
23
22
22
468
469
467
461
461
460
465
452
452
1544
1544
1549
10
8
19
1412
973
997
999
461
465
1066
451
1064
1544
1549
1549
1529
1551
1413
1414
1412
1017
1017
1015
1015
1017
999
1057
1059
1065
1065
1064
1064
1063
1512
1541
1537
1537
1529
1528
1406
1414
1414
1010
1015
997
997
998
1055
1048
1047
1047
1513
1539
1469
1537
1532
1527
1408
1408
1408
1418
1011
1007
1007
997
1004
1004
1048
1043
1043
1047
1043
1047
1472
1472
1475
1527
1380
1407
1407
1420
1418
1006
1008
1007
1004
1005
1161
1159
1050
1469
1469
1475
1468
1473
1380
1381
1380
1419
1420
1429
1419
1428
1083
1006
1083
1084
1090
1088
1160
1161
1160
1141
1142
1154
1142
1490
1469
1475
1474
1381
1379
1367
1367
1421
1421
1081
1084
1085
1089
1163
1162
1156
1143
1143
1490
1480
1489
1488
1377
1378
1377
1378
1378
1369
1358
1080
1092
1089
1102
1085
1162
1141
1130
1144
1144
1484
1483
1480
1480
1374
1378
1369
1369
1360
1360
1091
1092
1093
1102
1133
1135
1132
1128
1128
1482
1482
1481
1373
1373
1370
1363
1363
1362
1362
1361
1359
1091
1093
1102
1101
1100
1134
1135
1132
1127
1093
100
123
126
548
549
549
549
554
556
564
558
566
565
565
391
388
121
132
132
101
132
98
99
548
546
547
568
568
565
563
393
392
160
162
131
131
128
129
111
40
110
545
544
567
567
435
393
157
159
159
162
167
129
129
37
41
29
541
544
482
435
392
158
158
165
165
168
37
38
40
29
541
543
482
482
481
483
434
432
155
155
147
168
44
44
47
46
28
27
484
484
484
456
456
153
156
154
146
146
43
3
44
47
47
46
32
466
478
480
479
449
459
156
151
5
5
20
31
32
468
471
474
464
453
153
146
4
4
19
19
23
468
470
464
464
451
453
452
1543
1544
1551
1551
1550
1417
1415
22
23
469
994
470
470
1062
465
1065
452
1540
1541
1542
1551
1529
1417
1417
1415
1016
1016
994
995
996
996
1066
1066
1064
1540
1540
1529
1417
1414
1017
1016
1015
994
1000
1003
1065
1061
1061
1471
1540
1539
1547
1547
1547
1532
1531
1531
1411
1011
1011
1010
1010
1001
1005
1053
1051
1049
1471
1471
1468
1532
1531
1478
1408
1418
1010
1418
1007
1008
1001
1004
1053
1053
1050
1050
1050
1468
1477
1477
1478
1419
1421
1422
1008
1008
1090
1159
1158
1159
1159
1154
1143
1489
1476
1377
1369
1419
1423
1423
1083
1090
1089
1157
1160
1155
1154
1490
1488
1476
1372
1377
1368
1368
1369
1358
1358
1080
1095
1151
1155
1156
1156
1156
1143
1482
1378
1372
1365
1369
1360
1094
1095
1092
1093
1099
1134
1130
1135
1130
1128
1482
1487
1481
1372
1361
1359
1094
1094
1101
1102
1098
1134
1129
1129
1128
1361
123
126
100
99
564
389
160
99
566
567
161
127
129
111
568
41
111
540
544
434
431
157
147
37
540
482
484
432
168
29
541
456
454
156
154
44
47
31
471
480
479
449
147
4
5
20
47
31
30
466
479
479
449
1543
156
1551
20
21
471
1542
1551
22
463
1061
448
1541
1530
1530
1416
1016
995
995
996
1541
1532
1531
1530
1416
1411
1411
1012
1000
1052
1472
1009
1012
1002
1002
1005
1053
1051
1060
1467
1410
1420
1009
1053
1049
1467
1409
1420
1009
1001
1157
1154
1489
1477
1376
1008
1089
1088
1158
1156
1489
1487
1376
1364
1423
1095
1099
1151
1155
1156
1486
1366
1359
1096
1098
1134
1487
1364
1098
1129
123
544
568
563
547
161
127
129
435
478
480
484
155
147
42
43
449
20
448
1066
1545
1066
1547
1539
1416
1013
996
1410
1000
1478
1049
1158
1470
1423
1097
1157
1099
1153
1366
1359
554
389
546
565
162
127
392
547
434
42
167
42
484
145
471
464
465
1550
1415
1014
1061
1547
1478
1052
1053
1470
1422
1002
1376
1422
1153
1409
1096
1096
1372
1364
1095
1099
1135
1129
126
566
111
544
567
563
157
540
45
483
147
480
450
156
18
21
45
469
21
1416
1014
1012
1011
1009
1476
1090
1366
1097
1153
1372
1096
1100
126
109
546
546
389
129
29
167
450
155
43
31
450
463
1543
1542
21
995
1062
1060
1472
1530
1411
1471
1478
1409
1470
1477
1409
1158
1371
1487
1487
1365
1094
1098
126
109
910
910
389
124
124
909
803
166
543
543
450
18
145
18
1545
450
1545
1013
1546
1546
1013
1062
1411
1052
1014
1002
407
1422
1152
1152
1090
1486
1485
1366
1151
1153
1371
1365
406
406
910
542
390
390
803
803
166
542
166
1212
407
1212
909
30
804
911
909
406
911
360
911
891
1485
891
369
1288
327
