1040
204
289
389
384
384
210
210
204
148
332
332
210
157
157
157
149
153
153
279
386
385
207
221
221
161
301
331
329
330
330
220
222
178
301
340
327
327
220
220
222
182
182
178
306
338
328
328
219
219
182
337
338
343
328
252
252
251
251
243
183
183
183
179
312
337
314
343
343
252
243
250
190
295
312
312
314
314
341
258
249
248
247
188
190
294
294
526
634
636
258
995
527
527
526
635
636
636
996
1021
527
521
521
635
1013
540
544
521
521
649
649
647
976
1014
1013
1020
545
544
544
645
988
987
975
1014
1010
1010
1009
1009
565
545
546
645
594
988
988
989
989
936
1010
935
565
565
553
990
936
552
552
595
588
590
917
916
916
936
934
934
934
561
561
559
559
588
589
934
560
559
559
586
586
588
588
589
915
915
940
940
938
939
291
290
291
289
290
289
389
389
389
388
384
384
370
370
370
210
210
204
204
204
156
156
156
157
148
149
149
290
289
289
386
386
384
389
381
370
210
209
207
206
203
203
203
157
148
160
148
153
290
277
277
279
386
331
331
329
329
330
329
209
225
207
207
207
221
203
161
161
160
160
153
153
301
303
300
300
340
340
331
330
330
223
225
220
220
221
222
161
161
160
178
302
301
301
300
301
307
339
340
327
328
326
225
326
225
222
182
182
182
178
179
302
302
306
338
337
338
327
327
328
252
226
226
219
219
219
220
222
183
184
179
178
179
179
293
293
293
306
306
306
338
344
328
252
251
251
251
243
243
215
183
250
183
179
181
181
293
293
312
312
337
343
344
341
341
256
252
258
257
249
249
250
188
191
191
191
294
295
295
312
313
314
314
315
343
341
342
256
256
258
258
259
246
249
247
250
247
191
191
191
190
294
294
313
315
634
342
634
636
635
636
996
259
248
248
247
247
247
1015
191
190
1021
543
543
527
527
526
526
521
520
520
633
634
633
635
636
995
995
996
996
995
981
1016
981
980
1016
1015
1020
1021
543
543
527
524
524
520
634
633
649
647
647
998
997
997
975
976
976
1013
976
1019
1019
1020
1020
543
540
540
524
521
529
645
649
649
988
975
975
976
977
1013
1008
1013
1008
1020
1020
540
545
546
546
645
645
648
649
647
647
988
975
975
976
1014
1014
1009
1010
1009
540
565
545
545
545
547
546
547
553
595
594
594
987
990
987
1014
1014
1010
564
565
565
552
552
553
595
594
593
593
593
990
990
990
989
917
916
916
936
937
935
927
935
564
561
563
561
552
552
553
595
595
593
590
597
593
990
990
989
917
917
936
935
927
563
560
557
557
557
558
586
587
588
590
590
915
915
915
917
916
938
940
941
934
939
561
562
560
557
556
559
559
558
585
586
588
590
589
915
910
940
940
938
939
939
939
939
560
388
156
291
291
288
387
389
388
383
383
369
369
369
372
206
206
206
204
154
156
148
146
149
149
291
276
290
288
289
386
386
385
388
384
382
383
381
381
369
209
209
208
205
203
155
155
146
151
150
150
277
277
278
385
385
382
382
331
329
224
224
223
224
224
208
208
208
205
157
159
160
152
152
303
277
277
278
303
278
339
329
330
223
225
208
221
221
159
161
158
158
152
152
303
303
300
300
307
307
339
335
340
335
325
326
226
226
218
222
215
159
185
184
181
178
302
307
307
339
335
338
335
325
325
254
219
215
215
185
181
180
292
292
311
337
344
341
253
251
244
243
244
250
189
185
184
293
292
292
308
308
309
308
311
310
344
344
256
255
257
243
244
245
250
250
189
189
188
188
192
194
294
313
313
309
310
310
344
315
342
342
342
256
256
255
259
259
257
246
245
187
188
194
194
313
526
315
523
634
342
637
638
259
259
996
246
248
1015
194
1017
536
536
525
525
522
520
633
640
637
638
995
996
981
982
981
980
980
1016
1015
1015
1019
542
543
542
541
524
520
520
633
635
637
998
997
982
981
977
980
1016
1019
1022
1021
542
542
542
541
544
525
546
524
530
529
646
648
998
997
978
977
977
1013
1012
1008
1019
1007
541
541
544
546
646
648
648
647
987
985
987
984
1011
1011
1007
1007
567
547
547
529
646
646
646
648
597
985
985
984
1011
1011
1008
937
1009
566
564
566
564
567
553
553
555
596
594
593
594
597
986
598
986
989
924
922
936
937
935
931
563
564
566
567
555
555
554
596
610
596
597
599
598
914
914
917
937
937
935
927
927
563
563
557
585
585
587
590
589
589
914
914
911
911
913
941
941
926
562
562
562
562
560
556
556
556
558
558
558
585
585
585
587
592
589
592
910
910
910
913
912
913
940
941
941
926
926
913
912
941
288
387
154
291
284
288
284
288
388
388
387
383
381
374
368
371
372
372
198
206
206
154
155
146
147
146
147
147
147
150
276
279
387
283
373
383
377
365
369
369
372
372
198
206
154
155
146
151
276
276
278
279
278
382
385
382
377
381
365
224
209
200
208
202
155
155
159
131
159
151
151
150
276
282
280
278
282
339
382
378
336
326
326
224
223
211
202
217
202
131
158
158
151
152
303
304
305
333
336
336
325
349
226
217
218
216
131
158
164
136
180
302
304
305
305
335
335
355
325
253
253
218
217
218
218
216
216
185
185
184
180
180
299
298
292
299
305
308
308
317
353
353
355
355
253
254
254
244
185
189
184
181
298
292
298
309
311
353
346
348
348
255
348
255
257
244
245
244
187
189
189
194
194
192
295
323
324
309
310
310
310
346
345
348
347
255
255
245
245
250
187
187
193
193
323
323
324
313
323
523
523
640
640
638
638
257
246
236
245
979
979
186
1030
1018
1017
1017
537
536
525
522
522
640
640
639
638
638
992
991
982
982
979
980
1030
1032
1018
1018
1021
537
536
538
525
530
639
639
637
998
992
998
991
982
979
979
980
1034
1032
1018
1022
1022
541
539
530
531
646
644
648
617
998
639
998
1001
998
991
978
977
1012
1012
1031
1031
1022
539
551
551
547
529
529
629
629
617
985
978
983
1011
1012
1008
1007
1007
541
548
567
548
551
528
629
629
596
619
598
619
985
984
984
984
922
1012
930
931
931
566
566
567
567
575
555
547
554
612
612
596
597
598
598
986
922
922
922
931
563
575
574
554
554
574
610
599
597
599
600
986
925
924
919
919
937
931
579
577
577
557
554
554
610
610
587
592
592
600
914
911
911
919
919
919
926
926
578
578
577
577
556
609
609
609
587
587
591
591
591
911
910
911
912
913
912
912
928
929
928
926
558
928
284
284
285
285
269
387
373
373
374
368
368
371
371
371
371
198
198
195
195
154
138
147
141
147
149
284
285
283
283
283
378
374
377
368
366
366
366
366
372
200
197
197
197
202
130
140
145
150
281
281
283
266
378
378
380
377
365
365
200
200
200
202
199
202
130
130
130
136
140
151
150
280
281
281
282
267
379
336
349
200
211
201
214
130
131
136
136
143
304
304
282
304
282
267
267
333
336
336
349
356
349
211
211
217
213
214
216
216
131
131
164
175
143
174
299
299
304
299
305
305
317
334
334
354
355
356
253
212
254
212
217
216
162
162
164
164
164
180
174
299
296
297
317
316
317
353
353
355
253
230
229
229
242
242
242
239
165
165
165
165
192
298
324
309
311
319
346
348
230
239
239
240
165
192
192
324
324
324
320
319
319
346
346
348
347
230
235
235
235
236
239
186
186
193
193
193
323
322
323
309
522
523
345
347
347
347
234
235
236
236
238
993
1027
186
1030
186
186
193
1017
537
537
536
533
522
523
644
641
640
637
1004
992
992
992
994
993
1027
1028
1030
1030
1018
1017
539
537
538
533
530
531
644
644
641
641
1001
992
991
1028
1028
1030
1032
1032
1018
1031
1036
539
538
538
551
530
533
530
531
531
531
629
639
1001
991
1002
994
978
1034
1031
1032
1037
1037
1031
548
550
538
551
531
529
629
630
618
619
617
619
1001
1002
983
978
1012
1034
1033
1033
1033
1037
1037
548
550
534
630
620
619
598
1002
984
986
924
923
923
923
930
930
931
930
580
581
575
575
574
574
627
612
620
612
620
620
600
986
925
925
924
924
923
922
930
932
932
581
581
581
575
574
613
612
611
611
599
600
925
925
921
923
919
933
933
933
932
932
579
579
576
571
571
614
610
610
609
607
599
604
600
921
921
918
918
929
929
929
579
578
577
576
571
570
614
614
609
616
607
592
591
591
920
913
918
918
928
928
570
271
145
287
285
271
285
271
373
373
374
376
363
368
368
363
363
367
367
367
198
197
195
138
139
141
141
140
141
145
281
286
285
269
269
373
374
374
364
367
198
199
197
196
195
196
138
138
140
144
145
286
263
272
269
268
379
380
380
380
380
366
366
199
199
201
132
132
130
134
137
143
281
261
283
261
266
266
266
267
379
379
380
365
365
352
352
351
351
214
201
201
132
135
137
136
280
280
280
260
267
265
334
349
349
212
211
214
213
133
135
135
137
143
175
297
316
264
317
334
334
350
350
350
212
229
212
211
213
213
162
162
162
175
175
299
296
297
316
354
356
356
229
230
229
228
242
240
240
240
240
163
165
173
173
174
296
296
316
318
317
318
354
354
356
348
227
227
230
235
242
240
169
168
169
168
172
173
172
322
322
320
320
320
345
347
230
235
238
239
239
238
168
168
168
172
172
322
676
320
319
523
345
643
345
234
234
238
993
238
993
1027
1029
172
1035
677
676
676
674
532
643
644
641
641
234
1004
1003
993
993
1028
1027
1029
1030
1029
1029
1035
1035
537
677
677
676
533
533
532
532
643
644
643
642
642
1006
1006
1001
994
994
1028
1029
1036
1036
539
539
550
532
532
632
618
617
1001
1002
1000
1000
1024
1034
1034
1032
1039
1036
1039
1039
549
533
535
534
630
631
630
619
622
1002
1002
1000
1000
962
1033
1037
1039
549
548
550
550
535
534
628
627
630
630
620
622
622
947
949
962
962
962
958
933
549
580
581
572
572
573
573
627
628
627
627
628
611
620
622
946
925
948
923
963
963
933
932
582
582
581
575
568
573
613
612
611
608
602
602
602
921
947
948
933
963
929
932
579
584
576
569
571
613
616
615
611
611
615
607
604
602
953
948
918
969
969
929
578
576
576
578
576
576
570
570
571
614
614
616
616
607
607
603
604
603
603
921
920
920
969
969
967
967
967
920
287
286
275
269
271
270
269
271
376
364
364
363
360
360
114
114
114
195
139
139
139
140
141
141
145
145
58
272
286
275
268
268
375
376
375
361
362
364
362
357
116
196
196
132
139
139
140
144
142
272
272
263
273
268
379
268
362
362
358
358
351
199
116
115
196
132
134
138
144
142
142
261
261
263
266
265
265
380
361
362
351
351
351
116
214
201
133
128
135
134
134
137
143
142
261
261
260
260
264
264
265
333
333
497
495
350
350
352
352
212
214
128
133
133
135
137
137
177
143
451
260
260
260
264
265
333
496
356
500
350
228
228
228
127
213
213
163
135
175
175
174
176
297
297
454
264
318
334
506
487
496
494
227
228
241
241
241
163
163
170
170
174
296
453
454
454
316
318
318
488
487
494
227
231
227
237
241
167
169
166
169
173
171
453
321
321
318
319
354
488
490
490
487
232
234
231
237
238
241
167
167
166
166
322
677
321
321
321
672
319
672
488
490
490
234
233
233
233
231
237
238
1003
1026
168
815
172
675
675
676
669
669
673
643
489
642
1005
1005
233
1004
1003
1026
1035
815
677
677
674
674
676
666
673
673
642
642
1006
1006
1006
1004
1003
1023
1026
1024
1023
1025
1025
1029
1036
1035
1036
679
678
535
632
632
631
618
1006
999
999
1000
1024
1024
1033
1039
1039
549
678
535
666
666
534
632
631
618
618
621
621
621
1000
949
1024
958
1038
549
549
535
535
625
631
622
622
946
949
947
949
960
962
958
959
582
580
572
572
573
573
628
627
625
626
626
626
623
624
946
947
947
948
949
963
963
965
958
959
583
582
583
572
568
568
573
613
625
626
615
626
608
601
602
947
963
942
964
965
965
965
965
584
583
583
568
571
613
608
615
608
608
604
601
601
952
952
953
955
969
968
966
966
966
584
584
569
569
569
570
616
744
615
616
606
606
603
604
603
952
953
953
968
969
967
967
745
270
359
287
275
271
270
270
376
376
364
363
359
360
358
114
114
114
48
48
53
57
57
59
58
58
286
275
275
274
274
270
375
375
361
362
359
358
116
113
48
115
49
50
144
57
59
59
58
272
273
273
273
274
402
361
362
357
358
116
115
115
115
49
128
50
50
50
60
142
60
273
262
262
262
262
262
378
497
497
469
127
129
129
49
50
134
446
449
263
265
440
441
495
497
495
500
499
127
129
128
128
86
133
177
177
177
176
451
451
451
449
263
264
441
495
496
496
500
495
500
500
85
85
85
86
86
163
9
177
177
450
451
445
444
444
506
496
500
494
84
88
88
167
13
166
176
453
453
454
454
445
444
506
506
488
487
231
228
231
84
96
167
166
170
170
171
171
171
453
453
454
443
504
505
488
488
489
232
231
237
96
95
167
166
171
171
675
675
663
443
668
668
672
504
672
490
490
489
489
232
233
232
1003
96
1026
827
813
812
814
814
815
674
675
675
663
668
669
669
669
672
673
670
698
1005
853
232
1005
858
825
820
1026
1026
813
813
813
815
815
674
665
667
669
670
673
853
857
1003
858
820
1023
813
816
680
679
679
679
666
666
673
671
701
701
751
1006
1006
859
860
999
1023
821
1024
1025
1025
1025
1038
1038
680
680
680
679
678
733
632
671
701
621
859
999
860
999
1023
945
960
958
1038
1038
680
681
678
734
733
750
625
750
631
752
752
621
623
624
946
946
945
945
960
958
959
959
681
734
734
733
744
733
754
625
625
626
623
623
624
624
896
944
944
945
942
964
960
959
735
582
744
744
754
608
624
605
601
946
947
942
964
964
964
965
972
738
735
583
583
568
765
763
606
606
601
950
952
955
955
968
966
971
584
737
569
746
745
744
745
745
765
765
606
605
604
951
951
951
953
952
953
955
968
968
966
971
584
765
967
360
120
287
287
274
270
403
405
405
364
405
359
360
359
357
120
120
113
52
52
53
57
58
56
57
58
287
275
274
403
375
404
404
359
359
357
358
357
119
113
118
117
48
113
49
64
59
446
273
399
402
402
468
468
468
470
123
123
118
116
113
49
51
51
51
50
62
61
61
447
447
449
399
402
400
498
468
498
468
469
123
129
129
121
128
125
12
51
62
62
62
62
60
446
449
449
439
440
440
440
498
497
498
498
499
469
127
126
129
12
12
177
176
4
446
450
449
441
441
441
496
502
502
499
499
499
127
83
85
86
86
12
13
13
10
9
176
450
450
445
445
444
444
442
506
502
502
494
84
84
85
88
86
13
88
11
10
170
4
452
452
452
445
445
444
505
505
487
494
84
91
88
96
95
28
24
452
452
443
443
504
504
505
492
492
90
89
90
96
91
95
95
24
24
663
663
668
668
504
504
503
503
489
489
492
491
232
89
91
825
825
827
827
812
827
815
662
663
668
670
670
698
699
698
854
858
858
825
825
826
827
812
814
665
665
667
667
671
670
698
701
698
853
854
853
857
857
858
824
820
826
826
818
816
816
816
665
679
655
667
657
671
667
700
701
701
856
859
860
860
820
823
819
819
816
680
679
667
750
750
750
700
751
751
856
859
821
822
823
809
804
960
804
1038
806
651
681
681
652
734
734
733
749
752
752
752
623
895
894
895
900
822
944
945
960
823
943
961
961
806
735
735
731
734
750
753
747
752
896
895
896
944
943
961
961
972
959
735
735
731
731
744
747
754
754
753
753
770
624
896
896
950
944
942
943
943
974
973
972
737
738
738
746
746
743
743
743
743
754
764
764
769
605
951
950
951
950
956
942
955
974
971
971
737
737
746
746
745
743
743
766
765
765
764
606
764
605
764
605
951
950
957
957
957
954
955
954
970
954
970
970
971
970
971
119
56
397
396
395
403
403
404
405
405
465
465
465
470
120
120
52
52
55
55
53
53
57
56
56
39
59
396
396
403
403
404
467
465
470
470
466
118
119
117
117
52
53
54
53
64
63
59
61
447
396
398
399
399
399
404
467
467
123
124
118
124
118
125
117
125
54
54
64
61
61
447
448
447
398
399
401
401
400
400
468
469
123
122
126
51
51
14
14
63
62
61
446
422
448
422
448
448
439
401
400
501
501
483
121
121
122
122
126
126
14
9
9
5
5
424
425
439
425
439
439
440
441
438
498
501
502
501
499
493
121
87
87
13
12
11
10
4
10
4
424
450
442
438
442
509
502
514
514
493
493
83
84
83
81
88
87
87
13
11
10
25
25
427
427
445
426
506
503
510
494
493
491
90
83
92
92
95
93
94
94
28
28
24
25
25
427
452
443
503
505
511
492
491
491
89
90
91
92
93
94
93
94
93
28
24
26
27
663
662
659
426
503
509
491
491
89
89
91
827
827
814
812
814
662
662
664
662
661
661
703
670
702
699
699
699
699
854
854
872
871
871
825
824
826
826
817
817
817
664
664
665
664
655
657
657
702
702
704
699
851
854
854
858
871
821
824
824
818
818
817
817
665
664
657
656
656
702
700
700
700
853
856
859
857
860
821
874
821
823
819
819
816
819
817
651
651
651
651
657
656
656
749
757
758
751
856
856
855
856
855
855
860
899
822
823
804
804
651
657
732
733
732
749
748
748
749
751
758
855
894
895
900
900
822
822
822
809
804
804
807
806
806
736
732
732
741
748
748
753
747
756
756
769
894
894
895
900
945
810
974
807
972
972
736
736
736
731
731
742
742
747
747
753
770
770
768
770
769
896
879
879
943
974
974
974
973
736
736
738
739
739
742
739
766
763
763
770
769
882
882
881
957
956
954
973
789
973
973
737
725
737
723
739
740
740
766
766
763
764
767
767
881
881
957
954
957
954
956
955
970
970
397
395
395
395
394
405
464
465
466
466
120
100
101
55
55
55
56
39
39
397
397
396
394
392
393
464
463
464
465
466
458
118
117
102
54
55
64
64
39
38
396
398
394
398
400
463
467
463
467
470
124
124
125
111
54
54
64
63
38
35
447
398
483
484
485
122
124
109
125
126
15
14
8
63
5
7
5
35
422
422
422
448
423
401
401
483
483
486
122
122
109
126
111
15
15
14
9
8
9
424
425
438
438
401
438
483
501
513
121
511
70
121
82
82
82
15
19
5
425
424
425
435
442
435
509
513
513
513
514
493
70
70
82
81
82
81
81
87
11
11
17
19
427
428
428
428
434
442
510
514
514
83
81
92
94
79
28
94
29
26
26
25
427
427
426
426
426
510
510
510
509
511
516
92
92
93
29
29
27
27
658
658
659
659
659
703
508
508
508
515
870
90
871
93
842
842
812
27
833
27
659
659
660
660
703
705
705
851
851
870
872
872
871
844
826
833
833
658
660
661
655
703
703
705
704
851
851
849
852
872
872
874
824
843
818
833
817
832
650
655
654
656
711
704
702
849
849
855
850
873
874
874
823
840
841
805
833
835
651
653
656
710
758
850
855
899
874
873
899
809
805
805
806
653
653
749
741
749
748
758
757
758
899
899
900
808
808
808
808
810
807
805
806
718
718
732
732
741
748
757
756
755
894
898
900
898
880
811
810
807
807
807
717
717
715
742
742
741
759
756
768
768
770
769
893
882
882
898
879
879
880
787
784
789
789
725
725
723
723
723
740
739
741
727
779
779
767
768
768
769
882
882
881
878
878
878
878
879
784
785
785
790
790
790
725
725
725
724
740
740
778
763
763
767
881
881
884
884
877
877
877
784
785
785
790
767
100
416
395
416
394
395
392
392
392
464
460
459
466
100
100
101
101
101
101
42
41
42
37
39
39
38
394
394
393
392
464
463
464
466
458
458
458
99
102
102
42
45
37
34
38
420
420
421
393
412
414
393
393
463
458
458
100
102
102
111
43
43
34
34
34
35
418
420
421
421
406
412
463
412
484
484
485
485
486
485
110
112
110
111
111
111
0
43
0
63
63
34
35
420
423
422
407
479
484
486
486
486
109
110
109
112
0
15
1
8
8
7
7
7
7
425
437
435
407
477
482
479
484
482
109
70
69
109
65
82
80
3
8
19
19
19
429
429
434
435
435
435
477
513
512
69
69
70
66
65
79
79
79
15
11
31
17
17
428
428
429
434
434
477
510
512
514
512
511
70
69
66
66
65
79
74
29
29
31
17
26
658
684
508
476
507
511
515
516
515
516
90
76
74
74
73
30
30
26
658
661
685
507
508
507
508
705
515
852
515
852
516
516
870
869
869
74
876
73
844
842
842
831
831
27
658
660
703
507
705
846
852
870
869
872
876
844
842
843
843
832
650
660
660
654
691
691
711
711
710
713
705
705
713
704
849
852
867
876
876
875
841
841
834
835
832
650
650
654
691
711
691
710
706
849
849
850
873
873
873
876
874
840
841
834
834
835
650
653
654
692
706
757
707
850
850
897
840
809
798
805
801
803
652
652
718
653
653
696
697
762
762
759
757
758
755
906
906
906
894
897
897
897
898
808
808
805
799
803
718
718
715
715
761
762
759
759
755
755
906
893
893
898
898
880
811
811
810
802
802
717
718
716
715
716
779
756
755
768
893
889
893
889
888
878
888
880
880
787
787
810
787
789
802
724
726
723
727
727
727
779
776
889
884
888
877
883
878
784
786
789
790
791
788
726
726
724
724
728
728
779
778
778
776
776
890
884
883
883
877
784
785
786
785
791
791
790
728
390
103
416
415
390
390
391
460
460
459
457
457
100
99
99
104
103
41
41
45
36
36
36
416
416
417
414
413
393
410
460
462
460
460
457
97
104
104
104
43
42
45
32
37
38
420
421
421
412
413
412
462
462
462
456
462
456
104
102
106
43
43
42
32
35
421
406
407
479
484
480
480
485
110
112
105
1
32
1
32
35
418
423
406
406
407
407
479
479
482
486
110
110
105
112
0
7
423
437
437
437
407
436
477
481
72
72
72
80
3
3
6
18
19
18
424
433
437
437
436
478
477
478
477
482
512
69
80
80
3
31
16
16
16
429
429
434
476
473
512
516
519
72
67
66
67
65
80
76
77
31
31
20
20
17
17
16
429
689
684
476
476
512
517
519
519
519
66
68
66
74
74
73
30
20
20
689
689
684
476
507
517
846
869
869
73
73
30
831
29
831
687
687
685
713
685
712
846
846
867
868
867
869
867
875
844
843
844
831
831
832
832
686
687
690
691
711
713
713
707
846
866
865
875
875
844
843
841
835
835
650
690
690
691
690
710
706
707
707
847
850
865
873
864
875
838
841
841
834
834
834
835
695
695
692
711
706
706
706
707
906
905
901
901
904
840
798
798
801
721
695
696
696
692
761
762
762
760
907
906
907
905
905
905
902
902
902
904
811
799
799
798
803
800
803
722
721
716
715
762
762
760
760
891
905
889
897
887
902
811
799
800
802
802
717
717
722
719
716
777
761
779
759
760
891
888
889
888
887
880
781
794
794
789
802
726
724
716
730
727
779
779
776
890
890
890
890
883
781
787
787
791
788
788
726
726
724
728
728
778
778
776
776
775
775
775
890
885
782
782
782
786
791
791
788
883
391
417
415
98
99
99
98
103
103
44
41
41
45
45
36
36
417
414
390
391
410
461
456
457
98
97
40
41
45
46
33
33
417
414
413
413
413
410
461
456
455
97
106
40
44
46
33
419
419
418
419
409
412
462
480
455
456
105
106
0
32
33
418
418
406
406
408
479
480
481
456
107
105
3
105
1
2
6
6
433
433
437
408
474
474
481
481
481
72
3
2
2
18
18
432
432
430
436
436
474
478
474
473
473
481
72
65
78
77
31
23
16
432
431
475
478
473
519
67
68
78
80
75
20
432
431
475
476
517
517
519
67
76
76
75
30
20
21
689
689
684
685
682
712
845
517
68
68
861
68
76
836
73
830
21
686
687
684
685
713
712
712
845
868
867
862
862
862
836
830
830
828
686
686
714
712
846
868
868
867
864
837
838
836
829
828
694
686
695
690
693
693
692
710
693
848
848
866
865
866
864
838
839
829
829
694
695
696
692
709
709
707
907
866
908
901
901
864
904
839
838
801
801
801
696
696
697
709
907
908
908
901
901
903
796
796
796
799
800
803
722
721
761
760
760
891
909
908
902
887
796
796
793
803
722
719
716
730
762
774
774
773
891
892
888
887
781
781
794
793
793
793
729
777
771
777
773
891
885
886
886
886
783
781
794
794
795
795
729
729
730
730
775
892
885
885
883
782
783
786
795
795
788
777
414
390
391
459
47
47
417
457
40
44
413
411
411
461
40
480
455
107
106
46
33
419
436
480
107
106
1
6
408
107
105
22
18
433
431
474
473
72
77
77
2
21
431
475
475
472
473
518
71
67
77
23
23
689
431
682
475
518
76
684
682
518
75
828
21
688
683
714
845
868
862
862
862
687
693
714
714
714
847
848
868
837
837
694
863
863
864
864
838
839
839
828
697
847
907
865
839
829
695
708
708
908
903
904
800
722
697
774
908
902
904
797
800
722
719
772
773
892
886
887
780
793
793
719
771
774
886
783
781
730
773
783
795
417
104
44
47
97
409
411
411
1
71
78
2
433
430
471
474
21
472
21
830
685
830
693
688
847
861
837
848
837
697
801
797
721
909
780
797
783
792
771
775
103
47
98
44
419
410
33
97
6
471
408
471
2
430
78
75
23
682
845
868
829
693
709
839
839
721
909
903
708
909
792
774
892
887
772
773
892
780
786
795
415
44
461
106
40
46
419
107
471
6
430
77
22
432
472
519
471
68
518
845
866
863
866
909
719
903
771
780
792
730
886
782
391
461
455
98
47
410
455
408
22
433
474
71
23
75
688
688
518
861
836
828
688
714
848
694
709
708
694
697
708
797
772
720
729
774
885
783
415
461
983
983
47
411
411
108
1022
409
108
108
22
472
430
472
683
22
683
861
683
683
861
836
847
837
863
863
119
909
797
797
903
720
720
772
780
792
772
771
205
332
983
108
37
37
1022
1022
409
108
409
580
720
580
332
71
655
1016
205
402
729
742
315
528
720
528
415
534
332
