3360
972
672
678
762
763
996
995
973
1055
765
770
986
1143
1142
1142
1075
1075
1075
631
657
661
976
975
1131
1132
543
779
759
760
758
966
967
1193
548
509
751
753
966
965
969
1199
1199
1192
540
486
752
752
966
871
1198
500
487
493
490
889
887
891
874
871
1205
1206
1185
1183
522
500
523
493
497
891
873
1171
1182
575
576
521
524
524
496
861
862
1175
1178
1162
1159
573
576
2039
1966
1962
860
3040
2045
2044
2039
1967
1963
1963
3039
3118
2046
2031
2069
1965
3112
2023
2033
2033
2029
1908
1914
1913
3002
3004
3004
3170
1839
2022
1795
1908
3289
3288
3023
3004
3164
3165
3165
3171
1842
1839
1793
1892
1898
1910
3288
3350
3349
3152
3167
3168
1841
1840
1803
3286
3151
1809
1826
1812
1933
1934
3330
3325
3325
3155
3196
3197
3197
1845
1844
1825
1823
1937
3270
3197
1832
1828
1823
1818
1819
1937
1937
1936
3270
3328
3322
3322
3191
3190
641
642
642
638
639
672
679
681
680
680
763
762
773
772
994
995
996
983
973
979
1145
1145
1146
1054
1055
1054
1073
637
637
658
679
660
778
678
771
772
994
986
985
981
976
979
972
1143
1055
1071
1052
1073
632
632
631
658
657
779
778
771
769
770
769
988
947
986
986
989
968
975
1133
1136
1133
1074
1075
1075
548
550
543
543
776
779
779
760
757
947
946
966
970
968
1130
1132
1199
1189
1193
550
549
546
540
543
542
510
750
750
757
756
947
756
950
967
1195
1199
1188
1189
1192
545
546
508
509
508
487
489
751
753
887
949
878
950
877
870
970
1196
1204
1188
1186
1191
1186
1183
566
545
569
505
527
508
486
495
490
886
887
878
876
871
871
1173
1203
1172
1206
1186
1185
1183
566
569
569
513
499
500
497
494
494
891
889
891
873
1172
1173
1171
1167
1163
1167
1160
574
572
572
522
517
515
519
520
493
496
495
882
883
882
863
860
862
1176
1179
1180
1180
1162
1157
1156
1160
574
573
517
523
2072
492
1967
1966
1967
1963
3039
861
1176
1176
1175
1179
1178
3102
1156
1159
3101
2045
2007
2042
2038
2036
2039
2070
2067
2072
2071
1965
1944
1967
1962
3040
3032
3040
3042
3042
3005
3010
3006
3007
3009
3102
3119
3118
2006
2046
2044
2046
2036
2068
2070
1944
1915
1912
1912
3035
3037
3036
3020
3022
3005
3010
3007
3111
3121
3122
3120
2005
2046
2022
2032
2031
2029
2028
1915
1913
3035
3019
3023
3022
3002
3111
3112
3115
3115
3120
3170
2023
1797
2033
2029
1905
1908
1892
1914
1910
1911
3289
3020
3023
3002
3004
3152
3164
3166
3165
1838
1839
1839
1796
1795
1793
1792
1793
1801
1891
1901
1899
3290
3291
3349
3351
3161
3166
1841
1842
1840
1795
1793
1802
1813
1898
1900
1900
1899
3283
3283
3283
3350
3352
3352
3324
3151
3155
3196
3168
3201
1849
1844
1849
1810
1809
1802
1813
1897
1896
1897
1934
1925
1934
3285
3285
3286
3332
3332
3154
3199
3201
1845
1832
1825
1826
1826
1829
1812
1940
1939
1933
1934
3274
3286
3328
3330
3325
3325
3321
3188
3200
3193
1853
1854
1831
1829
1835
1822
1823
1823
1819
1937
1941
1931
3269
3270
3327
3322
3190
3191
3194
3194
3194
3194
1832
681
1147
640
640
673
674
681
677
766
766
773
1020
994
1022
991
983
983
978
1147
1145
1052
1051
1052
1058
641
634
633
638
658
660
665
775
677
763
784
765
784
769
769
992
991
989
981
979
1154
1150
1052
1071
1060
1066
635
633
667
668
661
775
786
786
745
953
992
952
953
955
989
989
976
962
1131
1129
1071
1066
1064
550
635
534
653
535
668
776
759
758
952
947
955
960
1130
1140
1135
1139
1135
1068
1067
549
550
540
542
527
527
469
471
776
750
756
756
949
950
928
969
1196
1130
1196
1195
1190
1193
546
540
506
469
470
510
489
490
755
878
877
867
1203
1204
1186
1191
565
553
505
503
497
480
887
878
868
868
868
1170
1169
1205
1202
566
566
569
561
513
512
506
513
503
500
502
881
881
889
874
842
865
1170
1169
1165
1164
1167
1167
1160
1250
571
575
568
516
513
520
501
519
497
482
483
880
881
884
884
864
858
864
841
1180
1165
1163
1250
611
2039
517
2065
2072
484
1957
1960
858
863
3044
865
1180
3102
1157
3107
2000
2000
2041
2036
2062
2068
2072
1943
1956
1960
3033
3044
3043
3044
3013
3014
3015
3015
3102
3099
3122
2007
2007
1997
2042
2036
2067
2069
1944
1944
1954
3036
3026
3026
3006
3012
3009
3098
3114
3121
3118
2006
2005
2003
2026
2026
2041
2033
2025
2078
2075
1904
1953
3035
3037
3028
3029
2997
3000
3000
3115
3119
3115
2002
1873
1796
2029
1905
1904
1911
1911
3019
3027
3291
3030
2999
3000
3173
3171
1873
1789
1787
2074
1892
1895
1895
1894
1902
3292
3293
3348
3348
3162
3160
3162
3171
1875
1847
1871
1848
1797
1800
1801
1800
1803
1892
1902
1901
1928
3293
1927
3292
3290
3357
3351
3155
3158
3167
3175
1847
1849
1849
1805
1810
1808
1799
1813
1800
1931
1926
1926
3283
3282
3332
3330
3155
3186
3200
3199
3201
1851
1852
1829
1818
1816
1941
1931
3279
3275
3276
3332
3276
3318
3309
3188
3186
3193
1855
1853
1855
1854
1832
1836
1836
1836
1828
1820
1821
1821
1816
1940
1941
1931
3270
3280
3328
3278
3319
3328
3311
3319
3322
3309
3188
3180
3178
3315
3311
3188
674
671
1146
639
648
644
645
673
676
677
671
797
766
797
831
1021
1022
1018
1018
983
979
1154
1150
1062
1062
1062
1060
1060
1058
1057
650
655
677
666
799
782
782
768
1022
1020
1014
1017
1012
981
1152
1150
1062
1065
634
651
654
653
667
664
666
784
785
786
747
953
988
955
959
963
1152
1150
1138
1138
1136
1065
1065
1067
651
653
535
663
530
663
788
781
786
745
746
956
957
958
958
959
963
1129
1138
1139
1064
1068
537
534
530
469
470
743
742
738
957
960
929
1123
1123
1140
1112
1111
1101
537
536
532
463
471
467
438
742
933
933
927
927
928
926
867
925
1201
1201
1202
1238
1238
553
553
561
562
563
563
464
460
443
442
480
479
936
876
930
844
1202
1240
1244
1237
559
559
558
561
503
442
445
480
482
881
480
937
855
845
845
842
1217
1248
1248
1247
1251
1238
572
572
559
516
515
440
503
484
474
483
482
910
883
854
841
1170
1223
1248
1252
1250
610
613
611
517
611
2060
2064
2064
1956
1959
1959
855
857
858
858
3013
3016
1225
3140
3106
3108
3106
2000
2000
2042
2061
2061
2055
2055
1952
1960
1960
2991
3043
3044
3013
3017
3014
3139
3138
3105
3099
3105
1997
1996
2026
2035
2083
2054
1954
1952
3033
2991
3032
2989
3026
3012
2996
3017
3148
3147
3099
3116
3104
2003
2002
2078
2083
2085
2085
1947
1949
2986
1954
2990
2987
3025
3026
3030
2994
2994
3149
3149
3126
3116
1867
2026
1864
1787
2074
2085
1945
1950
1953
3289
3028
3029
2993
3000
3149
3172
3173
1871
1870
1874
1873
1790
1786
1905
1975
1895
1993
1927
1989
3299
3299
3355
3355
3347
3159
3160
3174
3174
1871
1871
1874
1789
1790
1806
1787
1800
1697
1698
1895
1923
1928
3296
3299
3359
3161
3337
3157
1852
1806
1805
1808
1808
1776
1714
1924
1925
1924
3296
3295
3358
3357
3357
3308
3186
3201
1859
1851
1862
1834
1834
1715
1816
1713
1939
1921
3280
3280
3275
3317
3317
3319
3309
3338
3184
3178
1860
1860
1861
1834
1835
1716
1717
1718
1941
1918
3279
3278
3280
3315
3315
3318
3309
3312
3312
3312
3181
3181
3180
3178
1820
3181
648
645
647
644
687
671
684
799
799
830
832
1018
1022
1021
1018
1005
1027
1028
1033
1154
1154
1084
1081
1080
1058
648
648
665
711
694
712
797
829
832
831
826
827
1015
1015
1011
1024
1028
1028
1028
1152
1084
1091
1058
651
654
655
713
791
792
790
807
746
828
1012
1014
1025
1044
1045
1025
1125
1125
1149
1110
1094
1090
1091
602
602
650
664
789
789
745
747
1011
1045
1049
1048
1127
1126
1109
1093
1100
537
533
529
533
530
455
447
788
743
808
739
740
737
956
1044
962
1038
1037
1126
1037
1127
1114
1111
1112
1100
1101
556
556
537
555
532
464
463
467
467
438
738
740
932
944
944
930
925
923
1123
1219
1123
1243
1242
1235
1235
553
556
562
464
461
461
443
445
438
933
937
935
942
920
926
920
845
1217
1242
1219
1245
1238
552
559
430
441
441
444
435
935
844
848
1215
1245
1244
1252
613
615
607
430
431
421
440
445
473
477
909
909
855
850
852
848
1224
1224
1248
1251
1255
610
614
607
430
2094
2065
422
477
476
477
906
854
851
850
850
2950
2950
1225
3139
1223
1221
1255
3109
1999
2010
2010
2095
2062
2060
2055
2059
2055
1957
2978
2991
2941
2942
2942
2951
2952
3016
3137
3142
3107
3105
1997
2017
2016
2077
2078
2080
2085
2057
1952
2056
2986
2991
2941
2997
3141
3141
3145
3144
3105
3125
3131
1997
2016
2019
2016
2077
2092
2078
2081
2083
2081
1950
1954
2990
2980
2981
2996
2997
3147
3124
3127
3128
3134
3128
1868
1865
1868
1790
2075
2081
1947
1976
1949
1990
1990
1985
2987
2984
2981
2994
2994
3148
3149
3225
3127
3126
3135
1867
1865
1787
1992
1990
1987
3298
3299
3354
3304
3345
3355
3225
3225
3222
3212
3175
3213
1880
1875
1889
1889
1775
1774
1703
1992
1994
1994
1989
1985
3301
3296
3304
3355
3358
3343
3359
3223
3157
3212
3243
1885
1885
1885
1888
1777
1777
1698
1713
1921
1923
3296
3305
3306
3338
3359
3337
3158
3246
3247
3184
3243
1857
1861
1734
1776
1773
1716
1718
1717
1920
1921
1917
3259
3260
3258
3338
3338
3232
3184
3232
3177
1858
1859
1862
1737
1737
1736
1715
1711
1708
1711
1707
1918
3257
3257
3314
3315
3312
3233
3181
3178
1737
687
1081
690
690
692
693
684
683
799
821
821
820
821
830
839
837
838
1015
1008
1009
1035
1035
1087
1085
1083
1088
1080
1078
1081
725
689
690
686
684
795
795
794
821
1002
1009
1004
1024
1031
1035
1031
1086
1084
1084
1093
1091
727
725
723
711
712
790
795
792
807
802
828
827
1012
1047
1049
1117
1117
1125
1116
1094
1090
725
598
709
598
710
530
710
713
791
805
808
810
812
812
811
1001
999
1047
1028
1049
1120
1107
1110
1098
600
602
602
597
456
456
451
737
736
998
1045
1040
1038
1119
1113
1103
1113
1099
1098
589
458
457
447
450
451
739
182
737
940
944
940
929
922
1041
1122
1210
1114
1102
1243
556
587
588
448
434
438
437
933
935
936
944
919
918
1214
1219
1214
1219
1240
1241
1234
1235
585
608
464
432
460
432
441
434
435
473
942
902
910
910
920
1215
1217
1228
1228
1257
1258
1257
1259
613
614
607
605
431
445
477
907
913
851
848
847
848
1222
1222
1221
1259
1255
615
2009
603
428
2048
422
2049
474
907
916
913
2943
852
2952
2951
3079
1255
3066
2013
2010
2010
2095
2097
2049
2058
2056
2059
915
2976
2944
2942
2948
2950
3142
3081
3140
3138
3078
3109
3108
2018
2020
2011
2020
2092
2094
2091
2088
2097
2049
2052
2057
1972
2978
2978
2989
2945
2958
2947
3137
3131
3130
2018
2017
2019
2088
2090
2099
1973
1969
2987
2983
2980
2957
2956
3144
3145
3125
3132
3133
3135
3133
1868
2087
2092
2080
1976
1979
1975
1986
1969
2984
2984
2983
2956
3227
3124
3134
3132
1877
1879
1887
1864
1759
1702
1702
1704
1994
1976
1986
1987
1985
3343
3345
3227
3226
3209
3214
3214
1879
1882
1888
1889
1887
1784
1766
1765
1705
1705
1704
1697
1993
1994
3302
3304
3306
3345
3343
3223
3223
3212
3213
1881
1881
1885
1889
1782
1775
1695
1698
1694
1688
1921
3302
3267
3334
3305
3341
3230
3247
3247
3247
1858
1857
1750
1747
1772
1731
1710
1729
1714
1707
1711
1685
1917
3260
3334
3240
3238
3233
3250
3243
1858
1749
1750
1753
1749
1750
1737
1734
1772
1727
1731
1727
1711
1708
1685
3256
3267
3259
3257
3258
3335
3237
3236
3233
3254
3253
3254
3335
690
696
692
693
687
705
687
684
815
823
823
823
837
838
1008
1005
1034
1035
1086
1087
1523
1088
1077
1078
1077
1078
1660
726
726
692
694
720
795
814
802
818
818
825
837
839
1007
1030
1033
1539
1524
1524
1092
1663
1655
727
722
710
734
719
805
718
810
817
162
1000
1001
1002
1004
1031
1031
1117
1524
1085
1092
1097
1654
600
732
709
718
716
718
805
810
812
162
161
999
999
1048
1049
1120
1040
1117
1106
1106
1109
1097
1654
600
598
595
592
455
454
454
804
808
200
202
812
737
162
182
999
1042
1042
1040
1119
1107
1104
1678
1677
1096
578
598
589
591
457
453
450
183
465
177
181
940
939
940
1388
1041
922
1211
1104
1103
1102
1099
1675
585
589
589
458
448
451
425
188
187
182
902
942
920
923
1212
1212
1210
1241
1635
1235
585
621
588
627
625
448
424
128
180
180
894
904
900
899
900
1209
1227
1231
1228
1257
1639
622
604
604
428
427
424
130
127
129
129
894
907
897
912
899
1208
1209
1232
1230
1232
622
2012
605
603
428
2151
421
2147
126
126
123
906
917
917
917
896
913
913
2948
3079
1230
3068
1258
2012
2230
2235
2236
2088
2141
2048
122
2058
2974
2978
916
2976
2943
3081
3068
3070
2011
2013
2242
2240
2236
2092
2140
2140
2052
2109
2976
2974
2973
2945
2944
2947
3082
3083
3076
3073
3083
3047
3131
3066
3131
2241
2087
2092
2097
2098
1971
1973
2974
2971
2971
2957
2958
3082
3050
3052
3053
1878
2239
1760
1762
1763
2090
2098
1978
1980
1972
1970
1970
2968
2984
2954
3049
3209
3053
1878
1877
1762
1763
1699
1978
1983
2967
2967
2955
3340
3345
3220
3227
3205
3203
1882
1880
1784
1760
1770
1782
1769
1703
1700
1701
1694
1691
1982
1982
2845
3303
3340
3341
3219
3227
3222
3215
3209
3245
1757
1755
1754
1784
1784
1782
1766
1773
1701
1695
1689
1690
1688
2844
3301
2843
3240
3216
3219
3230
3245
3246
3210
1756
1756
1747
1746
1773
1729
1684
1724
1690
1688
3266
2843
2842
2869
2868
3240
3240
3236
3230
3252
3250
3253
1753
1753
1734
1734
1742
1733
1727
1731
1731
1724
1724
1685
3267
3267
3257
2869
3335
3238
3236
3233
3254
3254
1727
705
835
697
699
706
703
702
702
815
818
825
825
834
1007
1007
1399
1398
1543
1542
1546
1534
1531
1663
1661
1661
696
698
700
707
700
707
719
815
814
818
834
333
1399
1399
1538
1540
1540
1527
1530
1532
1665
1665
1665
722
723
730
734
720
384
802
207
332
162
1401
1402
1380
1403
1539
1537
1537
1527
1526
1657
1655
1658
730
716
732
715
716
716
805
202
197
159
1386
1380
1379
1536
1527
1679
579
595
734
454
152
152
201
202
199
167
167
1386
1386
1388
1383
1360
1120
1679
1678
1677
1675
579
579
582
595
592
454
156
202
185
184
187
183
178
182
1390
1362
1364
1361
1359
1211
1648
1632
1674
587
578
591
625
155
156
184
188
177
1335
1333
1364
1208
1628
1228
1634
620
581
628
627
625
139
136
125
128
120
894
902
904
1334
1343
1209
1231
1636
1637
1637
1634
1638
618
622
621
629
428
425
126
130
119
895
904
900
1343
1342
1230
1636
1639
1638
622
2230
620
625
2225
2148
2149
113
2147
126
122
123
118
896
915
904
2963
1343
3089
3096
3078
3062
3063
3067
3069
2229
2228
2228
2230
2226
2228
2150
2150
2146
2143
2144
2110
2110
2774
915
2974
2963
3089
2964
3073
3081
3061
3094
3061
3069
3068
2243
2220
2235
2151
2144
2143
2109
2970
2965
2963
3076
2961
3072
3047
2243
2242
2239
2241
2236
2131
2141
2144
2111
2108
2112
2968
2971
2741
2960
2960
3076
3074
3075
3049
3073
3048
3056
3055
2252
2252
2251
2238
2239
1763
2099
2128
2127
1970
2764
2971
2737
2955
2954
2569
3050
3054
3053
3052
2252
2254
1759
1763
1770
2380
1770
2380
1980
2353
2353
1979
1977
2846
2840
2840
2561
2564
3207
3206
3204
3204
2256
1780
1768
1768
1770
1769
2370
1700
1699
1692
1692
1691
1983
2844
2847
2839
2839
2564
2562
3220
3205
3204
2449
1780
1779
1765
1729
1689
1687
1688
2843
2845
2836
2837
3217
3217
3216
3215
3250
2443
2449
1754
1755
1747
1723
2330
1682
1681
2843
2868
2870
2530
2528
3235
3250
2597
1757
1752
1747
1743
1741
1740
1739
1726
1720
1724
1685
1681
2883
2885
2886
2884
2869
2873
2871
2529
3236
2538
3252
2596
1753
1724
3252
329
1396
697
697
706
705
379
378
336
825
378
835
835
330
331
1396
1393
1392
1545
1545
1547
1533
1664
1532
1531
1660
729
698
699
374
703
383
340
340
332
330
331
333
1416
1403
1401
1399
1543
1538
1523
1529
1665
730
730
369
382
385
207
159
158
159
1406
1415
1416
1401
1402
1537
1542
1537
1570
1527
1530
1658
1658
212
214
734
390
382
385
198
207
208
164
165
165
1380
1385
1386
1380
1383
1570
1572
1574
1574
1632
1670
1657
595
732
231
231
228
151
152
198
200
198
197
168
169
1388
1390
1383
1649
1648
1677
1675
1667
580
581
231
154
156
155
185
195
193
178
174
167
1389
1332
1389
1360
1364
1359
1353
1650
1648
1647
1675
580
582
230
139
141
156
140
148
191
193
175
1334
1335
1362
1356
1364
1352
1352
1644
1629
1635
1668
618
618
629
627
139
139
136
115
115
173
1336
1337
1332
1357
1340
1628
1626
618
628
293
133
136
135
112
107
897
1322
1320
1324
1343
1317
1342
1339
1625
1624
2217
617
2226
2149
132
112
113
111
118
119
120
107
895
1319
1313
3089
3086
3096
3094
3063
3094
3070
2230
2226
2225
2148
2146
2103
2104
2102
2774
2771
2965
3088
3086
3092
3092
3062
3060
2223
2220
2233
2137
2144
2135
2105
2111
2102
2774
2773
2774
2770
2742
2964
3089
3076
3073
3091
3047
3059
3057
3066
2223
2240
2246
2233
2232
2130
2134
2127
2108
2111
2763
2763
2742
2738
2961
2570
3048
3057
3056
2252
2239
2131
2379
2376
2128
2108
2356
2357
2764
2740
2569
2569
2571
2548
2669
3206
2668
3055
2669
2255
2254
2255
2256
2254
2465
2386
2387
2377
2354
2357
2357
2847
2765
2850
2850
2561
2563
2564
2547
2548
2551
2547
2545
2541
2448
2449
2466
2466
2380
2374
2372
2361
2846
2853
2850
2850
2551
2550
3207
2534
3203
2449
2451
2462
1780
2476
2371
2370
2369
2370
2354
2345
2360
2853
2852
2837
2836
2564
2551
2528
2538
2538
2535
2443
2442
2443
1744
1744
1740
2477
1721
2479
2370
2347
2348
2346
2886
2884
2882
2872
2882
2871
2522
2527
2528
2597
2595
2443
2446
1742
1743
1739
1740
1721
2484
1721
1720
2330
1682
2331
2351
2350
2350
2885
2883
2872
2870
2873
2529
2530
2531
2532
2532
2597
2593
2596
2595
2597
1395
1533
254
254
371
377
375
379
339
336
325
325
325
329
1396
1392
1393
1557
1558
1560
1546
1553
1534
1529
1491
1493
1491
370
368
375
375
383
338
340
330
1405
323
1414
1414
1416
1412
1545
1547
1558
1559
1573
1490
1665
1483
215
224
369
374
388
382
384
340
159
1406
1405
1415
1409
1416
1411
1411
1382
1555
1559
1574
1658
1485
215
231
215
225
390
391
390
392
387
209
165
1406
1372
1383
1570
1574
1572
1570
1565
1672
1672
212
211
212
233
235
235
228
392
209
208
194
169
164
1373
1373
1367
1370
1367
1429
1649
1648
1672
1670
212
217
234
233
235
140
152
154
144
195
195
190
172
168
172
175
1354
1355
1355
1650
1645
1642
1668
1641
1668
302
301
142
146
143
149
195
117
191
171
173
174
1337
1336
1330
1328
1357
1356
1353
1645
1629
1622
1622
306
305
290
290
136
135
148
110
109
108
1324
1333
1317
1329
1339
1345
1350
1349
1350
1625
1626
1621
1619
307
293
132
111
117
110
109
107
1321
1321
1322
1314
1316
1346
1347
1340
1348
1348
1623
1624
1618
1619
2217
2215
2207
292
133
17
108
2777
1319
1320
1313
3096
3096
3060
2662
3060
2213
2217
2213
2217
2206
2206
2136
2136
2120
2105
2104
2103
2101
2776
2770
2755
2753
3088
3085
3086
3092
3092
2663
2653
3060
2213
2222
2220
2212
2220
2233
2138
2135
2125
2124
2102
2102
2773
2771
2754
2755
2745
3086
2701
2661
2655
2656
2653
2223
2223
2245
2233
2138
2137
2125
2125
2115
2761
2767
2740
2742
2742
2738
2745
2697
2698
2666
2654
2654
2668
2652
2249
2248
2249
2249
2245
2134
2134
2134
2377
2401
2356
2766
2768
2760
2768
2767
2735
2741
2732
2567
2571
2666
2669
2248
2246
2464
2387
2465
2385
2386
2380
2376
2360
2401
2766
2765
2737
2858
2855
2567
2570
2566
2551
2548
2545
2543
2541
2540
2450
2462
2466
2478
2383
2383
2373
2373
2354
2359
2358
2361
2853
2858
2859
2560
2557
2545
2541
2535
2534
2453
2452
2451
2462
2466
2477
2478
2371
2372
2374
2343
2344
2344
2346
2340
2853
2849
2863
2556
2528
2537
2543
2592
2452
2453
2458
2456
2475
2476
2475
2485
2335
2335
2347
2345
2882
2879
2879
2866
2522
2522
2538
2589
2592
2586
2446
2445
2446
2456
2474
2475
2485
2484
2334
2334
2331
2331
2351
2878
2875
2865
2522
2864
2521
2524
2531
2593
2593
254
372
372
371
376
376
335
327
322
321
1396
1455
1467
1557
1549
1553
1552
1490
1491
254
251
225
370
377
364
335
339
327
327
322
316
1409
1412
1465
1555
1560
1553
1564
1493
1495
254
224
368
388
388
364
338
362
317
317
1408
1409
1412
1418
1421
1556
1567
1566
1484
1485
214
228
205
88
89
1372
1409
1375
1368
1427
1427
1569
1563
1566
1670
1591
1672
1484
220
221
217
227
233
391
387
205
205
86
1376
1375
1369
1368
1429
1652
1429
1651
1563
1642
1641
218
218
235
228
145
145
205
194
86
100
104
101
1369
1326
1370
1428
1651
1589
1667
303
303
311
289
141
146
144
149
46
190
172
172
100
102
1327
1327
1326
1329
1330
1354
1349
1642
1605
1622
307
302
310
301
143
142
21
117
117
70
1328
1317
1350
1291
1644
1347
1606
1614
1603
1622
306
305
293
289
20
25
25
25
18
76
77
1317
1314
1346
1602
1602
1616
1615
2215
2215
2210
2209
2210
2169
18
18
18
77
2777
1324
2755
1345
2695
2693
2658
1615
2663
1618
2210
2210
2207
2307
2170
2121
2118
2118
2779
2776
2751
2755
2753
2694
2694
2662
2658
2213
2305
2308
2309
2176
2177
2123
2125
2114
2114
2781
2779
2754
2748
2745
2702
2699
2661
2661
2656
2653
2222
2305
2302
2173
2173
2122
2124
2760
2761
2758
2757
2734
2748
2745
2697
2702
2701
2665
2655
2653
2277
2272
2271
2133
2402
2756
2757
2735
2732
2733
2732
2674
2666
2676
2671
2280
2272
2385
2469
2385
2382
2403
2362
2410
2856
2856
2855
2560
2567
2567
2558
2558
2545
2673
2675
2459
2461
2462
2464
2469
2383
2367
2363
2338
2359
2860
2860
2860
2556
2558
2543
2541
2613
2612
2459
2459
2458
2468
2472
2469
2366
2366
2343
2338
2337
2341
2897
2339
2892
2860
2863
2859
2862
2557
2533
2590
2623
2455
2424
2456
2456
2472
2471
2475
2479
2482
2488
2333
2335
2348
2328
2341
2339
2891
2876
2865
2915
2863
2918
2863
2525
2525
2575
2590
2590
2587
2446
2425
2425
2420
2483
2483
2488
2335
2328
2325
2879
2879
2324
2876
2875
2866
2864
2915
2525
2589
2587
2324
1454
261
415
251
415
414
419
417
359
356
355
349
323
1454
1453
1469
1469
1467
1469
1550
1550
1553
1474
1494
1494
1495
415
415
410
408
355
366
362
327
351
320
320
1453
1465
1467
1549
1506
1488
1487
1493
253
250
246
412
412
411
411
407
366
316
319
1445
1465
1420
1419
1422
1556
1565
1488
1487
1485
220
247
245
222
272
412
361
401
362
87
87
90
90
89
1371
1464
1442
1419
1422
1418
1425
1421
1556
1567
1563
1482
1480
222
220
222
273
34
36
88
86
85
103
1377
1377
1440
1425
1429
1563
1562
1590
1591
1481
1592
1593
312
272
274
274
33
47
38
86
95
1376
100
103
1375
1277
1278
1304
1304
1652
1590
1596
1600
312
311
310
285
285
287
21
47
67
104
102
101
1283
1281
1281
1304
1291
1301
1645
1606
1596
1596
313
309
310
21
21
23
23
46
47
67
70
1323
69
1282
1282
1284
1271
1296
1290
1603
1606
1605
1614
2209
2296
15
23
5
72
73
75
73
70
1324
1268
1272
1298
1297
1294
1609
1613
2292
2296
2170
25
15
15
18
2117
76
2118
77
2778
75
77
2777
2751
2812
1296
2688
1297
2692
2693
2692
2648
2650
1616
2287
2306
2177
15
2121
2118
2809
2750
2751
2751
2687
2689
2695
2691
2692
2650
2304
2305
2309
2306
2308
2174
2176
2175
2175
2188
2120
2122
2183
2123
2780
2779
2816
2687
2747
2687
2700
2700
2630
2659
2650
2258
2278
2305
2302
2172
2173
2181
2183
2115
2781
2780
2748
2734
2748
2698
2744
2708
2727
2666
2672
2659
2259
2278
2272
2173
2400
2403
2402
2412
2758
2735
2725
2726
2672
2673
2671
2675
2278
2282
2282
2277
2280
2275
2271
2517
2383
2407
2362
2411
2409
2414
2413
2413
2756
2786
2787
2797
2925
2725
2728
2674
2729
2615
2282
2280
2275
2508
2518
2509
2367
2405
2364
2364
2410
2784
2899
2856
2923
2925
2554
2553
2613
2616
2617
2430
2429
2508
2469
2472
2482
2333
2363
2338
2340
2898
2899
2889
2896
2918
2920
2924
2917
2577
2553
2613
2608
2613
2615
2416
2417
2417
2472
2490
2490
2482
2327
2338
2891
2892
2914
2890
2918
2524
2577
2580
2586
2579
2624
2427
2426
2419
2419
2490
2492
2491
2487
2488
2328
2328
2325
2325
2904
2905
2915
2573
2577
2574
2574
2579
2580
2587
2420
419
1462
260
260
417
419
359
358
349
353
348
1451
1455
1451
1453
1469
1460
1514
1513
1508
1475
1474
1470
251
251
261
243
408
407
365
356
366
353
352
320
1445
1468
1457
1468
1519
1521
1507
1506
1471
1472
248
248
244
412
410
401
366
345
362
346
351
320
1458
1465
1420
1521
1520
1521
1480
1480
246
270
267
36
37
346
80
80
1441
1439
1430
1520
1517
1517
1482
1477
245
221
269
272
400
266
34
37
38
79
80
1441
1440
1424
1425
1592
296
282
270
274
273
287
34
95
95
92
93
1303
1303
1301
1583
1599
1589
1600
314
296
283
282
287
8
33
8
49
49
67
93
1278
1304
1301
1301
1598
1600
1599
314
310
285
10
51
67
70
64
56
52
1285
1285
1280
1281
1272
1291
1291
1606
1608
1577
1595
1596
1576
313
2294
2291
12
7
5
72
64
70
64
1284
1265
1283
1270
1298
1294
1293
1613
1613
2295
2293
2293
10
4
5
2813
2813
2682
2685
1296
1294
2646
1613
2648
2292
2307
2165
2169
2166
2188
2199
2810
2812
2818
2818
2819
2816
2689
2685
2692
2685
2645
2645
2648
2650
2288
2300
2299
2162
2174
2190
2190
2180
2809
2826
2816
2816
2681
2688
2699
2629
2640
2640
2259
2262
2262
2162
2160
2163
2183
2183
2179
2179
2827
2787
2805
2807
2806
2707
2705
2726
2628
2625
2630
2632
2258
2261
2160
2164
2398
2400
2400
2400
2414
2783
2787
2807
2797
2708
2729
2628
2632
2264
2265
2274
2275
2160
2519
2517
2398
2407
2411
2412
2409
2783
2786
2794
2787
2797
2797
2921
2725
2728
2722
2676
2617
2637
2616
2429
2282
2508
2519
2518
2407
2407
2405
2894
2784
2898
2897
2925
2921
2554
2608
2603
2617
2617
2430
2417
2439
2437
2510
2511
2512
2510
2512
2318
2318
2899
2895
2923
2924
2925
2934
2609
2610
2623
2622
2424
2416
2507
2423
2504
2511
2498
2317
2312
2889
2908
2889
2890
2918
2576
2577
2582
2624
2622
2426
2427
2420
2491
2492
2495
2488
2314
2315
2315
2314
2311
2902
2901
2915
2928
2928
2573
2582
2582
2619
2903
358
259
419
1444
1451
1451
1450
1461
1462
1504
1512
1514
1507
1506
1470
1475
258
408
417
359
403
352
351
1445
1448
1458
1510
1513
1508
1503
1471
1472
238
237
395
393
401
405
345
82
344
1445
1432
1519
1521
1500
1478
239
241
247
243
263
401
404
36
83
83
1442
1431
1425
1481
1478
240
240
270
267
267
31
28
80
82
1438
1439
1307
1306
1517
1587
1587
1593
295
298
269
266
31
31
50
28
97
93
1307
1311
1307
1583
1598
296
300
277
283
287
43
43
49
51
50
96
96
1276
1277
1311
1309
1578
1600
300
277
8
8
2
57
56
1263
1262
1281
1288
1575
299
283
10
12
5
62
61
1264
1269
1269
1287
1608
1609
1577
2295
2294
2167
2167
2196
2200
2200
64
59
1264
2820
1265
1268
2684
1294
2646
1611
2287
2285
2291
2166
2190
2188
2200
2810
2813
2818
2682
2679
2682
2681
2685
2640
2641
2288
2284
2190
2180
2199
2823
2833
2819
2815
2715
2705
2711
2639
2640
2269
2288
2298
2299
2262
2156
2162
2164
2153
2823
2822
2827
2807
2830
2803
2708
2705
2629
2633
2269
2268
2262
2159
2163
2398
2396
2391
2790
2825
2805
2800
2807
2806
2727
2707
2635
2637
2635
2267
2275
2160
2517
2391
2794
2793
2790
2800
2800
2725
2935
2722
2721
2637
2637
2440
2438
2515
2390
2390
2322
2792
2794
2800
2920
2934
2718
2603
2602
2436
2439
2508
2505
2509
2498
2497
2318
2322
2895
2895
2912
2939
2608
2610
2603
2600
2624
2423
2498
2503
2494
2318
2322
2907
2908
2911
2905
2932
2932
2609
2606
2583
2605
2422
2423
2505
2504
2315
2312
2902
2901
2904
2931
2932
2584
2583
2620
2620
2495
237
398
359
349
1504
1497
258
349
1511
1503
244
395
404
342
1511
28
344
1437
1432
1500
1477
241
280
30
1438
1433
1307
1586
267
92
1438
1587
1586
296
277
31
40
57
1271
1275
1311
1576
280
12
12
1
40
57
54
1262
1310
1309
1579
2290
277
2197
1
59
1270
2291
2197
60
1267
2643
1611
2285
2186
2186
2204
2820
2679
2678
2679
2300
2154
2152
2185
2186
2204
2823
2833
2715
2715
2269
2803
2830
2803
2803
2708
2710
2711
2633
2156
2393
2393
2790
2720
2633
2265
2395
2392
2789
2802
2935
2722
2438
2514
2515
2794
2910
2935
2722
2603
2440
2436
2501
2390
2894
2911
2939
2718
2606
2600
2436
2498
2320
2912
2932
2606
2423
2320
2930
2605
259
1457
1510
1501
1448
264
393
405
1517
1276
1275
1311
300
280
41
41
1580
2
1611
2642
2165
2642
2154
2298
2202
2832
2714
2825
2715
2157
2635
2717
2267
2393
2939
2939
2930
2600
2495
2311
1461
1497
1460
1504
238
403
1478
1447
1587
28
264
27
1311
280
1262
1288
1287
2196
2203
2833
2643
2153
2152
2710
2716
2264
2393
2799
2515
2792
2599
2389
2910
2910
2501
2322
2908
2939
2584
2619
397
1512
342
1431
1511
1501
239
1437
97
1585
280
1275
1580
300
44
62
57
1263
60
2203
2830
2829
2826
2790
2437
2800
2503
2937
2600
2503
2903
2928
398
342
1448
1448
1501
403
83
263
1585
298
43
54
1578
1267
2285
2291
60
2679
2713
2641
2284
2186
2823
2268
2514
2396
2269
2157
2395
2717
2501
2432
2432
2320
2907
2930
397
343
3263
3263
1498
394
394
2192
3265
257
1435
1435
1581
41
279
44
2195
1579
2195
2832
2194
2194
2831
2713
2202
2714
2830
2834
1631
2825
2720
2627
2937
2433
2433
2500
2938
2627
2501
2494
1631
1630
3263
1434
1498
1498
3265
3265
257
1434
257
3271
1391
3271
2050
54
3182
2191
2193
1365
2201
593
2193
3273
2433
3273
423
2129
659
