1856
69
741
749
786
786
82
82
69
14
765
780
81
20
17
20
22
22
24
728
746
747
74
62
61
19
725
793
759
759
757
74
61
42
737
790
756
755
72
58
58
36
37
41
901
756
755
754
203
209
36
896
895
895
754
214
215
215
216
209
136
136
134
40
907
908
912
898
891
214
209
128
137
921
921
907
908
911
894
179
129
129
124
123
138
922
920
1723
1544
1549
180
970
1700
1722
1723
1550
1549
967
970
1074
1722
1719
1719
1550
1094
1693
1713
1711
1711
1543
1539
1538
979
1096
1095
1082
1694
1692
1713
1508
1043
1035
972
1096
1086
1086
1084
1084
1694
1695
1717
1510
1511
1043
1043
1032
1032
1117
1086
1105
1689
1689
1613
1041
1117
1631
1631
1614
1618
1005
1008
1116
1008
1118
1103
1103
1104
1649
1651
1629
1624
1621
1006
1102
1649
1630
1625
1611
1611
1620
1620
1616
1004
1010
1127
1128
1102
1111
744
745
745
743
743
741
748
753
749
753
787
787
780
779
782
79
79
69
68
71
68
67
65
16
15
14
21
744
743
741
748
747
789
749
780
782
81
81
86
86
70
71
68
18
16
23
16
21
742
736
736
728
746
788
788
758
764
758
757
85
78
86
85
85
63
64
19
19
23
23
23
24
737
738
726
725
794
793
793
760
758
78
73
74
62
63
61
19
37
37
41
738
737
726
727
725
726
792
793
756
760
760
72
760
72
61
36
38
37
39
42
924
925
790
790
896
795
755
756
754
211
211
211
205
205
205
206
60
135
39
39
41
41
40
925
924
926
900
901
901
895
891
892
213
216
210
208
207
209
127
135
126
136
137
134
139
924
926
903
908
896
897
897
892
892
214
214
216
216
127
127
128
131
134
132
137
923
923
921
907
906
912
912
912
898
894
894
174
175
180
179
180
184
129
123
123
125
132
132
140
137
923
922
906
911
1544
893
1548
1550
1548
1549
969
179
129
125
125
125
124
1099
132
138
1075
1700
1699
1721
1721
1723
1724
1720
1724
1545
1546
1544
1546
1547
1550
968
968
968
969
969
979
1099
978
984
1098
1099
1075
1074
1702
1701
1722
1718
1720
1719
1545
1543
1537
1537
1537
967
965
966
980
981
979
1095
979
1100
1076
1077
1077
1701
1702
1693
1718
1719
1518
1540
1543
1539
965
965
972
972
971
1094
1076
1095
1085
1077
1082
1693
1692
1712
1711
1508
1509
1509
1539
1538
1538
1043
973
973
971
1097
1097
1083
1086
1084
1694
1695
1694
1717
1716
1717
1712
1714
1613
1508
1511
1513
1034
1034
1034
1096
1097
1086
1689
1690
1690
1716
1717
1612
1614
1510
1512
1512
1042
1040
1042
1040
1032
1032
1116
1118
1117
1119
1106
1106
1107
1645
1645
1645
1632
1632
1631
1615
1614
1615
1619
1619
1042
1618
1041
1005
1000
1007
1007
1118
1106
1108
1651
1650
1630
1633
1632
1624
1611
1617
1617
1616
1005
1004
1003
1009
1008
1127
1116
1127
1130
1103
1104
1651
1650
1630
1630
1628
1626
1626
1626
1611
1620
1620
1006
1004
1004
1010
1127
1111
1104
1110
1110
1109
1111
1649
753
65
744
745
740
752
749
751
787
780
781
781
782
777
80
79
70
71
66
17
16
15
21
21
745
734
743
740
740
747
748
789
751
789
785
789
783
764
782
82
79
83
71
71
67
18
18
27
25
26
734
733
729
784
747
785
783
765
767
77
75
78
75
77
84
84
86
64
67
64
27
25
28
735
735
732
730
735
729
791
764
758
76
78
73
63
64
47
38
43
33
28
32
738
738
726
727
899
791
791
792
794
796
760
766
212
204
204
59
59
60
47
35
35
35
925
926
901
884
796
795
885
876
875
212
205
206
117
135
40
35
925
927
900
885
891
892
212
215
207
127
207
118
118
136
133
927
927
927
903
903
905
904
912
887
897
888
213
175
177
208
207
185
126
118
130
121
133
131
139
140
923
921
902
910
909
909
897
911
894
893
893
175
175
174
178
177
177
185
185
121
131
142
141
919
1724
909
1557
1546
878
1548
963
180
178
969
185
122
1101
141
1073
1699
1699
1722
1724
1725
1541
1546
1547
1548
961
962
968
982
982
982
985
984
1099
1075
1101
1078
1701
1699
1697
1697
1718
1734
1541
1542
1543
1563
960
958
981
980
981
984
1101
1078
1079
1074
1702
1698
1698
1696
1713
1732
1712
1732
1735
1739
1540
1543
964
965
975
977
976
1095
1092
1100
1076
1081
1693
1686
1717
1714
1518
1509
1513
1513
966
973
1035
974
971
1093
1085
1082
1691
1715
1714
1739
1509
1519
1519
1514
1514
1030
1031
1033
1093
1093
1086
1119
1084
1685
1647
1685
1690
1690
1715
1613
1612
1612
1514
1512
1511
1043
1038
1039
1029
1034
1033
1120
1120
1122
1105
1107
1648
1648
1645
1633
1632
1637
1637
1615
1615
1619
1619
995
1037
1029
1014
1008
1119
1121
1108
1108
1107
1648
1650
1637
1611
1621
1622
1617
994
1001
1001
1009
1002
1014
1125
1130
1130
1104
1652
1652
1652
1652
1650
1640
1628
1628
1630
1625
1626
1609
1610
1622
1623
994
1006
1001
1010
1000
1012
1009
1128
1012
1129
1130
1130
1111
1110
1010
1129
1129
739
752
65
744
700
739
702
739
753
753
751
807
769
806
769
775
778
778
113
80
71
97
18
4
5
4
6
6
6
26
700
701
751
706
807
806
768
773
777
781
774
778
114
84
66
3
4
26
733
734
729
709
730
784
784
785
800
764
773
75
84
102
83
101
67
90
45
44
27
0
27
26
734
731
732
730
731
791
785
798
796
767
766
75
76
106
105
59
91
91
45
43
32
32
735
731
861
860
796
796
763
762
221
73
230
59
47
49
49
32
30
832
832
830
899
885
886
876
876
212
220
204
231
231
229
155
155
117
48
33
169
168
831
916
927
830
899
904
904
884
886
886
876
876
220
208
229
228
133
116
172
139
917
917
916
903
889
890
888
876
879
176
879
176
177
228
186
118
116
116
142
141
143
139
917
918
918
902
909
890
887
888
883
878
879
176
176
186
187
121
121
142
144
144
913
913
918
906
919
1556
1557
1557
1565
1565
963
183
181
182
184
983
1051
120
1056
1063
1061
1063
1710
1710
1725
1727
1557
1564
1558
1565
963
963
962
957
983
982
984
1098
1057
1064
1064
1063
1073
1709
1698
1696
1733
1734
1564
1563
1562
961
963
959
958
981
983
976
985
1100
1101
1078
1079
1058
1697
1707
1733
1739
1542
1516
1542
1515
960
1563
959
964
958
959
975
977
1092
1090
1091
1079
1079
1687
1733
1684
1714
1735
1738
1517
1515
1515
1038
975
974
977
1092
1090
1081
1081
1685
1685
1683
1687
1682
1596
1519
1519
1514
1533
1039
1531
1030
1030
1029
1015
1087
1093
1105
1133
1131
1647
1686
1646
1691
1658
1636
1736
1597
1596
1602
1604
1604
1039
1036
1030
1017
1119
1122
1134
1646
1642
1634
1637
1637
1635
1597
1607
1039
993
1036
1037
1023
1014
1014
1123
1121
1108
1648
1641
1639
1636
1637
1595
1610
1605
1617
1608
994
995
1001
1013
1014
1014
1124
1124
1113
1112
1638
1639
1640
1641
1628
1598
1622
1600
1622
1623
994
999
999
1002
1012
1011
1126
1125
1126
1125
1115
1115
1112
1112
1627
1115
697
699
702
702
711
750
710
807
804
769
770
778
775
775
776
112
113
100
99
2
97
3
5
6
9
700
700
701
707
701
803
806
768
769
774
774
774
772
777
114
115
115
100
92
92
4
8
9
709
709
708
802
802
801
800
800
767
773
102
102
101
105
107
115
93
90
44
45
12
7
7
732
840
709
706
799
803
767
762
103
107
104
107
91
44
51
45
29
831
832
838
829
731
861
860
798
798
761
763
871
762
106
105
105
231
231
91
156
46
49
48
53
30
31
832
827
830
827
829
861
861
860
870
873
875
872
220
219
221
230
231
156
155
157
47
49
172
169
169
828
828
830
904
858
858
886
874
874
220
222
222
229
226
229
226
154
155
173
152
173
168
826
917
905
889
889
882
881
222
186
154
154
170
172
144
914
915
918
845
845
890
890
883
879
877
201
183
183
182
186
122
120
119
143
144
144
915
915
913
910
1726
1556
882
878
877
877
201
183
181
182
187
948
1051
120
1057
119
120
144
1062
1710
1710
1706
1727
1727
1555
1555
1559
1564
1565
937
935
962
945
983
948
1053
1053
1054
1056
1063
1061
1709
1710
1705
1725
1734
1737
1551
1553
1562
1559
935
959
957
1052
1057
1057
1054
1046
1058
1059
1059
1707
1698
1708
1684
1732
1731
1735
1737
1739
1738
1517
1563
939
958
938
975
976
1091
1072
1059
1071
1069
1058
1688
1683
1688
1684
1739
1739
1517
1517
1535
1533
1532
1532
939
940
941
977
1088
1088
1091
1089
1090
1071
1070
1687
1683
1658
1533
1532
1532
1038
1028
1031
1022
1015
1017
1089
1087
1133
1133
1133
1136
1680
1676
1659
1659
1657
1634
1596
1604
1533
1603
1531
1530
1027
1036
1027
1023
1017
1016
1087
1122
1134
1137
1137
1677
1648
1676
1642
1634
1595
1596
1603
1608
1607
1036
1024
1023
1016
1016
1123
1122
1135
1134
1135
1134
1675
1639
1641
1634
1635
1599
1595
1600
1607
1608
993
996
993
996
1013
1011
1124
1114
1114
1113
1675
1638
1639
1643
1644
1643
1598
1600
1606
1600
1606
997
998
998
991
1011
1126
1124
1115
1112
1643
711
9
696
697
711
702
712
710
810
804
805
805
805
770
621
621
776
776
612
112
112
98
2
1
2
2
10
11
9
698
697
698
715
714
807
810
804
805
772
114
108
115
108
99
99
99
0
13
12
8
705
703
708
715
715
802
800
801
797
808
771
772
103
110
108
93
93
44
57
50
29
709
840
709
838
838
864
707
865
802
799
798
761
761
629
628
772
103
107
92
89
54
57
51
51
840
840
839
837
865
864
855
872
762
219
107
88
224
89
52
57
52
30
30
827
859
862
859
857
855
871
604
627
219
223
218
225
225
158
54
145
52
52
173
828
818
817
858
873
872
872
223
223
223
225
226
153
158
153
153
157
173
171
169
167
828
818
844
844
858
842
856
881
880
881
190
196
201
190
189
153
152
150
170
170
160
159
159
915
822
845
847
845
883
881
202
194
189
154
188
192
148
170
161
160
159
914
1706
847
843
1554
882
1555
883
199
202
194
947
192
947
948
1051
160
1062
1703
1704
1706
1726
1555
1552
1553
1558
1559
200
936
946
945
948
1053
1052
1055
1056
1054
1055
1061
1062
1709
1708
1706
1705
1728
1727
1730
1731
1552
1551
1552
1553
1560
937
937
935
945
950
1053
1054
1060
1060
1708
1707
1684
1729
1731
1521
1535
1535
939
939
941
950
1088
1046
1046
1072
1072
1069
1069
1069
1688
1728
1728
1737
1516
1536
1536
1536
1527
938
940
941
950
1088
1072
1071
1070
1681
1681
1663
1658
1664
1736
1578
1578
1534
1534
1529
1529
1028
1022
1015
1155
1154
1154
1159
1136
1680
1678
1678
1659
1659
1656
1665
1579
1579
1579
1579
1602
1603
1530
1028
1028
1023
1021
1017
1152
1152
1137
1136
1678
1677
1677
1657
1656
1656
1579
1602
1569
1569
1608
1027
986
1024
1025
1020
1149
1153
1143
1137
1674
1675
1673
1672
1642
1576
1599
1577
1605
1605
1570
1571
997
988
989
1150
1148
1149
1144
1143
1675
1673
1672
1667
1673
1673
1643
1672
1644
1598
1599
1601
1601
1606
997
996
988
998
998
991
991
1151
1151
1138
1139
1140
1142
991
697
696
719
712
712
712
714
714
811
619
619
621
622
613
112
109
94
98
98
2
1
10
10
13
10
11
284
704
704
720
716
715
810
810
808
618
617
618
616
613
111
94
96
95
95
13
12
284
285
705
703
707
724
716
809
716
616
618
615
615
615
111
111
110
95
87
56
13
13
29
285
834
836
836
716
865
797
797
635
629
629
628
333
111
107
87
89
87
57
56
57
51
50
242
839
837
835
835
864
863
865
868
855
634
635
635
627
629
627
219
224
88
89
54
57
53
244
244
31
816
839
815
837
862
869
869
856
871
602
604
218
217
225
218
158
158
146
55
55
167
167
243
818
817
818
862
857
856
856
581
602
604
195
227
227
226
147
146
145
171
164
167
823
823
824
853
852
849
841
585
581
603
198
196
189
188
189
149
150
151
164
161
162
823
847
846
842
843
841
584
586
583
584
198
202
198
194
192
147
148
148
151
165
822
1703
847
846
846
1442
843
1443
586
586
583
202
200
193
193
197
194
192
947
1049
148
1224
160
1703
1753
1757
1757
1730
1443
1552
589
1561
1560
937
200
929
946
942
1060
1223
1703
1704
1752
1758
1757
1731
1443
1446
1553
1560
936
1560
929
945
944
949
1050
1049
954
1050
1048
1050
1067
1067
1068
1759
1760
1728
1521
1520
1525
1528
1527
928
928
950
951
1047
1045
1067
1068
1688
1765
1664
1768
1666
1729
1521
1536
1526
1527
1526
1527
1522
940
952
1045
1159
1065
1681
1681
1666
1666
1575
1536
1524
1026
932
952
1018
1019
1155
1154
1159
1156
1679
1678
1663
1664
1665
1660
1661
1579
1573
1573
1567
1568
1529
1530
1025
1025
1020
1021
1021
1155
1152
1152
1158
1141
1679
1679
1669
1676
1660
1656
1661
1576
1576
1577
1569
1571
1572
986
1026
1025
1149
1146
1146
1149
1153
1144
1157
1669
1668
1671
1670
1653
1576
1570
1582
1569
1571
987
988
986
1020
990
1150
1150
1148
1144
1144
1141
1143
1667
1667
1670
1655
1655
1654
1580
1589
1582
1582
1581
1585
987
987
988
990
990
1151
1151
1138
1142
1139
1580
720
622
717
718
720
713
557
811
557
619
619
622
613
612
109
109
96
96
258
258
278
289
288
287
286
704
719
719
720
723
714
809
809
556
618
622
614
338
338
96
260
259
255
288
289
282
285
284
704
703
722
724
724
552
617
631
614
624
339
338
336
337
95
259
255
256
256
288
285
283
834
723
836
836
721
863
808
636
635
624
334
337
333
254
256
242
814
834
836
869
867
868
637
636
634
626
626
383
333
381
381
380
55
245
245
245
243
813
814
815
815
863
866
869
637
594
601
602
594
601
604
383
379
377
377
377
146
425
240
245
815
816
851
851
849
869
594
602
603
382
378
379
147
388
150
164
824
825
825
820
853
851
849
582
581
588
198
196
195
399
392
151
151
165
165
163
162
162
825
825
824
853
843
842
586
585
589
197
194
191
392
397
149
165
162
163
1753
1753
1751
854
1756
1755
1444
580
1442
586
583
583
589
197
199
194
943
393
942
1246
1243
1244
1224
1224
1223
1752
1753
1758
1753
1755
1756
1754
1445
1443
1446
1446
1439
1561
1429
197
930
943
942
943
1049
1050
1243
1243
1220
1223
1224
1742
1745
1757
1756
1449
1446
1430
930
944
956
953
954
1240
1218
1766
1742
1765
1760
1760
1768
1448
1447
1447
1428
1428
1528
929
934
955
956
954
954
1048
1047
1048
1048
1066
1067
1765
1766
1765
1760
1767
1574
1521
1448
1525
1524
931
932
932
951
952
1380
1045
1066
1065
1065
1853
1852
1663
1666
1662
1488
1575
1574
1525
1568
1568
1526
1524
1524
931
932
952
1019
1159
1159
1156
1156
1854
1804
1662
1662
1660
1661
1573
1575
1575
1567
1572
1568
1522
1316
1316
1315
1019
1379
1021
1146
1159
1157
1825
1679
1653
1591
1591
1572
1566
1572
1331
1316
1018
1020
1145
1147
1147
1147
1141
1822
1826
1668
1669
1671
1591
1593
1585
1586
1328
1327
1327
1352
1352
1147
1141
1358
1669
1821
1670
1671
1654
1655
1655
1590
1580
1581
1585
1585
1329
1326
1329
1329
989
1327
1351
1352
1138
1359
1139
1357
1821
1582
1139
609
343
717
717
718
564
563
557
556
620
555
622
609
611
614
342
343
341
260
257
258
279
286
280
286
287
722
717
724
564
557
555
554
620
610
611
615
611
346
338
344
340
260
260
258
288
286
722
722
559
560
553
631
630
630
625
347
339
344
337
337
259
256
253
253
255
233
283
282
479
480
833
468
552
552
633
631
631
625
623
624
335
335
335
336
254
254
238
238
238
238
233
242
814
833
833
866
467
633
596
637
637
636
633
608
623
383
383
381
386
385
244
243
239
814
813
812
475
867
869
595
598
606
608
607
608
383
383
381
386
379
386
385
387
426
240
240
819
819
812
851
475
849
474
595
598
597
607
400
400
379
389
388
388
388
426
422
240
241
821
821
820
852
854
474
653
656
582
606
401
401
401
392
397
411
410
821
820
854
854
654
654
582
588
593
399
405
405
392
402
395
397
411
410
1750
1751
1754
1445
652
652
580
585
589
589
592
592
593
404
405
1233
1233
1246
1245
1244
1245
1224
1753
1749
1756
1444
1444
1438
1438
1424
1425
930
943
953
1234
1246
1245
1244
1221
1746
1746
1755
1764
1449
1449
1440
1437
1439
1430
1430
1429
930
934
956
1181
1239
1240
1240
1241
1220
1219
1220
1746
1759
1741
1768
1763
1448
1761
1449
1437
1430
1432
933
934
955
956
1239
1230
1229
1218
1741
1767
1768
1488
1487
1436
1436
1523
1433
1433
933
955
1381
1184
1380
1229
1391
1231
1065
1229
1853
1853
1855
1852
1804
1801
1802
1487
1471
1471
1523
1524
1317
1434
1314
1313
1381
1379
1379
1377
1377
1377
1390
1391
1384
1854
1854
1803
1802
1488
1568
1492
1476
1317
1317
1316
1315
1378
1389
1158
1387
1156
1826
1825
1804
1803
1809
1492
1591
1592
1592
1593
1474
1475
1318
1332
1326
1321
1378
1350
1350
1362
1362
1386
1822
1825
1822
1811
1811
1589
1809
1590
1588
1594
1593
1583
1586
1331
1328
1333
1327
1332
1349
1350
1361
1362
1358
1358
1821
1820
1810
1811
1810
1589
1590
1587
1590
1594
1584
1583
1584
1583
1583
1329
1330
1333
1319
1319
1319
1354
1352
1354
1355
1354
1356
1356
1358
1355
1357
342
279
571
571
564
564
564
556
555
554
547
548
548
610
342
340
341
247
248
250
246
249
278
281
280
276
276
562
561
562
563
553
551
548
611
347
546
344
345
340
324
248
246
248
252
252
280
282
283
478
559
562
560
560
559
553
632
625
347
347
346
347
345
335
344
319
248
251
237
283
269
480
466
478
465
465
468
468
470
553
632
624
347
331
331
253
238
236
236
238
233
234
480
482
480
481
465
473
468
469
596
599
599
608
334
366
330
369
369
370
384
425
235
234
239
484
484
471
472
472
475
467
595
694
595
598
598
608
608
605
382
390
390
389
386
426
421
241
422
239
484
488
477
475
477
655
597
597
597
606
590
399
400
365
376
378
390
391
387
426
422
434
420
486
486
820
487
655
653
656
587
590
590
398
401
403
403
396
395
396
396
423
411
412
410
407
485
821
477
654
657
662
592
591
592
398
398
402
394
394
395
397
435
435
411
412
410
406
1751
1747
1749
487
654
652
591
591
404
405
393
1234
1246
1221
1238
1222
1750
1748
1744
1750
1749
1749
1415
1444
1441
1441
1438
1438
1424
1177
1425
1175
1174
1174
1234
1233
1232
1241
1226
1221
1222
1744
1743
1745
1746
1746
1764
1415
1416
1440
1440
1437
1424
1425
1175
1176
1181
1187
1232
1242
1241
1227
1220
1225
1741
1746
1763
1764
1764
1416
1435
1437
1421
1431
1431
934
1176
1182
1184
1182
1183
1239
1242
1231
1230
1230
1228
1741
1853
1848
1740
1763
1762
1762
1486
1486
1456
1428
1434
1434
1432
1433
1431
1191
1313
1313
1381
1382
1231
1229
1855
1851
1804
1801
1802
1761
1490
1488
1486
1476
1454
1434
1312
1314
1314
1311
1383
1380
1382
1383
1390
1391
1391
1385
1384
1855
1798
1800
1802
1490
1489
1491
1492
1471
1472
1476
1475
1318
1314
1308
1378
1389
1390
1387
1387
1387
1855
1824
1823
1798
1803
1808
1808
1490
1492
1492
1473
1474
1474
1477
1477
1318
1322
1322
1348
1361
1362
1386
1360
1826
1826
1824
1811
1809
1808
1809
1587
1593
1467
1474
1469
1330
1333
1333
1321
1349
1350
1362
1346
1359
1362
1820
1819
1820
1818
1807
1806
1588
1587
1587
1468
1468
1469
1330
1332
1320
1321
1354
1349
1353
1353
1354
1356
1356
571
570
572
571
572
555
549
548
545
546
343
328
340
247
250
250
281
281
276
521
569
568
562
563
536
549
550
550
547
546
545
327
326
325
321
250
251
281
276
277
464
464
561
464
558
531
531
531
632
625
329
332
332
325
321
251
237
274
275
270
479
465
600
686
687
330
330
332
331
319
320
236
236
273
232
270
234
269
482
482
482
466
472
469
470
600
599
683
330
362
371
369
372
384
458
457
235
421
421
484
483
473
469
469
694
694
599
693
682
683
367
366
375
369
370
426
431
431
484
489
489
471
476
476
655
658
658
658
651
606
368
368
375
376
374
391
376
390
423
426
434
434
486
492
491
488
477
655
666
658
657
365
376
403
437
436
423
437
424
409
412
407
485
486
487
487
665
665
664
661
662
649
647
403
361
435
412
413
408
408
1780
1780
1779
1779
1782
1414
661
661
662
647
1177
405
1178
395
1235
1238
1221
408
1238
406
1747
1779
1781
1781
1413
1441
1427
1426
1426
1177
1177
1174
1188
1236
1237
1237
1227
1744
1796
1797
1796
1415
1415
1441
1440
1427
1423
1422
1175
1175
1185
1181
1187
1237
1241
1227
1227
1225
1744
1740
1795
1762
1417
1419
1435
1421
1421
1431
1191
1190
1182
1182
1184
1161
1260
1257
1226
1225
1848
1785
1762
1417
1454
1453
1190
1311
1184
1189
1311
1257
1231
1257
1228
1850
1851
1762
1829
1482
1490
1456
1455
1455
1312
1311
1309
1305
1383
1382
1383
1388
1388
1385
1384
1844
1851
1799
1799
1800
1482
1492
1472
1472
1476
1310
1308
1308
1305
1389
1388
1385
1371
1370
1824
1823
1799
1808
1805
1481
1479
1491
1473
1478
1478
1478
1304
1299
1300
1308
1323
1305
1325
1345
1345
1346
1370
1824
1813
1817
1817
1816
1806
1806
1479
1480
1480
1479
1467
1469
1470
1477
1299
1300
1320
1322
1325
1322
1324
1324
1348
1347
1344
1346
1339
1360
1820
1813
1813
1815
1807
1498
1497
1468
1468
1469
1300
1330
1297
1297
1320
1325
1353
1343
1341
1347
1339
1470
317
565
570
570
572
573
573
575
536
536
541
541
546
327
318
328
311
311
311
299
299
249
264
277
275
277
568
575
575
575
549
530
550
550
543
544
545
318
327
324
251
266
267
267
277
520
521
568
574
508
574
574
529
530
543
543
327
324
325
322
323
321
274
268
267
269
519
520
521
509
509
512
531
527
530
686
687
687
681
681
329
332
326
322
322
323
320
321
320
273
274
271
270
518
519
481
513
689
688
686
683
682
364
362
362
371
458
457
456
273
432
432
272
431
427
483
501
472
513
694
695
689
695
693
363
368
364
371
373
373
372
458
456
433
434
431
492
492
492
476
502
503
679
651
651
367
368
367
375
373
374
459
436
459
424
424
434
434
489
492
492
665
666
664
662
650
650
651
651
365
348
360
359
358
436
440
437
413
433
414
407
1780
1782
659
663
659
648
648
646
648
645
360
361
361
440
441
441
413
415
1777
1781
1773
663
660
660
659
1404
647
1426
646
1426
645
647
1179
1179
1180
439
1186
438
1236
1235
1236
1266
1263
408
1778
1781
1414
660
1404
1405
1423
1180
1180
1178
1185
1160
1236
1267
1267
1261
1785
1776
1797
1797
1797
1793
1413
1413
1420
1420
1419
1404
1420
1395
1423
1189
1201
1188
1188
1160
1161
1273
1273
1270
1268
1784
1785
1796
1795
1794
1794
1417
1419
1423
1422
1189
1190
1191
1185
1188
1162
1165
1259
1271
1271
1268
1849
1849
1795
1795
1417
1456
1397
1454
1450
1191
1161
1260
1254
1271
1269
1254
1849
1848
1846
1851
1850
1832
1830
1484
1482
1459
1455
1456
1458
1454
1451
1452
1450
1310
1207
1311
1307
1307
1259
1257
1258
1375
1846
1844
1833
1829
1484
1483
1483
1459
1461
1455
1452
1450
1304
1310
1309
1306
1306
1365
1371
1376
1376
1845
1844
1828
1800
1800
1480
1464
1460
1464
1478
1301
1303
1303
1303
1323
1289
1306
1306
1345
1365
1371
1364
1372
1376
1817
1812
1817
1805
1816
1499
1480
1466
1299
1298
1302
1280
1298
1325
1345
1342
1346
1339
1340
1370
1814
1814
1818
1815
1806
1499
1498
1497
1496
1465
1466
1291
1297
1298
1282
1280
1343
1343
1342
1341
1340
1340
1337
1815
573
313
567
567
573
577
538
537
541
542
539
539
318
317
318
318
314
299
299
266
264
264
265
569
569
566
566
577
528
528
537
529
542
542
544
315
312
312
312
301
302
303
267
264
263
520
521
507
507
576
525
528
534
530
543
534
540
310
325
301
300
302
302
272
268
518
508
512
688
688
534
690
687
309
322
308
290
272
290
271
270
519
518
509
509
512
513
689
688
690
683
364
363
371
462
461
427
499
501
500
501
513
505
667
692
364
350
350
462
463
456
456
429
427
428
490
499
502
501
503
679
679
679
671
671
638
350
374
462
459
444
430
430
429
490
491
503
678
673
651
649
644
349
349
349
352
358
359
358
448
444
444
444
419
414
418
418
490
1771
1770
665
663
648
644
643
644
644
360
356
361
438
438
440
443
414
414
1777
1777
1772
663
660
642
1402
1180
1186
439
441
441
1264
415
1263
1777
1776
1772
1414
1773
1405
1405
1402
1202
1201
1202
1179
1202
1170
1168
1266
1267
1267
1266
1263
1261
1784
1788
1793
1793
1418
1420
1396
1396
1200
1200
1195
1185
1173
1165
1267
1273
1269
1268
1785
1788
1788
1790
1791
1418
1409
1395
1398
1398
1195
1195
1195
1172
1162
1166
1165
1260
1270
1270
1271
1268
1784
1789
1790
1409
1410
1397
1397
1398
1451
1217
1217
1206
1162
1166
1259
1260
1255
1847
1833
1832
1833
1829
1485
1484
1485
1458
1458
1452
1458
1452
1217
1217
1208
1209
1208
1287
1248
1248
1248
1258
1375
1256
1375
1846
1846
1828
1829
1484
1483
1460
1461
1301
1216
1301
1304
1289
1288
1365
1365
1367
1376
1373
1845
1845
1842
1839
1505
1507
1481
1506
1507
1460
1463
1304
1302
1289
1281
1287
1283
1372
1372
1374
1373
1813
1812
1839
1835
1506
1506
1493
1463
1291
1291
1295
1300
1282
1279
1343
1342
1340
1338
1374
1814
1814
1816
1499
1499
1497
1497
1466
1466
1465
1493
1292
1290
1294
1280
1280
1276
1342
1336
1337
1337
1282
537
566
579
316
318
315
316
314
313
295
298
298
295
266
261
265
565
577
577
537
526
535
540
539
316
315
300
297
292
291
263
263
515
514
526
525
528
528
535
685
532
310
308
301
292
291
262
515
516
517
517
510
527
528
690
684
685
307
306
460
272
262
516
517
500
511
511
689
691
692
684
354
308
463
463
461
454
452
428
499
498
500
506
667
668
671
692
693
353
461
454
460
452
430
499
499
498
504
503
676
680
672
672
673
670
350
354
354
463
443
419
430
497
493
677
680
672
638
352
357
357
358
448
419
497
504
678
678
641
644
643
355
356
448
448
442
419
417
1769
1770
1772
1774
1399
1401
1403
644
355
355
1171
357
446
1168
438
1264
416
1778
1776
1772
1407
1401
1401
1405
1402
1199
1202
1173
1171
1173
1168
1264
1263
1262
1783
1787
1408
1396
1402
1200
1200
1201
1173
1173
1163
1265
1273
1275
1783
1789
1786
1793
1788
1791
1790
1409
1412
1211
1196
1196
1206
1197
1172
1165
1164
1272
1274
1838
1838
1831
1790
1409
1410
1393
1398
1215
1211
1207
1209
1206
1206
1252
1163
1251
1255
1255
1830
1832
1830
1411
1457
1217
1213
1214
1209
1208
1249
1247
1251
1251
1255
1256
1843
1833
1505
1503
1457
1462
1216
1217
1209
1286
1283
1249
1367
1373
1843
1842
1828
1505
1507
1503
1503
1460
1462
1296
1301
1289
1283
1364
1366
1366
1367
1374
1836
1507
1504
1494
1503
1463
1295
1295
1293
1282
1277
1277
1363
1335
1335
1369
1836
1834
1839
1499
1495
1292
1292
1294
1281
1278
1278
1335
1335
1336
1337
1494
566
579
538
542
295
294
515
539
297
292
507
523
524
535
301
690
532
309
305
291
262
516
505
691
308
455
461
452
511
684
354
452
428
499
496
668
673
353
447
449
454
417
505
678
677
675
673
639
351
352
447
443
450
1771
493
1774
641
640
446
1770
1775
639
446
1262
416
1769
1407
1407
1400
1199
1171
1170
1173
1786
1792
1407
1408
1401
1392
1196
1197
1163
1164
1787
1204
1197
1205
1204
1163
1252
1265
1275
1831
1392
1393
1215
1252
1274
1831
1394
1393
1215
1204
1203
1251
1843
1827
1502
1214
1288
1287
1249
1367
1843
1835
1505
1502
1212
1296
1286
1285
1369
1369
1836
1501
1465
1293
1277
1334
1835
1501
1278
1334
565
306
303
296
310
510
523
524
290
354
449
455
496
494
669
668
416
642
416
1262
1775
1265
1792
1786
1400
1194
1169
1213
1167
1412
1250
1249
1838
1457
1284
1285
1278
1369
1494
1292
314
296
314
295
514
524
263
310
453
669
506
668
454
494
447
445
442
1399
1403
1198
1275
1792
1412
1253
1252
1847
1213
1204
1411
1212
1368
1502
1296
1286
1504
1462
1296
1285
1334
1338
579
297
535
306
303
292
515
309
670
453
506
449
451
496
675
639
670
357
640
1400
1198
1197
1211
1215
1839
1203
1501
1284
1369
1504
1293
1276
578
533
532
314
294
524
684
510
451
496
676
351
450
446
1769
1770
639
1171
1169
1275
1787
1406
1210
1837
1411
1394
1838
1827
1394
1247
1500
1834
1834
1495
1294
1276
578
533
1132
1132
294
522
522
848
1193
674
305
305
451
675
494
675
1774
450
1775
1194
1406
1406
1194
1169
1210
1167
1192
1205
848
1213
1253
1250
1203
1841
1841
1500
1285
1368
1500
1494
495
850
1132
304
293
293
1193
1193
674
304
674
1840
1140
1840
850
351
1044
1080
495
34
1080
1232
14
992
1841
992
34
1080
166
