768
119
225
217
218
218
111
112
119
131
249
250
112
129
130
130
131
126
126
227
220
221
116
116
116
129
227
274
249
249
251
108
116
132
200
274
272
272
114
114
114
133
133
132
198
272
271
271
178
177
133
264
266
264
271
171
179
171
177
177
165
165
165
167
204
264
269
275
273
171
177
158
167
214
214
269
269
267
275
168
174
160
160
161
167
214
214
401
411
409
168
705
400
400
399
411
411
409
705
686
400
399
399
411
684
407
396
397
397
415
408
408
713
714
714
686
407
396
396
416
743
719
719
714
748
748
748
748
467
396
442
416
418
743
743
727
727
749
749
749
467
466
441
742
752
442
461
441
435
741
728
751
728
752
752
745
745
458
458
460
438
435
726
745
458
460
434
434
432
435
435
726
726
728
755
755
755
744
226
226
226
225
226
225
217
217
218
217
218
246
250
250
250
111
111
119
119
119
117
119
117
130
131
131
131
227
227
225
220
220
221
218
251
250
112
112
113
113
119
119
119
129
130
131
131
126
227
200
227
227
220
221
246
249
251
251
251
112
109
113
112
113
115
116
129
129
126
126
126
126
200
200
200
220
221
274
249
249
251
109
109
108
116
116
116
137
133
134
132
199
199
199
198
198
198
274
272
272
271
270
109
271
109
115
133
133
134
134
132
205
199
266
266
266
272
272
272
271
179
179
179
178
177
176
174
133
133
134
167
132
167
167
205
205
204
204
204
266
265
273
270
173
179
179
177
174
177
157
158
157
165
167
166
167
205
204
204
269
265
264
273
273
273
173
171
171
171
157
157
161
159
165
162
162
214
215
215
269
269
269
267
268
264
275
275
173
173
173
168
168
168
160
161
161
160
162
162
162
167
215
214
269
267
413
275
412
411
411
409
705
168
160
160
160
161
161
712
162
162
687
406
406
400
401
401
401
399
399
389
413
413
413
411
409
705
706
707
705
705
713
713
713
712
713
689
685
686
406
406
400
398
401
399
413
413
408
408
408
706
707
707
710
710
713
713
713
685
685
686
685
407
400
407
397
397
416
415
415
408
707
719
719
719
714
684
685
684
684
685
686
407
396
397
397
416
416
418
418
417
408
743
719
719
714
714
749
748
748
748
402
467
467
443
443
443
443
443
441
416
418
418
743
742
718
751
751
748
466
467
467
442
442
442
441
418
418
419
741
742
743
742
727
727
751
751
751
752
745
749
746
466
458
458
461
461
442
438
432
441
419
436
741
419
742
741
727
727
728
752
745
746
458
460
461
461
461
438
432
436
435
435
741
726
727
728
728
755
752
755
755
745
745
458
457
460
460
459
434
434
434
434
432
435
735
726
726
730
755
755
745
744
744
744
744
458
217
117
226
226
225
223
217
218
246
246
250
261
250
263
111
111
119
118
118
130
130
131
131
127
226
222
227
225
225
220
219
221
218
218
247
246
248
246
251
112
111
113
118
118
117
129
130
128
127
127
222
202
219
221
221
221
247
248
251
110
110
110
110
109
108
108
113
115
129
137
128
127
128
200
202
202
202
202
220
274
249
251
110
109
108
115
115
137
134
137
134
128
128
199
199
199
198
198
201
274
282
274
283
271
270
178
178
176
115
114
136
136
134
134
132
199
198
266
266
283
266
283
271
270
179
178
174
158
156
166
166
205
206
265
265
273
273
179
179
175
157
174
157
158
158
165
205
206
206
204
268
268
265
268
267
264
265
173
172
171
174
174
170
157
158
156
159
165
164
166
164
215
214
211
268
268
267
264
267
275
275
275
172
172
172
172
169
169
170
170
159
159
164
164
211
401
268
389
413
278
410
410
169
170
705
170
161
689
164
687
405
405
401
401
389
389
412
412
410
409
706
707
710
710
710
712
712
712
687
689
687
406
406
405
400
398
395
413
412
412
409
706
707
710
710
709
712
689
685
686
686
407
407
406
402
398
398
397
398
395
414
415
417
706
707
719
718
715
714
716
684
685
684
407
402
396
396
415
415
417
417
707
718
719
718
716
716
747
686
467
443
443
414
416
414
416
417
417
743
718
718
716
716
749
750
747
466
465
465
466
464
442
441
440
441
418
419
419
743
743
738
742
742
721
751
752
750
747
747
465
466
466
463
461
438
440
432
439
436
419
738
742
721
731
728
752
750
746
746
746
457
457
461
434
432
436
436
735
741
729
728
729
731
754
754
750
746
457
457
457
457
459
459
459
459
460
434
438
433
433
433
436
735
726
729
730
729
730
730
754
730
755
754
754
744
744
730
754
754
223
216
117
223
224
223
224
223
217
217
216
216
248
253
261
262
263
263
105
118
118
117
122
122
121
122
121
121
121
127
224
223
216
219
216
248
248
246
263
263
263
263
100
113
118
122
121
127
222
202
222
202
219
219
219
247
248
248
241
110
110
100
108
99
118
136
137
137
128
122
128
127
203
202
203
201
201
201
247
247
247
243
243
110
109
101
99
115
98
136
137
137
128
139
203
201
201
282
284
283
283
243
178
108
176
136
136
135
135
139
139
203
201
207
282
284
284
283
283
179
191
176
176
176
175
158
176
158
135
134
149
166
205
206
206
207
207
207
285
282
284
279
277
277
190
175
175
175
156
156
149
166
206
206
206
211
265
281
280
278
278
172
278
190
169
175
170
157
156
156
164
164
163
166
215
215
212
211
268
281
267
280
280
278
278
172
172
169
170
161
159
164
163
163
215
215
212
211
211
388
389
412
412
410
410
169
169
169
170
709
711
159
679
688
687
688
405
405
400
389
389
412
431
409
410
410
702
702
710
709
709
712
679
688
688
688
687
405
405
398
398
394
427
428
428
706
704
706
703
709
709
708
708
678
689
689
689
693
402
402
395
394
415
427
415
427
706
428
703
703
703
703
718
715
715
682
689
693
694
404
398
402
443
395
414
414
421
420
743
717
717
715
716
684
694
694
404
404
464
404
464
439
414
421
419
422
738
420
717
717
721
715
716
716
747
747
747
465
462
464
464
464
464
440
440
439
439
419
422
738
738
739
722
750
750
761
463
463
463
440
440
440
439
436
738
735
738
739
721
721
721
753
750
746
465
463
456
463
438
440
433
437
437
437
735
735
729
731
731
731
754
753
746
767
457
456
456
459
459
433
433
433
437
437
735
729
737
731
730
731
753
753
753
753
766
766
766
767
438
766
224
224
224
223
237
216
238
216
252
253
261
263
262
262
262
107
105
103
103
122
103
122
121
121
120
224
224
219
235
237
235
248
253
253
261
241
262
262
263
100
107
105
103
99
104
122
121
120
203
224
222
235
235
247
240
241
241
241
100
100
100
99
100
99
98
141
141
138
123
120
120
203
192
203
201
197
240
241
243
101
101
97
101
98
141
138
140
140
203
192
193
193
193
197
282
282
284
242
243
284
244
101
99
97
97
188
97
97
141
135
143
139
139
139
208
208
207
208
193
207
285
284
284
284
277
244
191
188
191
188
176
155
136
153
135
135
149
147
147
208
208
207
285
285
287
279
279
277
191
190
191
190
187
175
187
154
154
149
153
149
147
208
212
285
285
281
281
278
190
189
154
154
148
149
163
213
212
212
210
281
281
280
280
278
276
190
182
189
182
181
150
150
159
163
163
163
213
213
212
211
388
388
280
276
276
276
185
182
182
168
182
711
711
150
679
150
150
144
692
386
386
386
387
388
388
431
431
428
410
704
704
702
702
709
711
711
680
679
679
688
692
384
386
387
395
395
394
430
431
428
428
704
702
702
708
680
679
678
678
688
693
692
405
402
384
392
395
393
395
394
394
394
429
428
704
703
703
709
715
682
693
693
695
695
693
403
404
404
392
394
414
427
421
423
421
420
425
704
701
717
717
715
682
682
683
693
694
694
404
404
464
421
422
420
740
740
717
739
720
722
683
757
757
694
694
761
462
462
462
463
470
440
453
422
422
422
420
740
740
739
739
720
722
722
722
757
761
761
761
465
462
462
463
470
454
439
446
446
420
739
739
720
722
722
757
760
760
761
760
761
465
462
475
474
455
455
433
455
437
437
737
737
737
723
721
725
764
766
766
767
456
456
456
475
474
474
455
455
437
445
437
737
737
729
725
731
753
764
766
767
474
237
120
231
231
237
237
238
238
238
253
252
254
254
253
254
259
262
262
261
107
107
103
124
124
124
125
125
124
120
230
231
233
237
235
235
252
252
254
261
107
106
107
107
103
104
104
125
125
123
120
230
230
230
236
236
235
240
240
242
253
253
241
100
101
98
104
98
141
141
138
140
192
194
193
194
193
197
197
197
236
287
240
242
241
245
245
245
101
101
98
96
142
142
138
140
192
192
192
193
197
197
287
244
244
186
101
96
97
97
143
143
143
140
139
209
195
195
287
287
286
286
244
244
186
191
188
188
188
155
141
155
143
143
149
208
209
209
195
279
277
277
191
191
190
188
187
154
155
154
155
153
148
148
149
147
208
209
210
210
285
281
281
279
277
276
189
189
190
189
187
154
153
152
148
148
144
147
144
213
213
210
210
210
280
276
185
182
181
154
181
181
150
150
144
144
144
213
387
212
355
388
380
430
276
185
185
182
697
182
711
711
680
144
692
386
386
387
387
388
430
431
431
431
185
696
697
697
697
680
680
680
679
680
678
692
692
386
385
386
385
393
387
393
393
430
430
430
431
428
704
696
703
697
708
680
678
692
692
384
384
392
393
393
429
427
425
704
701
701
708
683
682
682
678
695
691
691
695
403
392
391
390
421
423
421
425
425
701
701
701
700
683
695
695
690
403
403
403
392
391
391
429
453
422
421
425
425
740
720
683
683
758
758
695
695
479
479
479
468
468
470
470
454
453
453
453
453
422
420
740
740
720
720
722
757
758
761
761
479
478
478
468
468
470
454
454
446
446
737
740
734
724
723
725
757
759
760
761
478
478
475
476
474
455
455
455
446
446
445
445
737
734
725
764
764
764
763
760
456
475
475
475
475
476
474
476
474
455
455
452
445
445
736
736
736
737
736
725
725
764
764
763
767
767
767
725
231
231
233
237
237
238
238
238
252
254
256
254
259
259
105
107
105
102
103
124
124
125
124
123
123
123
0
230
230
233
236
234
235
252
257
257
254
256
254
259
106
102
104
104
104
125
123
0
0
229
230
230
228
236
236
236
242
257
258
258
245
106
106
106
104
98
142
125
123
140
0
229
229
194
236
196
234
240
242
242
245
245
106
106
96
96
96
96
142
142
142
138
140
7
192
194
194
194
196
196
196
287
286
286
286
242
244
245
245
186
188
96
96
141
142
138
7
8
140
352
194
209
195
197
196
287
286
286
376
244
186
186
187
186
155
155
155
143
143
148
147
7
209
209
350
195
287
287
380
376
376
376
189
187
187
187
155
151
153
148
145
147
209
348
348
350
350
356
380
379
376
375
183
183
180
180
181
151
151
152
145
145
146
348
210
355
356
355
380
379
382
379
379
185
185
183
180
181
151
152
152
152
145
213
385
355
355
355
554
380
496
380
379
382
185
184
184
184
184
180
181
698
673
152
614
144
385
562
385
552
387
496
430
382
426
426
696
184
696
697
673
692
614
385
385
384
562
385
393
496
496
431
426
696
426
696
697
697
673
673
673
674
672
681
678
691
691
691
384
392
391
429
429
429
426
426
701
699
700
674
681
681
691
690
384
540
392
392
391
390
390
429
423
423
425
425
424
700
683
683
681
690
403
403
391
391
390
423
424
734
700
700
723
720
683
683
690
690
479
479
468
470
469
470
469
453
448
448
449
449
424
734
734
723
723
723
758
758
758
758
759
759
478
479
478
468
471
471
470
454
454
449
449
447
447
734
734
724
756
756
756
756
759
760
759
478
478
475
471
471
454
445
452
446
444
736
733
733
724
724
756
756
763
763
765
765
765
477
477
476
476
473
474
450
451
452
452
445
444
736
733
732
724
725
764
763
763
765
765
450
239
260
233
233
233
239
239
239
255
256
256
256
259
259
105
105
102
102
3
3
3
2
2
0
1
231
232
232
232
232
239
234
255
257
257
259
258
28
27
102
28
4
5
2
2
2
0
1
229
229
229
228
232
257
257
257
258
258
28
28
29
28
102
27
4
4
5
2
9
9
228
228
228
228
234
195
234
242
308
311
29
29
29
4
4
11
352
352
194
196
196
359
286
308
376
311
311
94
29
94
84
84
142
7
8
7
7
352
352
352
353
195
196
359
377
377
377
377
377
375
375
95
95
84
84
84
153
66
8
8
353
352
351
350
358
359
377
376
375
93
95
87
151
85
151
146
348
348
349
350
356
356
356
380
379
383
183
186
183
93
90
151
152
145
145
146
146
146
348
348
349
350
356
380
379
383
383
183
180
180
89
89
152
145
146
146
561
561
561
355
553
554
554
378
497
383
382
382
382
183
184
180
698
90
677
676
675
613
614
614
614
562
553
552
561
553
553
554
554
496
496
497
495
426
482
184
696
698
677
698
673
673
675
675
621
614
614
562
562
552
554
497
497
495
698
698
698
673
674
672
672
541
562
541
552
552
555
496
497
495
498
498
426
699
699
699
699
674
672
674
681
672
672
681
691
541
541
541
540
540
390
390
503
503
424
699
700
636
700
674
641
681
620
690
690
542
542
392
469
469
502
448
503
423
498
498
423
424
424
701
639
641
639
668
670
670
670
542
471
469
469
469
469
448
448
448
448
447
447
424
734
645
647
647
639
667
667
759
669
538
479
472
451
451
447
447
447
733
733
723
662
756
756
666
666
669
539
539
471
477
471
452
452
444
444
733
724
662
662
665
763
765
663
477
477
476
473
473
472
473
450
452
452
444
444
732
732
732
732
724
662
662
662
763
665
765
663
477
452
765
260
33
233
233
232
239
239
255
255
256
255
256
260
260
260
33
35
24
24
24
3
3
1
1
2
1
229
232
232
334
239
291
291
256
260
258
258
260
35
28
35
27
24
27
5
2
1
318
228
334
334
321
307
309
309
309
35
32
34
28
27
25
5
4
4
5
11
9
9
318
320
320
321
321
321
308
309
308
311
311
311
29
29
32
29
27
86
10
10
10
10
11
9
318
320
320
319
321
321
359
308
308
308
308
311
311
94
94
84
86
86
8
7
6
352
353
353
358
359
359
359
377
377
310
375
310
94
95
95
85
84
86
85
85
66
8
8
353
353
351
358
358
359
358
373
374
374
375
93
95
95
87
85
88
88
68
66
8
6
349
351
349
350
350
356
378
373
373
375
91
90
95
90
88
68
69
349
349
349
356
354
378
378
383
383
91
91
92
90
90
89
88
70
70
561
561
553
554
354
378
378
383
382
382
383
381
383
91
90
677
676
676
675
613
675
614
562
553
553
554
497
494
494
494
482
597
698
677
676
676
675
613
613
562
557
555
555
497
495
494
494
494
482
482
482
595
595
699
677
674
675
612
621
621
621
621
563
552
541
555
557
555
555
492
495
495
500
595
595
641
674
612
619
620
621
541
540
555
502
503
503
503
498
500
500
636
641
641
641
668
620
670
620
620
620
542
542
542
542
540
540
501
502
503
498
499
499
645
499
636
636
640
639
639
668
668
668
668
670
670
538
538
534
534
501
512
511
507
645
645
645
639
667
667
667
671
670
539
538
536
472
472
511
451
448
512
505
508
507
645
644
642
647
667
666
661
666
665
669
539
539
539
473
472
472
530
451
511
451
505
505
504
733
732
644
642
642
661
661
665
665
663
663
477
535
473
473
473
472
450
450
450
452
505
444
504
444
504
732
644
644
642
662
642
662
661
660
665
660
663
664
663
664
663
33
3
328
328
333
333
335
291
292
255
299
299
299
260
33
33
24
26
25
26
26
26
3
18
1
19
0
333
334
335
335
291
291
299
299
35
298
35
35
34
24
24
25
25
5
5
19
1
19
318
334
334
334
335
321
291
293
309
32
35
35
32
34
30
34
27
25
25
11
9
21
318
320
319
320
322
322
323
322
291
307
311
32
32
30
25
10
10
86
10
11
9
318
313
320
313
320
319
322
323
307
307
310
310
32
94
32
72
72
72
86
66
10
11
6
313
313
358
351
319
357
358
359
358
374
374
372
372
310
372
93
87
85
85
86
67
66
6
69
6
341
351
357
357
357
373
374
373
374
372
372
93
93
75
74
95
87
87
85
67
67
69
69
339
339
351
351
354
354
373
373
372
381
92
95
92
92
88
89
88
88
68
68
70
70
69
339
349
354
378
373
366
381
381
381
91
91
92
92
89
89
89
68
50
68
70
71
71
561
558
559
354
354
366
381
381
91
91
90
676
613
613
612
613
561
563
563
558
557
553
572
495
493
493
494
493
481
592
592
597
597
677
677
676
615
612
623
622
622
563
563
563
560
557
557
557
572
492
493
494
481
482
592
597
597
599
599
612
612
623
622
622
563
563
557
556
556
492
492
493
481
482
482
595
595
595
641
594
599
615
619
623
621
619
622
545
542
545
545
540
556
556
502
503
498
499
500
500
500
500
500
596
636
637
640
640
618
620
545
544
536
501
534
501
501
502
502
499
499
499
636
636
637
637
640
641
640
668
668
670
671
671
669
538
536
534
501
501
511
512
512
508
508
507
507
645
637
637
639
668
671
671
669
669
538
537
538
536
536
534
530
511
511
512
508
508
508
508
507
645
647
646
666
666
671
671
664
539
539
535
536
530
530
530
526
505
506
505
504
644
644
644
642
661
661
665
659
664
664
535
535
539
535
529
529
529
526
505
506
506
504
643
644
643
642
661
661
660
660
660
664
664
328
328
333
329
333
292
292
299
298
298
33
38
34
26
26
26
18
19
19
328
328
328
335
335
292
292
293
299
299
298
297
34
34
34
44
26
18
18
19
19
328
319
335
322
335
293
293
293
309
309
31
31
30
30
43
44
22
23
19
21
318
322
307
307
310
31
31
31
30
30
43
43
22
22
11
23
11
21
313
314
313
319
314
323
323
306
306
306
31
73
74
72
72
86
59
57
22
66
6
313
313
357
323
323
345
307
374
364
310
364
77
74
74
72
72
59
65
6
341
341
341
346
357
345
345
374
363
363
364
372
75
77
74
74
72
82
82
87
48
67
63
63
339
341
340
340
346
357
347
363
363
75
83
83
48
48
68
50
67
70
70
69
339
339
339
346
347
347
368
368
368
370
371
92
83
50
68
70
71
71
558
558
558
559
559
571
368
366
366
371
592
92
597
89
617
617
613
71
617
71
559
559
559
559
572
493
484
484
592
592
593
597
599
616
617
617
623
560
560
557
556
572
572
493
493
481
481
481
592
597
598
599
599
615
623
623
623
622
560
560
574
556
574
492
492
480
481
481
596
596
596
594
599
615
615
618
623
622
545
544
543
492
480
480
596
638
596
594
594
618
619
618
619
544
544
556
551
502
502
515
512
515
638
637
638
640
640
640
654
668
671
618
618
537
546
536
534
534
527
512
510
509
507
638
637
638
647
654
671
671
650
650
537
537
536
530
530
527
527
512
508
509
508
507
627
628
628
647
646
647
646
654
656
659
650
537
537
535
529
528
530
529
527
527
527
527
506
506
506
509
643
628
629
646
633
646
633
646
660
655
656
659
659
658
535
533
533
529
529
526
526
506
506
504
643
643
643
629
629
646
660
655
655
659
658
504
37
327
329
329
333
329
330
330
288
292
296
296
298
38
38
38
38
46
38
46
46
16
18
20
20
20
329
330
331
331
292
293
292
298
297
297
298
38
40
46
44
16
18
23
20
327
327
329
331
319
331
331
290
293
297
297
41
40
42
40
43
44
23
23
21
21
312
312
312
314
316
322
293
290
301
303
303
303
303
303
31
40
40
30
42
43
43
43
43
22
22
23
23
314
314
314
316
302
302
306
306
306
77
73
73
73
59
59
57
22
65
65
23
65
65
341
316
346
323
345
363
302
306
364
73
77
77
73
74
74
59
59
57
63
65
65
341
336
340
346
346
345
345
364
365
77
75
77
82
82
82
48
48
59
67
67
64
63
341
340
340
347
347
345
368
363
364
365
364
75
75
83
82
81
48
50
48
68
63
62
71
558
569
368
347
367
370
370
371
370
371
83
83
83
50
50
50
62
71
558
571
571
367
368
367
368
485
370
485
371
591
371
371
593
593
593
49
598
49
616
616
617
617
602
71
568
569
572
367
484
484
591
593
593
598
598
616
617
616
617
602
560
568
575
575
575
575
572
572
487
487
487
484
487
484
591
591
590
598
598
598
615
615
600
605
605
560
545
566
575
574
574
487
487
480
480
591
588
596
598
599
599
576
611
619
605
605
545
544
543
574
490
490
490
480
480
596
611
611
604
619
605
604
544
545
546
544
546
550
551
522
522
515
510
515
515
515
513
513
513
638
583
638
634
611
611
618
610
648
546
546
550
551
524
524
510
515
510
510
513
513
627
638
634
647
635
654
648
650
648
537
546
551
528
528
527
509
510
509
509
627
627
628
634
633
634
635
635
656
654
654
654
650
650
532
532
531
528
528
525
527
517
509
628
629
633
629
633
656
657
659
658
659
649
533
532
532
532
528
526
527
526
517
517
518
518
628
629
629
633
655
655
655
655
658
659
658
528
330
46
327
329
330
330
288
296
296
296
294
294
37
37
37
38
36
46
46
16
13
20
20
327
329
327
325
332
290
290
288
290
296
296
297
37
38
36
46
42
44
16
15
20
20
326
325
312
316
331
331
290
290
288
297
295
294
41
40
42
44
44
44
23
21
312
316
317
302
301
301
304
304
41
40
42
15
15
15
14
21
312
314
314
316
323
317
302
302
301
303
76
73
73
59
58
65
338
336
316
343
317
343
302
303
76
76
76
58
58
57
57
64
65
64
338
336
336
336
343
344
344
344
363
365
365
76
81
58
58
53
63
64
64
340
340
346
344
362
365
370
369
79
79
82
80
81
82
81
52
53
53
53
62
61
61
61
340
568
569
347
367
370
370
369
371
369
80
80
83
49
49
49
53
62
62
568
569
569
367
367
366
591
593
590
49
49
50
600
62
602
568
569
571
571
570
485
485
589
591
589
590
590
590
578
616
616
600
600
600
602
602
565
566
575
575
571
487
488
484
589
588
588
588
577
607
607
608
605
605
565
566
566
574
575
487
490
490
490
480
588
583
588
577
576
576
607
611
604
605
604
605
565
566
574
574
522
490
490
491
513
584
583
583
581
611
611
610
604
548
548
550
550
551
522
522
522
514
515
513
514
513
584
584
584
582
582
581
611
610
610
610
648
610
648
548
548
551
551
524
524
515
514
627
584
627
634
635
634
654
653
653
650
648
546
532
547
547
524
523
524
524
524
521
514
627
626
634
635
635
635
653
653
650
650
533
532
531
531
525
523
517
521
518
626
626
628
629
633
656
656
658
649
649
533
533
532
525
525
516
517
517
518
518
517
518
628
624
632
632
632
656
657
658
649
624
296
324
324
36
37
37
36
36
47
17
47
17
16
16
13
13
327
332
330
288
289
295
294
294
37
41
47
47
16
13
14
14
325
325
332
332
290
289
305
305
305
41
41
42
17
15
14
326
326
326
326
317
289
289
301
305
305
41
45
58
15
14
326
312
316
317
317
302
301
304
304
76
39
58
55
57
56
54
64
338
337
336
317
300
300
365
300
304
79
58
56
56
54
64
338
338
337
343
343
344
344
362
362
362
365
76
79
79
55
53
61
61
338
336
344
361
362
362
79
80
81
81
52
61
338
342
361
344
369
369
369
80
81
51
52
53
62
61
567
568
570
570
570
483
485
369
80
80
590
80
51
606
49
600
62
568
568
569
570
486
488
485
589
589
590
577
578
577
578
600
602
602
565
565
488
488
485
589
589
590
577
577
576
607
601
601
564
565
566
575
566
573
573
488
573
587
587
587
583
587
577
607
607
608
604
564
564
550
573
489
489
491
491
587
587
583
584
580
581
608
607
608
603
603
550
550
550
522
514
586
586
584
582
582
609
609
609
610
603
603
548
550
523
520
514
514
586
584
582
635
630
609
653
652
547
547
551
525
523
520
520
521
521
626
625
625
630
651
653
653
652
649
533
523
519
517
520
521
624
626
625
625
631
632
651
651
657
653
533
531
531
525
518
518
624
624
632
632
632
657
657
657
649
516
325
324
288
295
13
13
325
294
47
17
332
332
289
295
47
301
305
39
45
14
14
326
343
301
39
55
56
54
317
304
78
54
64
338
337
300
362
78
51
55
56
61
342
342
361
361
362
360
78
79
52
52
60
567
337
570
366
360
51
569
570
360
51
601
60
567
486
488
483
590
578
578
578
566
573
488
488
488
483
585
579
607
608
564
580
579
580
580
576
608
606
601
549
491
491
583
608
603
549
489
491
587
580
581
610
547
549
523
586
625
630
609
652
548
547
523
520
586
626
631
630
652
652
547
520
516
625
631
651
531
520
632
651
325
47
17
12
39
315
315
289
15
78
55
56
337
342
300
361
60
366
60
602
570
601
573
565
483
579
578
585
576
549
603
609
548
514
631
630
631
651
516
518
47
12
36
17
325
289
14
39
54
300
315
300
56
342
51
52
52
486
483
589
601
573
489
606
608
548
585
580
523
586
652
520
626
625
519
521
626
631
657
649
324
17
295
45
17
12
326
39
304
54
342
55
60
337
361
360
360
80
360
483
579
579
587
586
549
582
519
631
652
519
625
632
324
295
305
39
13
289
305
315
54
337
343
78
54
51
567
567
360
578
606
601
564
486
585
564
489
489
564
549
489
609
519
543
543
516
624
631
324
295
449
449
12
332
332
243
581
315
45
45
55
361
342
361
567
60
567
579
486
486
579
606
585
576
579
580
279
585
606
603
582
543
543
519
630
651
519
516
279
270
449
45
12
12
581
581
315
45
315
762
594
762
234
78
708
762
270
114
759
762
111
762
543
762
114
585
114
