2384
500
1129
1131
1089
1092
510
507
501
583
1085
1085
506
582
585
585
591
591
591
1135
1121
1123
490
491
492
535
945
1096
1086
1082
1082
517
492
538
943
1026
976
975
485
485
487
527
529
537
1031
985
976
974
381
387
529
1019
984
988
973
380
379
377
386
386
354
353
353
361
1007
1020
1018
989
989
380
385
343
361
953
954
1017
1018
1014
987
416
415
340
341
343
365
957
957
1420
1335
1330
417
2377
1446
1445
1420
1326
1330
1327
2378
2259
1446
1423
1421
1327
2250
1451
1443
1417
1418
1314
1321
1321
2310
2252
2252
2255
1399
1443
1443
1303
2321
2321
2314
2251
2271
2270
2270
2271
1398
1399
1238
1306
1306
2320
2131
2312
2312
2237
2268
2268
1397
1396
1245
2123
2186
1232
1232
1242
1197
2129
2142
2182
2156
2186
2186
2191
2190
1260
1258
1254
1254
1197
2139
2178
1260
1250
1251
1252
1193
1195
1195
2136
2137
2155
2181
2181
2178
2194
1143
1140
1141
1140
1143
1128
1129
1131
1130
1132
1092
1091
1044
1045
1043
510
510
501
500
501
494
493
493
584
583
593
593
1142
1140
1124
1124
1125
1092
1131
1084
1043
506
509
502
510
490
499
501
582
585
587
594
595
1136
1136
1135
1122
1125
1097
1096
1085
1086
1085
1088
512
517
503
503
520
491
488
522
587
534
586
588
590
943
942
948
1026
1097
1097
1096
1083
1083
513
520
518
485
492
492
521
528
534
538
943
947
945
946
945
1032
1026
983
983
976
1083
516
974
517
487
528
529
536
536
538
941
944
1026
1027
1027
985
985
976
974
378
384
384
383
387
388
389
527
529
532
359
537
360
360
936
952
952
1007
1032
1020
985
973
970
380
379
382
386
389
389
347
350
345
356
361
356
361
951
952
1007
1016
1020
1019
989
993
973
376
380
376
377
346
347
342
343
354
362
366
956
955
954
1018
1008
1018
1023
1015
988
986
986
373
372
417
417
417
415
340
343
336
342
363
364
366
365
957
957
1017
1014
1335
987
1334
1328
1329
1330
2377
416
339
340
340
338
343
2245
366
366
2254
1447
1448
1446
1419
1422
1420
1423
1422
1429
1334
1335
1333
1326
1330
2376
2381
2377
2378
2377
2352
2244
2310
2354
2244
2247
2260
2253
1448
1451
1446
1442
1423
1423
1333
1316
1319
1320
1321
2383
2381
2380
2379
2315
2317
2251
2316
2247
2258
2261
2261
1450
1445
1449
1417
1418
1313
1312
1316
1320
2321
2318
2314
2313
2316
2250
2257
2251
2269
2260
2264
1449
1403
1417
1239
1304
1304
1305
1319
1318
1321
2321
2318
2314
2310
2252
2249
2270
2269
2270
1399
1399
1401
1403
1404
1240
1239
1241
1244
1303
1311
1307
2326
2325
2322
2249
2238
2267
1396
1398
1400
1232
1238
1246
1245
1306
1311
1310
2129
2129
2131
2126
2141
2312
2183
2183
2183
2185
2191
2268
2189
1397
1257
1256
1232
1229
1230
1245
1197
1243
1310
1199
2131
1309
2125
2124
2124
2141
2142
2186
2191
2190
1258
1257
1248
1256
1247
1255
1242
1200
1200
1199
2139
2140
2123
2155
2157
2156
2182
2180
2178
2191
2195
1259
1260
1248
1250
1250
1255
1254
1252
1193
1193
1195
2139
2136
2137
2159
2181
2196
2195
2195
2195
2193
2196
1260
1132
494
1143
1142
1129
1127
1131
1134
1061
1046
1046
1045
1044
1060
508
509
497
498
495
585
584
580
595
595
1141
1137
1138
1140
1124
1125
1120
1095
1134
1092
1094
1090
1090
1088
1048
507
510
505
498
499
496
581
577
587
594
592
1138
1151
1122
1117
1125
1095
1094
1088
1087
511
511
515
514
515
519
519
502
489
522
524
589
590
590
943
1137
1150
1150
948
1121
1095
1088
1083
515
517
520
486
489
524
535
531
531
590
589
940
948
947
946
1032
1030
1029
982
982
981
975
1081
384
384
383
487
525
523
526
532
533
538
941
945
1031
1028
982
984
980
971
968
382
381
389
351
352
359
358
950
935
1006
1025
994
994
375
378
388
347
405
347
352
352
355
949
950
949
1006
1008
1011
1006
1016
1022
1021
990
375
375
412
386
405
413
346
348
349
335
356
363
356
371
955
953
1008
1013
1023
1023
1021
1023
992
994
991
372
373
410
411
414
412
414
418
338
337
362
369
965
1420
1015
1424
1335
991
1328
1323
411
414
2375
413
338
2246
364
2254
1441
1441
1444
1422
1428
1428
1331
1332
1325
1323
2375
2376
2354
2349
2353
2353
2353
2245
2246
2247
2261
1450
1447
1440
1444
1416
1431
1312
1316
1332
1324
2382
2380
2349
2354
2317
2316
2247
2257
2258
2259
1451
1437
1438
1433
1443
1434
1417
1416
1416
1266
1313
1317
2383
2381
2314
2315
2316
2252
2242
2241
2261
2265
1450
1402
1403
1241
1267
1314
1318
1318
2318
2324
2326
2323
2312
2243
2265
2264
1402
1240
1241
1269
1306
1286
1287
1308
1308
2326
2326
2323
2240
2240
2238
2236
2264
1408
1409
1408
1401
1403
1230
1246
1246
1246
1307
1311
1311
2130
2131
2130
2126
2325
2143
2236
2237
2184
2268
2188
1405
1405
1406
1413
1237
1229
1234
1196
1243
1198
1310
2133
2130
2149
2144
2144
2185
2185
2189
2187
2187
1265
1263
1233
1252
1192
1198
1200
2139
2133
2132
2143
2147
2147
2152
2179
2160
2193
1263
1265
1264
1265
1261
1262
1248
1250
1255
1251
1255
1202
1201
1193
1200
2138
2140
2140
2159
2140
2158
2159
2157
2154
2181
2163
2163
2166
2193
2158
2162
2163
1127
1127
496
1143
1148
1139
1146
1128
1133
1134
1133
1062
1051
1063
1049
1057
1060
1059
475
498
497
496
578
580
579
578
580
579
570
595
1153
1145
1134
1120
1062
1061
1050
1051
1051
1058
1058
1059
474
505
495
577
580
568
1151
1153
1149
1150
1119
1118
1120
1093
1094
1087
1047
515
512
454
520
454
488
548
521
552
587
573
588
568
1153
1150
1152
1118
1163
1117
1101
1100
1094
1087
1081
514
513
448
457
487
458
524
552
531
576
555
940
948
1030
1028
982
977
969
1114
397
518
400
525
524
533
554
555
555
937
938
934
1029
1025
978
979
969
396
398
400
402
403
403
350
402
352
532
532
305
357
936
950
952
931
1032
1042
1041
1040
979
980
971
970
398
374
399
403
351
349
301
357
964
963
964
1012
1009
1039
1004
994
992
375
996
410
412
405
419
345
348
367
368
368
370
358
963
967
966
1013
1011
1010
1022
990
1004
993
999
410
412
425
418
336
335
367
371
371
965
960
967
1013
967
1426
1425
1331
1340
1323
1322
424
425
426
426
2347
2350
338
2298
2301
2303
2303
1441
1440
1434
1431
1429
1339
1339
1338
1324
1322
2374
2375
2348
2349
2354
2351
2294
2308
2302
2302
2253
1441
1439
1433
1432
1273
1339
1338
1325
2383
2371
2382
2373
2349
2346
2338
2351
2242
2306
2307
2308
2300
1438
1437
1432
1274
1315
1274
1316
1296
2383
1317
2372
2369
2370
2370
2338
2338
2337
2243
2306
2305
2266
1381
1436
1384
1241
1270
1273
1267
1302
1295
2319
2343
2345
2337
2243
2243
2265
2265
1408
1380
1407
1380
1404
1269
1266
1287
1287
1289
2128
1293
2344
2323
2322
2334
2335
2240
2240
2263
2263
1409
1408
1407
1413
1414
1237
1235
1236
1284
1285
1286
1288
2127
2127
2324
2335
2236
2171
2175
1406
1414
1237
1237
1237
1236
1213
1203
2128
2135
2135
2125
2148
2148
2146
2171
2171
2188
1388
1411
1262
1237
1234
1226
1204
1204
1207
1208
2133
2133
2149
2149
2149
2146
2160
2145
2168
2168
1265
1264
1261
1262
1249
1202
1204
1201
1207
1209
2138
2134
2106
2154
2159
2154
2153
2151
2150
2150
2163
2167
2167
2166
1253
2165
1147
1148
1148
1146
1183
1126
1183
1064
1064
1077
1049
1060
1056
1057
1056
476
476
468
465
558
467
559
561
561
570
1148
1147
1120
1188
1188
1187
1063
1079
1050
1051
1048
1055
1055
1060
455
478
477
478
459
466
560
571
571
1153
1145
1145
1167
1104
1106
1106
1099
1099
1047
455
452
455
453
455
455
458
549
549
551
572
576
568
1152
1168
1153
1166
1167
1105
1100
1113
455
447
459
450
458
550
552
575
576
938
939
1164
934
1163
903
1034
1101
1100
1111
1113
1111
1114
447
448
457
457
401
458
401
550
552
553
556
556
557
938
939
933
932
934
1041
1041
1033
978
977
968
1115
398
397
398
400
403
333
526
331
553
554
301
305
306
935
931
934
1041
1042
1038
1038
1003
1001
396
429
394
395
408
406
406
333
331
300
330
301
304
964
966
1012
1040
1039
1003
1002
433
419
420
334
316
301
371
962
962
967
897
1009
1010
1004
1004
999
995
429
423
423
427
422
345
317
317
313
370
369
961
962
961
1013
1427
1424
997
998
999
999
444
424
426
426
421
2364
2362
318
2298
319
318
314
2299
1467
1466
1466
1430
1430
1427
1339
1336
1340
1337
1322
2371
2375
2356
2347
2363
2364
2350
2298
2296
2303
2300
1470
1470
1436
1431
1431
1272
1274
1278
1296
1337
2368
2373
2346
2361
2295
2294
2290
2292
2307
2308
2276
1439
1435
1469
1436
1436
1483
1271
1271
1274
1273
1301
1295
2373
2373
2369
2339
2337
2293
2305
2308
2275
2275
2304
1379
1386
1381
1386
1270
1269
1300
1300
1297
1294
1294
1293
2368
2344
2345
2339
2327
2242
2305
2284
2305
2274
2275
1381
1383
1231
1289
1292
1291
2118
2342
2344
2344
2331
2334
2328
2328
2239
2272
2266
2273
1394
1382
1382
1414
1414
1227
1268
1285
1292
1290
1292
2117
2119
2119
2121
2332
2333
2333
2335
2172
2173
2174
2176
1395
1410
1410
1412
1224
1228
1226
1213
1203
1288
2118
2122
2122
2146
2146
2170
2172
2177
2177
2176
2175
1387
1389
1411
1225
1225
1213
1212
1213
1209
1208
2108
2109
2106
2105
2148
2153
2171
2168
2161
2168
1390
1390
1411
1369
1371
1214
1215
1216
1209
1206
1209
2109
2107
2107
2105
2154
2151
2161
2165
2165
1370
1185
569
1173
1174
1175
1182
1186
1183
1065
1079
1070
1072
1073
1073
1073
1074
1053
1052
1053
475
478
467
559
563
564
561
561
564
571
1157
1154
1176
1188
1190
1066
1066
1079
1078
1054
474
482
477
478
468
466
465
558
565
575
571
1157
1156
1188
1189
1189
1104
1106
1105
1099
1079
1078
1055
452
450
464
473
460
548
547
573
576
1157
1169
1164
1168
1165
1167
1167
1166
1106
1103
1100
1110
1112
1113
1113
1055
452
449
461
463
543
546
545
557
917
939
939
920
1165
904
1033
1116
1116
391
450
464
461
461
539
540
541
557
556
927
910
904
1034
1037
1037
1116
645
1116
391
395
393
400
408
329
544
327
540
539
298
932
926
910
911
1002
1001
1001
394
432
432
407
408
334
329
333
332
331
299
299
305
306
959
930
897
898
1040
1035
1036
1003
1001
996
431
436
429
431
431
334
331
322
322
311
314
304
315
960
959
900
902
897
1003
995
433
441
422
334
422
422
319
316
313
315
315
962
1464
902
895
1426
669
1425
997
442
446
427
2358
421
2364
2364
2296
314
2277
1462
1464
1481
1481
1472
1276
1278
1277
1336
445
2366
2359
2357
2359
2363
2362
2297
2298
2297
2297
2303
2299
1467
1469
1462
1468
1480
1481
1482
1473
1275
1275
1276
1278
1297
1544
2366
2372
2357
2361
2360
2297
2291
2277
1470
1470
1468
1484
1483
1280
1296
1296
2367
2367
2343
2340
2339
2293
2292
2290
2280
2279
2280
2275
1378
1480
1484
1282
1302
1301
1302
1294
1556
2367
2341
2342
2339
2327
2283
2273
2278
1379
1383
1385
1385
1385
1269
1283
1281
1290
1299
1292
1556
2117
2332
2330
2329
2234
2284
2287
2272
1392
1395
1394
1385
1392
1367
1227
1222
1227
1219
1227
1284
1289
1291
2116
2120
2122
2331
2335
2233
2234
2173
2174
1394
1395
1395
1412
1366
1228
1220
1220
1211
1623
2114
2120
2113
2122
2121
2227
2170
2208
2169
2177
1390
1388
1389
1372
1224
1217
1216
1210
1210
1205
1211
1623
2108
2110
2097
2230
2231
2208
2210
2177
1390
1345
1368
1345
1368
1369
1371
1372
1215
1214
1218
1216
1205
1206
2109
2111
2112
2107
2107
2105
2095
2098
2231
2209
2207
2164
2165
2096
1174
1173
1176
1186
1185
1186
1186
1184
1065
1071
1070
1073
1074
1052
480
482
479
470
469
563
562
566
563
566
566
569
68
1155
1155
1176
1191
1191
1068
1069
1068
1076
1078
1074
1074
1053
483
471
472
472
473
563
566
67
68
1157
1162
1169
1159
1190
1067
1191
1110
1075
765
766
770
483
483
482
472
460
547
565
572
574
66
917
1162
1170
1172
1171
1102
1102
1109
1075
771
771
481
483
450
464
462
464
547
546
547
541
574
37
917
918
920
919
905
906
906
1103
1111
1108
1107
1111
1115
771
644
391
393
463
462
544
545
542
39
40
557
913
918
916
910
903
906
1037
1037
1107
645
645
392
392
392
393
328
329
328
542
542
303
306
38
928
928
927
911
1035
1037
657
657
642
645
435
436
407
408
329
327
325
298
303
306
930
929
930
900
911
909
659
666
665
643
436
436
431
430
430
323
323
324
312
312
310
930
901
902
894
895
658
669
667
668
665
443
446
443
440
438
326
321
321
320
311
959
1464
901
902
894
1477
895
1471
658
669
669
444
446
439
446
441
441
439
2359
1921
321
1902
315
1461
1463
1464
1479
1476
1472
1472
662
1543
1544
1542
445
2356
2358
1920
2276
1902
1462
1462
1455
1455
1489
1484
1473
1471
1278
1536
1542
1543
1544
2356
2359
2361
2295
1920
1919
1918
1925
2291
2280
2277
2280
1460
1487
1483
1280
1280
1279
1555
1544
2367
2365
2355
2340
2361
2283
2278
2279
1460
1459
1485
1486
1485
1484
1283
1280
1561
1298
1557
1554
1558
2341
2329
2282
2281
2286
1378
1379
1362
1282
1281
1298
1558
2117
2342
2330
2086
2330
2282
2284
2289
2288
1393
1392
1364
1362
1361
1367
1221
1221
1299
1625
1625
1626
1628
2117
2115
2087
2087
2228
2225
2234
2234
2226
2213
2215
1349
1393
1348
1367
1366
1367
1365
1222
1223
1220
1624
1625
1627
2113
2116
2088
2233
2227
2226
2210
2215
2214
2213
1349
1347
1375
1375
1371
1218
1622
1629
1623
1621
2112
2112
2114
2097
2097
2232
2232
2210
2206
2206
2214
2207
1346
1346
1372
1372
1376
1374
1217
1218
1218
1633
1633
1623
2111
2112
2111
2096
2095
2230
2222
2209
2198
2198
1373
1179
772
1181
1180
1175
1184
875
1069
760
1071
1072
773
774
766
479
480
470
470
58
58
57
71
68
69
71
1154
1178
1178
1177
1178
1191
1069
1068
762
764
773
766
110
90
471
89
61
60
65
72
64
68
67
1162
1161
1162
1158
1178
754
1076
746
763
771
107
91
88
90
472
84
63
62
60
65
66
49
1161
1172
1158
1171
1172
1170
1067
753
753
769
95
88
87
61
63
51
915
917
920
906
891
635
1108
752
647
649
771
296
88
274
275
277
543
40
40
40
38
913
914
914
919
908
905
636
638
637
637
647
641
649
644
297
288
278
278
276
325
270
43
39
926
913
908
911
716
636
638
642
643
295
290
292
326
270
323
303
922
922
921
908
898
717
659
659
666
663
434
435
434
294
291
323
324
308
308
309
309
310
923
922
922
899
652
659
667
661
664
437
441
440
292
260
321
308
309
309
1465
1463
1452
899
1478
1478
1476
651
1499
661
664
660
663
443
442
437
2010
283
1936
1936
1935
1907
1907
1901
1902
1454
1465
1453
1452
1478
1478
1479
1476
1474
1472
1502
1539
1540
1541
437
1540
2010
1927
2009
1919
1921
1906
1932
1906
1899
1899
1455
1453
1489
1477
1504
1503
1537
2002
2008
2010
1919
1977
1923
1899
1460
1455
1459
1457
1488
1486
1474
1503
1560
1560
1555
1554
1980
2003
2008
1976
1919
1986
1926
1926
1926
1922
1923
2285
1460
1458
1458
1489
1487
1283
1283
1493
1559
1558
1980
1981
1981
1977
1975
1984
1926
2288
2289
2285
1358
1357
1362
1360
1359
1493
1223
1490
1563
1562
1562
1563
1557
1558
1978
1981
1975
2229
2281
2287
2288
2288
1358
1364
1362
1359
1222
1360
1636
1219
1562
1625
1628
1628
1627
2049
1979
2089
2086
2229
2228
2225
2211
2215
1353
1355
1365
1222
1630
1626
1628
1621
2090
2088
2089
2229
2220
2212
2220
2212
2197
1349
1347
1363
1348
1377
1631
1630
1620
1621
2092
2102
2103
2222
2224
2210
2215
2200
1349
1344
1376
1376
1374
1373
1374
1635
1632
1633
1621
1613
2093
2093
2091
2102
2101
2102
2101
2224
2204
2204
2200
2199
1346
1633
2200
776
103
1181
1181
1180
876
876
759
761
762
760
772
776
775
776
109
110
109
75
78
58
55
73
72
73
69
1160
1181
1180
878
875
760
757
762
774
764
765
763
107
110
106
110
75
89
58
72
72
1160
1161
885
884
755
746
747
748
767
95
92
108
91
90
77
63
62
63
60
50
48
64
865
872
1159
893
755
754
749
746
751
748
768
769
85
88
93
91
84
269
53
54
54
52
51
49
915
920
873
891
893
750
635
753
752
753
751
650
768
297
297
275
273
271
44
37
41
915
914
874
720
636
634
636
641
647
649
648
649
296
297
274
277
278
270
272
270
190
45
44
925
924
722
716
720
633
719
633
639
647
648
293
289
288
264
278
266
268
194
190
45
42
924
925
924
908
717
718
655
656
656
646
294
292
291
292
261
186
198
923
924
710
708
654
654
655
661
622
279
281
280
284
286
263
261
198
197
1744
1740
1745
1758
654
652
651
661
664
664
663
619
619
282
284
2009
1928
1934
1935
1907
1935
1902
1744
1746
1758
1501
1501
1500
1539
1536
1534
2001
2010
2009
1928
1933
1933
1907
1903
1734
1732
1756
1755
1506
1506
1505
1538
1539
1537
1535
1541
2005
2004
2001
2007
1918
1933
1930
1908
1917
1916
1916
1732
1456
1731
1489
1756
1504
1492
1507
1507
1560
1553
2005
2005
1977
1976
1924
1925
1915
1915
1456
1457
1493
1493
1491
1491
1560
1561
1548
1548
1981
1977
1989
1986
1853
1857
1852
1852
2286
1844
1356
1358
1357
1358
1355
1654
1498
1497
1562
1546
1547
1548
1979
1547
1978
1982
1990
1991
1991
1853
1856
1856
1856
1861
1858
1352
1355
1655
1655
1490
1565
1572
1604
2061
2061
2060
1990
1855
1854
2211
1860
2197
1353
1353
1355
1363
1710
1571
1638
1636
1638
1608
1609
1602
2049
2051
2092
2089
2229
2077
2220
2212
2202
1858
1342
1344
1343
1344
1377
1635
1709
1637
1638
1638
1609
1614
1602
2091
2094
2090
2102
2094
2217
2221
2223
2204
2202
2201
1341
1341
1376
1688
1709
1635
1634
1637
1631
1629
1612
1613
1614
1613
1614
2091
2093
2093
2099
2103
2100
2218
2224
2219
2205
2219
2205
2203
2200
2202
2202
103
55
867
880
880
878
877
759
762
761
778
778
777
776
105
101
79
81
78
82
82
82
55
35
70
27
70
882
883
883
878
757
756
778
778
107
780
105
104
104
74
75
82
77
56
59
33
70
32
866
881
883
884
886
885
757
747
748
94
100
107
93
100
92
108
86
76
77
50
48
32
866
874
870
888
887
893
891
887
757
748
767
95
99
86
77
53
54
271
54
47
49
870
871
874
874
892
873
893
890
750
749
640
810
95
256
96
255
256
258
273
194
52
47
44
871
859
725
721
892
719
720
634
680
641
641
605
608
650
608
295
265
265
273
272
193
194
44
191
42
739
739
723
720
718
639
613
612
611
607
607
293
294
246
253
289
268
264
267
192
190
196
195
737
736
721
710
653
700
701
612
606
620
280
290
287
286
261
263
266
268
187
189
198
195
198
735
709
710
654
612
618
622
622
622
282
279
285
286
262
263
260
187
155
186
200
202
203
1742
1743
1746
708
706
706
621
620
282
281
283
1935
1934
1905
1905
1903
1743
1742
1744
1744
1745
1757
1765
1502
1524
1499
1500
1526
1534
1960
1533
1959
2007
2006
1927
1929
1931
1932
1912
1914
1913
1734
1733
1734
1746
1732
1758
1758
1754
1506
1526
1539
1535
1535
1958
2002
2007
1993
1931
1930
1909
1912
1917
1914
1734
1732
1753
1753
1754
1755
1507
1507
1531
1552
1553
2004
2005
2003
1985
1992
1986
1931
1924
1909
1916
1911
1916
1739
1737
1739
1739
1752
1750
1751
1495
1495
1545
1549
1551
1553
1553
1551
1552
2000
1975
1996
1983
1984
1850
1849
1356
1653
1656
1497
1654
1498
1497
1494
1496
1548
1546
1549
1996
1982
2058
1989
1987
1991
1988
1855
1856
1857
1861
1844
1846
1352
1653
1656
1712
1497
1569
1570
1572
1607
1603
1604
1604
2061
2060
2058
1991
1855
1861
1860
1858
1845
1350
1640
1351
1652
1656
1711
1712
1572
1572
1571
1609
1609
1606
1607
2048
2061
2057
2076
1793
1792
1805
1861
1804
1351
1350
1690
1688
1708
1710
1709
1615
1619
1618
1608
1610
2048
2050
2051
2100
2217
2216
1805
1805
2205
1804
1342
1676
1344
1687
1688
1709
1635
1616
1616
1619
1614
1611
2056
2051
2050
2099
2216
2217
2218
2217
2224
2205
1802
867
879
880
880
825
759
792
794
781
779
105
136
101
79
80
80
36
35
28
869
868
881
882
878
795
792
791
793
780
781
781
105
102
102
124
81
36
36
27
31
869
888
883
887
886
797
818
799
817
780
97
100
98
86
129
127
25
26
30
18
865
888
815
818
813
99
100
98
86
86
129
128
24
26
46
19
47
19
862
864
859
872
858
890
890
815
817
812
97
255
259
258
258
273
178
177
24
193
47
859
858
724
724
682
680
680
610
610
810
608
248
256
252
259
258
177
212
41
738
737
743
725
724
682
699
609
699
611
605
608
249
249
254
254
254
287
251
268
176
194
212
211
739
739
740
722
723
701
701
613
612
246
251
286
154
154
189
156
188
200
200
196
735
736
710
707
698
698
700
705
704
617
615
285
226
155
189
199
203
203
1741
1741
1740
1748
1747
1765
706
706
618
616
1960
280
1962
263
1880
1881
1903
203
1904
202
1749
1748
1749
1761
1768
1525
1525
1532
1534
1956
1960
1959
2007
1868
1930
1883
1910
1736
1748
1763
1762
1768
1767
1526
1526
1532
1531
1530
1958
1956
1971
1992
1931
1874
1908
1912
1911
1910
1738
1735
1760
1751
1766
1523
1518
1527
1535
1550
1997
1999
1993
1994
1986
1872
1873
1851
1912
1910
1739
1719
1753
1495
1528
1550
1997
2000
2000
1999
1995
1848
1850
1851
1844
1651
1651
1750
1672
1496
1495
1577
1565
1578
2059
2063
2066
1988
1983
1987
1833
1847
1859
1850
1850
1649
1653
1656
1672
1712
1569
1568
1567
1578
1604
2059
2058
2062
2076
1833
1859
1846
1801
1845
1679
1653
1690
1711
1689
1702
1569
1570
1605
1605
1603
1602
2017
2052
2053
2058
2083
2079
2080
1796
1794
1805
1801
1679
1678
1690
1686
1692
1703
1688
1712
1703
1703
1567
1619
1611
1617
1606
2056
2052
2053
2085
2085
2084
2084
2077
1793
1792
1796
1800
1803
1802
1677
1679
1676
1686
1704
1705
1615
1619
1618
1610
2056
2055
2056
2054
2082
2081
2082
2081
1791
1803
1798
1617
137
822
821
821
826
826
827
853
795
792
793
787
779
136
138
134
135
121
135
120
120
5
13
28
29
28
823
825
852
855
791
798
792
794
788
789
781
138
143
121
122
5
35
34
31
869
869
868
852
849
851
852
797
799
811
804
141
143
126
143
125
123
26
33
31
30
861
860
863
864
857
848
799
844
816
818
813
811
812
811
96
142
146
146
126
128
129
129
127
25
23
26
18
864
861
863
856
687
815
817
812
810
244
244
243
257
178
177
182
22
209
207
22
207
206
744
713
724
687
684
610
684
815
596
248
249
244
257
250
254
179
180
177
208
212
207
744
744
741
707
712
682
686
610
603
247
249
248
253
252
225
180
153
180
192
210
211
212
742
741
741
698
697
701
702
603
611
632
606
246
237
226
226
223
154
157
154
189
210
222
201
1747
1730
703
698
695
616
632
615
630
614
237
229
225
157
156
157
222
200
1725
1764
1764
705
704
703
702
1514
617
1515
615
1955
615
614
1961
1963
1963
149
1972
152
1869
1868
1881
1883
1887
201
1725
1748
1767
694
1523
1515
1530
1962
1956
1962
1973
1870
1880
1870
1882
1891
1735
1724
1763
1763
1762
1763
1768
1768
1766
1522
1524
1523
1520
1523
1529
1958
1951
1973
1973
1972
1874
1895
1890
1893
1891
1736
1738
1760
1760
1759
1760
1776
1519
1530
1530
1957
1958
2000
1970
1995
1994
1872
1874
1890
1889
1893
1720
1720
1753
1751
1777
1517
1518
1528
1527
1998
1872
1840
1842
1849
1892
1839
1649
1648
1649
1650
1651
1670
1671
1665
1569
1580
1577
1576
1581
1576
1573
1574
2044
2045
2046
2066
2064
2064
1833
1848
1841
1846
1644
1649
1674
1672
1660
1701
1566
1581
1579
1565
1574
2044
2019
2063
2066
2079
1832
1833
1847
1814
1845
1640
1651
1673
1693
1693
1593
1567
1578
1567
2019
2018
2018
2017
2062
2085
2068
2079
2079
1796
1795
1796
1822
1813
1814
1690
1679
1692
1698
1693
1706
1700
1594
2014
2055
2067
2067
2085
2084
1795
1789
1800
1798
1799
1812
1677
1684
1682
1685
1707
1707
1707
1705
1595
1594
1594
2014
2055
2070
2070
2082
1791
1790
1791
1791
1797
1800
1798
1685
827
117
822
824
827
826
838
784
786
784
790
790
137
138
137
134
133
119
122
5
14
13
17
833
823
835
835
855
853
839
795
796
784
786
789
140
139
139
117
123
124
8
4
29
31
833
833
849
849
854
852
799
785
798
801
785
805
141
143
115
123
125
123
21
21
864
849
848
802
816
800
803
804
147
148
113
3
23
3
21
21
861
862
856
857
844
685
844
814
802
812
242
244
250
185
183
207
729
711
715
715
685
677
687
597
241
242
241
184
184
181
182
208
209
205
744
726
732
711
712
676
687
686
684
604
602
239
224
179
180
164
219
219
218
743
740
732
693
604
603
632
631
240
240
238
238
230
224
231
165
166
166
163
221
221
219
219
742
1728
1730
692
695
632
632
631
631
624
237
228
230
152
157
150
166
222
220
1723
1725
1730
694
695
629
1954
1963
1966
151
149
150
1888
220
1888
1725
1761
1781
1785
1781
1516
1516
1953
1954
1954
1950
1963
1951
1967
1869
1883
1870
1883
1888
1888
1886
1722
1717
1772
1771
1787
1785
1520
1520
1952
1937
1949
1971
1968
1870
1874
1895
1892
1893
1721
1718
1772
1773
1771
1777
1777
1520
1521
1510
1940
1940
1969
1969
1970
1878
1877
1873
1895
1890
1890
1893
1721
1720
1774
1776
1664
1519
1517
1521
1573
1939
2047
1998
2034
1879
1830
1841
1836
1644
1668
1675
1668
1659
1659
1665
1664
1580
1575
1576
1576
2043
2044
2047
2046
2035
2034
2037
1832
1830
1831
1842
1838
1841
1838
1643
1644
1674
1672
1665
1579
1581
1581
2019
2044
2016
2045
2078
2036
1832
1819
1819
1813
1811
1674
1684
1647
1674
1702
1699
1702
1702
1583
1596
1599
2019
2016
2015
2068
2078
1823
1817
1812
1814
1810
1683
1682
1693
1681
1698
1700
1593
1597
2014
2014
2026
2013
2069
2080
1795
1824
1800
1808
1808
1683
1683
1692
1707
1706
1696
1592
1595
1594
1597
1592
2024
2026
2028
2072
2071
2072
1820
1789
1798
1809
2070
837
836
824
131
138
132
132
132
118
7
119
6
7
5
17
14
834
854
855
837
840
785
788
790
131
140
118
119
7
0
16
16
835
833
855
850
845
839
801
805
808
145
148
115
1
2
16
830
831
829
831
846
845
845
803
807
808
148
114
185
3
20
829
829
714
714
842
683
683
803
808
242
148
184
184
183
174
169
204
729
728
715
672
675
671
601
599
597
233
181
175
175
169
204
727
726
730
734
678
678
677
675
604
600
596
240
238
232
171
166
214
215
727
734
678
676
696
623
240
230
231
223
165
222
727
733
696
692
629
628
624
228
231
165
161
163
216
217
1727
1729
1781
1781
1778
1513
1516
629
227
228
1964
231
152
1866
152
1885
217
1722
1723
1730
1787
1786
1512
1516
1953
1954
1950
1967
1965
1968
1867
1885
1887
1886
1721
1713
1787
1511
1510
1952
1949
1949
1967
1863
1879
1867
1895
1898
1716
1721
1717
1769
1770
1769
1774
1775
1775
1945
1945
1938
1940
1938
1968
1879
1876
1897
1896
1715
1716
1669
1773
1777
1663
1509
1588
1940
1943
2047
2041
2033
2034
1875
1878
1835
1837
1837
1669
1670
1669
1665
1590
2042
2042
2047
2034
2037
1830
1828
1829
1841
1837
1839
1645
1675
1660
1589
1590
1600
2040
2042
2035
2037
1827
1830
1819
1810
1646
1647
1673
1697
1701
1583
1587
1599
1599
2012
2016
2020
1826
1824
1819
1818
1818
1811
1680
1699
1697
1591
1596
1599
2028
2027
2021
2021
2075
1823
1822
1824
1821
1808
1683
1680
1691
1696
1592
2025
2024
2028
2070
2075
2074
1821
1820
1806
1809
1592
835
819
838
787
12
11
834
790
119
1
850
846
843
841
116
803
806
144
113
15
15
831
715
845
147
173
173
170
673
807
232
170
205
729
734
675
600
239
160
172
175
215
734
693
688
688
601
625
235
234
161
164
214
1728
733
1779
696
627
158
1729
1782
626
159
1884
217
1727
1784
1786
1511
1948
1964
1965
1968
1718
1769
1787
1784
1513
1508
1945
1949
1877
1864
1713
2029
1941
2030
2029
1879
1876
1864
1898
1667
1509
1588
1937
1875
1896
1669
1661
1590
2042
2031
2031
1835
1647
1667
1587
2042
2041
2036
1828
1818
1647
1646
1694
1589
2011
2020
2022
1826
1815
1816
1646
1582
1598
2020
2075
1824
1681
1585
2074
1806
836
116
8
12
145
714
842
841
3
233
172
174
729
730
599
675
217
629
216
1885
1782
1885
1769
1714
1511
1947
1862
1944
1863
1662
1836
1828
1666
1590
2037
1827
2075
1815
1584
2025
133
11
133
7
831
840
16
145
170
599
673
674
175
691
160
159
163
1778
1516
1946
1897
1770
1662
1864
1876
1644
2039
2032
1663
2038
1816
1586
2012
2020
1695
1600
2027
2073
1821
1808
820
6
783
114
114
0
830
144
599
170
672
171
213
731
689
625
623
228
626
1513
1942
1942
1945
2038
1666
2032
1584
2023
1807
1697
2022
2071
819
783
806
131
12
840
808
673
168
731
678
234
168
158
1727
1727
627
1965
1866
1898
1714
1784
1944
1715
1661
1509
1716
1667
1586
1828
1694
1641
1641
1585
2028
2073
820
783
1658
1658
10
847
847
1024
2065
670
112
112
167
689
691
689
1779
213
1780
1947
1783
1783
1947
1865
1944
1862
1941
2030
681
2039
1834
1834
2023
1642
1642
1582
1825
1807
1695
1585
691
690
1657
111
10
10
2065
2065
670
111
670
2256
2192
2256
980
235
2262
1900
822
504
2256
2255
484
1788
1642
1788
504
2248
505
