464
12
178
178
180
180
8
8
13
23
187
186
8
11
11
23
24
24
24
197
179
179
11
10
10
21
197
180
187
187
187
9
10
28
226
207
208
208
10
10
10
27
27
28
226
207
208
208
51
51
27
206
206
206
208
57
57
57
57
54
41
41
37
28
231
206
214
213
213
57
54
41
38
228
231
231
231
214
213
55
39
39
39
40
38
228
228
300
309
310
55
376
297
297
300
310
310
310
376
357
297
301
301
310
358
299
297
301
301
314
311
310
370
358
358
360
326
297
324
314
377
377
375
358
361
361
361
361
326
326
324
314
311
377
377
378
378
400
361
401
326
326
319
377
401
324
322
319
312
387
404
404
404
401
401
398
398
323
323
320
320
321
390
401
323
320
320
321
321
321
387
387
390
390
404
404
404
404
201
201
201
201
201
202
178
177
178
177
180
180
186
186
186
8
8
13
12
13
12
12
12
23
23
23
24
201
201
178
178
178
180
178
186
186
8
8
8
13
11
13
12
21
23
23
23
24
201
198
198
197
178
180
180
187
187
186
186
8
9
9
9
9
11
11
21
21
21
24
24
24
197
198
197
197
179
179
187
187
187
7
9
9
10
10
10
21
27
27
28
227
226
226
226
226
226
207
207
208
208
187
7
208
9
10
27
27
27
28
28
227
227
207
207
206
207
208
208
208
57
50
50
51
51
51
51
27
41
27
28
28
28
28
227
227
227
231
226
206
206
208
209
56
57
57
57
51
51
42
41
42
41
38
37
38
227
231
231
231
206
214
213
213
213
56
57
57
57
39
42
39
41
37
37
38
228
228
228
231
231
231
214
214
213
213
213
56
56
55
55
55
55
39
39
40
39
37
37
38
38
228
228
231
214
309
213
309
310
307
307
376
55
39
39
39
40
39
355
38
38
357
297
299
297
300
300
300
300
300
309
309
309
309
310
310
376
376
376
376
376
371
355
371
371
355
355
357
357
299
299
297
297
300
300
309
309
310
310
310
375
375
375
375
370
370
358
371
358
357
357
357
299
297
299
300
302
314
314
314
314
375
375
375
370
370
358
360
358
361
360
360
297
324
303
303
313
314
311
311
311
311
377
375
370
370
358
361
361
361
361
326
326
326
324
324
324
324
325
319
313
311
311
379
378
378
400
400
361
326
326
326
324
324
319
319
311
312
312
377
377
377
377
378
378
400
400
400
401
401
401
398
326
326
327
322
324
319
319
319
312
312
387
388
387
379
389
390
390
390
401
398
398
327
323
322
322
322
320
321
321
387
387
387
389
390
390
403
404
404
404
405
398
398
323
323
323
323
323
320
320
320
321
321
321
387
390
390
403
404
404
398
399
399
399
399
323
177
12
201
201
202
177
178
177
180
186
186
182
186
182
13
13
13
13
12
23
23
23
23
24
201
202
202
202
202
178
178
179
177
180
180
180
185
185
186
8
8
9
13
12
12
21
21
22
24
24
198
198
197
179
179
179
180
187
185
7
7
7
7
7
9
9
11
11
11
26
22
24
22
198
198
198
197
198
197
179
187
187
7
7
9
11
11
26
21
21
26
22
22
227
226
226
197
226
197
205
207
207
209
208
184
50
50
51
10
10
27
27
26
26
28
227
226
206
205
207
207
209
209
209
50
51
51
42
41
28
28
224
224
206
206
209
216
56
57
51
42
51
42
42
41
37
227
224
224
230
230
230
230
214
214
206
203
56
56
54
54
54
54
42
42
41
40
37
37
37
38
228
231
230
230
214
214
214
214
213
216
216
56
56
56
55
55
54
55
39
40
40
37
36
228
300
230
301
309
216
307
307
55
55
376
55
40
355
36
357
298
298
300
300
301
301
309
308
307
307
376
376
372
372
372
371
371
371
355
355
357
299
299
298
298
303
302
309
308
310
307
376
373
372
372
370
371
358
358
357
357
299
299
298
298
297
303
303
303
302
313
314
314
375
375
370
370
369
358
359
359
360
360
299
331
324
302
313
314
311
311
375
379
378
378
378
359
360
360
331
325
325
313
313
313
313
311
312
379
378
378
382
400
361
400
361
331
327
331
332
324
325
319
325
319
312
312
312
377
379
388
379
378
383
400
400
400
401
398
327
327
332
332
322
325
319
319
342
312
388
388
388
379
384
403
405
401
398
398
398
327
327
322
321
321
343
387
389
389
389
390
384
403
403
405
405
398
327
327
327
327
323
322
322
322
320
320
320
320
343
343
387
389
389
389
390
389
403
403
403
403
405
405
405
399
399
403
405
405
202
177
12
202
201
202
202
202
177
177
177
176
185
176
181
182
182
182
2
13
13
1
20
20
20
20
19
20
19
24
200
200
177
174
176
176
185
185
182
182
183
182
2
13
12
20
20
22
198
198
202
195
195
179
179
174
176
185
183
7
8
4
9
6
11
14
21
14
21
22
22
22
198
195
196
195
195
179
179
174
185
185
184
7
7
4
6
6
6
14
21
22
22
26
198
195
195
205
207
209
209
184
50
4
50
6
14
26
26
26
25
227
226
225
205
205
203
209
209
50
50
51
53
53
53
42
53
41
26
26
29
29
224
224
224
225
225
225
205
205
203
203
209
209
56
54
53
53
41
34
29
37
224
224
224
230
205
204
215
215
216
56
216
47
54
54
45
42
42
36
37
36
36
38
228
228
229
230
230
214
214
215
215
216
216
47
54
44
44
40
40
36
36
36
229
229
229
230
229
301
301
308
308
307
307
44
44
44
44
372
371
40
355
355
356
356
298
298
303
301
301
308
308
308
307
307
373
373
372
372
372
371
355
355
356
355
357
298
298
303
303
302
308
308
307
376
373
373
373
372
372
369
371
359
355
356
356
356
298
299
302
302
314
318
314
318
374
308
374
374
374
373
369
369
369
359
359
360
360
331
303
330
325
302
313
313
318
318
379
370
370
369
359
359
360
360
331
331
331
331
325
335
313
318
312
317
377
317
379
378
378
382
382
359
400
391
391
331
331
332
332
332
325
325
340
342
342
312
312
388
379
379
382
400
402
391
332
332
325
325
325
340
342
388
388
388
388
379
383
383
402
402
405
398
328
332
328
322
340
340
342
342
387
386
389
389
384
384
384
402
405
402
399
399
327
328
328
322
322
340
343
343
343
387
389
384
385
384
403
403
402
403
402
402
405
399
399
399
320
399
199
200
200
200
193
177
176
176
176
181
181
182
182
182
182
2
2
1
1
20
1
20
19
19
19
200
200
202
200
200
175
176
181
181
181
183
183
183
182
3
1
1
1
6
20
20
19
19
196
200
200
174
174
175
174
175
185
181
3
3
4
4
4
6
6
14
14
14
17
22
25
196
196
196
195
188
174
185
184
4
4
6
4
6
14
16
25
25
196
196
195
195
195
188
188
174
185
184
184
184
184
4
4
6
52
52
6
53
14
14
16
16
25
25
225
225
225
225
195
225
205
205
203
203
209
184
50
52
50
53
53
53
34
34
14
16
29
29
29
224
225
225
205
204
204
204
203
203
47
47
47
46
43
53
53
35
34
34
34
29
29
224
225
230
204
204
215
215
47
45
45
34
34
29
36
229
229
229
217
217
210
215
215
216
216
47
47
44
44
45
40
34
40
36
36
36
229
229
229
230
292
290
215
216
216
216
47
44
44
44
44
368
368
40
353
32
32
31
356
296
295
295
294
301
292
305
305
308
307
306
373
373
373
372
368
368
371
353
353
356
356
296
296
294
303
302
292
292
305
306
306
374
373
373
369
353
353
353
354
356
354
351
296
298
296
303
303
291
302
292
302
292
318
306
374
374
374
369
369
354
351
356
351
351
356
330
330
330
330
302
313
318
318
318
318
318
315
374
366
380
369
369
359
359
359
359
351
351
330
330
335
317
317
317
381
381
380
380
382
382
382
393
391
391
391
391
329
331
330
332
335
335
334
317
317
317
317
381
381
380
380
380
382
383
382
393
391
391
396
329
332
332
332
335
340
340
342
342
388
388
380
383
383
383
394
396
396
396
396
396
328
328
338
338
340
340
342
342
343
386
386
386
385
385
383
402
396
396
396
396
328
328
328
338
338
338
340
341
343
343
343
386
385
384
384
402
402
394
395
395
338
193
19
199
199
193
200
193
175
176
176
155
155
155
181
154
154
183
183
183
2
1
1
18
18
17
18
17
17
19
200
199
199
194
194
175
175
175
155
183
2
3
1
1
1
1
18
18
17
17
19
199
192
194
194
194
175
175
174
175
175
181
183
3
3
5
18
14
20
15
17
25
196
189
196
189
190
190
190
188
174
174
174
149
184
145
145
183
3
4
5
5
15
15
16
25
196
196
196
189
190
188
204
184
184
52
4
5
52
5
16
16
16
25
25
221
219
190
204
204
203
147
147
147
52
46
52
52
52
52
15
35
16
16
29
225
221
221
219
203
203
203
47
46
46
46
43
43
35
35
35
35
34
30
29
29
221
221
219
219
204
210
204
211
211
215
46
46
47
45
43
35
34
32
32
32
31
31
31
229
223
217
217
217
215
211
47
49
45
34
45
45
32
32
32
31
31
229
295
217
218
290
210
290
215
49
49
44
367
45
368
368
368
31
348
295
295
294
294
290
305
305
305
305
49
373
367
367
367
368
368
353
353
353
353
353
348
296
296
295
294
294
292
291
292
292
292
305
305
306
304
367
374
367
368
368
353
353
348
296
296
293
291
291
292
316
316
374
366
374
369
369
354
354
354
351
351
351
351
330
293
291
291
318
316
318
316
315
366
366
366
366
393
351
351
351
330
330
330
330
335
335
334
334
317
316
315
315
381
380
382
393
393
392
392
391
329
329
329
335
337
335
335
334
334
340
334
342
317
317
381
380
380
382
382
393
393
391
391
329
329
329
337
337
335
340
342
346
346
386
381
386
383
380
383
396
397
396
397
328
328
337
339
338
341
341
341
342
343
345
345
386
385
383
394
394
394
395
396
328
336
336
336
337
336
338
338
338
341
341
341
345
345
386
385
385
385
385
385
384
394
394
394
395
395
395
384
199
199
193
193
193
193
194
194
155
155
155
155
153
154
2
2
2
0
18
18
18
17
17
17
17
19
98
192
199
193
194
194
175
155
156
156
155
155
154
154
3
0
0
0
18
18
17
98
98
192
192
189
191
194
175
194
149
156
154
154
152
3
3
3
0
5
15
18
17
25
87
192
189
189
190
188
188
149
149
145
145
145
113
3
5
5
5
5
15
15
15
16
25
88
189
189
189
189
190
188
188
149
149
149
149
149
147
145
145
43
52
5
5
15
15
16
88
88
25
220
189
221
221
188
219
116
149
149
147
147
46
43
43
43
52
52
35
15
16
30
30
89
221
221
221
219
204
204
210
211
147
147
46
46
43
43
35
35
35
30
30
30
223
223
223
223
219
219
210
211
211
147
46
48
46
43
43
33
33
33
32
30
30
223
217
218
218
218
210
211
212
212
211
48
49
48
48
45
33
33
33
33
32
223
295
217
217
218
290
210
290
210
212
212
49
49
49
49
48
49
45
367
363
32
349
31
295
295
295
294
294
290
290
212
305
304
304
49
367
367
363
348
348
295
295
296
296
294
291
290
290
305
306
304
304
304
367
367
362
362
362
362
362
354
354
352
348
352
296
293
293
291
305
305
306
304
366
365
366
362
362
354
352
352
296
293
293
293
293
291
291
316
316
316
315
315
315
366
362
354
392
352
329
330
333
334
334
316
315
381
366
366
420
382
393
393
392
392
329
329
333
333
333
333
334
334
347
347
347
346
315
381
381
380
383
420
393
393
393
393
392
397
336
337
337
337
337
339
333
341
347
347
347
346
346
381
381
410
394
423
423
397
397
397
397
336
336
337
339
338
341
345
344
346
346
386
386
386
410
410
423
423
394
395
395
397
395
336
336
339
339
339
338
341
341
344
344
345
345
385
386
385
410
410
423
423
394
395
395
341
193
153
199
191
193
157
157
156
157
155
155
153
153
154
2
2
0
0
106
106
97
97
98
98
98
192
191
191
193
191
194
156
156
156
156
154
154
112
112
0
112
93
93
97
97
98
98
98
192
192
192
191
191
156
156
152
154
152
113
112
113
112
0
112
93
93
93
87
87
87
192
191
190
190
191
190
156
149
148
145
113
113
113
93
93
88
220
220
189
188
118
116
149
148
146
146
145
84
113
72
72
72
15
88
88
88
89
220
220
220
220
190
188
116
148
148
146
146
148
146
147
84
72
72
72
72
35
73
88
88
221
220
221
219
219
116
134
147
147
84
77
77
35
74
33
30
223
223
223
222
218
219
218
210
211
135
48
46
48
83
77
33
33
30
30
30
30
30
223
223
223
218
218
210
211
211
212
48
48
48
77
78
33
33
31
31
247
247
247
218
250
250
250
210
265
212
212
212
212
48
49
48
367
77
363
363
350
350
349
349
349
247
295
251
247
250
294
250
290
290
290
265
264
304
263
48
304
365
363
367
363
350
350
350
349
348
349
251
251
294
294
267
267
263
365
365
365
364
362
350
348
238
251
238
293
293
293
291
267
267
267
262
304
304
365
365
365
362
364
362
354
364
354
352
352
238
238
238
293
238
334
291
266
267
315
365
366
448
365
362
450
354
352
352
352
238
238
333
333
333
266
334
266
316
261
261
316
315
315
366
408
450
420
420
392
392
392
238
333
333
333
334
333
347
347
347
347
346
346
315
408
408
410
420
420
420
420
392
392
245
337
339
347
347
346
346
346
412
410
410
420
423
424
424
424
397
245
245
337
336
339
344
347
345
345
410
409
409
423
424
423
397
426
336
245
339
339
339
339
339
344
344
344
345
345
412
410
412
409
409
409
423
423
423
426
395
426
336
344
395
153
108
199
199
191
164
157
157
157
157
157
153
153
153
153
108
115
108
106
106
97
97
97
97
97
98
192
191
191
165
157
157
158
158
153
152
154
153
115
112
115
112
106
112
93
97
98
192
192
165
165
158
158
152
152
152
115
115
115
113
112
106
93
93
93
93
92
87
87
123
123
190
118
158
158
148
152
148
151
145
145
113
113
114
113
112
73
92
92
92
92
88
87
220
189
190
118
118
118
116
148
148
148
148
146
145
84
84
72
73
73
88
89
89
220
220
220
116
116
116
116
148
146
146
146
146
84
84
72
72
72
74
74
74
63
88
89
222
222
220
219
119
116
116
134
134
134
146
83
76
72
74
74
74
74
63
63
89
89
222
222
222
222
218
119
132
134
134
136
76
76
76
77
78
64
61
222
222
222
218
132
132
210
135
135
75
75
75
77
76
78
78
61
61
247
247
250
250
132
132
211
135
212
212
135
135
135
75
75
363
363
363
350
349
350
349
247
250
250
250
265
264
264
264
263
443
365
364
363
363
350
350
349
246
251
251
252
267
265
264
264
264
263
263
263
448
448
365
364
364
364
463
463
348
348
348
251
251
251
252
251
252
252
267
267
263
262
448
448
448
364
449
462
462
348
238
238
235
266
266
266
267
261
262
261
448
450
450
450
449
462
427
462
352
462
237
238
237
237
238
235
235
266
261
261
261
261
408
261
408
450
450
408
450
420
450
420
420
427
427
237
237
235
235
266
261
282
280
408
408
408
408
422
422
424
425
392
245
245
244
244
289
288
288
347
282
279
280
280
412
412
410
410
420
422
424
424
425
425
245
244
245
244
289
289
289
344
288
288
279
279
278
412
412
412
409
412
422
422
424
424
426
425
245
245
289
289
289
289
288
288
344
344
279
345
279
345
278
412
412
412
409
409
409
421
424
421
426
424
426
426
426
426
426
108
97
163
163
164
164
164
157
157
157
173
173
173
153
108
108
106
106
106
107
107
107
97
99
99
100
100
164
165
165
165
165
158
158
152
115
173
115
115
115
106
106
106
106
93
92
99
98
100
123
165
165
165
165
165
158
158
152
114
115
115
114
115
114
115
112
105
107
92
87
87
123
123
123
123
117
117
117
117
158
151
152
114
114
113
105
92
92
73
92
91
87
123
123
123
123
118
118
118
117
117
151
150
150
114
84
84
84
84
85
73
73
90
89
89
127
129
118
119
118
118
117
116
117
134
150
133
150
146
136
83
74
74
74
73
63
63
89
61
89
129
129
119
119
119
134
134
134
133
133
136
83
83
83
83
77
78
77
74
63
63
61
61
129
128
222
128
132
132
132
134
136
136
75
76
76
76
78
78
78
78
64
64
61
61
61
128
222
128
132
135
135
135
135
135
75
75
75
76
78
78
78
64
64
64
62
62
62
247
248
248
128
132
132
136
136
75
75
77
363
350
349
456
349
247
247
246
248
250
249
249
265
265
265
264
264
264
443
263
443
443
446
364
363
364
350
463
460
349
246
246
246
246
251
252
249
249
265
265
264
263
263
443
448
446
446
364
463
463
463
463
460
246
246
252
252
252
252
267
265
263
262
262
448
448
448
450
446
450
449
463
463
462
462
462
237
237
237
236
235
252
252
266
266
261
262
262
262
262
262
262
447
448
447
450
451
462
462
237
236
236
235
235
235
282
266
266
261
273
262
447
448
407
451
451
450
451
451
427
427
427
427
427
237
236
236
288
282
282
282
282
281
281
280
280
408
407
407
422
428
425
427
428
428
237
244
244
244
244
288
288
288
282
282
281
281
280
280
280
407
407
406
422
424
425
425
425
245
244
244
244
289
289
289
287
279
279
279
278
412
411
411
409
422
421
425
425
426
425
245
242
245
242
289
289
289
287
279
279
279
278
411
411
411
409
421
421
421
421
424
426
426
163
163
164
163
164
164
172
173
173
173
108
108
108
107
107
107
99
99
100
163
163
163
164
164
172
172
172
172
173
173
173
108
108
109
105
107
99
99
100
100
163
162
162
162
165
172
158
172
151
152
114
114
114
104
105
105
92
90
100
91
125
117
151
151
150
114
114
86
104
104
104
105
90
90
91
91
87
87
125
125
125
123
122
117
117
151
151
150
86
86
85
85
85
73
73
73
90
90
91
129
129
119
117
117
130
133
133
133
150
136
83
83
85
85
85
73
58
89
129
129
129
119
119
119
130
133
133
133
133
136
83
83
83
81
85
77
81
74
63
63
61
61
129
129
128
128
119
119
130
134
133
82
82
76
64
67
64
64
63
62
62
61
128
128
128
128
130
131
131
131
131
136
143
76
76
64
64
62
62
62
248
248
248
248
248
249
131
131
135
136
443
75
443
78
456
456
460
62
456
62
248
248
249
249
249
264
269
269
269
443
443
446
446
456
456
456
460
246
251
249
252
249
249
265
264
269
269
269
443
446
446
446
449
456
463
463
463
460
246
246
255
252
259
265
265
269
263
262
447
447
446
446
451
449
449
463
460
460
237
236
235
266
273
274
447
447
447
447
446
449
462
461
462
236
236
235
235
283
282
273
273
273
407
407
407
451
451
451
451
454
427
427
427
236
236
236
236
288
283
282
281
281
274
407
407
407
406
428
428
427
428
428
242
244
242
288
242
287
282
282
281
280
280
280
413
413
413
407
406
406
406
434
432
428
430
242
243
242
242
242
287
286
287
287
287
287
279
278
278
280
411
413
411
406
406
406
406
406
421
421
432
432
432
432
243
243
243
242
286
287
287
279
278
278
411
411
411
411
411
406
421
421
421
426
432
278
111
159
163
159
163
161
164
164
171
171
171
170
173
108
111
108
111
103
110
107
107
107
99
100
100
100
163
162
162
162
172
172
172
172
170
170
173
111
109
104
107
96
99
99
100
124
159
162
162
162
162
162
166
172
172
170
109
109
104
104
104
105
99
99
100
100
125
125
125
125
121
121
166
166
169
151
169
151
150
150
86
109
86
104
104
104
105
105
105
90
90
90
91
125
125
125
121
140
151
151
150
150
86
86
86
86
85
73
90
90
90
91
90
91
91
126
122
119
121
130
133
140
151
141
86
83
80
86
81
85
85
69
69
58
58
58
126
126
126
120
120
120
130
133
141
80
82
82
81
81
81
67
67
69
63
63
58
58
129
128
128
130
130
130
131
141
133
144
143
82
82
82
81
81
67
66
64
64
59
60
62
248
254
131
130
144
144
144
143
144
143
82
65
78
66
66
66
59
62
248
249
257
131
131
131
131
270
143
269
143
442
143
143
444
444
444
66
445
66
457
456
456
456
459
62
254
254
249
131
270
270
269
444
444
445
445
457
456
457
457
460
246
254
254
255
255
259
259
259
259
270
270
270
270
270
269
443
444
445
445
445
452
457
457
460
460
246
232
255
255
259
259
259
270
269
269
443
447
447
445
445
445
452
454
461
461
460
232
232
233
259
272
273
272
273
274
447
451
454
461
461
461
461
232
232
232
232
232
233
233
283
283
272
273
273
273
273
274
274
274
441
441
441
418
451
454
454
454
430
232
232
233
233
283
283
283
283
281
281
274
274
413
407
418
406
419
428
428
430
430
243
241
240
240
240
284
281
281
281
280
413
413
413
418
417
418
418
406
434
434
428
434
430
430
242
243
240
287
240
286
287
276
278
415
417
417
417
417
434
434
432
432
432
431
243
243
243
242
286
286
286
286
276
276
278
278
415
415
417
417
434
434
434
432
432
432
431
240
161
103
161
161
161
161
171
171
171
171
170
170
111
111
111
110
103
103
102
96
95
94
94
159
159
159
160
160
166
166
171
166
171
170
170
110
110
110
103
103
102
102
96
95
95
124
159
162
162
160
166
166
169
170
169
169
168
110
110
101
102
105
105
95
95
125
121
121
166
169
169
169
168
109
104
71
105
96
96
95
91
124
125
122
122
121
139
139
140
169
150
86
86
86
69
69
91
126
122
122
122
121
138
140
141
80
80
80
71
69
69
68
58
58
58
126
126
120
122
120
138
138
138
140
141
141
80
81
67
69
69
60
58
58
126
126
120
138
138
141
143
144
80
79
81
82
81
81
65
67
67
59
59
60
60
60
60
126
253
253
130
138
144
144
143
143
143
82
79
81
66
66
66
67
59
59
254
254
253
130
144
144
442
444
445
66
66
66
459
59
459
254
254
257
257
257
270
270
442
442
442
444
444
444
436
457
457
457
457
459
459
459
254
255
255
255
259
258
270
270
442
439
444
445
436
452
457
457
460
461
256
256
255
259
255
259
272
272
272
272
439
441
445
437
445
452
452
454
461
461
461
461
256
256
260
259
272
272
272
272
274
441
441
441
440
454
454
454
461
232
234
233
233
233
283
283
285
271
272
274
274
274
441
438
441
441
440
440
454
455
455
454
430
455
430
241
232
240
233
283
285
275
275
413
438
413
418
418
418
434
434
429
430
430
241
241
241
241
284
285
285
285
285
275
275
413
414
418
417
419
419
429
431
430
430
243
243
240
240
286
284
276
275
277
414
414
415
417
417
434
434
432
431
431
243
243
240
286
286
286
276
276
276
276
276
277
415
415
417
416
416
434
431
431
431
415
171
159
161
111
111
111
111
111
103
102
103
102
102
96
94
94
159
160
161
171
166
169
170
170
111
110
103
102
96
96
95
95
159
160
160
160
166
166
169
168
168
109
110
101
102
96
95
124
124
124
124
121
166
167
169
168
168
86
101
69
96
95
124
124
122
121
121
140
140
169
168
80
71
69
71
68
68
68
91
127
127
122
139
139
139
140
140
141
80
69
68
69
68
58
126
127
122
120
138
138
138
140
141
137
141
80
79
71
71
70
60
60
127
126
138
138
142
142
79
82
65
65
67
60
126
120
137
137
144
142
142
79
65
67
67
59
59
60
253
253
257
257
257
268
268
144
79
79
436
65
65
453
66
459
59
254
254
253
257
257
268
268
442
442
444
436
436
436
436
459
459
459
256
256
258
268
268
442
442
437
436
436
452
452
459
458
256
256
256
255
255
260
260
260
260
439
439
439
441
437
437
452
452
453
458
234
234
233
260
260
271
271
272
439
439
441
440
440
440
454
452
455
458
458
234
233
233
260
271
438
438
441
440
440
455
455
455
455
458
458
241
241
285
285
275
275
438
438
440
418
419
455
429
429
241
239
240
284
285
275
285
275
275
414
413
418
419
433
433
429
429
429
239
285
284
276
275
275
414
414
414
417
416
416
433
433
431
433
239
239
240
286
277
277
415
415
417
416
416
433
433
431
431
276
160
161
171
170
96
94
159
170
103
102
160
160
167
167
101
169
168
109
101
95
95
124
122
167
109
71
69
68
139
168
71
68
58
127
127
139
140
80
65
71
70
60
120
137
137
137
141
142
79
79
70
70
70
253
127
257
144
142
65
253
257
142
65
458
59
253
258
258
268
442
436
436
436
256
260
258
258
268
268
439
437
452
453
256
437
437
435
435
452
453
453
458
234
271
271
439
453
458
234
271
271
438
440
440
455
241
233
285
438
418
419
455
429
241
239
284
275
414
414
416
419
433
429
239
277
277
414
416
433
239
277
416
433
159
101
102
94
110
121
167
167
96
80
71
71
127
122
137
137
60
142
59
459
257
459
255
256
268
435
436
439
437
260
458
455
234
271
419
419
416
433
277
277
103
94
110
102
124
167
95
109
68
140
139
140
68
120
70
65
67
257
268
442
458
260
260
453
453
234
438
435
285
438
429
271
414
414
284
275
414
419
433
431
161
102
167
101
101
96
124
109
141
68
137
71
70
127
137
142
141
79
142
268
437
437
439
438
241
440
284
419
429
284
415
416
161
167
168
110
94
167
168
139
70
127
138
79
70
65
253
253
142
436
453
458
253
258
439
234
258
271
234
234
271
455
284
239
239
277
415
416
161
167
435
435
94
160
160
181
422
139
101
101
70
137
120
137
258
70
258
435
258
258
435
453
439
437
437
435
217
438
453
453
419
239
239
284
419
429
284
277
181
181
435
101
94
94
422
422
139
101
139
449
304
449
217
79
306
306
217
0
306
306
0
449
239
449
0
397
32
