2496
1191
445
329
343
326
1170
1178
1193
1005
346
345
1178
951
1008
1008
1002
1003
1003
444
318
320
1202
1207
950
953
429
316
523
525
525
1202
1201
1047
435
510
513
522
1203
1200
1201
1065
1057
1046
598
513
512
521
1200
1100
1066
475
476
476
511
1104
1105
1105
1099
1100
1058
1059
1060
1044
614
483
485
504
504
1103
1097
1072
1054
620
619
615
485
486
506
1134
1136
1081
1080
1084
1053
622
621
2082
2139
2141
1133
1849
2078
2084
2083
2138
2136
2141
1850
1741
2079
2028
2029
2136
1736
2071
2070
2038
2029
2133
2129
2129
1750
1751
1753
1586
1943
2070
2069
2161
1674
1871
1869
1752
1585
1584
1585
1588
1944
1944
2041
2151
2152
1676
1676
1702
1702
1583
1582
1582
1941
1941
2162
1704
1566
1937
1936
2148
2146
1642
1699
1568
1699
1567
1566
1595
1594
1918
1912
1921
1924
2001
1685
1591
1919
1921
1923
2002
2002
2000
2000
1685
1684
1683
1576
1574
1577
1592
442
442
441
439
438
447
330
330
327
327
327
345
344
344
1172
1170
1176
1193
1191
1197
1190
1189
1189
1007
1006
1005
1002
440
447
445
329
320
319
330
344
344
1177
1178
1175
1194
1192
1193
1193
951
1008
1001
1006
1003
443
444
446
446
320
317
347
348
350
348
349
1177
1185
1174
1174
1206
1208
1208
954
954
954
1001
1003
1000
435
437
432
430
318
316
347
524
525
1185
1185
1202
1202
1208
952
952
954
953
1047
437
436
436
432
431
598
509
514
515
524
523
1186
521
1187
949
1064
1066
1057
937
1047
601
602
509
510
473
515
511
512
522
1101
1187
1102
1200
1098
1093
1093
1065
1062
1057
1060
1047
1046
1043
603
602
602
597
598
472
476
503
517
1107
1104
1102
1100
1095
1100
1074
1063
1075
1061
1055
1060
1056
603
620
618
478
476
483
474
505
503
1110
1105
1103
1096
1076
1073
1073
1084
1060
1091
1054
623
623
620
614
617
477
484
485
482
506
506
1109
1110
1133
1139
1134
1135
1081
1079
1078
1079
1090
1089
1090
1056
622
622
615
485
2139
506
2139
2136
2140
2141
1851
1136
1081
1080
1081
1078
1078
1744
1091
1053
1740
2075
2074
2081
2085
2085
2083
2028
2031
2030
2132
2138
2137
2137
2141
1835
1836
1835
1851
1849
1848
1745
1746
1749
1745
1744
1738
1741
2074
2075
2080
2079
2085
2030
2134
2134
2127
2128
2129
1836
1834
1834
1848
1848
1848
1754
1746
1737
1739
1739
1738
2072
2080
2067
2079
2033
2032
2133
2133
2127
1870
1870
1868
1868
1751
1754
1736
1753
1735
1739
1587
2072
2070
2038
2039
2160
2133
2153
2125
2126
2129
1675
1871
1868
1750
1752
1581
1588
1581
1588
1943
1944
1942
2040
2045
2041
2040
2041
2161
2163
2150
2153
1674
1705
1862
1565
1565
1582
1949
1944
1942
1939
2041
2163
2148
2146
2152
2149
1676
1673
1675
1705
1703
1700
1564
1568
1568
1562
1594
1579
1597
1948
1941
1947
1935
1938
1937
1998
2148
2148
2146
1644
1673
1643
1705
1681
1703
1701
1699
1568
1595
1598
1914
1919
1928
1928
1929
1922
2002
2005
2005
1643
1642
1682
1684
1687
1686
1575
1576
1578
1578
1596
1593
1912
1918
1927
1929
1927
1923
1924
1923
2002
2001
2006
1644
1685
1684
1690
1577
1578
1593
1592
1590
1593
1592
1919
328
1190
440
442
438
325
330
328
333
342
341
1173
1172
1227
1171
1171
1195
1197
1198
1008
1007
1005
1011
1011
442
467
447
439
447
314
315
319
323
326
333
346
334
350
350
1178
1176
1175
1198
1198
946
945
1010
1000
1013
998
443
467
452
315
320
317
340
349
350
1181
1181
1183
1183
1182
1179
1180
1207
1208
951
948
1000
994
997
434
433
459
459
433
429
315
519
525
1182
1188
1184
1208
949
940
937
942
939
995
994
437
437
432
432
595
430
508
543
515
515
520
520
1187
1187
1092
1203
1064
947
1071
937
939
1000
600
598
507
507
542
514
542
517
518
1101
1099
1093
1063
1068
1044
1045
603
600
472
473
502
503
1106
1105
1094
1074
1094
1076
1068
1062
1061
603
623
618
597
616
477
596
478
481
475
474
1109
1107
1137
1097
1095
1139
1075
1072
1067
1086
1059
1084
1055
1088
623
618
618
617
481
480
482
486
505
501
499
1110
1108
1132
1131
1138
1139
1138
1142
1086
1085
1087
1087
604
2082
479
2055
2139
501
2142
2143
1131
1139
1851
1135
1078
1743
1089
1759
2098
2098
2084
2085
2053
2031
2123
2124
2142
2144
1841
1851
1851
1845
1846
1749
1748
1749
1744
1744
1740
2074
2074
2100
2077
2079
2035
2032
2122
2130
2130
1836
1839
1844
1846
1844
1748
1754
1737
1775
1741
2073
2100
2073
2068
2070
2076
2038
2036
2036
2033
2119
2130
1853
1870
1868
1863
1727
1754
1734
1735
1739
1774
2071
2067
2044
2039
2119
2131
2125
2126
1870
1864
1869
1866
1733
1734
1580
1587
1931
2046
2046
2043
2151
2159
2157
2153
2149
1669
1866
1862
1734
1732
1583
1560
1588
1949
1949
1946
1948
1938
1939
2163
2163
2162
2153
2150
2152
1676
1671
1673
1667
1704
1698
1565
1567
1561
1582
1579
1945
1949
1947
1933
1935
1936
2019
1999
2027
2004
1645
1646
1673
1701
1694
1699
1563
1563
1598
1598
1598
1913
1917
1929
1999
1998
2006
1646
1639
1682
1681
1686
1695
1695
1575
1572
1571
1593
1914
1914
1914
1917
1919
1916
1929
1926
1921
1923
1922
2008
2009
2007
2006
1638
1685
1677
1687
1678
1690
1688
1574
1689
1578
1572
1571
1590
1590
1690
1569
1570
449
325
985
448
456
448
454
452
325
325
322
331
335
332
342
1226
1227
1225
1225
1195
1197
1196
1009
1009
1010
1010
1013
1012
1012
1013
457
453
324
313
332
335
335
341
1227
1173
1222
1227
1222
1194
1198
944
1013
997
466
467
452
458
452
315
314
340
335
338
371
1183
1180
1219
1207
1205
945
946
943
941
943
980
996
998
467
462
461
462
460
336
339
340
543
520
520
1183
1179
1237
1205
949
949
948
943
942
996
995
434
462
595
538
545
545
519
534
1188
1205
1111
1069
941
938
939
939
966
593
593
589
508
541
544
542
518
1106
1128
1112
1115
1115
1113
1070
1114
1071
1071
1052
1052
1043
588
588
600
592
596
594
470
471
542
497
528
517
1129
1096
1113
1115
1068
1068
1049
1051
609
610
587
613
471
468
498
497
500
1108
500
1162
1137
1117
1145
1076
1083
1083
1083
1088
1037
1051
610
610
609
613
481
480
481
498
488
501
501
1164
1132
1144
1146
1076
1086
1085
1036
1035
605
606
604
613
612
2054
2056
2124
2121
2144
2143
1140
1144
1143
1144
1843
1747
1086
1763
1763
1757
1760
2097
2099
2081
2052
2056
2124
2124
2121
2144
2144
1838
1840
1842
1846
1846
1749
1771
1763
1760
1762
1759
2100
2100
2076
2077
2035
2122
2115
2116
1836
1840
1841
1840
1845
1842
1727
1747
1729
1770
1761
1777
1779
2105
2104
2036
2034
2118
2119
2119
2170
1852
2116
1852
1853
1861
1859
1863
1726
1729
1731
1778
1778
1779
2105
2068
2101
2046
2036
2034
2171
2173
2169
1669
1860
1865
1734
1733
1730
1606
1606
1946
1901
1930
1902
2045
2043
2160
2157
2157
2156
1670
2155
1858
1866
1698
1726
1732
1730
1580
1607
1607
1945
1946
1934
1931
1930
1932
2046
2025
2159
2026
2157
2158
1671
1671
1667
1700
1560
1561
1607
1934
1934
1932
2018
2018
2022
2027
1646
1670
1641
1668
1667
1707
1697
1697
1573
1562
1597
1895
1934
1915
1933
2019
2022
2009
2026
2005
1646
1640
1641
1694
1695
1694
1692
1573
1573
1596
1617
1913
1915
1916
1926
1926
2012
2012
2011
2006
2003
1639
1678
1640
1693
1690
1691
1691
1688
1569
1569
1613
1614
1617
1616
2008
1614
455
457
454
449
322
324
322
331
382
352
352
1226
1223
1224
1224
1219
1240
1242
1242
985
984
987
991
991
978
456
457
324
450
453
313
334
374
374
373
370
371
1220
1221
1219
1246
1241
1242
1242
963
993
975
976
465
457
451
337
384
340
387
379
370
374
1222
1221
1245
1234
1235
1247
962
964
944
943
981
981
976
463
464
465
461
336
337
545
532
1220
1236
1245
1236
961
961
971
982
982
593
591
460
590
462
573
540
538
544
527
533
526
533
1214
1237
1234
1229
1234
961
1229
959
940
966
966
969
968
592
585
593
592
569
590
539
539
545
536
530
535
1130
1125
1129
1112
1115
1120
1071
1016
1071
1049
1052
1050
1050
588
586
589
572
574
469
469
493
530
1130
1130
1130
1129
1116
1116
1120
1117
1070
1048
1015
1049
1039
588
611
611
470
468
496
489
1126
1146
1148
1014
1017
1052
1037
607
608
613
581
575
496
494
494
491
491
1164
1163
1141
1141
1149
1145
1027
1027
1036
1037
1035
608
607
605
613
2048
2055
495
487
487
490
1163
1140
1144
1143
1147
1799
1764
1026
1773
1025
1027
1033
1758
2097
2093
2095
2094
2054
2050
2123
2110
2121
2121
1812
1840
1837
1838
1843
1798
1765
1771
1763
1769
1762
1758
2096
2097
2102
2052
2053
2060
2051
2113
2117
2117
1855
1839
1837
1728
1773
1772
1770
1776
1761
1778
1780
2105
2103
2103
2102
2063
2064
2059
2060
2061
2061
2173
2115
1856
1860
1861
1860
1725
1729
1778
1777
1781
1783
1775
1905
1908
2105
2044
2042
2043
2172
2173
2172
2169
2164
1662
1855
1857
1857
1865
1726
1729
1731
1723
1774
1782
1783
1903
1909
1985
2166
2165
2154
1671
1661
1866
1711
1715
1713
1724
1724
1637
1605
1607
1604
1902
1901
1910
1909
1984
2021
1974
2158
2168
2154
2155
1661
1661
1659
1660
1712
1712
1715
1713
1635
1605
1603
1601
1895
1895
1893
1893
2020
2021
2025
2023
1995
1645
1659
1657
1707
1710
1697
1627
1635
1600
1599
1602
1602
1894
1895
1885
2022
2022
2010
2010
2012
2004
1654
1654
1651
1651
1693
1708
1708
1624
1615
1613
1617
1891
1883
1885
1884
1885
2014
2013
2012
2007
1990
1990
1638
1648
1677
1679
1692
1625
1626
1615
1617
1926
423
977
412
411
423
422
381
380
380
374
364
364
351
352
354
353
353
1223
1210
1212
1240
1238
987
988
993
992
992
989
978
455
412
421
420
381
383
382
377
363
1216
1211
1247
1247
1247
1239
1244
988
987
993
983
975
416
405
414
392
383
383
384
387
378
379
377
371
1222
1235
1246
964
963
964
964
980
982
464
407
458
404
393
396
393
396
388
389
379
376
378
532
532
1214
1215
1236
962
1232
959
956
971
969
406
463
407
407
397
398
540
534
534
1214
1236
1231
1228
958
973
974
974
967
968
549
568
569
573
537
537
529
535
535
1123
1124
1125
1111
1119
1229
959
1020
974
974
1049
585
548
568
567
492
530
530
1127
1127
1126
1125
1119
1120
1021
1014
1022
1021
1017
1041
1041
1039
586
549
570
576
572
575
492
493
491
491
1169
1151
1164
1168
1168
1021
1015
1030
1029
1042
1034
1039
1040
608
564
580
580
579
495
491
1162
1169
1149
1148
1149
1148
1025
1027
1023
1042
1034
608
2095
581
577
2049
496
2049
488
1160
1164
1167
1800
1149
1801
1798
1765
1033
1755
2092
2095
2095
2094
2050
2114
2114
2113
2110
1161
1812
1802
1802
1799
1764
1773
1767
1772
1773
1767
1756
1757
2087
2090
2091
2090
2063
2047
2064
2047
2050
2051
2114
2114
2111
1812
1812
1856
1801
1797
1766
1768
1756
1780
2088
2104
2101
2065
2066
2060
2170
2165
1856
1855
1860
1797
1720
1718
1719
1776
1793
1792
1793
1783
1905
2063
2066
2060
2171
2180
2173
2164
1854
1854
1806
1858
1807
1724
1782
1783
1791
1904
1905
1910
1910
1984
2043
2057
1976
2167
2166
2168
1663
1662
1714
1721
1724
1634
1633
1786
1603
1903
1900
1897
1910
1907
1981
1985
1977
1974
1977
1978
2024
2167
2168
1661
1658
1711
1715
1715
1637
1637
1599
1604
1900
1899
1895
1907
1878
1982
1978
2024
1997
1996
1655
1658
1656
1709
1706
1710
1636
1636
1600
1601
1892
1892
1882
1875
2020
2017
2016
2016
2023
1995
1992
1656
1654
1651
1709
1627
1627
1624
1610
1612
1891
1881
1883
1881
1885
1873
2014
1874
2014
2015
2017
2016
1991
1990
1647
1647
1650
1651
1648
1680
1680
1627
1626
1626
1611
1609
1612
1679
412
412
421
423
423
425
419
367
365
363
364
359
356
355
1211
1212
1210
1239
986
986
894
993
990
990
989
977
876
418
416
420
420
390
383
364
386
361
360
362
354
355
1211
1243
1238
879
877
860
979
876
875
417
418
400
401
390
385
385
379
360
174
1217
1216
1217
1217
1243
1244
957
884
988
979
983
869
406
403
405
392
397
389
388
376
376
167
266
1215
1217
1232
1232
957
1231
955
955
970
971
982
867
406
407
408
408
398
398
397
389
526
262
260
527
535
266
266
1124
1229
1232
1230
959
972
971
635
637
968
550
404
547
569
569
566
540
255
529
267
267
1125
1121
1122
1122
1230
1118
1018
973
972
965
968
639
548
549
547
568
574
536
238
242
263
267
1150
1121
1119
1120
1021
1020
1016
1028
638
1041
563
564
564
582
565
565
576
242
241
241
1156
1156
1150
1154
1154
1022
1028
1032
1029
1041
682
564
583
584
578
578
496
250
250
252
242
1157
1161
1155
1153
1154
1019
1024
1030
1031
1032
560
2091
584
583
578
2337
579
2339
239
252
248
1160
1165
1166
1166
1157
1169
1167
1800
1824
1023
1527
1040
2086
2471
2092
2490
2048
2339
2050
249
2111
1810
1811
1165
1809
1795
1816
1755
1525
2086
2087
2089
2486
2090
2066
2339
2339
2113
2316
1812
2315
1811
1795
1794
1830
1766
1830
1831
1829
1768
1767
1790
1790
1793
2090
2063
2066
2058
2112
2181
2183
1812
1804
1809
1797
1831
1718
1719
1792
1793
2088
1908
1988
1987
1988
2065
2058
2179
2183
2181
2182
2183
1803
1805
1721
1720
1787
1785
1904
1905
1988
1975
1970
2179
1666
1663
1806
1807
1306
1714
1722
1723
1788
1786
1900
1906
1907
1986
1986
1979
1975
1977
1969
1957
1996
2178
2177
1666
1665
1706
1710
1307
1634
1633
1637
1634
1630
1632
1900
1896
1889
1897
1879
1983
1983
1983
1977
1997
1996
1996
1655
1665
1657
1331
1620
1312
1618
1621
1631
1632
1629
1890
1882
1880
1878
1981
1956
1994
1994
1993
1653
1656
1649
1656
1333
1333
1334
1622
1621
1621
1610
1612
1612
1886
1887
1873
1874
1873
1963
2015
1963
2016
1991
1992
1653
1650
1653
1650
1332
1332
1627
1622
1624
1611
1609
1962
425
358
413
427
424
369
368
368
368
362
359
357
356
1211
1210
854
853
878
878
894
859
861
876
873
872
413
428
428
428
426
425
386
365
366
361
358
157
855
853
877
881
881
885
860
860
874
875
876
417
418
415
402
426
186
376
174
173
169
855
856
834
856
880
881
886
886
886
868
871
871
403
391
401
400
391
395
389
262
259
167
837
837
832
882
883
868
554
554
403
398
144
144
261
262
264
270
270
835
836
835
831
740
956
637
636
636
639
551
553
554
552
395
395
141
261
257
264
263
257
268
269
721
736
739
740
738
1018
652
634
637
551
550
547
566
154
142
240
265
269
722
737
737
1018
651
1032
639
563
562
559
559
582
153
147
240
242
244
1156
1151
1156
722
705
1031
1032
686
685
686
686
683
562
561
561
584
578
238
251
251
243
1159
1152
1154
704
702
1024
694
682
683
561
2472
560
584
2492
2494
2495
239
2337
252
252
249
248
1159
1158
1153
1820
705
1814
1826
1825
1529
1528
1528
1526
2472
2487
2487
2471
2491
2493
2495
2494
2339
2338
2332
2319
2316
2312
1158
1808
1822
1817
1822
1829
1824
1767
1827
1524
1526
1527
2466
2467
2490
2488
2336
2336
2319
1809
1795
1821
1818
1832
1827
1790
2410
2466
2411
2486
2490
2488
2336
2336
2319
2317
2304
2315
1809
1807
1819
1795
1832
1832
1716
1717
1829
1717
1789
1790
2410
2412
2412
2409
2409
1971
2057
2326
2329
2183
1803
1806
1414
1807
1832
1415
1716
1788
1785
1791
2416
2415
1988
1987
1973
1972
1973
1971
2180
2176
2176
2178
2178
1666
1804
1310
1413
1307
1545
1787
1788
1788
2417
1980
1980
1979
1973
1972
1958
1969
1970
1957
2177
2178
1664
1343
1342
1309
1310
1310
1311
1312
1629
1632
1898
1896
1982
1956
1957
1994
1666
1355
1344
1344
1306
1308
1318
1620
1318
1629
1631
1890
1889
1880
1890
1880
1956
1953
1994
1348
1344
1330
1333
1316
1317
1621
1632
1256
1890
1888
1875
1880
1877
1963
1962
1963
1968
1968
1346
1348
1335
1330
1339
1329
1333
1327
1334
1317
1317
1253
1608
1254
1887
1968
1608
159
851
410
410
428
425
369
188
187
366
187
358
358
158
158
852
850
854
896
896
895
859
872
861
861
873
409
410
427
47
368
189
186
173
156
173
156
157
847
856
857
857
880
881
886
862
874
415
415
46
42
42
172
174
171
168
844
844
845
855
856
888
884
882
883
885
863
870
871
23
22
403
40
41
42
259
172
258
166
169
169
830
836
837
832
831
645
864
866
865
633
633
867
553
402
20
140
145
144
145
260
262
259
259
272
168
837
833
832
647
646
637
642
641
554
552
25
145
145
142
141
256
271
272
272
272
833
724
739
740
739
648
648
652
652
634
642
556
558
118
155
155
147
155
147
257
235
268
724
721
736
733
740
650
732
652
651
640
640
557
555
557
559
123
153
150
149
237
235
718
712
735
735
703
696
686
556
559
123
122
150
150
236
243
1159
718
717
720
705
711
704
703
694
685
2474
555
2491
2495
121
121
247
247
247
245
246
245
1159
717
712
1814
1813
1813
1826
1528
1825
1525
2473
2492
2493
2495
2333
2330
2331
2318
2314
1437
1822
1820
1816
1824
1827
1529
1524
2470
2467
2489
2485
2333
2333
2333
2331
2318
2314
2313
2314
1433
1434
1822
1819
1829
1827
1539
1538
1524
1534
1524
2468
2490
2411
2485
2482
2484
2484
2329
2329
2317
2308
1420
1421
1413
1818
1537
1537
1534
1523
2412
2412
2485
2325
2325
2328
2329
2304
2307
1420
1421
1414
1417
1406
1548
1551
1546
1546
1785
1552
2404
2416
2416
2416
2415
2361
2362
2240
2303
2175
2174
2174
1342
1358
1379
1416
1416
1310
1417
1545
1548
1549
1547
1557
1554
2417
2415
2364
2360
1973
1951
2234
2175
1344
1379
1380
1309
1315
1314
1556
1557
1630
2345
2346
2365
1879
1960
2237
1958
1957
1951
1951
1356
1359
1341
1344
1331
1308
1315
1315
1320
1320
1251
1555
2344
2344
1888
1877
1876
1960
1960
1967
1964
1952
1953
1348
1356
1338
1339
1339
1329
1337
1322
1312
1319
1320
1254
1249
1886
2343
1877
1877
1961
1961
1965
1966
1968
1968
1952
1347
1349
1348
1349
1346
1335
1339
1329
1329
1327
1324
1316
1325
1253
1323
1255
1252
1256
1256
1256
852
917
31
56
49
50
48
189
188
187
177
160
161
159
851
849
848
896
891
893
895
893
859
916
920
920
918
48
49
47
47
189
190
186
161
847
163
846
847
845
848
887
896
890
893
866
919
870
919
21
57
47
46
45
42
190
170
170
844
846
847
838
842
840
841
830
891
889
862
870
932
23
20
23
21
45
40
139
40
190
171
169
844
827
828
888
866
660
647
865
863
625
28
27
22
25
19
20
139
137
137
254
253
165
165
833
824
827
829
829
645
647
661
624
642
28
25
154
120
138
138
140
143
137
257
254
253
302
271
303
303
734
732
644
647
659
658
642
631
641
128
118
155
151
152
148
237
237
306
306
302
304
724
724
727
735
734
735
648
658
630
684
688
129
129
117
125
148
150
103
235
306
304
719
725
714
726
702
708
706
707
649
696
695
689
688
127
117
124
149
237
305
244
247
716
720
720
713
715
709
709
710
710
710
696
693
690
690
2475
2475
2460
125
122
97
282
2297
717
717
711
1825
1504
1528
1505
1522
2474
2475
2473
2475
2461
2476
2478
2334
2324
2334
2330
2323
2311
1454
2312
1436
1436
1435
1817
1502
1502
1536
1536
1522
1524
2470
2469
2470
2464
2462
2482
2480
2479
2320
2324
2322
2310
2314
1434
1437
1439
1407
1404
1539
1538
1533
1532
1531
2468
2470
2482
2485
2480
2321
2328
2322
2302
2307
2309
1422
1433
1439
1407
1409
1406
1405
1539
1538
1533
1533
1533
2406
2406
2403
2407
2408
2483
2483
2326
2328
2301
2304
2309
2308
2309
1422
2309
1421
1419
1418
1411
1411
1543
1554
2404
2405
2368
2362
2362
2362
2241
2239
2240
2304
2301
2305
1382
1421
1383
1416
1410
1416
1412
1548
1548
1551
1559
1551
1553
2348
2367
2368
2360
2239
2238
2236
2236
2234
2190
1359
1357
1358
1383
1375
1315
1549
1559
1558
1555
1555
2347
2348
2348
2366
2365
2364
2378
2238
2235
2236
2224
2224
1363
1355
1359
1380
1374
1374
1314
1320
1250
1558
1249
2346
2345
2341
2376
2376
2377
2378
2225
1953
1354
1354
1351
1341
1341
1337
1328
1322
1325
1250
1259
1253
1251
2343
2342
2343
2340
2375
2375
1964
1965
1966
1352
1353
1350
1345
1338
1336
1328
1325
1324
1323
1322
1319
1253
1255
55
56
52
57
52
189
177
179
164
162
850
813
849
891
893
908
917
920
920
31
56
57
50
43
176
175
193
179
160
164
164
841
842
791
891
890
916
932
923
925
33
33
44
44
43
192
194
194
192
166
839
839
840
792
798
889
866
933
930
930
23
29
222
223
217
823
838
826
827
828
798
797
662
935
624
628
625
930
28
27
26
20
30
139
79
222
217
217
823
825
819
827
820
646
644
643
662
661
632
28
26
152
139
81
80
222
307
307
301
300
301
825
730
728
731
644
632
631
130
130
135
119
152
114
102
311
310
311
308
297
298
299
729
730
729
726
727
732
657
659
699
687
129
129
126
120
119
151
102
311
306
298
725
715
706
748
697
707
698
689
692
688
127
127
125
125
124
106
105
105
98
284
286
714
713
709
696
692
691
691
2458
2457
2459
2460
2460
2449
98
97
283
282
1454
720
1436
708
1502
1504
1503
691
1505
690
2459
2464
2462
2461
2477
2324
2274
2297
2297
1455
1455
1436
1442
1508
1504
1505
1503
2465
2463
2476
2480
2480
2479
2323
2324
2311
2295
2294
1428
1439
1441
1441
1404
1506
1539
1536
1530
1530
2465
2465
2437
2482
2446
2321
2320
2295
2310
2306
1430
1430
1439
1440
1412
1405
1497
1540
1532
1531
2406
2407
2363
2327
2302
2306
2305
1418
1419
1432
1409
1543
1541
1540
1552
2401
2400
2363
2359
2240
2240
2222
2221
2191
1383
1381
1377
1408
1412
1411
1542
1544
1559
1543
1554
2347
2401
2368
2368
2359
2241
2235
2233
2191
2192
1383
1381
1378
1313
1542
1559
1554
1257
1257
2350
2348
2367
2378
2377
2248
2232
2236
1363
1364
1362
1359
1372
1361
1370
1375
1400
1378
1399
1293
1288
1261
1257
2340
2349
2341
2369
2373
2378
2375
2237
2259
2261
2226
1354
1354
1363
1364
1361
1396
1398
1399
1403
1401
1403
1287
1287
1289
1261
1261
1260
1249
2343
2349
2353
2369
2375
2259
2225
2224
1352
1351
1341
1336
1345
1398
1402
1402
1321
1290
1290
1265
1264
1350
813
59
53
54
51
54
52
63
182
175
178
180
162
812
813
818
814
786
815
909
910
910
922
924
925
925
53
52
64
64
179
176
178
179
199
164
163
818
817
791
908
907
923
933
924
13
10
57
76
75
75
76
191
193
200
199
818
793
793
793
796
795
934
932
928
930
11
12
33
33
29
74
211
74
211
216
203
203
216
200
824
800
822
826
793
797
798
798
794
935
935
934
928
12
11
32
38
78
222
217
215
218
301
822
821
820
756
644
655
662
662
632
653
632
629
134
38
107
80
81
309
221
223
214
822
301
295
819
762
728
757
757
657
701
664
671
134
135
131
115
115
114
112
310
308
300
297
299
730
761
749
747
749
657
656
700
663
666
133
133
132
116
116
103
104
309
311
291
308
723
293
760
760
764
776
775
698
697
699
666
688
2460
2432
105
106
101
289
290
285
291
286
719
767
776
778
779
777
680
693
2458
2477
2450
105
100
100
101
2275
283
2300
286
2299
286
285
1456
1453
1452
775
1470
779
1509
1510
1510
1510
1512
691
2434
2433
2449
99
2274
2273
2300
1456
1455
1455
1461
1470
1510
1508
1507
1511
2464
2436
2441
2440
2441
2441
2444
2446
2269
2270
2268
2274
2268
2271
2295
2296
2292
1469
1442
1465
1466
1507
1507
1490
1489
2465
2407
2438
2440
2445
2446
2270
2270
2294
2295
2293
1431
1431
1441
1441
1440
1465
1497
1498
1487
1490
2399
2398
2385
2445
2207
2222
2220
2215
2293
1432
1412
1500
1500
1541
1486
1486
2398
2399
2402
2405
2400
2387
2385
2203
2205
2222
2222
2221
2219
2188
2192
2197
2197
1382
1429
1429
1369
1408
1495
1543
1494
1553
2402
2401
2386
2382
2248
2248
2232
2219
2218
2191
2189
2194
2193
1376
1376
1378
1292
1494
1544
1282
1283
2350
2401
2381
2372
2373
2247
2233
2191
1364
1364
1372
1373
1372
1373
1400
1370
1377
1295
1295
1294
1269
1269
1285
1285
2352
2353
2373
2371
2373
2260
2249
2229
1361
1397
1396
1401
1397
1403
1288
1266
1259
1261
1265
1286
2351
2353
2352
2356
2370
2260
2261
2258
2226
2230
1360
1390
1361
1398
1398
1403
1291
1289
1263
1262
1265
1265
1258
2370
65
788
62
61
67
67
183
182
181
184
181
809
813
811
811
816
814
787
910
906
898
922
922
58
61
61
61
68
77
209
184
210
210
180
198
817
818
815
786
789
909
914
906
922
925
13
10
10
76
77
76
212
212
213
203
213
201
799
792
789
780
795
907
926
929
12
37
36
219
221
212
202
203
800
790
790
794
935
654
926
929
12
3
30
38
78
85
79
220
219
218
215
822
803
757
756
628
8
108
3
107
84
86
83
225
296
294
296
758
758
655
657
671
654
670
134
7
110
108
115
113
86
112
231
231
292
292
759
749
747
700
663
665
664
134
131
115
113
232
291
284
281
279
293
764
763
763
761
769
746
748
701
680
678
666
666
678
132
2427
2431
113
104
290
291
278
280
281
764
767
764
776
779
779
774
681
679
2435
2433
2432
100
100
290
2298
1453
1460
1471
778
777
1519
681
1515
2435
2436
2454
2450
2450
2274
2275
2299
2300
2287
1452
1460
1459
1444
1470
1509
1520
1520
1519
1511
1512
2435
2424
2441
2439
2444
2266
2267
2272
2291
2284
1459
1461
1465
1470
1506
1518
1490
1489
2423
2425
2437
2442
2438
2269
2266
2271
2272
2291
2292
1431
1458
1458
1464
1465
1463
1499
1500
1488
1498
1490
2423
2424
2443
2446
2206
2220
2213
2217
2196
2197
1425
1431
1429
1464
1496
1500
1487
2396
2386
2387
2386
2382
2204
2205
2207
2213
2216
2189
2188
2196
2197
2195
1427
1426
1427
1475
1495
1494
1494
1493
1483
1491
1483
2396
2397
2381
2382
2204
2219
2219
2185
2193
2194
1371
1371
1369
1367
1293
1271
1279
1285
1283
2393
2357
2394
2391
2251
2251
2250
2248
2246
2242
2185
1372
1392
1368
1394
1299
1295
1284
1284
1285
1282
2351
2353
2372
2357
2257
2249
2244
2242
1393
1392
1392
1390
1395
1292
1295
1271
1266
1276
1275
2358
2357
2356
2260
2260
2258
2231
2230
2230
2229
2231
1391
1390
1386
1291
1305
1305
1263
1263
1264
1275
1385
184
62
67
810
810
816
805
804
787
915
788
915
913
913
898
898
59
69
63
184
71
205
205
809
808
808
787
914
911
904
902
927
17
15
68
71
71
209
207
201
198
807
799
784
912
905
902
17
17
17
16
35
70
212
220
197
196
803
781
756
905
927
18
3
1
38
37
228
227
224
195
802
803
758
759
751
753
653
629
8
1
1
83
86
83
233
224
225
294
754
753
752
669
671
8
7
1
111
96
85
86
233
233
233
229
295
762
742
758
746
675
671
6
111
91
91
287
279
275
769
769
749
772
680
5
110
90
91
288
288
281
766
768
773
773
681
681
678
2427
2431
2451
2450
2448
2280
2280
281
278
765
1460
769
773
1467
773
1520
679
2434
2435
2429
2456
2265
2264
2279
2287
2287
2286
1446
1443
1446
1471
1520
1519
1514
2422
2422
2263
2279
2279
2285
2287
1460
1445
1462
1466
1467
1517
1513
2419
2425
2425
2439
2453
2453
2443
2267
2453
2282
2281
2284
1458
2284
1449
1463
1480
1517
1485
2419
2421
2386
2442
2206
2212
2217
2217
2283
2282
1425
1426
1449
1475
1496
1474
1492
1482
1482
2384
2383
2384
2203
2217
2195
2202
2199
1427
1424
1474
1476
1473
1492
1482
1482
2396
2395
2250
2207
2185
2186
2200
2199
1424
1368
1300
1473
1281
1280
2393
2392
2381
2256
2251
2246
2245
2187
2187
1392
1365
1367
1298
1271
1270
1281
1281
1286
2357
2246
2255
2244
2242
2187
1385
1387
1387
1395
1302
1304
1270
1267
1273
1276
2358
2355
2355
2253
2231
1393
1391
1385
1394
1305
1304
1268
1274
1274
1275
2231
60
67
183
204
903
899
14
204
787
911
69
72
71
207
785
228
197
801
781
905
901
16
96
228
803
750
751
667
35
195
803
667
670
8
109
82
232
275
745
744
753
672
96
96
91
87
230
275
276
766
746
746
674
2428
109
2447
90
274
770
2431
2451
280
771
1515
673
2429
2456
2264
2280
2289
1446
1444
1446
2425
2455
2263
2263
2265
2276
2281
2290
1462
1480
2426
1451
1447
1451
1451
1463
1481
1481
1484
2380
2214
2216
2283
1481
1484
2383
2212
2213
2199
1450
1476
1491
2391
2380
2209
2199
1366
1299
1473
1281
2394
2392
2251
2209
2186
1388
1299
1297
1271
1280
2392
2246
2228
1387
1302
1268
2355
2243
1303
1273
14
785
915
903
808
0
70
208
751
742
742
754
4
94
226
89
672
287
673
1514
2454
1517
2455
2426
2277
2289
1478
2282
1478
2212
1485
1476
2397
2200
1299
1300
1303
1267
2253
2227
804
903
805
912
15
72
901
808
668
226
35
227
753
94
744
771
774
2448
2278
2290
1517
2453
2212
1481
1480
2396
2202
1451
2211
2202
1278
2209
1366
1365
2256
2187
1388
1298
1273
1275
66
915
207
785
784
904
18
801
230
668
95
744
676
5
88
277
229
766
274
2280
2285
1447
2284
2201
2391
1424
2255
1297
1278
2255
1387
1305
66
207
806
806
904
208
196
35
676
4
95
275
675
770
2428
2431
274
1443
1467
1513
2418
2262
2276
2421
2212
2210
2419
2380
2211
1476
2254
2392
2390
2228
1386
1302
66
206
1955
1955
899
73
73
2109
2414
93
783
783
676
88
94
87
2447
674
2430
2288
2420
2420
2288
1468
2277
1478
1448
1448
743
2202
1479
1277
1423
2389
2389
2254
1297
1278
2256
2253
627
627
1955
782
900
900
2414
2414
93
782
93
1619
626
1619
2109
276
2106
2109
2107
626
2107
571
2108
1815
2389
1815
570
2108
571
