2464
557
1011
1010
965
965
564
562
557
538
972
976
563
543
551
536
535
524
525
1030
1005
1007
573
547
546
508
1107
966
973
990
975
568
542
503
1111
1229
987
987
567
541
540
512
509
502
1170
1223
986
988
398
396
510
1226
1225
1224
1209
392
393
393
390
394
374
374
356
357
1161
1157
1160
1205
1206
391
395
372
359
1184
1184
1163
1162
1160
1206
405
395
383
384
372
359
1185
1186
2214
2187
2182
407
1479
2330
2217
2213
2181
2183
2182
1479
1458
2216
2225
2224
2184
1456
2337
2336
2226
2227
2190
2193
2193
1503
1503
1443
1425
2342
2337
2338
2227
1465
1466
1508
1444
1432
1432
1431
1424
2342
2341
2343
2293
2292
2309
1384
1377
1376
1428
1432
1428
2351
2351
2405
1383
1278
2401
2395
2296
2305
2307
1308
1275
1306
1277
1278
1281
1281
2349
2348
2393
2398
2287
2281
1276
2390
2388
2400
2398
2285
2282
2283
2284
1379
1305
1297
1297
1276
1288
1035
1036
1034
1036
1038
1011
1011
1019
1017
1019
964
965
980
980
978
566
565
556
557
556
551
552
548
537
538
534
534
1038
1037
1009
1008
1009
965
1017
979
979
563
566
572
565
555
555
557
551
538
536
538
525
1030
1030
1031
1006
1009
967
966
974
975
976
975
560
571
574
572
575
542
546
507
508
508
506
524
528
1111
1112
1113
1101
968
970
970
974
989
571
569
567
541
547
545
546
507
506
500
1107
1112
1107
1104
1102
1104
1229
968
987
990
989
570
989
568
542
513
512
502
503
501
1108
1109
1169
1226
1226
1222
1222
987
988
388
387
385
398
398
403
401
540
510
509
355
501
355
358
1108
1192
1191
1173
1172
1169
1226
1211
1210
393
389
386
397
395
397
376
373
377
374
358
356
358
1192
1192
1190
1163
1158
1225
1205
1203
1210
391
393
389
390
379
375
375
373
350
353
354
1187
1187
1186
1163
1162
1163
1157
1160
1206
1206
1203
410
410
405
415
406
414
384
382
381
382
354
354
354
359
1187
1185
1161
1160
2186
1202
2180
2183
2183
2183
1481
406
384
384
383
380
380
1517
352
359
1459
2330
2331
2217
2217
2215
2213
2224
2222
2188
2188
2188
2185
2180
2182
1478
1481
1478
1480
1480
1502
1504
1501
1518
1519
1453
1458
1462
2332
2330
2217
2334
2220
2220
2188
2184
2191
2192
2193
1478
1463
1464
1505
1506
1501
1503
1502
1457
1455
1461
1462
2332
2337
2337
2215
2226
2227
2227
2190
2193
1466
1464
1506
1507
1509
1454
1456
1444
1451
1457
1425
2335
2340
2344
2344
2228
2229
2294
2193
2308
2193
1465
1468
1509
1509
1447
1447
1427
1431
1426
2342
2342
2340
2345
2346
2347
2343
2404
2405
2294
2292
2308
1470
1384
1508
1447
1447
1432
2364
2364
2359
2401
2404
2405
2296
2292
2306
2304
2309
1385
1384
1384
1380
1376
1274
1274
1275
1278
1282
1429
1283
2351
2348
2349
2394
2395
2401
2403
2296
2298
2306
2277
2300
2305
1382
1385
1380
1380
1307
1278
1283
1283
2355
2390
2394
2394
2395
2392
2296
2288
2282
2284
2281
1378
1380
1304
1308
1306
1277
1298
1271
1283
1287
2354
2356
2389
2392
2388
2399
2399
2400
2285
2288
2289
2284
2280
1379
1304
1297
1270
1288
1288
1287
1286
1288
2390
1018
549
1035
1034
1014
1013
1019
1018
962
980
980
949
978
961
566
566
553
554
549
551
537
533
535
519
1035
1033
1038
1037
1009
1008
1003
967
1016
963
963
962
977
971
976
562
566
576
554
553
550
552
532
530
520
521
1032
1033
1006
1004
1007
969
970
972
971
558
561
561
559
571
576
576
574
589
543
544
505
528
527
1115
1033
1114
1031
1115
1005
969
973
975
558
571
576
573
546
513
508
504
516
528
528
1112
1115
1113
1102
1105
1101
1103
1219
970
982
990
983
387
403
402
542
540
545
513
518
516
500
1110
1105
1170
1229
1218
1223
1218
1209
981
386
398
401
371
371
362
362
1189
1109
1173
1216
1211
1211
388
385
399
376
400
378
368
374
361
1192
1188
1191
1172
1173
1164
1171
1158
1155
1224
1216
392
412
417
394
400
417
379
367
369
369
351
351
350
349
1187
1184
1175
1167
1158
1156
1204
1156
1204
1203
1203
411
412
412
405
416
416
415
379
366
366
353
348
1175
2214
1159
2163
2187
1199
2179
2176
407
413
1481
414
381
1391
352
1460
2328
2328
2216
2222
2219
2219
2164
2180
2177
2178
1474
1481
1512
1510
1512
1515
1519
1517
1459
1453
1462
2332
2331
2317
2333
2221
2222
2224
2185
2192
2178
1476
1467
1511
1511
1507
1519
1453
1455
1461
1462
2332
2318
2318
2333
2336
2334
2346
2221
2226
2231
2232
2190
1469
1463
1505
1538
1534
1443
1450
1452
1457
1437
2335
2339
2346
2347
2230
2190
2308
2308
1471
1470
1470
1539
1509
1451
1427
1427
2361
2345
2407
2228
2293
2291
2294
2290
2303
1470
1536
1536
1448
1449
1451
1446
1430
2366
2366
2366
2361
2360
2404
2405
2409
2298
2294
2304
2304
2302
1381
2301
1381
1377
1375
1447
1445
1273
1430
1429
2350
2363
2362
2361
2395
2402
2397
2299
2299
2279
2304
2271
1382
1370
1370
1308
1273
1272
1282
1279
1280
2356
2356
2391
2396
2288
2289
2276
2274
1367
1369
1307
1367
1301
1302
1289
1271
1286
2355
2354
2353
2356
2390
2416
2392
2416
2392
2399
2399
2396
2286
2289
2283
2276
2281
1367
1305
1311
1303
1303
1303
1302
1297
1295
1271
1285
1286
1299
1295
1294
1014
1012
548
1038
1021
1023
1023
1014
1019
1015
1015
946
950
950
950
961
960
958
598
596
597
604
550
533
531
533
531
533
520
522
1027
1022
1016
1002
945
944
948
948
961
957
953
957
614
611
605
529
532
523
1033
1028
1026
1028
1001
1004
1003
992
991
991
953
561
560
607
575
587
544
593
504
591
505
530
526
523
1032
1028
1114
1098
1100
1097
993
993
992
985
984
559
569
606
589
590
586
592
511
511
526
528
1115
1099
1097
1219
1221
998
984
983
429
606
434
590
592
517
518
518
465
1109
1109
1105
1105
1220
1221
1218
982
429
430
403
403
433
438
320
321
371
514
518
364
364
1110
1189
1190
1093
1105
1171
1164
1214
1218
1215
1207
1208
431
397
437
399
371
368
361
361
1177
1188
1177
1174
1164
1216
1196
1208
1200
412
1201
409
417
417
422
378
369
369
351
347
349
363
1183
1175
1176
1168
1166
1165
1155
1195
1195
1201
1200
411
409
421
422
379
367
347
347
349
1178
1180
1180
1166
1179
2162
2163
2164
2165
2175
2175
408
413
419
422
1514
1516
366
1391
1394
1389
1393
2327
2328
2218
2222
2164
2166
2166
2170
2177
2176
1473
1473
1514
1513
1514
1518
1403
1394
1394
1394
1460
2328
2318
2313
2221
2231
2172
2173
2171
1476
1475
1475
1474
1510
1513
1533
1515
1401
1401
1392
1436
1436
2318
2316
2210
2194
2232
2231
2174
2174
1476
2171
1476
1469
1468
1467
1538
1534
1534
1452
1399
1437
1436
2315
2339
2311
2346
2195
2231
2230
2248
2236
1471
1488
1538
1539
1449
1451
1434
1434
2365
2383
2360
2382
2339
2409
2228
2248
2291
2251
2301
2243
1487
1537
1375
1539
1448
1450
1433
1438
1440
2363
2366
2358
2361
2360
2406
2407
2409
2297
2262
2299
2303
2302
1368
1368
1374
1446
1290
1442
2358
2357
2413
2414
2413
2412
2299
2277
2300
2272
1366
1369
1372
1372
1293
1292
1273
1279
2352
2358
2415
2413
2414
2412
2397
2278
2279
2272
2274
1367
1370
1371
1370
1293
1295
1292
1280
1285
2352
2353
2416
2419
2417
2411
2286
2286
2289
2276
1312
1311
1310
1309
1300
1301
1291
1299
1296
1298
1295
1233
1237
1285
2417
1236
1020
1023
1023
1013
1077
1012
1067
945
946
951
951
960
961
959
959
599
597
596
605
605
604
495
499
499
519
1020
1021
1001
1064
1075
1063
944
947
951
951
956
956
955
958
615
613
600
600
586
595
497
483
522
1025
1028
1026
1064
1063
994
994
994
997
948
615
615
613
608
610
611
595
594
593
496
487
523
523
1090
1091
1027
1002
1098
995
1000
997
610
609
587
610
595
594
473
488
465
1091
1091
1088
1087
1099
1130
1131
1221
998
1000
985
999
680
607
608
589
432
436
590
319
591
515
517
472
464
465
1095
1094
1094
1095
1087
1092
1131
1221
1220
1231
981
681
431
435
431
437
433
321
321
317
515
514
328
364
465
1096
1095
1093
1133
1134
1227
1214
1216
1207
431
425
430
426
439
438
439
315
320
318
318
328
364
1177
1177
1168
1212
1212
1213
1201
427
421
316
314
317
361
349
1181
1182
1179
1120
1121
1213
1196
1194
1201
1198
445
409
409
419
422
309
309
311
332
348
331
1182
1181
1178
1167
2211
2163
1193
1199
1198
1197
446
419
419
420
420
1524
1528
309
1402
310
310
331
1388
2326
2326
2325
2212
2212
2211
2164
2169
2165
2169
1499
1500
1472
1497
1514
1529
1529
1516
1390
1403
1393
1389
2319
2327
2313
2210
2212
2196
2196
2167
2173
2169
1500
1473
1473
1534
1404
1403
1396
1398
1392
1395
1387
2317
2313
2314
2313
2207
2206
2197
2197
2196
2196
2174
2170
1483
1489
1489
1532
1533
1399
1397
1395
1411
1410
1437
2382
2379
2314
2311
2195
2194
2174
2248
2234
2247
2236
2242
1482
1490
1488
1539
1531
1399
1397
1422
1435
1435
1434
2383
2380
2439
2249
2243
2242
1350
1353
1536
1347
1357
1373
1423
1423
1439
1441
1442
1442
2386
2378
2381
2358
2428
2436
2438
2251
2250
2250
2243
2246
1349
1349
1348
1356
1375
1360
1373
1290
1438
1442
1235
2377
2363
2377
2421
2428
2434
2435
2262
2261
2271
1349
1347
1359
1360
1375
1293
1273
1232
1234
1235
1235
2374
2376
2420
2413
2412
2459
2410
2278
2279
2274
2273
1314
1313
1309
1372
1291
1289
1232
1242
1233
2376
2373
2423
2424
2420
2419
2411
2462
2278
2259
2275
2274
1312
1310
1334
1300
1296
1241
1236
1237
2419
1077
482
1046
1045
1076
1075
1076
1066
1067
941
941
942
929
937
929
927
954
955
954
599
600
604
495
494
498
499
499
498
481
1024
1044
1043
1073
1067
1067
940
943
942
955
614
612
600
601
603
579
605
495
497
489
481
1043
1052
1052
1060
1062
1065
943
994
996
934
936
956
615
612
578
580
580
595
480
488
488
1024
1078
1025
1079
1089
1100
1060
1126
1061
995
1000
1000
997
640
640
953
642
610
577
581
583
480
478
462
1084
1091
1090
1088
1125
1126
1228
682
682
428
436
582
432
584
475
474
473
463
463
1094
1130
1125
1134
1228
1231
681
678
682
428
428
436
434
441
319
583
325
471
475
471
1095
1082
1144
1134
1231
677
679
427
423
426
441
440
316
322
315
324
326
328
330
330
330
1096
1150
1132
1121
1133
1117
1231
676
676
1198
425
448
445
461
461
316
314
340
336
332
334
333
334
1182
1154
1120
1122
1122
1193
1198
446
456
459
316
458
458
312
311
332
335
334
1182
2325
1123
1118
2161
663
2161
1194
443
445
455
1523
458
1523
1528
1527
335
1388
2324
2325
2325
2209
2208
2157
2156
2168
2169
444
1500
1523
1521
1524
1529
1529
1400
1403
1402
1386
1387
1389
2321
2323
2323
2312
2207
2212
2204
2208
2202
2156
2158
2159
2167
1500
1499
1498
1521
1526
1525
1404
1386
1410
2319
2315
2312
2205
2203
2202
2234
2236
1498
1490
1490
1532
1531
1398
1399
1396
1412
1413
1413
1413
2384
2207
2207
2199
2199
2241
2248
2245
1482
1483
1355
1487
1530
1423
1419
1411
1413
2386
2385
2381
2380
2440
2440
2199
2437
2251
2241
2246
2246
1353
1356
1531
1423
1422
1422
1414
1441
2386
2385
2378
2425
2381
2427
2439
2438
2436
2438
2436
2249
2251
2244
1350
1354
1358
1362
1357
1248
1248
1439
1441
2371
2375
2375
2428
2429
2429
2435
2265
2265
2263
2244
1349
1314
1359
1358
1360
1250
1250
1249
1235
2375
2375
2422
2450
2421
2460
2461
2460
2261
2258
2260
2256
2257
1314
1336
1243
1245
1249
1246
1234
2372
2422
2424
2373
2423
2424
2418
2424
2418
2462
2462
2461
2260
2259
2257
1317
1316
1317
1317
1335
1336
1244
1244
1242
1240
1238
1240
1336
1046
1046
1040
1077
1077
1069
1068
1072
940
942
942
931
930
927
201
202
203
602
493
494
492
491
492
491
484
482
132
1051
1044
1074
1073
1059
1066
941
939
938
936
935
937
926
202
602
601
579
493
494
483
485
486
1050
1052
1056
1057
1059
1062
1062
936
936
638
641
643
612
207
207
577
578
490
491
487
489
486
1084
1054
1057
1061
1127
1062
933
646
639
643
643
643
206
582
581
585
199
585
479
480
476
488
466
1080
1079
1081
1081
1129
1129
1128
690
691
646
692
640
682
640
680
435
436
198
584
585
480
475
467
467
462
1083
1078
1080
1144
1128
1129
691
692
692
678
678
424
424
440
193
322
322
326
475
474
472
463
468
1151
1151
1143
1144
1134
1227
689
677
676
674
447
423
441
441
324
326
326
344
345
330
1150
1152
1153
1137
1144
1116
1116
664
677
675
449
450
461
460
461
313
337
339
337
333
343
1154
1154
1124
1117
1119
668
664
666
667
664
442
446
451
456
458
313
312
340
340
338
1154
2322
1124
1123
1124
2155
1119
1967
668
667
663
446
442
456
455
451
456
453
1523
1817
340
1798
334
2322
2121
2147
2147
2209
1968
2157
654
2168
1491
1492
454
1496
1522
1816
1387
1797
2322
2323
2320
2025
2038
2204
1968
1967
2159
1990
1492
1494
1494
1497
1522
1525
1527
1816
1816
1815
1830
1400
1409
1406
1409
2026
2039
2206
2202
2201
2158
2237
1495
1493
1496
1484
1521
1526
1420
1405
1412
2320
2028
2426
2037
2036
2203
2200
2201
2240
2234
2239
2235
1495
1490
1531
1420
1415
1407
2386
2384
2443
2442
2200
2241
2238
1354
1355
1364
1365
1365
1420
1419
1418
1417
2370
2381
2425
2428
2442
2433
2441
2438
2264
2267
2265
2270
2245
2246
1354
1365
1360
1361
1362
1421
1415
1255
1418
1254
2370
2371
2370
2425
2431
2432
2429
2434
2437
2265
2263
2270
2268
1325
1348
1323
1250
1259
1259
1250
1251
1247
1252
2367
2369
2453
2451
2449
2459
2260
2456
2258
2254
1315
1324
1324
1331
1335
1332
1258
1243
1247
1246
1239
1240
2372
2368
2450
2450
2451
2446
2462
2463
2458
2455
2260
2256
1317
1316
1316
1335
1336
1245
1265
1241
1240
1238
2463
1070
932
1047
1042
1074
1071
1071
1072
928
939
932
931
925
927
201
205
203
145
144
144
125
125
133
131
131
1046
1039
1040
1069
1042
1071
1058
938
939
935
927
854
205
204
147
207
148
148
484
125
133
132
133
1048
1052
1050
1054
1059
649
934
651
854
641
209
210
207
208
147
200
153
153
152
115
485
116
1053
1055
1057
1057
1059
1057
933
645
647
638
195
194
197
151
153
476
1086
1086
1055
1129
685
687
691
648
648
636
642
193
195
199
199
298
584
466
477
470
469
1083
1085
1086
1141
1142
1127
687
692
688
688
620
648
620
674
193
300
302
302
301
325
41
477
470
1151
1082
1142
1139
742
683
689
675
674
287
307
307
323
53
336
468
1152
1148
1145
1137
1136
1135
684
671
665
655
450
448
447
286
306
313
338
345
345
342
345
342
1148
1153
1146
1139
1118
670
667
665
656
451
452
452
292
292
339
345
345
342
2125
2124
2124
1124
2149
2152
2152
669
1971
667
666
657
655
451
443
453
1676
291
1812
1824
1826
1827
1798
1796
1798
2122
2148
2150
2125
2150
2148
2154
2152
1970
1971
1971
1991
1990
1661
454
1491
1674
1812
1677
1817
1824
1825
1827
1825
1791
1797
2122
2121
2147
2155
1970
1971
1991
1675
1676
1677
1816
1813
1824
1831
2029
2026
2028
2039
2038
2035
1964
1963
1991
1988
1984
1494
1494
1683
1683
1682
1814
1814
1834
1830
1836
1832
1831
1406
2027
2029
2028
2039
2036
1979
2202
1963
1966
2237
1352
1351
1681
1683
1813
1837
1837
1408
1408
1405
2024
2027
2037
2031
2443
1980
2442
1981
2241
1977
1977
2240
2238
1325
1354
1351
1688
1364
1835
1416
1417
1417
2003
2030
2433
2433
2442
1973
1887
2267
2267
2267
2269
2270
2268
1327
1326
1329
1365
1363
1361
1257
1414
1253
2009
2370
2432
2430
2456
2270
2269
2253
1327
1327
1330
1330
1259
1256
1259
1252
1254
2010
2008
2453
2369
2452
2457
1889
2253
2255
1323
1331
1330
1343
1266
1258
1251
1261
2367
2368
2452
2453
2448
2447
2448
2446
2458
2455
2255
2254
1322
1320
1322
1339
1333
1333
1332
1268
1265
1266
1261
1260
2368
2455
1261
925
177
1047
1041
1042
1070
910
912
913
928
911
930
925
852
855
177
179
205
145
140
139
127
130
128
126
130
1049
1039
1042
787
1071
913
913
852
854
851
853
854
227
210
209
204
147
204
148
126
133
1049
1048
788
907
908
653
652
652
853
227
227
210
210
208
146
152
151
149
153
123
118
118
778
777
1054
732
649
650
645
651
644
638
637
222
197
194
222
200
200
40
150
121
122
41
123
115
1085
1054
774
740
741
650
686
645
648
645
647
623
636
195
216
197
55
55
470
469
42
1086
1140
834
744
686
687
687
626
624
624
624
622
221
285
217
298
301
52
53
52
38
41
470
1149
1140
1141
1135
744
684
743
683
625
632
621
287
287
302
305
302
47
303
48
39
344
43
1147
1149
1148
1139
1139
746
672
672
672
621
273
274
307
306
290
48
36
1148
1145
1139
1136
751
670
671
662
662
274
273
276
292
270
292
293
33
34
2124
2123
2149
2152
751
751
669
657
656
654
662
659
451
275
291
1812
1811
1819
1827
1794
1826
1798
2124
2149
2150
2153
1969
1996
1995
1990
1663
1675
1678
1678
1812
1818
1822
1827
1790
2118
2126
2150
2154
1964
1965
1999
1991
1995
1661
1663
1662
1666
1667
1677
1677
1815
1824
1821
1847
1846
1845
1791
2127
2025
2021
2039
2144
2153
2142
1966
1987
1987
1660
1667
1668
1683
1680
1834
1832
1831
1831
2024
2028
2036
1979
1980
1981
1988
1985
1986
1664
1665
1681
1688
1691
1836
1829
1828
1828
1407
1829
2023
2024
2003
2002
2030
2033
1972
1974
1977
1983
1986
1986
1352
1665
1669
1686
1687
1688
1687
1835
1833
1742
1744
1748
1747
2003
2003
2034
2031
1980
1891
1892
1916
1326
1670
1670
1686
1742
1743
1255
1747
1417
2010
2009
2008
2433
1868
1892
1887
1888
1888
1889
1919
1918
1327
1319
1330
1329
1329
1742
1257
1256
1253
1746
2010
2013
2015
2453
2444
2445
1875
2458
1868
1887
1914
1914
1919
1321
1320
1318
1340
1338
1342
1342
1268
1269
1264
1262
2015
2014
2444
2444
2447
2448
2458
1886
2458
2457
1911
2255
1913
2255
1912
1322
1322
1341
1341
1339
1340
1346
1268
1345
1269
1267
1263
1264
1261
1264
1262
177
128
783
783
785
910
784
910
913
913
865
865
864
855
180
179
141
142
143
143
140
134
127
128
130
95
130
784
788
786
907
905
905
865
852
848
863
181
181
181
162
141
139
143
135
135
120
129
117
783
787
788
788
907
907
908
852
848
225
230
227
229
229
228
161
200
138
138
123
118
118
778
776
778
781
780
732
732
906
905
653
638
230
228
220
150
149
40
56
121
123
116
777
836
778
775
775
774
741
733
650
628
624
622
224
224
224
218
217
219
56
56
41
46
44
835
835
742
832
740
744
744
685
736
626
628
631
619
623
618
284
299
304
54
56
51
39
45
43
42
835
828
747
747
745
625
633
634
634
618
617
287
286
284
282
307
304
305
53
49
38
37
36
829
831
1138
769
745
754
754
633
632
659
276
285
269
269
294
295
297
296
47
37
37
37
29
830
1146
769
752
661
661
662
662
660
277
276
272
288
289
297
294
297
293
34
33
30
30
2123
2120
2134
768
752
750
660
659
277
275
289
1818
1819
1796
1795
1792
2119
2119
2117
2120
2137
2137
2140
1969
1998
1994
1994
1996
1995
1624
1662
1654
1654
1652
1810
1809
1822
1822
1847
1793
1792
2117
2127
2118
2129
2126
2145
2140
2139
2001
2001
1995
1989
1663
1663
1674
1653
1679
1809
1820
1822
1844
1846
1793
2127
2129
2144
2144
2145
1965
2000
2000
1982
1659
1659
1667
1667
1679
1690
1689
1680
1820
1839
1847
1847
1842
1845
2022
2024
2022
2021
2032
2142
2143
1976
1978
1982
1984
1657
1658
1658
1664
1658
1668
1689
1672
1692
1833
1840
1841
2005
2032
2034
1973
2034
1975
1975
1981
1975
1985
1983
1657
1673
1673
1672
1692
1685
1688
1693
1745
1745
1744
1750
1749
1734
2005
2004
2020
1868
1972
1894
1890
1893
1890
1915
1918
1917
1588
1669
1684
1684
1745
1744
1750
1747
1747
2005
2007
2006
2019
2020
1867
1869
1870
1894
1893
1922
1915
1924
1919
1919
1587
1582
1583
1711
1711
1699
1748
1701
2006
2007
2017
2020
1874
1868
1874
1871
1911
1914
1924
1913
1318
1587
1338
1338
1343
1346
1699
1700
1264
1702
2015
2012
2015
2011
1873
1875
1872
1872
1911
1911
1914
1912
1321
1319
1341
1341
1344
1346
1346
1345
1268
1263
1701
806
800
800
802
909
912
923
864
863
861
181
178
175
143
142
136
128
93
93
783
803
782
785
910
923
915
916
922
865
862
862
180
173
162
137
136
134
120
94
92
782
781
780
780
906
917
918
918
879
848
223
229
160
161
138
138
119
122
95
82
771
779
629
879
877
225
229
211
220
220
60
59
64
119
46
65
46
92
770
772
836
776
809
734
734
627
629
619
213
213
212
220
219
55
57
58
66
64
46
835
833
749
748
733
736
735
628
631
224
619
283
216
282
218
299
51
62
45
833
834
832
749
749
749
736
736
753
631
631
617
284
284
280
281
282
280
278
303
50
51
15
14
831
827
827
828
767
746
766
634
634
279
278
270
297
239
50
296
25
28
35
28
831
831
830
769
769
754
756
754
755
728
729
271
272
295
35
22
32
31
2132
2132
2135
2133
2135
2138
759
759
755
730
1625
276
1652
288
1781
1794
1790
32
1795
32
2135
2135
2134
2137
2139
1997
1993
1992
1630
1625
1624
1654
1651
1786
1821
1783
1807
2130
2128
2137
2145
2140
2140
1997
2001
1992
1993
1626
1628
1654
1650
1650
1810
1789
1844
1844
1843
1800
2129
2129
2094
2145
2097
1999
2001
1655
1660
1656
1647
1647
1645
1646
1691
1788
1838
1838
1844
1799
2061
2059
2033
1976
1931
1655
1656
1673
1690
1648
1692
1760
1842
1840
1841
2067
2060
2142
2070
1976
1974
1931
1891
1904
1673
1671
1600
1685
1693
1692
1759
1733
1750
1750
1734
2005
2068
2018
2073
1870
1884
1894
1903
1921
1916
1601
1671
1601
1598
1732
1745
1749
1728
1728
2016
2016
2018
1870
2020
1885
1883
1893
1923
1920
1923
1918
1589
1591
1591
1588
1585
1599
1586
1709
1711
1699
1728
2011
2057
2017
2019
2051
1874
1874
1869
1882
1878
1880
1908
1924
1909
1924
1593
1590
1594
1583
1586
1586
1584
1586
1704
1704
1712
1700
1701
1701
2012
2057
2058
2052
1873
1871
1879
1909
1909
1906
1592
1592
1593
1594
1581
1585
1580
1584
1706
1702
1695
1906
183
807
802
806
801
802
891
921
921
922
920
859
857
174
183
176
176
175
188
101
100
100
87
95
94
90
802
799
914
892
923
915
923
856
881
856
861
182
173
162
101
105
87
85
95
804
804
798
899
780
798
900
914
916
881
880
174
162
159
158
102
104
84
83
83
92
770
797
773
773
811
900
917
898
883
878
884
879
877
876
223
157
157
156
158
159
61
104
61
66
65
85
81
771
837
772
810
738
707
879
619
875
214
215
215
212
59
60
58
66
65
63
66
63
2
846
809
748
739
737
718
711
628
717
215
265
265
211
268
281
238
73
57
25
14
18
846
843
843
767
761
761
737
720
719
264
265
268
282
237
239
239
238
72
51
26
16
15
845
844
844
766
762
765
756
720
718
720
716
279
266
252
234
255
233
244
27
27
26
11
29
2133
2114
758
766
724
723
725
730
722
728
271
242
234
241
241
27
22
32
2132
2136
2116
757
759
758
759
1950
730
1950
730
1629
726
729
1625
1623
1622
244
1643
243
1780
1780
1781
1783
1808
31
2105
2112
2138
757
1956
1951
1629
1625
1623
1653
1644
1786
1784
1789
1782
1808
2128
2100
2092
2091
2092
2090
2097
2096
1955
1956
1998
1957
1956
1956
1629
1629
1628
1643
1651
1643
1788
1789
1783
1799
1800
2130
2062
2092
2092
2096
2095
1953
1955
1946
1627
1630
1649
1649
1645
1646
1641
1766
1767
1839
1803
1800
2063
2062
2060
2094
1935
1934
1932
1933
1626
1649
1758
1757
1801
1842
1801
1740
2062
2066
2066
2062
2067
2059
2069
1937
1936
1935
1904
1933
1904
1932
1896
1574
1574
1575
1556
1558
1604
1604
1760
1733
1760
1734
2068
2068
2072
2073
1885
1884
1900
1901
1904
1903
1899
1575
1577
1601
1600
1597
1597
1760
1733
1731
1731
2045
2067
2073
2073
2049
1885
1902
1902
1922
1920
1562
1576
1591
1601
1582
1603
1599
1598
1712
1709
1712
1709
1728
1730
2052
2058
2051
1882
2053
1876
1885
1909
1921
1596
1591
1581
1596
1581
1706
1705
1710
1694
1697
1727
2058
2058
2054
2052
1877
1879
1879
1879
1880
1908
1907
1906
1595
1596
1579
1581
1707
1706
1707
1704
1696
1697
1695
2053
890
191
805
799
893
892
886
920
858
919
860
859
186
183
183
185
190
98
101
106
87
89
90
807
803
807
789
892
903
902
920
902
873
872
857
186
187
187
188
103
103
109
85
89
90
797
796
790
790
899
901
902
874
881
881
873
867
166
160
155
103
104
104
84
81
797
810
810
898
884
884
884
875
171
157
155
69
85
67
78
82
795
814
811
809
739
739
708
711
711
876
215
214
157
236
75
63
837
812
813
813
739
761
707
706
265
261
268
235
76
72
68
17
62
18
846
846
843
812
760
763
738
701
701
720
717
268
237
239
73
24
16
18
17
846
845
763
764
700
719
727
722
266
267
268
254
258
233
232
231
23
27
24
12
13
12
9
845
2106
2104
763
699
725
723
727
726
727
252
253
254
244
244
241
20
13
13
2106
2106
2114
764
724
725
1635
1622
1644
242
244
22
1778
22
1779
2105
2112
2116
2115
2115
1952
1952
1634
1635
1635
1621
1622
1619
1644
1785
1784
1786
1783
1778
1807
1808
2101
2080
2091
2090
2097
1954
1962
1947
1632
1632
1619
1644
1642
1786
1789
1772
1803
1803
2086
2085
2085
2097
2088
1954
1953
1957
1947
1946
1627
1649
1648
1641
1641
1768
1769
1787
1787
1802
1802
1803
2087
2087
2094
2095
1938
1934
1935
1930
1572
1574
1556
1557
1558
1766
1758
1757
1737
2065
2063
2071
2074
2069
1938
1937
1936
1929
1933
1933
1929
1574
1577
1570
1555
1558
1558
1606
1759
1757
1757
1738
1738
1740
1739
2045
2064
2072
2070
1938
1901
1900
1898
1577
1571
1577
1576
1605
1606
1709
1716
1726
1730
1731
2064
2055
2048
2046
1882
1860
1885
1885
1860
1898
1898
1589
1562
1603
1616
1606
1611
1729
1721
1729
1731
2057
2055
2049
2050
1863
1863
1856
1853
1907
1561
1565
1596
1578
1615
1707
1710
1697
1720
1718
2056
2054
2052
1877
1876
1854
1855
1856
1852
1852
1856
1851
1595
1566
1615
1613
1614
1705
1697
1696
1717
1578
920
792
891
184
186
185
184
191
191
109
99
107
108
105
88
88
807
892
893
885
901
873
873
860
186
163
97
99
108
114
80
80
794
794
895
894
903
902
874
866
869
164
166
97
112
114
80
793
795
797
796
824
898
897
883
868
866
170
165
74
77
79
814
816
815
810
826
710
711
882
867
172
165
74
235
68
70
67
2
838
816
815
826
698
708
703
706
706
263
76
70
75
0
18
839
840
820
821
761
697
701
709
702
703
706
261
263
258
236
23
8
10
841
843
699
701
696
713
263
255
257
231
249
12
841
817
696
764
725
713
712
251
247
249
249
21
5
9
2102
2106
2116
2116
2110
1952
1949
722
253
250
1637
250
247
1774
243
1772
4
2101
2100
2113
2111
1960
1962
1952
1635
1634
1622
1638
1639
1639
1774
1773
1778
1806
2101
2099
1960
1947
1951
1633
1632
1619
1642
1764
1770
1774
1777
1805
2084
2086
2087
2089
2080
2082
2089
1958
2081
1541
1540
1540
1549
1548
1551
1770
1770
1772
1804
2084
2087
2077
2093
1943
1942
1926
1930
1546
1541
1556
1554
1551
1552
1767
1769
1751
1736
1740
2075
2077
2078
1938
1927
1572
1572
1547
1557
1555
1755
1755
1752
1752
1736
1740
2048
2074
1861
1858
1897
1899
1568
1571
1554
1605
1610
1753
1726
1724
2047
2048
2076
1862
1861
1857
1860
1898
1895
1562
1562
1603
1611
1716
1715
1726
1726
1722
2043
1861
1863
1856
1853
1896
1564
1566
1567
1579
1615
1614
1716
1714
1720
1721
2044
2043
2050
1863
1850
1851
1564
1564
1613
1615
1614
1713
1720
1720
1717
1855
792
889
886
858
106
86
791
860
98
114
789
895
896
870
97
882
869
172
167
77
78
816
821
898
171
154
71
3
826
172
170
0
3
839
820
698
702
262
232
258
70
10
819
764
696
696
703
715
259
257
248
20
7
2103
817
2109
695
714
249
2104
2111
715
246
1779
4
2098
2108
1961
1949
1618
1637
1639
1639
2113
2088
1958
1962
1962
1945
1542
1620
1770
1764
2083
1548
1545
1553
1553
1768
1763
1762
1805
2082
1925
1928
1548
1762
1804
2077
1939
1926
1572
1552
1552
1751
2048
2078
1861
1569
1560
1606
1755
1725
2047
2046
1859
1857
1568
1565
1608
1753
1716
1724
2044
1858
1850
1567
1607
1713
2043
1849
1616
1719
791
167
109
113
164
816
894
897
69
263
256
71
838
820
705
700
7
713
5
1779
2111
1777
2080
2099
1945
1618
1764
1543
1765
2078
1737
1754
2075
1927
1611
1610
1608
1714
1854
1851
191
113
190
109
794
885
80
163
1
705
825
709
70
818
258
248
20
2110
1948
1633
1777
2081
1943
1763
1765
2065
1928
1553
1939
1569
1723
1940
1560
1560
1865
1895
1565
1611
1719
1718
889
107
870
167
112
114
794
172
705
1
819
256
7
840
694
713
704
251
714
1948
1544
1544
1548
1547
2075
1550
1864
1609
1722
1864
1567
1613
887
871
869
189
113
897
868
826
6
820
697
259
8
246
2103
2102
715
1639
1774
1806
2098
1961
1542
2084
1942
1925
2084
2078
1939
1755
1866
2040
2042
1849
1566
1607
889
871
1776
1776
111
888
888
260
1486
822
169
169
6
694
818
694
2109
7
2111
1617
2108
2108
1617
1735
1945
1764
1545
1549
245
1543
1761
1761
1550
2040
2041
1866
1609
1723
1865
1849
588
823
1776
169
111
111
1486
1486
823
169
822
2160
1959
2160
887
259
2408
1941
529
849
1941
2408
849
1485
2041
1485
850
1959
850
