2128
827
332
426
421
422
961
961
828
853
434
434
962
821
819
851
854
847
850
342
417
418
939
941
817
860
287
400
437
439
439
934
942
863
284
499
487
487
931
932
942
915
915
862
289
481
488
485
932
1049
914
504
505
505
488
1046
1046
1043
1043
1049
918
921
921
923
281
504
513
479
480
1044
1050
910
922
269
269
513
514
510
479
1062
1050
913
912
910
928
268
269
1354
1523
1526
1061
2117
1357
1356
1358
1521
1526
1526
2112
1996
1356
1362
1361
1516
2005
1342
1348
1360
1362
1519
1512
1513
2084
2004
2005
2001
1333
1333
1331
1379
2089
2090
2080
2004
2026
2027
2025
2002
1412
1332
1385
1380
1470
1472
1879
2078
2078
2024
2027
2024
1413
1413
1381
1881
1934
1369
1368
1374
1564
1564
1876
1933
1876
1932
1935
1951
1951
1414
1414
1368
1378
1569
1887
1935
1426
1375
1377
1377
1373
1569
1563
1562
1886
1873
1938
1939
1938
1947
337
337
339
336
338
335
424
425
422
425
422
421
435
435
960
959
961
828
827
830
826
819
827
852
852
853
854
337
335
335
424
415
416
415
433
434
960
962
963
963
940
828
827
821
851
849
853
850
337
346
347
342
418
400
403
436
437
438
438
963
933
962
934
939
939
820
821
856
860
861
850
848
285
285
287
417
399
400
403
437
439
938
934
932
942
941
816
817
859
860
863
284
285
288
288
287
286
499
482
482
486
486
935
485
933
942
915
915
861
862
862
279
288
498
499
501
481
488
487
486
1045
935
1033
931
1032
944
943
917
916
916
923
863
923
925
279
279
281
281
291
501
502
476
475
1046
1045
1033
1032
1048
1049
907
918
905
919
923
920
924
273
278
281
507
505
505
480
480
475
1044
1046
1042
1043
908
908
913
897
921
930
930
271
273
273
514
514
513
511
512
503
479
480
1041
1040
1040
1062
1063
1062
913
909
910
913
904
904
930
928
270
270
514
512
1522
478
1520
1521
1527
1528
2118
1062
912
911
911
911
910
2010
903
928
1998
1343
1343
1357
1355
1359
1355
1359
1358
1522
1517
1522
1517
1521
1527
2118
2116
2116
2117
2118
2112
2010
2084
2102
2009
2010
1995
1996
1342
1344
1356
1349
1359
1361
1522
1516
1519
1514
1513
2115
2116
2116
2112
2083
2084
2004
2084
2008
2000
2002
1995
1345
1356
1332
1362
1362
1395
1392
1519
1515
1513
2080
2079
2083
2082
2006
2005
2005
2023
2001
2002
1333
1331
1360
1386
1394
1392
1466
1512
1471
1514
1472
2080
2080
2077
2014
2023
2027
2027
2025
1333
1412
1330
1331
1331
1386
1385
1386
1380
1379
1470
1470
2090
2090
2078
2014
2014
2026
1413
1413
1415
1369
1386
1382
1381
1468
1468
1469
1472
1879
1878
1879
1877
2088
1933
1932
1933
1934
1950
2025
1949
1418
1414
1419
1417
1369
1367
1374
1467
1468
1468
1564
1474
1474
1880
1880
1881
1877
1876
1934
1951
1950
1418
1426
1427
1425
1368
1368
1374
1567
1563
1564
1565
1889
1881
1873
1876
1939
1935
1939
1937
1951
1946
1422
1423
1427
1428
1428
1378
1377
1377
1373
1569
1569
1562
1887
1886
1872
1938
1937
1947
1946
1947
1945
1944
1426
426
825
339
339
332
423
425
428
419
435
433
949
959
952
948
948
830
829
824
819
852
846
854
840
339
345
334
334
335
415
424
416
431
422
420
420
420
432
433
960
948
956
829
830
825
819
845
849
842
831
344
345
340
401
415
400
404
436
433
958
957
957
958
956
934
955
940
946
821
815
856
847
848
285
346
347
340
283
341
402
437
439
938
936
936
939
817
814
860
855
857
848
857
282
283
288
287
290
402
527
528
484
483
486
494
937
936
944
943
917
816
916
858
858
863
282
289
500
528
484
499
483
488
493
1031
1033
1047
917
918
925
925
275
298
501
501
473
476
1036
1043
1048
908
1047
907
900
918
920
279
273
275
280
507
506
507
508
509
503
502
1041
1039
1053
1050
1048
1060
906
900
899
900
920
898
929
929
271
269
267
507
509
511
503
510
478
477
478
1039
1038
1041
1040
1063
1063
1059
1060
898
904
930
927
267
1354
512
1503
1523
478
1528
1525
1061
1063
2113
1060
901
2007
904
1997
1339
1339
1355
1355
1350
1353
1497
1520
1528
1527
2125
2118
2114
2114
2113
2103
2103
2010
1998
2008
1998
1345
1345
1338
1347
1349
1352
1353
1517
1519
1515
2121
2123
2111
2112
2082
2102
2007
2008
2000
1996
1345
1345
1344
1335
1349
1347
1348
1346
1351
1395
1392
1515
1514
2122
2081
2082
2066
2004
2018
2006
2000
1999
1345
1335
1336
1384
1395
1466
1465
1471
2089
2093
2092
2086
2078
2017
2021
2002
1401
1384
1383
1395
1392
1393
1463
1466
1477
2093
2093
2086
2017
2012
2024
2012
2022
1403
1418
1402
1417
1370
1369
1381
1382
1381
1466
1469
1470
1474
1884
1474
1884
2093
1875
2014
2013
1931
2021
2021
1418
1419
1416
1417
1365
1365
1364
1567
1363
1566
1478
1571
1879
1866
1875
1874
1931
1930
1949
1948
1949
1423
1420
1366
1372
1567
1567
1565
1889
1889
1888
1873
1867
1875
1940
1928
1931
1945
1423
1422
1423
1421
1428
1424
1427
1428
1375
1376
1376
1372
1371
1568
1563
1576
1887
1893
1873
1889
1871
1870
1943
1871
1936
1942
1937
1944
1945
1870
1943
1937
333
429
825
338
362
333
364
333
425
431
430
427
447
446
447
953
954
950
947
948
830
823
818
846
844
845
846
845
840
839
363
359
431
358
430
419
445
441
952
949
951
952
950
950
824
803
846
842
345
345
341
354
340
401
431
404
405
445
440
957
956
956
945
974
815
815
815
802
856
841
842
832
344
343
349
340
343
402
401
405
404
494
494
957
938
994
973
945
972
801
803
856
834
832
283
290
292
528
484
492
494
495
938
946
995
883
800
858
857
834
835
297
297
293
530
527
491
492
491
1037
1037
944
944
996
1054
880
881
883
878
878
873
925
298
274
280
298
291
276
530
531
524
473
474
474
1037
1031
1030
1051
919
882
877
929
275
275
277
277
509
521
521
473
470
1039
470
1035
1053
1054
1052
906
900
899
897
927
926
924
272
272
277
300
508
520
509
520
519
473
469
1039
1038
1056
1060
905
902
898
927
927
308
309
308
267
307
1500
1502
1503
1511
1525
1524
1058
1055
1058
1059
2105
2104
902
2033
2037
2042
2043
1338
1339
1352
1352
1503
1510
1510
1509
1525
1525
2127
2127
2114
2114
2105
2103
2033
2039
2036
2037
1997
1339
1340
1347
1351
1390
1510
1509
1508
2121
2121
2127
2126
2124
2109
2066
2103
2003
2038
2038
2038
2036
1341
1341
1351
1390
1497
1480
1518
1482
2121
1509
2120
2120
2122
2124
2065
2068
2066
2018
2038
2049
2000
1407
1337
1337
1384
1389
1390
1480
1481
1481
2091
2072
2085
2082
2017
2011
2020
2020
1403
1407
1401
1406
1336
1393
1394
1486
1463
1476
1473
1477
2093
2092
2088
2086
2016
2017
2012
2021
2022
1402
1403
1400
1401
1401
1370
1384
1363
1393
1464
1463
1478
1477
1885
2093
2088
2012
1929
1958
1417
1399
1460
1365
1365
1460
1574
1571
1478
1570
1885
1884
1865
1865
1875
1929
1931
1949
1397
1399
1424
1425
1366
1364
1372
1574
1576
1571
1894
1892
1867
1869
1866
1868
1943
1929
1955
1955
1421
1421
1420
1439
1458
1372
1575
1575
1578
1578
1893
1893
1894
1867
1871
1868
1941
1941
1943
1940
1942
1954
1953
1952
1376
1953
364
357
356
357
382
429
430
428
427
447
460
954
953
954
954
979
966
967
967
823
822
844
843
844
840
363
364
359
359
357
358
444
444
446
447
440
462
980
952
979
979
975
978
973
805
844
841
840
353
355
359
368
413
412
414
445
441
445
982
982
975
973
992
974
798
801
802
803
841
833
831
349
349
355
355
365
414
406
443
982
993
973
994
798
801
811
834
832
296
296
351
293
355
366
524
414
406
406
495
489
496
993
996
996
996
996
798
881
801
800
813
836
836
835
298
295
297
295
293
292
531
524
490
492
492
496
1037
1003
1031
999
996
881
880
887
883
879
879
873
836
294
295
293
531
276
523
524
522
466
1036
1035
1034
1031
1000
1054
999
890
883
878
887
877
872
274
276
529
530
518
521
468
1035
1051
1011
889
876
877
871
310
309
299
301
529
516
520
521
470
472
1035
1057
1057
1058
1052
901
866
867
865
865
865
308
309
308
300
1501
1501
520
471
472
472
1014
1058
1055
1056
1010
2108
2107
867
2033
866
867
868
2043
1311
1311
1303
1303
1500
1501
1502
1504
1510
1511
2097
2127
2125
2097
2109
2110
2107
2104
2032
2033
2037
2042
1306
1307
1302
1352
1350
1388
1497
1505
1505
1504
2119
2127
2126
2068
2031
2031
2030
2031
2036
2039
2050
1340
1335
1307
1337
1347
1095
1390
1387
1390
1390
1479
1509
2120
2123
2072
2067
2067
2031
2049
2048
2051
2051
2051
1407
1405
1405
1337
1389
1387
1480
1480
1481
1481
1488
1487
2069
2071
2072
2066
2068
2015
2049
2045
2049
2051
2019
1407
1404
1450
1486
1487
1488
1883
2070
2086
2071
2062
2087
2016
2015
1975
2020
2020
1957
1411
1397
1409
1398
1460
1453
1452
1475
1489
1476
1475
1487
1882
1884
1883
1863
2088
1862
2016
1975
1958
1956
1959
1397
1399
1399
1462
1461
1453
1453
1588
1571
1478
1883
1882
1863
1864
1865
1983
1960
1959
1959
1960
1958
1431
1396
1438
1461
1459
1591
1575
1593
1578
1573
1572
1891
1892
1892
1865
1868
1928
1955
1954
1955
1432
1432
1438
1440
1440
1458
1595
1595
1577
1577
1577
1573
1891
1893
1869
1868
1941
1983
1953
1953
1439
391
581
361
364
390
356
383
383
430
451
454
461
461
460
464
463
464
970
971
971
966
967
823
596
597
597
595
597
582
363
360
364
382
383
412
450
450
455
981
971
979
978
976
978
977
823
805
594
586
582
353
352
392
384
384
411
412
414
410
451
449
443
980
987
977
804
799
805
805
811
834
353
351
355
350
367
368
368
367
413
408
407
410
442
443
443
980
985
992
972
991
809
806
810
837
348
349
351
366
365
371
526
497
497
983
993
991
988
798
813
813
812
838
836
316
323
370
526
525
490
497
73
497
1002
1002
1003
995
999
989
886
886
886
812
879
295
316
324
324
468
468
466
1002
1001
1002
999
998
891
884
890
891
887
877
875
873
873
311
312
302
301
531
518
518
468
466
470
998
1017
1013
1012
1012
890
889
894
875
868
869
871
870
309
311
302
301
301
522
472
1014
1017
1009
888
1011
1010
889
867
868
868
871
310
1303
299
306
1501
516
1502
471
1016
1020
1018
2095
1010
2110
2108
2035
869
2040
1311
1303
1301
1301
1081
1498
1506
1507
1507
1015
2097
2095
2109
2110
2110
2035
2034
2035
2035
2034
2041
2040
1311
1305
1312
1305
1300
1301
1096
1094
1499
1498
1498
1506
1505
2099
2099
2126
2109
2063
2106
2029
2041
2041
1307
1306
1304
1096
1095
1499
1482
1495
2120
2070
2072
2068
2064
2029
2045
2050
2054
2052
2054
2055
1405
1261
1092
1388
1485
1492
1486
1489
2076
2069
2076
2070
2063
2047
2044
2054
2054
1410
1411
1408
1405
1450
1451
1483
1484
1490
1485
1489
1487
2076
1915
2062
2047
1977
1974
2058
2055
1411
1411
1409
1457
1457
1455
1451
1447
1452
1589
1453
1486
1476
1490
1900
1902
1863
1917
1917
1976
1976
1973
1957
1411
1436
1397
1456
1462
1461
1590
1588
1588
1586
1572
1900
1900
1862
1901
1918
1975
1973
1978
1956
1432
1431
1437
1445
1461
1595
1594
1592
1592
1586
1584
1582
1572
1901
1922
1984
1984
1983
1978
1959
1432
1430
1438
1430
1438
1444
1440
1440
1459
1595
1595
1593
1583
1584
1573
1890
1908
1891
1891
1922
1921
1984
1985
1982
1981
1981
1980
1921
361
361
393
393
391
387
382
389
453
455
454
461
464
463
969
968
969
965
591
596
591
597
596
595
582
581
584
374
360
392
393
385
385
454
452
455
448
459
462
464
970
964
964
574
575
592
594
586
588
353
374
373
374
384
412
384
449
449
85
986
981
980
987
977
976
799
580
594
594
588
587
375
375
378
368
372
372
409
410
449
87
87
985
986
990
990
809
991
808
593
806
811
588
588
315
377
377
378
370
369
371
408
407
95
95
410
496
86
72
984
989
989
991
809
807
811
671
671
837
320
351
316
324
370
371
526
69
489
73
72
1003
1004
997
1003
988
884
884
807
807
812
838
669
318
317
326
323
525
526
518
108
69
73
1029
998
998
1000
891
893
887
875
677
874
318
312
327
325
326
304
517
110
108
68
1013
1028
1012
1006
1006
889
892
896
875
870
679
313
313
306
305
305
515
110
112
111
107
1016
1014
1027
1019
1005
1008
895
896
896
896
314
1310
303
303
306
1080
516
1081
110
112
111
1016
1016
1020
1020
1019
1018
1009
2094
1836
895
1845
870
1310
1309
1299
1297
1301
1081
1498
115
1507
2098
2099
1020
2096
2095
1837
2040
1845
1309
1312
1308
1309
1297
1096
1094
1087
1507
1116
2099
2101
2100
2097
2095
2106
2028
1840
1837
1844
1843
2029
2052
2053
2052
1305
1262
1096
1093
1066
1492
1495
2100
2075
2074
2063
2063
2029
2045
2053
2052
1305
1262
1262
1261
1075
1093
1092
1484
1492
1495
1493
1495
2075
2070
2064
2045
2058
2056
1410
1408
1260
1447
1483
1491
1493
2076
2073
2062
1915
1917
2047
2047
2059
2060
1433
1411
1456
1457
1446
1454
1446
1451
1587
1589
1588
1550
1489
1900
1896
1902
1916
1918
1917
1977
1977
1977
1974
1987
1435
1434
1434
1457
1454
1455
1449
1449
1589
1590
1585
1581
1581
1898
1901
1901
1976
1971
1971
1970
1970
1988
1969
1435
1436
1445
1443
1459
1591
1586
1585
1586
1581
1908
1908
1899
1916
1922
1920
1961
1982
1979
1989
1988
1981
1430
1430
1444
1442
1444
1442
1595
1554
1594
1583
1584
1582
1910
1908
1909
1922
1919
1985
1985
1982
1989
1981
1554
386
457
395
398
390
386
389
388
453
455
458
459
456
971
968
969
965
576
576
572
592
590
584
583
583
397
397
398
393
398
388
388
453
452
458
456
243
630
628
575
574
576
578
590
592
584
587
584
376
374
375
381
396
206
448
85
243
87
630
629
987
628
574
573
579
577
578
586
586
561
375
380
381
380
379
379
408
97
98
84
617
616
694
580
579
585
320
322
381
371
129
130
94
97
95
70
87
985
985
794
696
695
809
670
671
670
669
319
320
322
322
378
370
132
95
66
69
67
96
71
70
795
794
697
697
697
885
688
672
670
317
316
326
325
131
131
126
69
71
1004
789
774
893
686
892
678
329
318
328
328
304
123
118
109
108
108
1027
1029
1029
1029
1006
893
896
678
673
680
680
679
329
313
330
328
306
516
110
113
113
1026
1027
1006
1008
1007
895
674
680
680
313
1310
314
303
1299
1083
1082
104
1080
112
114
115
115
1025
1015
1026
1621
1008
1838
1839
1829
1851
1846
1852
1845
1315
1298
1298
1316
1299
1299
1083
1083
1081
1086
1084
1119
1116
1634
1026
2101
1622
1839
1627
1836
1844
1847
1829
1847
1848
1846
1309
1316
1296
1090
1085
1086
1116
1623
1626
1628
1837
1625
1844
1847
1252
1315
1253
1297
1297
1091
1093
1087
1065
1065
1494
2100
2101
1628
1628
1625
1840
1599
1841
1842
1844
1842
1856
2057
1251
1252
1253
1262
1262
1075
1067
1074
1067
1494
2074
2074
1614
1625
1624
1777
1842
2060
2057
2057
1251
1250
1262
1259
1073
1073
1447
1067
1492
1546
1546
1546
1545
1896
2073
1895
1603
1912
2046
2059
2060
2060
1251
1259
1258
1448
1447
1072
1552
1589
1551
1551
1550
1551
1549
1898
1896
1913
1913
1912
1911
1972
1972
1970
1205
1433
1449
1561
1561
1550
1550
1540
1903
1898
1916
1912
1962
1971
1962
1970
1987
1206
1205
1434
1435
1445
1558
1560
1582
1580
1907
1923
1923
1968
1962
1962
1988
1991
1435
1212
1445
1443
1441
1442
1442
1554
1556
1558
1579
1580
1910
1910
1905
1909
1920
1919
1920
1967
1979
1992
1991
1990
1429
1557
1989
241
625
394
394
398
387
210
210
246
459
205
457
457
240
241
625
626
627
571
571
572
589
589
537
590
539
395
397
396
213
388
205
248
247
242
240
243
243
623
629
629
627
576
574
578
556
538
376
397
212
212
206
91
85
83
83
619
615
630
630
628
567
578
580
579
577
559
562
561
158
157
380
200
200
204
91
85
98
82
89
89
615
617
614
616
580
696
558
558
559
672
667
560
320
381
156
150
150
128
128
98
97
98
96
88
89
795
797
694
692
691
671
670
666
322
322
155
132
132
132
130
67
66
71
75
70
795
796
796
697
794
696
693
686
688
668
666
321
327
155
123
122
131
131
126
79
79
71
791
790
794
775
695
685
775
686
686
677
666
331
331
329
326
123
117
119
100
102
77
791
1028
790
775
774
676
675
331
331
173
117
116
104
106
102
1023
1024
1021
1022
1008
771
777
776
673
673
1328
330
1314
1083
104
106
105
106
114
115
113
103
1023
1023
1026
1838
1831
1831
1829
1852
1828
1845
1329
1316
1314
1082
1085
1118
1120
1119
1634
1623
1621
1621
1839
1830
1829
1851
1848
1322
1317
1319
1091
1084
1085
1118
1119
1119
1640
1641
1641
1623
1623
1628
1628
1841
1843
1833
1854
1858
1856
1848
1318
1320
1318
1319
1319
1090
1079
1068
1066
1115
1642
1613
1613
1625
1627
1841
1855
1856
1856
1252
1253
1075
1075
1069
1069
1065
1546
1548
1643
1615
1598
1600
1599
1777
1769
1773
1769
2056
1769
1247
1251
1247
1246
1259
1255
1073
1077
1067
1548
1547
1548
1896
1643
1615
1602
1603
1603
1603
1776
1777
1775
1773
1772
1769
1205
1205
1255
1259
1073
1551
1134
1538
1897
1618
1618
1603
1775
1774
1972
1767
1987
1206
1207
1203
1197
1139
1133
1561
1561
1559
1552
1538
1539
1898
1903
1924
1914
1912
1775
1961
1964
1986
1767
1212
1197
1212
1211
1141
1553
1138
1556
1142
1561
1560
1534
1540
1906
1905
1903
1926
1924
1925
1914
1963
1963
1994
1986
1212
1210
1140
1141
1141
1554
1556
1555
1555
1558
1558
1579
1536
1580
1535
1906
1906
1905
1927
1926
1927
1966
1968
1965
1994
1967
1993
1994
1991
1994
1991
625
536
143
144
208
209
208
209
248
246
246
245
245
241
624
624
608
570
566
570
569
570
572
537
538
533
539
213
214
214
211
203
248
248
244
623
245
622
623
624
607
568
572
567
566
557
537
539
561
158
157
214
212
212
203
204
247
83
619
619
623
620
618
614
626
601
567
568
556
561
564
160
149
158
152
202
202
200
201
203
91
83
619
615
615
567
558
690
692
558
563
563
160
164
160
156
150
153
154
199
90
92
92
88
89
797
621
784
796
784
692
687
687
667
667
164
163
156
155
154
122
129
127
125
92
78
79
81
75
74
75
793
693
693
692
684
687
667
665
666
163
176
122
125
121
127
79
100
81
76
77
77
792
792
792
789
772
773
683
684
675
720
717
175
175
170
173
118
116
119
102
76
77
769
792
769
771
776
778
775
773
683
676
673
717
716
174
170
117
106
99
101
101
101
1023
1022
1024
770
771
779
779
780
780
780
674
718
716
716
1329
1327
1313
172
117
23
103
1633
1022
1021
770
1830
1830
1850
1850
1849
1328
1329
1327
1329
1314
1314
1089
1085
1129
1117
1118
1118
1113
1634
1634
1636
1620
1621
1835
1834
1833
1830
1857
1857
1858
1322
1321
1322
1324
1318
1320
1088
1089
1129
1128
1120
1114
1639
1635
1623
1609
1609
1835
1832
1854
1860
1861
1859
1321
1322
1317
1319
1088
1071
1068
1129
1115
1639
1642
1612
1613
1628
1598
1607
1599
1833
1853
1854
1861
1855
1861
1249
1247
1249
1248
1254
1254
1078
1078
1068
1064
1065
1644
1644
1642
1643
1644
1613
1615
1617
1597
1777
1764
1765
1247
1257
1257
1076
1256
1079
1076
1077
1077
1548
1185
1644
1616
1614
1619
1601
1600
1603
1597
1775
1773
1772
1773
1765
1768
1204
1204
1198
1131
1136
1137
1135
1136
1537
1541
1542
1539
1663
1619
1601
1602
1771
1771
1766
1767
1767
1208
1201
1203
1198
1197
1139
1133
1133
1135
1134
1538
1543
1544
1538
1540
1662
1662
1692
1742
1742
1736
1770
1734
1208
1207
1200
1197
1141
1138
1139
1143
1559
1534
1533
1534
1903
1666
1924
1927
1914
1966
1964
1736
1994
1734
1210
1209
1210
1199
1140
1145
1142
1143
1555
1536
1536
1535
1904
1904
1927
1926
1968
1925
1965
1966
1967
1994
1993
143
230
208
230
207
209
264
233
233
232
612
613
606
608
570
543
536
534
533
143
143
144
213
209
265
263
262
261
245
235
234
613
610
606
603
566
543
562
535
533
142
152
214
202
203
259
258
260
257
244
620
611
607
600
603
557
557
551
553
553
160
152
91
36
39
620
620
599
601
601
604
690
690
550
563
549
563
564
164
165
165
152
153
202
199
93
93
37
621
788
785
784
782
691
783
689
548
687
668
165
165
154
154
124
125
93
80
81
37
7
6
796
786
782
783
682
707
706
177
177
180
191
121
120
125
127
65
80
81
75
5
5
781
782
782
766
767
772
681
682
713
712
177
177
181
176
121
121
17
100
100
4
765
771
779
746
681
780
721
721
720
717
175
175
173
173
16
17
19
22
23
31
28
769
768
779
719
719
715
715
1326
1326
1326
1270
1274
1271
23
23
32
32
1636
769
1658
777
1834
1852
1850
714
1850
715
1325
1326
1273
1273
1271
1126
1126
1114
1632
1636
1658
1657
1608
1812
1833
1798
1799
1323
1295
1293
1293
1089
1088
1127
1129
1114
1113
1630
1635
1636
1658
1609
1835
1817
1854
1860
1861
1861
1324
1324
1292
1291
1071
1129
1129
1638
1640
1638
1637
1606
1609
1610
1610
1818
1818
1788
1860
1859
1249
1231
1255
1068
1187
1638
1637
1617
1607
1606
1607
1792
1762
1764
1763
1232
1231
1078
1130
1078
1136
1186
1186
1184
1617
1619
1708
1596
1597
1597
1791
1789
1771
1764
1763
1201
1232
1257
1257
1130
1136
1135
1172
1543
1542
1710
1619
1708
1691
1789
1771
1765
1750
1750
1202
1201
1200
1131
1200
1162
1137
1135
1544
1544
1543
1542
1725
1667
1665
1663
1693
1692
1694
1741
1742
1736
1748
1202
1201
1199
1200
1217
1144
1144
1133
1156
1154
1132
1529
1534
1530
1544
1668
1667
1664
1694
1694
1694
1689
1692
1744
1743
1744
1735
1733
1734
1210
1227
1229
1225
1145
1142
1143
1530
1536
1532
1669
1669
1668
1669
1664
1688
1688
1688
1744
1732
1731
1531
650
148
229
148
231
231
231
224
265
265
261
233
233
613
651
612
655
654
655
609
609
542
541
532
535
533
231
231
221
228
265
265
264
262
262
234
235
651
610
609
543
543
534
551
535
142
142
141
222
219
228
222
222
260
257
234
611
607
605
600
604
602
551
552
535
553
159
140
142
162
151
220
260
220
258
35
36
40
40
39
611
599
598
599
604
605
604
603
603
548
548
551
554
161
161
165
189
63
35
40
37
37
7
787
787
787
741
690
701
549
707
707
548
706
708
179
188
189
189
63
64
63
34
42
788
7
7
786
786
785
743
744
682
713
712
709
181
179
180
191
193
190
62
64
2
6
5
5
767
767
743
745
746
746
682
724
712
710
178
180
181
17
61
62
22
65
30
26
29
764
3
764
766
750
763
763
746
719
725
721
714
1270
1274
21
19
27
32
27
32
30
29
765
753
778
763
761
761
722
718
1270
1274
1272
18
20
21
21
1122
32
1122
31
1632
28
32
1660
1659
1661
763
1813
762
1812
1816
1816
1797
1806
715
1267
1274
1125
20
1126
1122
1631
1659
1661
1658
1654
1811
1815
1816
1798
1805
1324
1294
1295
1295
1293
1288
1098
1097
1098
1100
1126
1122
1099
1128
1632
1632
1651
1813
1611
1813
1818
1798
1798
1802
1799
1323
1249
1294
1292
1291
1292
1100
1100
1121
1630
1629
1656
1606
1611
1611
1610
1824
1818
1796
1801
1802
1234
1230
1231
1241
1188
1187
1182
1182
1638
1616
1793
1794
1787
1762
1763
1787
1233
1235
1235
1233
1232
1231
1238
1191
1189
1183
1186
1186
1181
1184
1185
1728
1728
1709
1711
1711
1708
1707
1793
1788
1792
1763
1237
1232
1239
1239
1161
1162
1173
1174
1172
1171
1184
1727
1727
1711
1710
1690
1691
1791
1789
1749
1751
1220
1220
1218
1218
1218
1162
1172
1172
1529
1541
1725
1724
1725
1710
1693
1705
1690
1691
1738
1738
1742
1737
1750
1750
1228
1227
1220
1160
1217
1157
1160
1169
1532
1666
1665
1687
1665
1686
1744
1730
1736
1734
1729
1748
1229
1229
1228
1224
1156
1157
1155
1155
1154
1168
1531
1532
1669
1671
1664
1689
1689
1743
1739
1730
1731
1732
1731
1224
223
654
147
231
224
227
254
253
255
253
239
648
649
650
655
655
654
640
640
541
540
544
545
148
148
148
134
228
222
256
265
256
255
255
234
649
653
653
642
645
645
636
541
541
545
140
133
136
219
221
220
259
252
260
251
251
238
661
600
644
646
646
646
555
553
140
187
183
33
36
251
45
40
661
599
658
647
550
700
555
554
140
162
187
188
220
183
33
34
44
38
38
787
739
741
736
709
168
192
186
189
188
190
58
42
1
0
1
742
742
744
701
713
707
708
179
171
193
192
193
60
61
62
64
64
2
1
742
746
745
732
713
711
711
179
181
193
55
50
11
8
10
9
3
750
750
747
748
748
758
746
724
725
725
730
710
729
171
1269
1264
16
18
27
26
9
9
10
750
753
747
762
763
759
760
723
726
1268
1270
1264
18
18
25
1649
1659
1654
1814
763
760
1804
722
1805
1268
1295
1272
1272
1275
1111
1108
1650
1650
1652
1660
1661
1661
1814
1812
1816
1812
1797
1806
1800
1805
1284
1282
1288
1287
1098
1099
1111
1112
1651
1651
1656
1654
1823
1813
1817
1796
1800
1801
1282
1281
1282
1288
1290
1100
1103
1112
1112
1112
1629
1655
1656
1656
1611
1824
1826
1795
1796
1802
1796
1802
1284
1279
1241
1097
1190
1183
1196
1182
1721
1728
1696
1695
1708
1794
1794
1787
1779
1237
1234
1238
1245
1241
1191
1191
1188
1181
1180
1184
1181
1728
1728
1721
1696
1711
1697
1706
1791
1794
1790
1786
1752
1787
1752
1237
1237
1239
1239
1190
1189
1174
1175
1726
1720
1726
1711
1705
1706
1738
1759
1755
1752
1752
1215
1220
1216
1216
1161
1159
1162
1162
1174
1173
1176
1725
1677
1705
1687
1679
1679
1760
1760
1748
1751
1229
1228
1219
1219
1159
1160
1170
1169
1166
1676
1677
1667
1670
1686
1739
1738
1729
1746
1747
1226
1228
1225
1157
1157
1155
1168
1169
1167
1169
1168
1166
1672
1672
1687
1685
1684
1740
1730
1731
1746
1671
253
145
223
648
649
653
652
653
642
636
640
640
638
638
545
544
146
228
224
253
216
252
239
649
664
663
642
639
637
637
546
546
134
134
216
218
217
250
252
46
238
663
660
647
647
632
546
138
139
140
133
185
217
250
44
45
46
661
643
736
555
547
139
140
187
187
182
58
43
41
46
659
658
736
741
735
738
700
700
168
168
195
183
58
57
50
44
42
0
738
732
736
701
698
167
167
198
198
197
60
60
58
50
49
42
1
749
739
734
731
702
711
166
196
56
56
49
11
15
752
752
748
758
730
167
197
56
55
24
10
8
754
751
758
758
723
728
730
1265
1263
1276
1275
1277
1108
1107
10
13
754
1646
753
756
1825
759
1804
726
1267
1268
1264
1275
1110
1110
1108
1650
1649
1645
1654
1820
1820
1822
1803
1804
1805
1284
1286
1101
1111
1106
1651
1652
1645
1653
1822
1823
1827
1800
1810
1284
1285
1286
1288
1282
1289
1290
1104
1104
1717
1719
1717
1695
1715
1702
1824
1826
1808
1809
1280
1279
1240
1240
1104
1196
1196
1182
1719
1719
1695
1698
1697
1697
1794
1783
1781
1779
1778
1245
1242
1240
1191
1181
1721
1718
1713
1696
1698
1794
1699
1783
1783
1779
1779
1236
1245
1158
1179
1175
1175
1723
1721
1704
1704
1678
1791
1754
1755
1215
1213
1245
1146
1158
1178
1179
1175
1176
1676
1703
1705
1679
1757
1761
1760
1755
1748
1226
1159
1147
1170
1179
1165
1675
1677
1673
1670
1683
1682
1761
1761
1759
1761
1224
1222
1219
1146
1168
1166
1674
1674
1671
1685
1685
1740
1758
1745
1746
1149
134
225
254
255
638
633
146
239
642
637
136
216
218
250
644
44
236
661
658
632
547
137
198
43
659
737
737
698
183
48
740
698
698
168
198
59
51
15
757
734
732
729
197
55
56
53
50
14
15
752
733
732
728
1266
196
1277
24
13
757
1264
1275
13
756
1807
727
1265
1102
1110
1106
1646
1646
1819
1820
1286
1289
1104
1101
1110
1106
1716
1648
1826
1827
1285
1713
1715
1702
1702
1826
1782
1808
1810
1243
1192
1193
1713
1783
1781
1243
1196
1196
1718
1698
1699
1781
1213
1242
1177
1723
1704
1699
1785
1754
1214
1213
1148
1179
1723
1677
1681
1754
1759
1756
1213
1178
1163
1673
1683
1757
1221
1164
1685
1758
145
641
635
631
664
184
218
250
647
740
734
738
169
195
52
51
729
25
727
1804
1276
1808
1289
1286
1106
1648
1822
1717
1822
1194
1781
1784
1244
1193
1679
1680
1683
1756
1147
1166
662
633
662
636
137
215
546
663
699
47
184
52
738
194
752
755
758
1109
1107
1648
1809
1289
1103
1785
1785
1236
1192
1701
1195
1723
1754
1177
1722
1704
1148
1164
1675
1681
1740
1746
225
636
236
644
643
632
138
659
48
699
195
734
703
166
54
14
48
754
12
1107
1715
1714
1719
1713
1245
1698
1147
1681
1756
1146
1673
1684
225
237
664
664
631
249
48
185
705
169
60
15
702
755
1266
1266
13
1820
1825
1810
1283
1102
1717
1280
1194
1196
1280
1243
1195
1784
1148
1222
1221
1163
1675
1683
225
237
1151
1151
634
226
226
1070
1605
185
656
656
703
54
194
53
1277
728
1278
1647
1278
1278
1647
1825
1105
1821
1715
1702
704
1712
1785
1780
1700
1214
1223
1149
1680
1753
1148
1164
725
705
1150
657
634
634
1605
1605
135
657
135
1124
765
1124
1153
15
1150
1153
1124
704
1152
266
1070
1123
1223
1123
467
1152
465
