3920
733
1353
1394
1387
1386
685
685
734
517
1277
1285
686
532
528
532
515
504
504
1002
1402
1407
725
724
722
544
1003
1405
1275
1271
1270
716
710
955
1007
1105
1116
1131
718
718
710
708
929
955
997
1115
1126
1127
717
810
930
1211
1110
1169
1125
817
802
801
808
809
932
928
957
963
1206
1212
1222
1175
1174
817
805
920
961
1049
1051
1218
1222
1222
1177
813
838
938
940
920
974
1053
1051
2865
2451
2464
848
2998
2871
2867
2865
2459
2464
2464
2994
3125
2868
2877
2875
2460
3141
2827
2851
2884
2877
2559
2569
2569
2979
3145
3144
3128
2904
2903
2900
2560
2946
2946
2952
3143
3184
3179
3182
3180
2908
2902
2882
2561
2550
3429
3429
3380
3157
3155
3184
3182
2908
2906
2879
3377
3300
2939
2927
2913
2647
3423
3382
3304
3370
3306
3300
3296
3297
2709
2709
2918
2912
2645
3404
3302
2707
2919
2917
2914
2911
2645
2645
3405
3403
3374
3275
3273
3302
3279
1359
1359
1361
1353
1361
1352
1395
1381
1385
1383
1386
1387
1281
1280
1279
681
683
732
732
734
529
530
530
519
518
519
513
1361
1349
1348
1393
1395
1407
1399
1282
1283
687
687
685
683
726
730
733
532
519
502
519
503
1355
1005
1003
1348
1397
1405
1274
1276
1276
1285
1273
674
695
675
675
674
726
724
545
546
546
504
502
504
1002
1006
1000
996
1407
1405
1275
1273
1270
695
691
717
716
721
708
547
545
544
953
1009
1008
1007
999
997
1001
1108
1114
1114
1131
1131
692
1129
693
710
550
930
951
950
953
1100
1093
1106
1105
1106
1110
1115
1116
1126
800
693
800
718
809
712
706
710
929
951
959
955
963
963
1101
1099
1089
1206
1208
1206
1169
1169
1127
823
800
801
806
838
810
923
927
922
926
959
957
961
1101
1099
1049
1217
1212
1211
1177
1171
1165
815
814
814
804
936
924
935
927
979
979
975
1054
1055
1051
1220
1217
1218
1214
1224
1175
1177
1173
819
820
815
848
842
843
934
940
948
935
979
977
973
975
1055
1053
1220
1224
2452
1173
2452
2462
2462
2464
3000
844
937
938
940
946
940
3153
977
974
3137
2822
2823
2869
2869
2867
2863
2875
2862
2502
2456
2456
2454
2458
2459
2999
2990
2998
2999
3000
2978
3151
2980
2982
3150
3150
3125
3135
2823
2831
2868
2851
2873
2875
2456
2456
2571
2571
2571
2988
2989
2992
2993
2971
2980
3144
2979
3138
3127
3129
3125
2824
2871
2828
2873
2877
2525
2563
2558
2571
2944
2946
2954
2954
2969
3139
3141
3143
3178
3129
3128
2903
2898
2884
2884
2560
2557
2558
2569
2567
2566
2944
2954
2954
3158
3160
3156
3180
3184
3179
2904
2906
2894
2900
2897
2892
2884
2890
2880
2547
2549
2551
2948
3378
2952
3158
3156
3184
2908
2908
2896
2896
2882
2880
2543
2551
2549
2554
3428
3427
3429
3425
3380
3382
3303
3303
3304
3306
3298
3182
3293
2724
2724
2724
2926
2939
2939
2913
2542
2543
2553
2647
3427
2553
3378
3423
3376
3382
3382
3300
3296
3298
2705
2929
2925
2926
2927
2937
2915
2643
2647
2647
3401
3372
3377
3374
3370
3273
3302
3275
3275
3297
3277
2709
2709
2929
2931
2931
2919
2915
2923
2911
2639
2639
3405
3403
3374
3265
3273
3280
3278
3280
3282
3278
3279
2707
1383
529
1361
1351
1353
1372
1394
1389
1391
1280
1283
1309
1281
1313
681
683
727
728
525
528
518
517
515
513
1359
1357
1356
1353
1349
1399
1399
1407
1399
1391
1391
1391
1269
1269
1282
686
681
678
720
730
524
534
511
500
494
496
1355
992
1374
1401
1397
1403
1265
1277
1260
699
698
697
697
698
679
677
725
720
534
548
498
503
500
1005
990
984
986
984
1373
1161
1259
1271
699
689
691
721
722
538
538
542
535
498
492
1008
1009
1001
1000
999
982
1162
1162
1108
1112
1131
1130
692
691
714
718
706
548
550
536
950
955
1091
1088
1150
1148
1112
1110
1112
1119
1119
798
808
840
924
932
963
962
1097
1092
1208
1148
1169
1165
797
802
835
840
840
923
922
928
970
1100
1094
1095
1087
1204
1204
1208
1210
1214
1167
1167
821
823
811
805
838
832
936
947
926
944
971
942
969
965
1054
1049
1070
1201
1216
1216
1216
1216
1177
1173
1171
821
820
819
813
842
846
845
830
948
942
967
966
1064
2862
1224
2500
2451
1183
2462
2478
845
844
2996
843
946
3149
977
3137
2821
2821
2867
2863
2496
2501
2501
2466
2475
2477
2987
2993
2994
2974
2973
2984
2983
3151
3153
3147
3137
2825
2822
2819
2829
2873
2857
2502
2454
2460
2473
2989
2992
2972
2978
2972
2982
3146
3139
3131
3135
2825
2824
2831
2829
2848
2849
2853
2853
2853
2519
2563
2565
2942
2990
2957
2969
2967
3145
3164
3138
3127
3174
2827
2837
2897
2892
2521
2559
2566
2567
2946
2950
2952
2958
3157
3164
3176
3174
2894
2890
2892
2525
2561
2523
2545
2545
2555
2950
2948
2959
3162
3168
3168
3167
3176
2720
2719
2718
2722
2896
2890
2879
2888
2547
2550
2555
2555
3429
3421
3419
3425
3380
3386
3160
3155
3252
3170
3172
2719
2722
2724
2714
2937
2939
2935
2637
2524
2643
2554
3400
3425
3390
3392
3370
3252
3250
3294
3292
3294
2703
2699
2937
2914
2639
2639
2640
3400
3401
3391
3372
3398
3398
3271
3248
3248
3277
2705
2703
2705
2700
2701
2701
2931
2931
2918
2923
2923
2923
2635
2635
2641
3409
3404
3409
3374
3396
3397
3267
3270
3267
3275
3269
3248
3284
3282
3265
3270
3254
1372
1382
526
1357
1364
1372
1363
1370
1383
1383
1379
1389
1269
1305
1311
1311
1315
1314
614
728
727
522
526
509
511
511
507
506
506
496
1365
1366
1378
1376
1378
1389
1267
1257
1315
1315
1314
1315
617
677
522
524
511
496
994
993
1373
992
1374
1401
1403
1264
1263
1263
1242
703
679
701
678
664
534
524
540
539
542
539
494
494
987
985
988
985
986
982
1401
1264
1265
1261
1261
700
700
646
664
706
664
547
540
536
492
492
990
984
1027
1161
1160
1118
1119
1241
689
714
643
650
570
535
568
567
584
1092
1093
1083
1150
1160
1157
1123
1121
797
744
712
652
656
836
840
652
908
570
864
865
962
1091
1097
1088
1083
1089
1087
1150
1148
1158
1158
1123
1123
798
806
834
836
907
909
867
969
1095
1067
1094
1068
1200
1200
1185
1184
1183
823
1188
825
828
828
830
832
905
915
970
971
966
969
1043
1043
1068
1070
1202
1198
1214
1183
1181
1184
1193
824
825
852
832
948
947
944
967
965
1066
1043
1066
1202
1064
2498
2496
2467
2467
2479
2479
856
846
855
850
2976
3018
946
3064
3063
3083
3081
2819
2843
2855
2856
2500
2469
2466
2470
2478
2477
3045
2996
2976
2973
2974
2983
3064
3091
3133
3149
3135
2821
2844
2849
2856
2510
2471
2469
2472
2986
3041
2987
3040
2971
3017
2967
2984
3065
3146
3147
3133
3133
2828
2841
2859
2510
2508
2512
2513
2531
2988
2472
3039
3050
2942
2956
2967
2969
2964
3164
3087
3086
3131
2838
2848
2836
2892
2853
2520
2519
2513
2535
2942
2956
2957
2969
3162
3166
3174
3176
2838
2749
2741
2751
2898
2887
2520
2523
2545
2539
3420
2536
2950
2961
3388
2959
3162
3166
3168
3170
3172
2720
2749
2716
2714
2714
2886
2887
2888
2523
2657
2547
2555
3421
3421
3417
3385
3168
3258
3225
2712
2716
2773
2933
2934
2934
2649
2659
3421
3411
3415
3415
3388
3385
3258
3260
3252
3293
2697
2712
2700
2715
2935
2933
2648
2651
2641
2663
3413
3411
3394
3398
3392
3256
3253
3260
3288
3287
2697
2699
2699
2797
2921
2921
2653
2652
2635
2640
3406
3396
3407
3397
3265
3267
3263
3267
3262
3271
3254
3290
3286
3285
2921
3284
1363
1368
1364
1370
1422
1379
1416
1418
1418
1306
1309
1313
1291
1292
1292
613
631
633
632
525
603
509
605
507
589
1368
1366
1370
1424
1468
1437
1267
1302
1307
1307
1257
1290
1288
1292
618
616
631
632
658
561
611
595
594
994
1365
1376
1436
1438
1438
1433
1267
1260
1257
618
703
616
662
662
629
660
565
560
578
611
593
594
988
1016
993
1030
1029
1434
1259
1241
648
648
662
646
563
565
580
593
583
987
1014
1028
1026
1026
1028
1156
1160
1231
1230
1252
1230
1252
701
648
656
656
644
652
654
565
572
572
568
585
587
1084
1081
1085
1085
1027
1083
1154
1156
1157
1143
1121
1254
743
738
745
741
656
762
650
909
572
867
865
869
869
1079
1085
1084
1154
1136
1137
1134
1133
1123
745
791
744
749
758
835
760
752
908
907
903
861
870
1079
1067
1201
1136
1200
1180
1185
790
832
752
751
905
864
871
1047
1061
1058
1057
1196
1198
1179
1180
1189
1187
789
854
855
854
851
830
913
910
914
876
875
1066
1045
1062
1198
2498
2498
1179
1190
1191
1193
795
856
851
852
850
3021
3020
911
3074
911
910
878
3083
2846
2846
2844
2855
2496
2483
2484
2488
2471
2475
3045
3040
3026
3023
3024
3017
3022
3018
3072
3073
3081
3083
2842
2843
2840
2857
2506
2506
2508
2494
2470
2490
3043
3013
3012
3004
3068
3066
3089
3066
3091
3089
3091
2842
2836
2840
2834
2861
2861
2861
2504
2510
2510
2515
2473
3041
3012
3053
3015
2965
3065
3085
3086
3103
3102
3085
2751
2743
2837
2833
2859
2521
2512
2515
2530
2534
2535
3051
3051
3059
2961
2965
2964
3118
3087
3116
3104
3106
3099
2751
2742
2785
2540
2538
2536
3420
3061
2958
3355
3009
2963
3120
3119
3219
3104
3172
3219
2749
2741
2746
2716
2784
2774
2666
2540
2539
2661
2538
3358
3359
3417
3357
3390
3384
3345
3384
3258
3223
3224
3224
2729
2712
2716
2772
2775
2775
2649
2657
2661
2663
3419
3353
3352
3347
3386
3260
3252
3229
3227
3225
3223
2730
2696
2800
2772
2789
2649
2655
2652
2659
2663
3413
3413
3411
3394
3394
3256
3260
3287
3290
3288
2727
2697
2798
2798
2797
2788
2792
2655
2653
2690
2659
3407
3406
3398
3313
3262
3263
3253
3284
3286
2787
1467
589
1462
1463
1469
1465
1422
1422
1418
1303
1332
1331
1305
1306
1295
1294
1296
1291
1300
614
631
639
602
598
606
607
607
605
591
1441
1463
1465
1425
1426
1416
1334
1303
1331
1288
613
620
628
628
633
629
603
602
611
595
591
1443
1011
1444
1426
1424
1436
1437
1432
1227
1346
1302
1246
617
667
668
560
565
563
561
578
582
1016
1012
1012
1017
1032
1032
1029
1030
1434
1433
1231
1227
1227
1246
1246
1242
622
666
658
670
552
555
580
578
1016
1016
1014
1022
1040
1040
1142
1254
1252
739
648
672
654
670
575
576
580
585
584
1077
1038
1038
1138
1141
1140
1254
1250
1249
739
746
741
643
757
654
553
892
572
574
863
1081
1075
1077
1138
1144
1144
1121
743
747
747
749
757
756
763
752
893
891
903
861
871
869
1073
1073
1057
1195
1136
1195
1134
1143
1189
1188
767
767
791
767
760
755
905
895
888
874
875
870
873
1046
1046
1058
1060
1196
1181
1191
793
779
773
752
754
775
913
915
914
874
876
1047
2169
1062
1744
2486
1879
2484
1190
795
793
779
3026
775
3022
3021
3076
878
3079
2153
2152
2167
2169
2295
2492
2493
2489
2488
795
3045
3030
3024
3028
3020
3073
3070
3074
3071
3071
3081
3083
2157
2155
2151
2151
2194
2506
2194
2482
2482
2483
2493
2494
2489
3043
3045
3013
3023
3007
3005
3072
3091
3079
2155
2841
2833
2194
2276
2482
2532
2532
3050
3058
3015
3011
3005
3068
3118
3089
3106
3096
3096
3100
2753
2834
2861
2504
2515
2527
2531
2530
3048
3053
3061
3061
3008
3119
3103
3102
3100
2754
2755
2747
2743
2784
2785
2517
2670
2673
2517
2591
3049
3047
3351
3008
3120
3221
3219
3108
3099
2755
2754
2745
2779
2747
2780
2785
2758
2777
2668
2777
2665
2674
2661
3359
3357
3355
3349
3347
3237
3235
3227
3217
2733
2731
2729
2781
2773
2774
2758
2666
2672
2678
2663
3358
3330
3352
3353
3347
3221
3245
3228
3227
2731
2730
2794
2795
2790
2790
2694
2692
2651
2676
2689
2675
3334
3332
3311
3190
3191
3221
3206
3228
2727
2796
2794
2727
2796
2795
2787
2800
2792
2788
2694
2693
2688
2690
3334
3334
3336
3336
3336
3313
3313
3189
3189
3187
3201
3202
3206
3313
1462
1459
1461
1469
1467
1410
1422
1420
1334
1337
1338
1336
1296
1295
626
624
641
639
599
597
599
609
606
609
591
589
131
1445
1441
1469
1468
1425
1420
1332
1346
1346
1340
1336
1294
1300
624
641
636
637
598
609
610
143
139
1443
1444
1018
1447
1430
1429
1428
1235
1342
1330
1298
1229
620
620
624
635
660
559
601
611
582
139
1011
1018
1017
1428
1036
1429
1239
1234
1233
1246
1244
622
622
668
667
672
672
557
556
555
580
583
139
1024
1024
1023
1024
1035
1034
1040
1237
1239
1239
1234
1235
1254
1244
1248
738
644
672
670
553
556
575
211
210
587
1564
1024
1077
1022
1040
1772
1141
1140
1146
1249
1250
736
737
737
736
764
764
893
552
576
859
858
207
1075
1077
1562
1736
1137
1142
1874
1871
1146
1248
769
746
758
762
763
892
891
863
879
863
1073
1569
1572
1575
1734
1736
1875
1877
1872
1873
790
771
771
770
756
899
897
894
897
880
884
1570
1061
1738
1742
1744
1875
1879
1895
1880
1873
783
793
782
779
775
755
898
901
894
882
1045
2152
1740
1060
1742
2293
1744
2295
1881
1881
1879
795
787
786
785
786
779
773
3029
3670
895
3566
873
2156
2148
2153
2167
2169
2288
2486
1892
2490
3037
3033
787
3032
3029
3646
3079
3564
2156
2157
2155
2144
2192
2196
2289
2289
2492
2316
3032
3037
3037
3028
3030
3007
3076
3674
3672
3673
3625
3070
3098
3094
3098
2176
2190
2196
2273
2274
2528
2528
3037
3057
3055
3011
3003
3004
3116
3098
3098
2174
2202
2783
2204
2190
2276
2274
2517
2574
2527
2591
3049
3048
3059
3003
3118
3110
3113
2753
2753
2783
2757
2669
2572
2593
3056
3061
3009
3351
3348
3122
3116
3108
3114
2735
2746
2781
2780
2760
2766
2762
2758
2669
2668
2674
2578
2593
3367
3362
3363
3345
3348
3349
3235
3244
3243
3242
3217
2734
2734
2735
2779
2765
2768
2770
2768
2670
2665
2678
2673
2593
3361
3357
3319
3237
3233
3231
3243
3241
3229
3244
2738
2739
2814
2814
2789
2682
2675
2692
2676
2588
3329
3329
3324
3319
3321
3309
3191
3187
3193
3205
3204
3206
2737
2737
2810
2808
2810
2806
2694
2805
2694
2693
2689
2612
3336
3330
3332
3311
3311
3190
3192
3187
3206
3202
2805
1409
1324
1455
1461
1469
1409
1412
1414
1344
1338
1337
1322
1300
1300
626
626
641
639
162
161
134
136
136
132
130
1440
1449
1460
1461
1448
1414
1414
1344
1345
1342
1324
1298
44
43
637
32
176
180
141
134
140
143
132
1445
1451
1450
1450
1447
1345
1346
1340
1328
1229
38
42
31
43
636
2
182
182
180
140
141
145
1451
1453
1453
1020
1430
1035
1237
1911
1910
1922
36
36
31
176
182
151
1583
1587
1020
1036
1768
1769
1239
1909
1903
1918
1917
344
36
350
338
337
557
209
210
206
206
1565
1565
1563
1587
1763
1771
1773
1899
1900
1900
1904
1902
1920
1920
348
350
342
342
342
889
359
213
209
1563
1564
1760
1734
1761
1775
1871
1902
1919
346
325
340
889
360
888
859
1571
1571
1573
1573
1734
1736
1742
1877
1872
1895
781
771
771
323
312
898
901
880
879
885
886
884
1570
1569
1575
1731
1744
1874
1880
1897
1891
782
777
777
311
310
899
882
886
885
2149
2147
2147
1740
2163
2165
2293
1717
2293
1896
1893
1891
1893
781
783
777
3656
311
3656
3669
3670
3561
3562
3566
3564
2145
2147
2160
2149
2161
2173
2171
2173
2295
2291
2291
2286
2315
2318
785
3033
3508
3656
3658
3672
3673
3560
3664
3553
3564
3566
2145
2144
2171
2173
2288
2271
2315
3510
3508
3647
3645
3645
3661
3554
2176
2180
2186
2192
2190
2196
2280
2280
2272
2270
2306
3035
3035
3549
3648
3650
3646
3617
3623
3626
3621
3627
3627
3094
2188
2185
2200
2198
2203
2354
2273
2278
2270
2599
3056
3055
3547
3650
3623
3623
3626
3112
3114
3097
2188
2202
2203
2204
2762
2356
2762
2356
2576
2577
2577
2576
2599
3367
3057
3363
3634
3341
3122
3108
3110
3112
2011
1992
2764
2765
2762
2760
2584
2668
2578
2582
2589
2601
2601
3367
3365
3338
3342
3343
3341
3232
3245
3239
2012
2733
2770
2770
2682
2589
2593
2588
3323
3362
3338
3343
3232
3238
3231
3241
3208
2014
2016
2816
2739
2815
2686
2582
2610
2612
3323
3321
3321
3197
3198
3192
3210
3213
2738
2020
2816
2816
2812
2804
2808
2806
2684
2686
2610
2616
3328
3328
3326
3316
3321
3317
3309
3199
3193
3195
3214
3214
2020
2686
3201
1299
14
1457
1457
1461
1410
1412
1318
1317
1320
1317
1322
1324
1326
1326
13
12
10
164
163
160
134
136
124
136
131
1440
1455
1448
1606
1414
1318
1320
1322
1329
1328
1330
1328
46
44
38
8
161
6
162
123
128
1581
1449
1604
1606
1594
1912
1928
1926
1924
48
40
39
38
39
178
180
176
178
182
149
145
147
1579
1589
1589
1596
1908
1906
1908
1928
1912
1928
1924
1924
34
34
57
32
2
362
170
174
169
168
148
151
1583
1587
1585
1763
1771
1908
1769
1909
1911
1910
1904
1914
1916
349
349
337
366
364
211
207
203
1583
1567
1584
1766
1768
1773
1899
1939
1903
1920
1952
1918
344
350
350
338
340
360
362
359
415
213
204
1567
1562
1533
1736
1761
1772
1765
1775
1943
1936
1920
323
325
348
356
354
353
352
414
465
205
205
1534
1535
1572
1732
1732
1724
1719
1718
1869
1955
327
327
312
314
318
464
478
1535
1537
1731
1738
1721
1716
1869
1885
1883
325
335
333
312
308
320
426
481
479
2122
2163
2163
2165
1716
1717
1869
1897
1892
1891
1882
1888
1883
335
308
3658
3654
3668
3663
3562
3669
3566
2148
2161
2165
2283
2285
2287
2287
2316
2318
3493
3510
3658
3653
3665
3662
3561
3558
2180
2159
2160
2171
2280
2283
2286
2272
2324
2313
2314
3492
3551
3551
3551
3658
3674
3666
3660
3661
3556
3553
3558
2178
2178
2185
2192
2178
2278
2278
2268
2271
2312
2304
3549
3551
3648
3647
3616
3625
3744
3554
2183
2198
2354
2356
2352
2267
2267
2574
2303
2306
3546
3633
3633
3616
3621
3746
3745
3745
3113
3744
2182
2186
2008
2010
2200
1996
2354
2351
2350
2580
2599
2601
3365
2595
3525
3635
3629
3635
3634
3621
3631
3631
3761
3759
3750
2012
2011
1994
1993
2356
2580
2338
2597
3365
3527
3525
3628
3874
3760
3238
3755
3110
2015
2006
2000
2766
2770
2339
2586
2584
2584
2582
2622
2601
3857
3853
3319
3338
3342
3872
3233
3239
3210
3754
2014
1998
2018
2815
2816
2802
2804
2680
2586
2586
2604
2614
2614
3324
3328
3851
3315
3850
3317
3339
3197
3199
3210
3208
2020
2020
2812
2812
2802
2804
2680
2680
2686
2684
2603
2612
2607
2616
2616
3326
3328
3850
3859
3316
3860
3884
3198
3882
3195
3881
3214
3212
3214
3212
3213
14
126
1621
1621
1617
1601
1602
1600
1696
1320
1679
1679
1679
1326
14
13
10
166
166
156
154
158
158
123
126
128
128
1616
1617
1606
1602
1594
1712
1694
1677
48
1681
52
51
12
4
164
166
166
158
174
124
128
147
1578
1616
1604
1606
1604
1594
1714
1712
1926
48
46
50
58
51
40
50
2
6
156
148
147
193
1577
1590
1578
1591
1596
1751
1749
1596
1714
1928
1922
60
58
34
178
173
170
364
174
149
145
1581
1552
1589
1547
1591
1585
1750
1749
1906
1946
1951
1916
60
257
57
266
266
264
366
413
169
201
200
1550
1548
1760
1548
1750
1767
1767
1766
1753
1941
1937
1939
1953
1914
1953
346
357
358
366
364
415
463
203
461
204
1550
1533
1725
1755
1759
1765
1942
1942
1937
1933
1952
323
327
259
274
340
358
357
354
417
465
474
475
1534
1543
1533
1729
1721
1723
1718
1943
1856
1887
330
327
331
316
317
319
353
421
425
464
479
475
478
1541
1537
1729
1719
1885
1859
1889
1885
1888
333
333
329
320
319
427
318
424
426
481
483
485
487
2121
2120
2126
1728
1727
1780
1889
1887
335
335
308
3663
3664
3573
3571
3573
2121
2120
2114
2122
2142
2101
2207
2283
2215
2285
2324
2324
2326
3493
2314
3505
3493
3512
3652
3654
3666
3665
3571
3558
3558
2116
2116
2114
2116
2142
2132
2130
2211
2211
2214
2326
2326
2313
3497
3510
3512
3615
3653
3615
3662
3783
3556
3786
2180
2114
2134
2133
2133
2211
2209
2268
2300
2310
3541
3549
3539
3537
3637
3537
3617
3619
3619
3784
3782
3782
3788
2184
2184
2182
2183
2200
2134
2347
2351
2329
2299
2303
2304
2308
2308
3545
2310
3543
3546
3522
3639
3640
3741
3749
2010
2004
1992
2348
1996
2348
2346
2335
2352
2597
2299
2308
3527
3547
3527
3639
3643
3633
3641
3641
3758
3746
3763
3748
3749
2005
2002
1993
2344
2337
2335
2341
2341
2580
2620
2619
2597
3857
3525
3628
3629
3760
3761
3757
3754
3755
2008
2005
2006
2000
1998
1994
2406
2337
2339
2338
2623
2624
2630
2622
2618
3855
3855
3871
3874
3876
3752
3753
3753
2015
2016
1974
2000
2408
2405
2404
2393
2604
2606
2624
2614
3853
3857
3851
3860
3871
3887
3876
3876
3915
3914
2018
1987
2018
1962
2410
2408
2408
2393
2603
2608
2606
2608
3845
3845
3843
3859
3881
3884
3882
3888
3886
3913
3913
1621
1619
1613
1619
1613
1698
1694
1691
1683
1683
14
80
8
6
121
119
154
242
242
1479
1621
1615
1611
1601
1698
1696
1708
1692
1677
1681
1681
52
4
4
117
156
158
172
244
244
1480
1474
1598
1598
1598
1714
1712
1710
1710
1677
55
56
29
29
21
19
174
187
244
192
1579
1474
1947
1945
1959
54
56
25
28
21
21
21
189
188
199
193
191
192
1552
1552
1552
1590
1472
1747
1747
1947
1951
1957
54
250
262
266
261
366
376
369
186
463
201
1550
1547
1757
1751
1747
1752
1946
1936
1933
1957
1958
255
257
272
266
264
414
450
200
1560
1560
1556
1756
1756
1759
1752
1941
1931
1935
1933
1955
259
254
268
274
273
314
273
356
419
463
461
477
1539
1545
1545
1544
1725
1724
1785
1935
1935
258
274
316
424
423
419
425
470
484
484
474
1539
1541
1543
1729
1729
1786
1788
1784
1782
1860
1864
331
283
427
473
466
485
488
2124
2124
2124
2125
2098
2101
1782
1780
1862
1860
3505
330
3503
320
3612
3612
3573
489
3571
487
2125
2126
2140
2103
2101
2213
2214
2239
2322
3504
3505
3503
3516
3607
3610
3604
3778
2118
2142
2142
2130
2129
2207
2215
2326
2320
2321
2320
3497
3496
3517
3520
3615
3610
3602
3784
3783
3785
2117
2138
2137
2132
2223
2217
2209
2302
2310
2310
3543
3543
3512
3518
3637
3584
3586
3742
3785
3786
2029
2031
2067
2211
2300
2297
3541
3533
3539
3529
3531
3740
3737
3738
3748
2031
2035
2348
2344
2347
2335
2375
2329
2373
3523
3523
3533
3643
3640
3639
3701
3740
3759
3738
3737
2001
2001
2004
1991
2344
2337
2332
2331
2619
2595
3527
3522
3822
3872
3702
3763
3750
3735
3757
1984
2002
1970
2405
1973
2414
2333
2333
2632
2631
2623
2618
3836
3849
3837
3855
3865
3820
3868
3878
3877
3752
3733
1987
1983
1972
1973
1972
2406
2410
2411
2412
2414
2389
2628
2630
2626
2631
3847
3849
3842
3866
3863
3866
3870
3870
3888
3886
3905
3917
3914
3919
1988
1989
1989
1962
2410
2416
2394
2606
2607
2628
3849
3842
3847
3843
3864
3865
3864
3862
3887
3915
3918
2626
80
1487
1609
1608
1613
1608
1611
1638
1698
1698
1686
1686
1683
80
82
88
88
90
88
121
121
119
236
244
242
230
1609
1613
1637
1637
1696
1706
1692
1691
1670
1675
1683
82
73
90
117
119
240
239
238
1478
1480
1619
1644
1642
1640
1643
1706
1708
1671
1670
63
27
27
29
17
117
185
240
239
238
1482
1481
1479
1476
1475
1642
1704
1703
1703
1710
1665
1669
1959
1671
55
23
23
29
27
16
16
17
19
183
189
186
197
1481
1482
1472
1474
1834
1836
1950
1959
1959
249
251
251
261
375
377
369
188
449
448
187
197
456
1560
1510
1757
1755
1753
1931
1832
1950
1949
250
254
247
262
270
268
381
377
369
449
448
443
1554
1556
1545
1793
1797
1796
1795
1931
1854
253
255
259
274
272
286
379
371
379
419
471
444
477
1559
1544
1545
1785
1796
1790
1790
1858
1858
1858
1856
259
299
282
282
289
423
421
417
473
471
469
489
2099
2099
1781
1790
1778
1862
1866
1866
1858
1864
299
277
285
409
411
410
467
483
2091
2102
2102
1786
1782
1778
1782
2249
1859
2238
1866
2238
1864
1866
3499
3501
3500
405
3513
407
3608
3610
3612
3604
3780
488
2092
2098
2207
1781
2213
2247
2239
3499
3500
3505
3514
3606
3612
3608
3602
3780
2117
2140
2140
2136
2137
2103
2226
2224
2217
2219
2218
2219
2219
2219
2322
3497
3488
3516
3514
3513
3588
3588
3602
3794
3780
2118
2029
2138
2078
2128
2129
2222
2218
2302
2298
3495
3497
3543
3518
3517
3520
3584
3588
3792
3796
3795
2025
2031
2067
2067
2220
2329
2265
2298
2297
3535
3586
3742
3790
3788
3795
3685
2029
2023
2027
2034
2033
2034
2069
2429
2328
2374
2374
2375
2378
2365
2370
2369
2371
3535
3535
3535
3821
3704
3702
3741
3700
3731
2023
2033
2035
2069
2423
2425
2331
2379
2379
2373
2371
2369
3841
3533
3821
3820
3880
3701
3735
3733
3729
1985
1968
1969
1969
1970
2390
2332
2378
2632
2620
3839
3835
3837
3835
3829
3823
3822
3870
3877
3880
3735
3717
3733
3728
1974
1985
1968
2412
1963
2416
2411
2390
2628
3832
3833
3828
3833
3868
3878
3906
3723
3918
3908
3721
1988
1987
1979
1960
2418
2418
2416
2394
2389
2392
2398
2626
3847
3832
3828
3863
3899
3907
3907
3906
3909
3917
3919
1966
1652
86
1647
1648
1652
1650
1628
1684
1690
1690
1675
1673
81
78
82
75
90
115
121
226
234
233
230
1487
1648
1491
1647
1646
1638
1634
1688
1699
1690
1686
1675
73
75
75
90
115
115
108
220
236
232
1498
1497
1475
1643
1642
1644
1704
1700
1700
1667
1699
1663
75
73
103
95
97
96
217
232
1483
1476
1506
1831
1830
1702
1665
1665
65
25
105
95
185
194
216
216
1484
1484
1472
1510
1835
1824
1835
1836
1814
1958
247
249
270
376
375
455
1520
1512
1514
1514
1822
1823
1836
1820
247
293
292
380
380
373
373
446
450
455
1560
1519
1524
1512
1792
1797
1822
1795
1834
1854
1854
305
287
381
379
373
446
444
443
1556
1554
1793
1800
1810
1851
1850
1851
303
301
301
301
289
287
285
371
423
470
438
442
442
440
442
1558
2090
2088
1801
1790
1845
1849
1841
1841
1850
299
280
283
401
407
411
411
441
469
2092
2091
2105
1789
1778
1847
2241
3501
3462
405
411
410
3600
466
3775
2096
2096
2107
2111
2110
2249
2246
2241
3486
3485
3484
3461
3484
3472
3607
3604
3599
3598
3604
3778
3780
2094
2057
2052
2079
2226
2222
2259
2258
3490
3489
3465
3464
3470
3591
3588
3592
3796
3778
2055
2056
2055
2079
2078
2224
2232
2263
2262
2258
3488
3466
3466
3465
3506
3594
3596
3792
3790
3790
3792
3794
2065
2056
2071
2223
2426
2265
2265
2265
2367
3457
3458
3531
3529
3584
3698
3681
3688
2026
2025
2069
2025
2433
2427
2429
2426
2377
2364
2364
2365
2370
3459
3459
3434
3433
3432
3813
3699
3698
3699
3685
3731
3687
3685
2026
2027
2042
2433
2427
2377
2377
2386
3838
3459
3841
3826
3824
3824
3704
3719
3714
3728
3729
2042
1984
2050
2042
2424
2421
2423
2424
2421
2385
2387
3836
3838
3823
3817
3814
3903
3735
3723
3723
3721
1983
1978
1964
1963
2449
2449
2441
2439
2402
3839
3807
3831
3829
3902
3897
3905
3911
3725
3726
1981
1979
1966
2418
2418
2449
2394
2396
2398
2402
2396
2402
3831
3805
3897
3891
3899
3899
3909
3908
3727
3801
1688
1490
1649
78
82
84
76
84
86
109
113
112
107
226
233
234
1489
1650
1649
1628
1636
1657
1666
1675
70
71
93
111
109
228
218
232
1499
1497
1640
1630
1634
1634
1667
1666
1660
63
65
96
97
195
220
1495
1493
1499
1498
1504
1632
1702
1832
1661
1661
65
105
386
194
218
1495
1483
1514
1510
1506
1836
1814
1818
1663
292
105
386
390
388
383
454
456
1522
1522
1512
1506
1824
1828
1817
1816
1820
293
387
384
388
453
458
1519
1518
1525
1526
1792
1826
1825
1828
1812
1809
1817
303
295
295
396
391
436
440
1517
1526
1799
1809
1812
1851
305
277
276
286
403
441
1517
1524
1799
1801
1845
1851
1841
279
276
403
403
467
438
442
2084
2096
2105
2110
2109
2243
2244
1849
281
281
3461
279
401
3576
409
3600
430
2094
2094
2096
2111
2251
2251
2246
2245
3486
3485
3469
3474
3469
3577
3599
3776
3776
2065
2064
2233
2259
2247
3489
3480
3462
3468
3577
3594
3591
3770
3769
2065
2053
2052
2077
2057
2077
2081
2234
2227
3447
3490
3476
3464
3478
3444
3596
3590
3772
3769
2059
2061
2071
2081
2232
2230
2263
2367
3457
3449
3436
3433
3442
3441
3679
3594
3681
3689
3687
2038
2040
2071
2433
2361
3459
3449
3455
3436
3434
3691
3694
3681
3679
3689
3687
2050
2042
2431
2385
2387
2381
3451
3458
3432
3818
3813
3700
3719
3713
2048
2050
2040
2445
2425
2441
2441
2386
2381
3811
3816
3816
3902
3717
3719
3715
3714
3725
1981
2437
2447
2441
2439
2383
3807
3802
3803
3803
3895
3903
3717
3711
3709
3711
1981
1977
1964
2449
2400
2402
3804
3804
3801
3890
3894
3911
3711
3709
3727
2448
1491
1628
1628
1690
226
224
1489
1673
112
92
1491
1629
1629
1657
93
1814
1659
67
105
214
216
1493
1514
1831
67
386
387
453
1506
1654
291
454
458
1520
1525
1825
1807
303
394
395
392
436
1528
1800
1805
1802
1807
1843
304
297
392
391
434
2088
1529
2109
1805
1839
403
2088
2109
1842
398
3775
429
2084
2257
2253
2243
3482
3468
3472
3470
2053
2076
2234
2233
2253
2261
3475
3480
3596
3578
2065
3444
3478
3442
3444
3596
3592
3581
3768
2073
2363
2360
3453
3677
3768
2073
2230
2360
3452
3439
3693
3677
2048
2431
2419
3455
3826
3814
3691
3715
2050
2048
2443
2359
3451
3799
3818
3696
3719
3713
2046
2437
2400
3799
3895
3901
1977
2383
3894
3711
1490
103
111
228
70
1508
1630
1632
195
297
395
384
1516
1527
1807
1810
429
1847
430
3774
2107
3772
2075
2063
2261
3482
3579
3449
3579
2228
3688
3692
2038
2361
3817
3693
3892
3707
2447
2400
86
224
71
108
1493
1636
217
67
452
1816
1508
1816
383
1528
394
399
399
2257
2244
3480
3770
2076
2228
3581
3692
2049
2363
3440
2431
3451
3683
2359
3811
3799
2442
2383
3811
3893
3901
3726
1626
113
1659
103
92
228
1495
67
1818
452
1527
396
434
1518
1803
1842
1808
280
1839
2245
3476
3468
3452
3453
2040
3439
2447
3893
3707
2445
3802
3891
1627
1657
1659
69
224
1636
1660
1504
433
1516
1826
297
434
398
2084
2088
1843
3474
3576
3768
2063
2253
3447
2061
2227
2358
2059
2073
2358
3694
2443
2046
2036
2397
3805
3892
1626
1655
3765
3765
222
1624
1624
1151
3809
1502
101
101
432
1803
1530
1802
2086
434
2086
3482
2256
2256
3474
3575
3447
3578
3478
3440
1104
3451
3677
3682
3438
2046
2044
2435
3696
3683
2442
2437
1152
1103
3765
99
222
222
3809
3809
1502
99
1502
3567
2237
3567
1163
304
1975
3001
1102
916
2235
2236
918
3569
2044
3569
917
2255
566
