2944
119
777
770
773
774
104
105
119
38
999
990
105
44
42
44
32
33
33
869
854
769
136
136
134
45
855
972
998
992
993
94
128
62
871
975
979
980
93
127
127
68
68
61
858
979
981
982
266
266
67
945
947
946
982
259
260
263
263
268
353
351
352
59
910
944
909
951
949
260
269
335
356
893
893
913
913
909
951
233
267
342
344
341
359
894
895
1994
2202
2200
231
2759
1983
1985
1993
2198
2201
2199
2757
2606
1987
2000
1999
2199
2578
2011
1988
1998
2000
2135
2131
2130
2687
2687
2580
2600
1941
1942
1940
2136
2680
2681
2679
2690
2586
2586
2583
2583
1939
1940
1945
2134
2125
2785
2787
2672
2689
2577
2585
2860
1934
1936
1954
2784
2855
1933
1873
2119
2102
2802
2770
2768
2767
2854
2876
2889
2891
1861
1862
1873
1864
2106
2805
2875
1859
1870
1864
1866
2107
2106
2105
2804
2805
2766
2879
2878
2879
2887
744
743
742
740
743
739
777
770
775
771
775
1002
1004
1005
1003
106
104
119
116
118
116
123
121
37
39
39
29
745
738
766
766
765
775
775
1002
1003
101
106
114
114
117
118
119
42
38
43
37
30
745
870
870
855
769
995
999
993
991
991
990
112
96
114
113
112
137
134
45
45
43
33
33
33
869
872
868
855
973
972
999
993
993
99
95
93
135
137
128
45
67
65
60
873
873
857
860
855
861
976
976
978
981
984
96
988
96
131
68
68
65
65
61
856
857
852
975
944
979
979
980
988
254
257
256
257
264
275
273
128
353
65
58
60
57
58
856
858
886
899
900
901
946
950
987
260
262
254
266
267
269
336
335
335
354
356
352
358
887
887
885
910
944
947
953
950
950
259
261
262
263
337
338
334
335
351
361
361
895
896
896
912
913
912
919
917
952
952
950
237
237
233
234
233
252
343
341
340
344
346
360
361
357
894
893
913
909
2203
959
2197
2201
2193
2193
2758
231
344
343
344
341
341
2619
361
359
2604
2005
2003
1984
1994
1993
1994
1999
1991
2204
2207
2204
2206
2198
2200
2758
2752
2757
2759
2756
2695
2694
2695
2699
2692
2620
2604
2605
2004
2005
1984
1988
1997
1997
2203
2198
2132
2132
2130
2751
2749
2750
2750
2684
2695
2694
2695
2599
2609
2608
2605
2010
1987
2009
1998
2000
2137
2137
2135
2131
2749
2679
2682
2683
2686
2579
2579
2579
2579
2599
2600
2009
1942
1944
1944
2138
2138
2134
2129
2129
2128
2681
2683
2682
2687
2687
2580
2586
2585
2582
1941
1939
1938
1946
1948
1947
1945
1951
1953
2118
2123
2126
2671
2672
2669
2689
2577
2586
1935
1939
1933
1952
1952
1953
2120
2122
2123
2123
2786
2786
2783
2783
2763
2769
2768
2856
2856
2855
2861
2862
2862
1935
1934
1860
1933
1882
1865
1883
2120
2119
2122
2103
2787
2101
2784
2802
2801
2764
2770
2856
2861
2859
1862
1859
1872
1871
1873
1867
2109
2109
2103
2102
2796
2803
2801
2766
2767
2767
2876
2879
2879
2890
2890
1858
1858
1870
1873
1870
1867
1867
1866
2107
2106
2106
2795
2805
2805
2781
2878
2883
2889
2888
2888
2888
2887
1859
778
122
742
740
740
737
772
772
1009
1002
1005
1057
1004
1047
107
108
118
124
125
35
36
36
30
29
746
746
746
740
766
765
766
768
771
774
1011
1011
1008
1007
1001
105
108
110
125
124
122
42
35
24
26
27
745
864
767
769
769
995
996
999
1006
101
102
99
100
98
111
111
114
137
133
134
25
27
26
868
864
863
866
865
855
973
998
992
99
96
95
137
134
56
54
55
52
27
53
872
873
861
860
861
852
842
938
973
974
988
985
257
257
275
129
130
130
48
51
64
62
873
861
859
941
939
974
939
987
988
256
266
274
336
355
59
57
889
829
901
942
949
954
254
263
274
338
271
324
326
355
354
886
890
890
899
914
898
900
914
918
945
943
236
240
232
268
272
250
337
325
348
330
347
346
357
365
896
893
883
915
916
918
953
917
957
958
958
237
237
238
233
251
234
252
252
331
332
363
364
884
1990
916
2207
2202
959
2191
2195
231
251
2756
252
332
2621
364
2611
2001
2003
1985
1990
2180
2205
2207
2189
2192
2195
2751
2756
2756
2755
2698
2701
2700
2701
2619
2621
2609
2004
2005
2002
1986
1996
1997
2207
2206
2197
2151
2753
2753
2750
2698
2704
2691
2620
2607
2609
2606
2010
2007
2008
2008
1986
1978
1943
1979
1997
2149
2138
2152
2738
2752
2684
2669
2705
2692
2598
2596
2609
2592
2011
1968
1947
1943
2149
2135
2129
2129
2680
2675
2671
2677
2690
2598
2584
2583
1968
1946
1951
2148
2138
2117
2116
2124
2124
2670
2678
2678
2711
2597
2584
2852
2583
1959
1959
1959
1936
1938
1950
1954
1951
2118
2126
2123
2125
2785
2790
2789
2793
2672
2764
2769
2856
2853
2860
2859
1956
1956
1970
1971
1880
1881
1884
2111
2112
2099
2100
2799
2792
2764
2761
2770
2852
2853
2858
2859
2859
1854
1860
1881
1867
2109
2108
2098
2797
2797
2802
2764
2772
2775
2778
2882
2882
2891
1861
1855
1856
1856
1859
1853
1871
1869
1870
1867
1883
2113
2115
2109
2103
2794
2795
2796
2773
2773
2774
2782
2782
2780
2885
2884
2885
2893
2892
2782
2885
2885
737
779
121
746
755
737
756
739
778
778
781
1009
1010
1042
1056
1057
1048
1046
147
107
125
154
42
2
4
0
3
4
7
30
751
757
780
762
1094
1011
1007
1001
1057
1048
1054
1046
148
110
125
1
3
9
750
752
749
747
761
760
763
996
1011
1008
1054
102
111
183
111
182
123
171
54
55
24
1
25
27
864
867
867
866
841
842
996
968
970
985
984
102
99
172
174
131
170
169
56
53
77
70
864
865
844
843
969
969
985
985
223
172
216
129
48
52
50
74
71
829
837
838
843
939
939
930
986
222
226
275
275
215
217
323
309
323
50
49
286
285
829
889
885
836
836
898
898
941
942
940
930
930
229
265
217
272
349
323
276
347
875
888
888
880
907
942
956
956
957
239
965
239
242
271
249
325
326
349
348
364
366
358
896
884
881
904
915
903
919
956
955
956
964
238
240
245
249
324
331
364
363
367
884
877
884
904
883
2182
2184
2185
2188
2194
2194
243
244
246
248
2697
2701
330
2617
2615
2612
2612
2002
2021
1982
1991
2182
2189
2189
2188
2195
2195
2747
2746
2755
2698
2698
2701
2617
2618
2615
2618
2608
2001
2019
1981
1981
2141
2152
2152
2192
2738
2747
2746
2744
2703
2703
2706
2700
2595
2618
2618
2613
2614
2008
2007
1979
2143
2147
2147
2161
2161
2738
2151
2741
2741
2740
2743
2702
2702
2712
2596
2595
2588
2592
1964
1976
1977
1948
2141
2149
2149
2158
2155
2670
2675
2676
2713
2713
2598
2591
2592
1958
1957
1967
1965
1968
2146
2146
2145
2116
2158
2790
2154
2675
2678
2678
2676
2712
2598
2871
2870
2870
1959
1958
1970
1968
1969
1971
1951
1885
2110
2110
2117
2100
2790
2792
2674
2838
2871
2839
2867
1848
1850
1880
1882
1885
1879
2111
2099
2790
2798
2791
2793
2830
2761
2761
2837
2881
2868
1852
1850
1847
1849
1876
1884
2114
2112
2098
2095
2798
2799
2764
2776
2776
2775
2882
2837
2897
2897
1855
1854
1853
1844
1876
2115
2115
2115
2094
2095
2794
2772
2825
2773
2781
2774
2779
2782
2779
2778
2884
2896
2894
2892
1876
2893
754
755
758
758
780
779
781
1094
1093
1042
1057
1049
1051
1050
1049
147
147
154
151
19
154
4
6
4
7
755
755
763
762
757
762
1094
1045
1041
1056
1053
1055
1054
1047
146
144
143
145
170
169
0
8
10
750
752
749
760
1101
1097
1103
1100
1006
1044
179
179
183
173
183
182
171
167
91
91
13
10
9
793
793
751
762
840
1101
970
966
180
177
173
175
168
90
76
77
79
830
835
841
838
840
850
850
938
968
967
967
927
966
176
176
174
214
213
166
309
81
51
85
71
70
72
831
830
835
834
835
844
850
933
933
935
927
926
222
221
221
217
217
308
309
309
50
50
277
286
286
832
832
837
906
848
936
934
924
930
226
228
226
228
208
208
208
302
300
276
299
279
285
875
881
903
906
934
924
923
225
249
301
303
278
280
367
878
878
880
902
907
921
921
962
962
965
200
243
242
246
249
327
328
329
366
367
367
882
877
882
904
2181
2183
921
961
965
964
198
243
244
245
248
2720
2661
327
2656
329
328
292
2612
2021
2015
2016
1982
2181
2184
2184
2186
2189
2191
2747
2747
2745
2722
2719
2721
2659
2658
2666
2657
2611
2614
2022
2023
2020
1982
2180
2177
2163
2169
2160
2186
2739
2745
2743
2707
2657
2667
2663
2664
2613
2623
2626
2023
2020
2019
1977
1978
2174
2143
2142
2142
2143
2161
2155
2739
2744
2741
2704
2705
2594
2589
2589
2643
2641
2589
1965
1974
1974
1976
2143
2146
2161
2157
2159
2158
2154
2079
2741
2727
2675
2709
2711
2595
2595
2593
2588
2592
2640
1964
1974
1894
2071
2078
2080
2789
2725
2677
2848
2836
2835
2710
2931
2871
2874
2873
2872
1963
1957
1969
1849
1896
1878
2026
2070
2070
2074
2073
2079
2849
2848
2847
2829
2836
2832
2839
2936
2868
2874
2865
1887
1850
1850
1846
1878
2025
2024
2097
2097
2073
2791
2848
2830
2833
2838
2839
2866
2866
2865
2867
2864
1886
1847
1846
1879
1877
2039
2114
2050
2097
2097
2828
2827
2826
2826
2833
2833
2882
2897
2895
2897
1852
1852
1847
1844
1843
1876
2059
2063
2094
2048
2096
2827
2824
2825
2810
2779
2807
2907
2895
2894
1844
806
7
826
758
816
758
806
806
1032
1042
1032
1026
1042
1045
1037
1036
1050
1051
1038
147
145
154
19
21
20
18
16
14
7
754
827
818
813
814
1094
1034
1045
1027
1039
148
141
143
144
151
151
151
19
13
15
8
797
796
789
815
815
1096
1097
1103
1100
1033
1045
1044
180
183
162
150
168
91
91
75
78
798
801
800
800
785
841
786
786
1102
1103
1102
1099
1100
1059
1079
1054
180
175
167
163
89
88
89
74
794
795
795
803
847
847
932
927
1059
223
177
165
214
161
85
83
84
73
73
835
849
847
850
933
933
1059
1060
1062
218
220
213
216
211
306
81
307
85
85
277
831
1454
1453
1396
923
927
929
226
225
229
210
209
303
304
302
299
300
280
279
286
283
875
1453
905
1390
905
1390
936
924
929
965
227
204
199
194
194
301
318
321
312
278
289
289
288
878
1462
1450
1430
1387
924
962
199
187
191
318
191
190
318
317
290
291
291
878
2017
1430
1387
2184
1416
2183
962
196
200
188
2721
191
2720
2661
2660
292
2624
2017
2017
2016
2012
2176
2163
2168
2167
2167
195
2718
2724
2719
2724
2661
2661
2656
2658
2667
2665
2625
2624
2023
2018
2015
2020
1980
2178
2178
2177
2162
2163
2166
2168
2172
2716
2717
2715
2724
2707
2659
2666
2626
2625
2023
2022
1977
2175
2175
2166
2159
2155
2728
2726
2736
2706
2710
2664
2664
2663
2644
2641
2641
2641
1965
1975
2140
2140
2146
2089
2158
2077
2090
2730
2729
2726
2736
2710
2644
2643
2640
1962
1965
1974
1977
1903
2027
2031
2028
2071
2088
2080
2078
2729
2845
2709
2931
2931
2927
2928
2873
1962
1890
1893
1896
1892
1895
1907
2026
2028
2025
2027
2024
2072
2074
2850
2851
2848
2835
2836
2937
2937
2872
2874
1889
1890
1887
1896
1896
1900
2040
2040
2043
2049
2072
2849
2822
2833
2847
2832
2936
2937
2934
2865
1913
1910
1913
1928
1877
2038
2062
2040
2039
2051
2051
2056
2828
2822
2808
2807
2904
2908
2906
2865
1909
1912
1913
1910
1927
1931
1844
1931
1875
2060
2059
2062
2051
2048
2819
2825
2819
2825
2824
2809
2809
2807
2905
2908
2913
2912
2912
2810
825
826
817
812
808
809
812
809
1031
1028
1028
1027
1039
1038
139
138
159
160
153
22
22
19
20
15
16
14
625
798
827
817
815
813
1034
1033
1034
1025
1025
1026
1036
1039
142
160
157
157
156
21
12
625
624
797
801
801
790
815
1096
814
1100
1025
1022
1039
1080
140
142
141
157
161
86
13
13
78
624
796
801
804
785
783
783
1103
1082
1082
1080
1079
696
140
164
162
165
165
87
87
86
75
79
628
794
802
802
804
784
847
784
1087
1091
1088
1089
1082
1061
1078
1061
220
214
164
165
82
88
76
627
640
72
1459
803
1456
846
848
1396
1091
1090
1090
1068
1062
220
219
209
220
305
305
306
82
83
282
283
642
1455
1452
1455
1436
1388
935
1407
1406
1067
1063
205
227
210
211
304
315
312
282
298
283
1453
1462
1453
1450
1434
1389
1390
1404
1060
1063
206
205
194
193
194
318
311
321
298
289
294
1461
1450
1429
1390
1386
1416
1415
1421
1422
1404
202
198
202
185
191
314
319
320
321
290
1462
2013
1430
1430
1387
1816
1416
1537
1416
1423
1422
197
197
186
186
203
188
187
2723
2655
321
2631
289
2014
1837
1807
1807
2176
1537
2163
1422
2171
2170
2717
195
2715
2724
2655
2626
2629
2014
2013
1802
1809
1810
2174
1536
1537
2169
1546
2718
1548
2716
2722
2724
2651
2650
2652
2652
2650
2648
2665
2623
2629
2636
1675
1975
1905
2165
2166
2172
2172
2171
2728
2735
2736
2733
2647
2649
2634
2636
1961
1675
1905
1904
1905
2175
2166
2089
2092
2092
2091
2090
2083
2727
2733
2649
2928
2634
1962
1962
1905
2034
2030
2088
2082
2730
2725
2736
2844
2844
2930
2928
2925
2923
1890
1891
1892
1907
1908
1902
2034
2033
2046
2042
2043
2085
2086
2075
2851
2843
2845
2841
2939
2931
2927
2942
2924
2922
1919
1891
1918
1893
1901
1901
1902
2037
2037
2043
2042
2043
2084
2820
2850
2812
2937
2940
2940
2934
2933
2934
2934
1919
1913
1927
1928
1929
2036
2051
2066
2051
2054
2821
2822
2822
2814
2816
2813
2905
2905
2906
2911
2911
2910
1916
1916
1930
1931
1931
1929
2063
2060
2061
2061
2055
2056
2818
2819
2819
2816
2808
2904
2905
2907
2914
2914
2060
809
1015
824
818
816
809
809
1031
1031
1025
1013
1016
1014
1038
138
139
159
160
705
706
608
607
602
599
602
827
821
819
820
821
811
1030
1031
1031
1013
1014
1021
723
703
160
700
609
612
605
605
622
625
625
789
789
788
791
811
1095
1085
1085
1020
1073
723
722
700
700
157
699
610
611
612
631
628
629
789
792
792
792
783
792
1095
1084
1085
1069
732
697
697
609
611
627
1459
1194
791
1396
1399
1394
1091
1088
1066
1077
1078
470
696
464
698
461
82
628
639
643
641
1457
1458
1459
1456
1400
1402
1396
1091
1322
1067
1066
1089
1064
1065
470
462
463
461
461
312
406
640
643
1456
1459
1436
1435
1395
1393
1406
1068
1065
468
498
497
314
407
312
297
1464
1463
1465
1465
1434
1436
1388
1407
1405
1411
206
205
205
466
495
315
315
298
298
295
295
295
1463
1462
1464
1427
1387
1419
1418
1424
1425
203
184
184
494
400
319
296
294
295
1839
1838
1839
1429
1811
1813
1814
1419
1540
1425
1422
1424
1421
203
196
185
2485
502
2653
2303
2654
2630
2632
2632
2632
1837
1806
1807
1838
1807
1816
1815
1816
1537
1537
1539
1534
1548
1549
203
1547
2492
2485
2487
2655
2655
2630
2304
2316
2628
2629
1825
1827
1810
1816
1539
1534
1548
2493
2491
2491
2485
2732
2302
2629
1674
1802
1675
1810
1810
1796
1531
1530
1533
1557
1556
1548
2503
2503
2491
2491
2651
2249
2647
2648
2646
2646
2635
2638
1669
1676
1678
1675
1677
2029
2031
1531
1530
2092
2502
2503
2422
2733
2733
2246
2646
2635
2637
2637
1668
1672
1903
1908
1908
1601
2034
1602
2089
1600
1599
2092
2086
2083
2421
2423
2424
2842
2926
2924
2925
2923
1671
1898
1899
1899
2034
1899
2046
2030
2044
2046
2086
2085
2083
2426
2427
2424
2840
2417
2842
2939
2926
2922
1888
1889
1900
2037
2037
2054
2082
2053
2401
2400
2843
2840
2940
2941
2943
2943
2918
1919
1918
1924
1919
1928
2065
2066
2054
2057
2812
2815
2814
2899
2901
2900
2911
2920
1915
1914
1928
1925
1922
1922
1921
2068
2069
2066
2057
2054
2397
2812
2398
2399
2816
2816
2813
2902
2900
2920
2911
2916
1916
2065
2913
1019
716
824
824
821
1142
1141
1281
1276
1024
1280
1016
1015
1019
1020
719
720
720
704
706
608
608
601
599
602
599
823
824
821
1147
1279
1280
1277
1013
1021
1018
1022
1018
719
721
723
720
705
703
607
605
602
1187
820
1149
1148
1284
1085
1070
1071
1072
732
731
722
723
698
702
614
610
618
613
605
631
622
1188
1191
1192
1148
1284
1283
1283
1071
1070
1069
1074
1074
697
697
731
700
694
620
616
617
617
616
632
631
1189
1192
1195
1401
1402
1399
1399
1087
1084
1318
1077
1076
1072
469
480
694
408
409
639
641
637
1189
1457
1195
1401
1402
1391
1392
1322
1323
1077
1327
1077
470
470
463
412
464
410
410
409
407
638
642
1470
1471
1432
1436
1445
1392
1393
1391
1330
1324
1064
467
465
462
413
413
405
411
407
406
638
635
1471
1469
1471
1433
1433
1435
1384
1382
1405
1327
500
499
499
496
401
392
430
1468
1471
1427
1427
1384
1383
1419
1413
1412
503
505
504
496
495
494
399
429
433
1836
1835
1812
1812
1381
1381
1419
1418
1423
1411
1412
1409
1408
505
502
2487
2307
2301
2304
2321
2301
2631
1839
1827
1813
1814
1540
1532
1524
1549
1551
2494
2492
2486
2307
2307
2302
2313
2319
1822
1827
1795
1795
1531
1538
1525
1534
1534
1550
1550
1551
2506
2506
2494
2488
2309
2303
2314
2315
2319
2333
2331
1826
1809
1678
1798
1804
1796
1797
1521
1518
1557
1563
2503
2505
2490
2490
2250
2316
2333
2635
1669
1678
1798
1602
1603
1519
1519
1556
1554
1554
2421
2425
2425
2250
2245
2219
2221
2221
2638
2222
1668
1669
1670
1671
1677
1740
1609
1607
1599
1600
1553
1554
2428
1560
2430
2425
2419
2424
2425
2247
2247
2246
2245
2226
2228
1670
1672
1739
1741
1602
1588
1596
1567
2428
2427
2426
2418
2243
2244
2942
2229
2922
1726
1729
1733
1898
1745
1596
2045
2046
1596
1578
1568
1566
2392
2402
2408
2417
2841
2281
2940
2941
2919
2230
1729
1727
1917
1925
1924
1920
1745
2069
1597
2067
1579
1580
1584
2402
2400
2401
2404
2408
2284
2281
2902
2902
2920
2918
1916
1721
1923
1923
1922
1922
2069
2069
2068
2066
1580
2057
1585
2057
1586
2397
2399
2398
2405
2403
2405
2283
2899
2282
2901
2283
2917
2917
2917
2920
2916
716
559
1137
1137
1143
1141
1143
1279
1278
1276
1217
1196
1197
1019
717
714
704
712
711
712
712
710
608
562
562
555
553
1142
1147
1146
1146
1278
1277
1218
1019
733
1196
726
715
717
703
703
709
709
613
618
562
622
552
1129
1130
1146
1149
1146
1284
1284
1208
1207
735
735
733
729
725
727
728
693
709
614
604
629
574
1187
1192
1186
1131
1145
1128
1285
1287
1286
1233
1073
732
727
694
620
619
617
620
617
630
631
1188
1186
1194
1193
1192
1193
1448
1448
1317
1321
1318
1312
732
480
539
481
482
479
384
404
632
633
636
1185
1175
1447
1441
1447
1444
1399
1398
1317
1318
1321
1324
1313
1312
1326
467
476
413
412
408
403
402
636
427
635
1179
1470
1442
1443
1443
1330
1329
1330
1333
1323
1327
467
466
477
476
497
396
490
413
403
430
430
427
1467
1468
1432
1438
1382
1384
1340
1330
1325
1325
487
498
484
490
401
493
398
397
396
430
429
436
436
1468
1468
1439
1384
1331
1288
1413
1410
1408
505
504
484
493
492
399
400
395
393
392
433
434
435
1835
1836
1829
1437
1381
1342
1410
1409
505
502
502
2307
2301
2321
2322
2318
1836
1836
1824
1831
1818
1799
1760
1538
1528
1527
1525
1525
1541
2517
2508
2527
2519
2488
2308
2307
2310
2313
2319
2324
2319
1823
1823
1827
1820
1817
1801
1800
1800
1522
1528
1524
1542
1542
2508
2493
2488
2500
2310
2312
2313
2329
2333
2327
1822
1824
1804
1798
1801
1522
1520
1518
1544
1561
1562
2506
2506
2499
2499
2500
2249
2309
2315
2330
2333
2332
2333
1658
1657
1658
1660
1678
1798
1797
1606
1603
1555
1557
1560
1559
1562
1560
1563
2505
2422
2436
2253
2253
2220
2221
1656
1657
1741
1608
1740
1606
1608
1602
1605
1554
1486
1560
2431
2431
2437
2418
2251
2250
2251
2244
2244
2221
2227
2224
2223
1734
1735
1738
1607
1609
1594
1588
1588
1572
1574
1568
1565
2429
2430
2416
2419
2243
2227
2230
2228
2229
1726
1728
1733
1732
1739
1747
1746
1593
1597
1591
1573
1574
1569
1566
2393
2429
2411
2414
2280
2214
2215
2227
2213
1726
1729
1730
1730
1744
1747
1747
1597
1577
1579
1578
1586
2393
2392
2408
2403
2281
2285
2215
2294
2296
2296
1721
1721
1729
1720
1743
1744
1626
1624
1576
1576
1585
1582
2394
2396
2407
2404
2284
2287
2286
2286
2282
2295
2296
1136
1136
1138
1134
1140
1281
1216
1218
1199
1200
717
716
714
709
712
710
559
559
553
1137
1137
1131
1139
1139
1266
1266
1209
1217
1209
1198
1200
726
726
728
654
711
589
562
562
556
1129
1130
1145
1128
1286
1268
1233
1211
1208
1207
734
725
729
691
645
653
594
593
555
574
1123
1128
1235
1234
1238
735
735
538
691
694
644
620
594
593
634
597
634
572
1186
1186
1176
1191
1174
1285
1287
1234
1320
1314
539
539
476
482
475
384
380
383
596
402
633
1177
1175
1444
1448
1355
1355
1321
1321
1315
1312
1315
550
481
471
476
479
382
456
637
1180
1180
1180
1442
1445
1353
1353
1319
1353
1332
1332
1327
477
537
472
473
473
489
490
386
397
404
426
427
1179
1180
1183
1441
1440
1440
1352
1333
1331
487
486
490
398
387
392
394
422
432
433
427
1467
1181
1437
1439
1438
1341
1341
1342
1343
1291
1290
485
493
394
393
415
436
436
1833
1832
1831
1828
1830
1754
1344
1344
1289
1289
2517
484
2529
492
2306
2322
2320
433
2322
434
1830
1828
1829
1767
1761
1528
1510
1541
2516
2517
2529
2527
2523
2382
2313
2322
2324
1819
1818
1799
1767
1759
1759
1527
1528
1545
1543
1545
2510
2519
2520
2498
2308
2386
2314
2326
2327
2327
1821
1821
1765
1804
1763
1522
1520
1543
1544
1561
2511
2495
2498
2496
2252
2362
2360
2330
2326
2327
1659
1659
1695
1521
1488
1492
2511
2435
2495
2497
2497
2238
2330
2340
2223
1665
1695
1606
1693
1606
1605
1487
1591
1487
2437
2435
2436
2416
2253
2253
2238
2237
2226
2224
2224
1735
1731
1738
1738
1737
1593
1591
1574
1571
1564
2434
2434
2433
2416
2234
2216
2212
2217
2211
1715
1734
1731
1746
1747
1628
1594
1591
1574
1571
1567
1565
2460
2451
2454
2411
2410
2414
2482
2234
2279
2214
2213
1723
1715
1705
1732
1711
1744
1744
1597
1629
1629
1595
1577
1582
1583
1584
2395
2453
2411
2411
2479
2413
2482
2414
2280
2278
2289
2297
2299
2299
1721
1724
1724
1712
1743
1630
1626
1577
1583
1583
2395
2396
2394
2406
2407
2414
2287
2278
2285
2296
2298
1583
682
1111
1133
1134
1132
1133
1140
1272
1275
1275
1216
1214
1197
681
682
686
685
658
686
659
660
585
558
554
556
556
1134
1138
1264
1263
1265
1269
1212
1210
1210
1205
1199
685
686
658
649
585
559
561
556
1123
1106
1106
1264
1124
1107
1264
1269
1269
1212
1198
687
686
648
648
647
652
589
574
573
574
1122
1123
1123
1126
1126
1261
1268
1249
1230
1238
1240
1237
1238
1239
538
676
532
691
648
644
645
653
652
594
595
595
571
1122
1177
1174
1153
1356
1235
1238
1314
1239
539
536
536
533
380
384
377
596
455
456
597
570
449
1176
1154
1446
1354
1356
1319
1372
1313
1295
535
549
548
534
531
473
387
381
384
455
457
459
1182
1164
1164
1350
1350
1349
1356
1296
1294
550
551
551
473
472
507
386
387
390
388
422
459
457
1182
1183
1181
1348
1350
1353
1340
1298
1297
1297
1293
487
551
485
493
513
528
389
389
423
424
418
418
1832
1784
1343
1337
1336
1288
1292
1292
1292
1308
487
526
528
527
395
424
423
417
1833
1754
1755
1338
1344
1336
1344
1507
1292
1507
1291
2515
1309
1308
2517
2528
2524
526
2521
525
2389
2391
2391
2390
2376
417
1786
1784
1761
1335
1509
1508
2513
2529
2529
2522
2522
2382
2391
2389
2388
2324
1820
1785
1766
1767
1770
1769
1760
1762
1502
1505
1502
1511
1502
1511
2513
2516
2514
2381
2523
2367
2382
2387
2388
2344
2345
1819
1660
1767
1769
1762
1768
1501
1502
1491
1491
2510
2511
2511
2520
2361
2496
2368
2361
2329
2342
2345
1662
1664
1694
1695
1485
1484
1485
1490
1491
2534
2360
2358
2341
2340
2341
2337
1666
1663
1663
1666
1665
1701
1695
1649
1649
1484
1590
1488
1642
1493
1494
1492
2532
2434
2534
2433
2473
2236
2238
2238
2241
2211
1663
1664
1692
1691
1648
1649
1641
1643
1590
1570
1571
2531
2459
2434
2474
2472
2235
2241
2218
2212
2211
1713
1705
1709
1738
1709
1629
1573
1643
1571
2460
2456
2458
2460
2474
2480
2476
2483
2481
2292
2232
2216
2232
2218
2211
1723
1715
1708
1709
1712
1632
1629
1620
2451
2453
2454
2478
2480
2483
2278
2293
2290
2299
2290
2269
1716
1718
1722
1722
1712
1632
1631
1630
1626
1620
1618
2451
2451
2452
2478
2468
2293
2292
2293
2293
2289
2297
2299
1712
1113
657
1113
1105
1272
1105
1272
1274
1214
1273
1204
1206
682
682
678
689
680
660
659
585
563
565
564
1110
1107
1111
1108
1253
1264
1260
1275
1269
1215
1215
1202
689
687
688
657
651
651
585
583
564
568
1117
1108
1126
1261
1263
1261
1246
1229
1211
1229
1215
1220
669
689
648
650
654
651
571
571
1125
1126
1252
1248
1232
1232
1241
1241
671
668
646
588
587
588
591
571
1117
1174
1154
1151
1249
1252
1249
1231
1232
1240
536
536
532
381
376
450
1168
1152
1154
1153
1151
1346
1373
1376
548
547
547
381
378
378
377
458
456
450
1171
1169
1166
1152
1347
1347
1356
1368
1372
1296
1294
548
533
387
375
388
445
459
459
1172
1166
1350
1338
1369
1295
1300
1310
551
545
544
513
510
507
511
522
390
424
424
447
446
447
447
1172
1793
1793
1338
1338
1298
1306
1310
1309
1300
512
516
513
528
528
525
420
418
418
1787
1783
1784
1337
1335
1307
2512
2524
2521
524
525
421
2377
415
2376
1787
1784
1749
1755
1755
1509
1508
2554
2514
2557
2525
2526
2526
2569
2385
2391
2385
2378
2378
2375
2376
1780
1778
1770
1770
1764
1505
1503
1510
2554
2562
2525
2520
2367
2382
2388
2373
2345
2345
1781
1777
1778
1770
1769
1505
1503
1481
1480
1491
2562
2533
2552
2551
2552
2366
2364
2357
2387
2343
2342
2344
1780
1781
1690
1763
1644
1485
1482
1482
1494
2533
2534
2549
2549
2362
2359
2357
2339
1662
1688
1691
1701
1690
1646
1645
1644
1482
1490
1493
1477
2532
2534
2537
2546
2548
2549
2462
2240
2358
2239
2239
2209
2338
2209
1687
1689
1680
1692
1645
1649
1643
1640
2457
2531
2459
2475
2473
2477
2235
2241
2274
2267
2210
1680
1715
1686
1683
1652
1653
1654
1655
1655
1642
1640
2460
2457
2477
2483
2472
2235
2217
2270
2270
2267
1717
1714
1709
1706
1622
1629
1619
1637
2457
2457
2442
2452
2479
2483
2291
2264
2254
2257
2269
1717
1718
1711
1632
1632
1623
1617
1620
1618
1620
1616
2441
2450
2448
2468
2468
2467
2264
2254
2256
2258
2448
1273
1114
1114
683
683
679
678
679
657
578
657
662
584
583
565
563
1111
1254
1255
1275
1255
1206
1206
1206
677
689
663
663
581
582
568
567
1110
1108
1254
1253
1260
1245
1229
1223
1220
677
671
651
580
587
591
1116
1117
1117
1118
1251
1249
1246
1232
1223
1220
669
666
371
591
568
1120
1118
1154
1160
1252
1373
1379
1223
1223
543
668
371
372
378
373
451
449
1167
1169
1160
1160
1371
1371
1370
1378
1376
540
378
374
375
451
448
1172
1171
1163
1165
1346
1365
1367
1368
1369
1370
1376
548
544
531
370
369
443
445
1170
1166
1367
1367
1366
1301
542
513
509
507
521
447
1170
1166
1364
1364
1307
1307
1301
515
520
521
519
415
443
446
1790
1793
1757
1758
1756
1514
1517
1306
514
514
2567
515
520
2385
525
2379
440
1786
1785
1792
1758
1514
1513
1517
2555
2556
2514
2564
2568
2566
2385
2379
2379
2376
1779
1775
1504
1513
1508
2556
2555
2564
2565
2350
2368
2372
2372
2370
1775
1781
1781
1750
1778
1752
1764
1505
1751
2560
2563
2562
2551
2561
2565
2365
2364
2373
2336
1772
1772
1700
1698
1496
1476
1482
1482
2535
2563
2550
2546
2552
2549
2359
2365
2354
2338
2336
1701
1701
1697
1646
1477
2539
2540
2536
2548
2546
2365
2353
2355
2355
2339
2337
1689
1682
1652
1643
1639
1640
2540
2538
2545
2476
2235
2241
2276
2267
1685
1686
1682
1621
1652
1637
1653
1640
1634
2439
2456
2443
2260
2261
2274
2266
2275
2267
1717
1654
1623
1615
1637
1634
2442
2445
2445
2445
2470
2263
2261
2261
2255
2270
1717
1702
1706
1622
1617
2442
2441
2448
2471
2471
2468
2263
2255
2256
2258
1616
1114
1272
1271
1215
579
577
1109
1206
663
582
1258
1258
1245
1228
664
1228
1229
671
666
591
566
1120
1160
1248
671
372
374
452
1252
1223
530
452
448
1168
1163
1361
1379
542
509
508
369
444
1157
1364
1364
1363
1375
1303
542
545
519
420
441
1791
1162
1756
1363
1304
522
1792
1757
1304
519
2370
440
1790
1499
1498
1517
2574
2567
2569
2566
1777
1751
1496
1499
1514
1473
2554
2573
2366
2350
1775
2542
2572
2572
2542
2365
2347
2347
2335
1697
1473
1478
2537
2356
2336
1700
1476
1479
2536
2543
2543
2356
1686
1696
1652
2540
2475
2462
2356
2276
1686
1683
1652
1636
2540
2444
2465
2260
2276
2276
1685
1637
1614
2445
2470
2264
1706
1636
2471
2262
1109
665
663
578
677
1159
1250
1244
588
543
530
372
1167
1157
1377
1367
444
1307
440
2379
1749
2371
1750
1774
1515
2574
2349
2560
2350
1698
2336
2353
1688
1479
2465
2353
2465
2273
1615
2440
656
577
680
580
1119
1243
568
677
453
1377
1160
1378
373
1157
510
519
421
1514
1516
2557
2371
1752
1496
2347
2350
1687
1478
2543
1651
2540
2275
1475
2439
2444
1611
1634
2442
2464
2264
2257
1256
662
1229
665
664
581
1119
670
1376
453
1157
508
438
1162
1358
1301
1376
516
1304
1517
2561
2571
2563
2535
1683
2546
1612
2465
2273
1621
2447
2471
1243
1226
1227
677
579
1244
1222
1250
438
1163
1365
542
441
518
1790
1793
1303
2568
2384
2370
1774
1498
2560
1772
1476
1472
1775
1696
1475
2353
1610
1681
1706
1614
2448
2464
1256
1226
2076
2076
576
1257
1257
1203
1841
1361
674
674
438
1358
1156
1358
1788
441
1788
2575
1499
1499
2575
2383
2559
2349
2572
2572
1359
2560
2356
2272
2544
1681
1703
1610
2352
2272
1611
1614
1403
1201
2076
673
576
576
1841
1841
1360
673
1360
2642
2708
2642
1224
541
2688
1486
1225
47
2601
1647
34
2603
1703
2603
46
2602
350
