2528
1103
530
441
437
436
1107
1109
1103
1091
400
400
1108
1098
1090
1089
1094
1083
1082
513
448
448
1130
1134
1098
1075
513
444
361
362
363
1130
1134
1076
549
369
372
357
1125
1126
1133
1069
1068
1077
544
373
358
356
1188
1191
1068
347
373
339
355
1200
1199
1199
1193
1192
1003
1003
1020
1024
485
349
348
342
343
1200
1189
993
1023
503
503
487
346
345
344
1223
1220
989
991
992
1008
505
506
1776
1656
1652
1221
1941
1747
1773
1774
1650
1653
1651
1940
1996
1772
1771
1767
1650
2003
1753
1762
1768
1769
1588
1580
1583
1921
1920
2003
1994
1803
1753
1813
1589
1918
1919
1915
1908
2011
2012
2013
2013
1805
1802
1811
1589
1723
1917
2123
1907
1909
2006
2010
2010
1806
1806
1808
2126
2181
1809
1865
1882
1735
2128
2195
2178
2199
2180
2179
2186
2186
1870
1869
1862
1860
1730
2129
2178
1870
1859
1860
1884
1883
1731
1732
1737
2132
2198
2175
2203
2175
2190
526
523
524
532
532
531
440
435
434
443
438
437
403
403
1107
1107
1122
1131
1104
1105
1090
1102
1102
1089
1092
1094
1095
527
532
532
441
441
446
443
400
401
1109
1108
1142
1141
1131
1105
1104
1090
1089
1082
1092
1085
525
520
520
513
447
445
445
360
364
364
363
1114
1112
1143
1142
1144
1132
1100
1075
1073
1074
1084
1085
1084
549
549
545
545
448
444
370
364
362
1114
1136
1126
1134
1134
1067
1075
1073
1071
1077
550
551
551
547
547
546
369
371
371
358
359
1137
359
1137
1133
1070
1070
1071
1078
1076
552
552
543
369
368
373
374
374
358
1202
1201
1202
1187
1193
1187
1188
1070
1003
1019
1025
1025
1026
1026
500
499
498
486
543
544
338
336
356
1198
1203
1201
1193
1185
1192
1000
1003
999
1021
1026
1021
1026
498
499
487
486
348
347
339
344
336
1194
1196
1196
1190
1001
1001
987
992
1020
1009
1010
507
507
506
487
487
348
349
345
342
344
344
1195
1198
1223
1222
1223
1220
991
987
993
990
1010
1011
1010
1007
507
506
483
346
1656
340
1657
1653
1653
1653
1941
1220
991
991
989
988
988
1926
1010
1008
1977
1748
1748
1775
1776
1770
1776
1771
1774
1634
1658
1658
1655
1650
1652
1944
1943
1943
1942
1942
1929
1926
1929
1928
1927
1984
1997
1998
1747
1751
1772
1766
1770
1771
1658
1658
1582
1581
1581
1944
1943
1943
1924
1924
1921
1925
1929
2002
1995
1998
1998
1754
1753
1756
1770
1771
1593
1586
1587
1587
1919
1919
1923
1924
1921
2003
2003
2007
2007
2000
2000
1753
1802
1768
1811
1592
1593
1588
1582
1583
1580
1917
1916
1922
1908
1908
2008
2013
2011
2012
1804
1805
1803
1813
1815
1816
1813
1810
1808
1589
1723
1723
1916
2127
1907
1909
2008
2010
1806
1806
1801
1813
1811
1810
1720
1722
1722
1726
2124
2127
2124
2127
2125
2195
2180
2181
2180
2181
2185
2010
2184
1798
1798
1800
1801
1864
1861
1881
1721
1722
1721
1735
2123
1724
2127
2129
2125
2196
2195
2181
2186
2185
1867
1868
1865
1863
1864
1862
1882
1736
1737
1736
2128
2132
2130
2200
2201
2201
2178
2202
2176
2186
2188
1869
1870
1858
1858
1857
1860
1885
1885
1883
1732
1731
1737
2131
2132
2201
2202
2190
2191
2190
2191
2187
2190
1870
440
1101
527
524
530
440
443
435
438
403
403
1117
1109
1117
1124
1124
1141
1105
1102
1090
1087
1091
1095
1095
523
519
528
529
529
442
442
446
443
434
452
436
398
397
401
1109
1124
1144
1141
1105
1097
1100
1087
1081
1085
1085
525
521
515
449
448
453
451
397
396
1113
1111
1112
1114
1114
1144
1144
1143
1128
1099
1100
1080
1085
1085
522
519
522
516
522
516
450
361
364
1110
1139
1135
1132
1100
1072
1075
1030
1079
1080
1080
549
551
547
546
541
540
367
366
365
370
358
384
1138
1138
1129
1125
1070
1067
1070
1071
1018
1080
551
547
541
367
365
369
374
374
383
1202
1193
1186
997
1006
1025
1022
500
502
490
337
339
336
1203
1202
1186
998
1185
1000
1006
1005
1019
501
497
501
490
484
490
492
348
354
339
338
1197
1198
1216
1189
1207
1208
999
994
1006
995
1015
1015
1014
1013
507
503
484
483
352
353
354
354
343
341
341
1194
1195
1216
1223
1220
1217
1211
1207
995
994
1016
1013
510
1776
351
1635
1657
340
1651
1643
1221
1222
1936
1206
996
1985
1011
1979
1749
1749
1773
1775
1634
1638
1636
1655
1641
1642
1936
1937
1939
1939
1932
1934
1932
1934
1977
1985
1997
1751
1750
1751
1751
1765
1761
1637
1655
1655
1644
1952
1951
1938
1929
1922
1928
1984
2002
1995
1996
1755
1754
1756
1756
1764
1765
1762
1766
1763
1597
1591
1584
1948
1948
1924
1906
1903
1925
2028
2001
2000
2001
1755
1778
1816
1816
1592
1587
1585
1585
1918
1913
1915
1911
1908
2007
2005
2000
1799
1816
1814
1596
1592
1590
1592
1584
1727
1910
1912
1906
1898
2026
2007
2005
2013
1781
1781
1781
1800
1801
1809
1808
1810
1719
1722
1727
1726
2095
2101
2097
2102
2126
2194
1906
2006
2173
2005
2053
1788
1788
1798
1801
1864
1861
1881
1718
1709
1718
1725
2093
2094
2100
2196
2195
2172
2176
2184
2182
2183
1871
1875
1864
1884
1730
1728
1733
2119
2114
2113
2200
2116
2192
2207
2174
2174
2188
1866
1866
1867
1872
1875
1874
1856
1856
1859
1877
1876
1876
1878
1729
1737
2119
2132
2117
2198
2117
2198
2201
2204
2211
2203
2206
2176
2189
2189
2198
2206
2205
610
470
1102
526
609
610
611
528
440
443
471
471
402
408
402
1119
1119
1120
1123
1124
1154
1096
1088
1044
1040
1043
1038
1040
1039
1037
608
611
470
459
473
452
395
395
1118
1116
1115
1115
1121
1141
1096
1045
1040
1036
518
519
517
598
516
450
453
453
463
398
413
1110
1121
1135
1140
1179
1097
1056
1030
1057
1029
1030
1033
1033
519
517
522
516
514
449
452
461
366
384
384
1111
1136
1177
1178
1128
1179
1057
1028
1030
1035
1079
521
540
542
392
394
390
384
377
1139
1129
1166
1062
1061
1027
1049
1035
948
535
538
542
541
393
394
391
383
1261
1263
1127
1129
1165
1204
997
1062
1006
1049
1017
956
1022
535
495
502
534
541
492
491
316
319
318
381
382
1263
1190
1205
1205
1017
1004
959
1018
497
497
497
492
351
317
333
333
334
1198
332
1218
1218
1208
1207
998
1004
1016
1016
1015
1014
1022
504
512
496
489
351
352
353
354
330
333
327
1215
1218
1213
1210
996
995
1016
1013
1007
511
512
512
489
510
1633
1630
1635
1639
1643
1642
1218
1211
1212
1213
1967
1933
995
1986
1979
1981
1982
1745
1746
1757
1758
1637
1647
1646
1648
1641
1643
1954
1953
1939
1939
1932
1934
1988
1987
1976
1978
1979
1746
1744
1739
1758
1638
1648
1647
1645
1949
1954
1954
1952
1937
1967
1904
1934
2028
1987
1978
1975
1975
1756
1743
1760
1626
1636
1597
1587
1611
1947
1645
1948
1948
1950
1950
1901
1902
1904
2028
2032
2029
2019
1778
1764
1793
1815
1763
1598
1597
1594
1609
1910
1914
1914
1900
1899
2024
2025
2053
1780
1779
1789
1780
1799
1596
1598
1595
1727
1613
2095
1610
1914
1914
1911
1896
1899
2027
2025
2053
2053
1781
1780
1791
1789
1792
1799
1814
1889
1708
1708
1719
1727
2096
2097
2102
2098
2026
2208
2052
1791
1790
1890
1890
1887
1888
1709
1734
2097
2094
2093
2100
2103
2193
2193
2208
2172
2182
1829
1873
1875
1873
1886
1886
1878
1712
1734
1734
2121
2122
2114
2115
2113
2208
2206
2207
2183
2162
1872
1871
1875
1874
1857
1880
1729
1879
1728
1733
2119
2117
2121
2116
2211
2210
2210
2211
2204
2206
2165
2166
2166
2162
1877
2163
607
611
611
610
469
470
472
473
473
405
404
1119
1118
1119
1120
1152
1154
1153
1149
1045
1041
1043
1039
1040
1037
608
607
470
601
605
459
408
407
404
405
413
412
1157
1116
1151
1152
1154
1154
1179
1060
1044
1039
1037
595
599
601
459
462
463
463
408
396
413
1156
1158
1151
1179
1175
1151
1060
1059
1058
1028
1032
1034
1034
594
596
598
600
460
462
390
376
1176
1176
1178
1175
1060
1056
1028
1031
1035
537
537
598
539
577
577
578
393
394
390
377
389
379
1172
1166
1177
1168
1169
1065
1064
1063
1049
1049
949
949
951
536
537
536
537
582
539
578
392
394
387
383
379
1262
1171
1263
1165
1169
967
1063
973
1062
959
961
956
954
494
534
538
491
581
316
318
319
381
1259
1260
1262
1263
1248
1204
1246
969
967
960
968
961
955
495
496
492
316
316
322
334
1260
1208
971
970
961
960
963
509
509
478
482
482
323
322
333
329
326
1234
1215
1217
1213
1210
969
986
986
958
962
962
512
508
511
489
1633
1632
324
328
328
327
1238
1213
1212
1210
1210
1968
1973
984
1988
986
984
965
1983
1745
1746
1744
1757
1632
1633
1629
1619
1648
1639
1640
1954
1936
1965
1969
1974
1974
1933
1992
1987
1983
1983
1743
1746
1741
1760
1633
1627
1628
1623
1648
1646
1949
1953
1966
1904
1990
1988
1989
2031
1976
2030
2021
1743
1741
1740
1739
1760
1760
1761
1628
1626
1628
1603
1644
1946
1951
1945
1966
1903
2032
2033
2029
2022
2023
2019
1783
1793
1778
1792
1759
1597
1595
1613
1612
1612
1609
1610
1945
1961
1913
1901
1898
2028
2032
2047
2024
2021
2019
1783
1793
1794
1613
1618
1614
2097
2110
1912
2107
1897
1897
2044
2045
2048
2051
2053
2052
1784
1779
1795
1791
1851
1890
1706
1711
1617
1616
1614
1615
2108
2101
2109
2107
2099
2106
2099
2136
2053
2050
2049
1827
1791
1826
1833
1853
1889
1706
1711
1712
1725
2096
2105
2106
2104
2192
2135
2173
2170
2171
2169
2049
1829
1826
1835
1890
1887
1893
1879
1716
1714
1714
2120
2121
2121
2122
2104
2209
2135
2166
2164
2166
1830
1828
1835
1834
1834
1892
1893
1880
1714
1717
1714
2120
2120
2117
2115
2211
2209
2139
2165
2162
1891
602
741
604
606
606
606
464
464
473
408
430
415
414
414
417
418
416
1156
1162
1162
1148
1149
1042
747
746
746
745
746
743
608
606
606
603
464
472
429
406
430
1158
1163
1160
1151
1147
1149
1149
1041
1042
746
742
743
595
595
599
601
456
463
463
455
411
406
412
413
1156
1182
1181
1058
1059
1060
1054
1032
1035
595
592
601
596
600
575
625
576
454
458
454
409
411
376
376
1158
1174
1181
1181
1183
1055
1054
1053
1031
593
593
592
583
575
575
386
378
378
1173
1172
1184
1168
1064
1048
1047
1050
950
948
583
580
580
580
385
388
389
116
379
1171
1261
1171
1166
1169
1169
1065
974
1050
1048
953
534
560
590
580
331
387
381
1259
1257
1255
1255
1248
971
975
971
976
974
961
958
955
955
494
559
482
480
579
320
317
331
325
325
1245
1258
1255
1244
1246
971
968
981
985
958
966
955
964
509
567
482
479
481
330
326
1234
1243
1244
970
1250
1249
983
986
965
965
963
509
1533
481
477
1629
324
1630
329
1238
1239
1243
1969
1241
1969
1974
1991
965
1980
1533
1532
1534
1534
1401
1623
1620
1621
1619
1236
1959
1959
1968
1972
1974
1973
1991
1989
1993
1992
1982
1981
1539
1538
1537
1536
1520
1631
1521
1631
1625
1625
1622
1623
1621
1640
1956
1958
1965
1971
1971
1990
1992
2018
1539
1741
1741
1521
1389
1628
1601
1607
1946
1955
1962
1902
1904
2031
2032
2030
2015
2018
2017
2023
1783
1738
1759
1627
1594
1602
1613
1618
1608
1960
1960
1962
1964
2045
2033
2022
2015
1785
1786
1796
1796
1796
1707
1702
1702
1618
1600
1617
1606
2112
2107
1896
2044
2048
2047
2041
2051
1786
1786
1795
1796
1795
1855
1847
1850
1707
1705
1706
1706
1711
1616
2112
2111
2107
2075
2098
2134
2046
2046
2050
1818
1820
1827
1852
1855
1854
1704
1703
1711
1710
1710
2109
2056
2103
2105
2082
2136
2143
2171
2169
1829
1829
1833
1832
1853
1894
1717
1715
1715
1716
1660
1667
2054
2060
2082
2138
2133
2133
2170
2171
1830
1821
1835
1822
1835
1831
1891
1831
1892
1895
1894
1661
1662
1659
2055
2062
2062
2060
2061
2059
2058
2137
2137
2141
2168
2168
2168
2058
621
621
615
603
602
424
468
428
429
432
430
415
418
416
1164
1163
1145
1146
713
748
714
749
749
744
743
741
744
620
621
616
616
467
466
433
433
433
433
423
418
417
1161
1146
1148
722
721
749
742
734
733
631
629
626
626
467
457
466
410
421
89
1159
1159
1159
1161
1160
1147
1051
727
747
731
732
733
555
628
625
626
574
457
455
410
409
92
91
1174
1159
1182
1184
1052
1184
1054
726
1054
1053
730
732
584
585
586
586
575
574
576
458
389
84
85
389
379
92
90
1173
1167
1184
1183
1052
1055
1046
808
804
950
556
585
586
582
572
573
385
87
388
117
116
1257
1256
1247
872
1167
976
976
1046
1047
953
951
806
561
560
560
591
581
386
321
152
114
116
1257
1257
1248
1248
976
975
973
953
800
954
559
570
571
569
590
587
321
151
150
114
1235
1227
1245
1250
1251
977
978
981
980
964
826
571
478
474
476
476
324
148
154
155
151
1235
1237
1228
1241
1250
1253
983
979
980
981
567
1532
479
475
475
1527
323
1400
149
154
155
1238
1238
1242
1240
1240
1243
1243
1972
2338
983
2355
966
1531
1531
1533
1524
1520
1401
1625
157
1620
1406
1406
1239
1959
1957
2339
1992
2357
1539
1539
1538
1537
1535
1523
1401
1400
1623
1403
1405
1404
1406
1959
1957
1970
1971
2336
2335
2333
2334
1993
2018
2016
2018
1536
1485
1483
1391
1391
1602
1607
1608
1955
1956
1964
1964
1971
2040
2017
2017
1493
1481
1482
1485
1484
1390
1391
1603
1602
1602
1607
1608
1608
1961
1963
2040
2043
2035
1785
1783
1482
1849
1702
1599
1605
2112
2110
1964
2076
2076
2042
2043
2036
2038
1817
1786
1852
1851
1848
1854
1849
1700
1701
1699
1703
1690
1618
1615
2112
2079
2078
2077
2075
2042
2043
2142
2041
2153
1819
1817
1819
1852
1855
1855
1847
1846
1701
1704
1665
1667
1688
2057
2108
2065
2134
2148
2147
2143
2145
2171
2145
1820
1822
1821
1843
1846
1893
1659
1662
1667
1667
2055
2057
2056
2081
2080
2082
2148
2141
2141
2154
2152
2168
1823
1824
1832
1836
1842
1892
1894
1894
1672
1661
1660
1666
2062
2054
2062
2059
2082
2138
2140
2141
2155
2155
1895
425
420
618
614
616
425
428
427
426
432
422
422
420
1163
1163
1164
1145
714
721
714
748
749
735
741
744
621
616
612
615
613
428
468
426
431
421
422
171
688
687
721
723
724
729
738
739
737
733
734
630
629
631
627
613
203
431
88
171
91
690
690
683
686
723
723
728
729
729
739
733
759
627
622
623
626
624
624
458
84
80
88
685
685
684
722
726
731
553
554
623
573
132
132
86
86
83
90
92
871
685
872
889
892
1051
807
805
808
806
557
556
555
586
589
572
131
86
106
106
106
87
115
116
869
871
890
891
889
974
795
804
807
560
561
591
591
129
130
152
114
117
1256
875
896
972
888
981
799
569
558
566
566
587
120
120
149
152
150
1228
1258
1226
1227
1251
978
979
828
827
828
827
826
571
571
570
564
477
320
148
153
156
1228
1224
1252
1252
1253
977
824
828
814
568
1531
568
474
1525
1529
1528
140
1398
154
157
157
157
1228
1236
1225
2392
1252
2390
2339
2337
2348
2356
2356
2355
1515
1533
1522
1510
1526
1527
1529
1529
1401
1398
1398
1393
1402
1402
1229
1406
2393
2391
2392
2338
2330
2331
2349
2359
2359
2358
1505
1506
1522
1523
1399
1398
1403
2398
2393
2393
2339
2502
2331
2359
1493
1505
1495
1535
1524
1484
1399
1388
1386
1386
1414
1404
2506
2507
2502
2501
2335
2499
2332
2334
2333
2334
2360
2016
1494
1495
1495
1483
1485
1389
1391
1390
1383
1604
2507
2507
2504
2501
2500
2492
2360
2036
2035
2015
1499
1497
1481
1486
1307
1311
1701
1388
1600
1691
1382
1599
1604
1605
2527
2525
2491
2077
2361
2038
2037
2038
1497
1487
1487
1848
1850
1307
1698
1698
1699
1691
1692
1691
1689
2527
2527
2073
2074
2077
2077
2144
2043
2146
1468
1818
1838
1840
1676
1692
1688
1695
2063
2064
2079
2078
2150
2145
2150
2145
2152
1468
1470
1845
1825
1845
1672
1677
1665
1663
2064
2066
2083
2092
2151
2147
2153
2156
1824
1825
1843
1844
1841
1839
1836
1837
1672
1670
1666
1664
2068
2066
2069
2069
2084
2084
2083
2149
2140
2157
2156
2155
1824
1671
2155
167
705
618
618
614
424
220
206
204
423
204
422
420
168
170
703
704
704
714
714
712
736
736
760
735
762
619
618
612
226
428
206
174
176
170
169
171
171
671
689
688
706
723
686
729
739
764
630
620
225
226
206
79
89
93
94
674
689
690
690
687
724
727
725
725
728
738
759
764
240
239
622
253
202
202
81
94
79
97
97
96
684
685
677
683
682
903
754
753
757
790
805
737
554
628
238
249
248
132
131
86
84
82
80
95
97
872
869
903
906
905
808
808
803
553
558
242
128
132
128
130
107
107
115
111
109
870
877
870
891
892
889
907
894
795
798
803
557
565
242
125
127
129
126
134
105
107
112
873
877
876
896
890
893
895
823
795
800
799
563
562
566
564
122
121
119
139
138
110
874
1225
877
897
895
825
816
563
566
293
121
121
142
139
145
1230
1232
1233
1231
1252
920
932
930
825
815
1511
562
1526
1529
140
141
141
138
154
156
143
144
1230
1233
1224
2390
2340
2346
2346
2349
2348
2357
1510
1503
1525
1528
1395
1394
1393
1408
1410
2398
2393
2392
2339
2345
2346
2349
2354
1516
1509
1507
1502
1396
1396
1395
1384
1393
1410
1409
1409
2397
2397
2398
2391
2336
2330
2344
2351
2354
2368
2359
1506
1507
1492
1485
1508
1488
1501
1388
1385
1386
1418
2507
2504
2502
2502
2332
2363
2369
2368
1494
1495
1488
1311
1310
1382
1386
1415
1416
1416
2506
2498
2491
2492
2364
2362
2362
2364
2035
2367
1500
1500
1500
1500
1489
1490
1306
1312
1383
1415
1416
1689
2527
1421
2526
2488
2490
2490
2491
2361
2277
2276
2272
2273
2290
1497
1497
1471
1486
1306
1320
1322
1696
2527
2527
2526
2489
2279
2278
2144
2288
2038
1469
1470
1463
1845
1840
1322
1676
1676
1677
1691
1697
1697
2524
2063
2066
2073
2074
2276
2151
2146
2159
2289
1470
1465
1467
1844
1845
1839
1839
1672
1675
1677
1686
1686
1695
2072
2066
2072
2085
2067
2087
2092
2151
2150
2161
2159
1824
1466
1842
1841
1837
1839
1668
1669
1668
1671
1670
1664
1687
1663
1683
2068
2071
2070
2086
2086
2087
2089
2089
2089
2158
2089
2161
2160
2160
2161
2161
701
761
227
228
218
221
218
221
175
172
173
164
163
167
703
705
707
719
719
718
717
719
712
761
763
769
762
224
223
226
220
205
176
176
168
672
166
672
702
709
707
716
715
715
717
752
764
764
766
240
223
224
226
225
206
203
176
93
673
675
674
674
671
677
708
682
637
716
753
759
758
240
238
240
255
255
254
252
252
199
82
96
674
680
682
636
754
791
904
753
759
801
245
244
245
244
250
250
248
251
81
102
98
95
97
884
678
883
883
899
907
797
790
793
801
243
243
249
242
247
127
135
134
137
99
98
107
102
109
111
109
897
897
907
907
796
798
802
798
803
288
290
126
136
127
134
99
146
104
104
111
112
874
873
878
876
897
897
894
822
798
818
818
286
289
295
295
118
118
119
147
110
110
919
877
919
922
931
937
893
928
929
820
817
817
818
287
294
122
142
147
147
144
145
1233
1232
1231
921
922
932
932
931
929
930
824
809
815
814
1514
1513
1504
293
121
14
143
1411
1233
1229
920
2346
2349
2353
2347
2353
1511
1514
1515
1514
1504
1503
1561
1395
1357
1395
1394
1358
1410
2401
1411
2407
2408
2390
2341
2340
2343
2347
2352
2354
2354
1518
1518
1519
1517
1509
1509
1502
1502
1355
1359
1384
1408
1410
2406
2398
2407
2395
2341
2343
2342
2365
2351
2351
1516
1519
1509
1508
1565
1355
1356
1358
1407
1418
1418
2505
2396
2396
2498
2493
2499
2344
2364
2366
2369
2369
2369
1492
1499
1498
1492
1489
1490
1567
1309
1310
1413
1414
1421
1420
1419
1420
1421
2520
2504
2519
2497
2496
2363
2367
1498
1474
1475
1305
1475
1308
1304
1312
1312
1416
1413
1421
2522
2521
2522
2489
2497
2491
2497
2277
2271
2274
2275
2275
2287
1462
1473
1472
1306
1306
1319
1318
1321
1314
1315
1694
1693
2524
2522
2510
2488
2280
2272
2290
2289
2286
1461
1461
1465
1464
1472
1471
1279
1321
1322
1322
1679
1697
1682
1696
1693
2524
2516
2517
2279
2279
2283
2288
2285
1469
1470
1465
1463
1278
1278
1280
1674
1677
1687
1680
1683
2072
2482
2067
2086
2092
2092
2283
2284
2157
2284
1466
1436
1467
1429
1280
1282
1674
1674
1669
1685
1687
1684
2071
2072
2070
2086
2091
2090
2090
2091
2151
2158
2281
228
231
230
230
219
221
172
163
166
165
702
701
706
663
718
756
760
765
768
264
227
223
218
221
189
193
175
173
163
164
166
709
710
709
663
719
750
752
765
769
264
255
223
255
200
196
194
195
160
161
675
679
676
636
638
639
753
757
767
789
265
255
101
76
78
680
680
679
676
637
640
901
791
751
792
845
792
785
261
245
256
239
246
252
252
100
102
75
680
885
886
887
902
906
899
904
793
796
797
244
241
246
247
135
136
101
102
74
75
68
65
884
881
881
899
822
846
803
290
280
277
292
124
123
137
134
31
104
104
111
64
64
881
879
879
878
927
897
823
822
842
840
290
290
294
295
123
124
11
147
146
53
927
922
936
937
821
928
819
810
810
818
287
286
295
293
9
12
12
15
18
57
56
922
921
935
819
809
812
813
1512
1512
1514
1549
1547
1560
15
14
18
55
2401
919
2407
932
2303
2302
2353
813
2320
812
1513
1549
1545
1564
1562
1361
1360
1350
1350
2403
2403
2405
2404
2304
2343
2311
2313
1518
1571
1564
1569
1566
1565
1361
1357
1349
1351
1351
2406
2408
2404
2405
2343
2309
2307
2310
2366
2312
1518
1556
1573
1569
1568
1355
1354
1347
1407
1418
2438
2436
2395
2395
2495
2308
2308
2292
2316
2316
1480
1477
1475
1355
1336
1419
2437
2520
2504
2435
2493
2291
2365
2291
2315
1478
1476
1308
1303
1309
1312
1337
1314
1335
2519
2521
2512
2494
2497
2496
2232
2234
2273
2274
2287
1462
1473
1474
1475
1303
1304
1318
1316
1316
1412
2522
2519
2510
2512
2233
2271
2290
2290
2287
1437
1465
1426
1279
1428
1277
1319
1314
1682
1681
1682
1694
2475
2485
2481
2508
2517
2511
2515
2280
2280
2284
2282
1437
1440
1430
1430
1430
1281
1282
1277
1275
1268
1269
1678
1682
1678
1680
2480
2482
2481
2516
2461
2517
2514
2515
2261
2262
2265
2264
2284
2285
1436
1440
1438
1425
1282
1281
1269
1685
1687
1684
2480
2479
2479
2479
2459
2517
2514
2514
2261
2265
2263
1684
699
272
229
231
230
236
235
219
191
190
181
179
165
697
699
709
700
664
700
665
665
756
782
769
769
768
232
230
201
216
189
193
193
162
178
163
166
698
696
664
661
776
765
777
767
265
265
233
201
260
212
200
199
196
160
161
697
710
632
634
640
662
750
786
786
785
262
265
264
260
259
254
196
214
194
76
71
77
78
78
678
633
650
635
633
635
640
640
639
751
751
787
789
263
262
257
312
20
22
77
75
78
67
650
885
887
902
901
849
857
846
848
850
845
845
279
313
312
312
33
30
23
74
59
886
66
67
882
882
882
900
902
857
843
843
847
279
277
292
304
304
305
33
30
52
68
65
66
925
927
926
934
933
863
822
841
842
840
278
292
289
10
13
12
16
30
29
52
53
924
51
924
927
915
933
936
821
820
843
836
811
1546
1546
17
12
1
55
57
58
50
58
924
916
937
947
944
944
830
813
1548
1563
1563
10
17
16
18
1344
55
1346
57
1350
58
58
2402
2399
2400
947
2382
946
2304
2304
2302
2320
2320
813
1557
1549
1560
17
1361
1343
1351
2403
2403
2407
2383
2380
2303
2301
2300
2313
1555
1555
1564
1574
1574
1564
1561
1566
1353
1352
1361
1360
1352
1359
1351
2438
2429
2383
2383
2382
2308
2307
2310
2314
2313
1559
1480
1573
1574
1569
1569
1353
1356
1348
1348
2438
2438
2437
2381
2383
2384
2388
2308
2311
2318
2317
1479
1480
1476
1567
1327
1327
1337
1334
1347
2436
2495
2305
2292
2316
2316
2220
1480
1478
1454
1477
1454
1443
1443
1332
1331
1323
1337
1337
1335
1336
1333
1333
2476
2477
2428
2508
2466
2494
2235
2220
2235
2228
1455
1452
1445
1442
1329
1331
1317
1324
1317
1315
2476
2477
2477
2508
2465
2512
2231
2234
2219
2227
2229
1452
1454
1427
1427
1426
1275
1316
1316
1679
2476
2474
2477
2474
2467
2462
2467
2465
2512
2270
2270
2280
2269
2282
2229
1429
1439
1428
1276
1423
1272
1277
1290
2486
2482
2462
2461
2478
2459
2268
2267
2269
2260
2265
2260
1440
1439
1425
1425
1282
1272
1271
1270
1268
1289
1289
2486
2487
2487
2461
2459
2267
2268
2267
2262
2265
2264
2258
1424
236
667
234
234
236
235
191
190
181
180
177
693
695
695
699
700
669
666
665
776
782
783
783
272
233
275
232
213
216
188
191
193
181
181
159
694
696
670
666
665
662
652
779
784
784
266
273
258
260
216
215
196
185
195
186
186
159
643
632
659
657
657
661
789
789
258
260
309
23
22
186
73
72
649
634
647
657
778
850
788
789
261
257
256
314
311
309
19
21
23
71
70
649
880
902
865
848
284
313
315
315
312
303
20
60
62
63
62
900
866
863
849
848
848
844
280
279
302
302
304
13
32
33
33
30
53
63
882
934
863
863
843
839
839
279
276
304
6
38
52
53
48
48
41
925
914
912
910
917
942
940
830
830
838
838
837
837
278
1548
1542
9
2
3
50
47
48
46
924
917
915
947
946
943
944
838
833
1548
1549
1540
6
3
1
1345
2400
2374
2375
947
944
2324
833
2324
1549
1571
1575
1364
1541
1344
1345
1346
2430
2433
2430
2399
2432
2379
2379
2300
2301
2323
2324
2313
2321
1558
1552
1574
1579
1368
1368
1378
1343
2448
2431
2432
2381
2387
2380
2309
2294
2314
2319
1556
1570
1572
1579
1578
1368
1370
1379
1380
1380
2434
2434
2435
2385
2387
2388
2306
2306
2294
2319
2318
2317
1559
1550
1572
1370
1330
1326
1327
1342
2415
2414
2428
2427
2423
2305
2235
2220
2218
1453
1449
1444
1445
1329
1332
1331
1327
1339
1338
1334
2410
2414
2417
2418
2426
2428
2425
2464
2235
2240
2238
2220
2230
2219
2228
1455
1454
1442
1329
1332
1324
1323
1339
2468
2415
2473
2467
2467
2464
2232
2235
2223
2229
2229
1452
1433
1460
1459
1277
1274
1273
1273
1300
1290
2472
2474
2469
2466
2462
2463
2231
2223
2259
2260
2227
1440
1438
1423
1434
1265
1274
1292
1291
2469
2468
2483
2487
2462
2246
2270
2270
2253
2260
2256
1435
1434
1425
1272
1272
1271
1288
1292
1289
1292
1289
2484
2487
2452
2247
2249
2248
2267
2255
2258
2257
2451
187
274
236
694
695
695
692
668
670
655
667
655
654
776
783
783
274
212
216
188
215
184
178
693
692
644
658
654
776
779
780
781
275
275
216
213
214
211
185
73
159
645
645
658
651
779
780
267
270
267
266
310
209
211
23
73
70
649
660
865
778
788
269
268
315
314
310
21
26
73
72
649
646
866
867
861
853
852
856
284
285
315
309
35
19
24
27
60
63
862
861
865
853
847
284
285
300
302
305
35
38
37
36
36
59
62
908
909
868
862
834
835
282
296
8
38
2
44
41
917
912
910
941
836
282
297
8
7
3
45
48
914
917
940
942
829
833
838
1544
1543
1541
1366
1366
1376
1376
46
47
913
2374
916
945
2373
945
2323
833
1557
1554
1540
1365
1365
1378
1378
1375
2447
2429
2374
2376
2378
2373
2322
2324
2327
1558
1553
1368
1381
1380
2448
2447
2433
2378
2371
2388
2297
2326
2329
1551
1552
1553
1577
1576
1577
1579
1370
1371
2446
2446
2448
2431
2442
2385
2388
2296
2326
2328
1450
1450
1445
1578
1371
1325
1341
1342
2417
2409
2428
2426
2423
2422
2298
2298
2218
2215
2217
1448
1445
1446
1330
1341
2417
2413
2416
2425
2425
2240
2237
2239
2238
2216
2216
1460
1444
1295
1302
1339
2471
2413
2418
2425
2464
2236
2240
2225
2230
1458
1459
1442
1264
1295
1300
1302
1291
2472
2471
2454
2455
2244
2244
2224
2225
2224
2226
1435
1302
1302
1292
1284
2472
2452
2457
2457
2457
2247
2246
2252
2254
2254
2252
1435
1434
1423
1265
1287
2484
2483
2451
2460
2250
2250
2253
2254
2255
2257
1286
275
198
187
179
773
774
271
177
653
651
273
208
210
184
660
28
183
643
647
779
788
270
303
26
648
867
865
853
310
63
646
853
853
284
297
35
25
43
912
911
860
835
300
8
8
4
24
43
42
909
942
860
855
1543
296
1366
3
40
941
1542
1366
45
938
2327
831
1554
1362
1362
1381
2439
2378
2377
2378
1553
1579
1369
1371
1378
1381
2448
2442
2386
2299
1550
2420
2442
2421
2422
2387
2298
2297
2329
1447
1340
2409
2416
2298
2328
1447
1325
1342
2418
2422
2422
2215
1460
1297
1294
2413
2453
2464
2240
2225
1460
1432
1299
1294
2470
2456
2455
2245
2225
2222
1457
1302
1287
2456
2250
2244
1431
1284
2249
2252
274
659
655
771
645
308
210
211
656
908
868
868
283
300
25
38
834
1
832
2323
1575
2326
1576
1553
1381
2439
2370
2444
2371
1297
2217
2237
1450
2410
2245
2243
2250
2222
1286
1287
668
771
669
652
270
210
781
644
852
27
308
28
860
300
912
939
939
1363
1376
2443
2326
1576
1371
2299
2296
1453
2411
2420
1296
2413
2221
1294
2453
2454
1298
2470
2452
2245
2254
2256
197
655
183
660
660
771
269
648
61
851
299
868
854
282
5
44
43
913
39
1376
2443
2442
2444
2412
1448
2420
1301
2242
2221
1264
2457
2249
198
182
691
691
773
211
70
310
858
283
35
42
854
938
1544
1544
40
2376
2373
2329
1551
1362
2445
1450
1297
1340
1450
1446
1293
2237
1299
1432
1431
1285
2452
2245
197
182
1931
1931
774
208
208
1267
2213
307
642
642
858
5
298
4
1373
855
1373
2440
1372
1372
2440
2372
2445
2370
2441
2421
856
2411
2296
2214
2242
1457
1456
1299
2242
2214
1298
1284
1214
1086
1930
641
772
772
2213
2213
307
641
307
2293
1093
2293
1267
42
2509
2040
2020
1093
2039
465
1266
2450
1456
2450
588
1266
588
