2480
906
406
377
383
383
755
757
906
910
360
365
756
896
904
903
913
925
926
409
367
367
743
894
896
895
590
368
361
362
366
750
894
830
596
502
490
492
754
753
892
821
819
829
594
500
492
489
752
682
820
523
501
470
488
689
690
690
686
686
819
817
822
827
538
522
529
473
473
691
685
666
846
611
610
538
528
531
472
679
660
658
659
841
846
614
613
2421
2201
2198
680
1454
2476
2425
2422
2202
2199
2199
1455
1243
2425
2430
2430
2202
1441
2475
2435
2431
2432
2212
2196
2195
1438
1439
1441
1245
2471
2470
2435
2214
2281
1465
1463
1440
1252
1253
1253
1251
2400
2470
2333
2213
2269
2281
2285
1473
1475
1478
1249
1250
2401
2401
2331
2253
1480
2326
2326
2267
2257
2257
1519
1512
1511
1479
1533
1534
1534
2378
2377
2342
2341
2264
2260
1534
2378
2339
2339
2340
2262
2264
2265
2258
2251
1514
1544
1544
1533
1537
411
412
412
411
415
407
378
378
380
381
383
359
350
349
758
759
755
737
906
908
904
902
908
904
911
913
914
414
410
406
369
370
368
380
350
350
758
759
744
736
736
907
906
904
910
921
912
913
410
422
421
409
371
374
359
366
361
364
365
760
756
742
744
743
751
896
896
921
920
921
921
926
596
595
591
591
376
376
360
366
366
764
740
754
751
894
894
898
823
823
830
599
596
594
592
590
593
499
502
491
491
363
747
489
748
892
821
821
822
826
831
597
599
533
502
522
502
490
492
489
691
748
687
752
683
754
753
821
820
826
831
830
828
827
597
594
618
532
536
532
501
469
487
696
690
688
686
674
683
673
818
666
818
846
843
846
617
617
537
535
526
523
471
472
469
694
690
680
684
673
664
666
841
843
844
845
613
612
612
538
541
538
530
531
528
473
473
692
695
681
680
680
670
661
664
666
662
838
838
848
845
614
613
540
528
2176
465
2200
2202
2200
2206
1456
661
660
659
658
663
663
1434
848
845
1243
2476
2443
2423
2424
2425
2422
2430
2429
2177
2177
2201
2193
2202
2198
1454
1460
1453
1456
1456
1443
1435
1436
1451
1435
1434
1248
1240
2476
2478
2423
2438
2430
2430
2175
2193
2196
2197
2195
1460
1459
1461
1453
1444
1438
1441
1436
1247
1248
1244
1244
2477
2475
2474
2432
2431
2215
2214
2197
2196
2192
1459
1462
1437
1438
1441
1246
1441
1258
1248
1245
2474
2471
2434
2433
2216
2216
2213
2196
2190
2192
2281
1462
1463
1438
1483
1476
1258
1252
1253
2473
2400
2398
2397
2397
2333
2434
2332
2332
2270
2270
2272
1465
1466
1466
1474
1476
1253
2401
2401
2399
2325
2333
2333
2266
2270
2268
2271
2271
2284
2285
2283
1472
1474
1475
1480
1480
1479
1260
1250
1262
2395
2396
2396
2396
2326
2326
2341
2266
2267
2270
2259
2285
2272
2255
2253
1517
1519
1517
1548
1260
1262
2381
2376
2376
2374
2342
2343
2262
2263
2264
2260
2260
2255
2252
1513
1511
1512
1533
1543
1542
1536
1538
2381
2380
2375
2376
2375
2342
2343
2340
2308
2262
2264
2260
2258
2252
1513
1544
1535
1539
1539
1538
1539
1539
2378
377
901
413
415
415
396
379
381
384
349
350
771
758
773
765
766
737
907
909
903
911
918
913
914
413
424
410
415
408
371
369
375
380
380
372
353
356
352
351
759
766
744
739
909
900
897
918
923
916
928
423
425
419
375
370
376
355
361
358
763
762
764
764
763
742
741
744
739
898
899
924
925
929
596
422
421
420
589
419
376
361
362
764
749
741
750
898
899
922
924
922
929
929
598
599
592
583
584
583
498
498
499
495
492
363
748
748
745
753
815
892
816
825
825
830
599
594
533
519
496
501
497
486
485
688
682
675
816
814
826
828
616
588
536
524
470
467
696
687
676
672
675
673
833
817
842
619
615
619
535
534
534
536
529
525
526
526
696
696
678
686
674
671
665
834
840
835
840
840
843
851
613
611
541
541
529
530
526
530
466
468
466
694
693
692
679
677
677
671
668
836
841
839
850
606
2421
540
2178
2177
465
2204
2207
681
669
1456
671
662
1338
838
1242
2443
2447
2425
2427
2428
2176
2177
2173
2203
2207
1458
1455
1443
1445
1443
1449
1450
1450
1242
1340
1248
2477
2479
2448
2479
2438
2429
2175
2171
2193
2194
1460
1461
1446
1446
1444
1451
1434
1246
1241
1241
2479
2479
2479
2472
2438
2439
2434
2440
2437
2412
2216
2191
2192
1460
1471
1470
1448
1440
1485
1256
1247
1257
2474
2474
2437
2434
2215
2212
2190
2192
1464
1469
1466
1471
1483
1485
1258
1255
2398
2384
2330
2411
2216
2324
2209
2208
2273
1465
1466
1482
1482
1484
1258
1477
1251
2394
2393
2393
2399
2386
2329
2332
2329
2322
2269
2275
2274
2284
2285
2277
1495
1473
1472
1478
1480
1477
1249
1261
2392
2394
2395
2383
2328
2327
2335
2322
2324
2275
2275
2280
2280
1495
1516
1519
1549
1549
1260
1261
1262
2380
2372
2334
2338
2309
2307
2259
2250
2254
2255
1519
1528
1527
1523
1548
1549
1536
2381
2381
2379
2379
2374
2373
2376
2373
2342
2338
2337
2338
2309
2309
2265
2256
2251
2248
1514
2247
1529
1522
1524
1524
1544
1542
1541
1536
1537
1521
1540
1540
396
396
901
414
398
400
400
408
381
381
385
385
353
384
348
774
774
768
765
738
909
885
900
919
919
919
917
919
917
916
425
399
379
401
385
384
352
351
773
771
769
768
768
739
909
853
918
916
425
425
423
416
419
417
373
356
356
356
322
761
760
761
740
711
898
854
897
853
923
872
924
928
424
420
589
420
418
417
373
354
355
358
358
762
746
725
722
859
860
860
870
924
927
927
598
584
584
517
493
494
484
314
749
746
724
816
815
868
781
868
787
589
589
584
520
496
496
495
484
644
644
745
732
732
732
675
732
813
813
826
779
824
587
616
618
587
582
582
520
521
496
497
486
487
644
684
640
675
814
780
780
843
602
615
603
601
525
516
482
482
468
695
475
643
678
676
668
673
834
833
839
839
851
849
610
600
600
539
539
504
530
506
476
467
475
630
693
668
671
665
835
835
850
848
605
608
605
541
606
2181
2181
2178
2173
2205
2207
634
669
635
670
1442
1449
836
1339
1339
1345
1345
2449
2449
2426
2427
2180
2170
2172
2173
2206
2207
1416
1452
1445
1446
1443
1450
1340
1339
1342
1339
1240
2448
2447
2439
2439
2415
2170
2171
2203
1457
1415
1458
1425
1446
1413
1448
1450
1448
1337
1336
1337
1342
2472
2446
2440
2413
2175
2224
2211
2219
1457
2191
1426
2220
1467
1468
1471
1471
1481
1484
1335
1333
1254
2468
2440
2465
2437
2412
2411
2210
2211
2221
2282
1468
1470
1485
1485
1256
1254
1255
2469
2468
2386
2468
2386
2354
2210
2208
2274
2209
2277
2221
1467
1469
1495
1481
1490
1486
1274
1273
1275
2393
2469
2385
2386
2385
2384
2330
2353
2323
2324
2324
2275
2276
2277
1495
1490
1490
1488
1275
2383
2385
2345
2328
2334
2347
2320
2278
2279
2280
2279
2255
1493
1516
1516
1547
1549
1262
2370
2387
2372
2383
2335
2347
2306
2321
2263
2294
2249
2250
1493
1529
1528
1527
1547
1546
1266
1264
2367
2368
2365
2364
2336
2338
2308
2305
2307
2290
2248
2247
2248
1529
1521
1529
1523
1524
1522
1524
1541
1265
1267
1264
2336
1263
394
400
395
400
463
397
429
385
386
331
332
774
774
772
772
714
710
710
884
885
883
887
888
887
880
394
398
402
402
403
427
386
319
332
321
323
323
767
768
715
713
709
708
708
855
889
879
880
404
405
401
426
426
372
325
328
321
323
769
767
712
722
712
715
858
854
854
869
871
875
875
565
565
405
416
436
354
328
315
723
725
711
722
860
854
869
873
874
565
564
562
585
418
568
518
311
311
313
314
313
316
725
725
735
734
735
860
735
860
870
783
776
788
788
588
563
586
563
569
586
520
517
493
494
485
318
717
719
640
718
734
731
800
801
783
782
781
785
787
604
604
585
520
521
516
515
483
480
646
646
647
641
650
639
651
649
800
783
801
782
790
603
601
514
515
516
505
482
647
652
652
799
808
779
851
602
609
607
556
504
505
506
482
478
478
629
629
642
656
657
654
812
835
833
851
850
608
608
607
504
2406
2182
505
477
478
477
633
634
657
655
656
1408
1406
812
1354
811
812
791
1344
2449
2449
2459
2407
2407
2183
2180
2184
2173
2204
1417
1417
1409
1410
1410
1407
1405
1404
1352
1355
1342
1343
2445
2454
2451
2408
2410
2414
2180
2186
2217
2185
1415
1426
1409
1404
1349
1353
1353
1334
1336
1326
1327
2446
2450
2454
2451
2417
2409
2415
2415
2415
2414
2225
2220
1427
1426
1427
1413
1412
1347
1335
1334
1330
1328
1326
2462
2466
2467
2417
2413
2412
2224
2226
2218
2219
2221
2227
2221
1431
1424
1411
1487
1487
1334
1331
1335
1329
1330
2468
2467
2354
2226
2236
2236
2277
1431
1494
1496
1504
1501
1486
1489
1273
1277
1277
1276
2464
2389
2391
2391
2357
2354
2359
2323
2235
2234
2235
2233
1497
1497
1499
1494
1502
1502
1490
1488
1274
1276
1269
2370
2388
2388
2387
2346
2347
2359
2321
2294
2278
2280
1500
1492
1507
1502
1545
1270
1272
1272
1268
1268
2371
2369
2364
2347
2350
2311
2305
2306
2291
2293
2294
2287
2249
1491
1491
1525
1547
1266
1266
1266
2368
2366
2366
2365
2349
2351
2352
2314
2291
2314
2290
2292
2288
2248
1526
1526
1520
1546
1267
1264
2348
464
878
393
395
462
395
464
428
338
342
341
342
340
331
329
330
330
770
701
702
710
885
885
882
890
890
890
888
879
404
392
395
464
428
429
339
319
342
700
702
714
715
707
710
857
884
887
877
875
879
392
405
450
433
433
427
325
324
327
325
319
322
700
715
713
855
856
853
865
872
875
405
562
404
561
437
435
437
435
433
444
328
326
328
315
315
700
699
723
856
726
861
865
869
866
562
565
565
569
436
443
442
317
316
717
724
730
735
858
869
863
867
788
788
570
570
567
518
513
513
318
318
318
717
645
719
718
733
733
796
797
776
778
776
604
576
580
566
481
479
479
647
647
646
640
651
652
802
802
801
802
783
777
790
785
604
557
557
556
514
507
516
481
480
475
642
622
630
650
652
799
809
809
808
791
793
790
793
608
550
559
560
509
483
478
631
638
657
654
653
655
811
812
810
792
793
609
2457
558
510
2182
505
2182
476
633
632
635
1410
657
1407
1406
1355
792
1344
2458
2459
2458
2406
2182
2187
2188
2188
2184
632
1416
1403
1410
1408
1405
1355
1348
1355
1354
1351
1345
1344
2445
2454
2459
2450
2402
2410
2410
2410
2179
2180
2187
2188
2218
1415
1418
1426
1413
1413
1349
1350
1352
1343
2453
2454
2451
2403
2403
2223
2217
2231
1423
1423
1424
1413
1411
1347
1335
1332
1327
1325
1330
1329
2466
2404
2418
2420
2226
2230
2226
2231
2228
1429
1431
1430
1398
1284
1332
1330
1321
2464
2463
2460
2465
2416
2416
2419
2361
2234
2244
2236
2228
2227
1505
1504
1285
1286
1286
1293
1277
2464
2461
2390
2390
2391
2355
2356
2362
2361
2358
2359
2315
2316
2236
1498
1499
1496
1505
1501
1285
1283
1271
1277
2461
2371
2371
2391
2345
2356
2359
2316
2315
2295
2294
1498
2287
1492
1499
1507
1270
1282
1272
1272
2369
2370
2366
2029
2346
2352
2313
2310
2320
2298
2312
2298
2286
1500
1531
1303
1297
1301
1301
1269
2367
2031
2366
2033
2364
2030
2348
2349
2352
2352
2310
2313
2299
2297
2292
2289
2287
2289
2288
1530
1526
1525
1298
1300
1316
1315
1316
1530
393
391
460
464
462
457
463
457
339
342
341
335
336
334
701
704
704
704
881
881
1237
889
890
876
879
878
1216
451
392
461
461
430
430
338
345
347
347
346
329
333
705
706
882
1236
1237
1239
876
1216
1215
387
451
439
452
434
432
434
327
347
166
698
699
700
703
706
707
857
1239
877
871
874
1210
574
449
438
438
441
434
325
326
320
169
170
698
698
730
729
862
727
864
865
865
867
873
1060
575
562
575
578
438
441
444
442
313
156
155
313
317
170
304
720
730
727
726
862
863
866
1063
1064
786
572
569
580
569
566
443
444
284
310
303
304
720
720
720
1092
730
728
797
796
778
777
786
1061
577
579
580
567
512
513
284
284
300
304
622
641
648
728
802
794
795
778
1047
785
550
549
549
560
554
552
507
282
282
281
626
623
621
648
648
806
805
805
804
790
1054
550
560
559
511
511
507
280
280
288
281
627
632
628
636
653
799
806
807
803
803
547
2455
560
558
510
1950
511
1952
288
289
277
633
633
638
637
628
638
636
1403
1362
810
1394
793
2456
1894
2457
1872
2409
1951
2183
279
2185
1422
1420
638
1419
1402
1363
1352
1393
2456
2455
2452
1874
1873
2402
1953
1955
2188
1961
1422
1421
1422
1396
1403
1397
1350
1363
1361
1364
1350
1351
1324
1323
1325
2453
1871
2405
2222
2222
2223
2229
1422
1428
1418
1398
1398
1350
1331
1325
1325
2453
1870
2404
1870
1869
2418
2419
2225
2246
2230
2231
2229
1428
1431
1280
1346
1292
1322
2464
2462
2405
2419
2419
2245
2233
1429
1432
1430
1505
1504
1279
1286
1295
1295
2028
2460
2037
2357
2356
2036
2362
2361
2318
2318
2319
2243
2233
2233
1732
1503
1505
1507
1281
1285
1286
1283
1292
1290
2027
2025
2028
2024
2037
2035
2356
2360
2362
2317
2319
2319
2296
1712
1499
1721
1302
1302
1305
1301
1290
1312
1282
2026
2024
2031
2034
2350
2311
2298
2299
2295
2303
2287
1711
2303
1723
1723
1303
1306
1300
1301
1313
1313
1315
2032
2033
2030
2051
2052
2351
2313
2049
2313
2312
2299
2304
2289
2303
1717
1722
1531
1297
1298
1299
1316
1316
2049
456
337
389
453
460
459
458
457
343
346
337
337
333
705
705
1107
1106
1226
1229
1226
1205
1206
1216
1219
1219
392
454
454
456
454
459
430
344
344
347
334
168
1111
1106
1236
1109
1235
1238
1206
1205
1214
1216
1219
446
450
446
449
452
217
345
160
168
165
1112
1112
1112
1108
1236
1108
1236
1238
1239
1214
1213
1211
448
447
449
439
434
438
431
158
161
171
1091
1089
1089
1232
1234
1212
574
575
448
443
100
96
157
155
301
302
169
1093
1093
1092
1087
1067
861
1062
1064
1062
1061
571
572
575
580
578
441
108
157
297
301
301
298
302
304
989
991
1069
1069
1068
795
1081
1064
1063
577
576
555
553
108
109
284
300
303
990
987
993
794
1066
804
1046
550
548
542
555
552
90
92
286
283
275
626
623
623
990
978
806
807
1052
1050
1053
1053
1054
545
546
548
553
511
285
288
289
276
627
623
621
980
980
806
1051
1053
1053
546
1893
547
551
1881
1948
1949
285
1952
288
279
278
278
628
624
625
1403
977
1362
1371
1371
1390
1392
1394
1393
1894
1893
1880
1894
1880
1948
1950
1950
1949
1951
1954
1957
1962
1847
625
1420
1401
1369
1401
1364
1364
1391
1370
1391
1393
1394
1889
1889
1873
1950
1955
1955
1962
1419
1402
1400
1361
1397
1364
1323
1868
1875
1874
1873
1872
1941
1953
1955
1961
1963
2246
1421
1419
1844
1400
1396
1363
1359
1357
1346
1356
1318
1318
1324
1868
1867
1866
1871
1870
2134
2420
1942
1964
2238
1729
1432
1739
1398
1358
1356
1357
1317
1322
1321
1868
1865
1870
2042
2038
2134
2362
2133
2246
2243
2243
2245
2240
1732
1731
1742
1741
1280
1278
1294
1296
1296
1864
2040
2042
2039
2038
2041
2143
2317
2243
2318
2240
2241
2241
1731
1732
1740
1742
1742
1281
1278
1293
1290
2028
2028
2034
2142
2144
2296
2241
2302
1713
1712
1719
1720
1306
1306
1304
1288
1290
2026
2020
2025
2027
2035
2154
2153
2302
2304
1713
1723
1720
1686
1306
1305
1312
1309
2033
2023
2029
2052
2052
2052
2051
2049
2152
2154
2301
2304
1709
1717
1709
1718
1723
1718
1686
1689
1299
1309
1314
1308
2032
2154
1314
202
1117
390
390
456
459
458
220
221
343
221
337
336
206
167
1115
1116
1107
1228
1229
1225
1208
1218
1209
1209
1219
388
389
454
51
459
221
217
218
168
203
167
168
1122
1110
1111
1105
1229
1109
1239
1207
1219
446
453
51
52
52
159
164
159
165
1121
1119
1119
1112
1110
1227
1230
1234
1233
1234
1202
1214
1210
15
14
447
99
100
100
163
160
163
173
173
171
1085
1089
1093
1088
1088
1232
1234
1204
1204
1203
1058
1214
573
449
18
98
99
97
97
156
158
162
163
306
172
1093
1090
1087
1073
1072
1064
1060
1057
573
571
9
107
96
110
110
299
299
305
307
305
1091
991
994
1068
1069
1071
1074
1071
1081
1056
1061
544
543
113
107
112
110
110
109
298
295
309
990
991
994
995
1069
1066
1066
1084
1077
1047
1046
543
545
544
554
89
92
91
93
286
309
971
975
993
993
980
1079
1052
545
542
88
90
95
94
287
273
628
971
968
976
978
976
980
979
1051
1050
1897
551
1882
1947
95
95
287
274
279
279
275
276
624
969
975
1369
1366
1366
1371
1390
1371
1394
1896
1882
1881
1946
1946
1960
1959
1960
1848
1846
1399
1368
1366
1374
1374
1385
1388
1892
1880
1876
1945
1954
1944
1956
1964
1957
1847
1849
1849
1846
1844
1400
1369
1361
1372
1372
1377
1387
1377
1389
1888
1876
1863
1873
1877
1942
1944
1968
1965
1964
1859
1843
1844
1739
1358
1359
1379
1319
1317
1868
1875
1941
2134
2131
1965
1964
2246
2238
1728
1729
1615
1614
1616
1379
1320
1296
1378
1320
1319
1861
1866
1864
1865
2042
2041
2136
2138
2132
2163
2238
2240
1732
1728
1738
1740
1612
1742
1613
1279
1613
1699
1643
1645
1296
2016
2018
2040
2042
2134
2145
2146
2164
1730
1730
1724
1741
1698
1698
1294
1289
1291
2015
2017
2017
2036
2039
2147
2144
2143
2144
2162
2161
2241
1725
1713
1721
1719
1696
1695
1697
1288
1288
1291
2022
2019
2023
2019
2045
2048
2047
2141
2140
2144
2158
2158
2167
1713
1709
1706
1718
1710
1686
1685
1687
1304
1311
1308
2021
2022
2050
2052
2052
2049
2141
2151
2152
2154
2153
2304
2159
2301
2156
2301
1705
1708
1718
1715
1714
1689
1688
1688
1311
1689
1310
1311
1308
1311
1310
1117
1208
39
38
48
48
47
219
221
218
206
205
204
202
1117
1116
1104
1222
1224
1220
1225
1221
1209
1209
1218
1174
1217
49
50
50
48
219
216
206
203
1122
207
1122
1113
1114
1104
1228
1229
1224
1221
1201
1172
1217
1172
0
49
51
51
56
52
216
215
164
1120
1122
1121
1118
1119
1086
1119
1086
1223
1223
1201
1211
1179
14
17
15
16
55
104
100
102
214
162
172
1120
1098
1085
1231
1230
1204
1072
1204
1202
1059
10
9
18
12
18
18
104
105
102
163
299
173
173
1095
1094
1094
998
998
1074
1081
1055
1058
1058
10
11
115
114
115
113
105
107
103
297
299
296
296
306
308
308
996
1065
1074
1074
1083
1081
1055
1049
1048
128
128
114
112
111
82
295
294
294
293
308
308
988
988
1003
996
996
996
1071
1084
1077
1027
1048
127
129
86
86
92
93
83
292
293
272
973
987
976
993
981
982
981
985
1076
1078
1078
1030
1029
126
126
89
94
274
273
271
274
970
971
971
976
974
983
986
983
985
986
1079
1035
1030
1028
1897
1897
1887
88
95
85
272
1829
969
968
977
1373
1374
1388
1386
1388
1895
1896
1895
1897
1882
1882
1940
1947
1973
1958
1960
1959
1960
1829
1848
1839
1835
1368
1369
1367
1373
1374
1381
1388
1389
1891
1891
1890
1885
1883
1878
1937
1938
1969
1969
1956
1851
1849
1849
1846
1835
1620
1367
1375
1376
1384
1382
1382
1890
1892
1878
1878
1945
1945
1970
1967
1967
1858
1859
1843
1842
1844
1615
1620
1616
1619
1379
1379
1384
1383
1383
1862
1863
1861
1862
1877
1943
1943
2139
2132
2105
2103
1857
1859
1858
1857
1859
1840
1739
1736
1616
1616
1639
1639
1861
1863
2085
2136
2083
2139
2139
2131
2137
2239
2105
1856
1735
1737
1737
1737
1611
1612
1611
1610
1645
1643
1644
1638
1637
2018
2084
2086
2136
2149
2149
2146
2148
2163
2164
2161
1726
1727
1734
1733
1696
1699
1645
1641
1289
1637
2016
2088
2089
2085
2085
2046
2047
2148
2149
2145
2162
2164
2168
2167
1725
1724
1716
1759
1698
1698
1634
1644
1634
2015
2020
2091
2091
2043
2046
2047
2140
2150
2158
2169
2169
1706
1708
1707
1714
1690
1686
1635
1633
1635
1634
2021
2074
2023
2079
2044
2044
2043
2151
2151
2157
2158
2156
1705
1706
1708
1715
1689
1690
1691
1694
1687
1632
1632
38
43
42
41
44
220
213
205
210
208
1117
1128
1105
1222
1220
1198
1177
1175
1173
0
39
40
48
56
222
212
215
213
206
211
211
1113
1114
1151
1224
1224
1198
1176
1175
1173
40
54
55
54
53
216
216
231
192
209
1097
1097
1102
1101
1146
1200
1191
1192
1172
1179
7
16
189
191
177
1096
1097
1103
1102
1101
1146
1231
1192
1191
1058
1195
1059
1178
8
12
12
17
12
104
102
188
189
176
1098
1095
1001
1103
952
1073
952
1072
1195
1080
1056
13
13
115
105
105
103
189
291
290
248
249
248
1001
1000
998
997
1084
1024
1049
128
131
133
115
112
112
82
291
263
291
265
247
246
250
1001
1002
998
1005
1003
995
1084
1083
1039
1026
128
134
134
129
87
92
82
294
294
267
1006
1002
984
937
1075
985
1039
1026
1034
1027
127
132
126
120
87
83
84
85
85
270
267
974
972
986
1075
1033
1030
1030
1884
1884
1887
1886
1887
1940
84
85
274
268
1828
972
1835
982
1577
1577
1385
1034
1386
1028
1886
1885
1887
1904
1939
1973
1975
1826
1829
1838
1839
1839
1617
1618
1376
1574
1381
1891
1901
1899
1899
1938
1937
1975
1967
1851
1851
1854
1837
1837
1832
1621
1621
1624
1375
1381
1384
1381
1891
1901
1900
1977
1978
1969
1969
1853
1854
1856
1855
1841
1831
1620
1620
1625
1624
1556
1384
1555
1926
1921
1919
1968
2103
1856
1856
1737
1842
1831
1622
1609
1640
1558
1640
1923
1920
2139
2135
2138
2137
2104
2105
2105
1735
1736
1748
1610
1611
1611
1609
1642
1645
1639
1639
2088
2084
2085
2084
2083
2149
2110
2107
2161
1727
1734
1734
1749
1695
1702
1642
1638
1641
1637
2090
2090
2091
2083
2086
2116
2110
2109
2166
2165
2164
1726
1767
1764
1766
1749
1761
1748
1761
1704
1701
1634
1631
2074
2076
2091
2080
2080
2068
2081
2147
2120
2120
2122
2166
2169
2165
2169
1765
1766
1755
1760
1760
1761
1758
1700
1694
1694
1701
1628
1633
1631
2073
2076
2075
2081
2067
2119
2121
2157
2159
2168
1766
1708
1765
1756
1757
1759
1691
1693
1694
1627
1629
2156
1127
64
42
43
45
46
46
44
222
222
223
194
208
1127
1131
1130
1131
1158
1130
1197
1196
1196
1168
1175
1175
1168
46
45
56
71
212
231
230
210
196
210
207
1131
1141
1150
1200
1199
1177
1176
1174
1
1
41
75
74
72
76
229
230
211
209
1139
1151
1151
1149
1145
1143
1200
1180
1180
1179
8
8
8
5
30
76
229
151
192
192
190
192
177
177
1097
1136
1100
1102
1149
1144
1146
1145
1146
1194
1195
1193
1180
7
6
4
30
149
190
191
175
177
250
1099
1099
1103
951
950
1016
1194
1023
1025
1195
1025
1025
130
31
145
149
148
263
187
188
235
1001
250
250
999
1000
1000
936
952
1082
1040
1038
1025
130
119
124
123
124
145
149
265
265
246
247
249
1006
1004
938
938
935
934
1082
1039
1042
1042
133
134
134
120
142
147
83
265
264
262
266
1006
242
1006
1005
961
938
948
1076
1033
1039
1041
1029
1884
1903
79
143
78
268
270
269
270
267
973
940
947
948
946
945
1036
1035
1908
1903
1998
80
80
80
79
1971
269
1825
270
1828
258
259
1829
1836
1824
948
1605
946
1576
1576
1577
1573
1579
1032
1908
1904
1940
80
1974
1825
1826
1838
1833
1839
1605
1604
1577
1575
1573
1579
1901
1905
1904
1905
1900
2008
1940
2007
1972
1972
1975
1974
1972
1975
1827
1827
1821
1618
1617
1604
1625
1569
1570
1582
1581
1924
1926
1901
2009
2007
2009
1979
1970
1852
1853
1854
1832
1841
1834
1619
1623
1626
1625
1556
1554
1581
1925
1918
1921
1977
1993
2102
1993
1853
1854
1840
1625
1563
1558
1557
1555
1557
1926
1926
1923
1921
1917
1921
1919
1976
2108
2101
2101
2102
2106
1811
1813
1815
1814
1750
1810
1751
1747
1607
1608
1558
1560
1656
1923
1917
1920
2069
2115
2114
2110
2108
2109
2106
1815
1813
1768
1750
1751
1748
1704
1704
1657
1658
1659
2088
2088
2071
2070
2071
2120
2110
2107
2166
1768
1771
1769
1767
1750
1761
1745
1748
1703
1704
1704
1702
1667
1660
1659
2080
2076
2080
2068
2071
2118
2117
2129
1766
1756
1754
1753
1756
1757
1701
1677
1646
1630
1627
1648
2073
2075
2079
2078
2068
2118
2120
2121
2122
2130
2128
1763
1766
1756
1755
1758
1675
1692
1677
1692
1628
1630
1629
2068
61
1158
66
66
60
60
224
226
198
226
194
1126
1128
1125
1129
1131
1129
1161
1197
1185
1169
1169
1170
64
65
66
66
71
70
228
225
227
227
194
195
1141
1141
1140
1158
1150
1199
1185
1188
1168
1164
2
65
72
74
76
75
231
228
231
196
193
195
1141
1151
1148
1142
1143
1200
1165
1180
4
32
34
185
183
184
179
179
1136
1147
1147
1142
1193
1017
1190
1163
6
5
32
32
146
150
151
187
183
176
175
1100
967
952
951
1025
27
122
32
154
146
154
148
235
243
244
244
967
957
950
1017
1022
1024
1021
131
118
124
122
124
144
149
144
147
261
241
245
965
937
934
1037
1040
1042
1042
118
120
123
144
240
261
267
260
241
242
962
962
960
936
939
932
935
1037
1036
1045
1043
1043
1044
132
1914
1916
142
144
262
260
258
260
260
962
959
962
943
947
945
944
1045
1032
1907
1908
1903
143
78
257
1796
1823
1606
1606
948
945
1586
1031
1587
1908
1906
2006
1999
1999
2003
1800
1797
1822
1794
1823
1824
1821
1605
1603
1575
1572
1571
1574
1582
1579
1909
1905
1905
2008
2007
2001
2004
1992
1787
1787
1834
1834
1602
1605
1570
1569
1582
1581
1924
1928
1928
2009
2009
1979
1985
1994
1994
1786
1787
1809
1831
1834
1623
1596
1596
1562
1563
1582
1563
1554
1931
1931
1980
1978
1986
1993
1993
1992
1815
1816
1810
1808
1622
1626
1608
1562
1553
1923
1933
1935
1935
1981
1981
1976
1986
2099
1990
1812
1811
1815
1814
1820
1807
1806
1806
1672
1607
1561
1560
1558
1657
1560
1656
2053
1918
2070
1980
2114
2098
2100
2100
1771
1812
1770
1750
1746
1744
1666
1666
1665
1660
1659
2057
2078
2058
2057
2115
2113
2114
2116
2098
2096
1776
1771
1770
1743
1746
1669
1668
1663
1647
1647
1659
2076
2077
2071
2066
2117
2112
2125
2097
1763
1763
1779
1766
1754
1676
1676
1679
1651
1649
1650
2073
2078
2078
2064
2123
2125
2123
2130
2129
2130
2130
2128
1779
1781
1682
1684
1683
1679
1652
1651
1650
1752
226
63
61
1126
1125
1124
1124
1124
1158
1183
1160
1161
1184
1185
1170
1169
62
69
71
226
70
200
196
1126
1138
1141
1159
1161
1185
1190
1165
1165
63
59
71
68
68
228
180
182
182
1133
1133
1148
1187
1189
1190
3
2
3
22
37
33
201
186
181
182
1136
1156
955
1188
1165
21
28
29
31
34
187
187
179
182
1135
1154
956
967
956
1020
1016
1021
27
26
28
154
152
150
239
236
235
244
957
953
956
1020
1022
25
26
20
121
154
152
138
238
239
240
235
244
960
967
965
931
1015
1015
25
119
140
139
240
233
245
961
939
932
931
1045
24
121
141
141
256
256
253
959
943
941
941
1031
1044
1045
1914
1915
1998
1999
1996
2003
1799
259
254
959
1597
940
943
1603
945
1585
1007
1911
1909
1915
1999
2003
2003
1800
1800
1796
1822
1599
1601
1600
1602
1571
1587
1587
1910
1911
2001
2002
1800
1797
1794
1833
1600
1592
1595
1572
1580
1584
1930
1910
1927
2005
1928
2011
2011
2012
2011
1789
1787
1790
1809
1792
1592
1596
1594
1567
1553
1930
1931
1936
1984
1982
1988
1991
1991
1816
1790
1809
1805
1802
1593
1563
1596
1567
1553
1553
1935
1935
1983
1982
1990
1820
1819
1817
1807
1805
1593
1673
1565
1561
1551
1551
2058
1934
2113
2100
2099
1774
1818
1820
1805
1745
1669
1668
1664
1662
2061
2061
2069
2065
2114
2097
2092
2100
1775
1775
1771
1743
1669
1667
1665
1665
1664
1648
2059
2112
2111
2125
2096
1776
1781
1780
1778
1753
1682
1675
1646
1654
1654
1649
2059
2056
2066
2064
2127
1772
1781
1781
1752
1684
1684
1678
1654
1652
1650
2124
59
57
224
194
1182
1170
62
198
1161
1187
69
68
68
201
1155
184
181
1136
1156
1190
1163
22
153
186
1136
955
956
1020
37
178
1134
1020
1019
26
24
138
238
233
932
964
953
1015
117
140
139
136
240
252
252
958
930
1013
1014
1916
24
1997
137
254
943
1916
1997
255
942
1587
1007
1913
1995
2002
1799
1794
1600
1601
1600
1906
2005
2012
2001
2004
1788
1789
1795
1595
1589
1931
1803
1792
1801
1802
1594
1568
1568
1584
1983
1785
1785
1809
1568
1552
1936
1989
1988
1819
1804
1673
1566
2060
1983
2093
1820
1744
1672
1565
1665
2053
2061
2111
2092
1775
1778
1681
1674
1664
1662
2061
2095
2127
1778
1680
1679
2066
2094
1684
1655
63
1156
1159
1181
1138
29
33
201
1186
966
963
954
26
20
237
138
1015
257
1007
1586
2006
1585
2006
1913
1783
1795
1588
1790
1588
1984
1553
1564
1933
1785
1674
1673
1681
1662
2125
2126
1157
1181
1140
1183
22
67
1164
1133
1018
236
35
237
954
117
964
930
1013
1996
1799
1794
1583
2011
1985
1568
1564
1933
1785
1803
1989
1818
1661
2093
1773
1773
2063
1775
1772
1670
1679
1650
58
1160
200
1156
1155
1187
21
1135
234
1018
153
963
1011
24
135
253
233
959
255
1798
1793
1792
1790
1817
1934
1805
2095
1671
1662
2065
1778
1683
57
200
1138
1138
1182
201
181
37
1012
23
138
252
1011
933
1913
1916
255
1598
1591
1583
1913
2000
1788
1929
1989
1987
1929
1983
1989
1673
2062
2056
2056
2127
1781
1680
58
199
1518
1518
1167
73
73
1532
1510
37
1153
1153
1012
135
117
136
2013
1014
2013
1598
2014
2014
1598
1591
1783
1589
1791
1801
1009
1784
1566
1653
1671
2054
2054
2062
1670
1653
2063
2094
1008
1010
1518
1152
1167
1166
1510
1510
36
1152
36
2441
1009
2441
2442
251
1590
2442
2444
1010
2444
508
1590
1508
2054
1508
407
1509
388
