4096
752
1299
1571
1575
1571
727
723
755
612
1742
1730
722
745
765
613
610
631
630
1286
1584
1585
733
737
747
591
1285
1591
1755
1759
1758
711
739
603
1283
1485
1477
1478
706
779
742
585
587
607
1319
1481
1479
1473
777
779
586
1420
1482
1533
1472
799
798
795
794
772
933
931
910
594
1431
1423
1413
1528
1535
797
773
929
905
1394
1395
1431
1415
1412
1529
802
949
950
947
931
907
1399
1393
3505
3106
3199
803
3071
3515
3505
3509
3183
3180
3181
3069
2710
3514
3119
3115
3181
2702
3498
3491
3489
3114
3174
3173
3170
3023
3027
2703
2707
3583
3499
3557
3113
2916
2917
3063
3026
2766
2765
2767
2767
3581
3582
3553
3249
3257
2919
2919
2942
2943
2773
2763
2761
3571
3569
3255
2935
2669
3383
3382
3219
3203
2915
2666
2667
2630
2671
2671
2686
2687
3338
3333
3387
3389
3229
2833
2685
3342
3387
3390
3221
3221
3230
3231
3201
2836
2629
2626
2627
2675
2674
1311
1307
1309
1298
1306
1297
1579
1569
1572
1573
1575
1743
1735
1733
1732
727
727
753
753
759
765
765
763
615
609
611
611
1305
1301
1301
1569
1585
1588
1571
1731
1732
721
722
729
728
755
757
752
767
613
612
609
630
1307
1287
1292
1303
1584
1589
1743
1753
1755
1729
1730
731
707
728
731
735
736
751
747
589
590
590
631
627
1286
1282
1285
1313
1587
1591
1753
1755
1758
713
709
708
736
737
741
748
585
591
605
1281
1283
1317
1316
1312
1315
1469
1487
1479
1475
1757
705
1475
706
743
586
587
601
603
606
1323
1321
1437
1485
1436
1483
1481
1477
1472
787
786
789
783
777
780
779
743
932
601
603
606
607
595
1323
1321
1327
1439
1439
1436
1483
1533
1473
798
793
788
791
775
773
938
929
940
909
911
911
904
1403
1402
1429
1435
1421
1421
1531
1525
1535
797
799
794
795
939
937
943
931
910
898
904
1396
1397
1395
1431
1429
1410
1423
1412
1531
1529
1528
813
815
801
803
807
805
951
946
953
945
899
903
901
905
1397
1399
1415
1413
3107
1523
3178
3183
3196
3199
3068
806
949
951
950
946
947
3018
901
907
2711
3513
3518
3505
3510
3511
3509
3119
3111
3108
3105
3107
3179
3177
3180
3071
3065
3068
3069
3064
3021
3019
3017
3015
3018
2695
2705
2711
3519
3514
3515
3490
3511
3116
3115
3179
3175
3171
3171
3067
3058
3059
3063
3022
3021
3019
3023
2701
2705
2706
2706
3497
3503
3501
3489
3117
3129
3115
3175
3173
3057
3058
3059
3029
3028
2701
2703
2702
2755
2707
2719
3499
3579
3557
3559
3131
3131
3259
3174
3169
3170
2917
3041
3029
3025
2775
2755
2766
2763
2765
3578
3577
3582
3555
3565
3555
3557
3559
3255
3251
3263
3258
2916
2938
2941
2943
2774
2763
3570
3583
3581
3555
3553
3251
3253
3257
3258
3261
2915
2915
2913
2913
2932
2942
2665
2666
2669
2671
2685
2761
2681
3571
3333
3335
3381
3382
3383
3218
3217
3252
3263
3204
2922
3207
2931
2913
2933
2933
2932
2669
2687
2683
3333
3341
3379
3377
3379
3389
3219
3229
3203
3207
2835
2839
2935
2629
2631
2631
2667
2625
2663
2686
2677
3339
3343
3343
3385
3385
3389
3391
3391
3227
3231
3230
2833
2837
2837
2638
2627
2674
2675
2679
2676
2676
2677
3341
1577
761
1310
1310
1299
1579
1577
1573
1739
1737
1735
1786
1733
1787
725
724
758
758
763
767
615
616
610
629
1309
1290
1306
1298
1302
1598
1595
1589
1599
1572
1597
1743
1741
1741
1731
723
725
729
757
759
761
749
621
638
625
624
1289
1295
1303
1587
1599
1588
1745
1742
1750
714
715
715
714
717
711
716
735
667
745
749
578
624
625
1287
1291
1295
1293
1341
1293
1471
1751
1759
713
707
708
733
751
583
589
577
596
627
635
1282
1316
1317
1313
1315
1315
1470
1469
1487
1495
1478
1749
786
781
783
739
742
741
580
581
599
605
1323
1319
1437
1467
1498
1482
1493
1489
1490
788
781
771
935
932
594
593
1401
1326
1433
1466
1527
1524
785
789
770
939
769
938
941
933
923
1403
1404
1402
1435
1429
1433
1435
1411
1419
1420
1527
814
809
826
772
775
831
941
943
926
956
897
899
909
918
1396
1394
1427
1425
1411
1418
1417
1418
1521
1522
1522
813
814
815
802
806
827
829
955
952
897
898
913
1386
3507
1409
3109
3106
1523
3197
3193
807
805
3064
829
952
2694
903
2691
3477
3517
3507
3510
3111
3109
3108
3191
3197
3195
3067
3065
3061
3060
3013
3009
3009
3011
2689
2693
2705
3519
3518
3485
3503
3493
3117
3116
3189
3178
3186
3054
3041
3060
3013
3039
3011
2695
2699
2715
2710
3503
3483
3485
3501
3490
3495
3491
3494
3124
3133
3131
3153
3051
3050
3043
3036
3037
3027
2779
2699
2718
2717
3498
3578
3564
3559
3129
3165
3169
3157
3049
3043
2939
3028
3026
2778
2755
2719
3579
3563
3561
3135
3249
3247
3243
3157
3261
2937
2939
2941
2779
2770
2771
2769
2753
3573
3575
3533
3569
3562
3562
3255
3251
3253
3259
3263
3261
2923
2922
2927
2930
2938
2929
2775
2773
2659
2753
2756
3575
3331
3329
3331
3377
3373
3375
3218
3246
3205
3205
2841
2926
2930
2827
2630
2658
2661
2680
2680
2681
3335
3329
3370
3223
3225
3203
3204
2835
2835
2825
2826
2825
2635
2633
2662
2662
2683
3338
3339
3335
3337
3342
3346
3379
3385
3387
3390
3371
3223
3227
3225
3201
2845
2836
2845
2637
2839
2639
2632
2639
2635
2626
2651
2663
2673
2679
2638
2650
2649
1613
1582
763
1311
1615
1613
1613
1579
1583
1581
1583
1559
1737
1770
1761
1785
1791
1789
643
642
641
685
767
623
619
623
617
617
619
629
1615
1610
1581
1593
1557
1739
1763
1763
1786
1790
1790
1789
645
644
685
621
616
639
1291
1290
1292
1619
1593
1565
1598
1597
1746
1747
1764
719
716
663
709
647
748
694
579
695
579
637
638
634
1289
1329
1342
1331
1331
1470
1567
1745
1747
1751
1750
719
717
671
665
701
689
703
577
578
633
635
1341
1331
1335
1471
1495
1495
1491
1749
852
668
855
700
703
583
597
597
563
1337
1339
1333
1465
1466
1499
1493
1491
787
859
780
770
843
840
1010
1011
935
581
596
599
595
1338
1407
1325
1326
1327
1463
1467
1460
1498
1499
1493
1489
857
791
856
771
927
925
922
922
1382
1405
1407
1427
1454
1455
1509
1527
1521
811
1519
810
825
827
831
940
957
927
926
914
917
919
1405
1404
1379
1425
1410
1453
1419
1505
1507
1525
1515
811
809
826
829
953
957
915
915
919
1387
1389
1385
1427
1386
3091
3092
3095
3190
3196
3195
816
819
817
822
3015
2996
959
2731
2731
2743
2739
3479
3479
3507
3090
3095
3189
3190
3187
3195
3193
2961
3045
3061
3013
3015
3011
2731
2735
2690
2691
2709
3477
3485
3494
3493
3125
3166
3155
3186
3053
3055
3055
3047
3046
3003
3039
3009
2723
2694
2690
2714
2713
3482
3481
3127
3123
3133
3121
3167
3165
3053
3155
3054
3050
3051
3045
3037
3036
3033
2777
2699
2714
2717
3529
3495
3546
3564
3125
3122
3134
3163
3155
2921
3043
3031
3035
2778
2771
2759
2757
3531
3534
3573
3530
3565
3281
3135
3242
3243
3234
2923
3157
2885
2887
2881
3033
2780
2781
2770
2759
2757
3535
3533
3573
3567
3567
3563
3561
3283
3245
3246
3247
3241
2925
2926
2887
2883
2774
2642
2619
3331
3350
3360
3375
3373
3375
3283
3215
2925
2840
2927
2931
2882
2884
2641
2643
2658
2657
3356
3349
3347
3347
3369
3283
3223
3213
3209
3214
2840
2841
2828
2831
2827
2643
2650
2642
2661
2613
3359
3357
3353
3346
3370
3307
3227
3305
3208
3208
2845
2847
2847
2818
2637
2632
2654
2633
2655
2653
2651
2610
2615
2612
3371
2615
1602
1615
1609
1611
1638
1582
1556
1556
1559
1769
1781
1787
1783
1783
1783
650
643
642
677
679
679
527
525
526
539
1605
1611
1595
1617
1610
1564
1771
1770
1771
1761
1767
1777
1779
1791
649
653
644
655
647
693
526
535
634
1622
1623
1618
1564
1562
1561
1563
1775
1765
1763
663
663
645
667
659
654
691
695
693
554
533
639
529
1343
1343
1621
1549
1545
1565
1746
1765
661
669
665
671
689
699
546
531
531
1342
1337
1334
1333
1329
1334
1545
1567
1719
1717
1674
1718
1679
669
668
667
845
845
701
1009
703
580
547
545
565
562
1339
1348
1337
1349
1335
1461
1461
1457
1718
1503
1490
1675
853
853
856
841
843
1011
1009
1013
1018
1019
1023
561
563
1383
1351
1347
1460
1463
1458
1455
1511
1501
863
861
859
857
839
841
840
994
1010
1022
1021
1022
921
1383
1379
1441
1454
1451
1510
1509
862
831
995
993
1023
923
918
1381
1379
1441
1442
1443
1449
1507
1509
1518
1514
869
817
816
823
821
955
1021
956
914
917
913
1388
1388
1387
1441
3089
3093
1505
1513
1514
1515
866
819
823
821
822
2995
2994
959
2997
969
975
974
2742
3479
3473
3471
3459
3090
3091
3093
3185
3191
3187
2973
2960
2960
2961
3000
3006
2999
2997
2733
2732
2737
2739
3475
3475
3463
3458
3085
3087
3097
3146
3167
3147
2975
3046
3001
2999
2720
2735
2726
2721
2737
2725
2751
3483
3487
3463
3487
3487
3086
3124
3079
3122
3123
3166
3153
2958
3047
2957
3001
3035
2723
2727
2727
2749
2739
2715
3523
3547
3531
3549
3127
3121
3161
3163
3161
3159
3158
2905
2959
2955
3031
3035
3033
2783
2697
2815
2697
2717
2798
3529
3546
3548
3235
3239
3237
2907
2907
2887
2885
2891
2881
2781
2783
2803
2801
2756
2803
3535
3534
3545
3351
3361
3281
3293
3242
3233
3236
3236
2905
2897
2898
2899
2882
2883
2890
2780
2647
2617
2618
2618
3426
3351
3349
3350
3363
3287
3284
3267
3213
3214
2897
2899
2889
2645
2641
2646
2659
2621
2623
2617
2619
3427
3353
3345
3361
3365
3306
3305
3302
3215
3211
2843
2855
2829
2829
2831
2645
2646
2611
2609
2613
3357
3356
3355
3355
3365
3367
3310
3307
3209
3301
3211
2843
2847
2828
2819
2655
2654
2587
2610
2615
3367
1637
537
1603
1601
1639
1609
1639
1645
1557
1769
1931
1930
1929
1772
1958
1959
1781
1777
1965
651
651
679
515
519
527
525
523
521
539
1605
1605
1603
1642
1641
1555
1554
1773
1931
1779
650
653
654
655
677
675
677
517
523
535
537
1623
1628
1617
1643
1553
1563
1554
1561
1775
1773
1772
1767
661
658
657
691
691
694
558
533
529
1622
1361
1619
1365
1631
1550
1551
1549
1562
1547
1719
1715
1764
1666
1667
1779
1670
659
689
683
697
559
555
545
1363
1362
1362
1366
1551
1547
1721
1673
1675
852
855
681
847
699
547
551
546
565
565
1351
1345
1367
1459
1457
1721
1674
1677
1676
851
850
849
847
847
1003
1013
1005
1017
549
1019
1349
1348
1345
1445
1503
1503
1501
861
862
863
833
837
995
1002
997
996
1004
1018
987
986
562
1382
1347
1445
1447
1451
1449
1451
1510
1517
1519
838
889
871
838
837
999
996
966
965
974
990
985
991
1389
1377
1447
1447
1443
1511
1517
869
887
882
994
883
881
971
973
975
989
991
1391
3469
1442
1195
3092
1202
3102
1518
867
865
886
3005
883
3007
2993
2994
989
2741
3467
3468
3458
3081
3101
3103
3103
3146
3145
867
2963
2967
3007
3006
2995
2996
2979
2732
2733
2745
2742
2743
3473
3465
3471
3461
3459
3086
3085
3083
3097
3102
3097
3149
3151
2975
2973
2963
3000
3003
2977
2725
2747
2750
3475
3482
3463
3082
3087
3075
3151
3159
2959
2958
2954
2991
2989
2721
2720
2726
2794
2750
2795
2799
3521
3551
3079
3079
3134
3141
3163
3137
2950
2957
2909
2953
2991
2812
2801
2799
2793
3521
3525
3547
3548
3551
3295
3292
3292
3235
3143
3239
2905
2907
2890
2989
2813
2815
2803
2797
2798
3527
3429
3431
3549
3403
3401
3401
3291
3295
3285
3285
3293
3234
3237
2903
2900
2891
2895
2647
2574
2575
2621
2623
3428
3425
3427
3403
3360
3395
3284
3275
3266
3267
2857
2898
2858
2821
2901
2577
2561
2561
2621
2623
3438
3426
3439
3421
3363
3309
3311
3303
3303
3302
3301
2859
2855
2861
2820
2591
2591
2585
2580
2611
3359
3437
3439
3438
3355
3417
3367
3419
3365
3311
3310
3299
3298
3297
2855
2851
2853
2849
2850
2817
2818
2591
2587
2585
2593
2593
2595
2819
1602
1607
1635
1638
1637
1633
1647
1645
1923
1933
1934
1930
1957
1959
395
394
399
673
514
515
514
518
513
523
541
521
236
1629
1607
1634
1643
1642
1645
1935
1925
1925
1927
1935
1957
1958
393
674
673
674
517
518
535
543
543
1626
1629
1628
1650
1641
1555
1647
1714
1926
1963
1669
1671
661
435
434
675
687
557
519
533
542
543
1375
1627
1631
1550
1537
1547
1713
1714
1665
1667
1671
1670
434
658
683
680
441
697
558
554
555
531
571
1363
1365
1361
1367
1543
1542
1538
1723
1717
1727
1724
1715
1679
1666
1676
850
845
447
680
681
559
550
575
574
567
1372
1365
1357
1366
1541
1541
1721
1725
1725
1683
1677
851
835
835
423
1001
1001
1002
550
551
573
567
567
1358
1347
1359
1121
1459
1458
1159
1205
1687
1681
891
839
835
833
1003
1007
1004
977
976
986
1355
1353
1359
1143
1141
1123
1157
1207
1197
1197
871
891
895
895
895
997
965
967
965
987
982
1354
1377
1147
1194
1193
1203
1206
1210
1206
1207
875
865
875
885
882
999
971
960
963
967
1391
3468
1145
1147
1145
3783
1194
3786
1202
1214
1213
866
879
878
878
877
886
887
3005
2979
969
2088
990
3466
3645
3469
3457
3081
3787
3101
1215
3147
2969
2971
879
2965
2966
2982
2747
2095
3466
3467
3465
3647
3461
3083
3789
3787
3148
3815
2970
2970
2971
2965
2966
2983
2979
2981
2983
2977
2805
2745
2749
2747
2751
3461
3540
3539
3074
3073
3149
3151
2949
2951
2947
2954
2991
2977
2807
2795
2794
3523
3543
3537
3538
3538
3077
3077
3074
3142
3137
3139
2951
2950
2955
2987
2813
2811
2790
3526
3525
3537
3289
3273
3142
2875
2911
2911
2985
2893
2894
2812
2809
2785
2787
3428
3526
3405
3401
3399
3406
3291
3289
3275
3279
3265
3271
3233
2874
2901
2900
2893
2895
2573
2808
2808
2575
2566
2565
3429
3431
3434
3403
3407
3393
3397
3287
3276
3275
3315
3270
2859
2863
2903
2860
2574
2573
2569
2563
2567
2567
2563
3435
3433
3423
3420
3393
3327
3298
3314
3266
2867
2858
2860
2857
2821
2823
2589
2589
2587
2583
2581
2595
2595
3433
3433
3416
3416
3417
3419
3309
3321
3319
3317
3299
2866
2849
2853
2851
2823
2823
2589
2579
2581
2598
2599
3316
1633
1955
1660
1663
1635
1951
1951
1921
1947
1934
1933
1953
1967
1965
395
398
397
178
179
177
225
227
235
237
239
1607
1658
1659
1657
1659
1647
1921
1923
1943
1926
1957
1967
394
398
179
441
183
185
541
227
233
232
237
1625
1627
1626
1654
1655
1925
1927
1962
1962
1669
387
439
435
439
181
441
187
186
185
235
543
247
1654
1651
1649
1651
1539
1537
1539
1723
1703
1692
419
439
445
183
186
553
1373
1370
1650
1542
1538
1710
1723
1701
1684
1685
1693
422
421
422
447
274
687
571
573
574
569
1373
1372
1371
1369
1127
1543
1711
1727
1707
1724
1685
1699
1682
1681
313
277
275
273
273
1005
61
549
575
1358
1357
1126
1143
1122
1158
1158
1687
1683
319
310
279
1007
58
966
979
1354
1355
1093
1141
1143
1122
1159
1157
1205
1185
875
889
891
315
306
961
961
979
976
981
983
983
1092
1353
1093
1139
1195
1199
1203
1209
1211
873
893
893
307
269
960
963
982
981
3598
3594
3595
1147
3599
3781
3779
1199
3778
1211
1215
1214
1213
872
877
893
2237
307
2239
2110
2089
2089
2091
2093
2094
3646
3597
3639
3599
3601
3782
3782
3781
3786
3785
3785
3814
3814
2554
877
2969
2229
2238
2238
2105
2109
2088
2111
2082
2094
2095
3646
3645
3637
3783
3785
3837
3811
2231
2967
2227
2233
2981
2107
2081
3643
3647
3621
3637
3539
3801
3789
3839
3815
3809
3809
2949
2945
2507
2226
2947
2982
2209
2987
2806
2106
2806
2807
2791
3523
3623
3622
3541
3541
3077
3075
3839
3833
3139
2945
2947
2505
2985
2987
2085
2805
2789
2791
2789
3617
3543
3540
3398
3398
3965
3277
3967
3143
3989
3991
3141
3139
2873
2909
2526
2527
2519
2811
2784
2784
2785
3527
3405
3407
3399
3291
3397
3277
3273
3276
3269
3270
3269
2874
2543
2533
2525
2527
2517
2517
2571
2809
2566
3449
3451
3395
3324
3325
3271
2875
2865
2541
2540
2523
2522
2568
2568
2569
2563
2606
3455
3454
3422
3435
3421
3327
3313
3315
2867
2863
2461
2412
2415
2578
2580
2565
2605
3434
3441
3423
3415
3413
3411
3410
3321
3317
3314
2871
2869
2853
2861
2462
2463
2413
2411
2413
2421
2579
2583
2597
2599
3441
3319
2598
1964
390
1661
1661
1663
1919
1949
1948
1946
1941
1946
1953
1955
1978
1967
391
384
399
178
162
170
225
239
229
227
236
1653
1660
1658
1918
1948
1947
1940
1943
1961
1975
1963
1981
411
385
387
385
181
443
181
228
232
1857
1654
1913
1912
1937
1939
1969
1971
1975
407
405
384
437
437
183
189
189
191
187
254
243
246
1859
1860
1869
1900
1901
1903
1702
1971
1702
1973
1695
406
445
421
418
447
443
52
190
253
255
53
255
245
1375
1868
1867
1866
1898
1705
1709
1703
1701
1697
1699
1693
1692
423
426
445
49
55
569
571
45
1371
1370
1103
1125
1711
1710
1705
1707
1684
1689
1688
1691
418
317
276
275
276
55
50
63
60
39
569
1089
1090
1126
1121
1125
1123
1135
1155
1179
1177
1691
318
313
277
279
274
59
264
57
59
977
46
1091
1089
1091
1138
1138
1134
1164
1153
1155
1171
315
311
309
283
271
34
77
1095
1095
1139
1149
1165
1162
1199
1184
1187
311
291
293
306
303
301
271
75
73
3593
3598
3603
3777
1163
1163
1201
1209
1210
1187
1184
1190
873
289
300
2239
2099
2098
2111
2091
2101
2093
3594
3603
3601
3778
3779
3819
3817
3819
2555
2230
2229
2237
2097
2109
2110
2087
2087
3643
3635
3639
3803
3837
3803
3825
3811
3820
2553
2557
2555
2559
2230
2225
2234
2106
2105
2107
2083
2083
2082
2081
3641
3639
3629
3637
3634
3803
3805
3834
3835
3811
2551
2559
2507
2507
2226
2085
2143
2141
2121
3621
3622
3801
3966
3966
3835
3833
3991
2549
2550
2531
2505
2515
2223
2139
2140
2143
2140
2790
2141
3618
3623
3619
3619
3450
3958
3959
3967
3989
3985
3984
2535
2533
2535
2509
2511
2513
2513
2519
2138
2137
2517
2138
2135
2130
3453
3449
3892
3957
3965
3942
3943
4082
2540
2533
2511
2526
2427
2426
2571
2310
2787
3453
3455
3451
3406
3397
3941
3325
3279
3941
4087
4085
2543
2539
2541
2522
2523
2519
2425
2426
2309
2607
2305
3447
3446
3445
3414
3414
3409
3883
3321
3949
3324
4086
4086
2538
2868
2463
2459
2462
2461
2412
2415
2431
2578
2607
2606
3443
3443
3413
3415
3410
3411
3323
3323
3323
3318
4071
2866
4069
2871
2868
2869
2456
2457
2408
2409
2411
2417
2422
2423
2603
2423
2602
2601
2602
2603
2605
389
231
1863
1907
1909
1917
1918
1949
1940
1941
1977
1979
1979
1983
391
390
163
173
161
175
170
172
228
229
231
207
205
1908
1906
1915
1919
1937
1939
1977
1980
1980
1981
409
410
410
481
162
171
167
171
253
242
233
241
1861
1905
1915
1912
1913
1901
1939
1975
1974
406
403
411
402
409
437
415
443
165
164
254
246
242
1861
1868
1860
1871
1892
1899
1900
1891
2012
1969
1973
407
405
429
191
189
53
52
251
243
247
1857
1859
1859
1865
1869
1867
1897
1899
1903
1697
1699
1695
419
427
425
427
428
431
51
61
60
41
43
1101
1109
1127
1108
1866
1133
1898
1133
1083
1707
1697
1175
1688
1689
1173
318
287
281
49
51
37
39
47
47
46
1103
1090
1128
1134
1129
1155
1179
1177
1181
1175
1169
319
315
317
285
283
267
281
58
35
39
79
77
1099
1097
1137
1151
1167
1165
1167
1183
1169
1189
295
310
298
299
269
258
265
265
33
78
78
77
66
1098
1095
1149
1164
1153
1183
1185
1190
1191
291
293
300
303
259
262
263
261
263
73
75
71
71
3595
3588
3604
1149
1162
1161
1191
1189
289
291
301
2098
2101
2056
2057
2061
3585
3584
3587
3584
3605
3603
3795
3777
3827
3826
3817
3819
3823
2191
2554
2186
2187
2235
2235
2099
2103
2102
2059
2063
2061
3585
3641
3641
3607
3633
3635
3794
3793
3831
3825
3821
3821
2557
2201
2231
2206
2211
2233
2102
2103
2125
2125
2123
3643
3625
3631
3634
3807
3805
3834
3829
3820
2549
2547
2559
2207
2227
2219
2217
2209
2210
2114
2115
2125
2119
2121
3624
3617
3627
3627
3631
3807
3807
3805
3962
3987
3984
2549
2550
2546
2551
2545
2529
2505
2503
2222
2222
2133
2129
3618
3629
3893
3957
3959
3955
3954
3963
3961
3985
3995
2545
2531
2509
2496
2501
2514
2515
2221
2395
2139
2134
2134
2131
2131
3899
3891
3893
3958
3963
3939
3943
3938
4083
3987
4081
2535
2537
2497
2500
2513
2394
2311
2307
2307
2307
3897
3898
3898
3895
3892
3882
3947
3946
3937
3942
4085
4083
4095
4082
2538
2539
2521
2402
2427
2430
2311
2310
2305
3454
3446
3900
3895
3887
3881
3883
3951
4067
4066
4087
4068
2449
2452
2459
2406
2403
2431
2309
2319
2330
2335
3443
3850
3447
3901
3885
3884
3949
3951
4065
4065
4071
4068
2451
2457
2456
2409
2422
2408
2417
2417
2421
2331
2329
1863
1911
1908
1911
1795
1945
2025
2033
2035
1983
389
508
487
163
172
175
195
206
205
1882
1883
1907
1909
1917
2027
2025
2031
2030
1978
2033
2035
413
413
483
167
173
169
250
207
203
1881
1893
1906
1895
1890
2022
2013
2021
2011
1975
401
402
415
480
164
165
249
250
202
216
1886
1893
2012
2013
2003
401
403
462
428
431
31
26
21
251
43
17
43
219
1874
1878
1873
1871
1877
1889
1890
2002
2001
2005
457
461
463
429
452
50
27
25
20
23
41
1111
1108
1131
1081
1083
1083
2015
1174
1175
417
1173
380
426
379
286
286
63
121
45
1111
1106
1109
1131
1129
1060
1061
1179
1239
1181
1175
1171
383
381
377
285
287
283
267
264
35
37
122
123
1103
1115
1117
1118
1128
1135
1063
1183
1181
295
297
299
257
257
34
261
91
65
79
67
1098
1099
1097
1119
1151
1066
1255
1259
1259
1274
1277
298
297
262
90
87
67
65
3589
3589
3588
3610
3615
3799
1253
1252
1259
1273
2189
293
2185
259
2074
2075
2057
69
2056
68
3605
3611
3609
3611
3793
3826
3727
3726
2191
2188
2188
2187
2234
2076
2073
2070
2059
3587
3610
3604
3687
3794
3795
3827
3828
3823
3725
3723
2203
2207
2205
2212
2211
2079
2071
2127
2126
2126
3624
3625
3675
3673
3797
3828
3829
3722
2557
2546
2203
2199
2206
2213
2223
2215
2113
2115
2127
2123
3661
3658
3675
3831
3994
3976
2547
2499
2219
2198
2217
2114
2117
2117
2118
3659
3657
3953
3954
3955
3962
3993
3995
3999
2497
2499
2500
2501
2221
2221
2393
2146
2135
2133
2129
3897
3889
3891
3889
3945
3946
3937
4093
4094
3977
2496
2503
2475
2394
2395
2317
2130
2315
2314
3903
3899
3891
3882
3873
3926
3938
3939
4094
4091
4089
4088
2469
2455
2466
2467
2407
2473
2401
2397
2318
2313
2314
3903
3851
3901
3900
3876
3887
3884
3947
3929
3931
3951
4066
4091
4079
4089
2451
2453
2453
2405
2407
2403
2391
2402
2429
2430
2323
2335
2332
2333
3850
3849
3855
3879
3885
3929
3931
4067
4069
4078
2452
2449
2451
2445
2405
2406
2419
2419
2419
2330
2331
4077
509
1801
1807
1803
1795
1797
1798
1845
2026
2027
2029
2039
2038
511
509
487
491
491
487
157
147
138
194
206
202
201
1793
1795
1849
1848
2029
2023
2030
2031
2041
2033
2035
507
485
480
157
139
195
193
203
1887
1882
1883
1851
1892
1793
1848
2023
2022
2009
1991
511
481
483
451
155
159
221
223
223
219
1885
1887
1886
1879
1895
1891
2021
1836
2010
2010
2009
2011
2007
2006
459
450
449
453
455
455
29
154
29
20
21
221
217
1875
1873
1879
1081
1086
2015
2002
2005
2006
458
457
463
453
31
27
25
23
16
16
17
19
19
1107
1039
1057
1081
1087
1236
1237
2003
1244
461
381
374
462
378
378
343
4
26
127
123
121
1114
1113
1119
1059
1059
1057
1061
1237
1235
369
369
380
377
379
337
342
342
2
36
92
125
122
1107
1114
1118
1067
1063
1060
1251
1239
1234
1233
1234
383
371
367
366
366
339
331
89
90
91
85
66
3614
3613
1254
1065
1250
1275
1275
1278
1274
1279
295
325
258
330
329
95
87
68
3591
3613
3775
1255
1252
1251
1253
3715
1273
3726
1277
3713
1278
1279
2181
2183
2182
334
2247
333
2077
2079
2075
2069
2053
69
3591
3614
3799
1254
3739
3725
3727
2189
2181
2186
2246
2245
2074
2077
2069
2063
3607
3681
3683
3685
3686
3686
3799
3751
3749
3738
3737
3738
3743
3741
3721
2201
2193
2245
2213
2247
2277
2071
2070
2170
2169
3663
3663
3683
3687
3673
3673
3749
3742
3722
3723
2203
2195
2197
2198
2212
2215
2279
2292
2117
2174
2171
3660
3659
3677
3675
4027
3994
4025
3982
3981
2529
2290
2147
2145
2119
2171
2151
3660
3661
3649
3658
3655
3654
3679
3918
3915
4027
3998
3997
3998
3997
3977
3983
3976
2483
2481
2480
2473
2291
2295
2147
2146
2159
3649
3653
3653
3917
3914
3913
4062
4061
4058
3999
3973
3979
3975
2480
2474
2475
2397
2399
2151
2341
2343
3861
3861
3875
3875
3875
3925
4093
4059
4095
3974
3975
2468
2471
2468
2467
2479
2477
2390
2318
2389
2317
2361
2315
2337
3877
3853
3877
3873
3876
3929
3927
4075
4091
2447
2466
2465
2445
2387
2389
2321
2319
2333
2326
2339
3851
3854
3854
3845
3879
3931
3935
3934
4033
4075
4078
4079
2455
2445
2443
2385
2385
2323
2321
2323
2325
2327
2332
3845
1799
495
1807
1793
1797
1799
1842
2047
2045
2047
2037
2039
508
505
504
507
494
147
147
137
197
196
199
1801
1803
1803
1821
1853
1854
1847
2018
2019
2047
2043
2037
503
485
489
489
154
157
138
209
194
199
1810
1819
1818
1851
1849
1855
2017
2019
2018
1990
2041
1990
502
485
475
159
155
159
214
217
1878
1818
1839
1999
1998
1994
1995
1991
450
451
477
15
209
13
211
216
1875
1874
1877
1037
1837
1079
1837
1997
1999
2007
458
459
478
452
5
118
1047
1033
1038
1038
1085
1074
1087
1245
373
375
375
341
7
3
3
124
117
113
1106
1046
1032
1033
1059
1069
1085
1071
1086
1236
1242
373
341
343
2
93
127
124
125
1115
1117
1067
1071
1227
1243
1269
1270
371
355
371
365
347
337
339
339
93
92
95
98
99
97
102
1105
3698
3700
1066
1222
1235
1266
1271
1269
1271
365
361
367
335
330
331
81
99
85
3711
3615
3701
1249
1250
1267
3713
2182
2253
335
334
83
2049
87
2052
3710
3683
3772
3773
3773
3739
3715
3718
2177
2178
2179
2183
2178
2246
2076
2067
2066
2065
2066
2052
2053
3709
3695
3681
3685
3747
3746
3742
3743
3717
2195
2195
2242
2242
2276
2067
2163
2169
2173
3691
3693
3694
3751
3694
3749
3746
3741
4025
4014
4013
2193
2197
2241
2243
2289
2277
2163
2175
2175
2174
2170
3704
3690
3678
3751
3919
4025
4027
4028
3983
3981
2483
2199
2291
2293
2292
2149
2155
3651
3654
3677
3655
3678
3919
3914
4019
4029
4031
3982
4007
3979
3969
3971
2485
2486
2487
2487
2290
2295
2149
2151
2157
2156
2159
3861
3651
3858
3917
3915
4063
4063
4057
3973
3971
3974
2481
2478
2486
2399
2362
2346
2343
2336
3859
3857
3863
3859
3927
3923
3926
3925
4062
4058
4047
2469
2471
2478
2477
2373
2390
2341
2359
2336
2337
3853
3855
3858
3847
3921
3923
4049
4050
4041
4041
2437
2447
2442
2391
2389
2366
2327
2353
2355
3842
3843
3845
3933
3934
3935
4035
4033
4039
4037
4039
4036
2447
2439
2387
2379
2378
2367
2326
2325
2354
2441
1841
1821
1798
497
504
505
497
494
495
140
145
145
141
143
196
197
1801
1845
1845
1847
1847
2043
2043
2037
499
501
149
148
143
134
213
215
1823
1817
1855
1853
1854
1831
1993
1989
1987
502
474
153
139
135
213
1815
1813
1811
1810
1834
1836
1830
1998
1985
1985
471
473
14
209
215
1815
1811
1039
1037
1839
1077
1231
1995
1989
468
479
4
478
14
10
119
119
1045
1053
1035
1078
1077
1078
1247
1229
1245
353
5
11
9
117
118
1046
1043
1035
1030
1069
1075
1074
1225
1243
1227
1244
374
355
351
349
1
101
103
1042
1031
1069
1221
1223
1242
357
365
345
337
322
97
1042
1029
1223
1071
1265
1267
1270
363
327
326
323
82
101
98
3698
3703
3775
3772
3769
3729
3731
1266
363
361
2255
325
327
2285
333
2051
109
3710
3711
3700
3771
3761
3733
3729
3719
2177
2179
2255
2248
2251
2287
2050
2050
2055
3709
3705
3745
3733
3719
3718
2269
2253
2243
2287
2276
2274
2173
2165
3705
3690
3691
3693
3695
3759
3757
3747
3755
4015
4015
4013
2263
2264
2241
2275
2275
2163
2167
3671
3669
3676
3757
3753
4018
4029
4031
4014
4011
2261
2493
2261
2303
2293
2299
2152
2153
2155
3665
3667
3679
3918
4028
3971
4003
4010
2485
2492
2302
2301
2299
2149
2156
2157
3863
3665
3907
4061
4007
4045
4005
3969
2495
2495
2375
2399
2349
2347
3863
3868
3906
3909
3905
4051
4049
4059
4046
4046
2489
2479
2368
2361
2363
2347
2346
2339
3842
3923
3921
4050
4051
4047
2438
2433
2435
2442
2381
2380
2363
2365
2358
2359
3841
3843
3847
3933
4039
4043
2438
2433
2443
2378
2380
2365
2358
2353
2354
4035
1821
1843
1842
2045
141
131
1823
2045
151
135
1819
1834
1829
1827
148
1994
1987
469
474
211
211
1813
1035
1827
471
477
15
115
1079
469
479
115
113
1047
1031
1073
1231
357
345
351
10
103
1030
1029
1221
1218
1227
1260
359
355
349
81
105
3699
1041
3765
1222
1263
326
3701
3769
1261
323
2055
109
3703
3763
3763
3731
2268
2249
2249
2251
3689
3757
3752
3752
3733
3735
3717
2265
2273
2283
3704
2263
2264
2257
2259
2279
2274
2283
2165
3759
4023
4023
2263
2296
2167
3667
4019
4023
4010
2259
2302
2152
3869
3907
4055
4005
2493
2375
2297
2345
3869
3871
3906
4053
4005
2491
2373
2369
2362
2349
3868
4055
4043
2434
2381
2366
3847
4053
2377
2357
1823
489
149
133
503
1809
1833
1831
13
353
351
7
1045
1027
1228
1225
102
1217
109
2049
3771
2051
3771
3707
3735
2271
2287
4009
2281
3755
2153
2303
3669
4007
2373
2369
2383
2357
4035
4037
493
131
499
140
1813
1829
214
501
115
1229
1025
1228
11
1027
347
322
83
3761
3731
2269
2164
3759
3753
2283
2297
3651
4003
2259
4017
4002
2351
4021
2491
2489
3911
4045
2437
2368
2367
2355
1805
145
1825
475
151
134
1815
468
1247
111
1025
349
107
1043
1219
1261
1241
359
1263
3729
2267
2265
4011
4001
3871
2492
3909
2371
2349
3909
2435
2379
1843
1826
1987
499
133
1830
1985
1051
107
1053
1075
357
105
321
3697
3699
1260
2248
2285
2164
3707
3763
3717
3671
4018
4020
3671
3667
4021
2301
3911
3865
3865
4043
2439
2383
1805
1826
4073
4073
131
1835
1835
305
3791
1051
467
467
107
1219
1027
1218
3765
105
3767
2271
3767
3767
2271
2285
3735
2281
2267
2257
433
4002
2296
2351
2374
3867
3867
4055
2371
2351
3911
4052
1014
1049
4073
465
129
129
3791
3791
1050
465
1050
2729
2879
2729
1150
359
2876
2879
1015
1055
3813
2877
1054
3099
3867
3099
1497
2878
1055
