1504
634
189
270
279
280
652
654
635
567
269
266
653
623
566
564
574
572
574
202
281
277
648
631
631
596
319
278
268
267
267
647
631
589
321
331
336
334
646
693
632
594
594
589
317
336
334
338
693
693
595
360
334
360
338
686
685
686
685
689
734
734
746
587
312
358
362
375
374
684
689
728
747
305
305
355
361
361
375
690
734
732
732
728
747
305
306
1066
1107
1115
690
1353
1058
1058
1066
1109
1115
1115
1350
1484
1059
1118
1118
1108
1459
1061
1059
1087
1088
1104
1106
1105
1339
1457
1460
1486
974
1057
1057
1085
1344
1343
1339
1457
1491
1489
1490
1486
973
973
966
1084
1084
1344
1404
1326
1326
1418
1491
1430
969
969
957
1405
1418
968
975
954
956
1400
1376
1419
1374
1419
1429
1429
1429
986
986
978
962
953
1399
1429
986
978
962
961
954
953
953
1399
1377
1378
1427
1412
1428
1423
190
192
190
189
192
188
270
270
280
271
279
264
264
264
654
654
652
636
634
636
634
627
626
566
568
567
574
192
189
189
281
281
278
280
266
266
653
653
650
651
635
635
635
565
568
573
568
574
192
202
202
202
281
278
269
269
268
265
266
655
655
650
647
650
633
623
593
564
596
572
573
572
321
321
319
319
278
278
269
268
267
655
647
648
633
631
593
598
595
596
588
322
322
320
317
319
318
333
335
335
339
339
646
339
647
632
595
595
589
589
588
320
320
332
331
332
335
336
336
339
684
698
698
695
695
695
739
595
735
592
587
588
587
587
314
311
312
311
326
358
359
374
338
684
685
693
689
739
695
739
735
735
746
748
746
748
307
311
312
356
360
360
375
372
374
683
686
690
686
738
737
731
728
746
751
748
307
307
307
355
355
356
362
362
362
375
374
683
683
690
692
692
691
733
731
729
733
751
750
750
747
306
306
355
361
1121
370
1109
1107
1115
1115
1353
691
732
733
732
731
731
1478
750
747
1483
1060
1072
1067
1067
1066
1068
1118
1068
1121
1121
1107
1108
1109
1114
1352
1352
1353
1348
1353
1350
1478
1350
1350
1478
1478
1484
1484
1060
1060
1058
1059
1068
1118
1117
1109
1105
1106
1106
1352
1343
1342
1340
1340
1341
1461
1341
1488
1488
1487
1484
1061
1058
1062
1059
1088
1088
1117
1104
1104
1343
1343
1340
1341
1341
1460
1488
1459
1489
1488
1486
1061
972
1087
1088
1088
1085
1083
1105
1105
1106
1344
1342
1339
1339
1457
1458
1491
1491
1490
974
974
973
963
964
963
966
968
968
1085
1081
1081
1325
1325
1326
1420
1458
1491
969
974
973
963
968
968
956
1084
1082
1082
1404
1406
1406
1406
1375
1326
1420
1420
1420
1418
1431
1431
1431
971
969
984
976
976
975
958
956
956
1082
1400
1406
1398
1405
1406
1375
1376
1375
1419
1431
1432
985
984
978
977
977
975
954
955
952
1400
1400
1377
1375
1374
1376
1412
1419
1412
1428
1429
1422
986
986
980
980
980
962
962
962
961
953
952
1399
1377
1378
1379
1427
1421
1423
1423
1423
1422
1423
986
270
626
190
190
188
272
271
271
259
259
258
639
654
638
637
637
636
636
627
566
568
568
568
574
191
210
191
191
188
281
281
277
271
280
263
260
263
260
266
653
652
651
624
625
627
565
565
573
571
571
210
209
204
276
277
278
263
269
266
657
656
656
657
656
651
649
650
630
623
623
573
569
570
322
210
209
204
323
204
276
268
265
657
646
649
633
632
598
598
598
590
570
569
322
322
318
318
326
326
333
333
333
335
339
339
698
698
694
633
632
593
595
597
592
588
320
317
332
333
330
333
330
338
337
697
694
739
736
736
592
591
314
314
357
332
372
372
684
685
694
739
738
738
736
735
745
314
308
312
313
357
357
357
356
360
360
359
683
681
688
689
739
687
737
730
743
743
749
749
748
741
306
305
309
356
363
363
363
363
371
371
370
683
682
682
692
691
687
687
733
730
751
751
742
309
1067
352
1120
1121
370
1113
1114
692
692
1351
691
729
1479
750
1483
1074
1074
1067
1068
1119
1119
1120
1113
1114
1114
1351
1352
1350
1348
1349
1349
1479
1479
1483
1480
1485
1060
1072
1074
1062
1064
1064
1117
1116
1108
1112
1356
1351
1348
1350
1345
1461
1461
1488
1485
1485
1061
1071
1071
1062
1057
1065
1087
1065
1086
1090
1116
1104
1355
1355
1340
1321
1461
1461
1461
1460
1488
1501
1061
1022
964
1088
1091
1083
1083
1096
1344
1323
1325
1321
1458
1458
1490
1487
972
965
967
1091
1085
1091
1083
1097
1097
1324
1325
1326
1467
1466
1491
1417
1490
970
971
1032
970
965
968
958
967
957
1084
1082
1081
1404
1409
1409
1407
1326
1384
1416
1418
1417
1430
1432
971
971
970
977
976
975
959
955
958
955
1398
1403
1406
1384
1384
1383
1417
1428
1432
1432
1432
982
983
979
961
955
951
1400
1401
1401
1381
1376
1381
1385
1413
1411
1428
1422
985
985
985
982
983
983
979
979
980
962
959
960
960
951
952
1401
1399
1401
1378
1378
1379
1374
1414
1380
1412
1413
1426
1425
1423
1379
1414
1421
198
272
626
191
197
198
197
188
272
272
274
274
260
259
259
639
643
643
638
637
625
627
565
582
583
582
583
583
583
571
210
198
273
200
275
260
260
258
639
639
642
638
643
651
627
581
583
571
210
209
204
199
199
201
277
262
262
263
254
657
655
649
649
624
624
622
598
605
564
581
571
571
210
203
208
203
203
201
261
262
262
249
249
656
648
629
630
628
630
622
597
597
570
590
322
327
327
329
329
329
337
250
697
629
703
628
605
597
604
602
601
324
323
328
350
330
330
345
337
696
697
694
708
703
703
705
709
736
590
592
591
591
323
316
313
324
328
313
350
351
343
343
344
344
696
689
703
705
745
745
745
744
315
315
315
313
354
358
369
372
371
682
364
682
688
688
706
738
730
745
745
740
741
741
308
310
309
352
353
353
363
368
369
371
365
672
681
674
671
729
730
740
740
742
310
310
310
352
309
1047
1120
1120
1113
1111
1111
673
674
674
674
1346
1479
729
1476
1482
1481
1481
1073
1074
1063
1063
1119
1127
1126
1112
1112
1111
1360
1351
1346
1347
1347
1479
1477
1480
1482
1482
1485
1074
1071
1065
1064
1119
1127
1110
1112
1356
1354
1354
1354
1347
1347
1465
1477
1477
1474
1480
1503
1498
1071
1070
1064
1089
1116
1090
1116
1103
1356
1110
1356
1355
1355
1354
1345
1345
1465
1466
1502
1502
1500
1031
1065
1024
964
1086
1090
1091
1102
1101
1323
1318
1322
1467
1466
1501
1500
1500
1032
1032
1024
1031
964
967
1091
1095
1095
1097
1409
1096
1323
1322
1324
1321
1467
1466
1417
1438
1438
1033
1032
970
965
1027
965
967
944
943
943
1095
1097
1409
1409
1323
1383
1417
1416
1438
981
977
991
976
959
944
944
1403
1409
1402
1408
1407
1385
1384
1383
1410
1416
1432
1013
981
983
977
959
944
959
945
952
1403
1402
1402
1381
1382
1385
1385
1411
1410
1425
1425
982
982
983
996
979
960
951
946
951
945
1388
1388
1387
1382
1379
1382
1413
1414
1414
1413
1426
1426
1425
1424
960
1426
195
197
196
198
221
273
273
274
275
236
235
638
644
644
645
618
618
621
621
627
619
582
584
583
578
195
197
200
200
196
200
261
236
236
254
254
254
641
644
616
617
618
617
624
620
582
580
578
208
206
200
226
257
261
257
255
252
253
641
642
616
630
614
616
612
622
606
606
577
580
580
208
207
208
201
226
256
252
249
641
614
614
614
612
607
602
580
579
325
325
205
328
203
284
346
256
246
248
250
246
250
648
629
630
707
704
628
708
605
603
604
604
599
601
325
325
324
325
328
328
351
349
347
345
344
251
701
701
702
704
708
709
709
715
603
603
718
601
600
316
316
328
351
351
351
351
345
345
696
678
700
702
677
702
707
705
705
718
710
718
744
316
315
354
350
354
368
366
679
670
712
712
718
744
741
289
288
287
290
354
353
368
369
366
366
678
672
673
670
669
706
724
724
740
742
742
289
289
289
353
1047
1045
368
365
365
365
661
673
671
669
671
1346
1473
724
1476
724
723
719
1481
1073
1073
1074
1078
1047
1047
1126
1126
1126
1112
1360
1362
1361
1358
1346
1468
1470
1477
1476
1476
1482
1481
1070
1070
1069
1063
1046
1050
1127
1124
1127
1122
1362
1361
1361
1470
1469
1475
1475
1475
1503
1503
1493
1070
1071
1077
1069
1065
1049
1049
1050
1089
1089
1102
1110
1362
1361
1318
1345
1465
1474
1502
1503
1499
1498
1503
1029
1023
1022
1024
1049
1090
1103
1102
1103
1101
1096
1328
1334
1320
1322
1320
1467
1465
1502
1462
1501
1499
1500
1031
1024
991
1092
1093
1094
1328
1328
1322
1320
1363
1363
1462
1464
1435
1434
1438
1434
1033
1033
1027
1027
991
991
1006
1092
1093
1094
1094
1328
1329
1408
1407
1364
1363
1364
1415
1415
1437
1437
1436
1033
1033
1025
1026
990
991
944
942
942
1403
1408
1408
1364
1370
1383
1410
1417
1436
1437
1436
1437
1013
1013
1014
997
997
948
948
950
945
947
1402
1391
1387
1382
1382
1370
1411
1454
1454
1424
1013
1015
1014
995
997
996
948
948
946
946
946
1388
1388
1387
1382
1380
1411
1450
1454
1424
996
220
578
193
195
212
196
220
217
275
244
245
245
245
236
235
238
238
644
645
645
618
621
586
586
585
586
584
584
575
194
195
195
221
221
275
244
244
245
642
645
616
617
617
621
620
621
586
576
576
578
195
207
213
222
222
257
257
257
255
255
254
254
641
615
615
620
612
606
607
577
579
207
207
206
205
227
228
228
228
228
225
256
248
253
247
247
642
640
615
611
613
607
609
607
602
207
207
205
227
228
286
346
251
250
701
699
613
708
612
607
608
604
599
600
304
284
284
349
347
347
251
90
251
701
701
699
704
704
707
709
715
603
608
716
325
303
282
283
345
345
344
700
680
680
702
677
712
713
712
715
715
717
717
717
601
303
303
290
290
351
340
348
367
366
364
678
680
679
670
677
712
710
725
722
717
721
720
720
289
296
290
291
341
367
366
679
672
670
712
711
669
723
724
723
721
721
289
1080
287
341
1045
367
1123
369
662
661
671
1359
671
1359
1473
1473
719
1494
1080
1080
1078
1078
1054
1124
1124
1123
1122
661
1360
1358
1358
1359
1473
1473
1472
1476
1475
1472
1493
1494
1075
1077
1080
1076
1039
1046
1046
1046
1052
1054
1124
1124
1123
1337
1337
1362
1359
1468
1470
1469
1492
1493
1077
1077
1076
1048
1050
1052
1101
1101
1334
1335
1320
1463
1463
1469
1469
1492
1496
1497
1497
1498
1022
1048
1049
1050
1102
1100
1103
1098
1333
1327
1327
1319
1319
1464
1499
1499
1496
1029
1029
1023
1023
1003
1005
1004
1004
1092
1099
1093
1327
1329
1366
1464
1464
1440
1435
1442
1434
1030
1028
1026
1027
1027
990
1005
1006
1005
1006
1005
943
1092
1094
1329
1329
1364
1366
1363
1433
1435
1435
1434
1028
1019
1033
1027
990
990
987
943
941
940
1391
1389
1391
1370
1365
1370
1435
1433
1456
1436
1015
1016
1014
1010
997
994
950
949
950
947
950
783
1391
1389
1370
1446
1449
1450
1456
1456
1016
1015
1015
1016
1014
1010
995
996
997
993
949
949
947
947
1390
1390
1391
1387
1386
1369
1369
1449
1449
1450
1453
1452
1452
1368
216
193
213
212
220
218
221
219
243
245
245
238
239
239
645
494
496
459
619
585
464
585
585
576
575
575
450
229
194
213
213
222
217
244
240
240
241
242
239
239
495
459
621
460
461
457
576
451
451
229
229
233
233
222
224
222
255
241
86
495
640
640
494
493
620
611
462
577
577
579
448
230
234
233
228
223
224
257
248
247
85
85
514
494
615
615
611
513
610
609
609
602
579
448
299
232
232
232
227
285
225
225
248
74
71
248
247
85
88
701
699
513
613
610
609
608
416
415
599
299
232
302
282
286
286
348
71
347
89
88
675
676
676
675
713
713
714
610
608
600
600
414
304
304
304
285
348
348
348
50
90
90
680
677
677
707
713
714
722
716
418
716
303
297
298
292
283
283
340
51
51
90
679
665
678
659
711
711
722
727
725
720
398
298
288
292
342
342
367
49
56
56
49
662
662
665
659
659
711
726
727
727
727
296
1080
291
291
342
1037
341
1056
49
57
56
661
662
658
660
662
658
659
1357
1472
727
1291
721
1079
1079
1039
1039
1039
1056
1054
57
1122
1338
1338
660
1336
1357
1471
1494
1290
1080
1075
1075
1044
1040
1040
1055
1054
1124
821
1337
1338
1338
1358
1357
1468
1472
1471
1270
1271
1273
1492
1493
1494
1497
1077
1040
1048
1052
1052
1100
1100
1337
1335
1335
1319
1463
1470
1492
1497
1496
1077
1000
1003
1002
1003
1050
1053
1099
1099
1100
1100
1333
1333
1335
1464
1464
1442
1496
1030
1030
1003
1008
1007
1098
793
1327
1330
1319
1366
1367
1441
1441
1443
1444
1028
1030
1026
1003
1008
989
1008
1006
1004
941
940
795
1093
1332
1331
1365
1366
1367
1440
1440
1441
1440
1442
1455
1020
1019
1021
1025
989
989
989
987
1004
941
940
941
794
1394
1394
1371
1446
1446
1447
1445
1455
1456
1439
1017
1019
1011
1010
994
987
783
780
783
783
1391
1393
1393
1371
1373
1369
1446
1450
1448
1453
1455
1453
1017
1017
1010
992
1011
994
993
994
949
780
782
783
1390
1390
1386
1368
1369
1449
1448
1448
1453
1452
993
214
237
215
216
212
219
219
219
243
242
242
237
239
495
496
496
459
459
461
464
455
456
451
450
450
216
213
211
213
211
219
217
243
242
241
239
121
498
497
460
460
462
461
457
457
446
449
451
231
229
230
230
211
95
241
87
121
83
495
494
513
493
460
458
462
463
457
447
448
448
230
223
234
233
224
223
225
74
75
83
514
516
512
463
463
417
301
300
234
286
64
64
74
75
72
88
82
514
516
515
513
544
610
416
415
415
414
301
301
301
302
285
285
64
71
71
72
72
72
89
90
562
562
544
545
543
714
419
418
415
304
299
282
283
69
67
50
90
89
675
563
545
714
420
725
414
297
297
294
294
292
69
67
51
51
53
663
676
665
663
548
726
726
397
397
398
398
398
298
298
297
292
342
340
51
55
55
665
664
659
548
547
726
397
398
398
296
1079
296
291
1035
1038
1038
47
1056
57
57
57
56
666
662
664
1265
546
1265
1279
1277
1289
1291
1291
1291
1044
1035
1042
1035
1034
1037
1038
1038
1055
1056
1056
821
821
820
666
1336
1267
1265
1265
1270
1271
1289
1277
1289
1290
1290
1044
1042
1040
1037
1056
1051
821
1268
1267
1264
1270
1264
1271
1289
1044
1044
1043
1041
1041
1036
1051
1053
812
811
811
1336
1336
1260
1263
1266
1269
1269
1273
1273
1272
1273
1283
1495
1000
1000
999
1041
998
1007
1053
1053
812
813
1335
1335
1257
1263
1269
1272
1273
1443
1495
1495
999
1000
1003
1002
1009
1009
1009
756
1099
796
756
793
793
1332
1331
1330
1215
1367
1439
1443
1444
1443
1030
1001
1002
988
1008
1009
755
1007
756
795
794
795
793
1332
1331
1214
1367
1215
1367
1439
1441
1444
1020
1021
988
988
752
795
794
794
1393
1394
1365
1371
1447
1447
1445
1445
1455
1020
1020
1021
1021
1011
780
779
783
781
1394
1373
1372
1198
1202
1447
1456
1138
1018
1018
1012
1012
1012
994
992
777
776
780
782
782
1396
1397
1396
1397
1372
1372
1372
1203
1448
1136
1451
1451
1018
780
1451
120
504
215
215
214
218
100
100
118
242
118
237
237
122
121
498
504
498
464
468
455
456
449
456
456
450
231
215
216
104
219
94
119
119
122
122
121
122
501
497
498
497
458
458
461
453
449
231
231
103
103
95
87
86
87
83
500
501
499
493
497
466
462
463
465
453
453
447
448
148
147
234
98
95
95
73
87
75
84
84
84
516
515
515
513
513
405
452
454
452
417
412
447
301
234
158
160
160
65
66
74
75
73
73
82
84
516
515
512
407
407
416
416
413
301
300
158
68
66
66
66
70
70
91
93
91
514
562
562
543
544
405
407
421
422
419
414
295
295
161
69
68
69
68
67
76
78
92
561
563
563
541
544
542
542
422
420
418
413
295
293
295
294
62
62
61
48
50
92
558
664
563
548
548
395
396
295
294
163
62
63
63
48
53
667
663
668
668
548
560
547
547
396
397
936
293
1035
1038
63
47
47
52
57
54
54
54
666
668
664
1265
1276
1279
1279
1286
1279
1290
936
926
1034
1038
1055
819
819
821
820
1268
1267
1265
1276
1278
1278
1287
1288
924
926
1034
1036
1051
900
805
812
821
820
817
1268
1268
1260
1266
1264
1270
1278
1275
1284
1288
1283
1288
923
1043
927
1041
927
1036
896
807
810
811
815
1262
1261
1257
1264
1272
1284
1283
1283
1043
1043
998
758
759
810
812
811
813
813
1261
1258
1257
1258
1159
1159
1159
1159
1495
1156
847
999
850
850
998
1002
1009
759
756
796
798
798
1331
797
1217
1214
1215
1214
1215
1158
1158
1213
1158
1153
1151
850
850
847
1001
759
756
761
798
1332
1217
1218
1214
1200
1200
1439
1153
1444
849
849
849
988
891
761
753
752
752
796
792
798
1392
1392
1373
1199
1199
1200
1199
1133
1134
1151
848
851
1018
1011
890
753
891
776
753
778
778
786
788
1393
1397
1395
1373
1395
1198
1199
1202
1133
1138
1138
1018
855
1012
890
890
777
777
777
776
779
779
782
786
781
785
1396
1396
1397
1209
1201
1209
1203
1202
1203
1136
1203
1137
1137
1137
1138
1138
503
445
151
151
99
100
101
100
118
118
128
128
128
120
503
504
467
468
468
469
469
469
455
445
444
443
443
104
102
104
104
94
119
119
120
500
126
501
503
504
502
466
466
466
469
453
440
446
440
148
147
104
103
103
98
95
119
86
500
500
501
501
501
499
502
511
466
465
454
447
442
148
147
147
146
98
98
97
98
96
73
83
508
508
511
466
454
405
406
454
452
411
145
145
145
143
160
160
160
97
65
81
70
82
82
505
508
506
505
511
406
406
419
412
412
144
144
160
161
159
68
65
66
60
79
80
78
80
91
93
93
553
543
540
407
421
422
413
419
413
154
154
58
60
58
59
79
77
78
78
93
92
561
561
554
563
542
554
542
422
422
388
388
154
153
163
162
61
61
59
76
78
53
558
563
560
560
547
550
542
551
542
394
395
392
388
152
163
62
48
48
52
53
54
667
667
667
559
559
549
551
549
551
549
395
391
391
390
935
936
937
162
63
8
54
1254
668
668
546
1279
1279
1287
1286
1287
935
936
924
936
937
937
898
900
806
804
819
806
819
1254
1251
1255
1247
1247
1276
1276
1275
1278
1282
1288
1288
924
923
924
922
926
926
900
900
805
806
812
817
817
1251
1267
1246
1258
1276
1274
1285
1281
1280
1280
924
924
927
896
899
899
807
805
818
814
1262
1262
1262
1260
1259
1259
1258
1274
1284
1284
1282
1281
1282
925
846
846
925
927
896
897
758
823
823
815
815
814
815
1262
814
1261
1261
1221
1259
1272
1161
1162
846
879
886
885
885
895
757
759
758
798
842
840
1221
1221
1221
1213
1210
1213
1210
1210
1159
1159
1153
1155
1156
850
849
886
885
759
762
754
762
755
789
789
798
1217
1217
1216
1213
1157
1152
1152
1151
1151
850
856
851
853
851
891
892
761
761
755
792
792
791
791
788
1218
1218
1206
1200
1133
1134
1153
1135
848
851
852
853
890
892
891
775
779
786
792
786
1392
1181
1208
1208
1198
1202
1134
1132
1136
1134
855
854
855
854
889
889
777
777
775
784
786
785
1395
1395
1209
1209
1203
1201
1203
1207
1131
1136
1137
151
99
99
99
109
131
130
128
128
126
504
481
489
467
469
425
445
445
443
151
151
146
104
101
130
130
132
129
128
127
126
503
502
489
468
469
425
441
444
443
150
146
102
98
96
134
133
133
133
125
510
509
509
476
476
427
427
442
442
442
148
141
81
26
28
510
509
509
505
475
476
408
410
427
412
402
411
442
144
145
143
141
142
97
97
81
80
28
510
506
507
505
475
407
532
406
410
410
419
144
142
159
159
60
60
81
80
32
32
34
33
506
552
554
540
421
383
413
153
154
157
159
58
60
60
79
18
77
78
93
33
33
552
553
554
553
553
541
541
422
382
383
153
153
152
161
58
59
6
77
77
43
556
559
550
551
394
551
394
392
392
388
152
152
163
162
5
6
7
8
10
46
44
560
559
550
395
387
391
390
934
934
934
939
939
898
10
8
8
44
1254
558
1245
549
1314
1314
1287
392
1313
390
936
938
938
938
898
804
806
803
1251
1255
1256
1247
1247
1303
1275
1313
1305
922
938
937
897
899
899
806
806
818
818
818
1253
1246
1246
1249
1276
1299
1285
1281
1282
1280
923
925
894
897
902
808
807
816
817
814
1253
1250
1250
1250
1259
1299
1299
1161
1281
1280
879
879
897
807
841
842
1253
1221
1260
1250
1249
1160
1162
1161
1156
879
880
895
882
757
757
823
755
824
1221
1219
1220
1211
1211
1211
1211
1160
1152
1162
1156
856
878
886
886
885
762
760
754
787
797
1220
1218
1219
1212
1157
1152
1155
1154
1154
856
852
853
892
892
887
762
760
791
787
789
788
1184
1180
1185
1218
1206
1216
1205
1139
1130
1128
1128
852
856
852
853
865
888
889
887
888
770
770
790
791
790
788
1180
1181
1181
1208
1205
1205
1204
1206
1131
1132
1132
1132
1128
1135
855
867
866
863
889
888
770
784
786
790
1182
1182
1180
1182
1208
1206
1207
1204
1131
1132
1129
784
481
168
108
169
110
110
110
109
131
131
129
127
127
481
481
489
489
489
489
424
424
424
436
444
436
436
108
109
105
109
131
134
130
129
140
127
126
482
488
488
425
426
445
440
444
149
150
150
116
116
116
116
134
134
132
125
484
488
477
477
478
478
426
441
439
442
149
149
150
142
177
114
134
114
133
26
25
26
27
27
510
474
474
475
477
477
475
476
531
427
408
439
404
142
143
142
177
14
16
27
28
27
32
507
507
474
532
532
408
410
410
402
404
402
402
155
178
176
176
18
18
15
28
29
506
34
34
507
552
552
532
529
410
383
383
382
157
157
156
186
187
187
17
19
42
34
33
34
557
557
555
529
530
530
421
381
386
382
155
156
156
6
6
7
10
19
19
45
43
556
40
556
555
522
524
520
530
394
381
382
389
939
932
10
7
2
45
46
46
45
43
556
527
550
520
519
519
376
391
929
939
912
5
9
9
9
803
46
803
46
1254
44
44
1256
1256
1256
520
1245
521
1303
1314
1315
1315
1312
390
929
939
898
9
809
802
1234
1255
1255
1246
1248
1302
1314
1303
1315
1305
916
930
928
928
893
902
902
903
901
808
809
809
809
808
1234
1253
1235
1248
1248
1248
1299
1300
1308
1305
1305
916
925
918
893
903
894
901
808
818
816
1253
1253
1252
1250
1249
1249
1298
1300
1308
1306
1306
875
880
894
897
833
823
829
841
841
1252
1298
1160
1166
1162
1304
1166
875
875
877
880
880
880
882
883
832
824
824
824
822
842
842
841
840
1220
1222
1219
1194
1211
1160
1161
1174
1156
877
878
878
882
883
764
760
826
822
822
845
842
1183
1220
1194
1212
1212
1172
1154
1164
1163
856
878
874
881
884
764
771
825
790
789
1183
1183
1184
1193
1185
1194
1193
1204
1140
1139
1140
1141
1148
1163
865
866
865
887
865
888
764
771
787
1181
1185
1192
1185
1205
1130
1143
1140
1129
1129
1146
867
867
866
863
889
884
770
769
771
771
773
773
1182
1176
1176
1204
1189
1131
1142
1132
1129
1143
1147
863
110
490
169
169
110
110
137
136
136
136
123
483
483
482
482
487
492
423
423
431
435
436
436
168
169
169
166
115
115
135
136
135
135
138
125
486
487
491
492
480
424
433
429
438
438
164
165
164
116
115
114
134
139
140
140
140
125
491
488
479
480
478
426
439
438
164
177
177
16
26
139
25
25
473
474
471
531
426
399
403
404
172
172
178
178
114
181
14
15
16
23
23
474
536
533
533
404
172
182
182
187
176
187
14
29
30
31
31
536
533
528
409
384
409
384
155
174
185
186
187
7
17
17
18
19
40
31
536
529
529
530
385
385
384
157
156
186
0
22
42
43
42
40
40
557
525
522
522
524
524
530
381
376
386
386
386
385
155
933
932
5
2
3
45
43
41
41
557
527
527
521
521
521
517
377
389
929
929
932
0
2
3
1234
1235
1244
1302
520
519
1312
387
1311
930
928
911
912
912
802
803
1237
1234
1238
1235
1233
1233
1244
1303
1315
1301
1315
1315
1312
1311
916
918
893
906
903
914
801
802
1237
1236
1233
1243
1243
1302
1301
1301
1306
1306
918
918
893
903
905
903
833
831
831
843
1223
1223
1228
1228
1228
1298
1300
1300
1308
1306
1308
1304
917
917
894
903
833
831
833
830
844
1223
1222
1229
1229
1298
1173
1174
1167
877
876
871
876
883
883
832
832
826
829
845
844
845
1222
1225
1224
1227
1229
1197
1173
1174
1174
1166
1164
1168
1164
877
876
874
882
832
826
827
827
836
845
1183
1194
1193
1194
1172
1172
1165
1165
1164
874
864
873
873
881
765
765
764
765
766
836
1184
1177
1193
1192
1195
1188
1148
1148
1148
1163
867
866
864
865
859
763
763
766
773
836
1178
1184
1176
1189
1139
1140
1143
1147
1146
868
868
865
859
859
763
769
771
774
774
772
773
1178
1178
1191
1190
1191
1142
1143
1147
1146
1176
137
169
107
486
483
482
483
490
492
433
423
433
431
431
435
435
168
107
107
137
113
138
138
486
486
491
480
433
430
430
437
438
165
166
115
113
113
111
139
25
125
484
473
480
429
429
437
171
171
172
165
180
112
139
16
24
24
474
479
533
399
439
172
172
178
178
181
15
15
25
24
472
471
537
536
531
401
401
403
174
174
182
181
20
12
22
13
29
31
528
539
539
401
384
175
175
183
185
187
20
20
21
22
21
38
30
535
536
538
538
380
385
175
185
1
21
4
39
39
527
523
524
517
377
173
185
0
1
3
36
37
526
527
524
517
376
377
377
931
933
911
912
910
800
800
41
37
526
1241
526
518
1292
519
1312
378
930
930
932
912
914
801
801
1238
1238
1235
1243
1244
1244
1293
1310
1312
1311
916
921
914
801
802
1237
1238
1241
1243
1294
1294
1295
1309
1309
921
917
917
906
904
905
906
907
905
843
1236
1236
1231
1240
1232
1296
1296
1295
1307
920
920
871
904
907
909
830
843
1226
843
1225
1225
1228
1229
1296
1296
1167
1168
1167
871
870
871
909
830
845
844
1226
1227
1227
1173
1169
1174
1174
1168
1168
873
874
881
826
827
835
834
1224
1227
1197
1195
1173
1171
1165
873
872
870
858
765
766
767
827
835
835
1197
1192
1188
1141
1149
1150
1150
1149
868
763
768
768
766
836
1179
1179
1175
1176
1188
1189
1144
1144
1144
1149
868
862
858
859
774
774
1178
1179
1190
1191
1191
1144
1144
1145
1147
772
166
107
137
138
430
435
167
123
432
429
166
113
112
124
480
13
124
473
471
403
403
170
183
12
473
537
537
400
181
31
535
401
400
174
183
12
22
39
523
534
539
380
184
1
1
4
22
36
35
525
538
538
380
933
173
910
3
37
523
933
912
37
518
1311
378
931
915
914
800
1241
1242
1242
1242
919
906
907
907
799
838
1237
1241
1294
1297
921
1231
1240
1232
1232
1294
1297
1295
1309
904
839
844
1225
1297
1307
871
908
830
1226
1230
1197
1171
872
870
825
1226
1196
1195
1171
1165
872
862
857
825
834
1177
1186
1171
1150
1150
862
767
774
1177
1187
1142
858
767
1190
1145
167
491
432
428
486
170
112
112
399
535
535
539
175
184
13
21
380
4
378
1312
911
1310
905
919
799
1239
1293
839
1293
909
1167
1169
869
834
1188
1186
1187
1150
768
774
490
428
492
430
165
111
437
484
400
13
180
13
539
184
523
517
517
910
800
1238
1309
904
909
1297
1297
877
839
1231
908
834
1170
825
1196
1196
857
835
1177
1187
1142
1145
106
432
124
479
432
430
170
472
38
400
184
534
379
173
4
36
38
526
35
800
1240
1240
1226
1226
870
1230
768
1186
1150
858
1175
1190
106
117
485
485
430
111
24
180
379
173
11
39
379
518
931
933
36
1242
1292
1309
921
915
838
920
908
830
920
869
908
1171
857
862
862
772
1179
1187
106
117
828
828
434
105
105
860
837
179
471
471
379
11
184
11
913
380
913
1239
915
915
1239
1292
838
1293
1232
1232
387
839
1171
1170
1230
861
861
860
1186
1170
857
767
393
393
828
470
434
425
837
837
179
470
179
1317
393
1317
1317
35
1125
847
1318
719
1317
287
1316
1316
861
1316
373
1125
373
