1760
674
319
236
245
245
700
698
675
796
274
269
698
788
788
789
779
780
780
302
237
237
696
686
686
789
304
225
274
271
271
696
685
854
307
367
377
377
694
694
685
863
862
852
367
375
376
372
726
725
862
335
368
334
371
737
735
737
724
725
861
859
859
856
341
333
333
346
346
736
724
872
856
389
390
341
330
330
346
729
717
716
869
871
873
388
390
1076
943
944
730
1400
1074
1077
1076
946
944
944
1401
1467
1077
1060
949
946
1464
1079
1066
1060
1060
982
980
979
1413
1412
1464
1459
1067
1067
1066
977
1418
1416
1419
1412
1463
1463
1463
1458
1070
1070
1063
976
883
1417
1356
1421
1422
1505
1462
1503
1068
1068
899
1354
1505
1003
1005
896
880
1356
1369
1506
1369
1507
1507
1495
1494
1001
1001
1009
1009
905
1353
1487
1002
1008
1007
893
895
905
903
903
1352
1364
1487
1486
1487
1496
317
317
317
320
322
321
234
233
246
233
246
245
269
268
697
700
700
675
674
675
784
784
785
795
796
796
779
318
322
321
236
237
246
236
270
269
698
699
695
700
673
673
675
787
795
789
796
779
322
305
304
304
237
224
224
272
274
272
274
692
691
695
696
696
683
673
789
789
789
780
780
781
302
305
303
303
225
224
225
272
272
690
687
694
685
686
686
786
863
853
854
307
308
308
308
303
370
368
375
377
377
373
691
373
691
684
863
862
865
853
854
395
394
367
368
368
375
376
377
373
735
723
722
723
726
726
726
863
864
865
855
854
855
855
395
395
391
341
337
333
364
343
372
735
737
727
725
718
724
718
861
872
860
856
858
858
387
389
389
341
335
335
344
347
343
736
737
736
737
717
717
872
872
859
875
875
387
386
389
342
342
340
331
332
334
347
346
739
738
739
729
729
715
717
870
872
870
874
874
875
873
388
390
340
330
943
347
947
945
945
945
1401
729
716
715
869
870
870
1482
874
873
1467
1081
1080
1075
1077
1078
1076
949
948
950
942
943
942
947
946
1401
1399
1398
1401
1400
1406
1404
1406
1406
1403
1481
1469
1467
1081
1081
1074
1073
1078
950
950
947
981
980
980
1398
1398
1398
1415
1415
1414
1413
1414
1470
1470
1468
1468
1079
1074
1085
1060
1059
978
977
982
982
1417
1418
1415
1414
1412
1470
1470
1466
1461
1459
1459
1067
1067
1059
1059
977
977
982
981
979
979
1417
1416
1419
1422
1465
1462
1463
1462
1458
1071
1068
1071
1064
1064
1064
1058
1062
899
899
885
883
1418
1419
1422
1422
1466
1463
1068
1071
1070
1064
1063
898
896
883
885
882
1356
1356
1355
1355
1368
1421
1422
1506
1506
1507
1503
1504
1504
1069
1001
998
998
1004
1003
897
896
897
881
881
1360
880
1355
1355
1354
1368
1370
1507
1504
1501
999
1001
1005
996
1005
1009
895
906
904
904
1350
1352
1352
1364
1369
1365
1506
1486
1488
1494
1494
1000
1000
1002
1009
1008
1006
1006
1007
895
906
905
904
1353
1352
1364
1486
1489
1495
1497
1496
1496
1497
1002
234
784
318
318
319
234
236
243
243
268
270
701
697
707
706
699
678
679
785
794
794
794
778
777
317
316
322
320
321
239
238
239
239
246
244
243
244
273
270
698
700
689
679
679
785
787
794
772
782
782
316
314
325
222
239
222
223
274
273
692
693
693
693
692
688
689
677
682
787
786
772
781
782
306
306
314
314
306
304
221
274
271
690
691
689
683
683
774
775
775
774
781
770
306
308
308
303
370
315
370
366
364
375
377
373
722
723
723
683
684
786
865
865
857
852
396
394
370
369
365
366
366
374
373
722
727
718
864
861
858
857
397
397
337
366
344
343
741
727
727
719
719
720
868
861
860
395
386
391
391
339
338
337
339
336
334
344
741
741
734
725
719
732
720
867
868
868
877
876
875
878
386
390
408
340
339
331
331
332
347
348
349
740
740
738
738
728
734
734
715
866
871
879
879
408
1076
340
954
943
349
945
940
730
728
1401
728
871
1481
879
1478
1082
1083
1077
1078
951
948
950
941
939
940
1399
1401
1405
1408
1407
1402
1403
1404
1482
1481
1468
1080
1081
1083
1074
1078
952
949
942
947
939
1396
1397
1405
1406
1409
1403
1481
1470
1472
1468
1085
1084
1085
1085
1066
1072
1059
1065
989
988
978
975
1395
1397
1415
1426
1409
1412
1465
1470
1469
1460
1085
1053
1064
1058
985
982
982
974
1418
1429
1419
1426
1422
1466
1460
1458
1071
1061
1062
985
976
985
976
974
882
1428
1427
1427
1456
1465
1461
1511
1457
1053
1051
1052
1069
1064
1062
899
898
899
884
885
885
1360
1360
1359
1358
1427
1368
1511
1505
1499
1503
1504
997
997
998
998
1004
1004
1014
897
899
902
882
1347
1358
1374
1374
1369
1511
1502
1501
1501
1501
999
997
1004
895
906
902
904
1351
1350
1350
1370
1367
1372
1362
1488
1488
1494
1000
1000
999
992
1002
990
1005
1009
1009
1006
1006
894
894
906
903
1351
1351
1350
1366
1367
1367
1365
1362
1363
1487
1489
1490
1497
1497
1365
1490
1489
326
235
792
318
328
327
327
326
234
235
242
241
270
240
266
701
707
707
706
678
679
785
792
792
790
791
778
790
778
778
329
327
235
324
242
243
265
266
704
702
702
707
707
678
783
791
771
776
310
309
325
312
324
222
238
223
232
265
267
692
688
689
682
677
783
783
787
822
775
771
772
782
310
312
312
315
313
221
222
227
223
378
378
693
687
681
682
680
680
821
775
772
772
770
306
315
413
369
364
379
378
381
749
681
753
764
821
774
851
797
798
396
394
413
369
365
357
380
379
745
745
752
764
753
752
764
763
848
851
853
832
857
396
397
393
392
393
393
362
363
360
360
380
380
748
721
752
763
865
849
849
858
385
385
392
393
338
352
351
345
349
741
345
748
733
732
732
719
868
876
876
877
879
878
386
411
411
409
339
336
331
344
355
349
348
740
738
734
731
867
866
876
879
879
410
405
411
408
408
954
954
941
935
938
940
733
734
734
732
1407
1402
866
1484
1483
1480
1480
1082
1082
1072
952
952
935
935
937
939
940
1388
1390
1408
1408
1407
1403
1484
1484
1483
1484
1472
1083
1083
1072
1072
988
937
936
939
1396
1390
1397
1389
1408
1407
1410
1402
1454
1484
1484
1475
1472
1085
1084
989
989
984
984
984
975
1396
975
1390
1395
1397
1389
1410
1410
1454
1453
1474
1474
1476
1056
1065
1046
1062
988
986
985
970
974
1428
1429
1426
1409
1456
1460
1460
1457
1053
1052
1045
1057
1049
983
983
970
884
890
1359
973
1429
1429
1427
1425
1455
1456
1499
1500
1498
1051
1053
1049
1049
1047
1049
1061
915
907
907
897
886
1359
1357
1428
1424
1511
1511
1500
994
995
1016
1013
1014
1014
915
881
1360
1348
1348
1358
1373
1374
1371
1510
1510
1502
991
995
990
1013
1014
920
894
902
901
887
1349
1348
1373
1372
1374
1372
1490
1371
1497
1491
991
992
990
1011
1010
917
901
914
901
900
1351
1367
1349
1367
1366
1363
1363
1363
1361
1362
1490
1492
1492
1491
1010
1492
329
327
328
326
287
235
242
241
240
249
249
704
704
704
705
710
676
676
670
792
806
791
807
791
777
329
328
324
285
286
230
240
254
249
266
267
247
703
707
703
671
676
672
677
824
807
802
776
310
323
324
285
230
229
229
265
264
267
703
703
664
681
665
672
670
824
823
822
800
771
776
311
311
311
313
228
230
264
264
711
665
665
665
824
824
814
801
797
418
417
313
413
313
414
358
228
227
220
381
383
382
687
681
682
765
753
680
765
821
822
851
814
798
799
417
417
415
416
414
413
363
359
359
357
379
384
746
750
746
753
765
767
845
845
851
850
850
831
832
397
415
414
362
412
363
360
360
380
745
747
747
747
755
754
768
768
848
849
848
833
831
385
411
338
362
352
351
356
748
762
757
769
849
833
835
407
406
411
401
336
352
352
356
356
353
742
761
762
761
757
758
844
844
836
836
836
411
405
410
409
953
954
350
354
354
354
527
759
759
758
758
1385
1443
844
1447
843
844
836
1480
1093
1093
1087
1087
952
953
961
958
937
938
1393
1388
1388
1384
1385
1385
1443
1447
1448
1447
1478
1473
1099
1099
1096
1088
951
957
961
961
937
936
1393
1390
1384
1451
1446
1446
1446
1452
1473
1475
1477
1099
1096
1097
1046
1088
956
989
987
986
986
971
975
1380
1380
1380
1383
1410
1454
1475
1474
1476
1476
1475
1056
1046
1056
1046
987
987
971
971
971
972
972
973
1379
1375
1423
1423
1456
1454
1453
1433
1474
1477
1476
1056
1047
1017
970
889
891
1359
1375
1425
1423
1425
1425
1455
1509
1522
1523
1498
1522
1057
1051
1045
995
1018
1016
908
886
889
888
890
891
1344
1346
1346
1346
1424
1341
1509
1508
1500
1519
1520
1021
994
995
993
1016
920
907
916
887
888
1358
1346
1345
1339
1371
1509
1499
1521
1520
1500
1519
1020
993
1011
1016
1015
917
917
916
902
887
1347
1321
1348
1345
1373
1338
1510
1493
1538
1493
991
991
993
1011
1012
1012
918
917
901
914
900
1320
1321
1367
1336
1361
1361
1536
1492
1491
1012
287
803
283
283
281
282
287
275
242
255
257
257
248
249
248
252
248
705
709
710
671
670
806
805
810
807
810
810
803
329
283
282
287
284
231
231
255
255
714
709
713
671
672
672
670
806
808
808
802
802
323
290
286
285
285
230
232
229
263
256
256
267
713
664
663
823
824
824
820
800
801
311
290
312
289
292
292
292
291
229
228
227
262
262
261
261
711
711
665
660
662
818
820
819
799
426
418
417
421
291
425
358
381
381
749
665
661
765
661
819
816
814
798
811
415
414
422
422
359
359
384
384
384
750
746
751
754
755
766
845
846
847
817
833
416
429
415
422
361
384
384
746
742
748
754
755
769
767
768
841
846
850
825
832
831
406
429
412
399
363
398
361
356
353
353
744
743
744
762
762
769
841
842
842
837
834
835
835
407
406
402
402
401
356
354
742
759
762
756
757
758
843
844
837
834
835
407
1087
402
403
954
350
960
355
528
527
759
1387
760
1385
1443
1449
834
1479
1094
1095
1087
1086
955
961
959
959
958
528
1394
1386
1384
1386
1444
1447
1448
1446
1448
1449
1480
1480
1098
1098
1095
1096
1092
957
957
957
955
961
961
959
969
1393
1394
1382
1384
1383
1445
1448
1473
1479
1099
1098
1096
1091
956
964
969
972
1379
1380
1377
1383
1451
1451
1452
1430
1440
1441
1439
1439
1055
1092
1092
962
962
966
970
972
967
1379
1375
1376
1376
1434
1433
1440
1440
1054
1054
1047
1047
1029
987
962
908
889
965
892
892
892
1341
1455
1434
1525
1522
1436
1523
1054
1023
1023
1017
1019
1018
1029
909
909
913
908
908
886
889
1343
1343
1346
1341
1509
1513
1525
1522
1519
1023
1020
1021
1019
1018
1024
912
912
913
926
887
1344
1323
1339
1346
1339
1525
1521
1521
1520
1031
1031
1032
1044
1015
919
918
916
915
928
930
922
1320
1324
1339
1537
1537
1538
1539
1531
1031
1033
1032
1032
1033
1044
1012
1042
1015
918
918
930
929
928
1320
1321
1324
1321
1322
1337
1337
1338
1536
1538
1530
1529
1531
1336
283
296
281
287
281
279
276
275
258
259
257
252
252
253
710
710
708
667
806
804
804
809
810
810
810
803
599
298
295
286
284
277
231
258
260
260
259
259
247
253
714
668
668
668
805
804
809
603
603
298
288
289
288
277
231
277
262
256
168
714
712
713
714
669
666
666
820
808
800
797
604
426
290
290
292
294
294
226
263
262
170
170
712
712
663
660
661
660
820
820
820
815
801
601
426
421
420
420
425
425
291
226
228
175
175
261
382
169
169
751
750
662
661
818
817
815
813
813
799
432
421
432
421
425
424
424
148
383
160
150
751
480
751
480
766
767
846
816
817
812
811
811
430
429
430
423
399
357
148
147
150
150
743
744
755
767
766
840
847
826
826
825
429
439
439
435
423
400
399
146
149
150
743
522
744
535
769
840
842
839
827
827
830
439
402
404
399
403
350
145
141
143
149
522
528
524
525
756
538
838
838
839
828
405
1094
404
404
403
1111
398
1107
145
143
143
528
527
526
525
526
526
760
1387
1444
843
1555
834
1094
1195
1095
1086
1086
1107
960
142
959
1392
1394
526
1382
1386
1444
1479
1553
1094
1095
1098
1193
1090
1091
1106
1107
959
1114
1394
1391
1391
1381
1386
1445
1445
1445
1450
1450
1430
1430
1442
1442
1441
1097
1090
1092
963
964
968
968
1392
1378
1382
1383
1450
1451
1432
1441
1439
1055
1055
1089
1089
1028
1091
964
963
966
968
967
967
1378
1377
1434
1431
1435
1440
1054
1055
1030
1028
911
966
892
1378
1376
1376
1342
1342
1434
1433
1436
1437
1022
1023
1019
1030
1029
1025
1027
910
911
913
913
927
892
892
1343
1340
1341
1342
1513
1513
1525
1516
1518
1518
1037
1023
1036
1019
1018
1024
1024
919
910
913
927
927
924
1323
1343
1329
1512
1514
1512
1539
1518
1521
1515
1037
1032
1044
1043
1042
919
921
929
926
922
1325
1324
1323
1333
1333
1334
1533
1537
1539
1539
1532
1531
1035
1035
1041
1042
1044
1042
931
932
931
930
930
922
1322
1325
1324
1337
1337
1537
1533
1539
1532
1529
932
279
251
297
297
278
280
280
275
258
259
250
250
253
709
709
708
667
668
572
570
593
593
600
599
600
296
300
301
278
300
277
276
258
260
260
253
203
489
488
668
467
597
596
591
591
604
604
600
299
298
299
301
301
208
256
171
203
170
489
490
467
467
666
468
597
597
596
602
604
601
299
293
293
293
294
294
226
174
176
168
477
478
474
597
594
815
428
427
419
425
102
101
174
174
175
169
170
480
478
479
474
476
816
658
813
812
658
431
428
432
432
419
425
108
175
156
159
159
156
159
158
479
480
476
475
475
846
623
817
813
432
432
423
423
109
108
148
159
160
534
544
536
536
622
839
825
438
436
434
434
400
82
109
146
147
149
522
534
533
533
538
840
839
828
826
829
830
830
438
438
439
435
398
146
146
141
140
523
535
535
537
537
840
828
830
829
433
1195
438
404
1112
1112
1109
144
1108
141
142
143
142
524
524
535
1743
538
1745
1565
1559
1559
1555
1554
1554
1192
1195
1194
1195
1100
1111
1112
1109
1107
1108
1108
1114
1114
1751
525
1391
1743
1745
1745
1566
1566
1555
1559
1555
1546
1555
1192
1194
1100
1111
1108
1117
1115
1742
1743
1743
1744
1741
1566
1550
1193
1192
1190
1190
1090
1102
1106
1117
1115
1113
1113
1391
1753
1740
1740
1741
1739
1689
1432
1432
1566
1432
1442
1442
1186
1185
1186
1090
1186
1028
964
1116
1116
968
1753
1753
1682
1740
1739
1688
1431
1438
1437
1438
1185
1186
1030
1028
1028
1239
911
1238
965
1303
1303
966
925
1679
1678
1682
1683
1514
1435
1436
1517
1437
1187
1026
1030
1025
1025
1027
1299
910
911
927
925
925
925
1679
1678
1683
1342
1680
1514
1514
1517
1518
1022
1023
1025
919
929
927
924
924
1330
1329
1340
1333
1512
1516
1516
1516
1532
1036
1036
1043
1037
1043
934
1294
921
923
1330
1328
1334
1335
1534
1535
1532
1527
1037
1034
1044
1040
1040
1039
1039
932
931
934
922
923
1326
1327
1327
1327
1335
1335
1334
1534
1535
1535
1530
1527
1035
934
1530
205
492
297
297
279
280
280
210
209
250
209
250
251
204
202
493
491
493
571
571
570
593
598
592
600
600
296
297
301
54
280
210
208
204
202
204
203
203
491
490
489
494
572
468
596
591
600
299
300
53
52
51
172
172
173
165
484
483
490
490
488
574
595
595
595
595
594
602
604
17
15
293
100
102
102
177
172
171
165
166
166
477
477
478
469
468
631
594
581
580
625
659
601
428
427
14
99
99
102
102
176
176
176
176
162
167
478
471
469
630
631
658
659
653
427
431
18
109
101
108
108
157
157
158
163
158
479
545
479
476
476
631
631
622
623
624
653
437
437
86
104
104
109
107
106
157
154
163
543
545
544
542
542
621
542
622
623
826
654
436
437
437
434
82
107
84
83
147
164
533
532
545
541
537
621
647
436
434
87
82
84
84
144
139
524
533
532
532
538
547
537
540
647
649
1199
433
1112
1109
67
67
144
137
141
142
138
138
523
530
535
1745
1561
1558
1559
1557
1559
1553
1200
1196
1100
1109
1110
1124
1124
1123
1751
1736
1743
1744
1562
1566
1563
1559
1547
1192
1194
1100
1105
1117
1105
1126
1115
1124
1752
1752
1751
1754
1754
1742
1744
1566
1565
1564
1549
1546
1550
1546
1189
1191
1189
1102
1191
1105
1105
1118
1117
1115
1759
1755
1755
1740
1739
1564
1549
1550
1550
1185
1190
1102
1239
1239
1118
1119
1305
1305
1758
1755
1690
1688
1687
1625
1635
1626
1635
1438
1635
1183
1188
1187
1188
1188
1240
1240
1239
1302
1302
1304
1305
1679
1677
1678
1683
1683
1683
1680
1625
1625
1681
1626
1627
1622
1187
1188
1217
1241
1238
1303
1301
1317
1679
1691
1692
1683
1681
1623
1515
1624
1518
1214
1215
1217
1026
1249
1299
1304
1292
1299
1303
1317
1316
1691
1330
1329
1680
1681
1666
1667
1623
1526
1624
1211
1211
1034
1038
1040
1039
1250
933
1249
1292
1312
1310
1306
1331
1330
1332
1327
1332
1668
1667
1601
1534
1528
1526
1035
1210
1038
1040
1040
1039
933
1244
933
934
1312
923
1309
923
1308
1326
1331
1332
1328
1335
1668
1665
1664
1665
1535
1664
1528
1528
1528
1526
1527
492
592
22
45
47
46
46
210
209
209
201
200
200
205
492
493
494
575
573
576
576
576
592
587
598
585
585
47
47
54
51
207
208
201
204
485
199
481
491
491
494
571
571
574
573
581
586
604
586
22
45
54
54
54
52
208
206
165
484
484
485
487
482
482
483
468
574
573
581
601
586
17
15
17
13
53
96
102
96
207
172
166
484
482
473
574
580
625
629
581
657
656
16
16
17
18
15
14
100
97
97
177
157
167
166
470
486
471
471
472
628
628
625
657
659
16
19
104
86
100
105
99
106
98
157
157
154
162
162
161
163
549
542
630
628
624
624
659
655
654
90
90
85
107
103
106
154
155
153
153
163
164
543
543
549
545
542
541
622
620
624
655
655
91
91
87
88
107
83
64
152
153
164
529
544
548
548
540
539
540
539
620
648
647
650
650
89
87
88
67
139
139
138
139
530
531
530
546
546
501
502
540
502
501
648
648
649
649
1199
1200
1205
83
67
66
138
1750
530
531
547
1560
1558
1557
1557
1547
1199
1200
1200
1199
1208
1204
1103
1110
1125
1126
1123
1126
1124
1749
1752
1738
1735
1735
1562
1561
1562
1563
1548
1547
1547
1198
1198
1196
1197
1209
1209
1103
1104
1119
1126
1126
1121
1752
1749
1736
1737
1734
1562
1564
1563
1551
1551
1548
1189
1197
1209
1101
1104
1104
1119
1119
1122
1759
1759
1755
1754
1732
1690
1734
1689
1562
1549
1552
1552
1552
1552
1184
1184
1183
1184
1182
1102
1136
1118
1289
1291
1304
1759
1759
1759
1758
1757
1756
1690
1696
1690
1688
1631
1635
1183
1184
1218
1240
1241
1240
1243
1301
1237
1305
1291
1757
1697
1696
1696
1690
1686
1688
1686
1685
1626
1626
1627
1634
1634
1213
1217
1218
1243
1242
1300
1300
1301
1302
1315
1316
1318
1691
1693
1693
1681
1628
1628
1624
1624
1624
1215
1213
1215
1219
1217
1250
1249
1242
1300
1301
1315
1317
1313
1317
1319
1692
1693
1669
1666
1601
1602
1627
1605
1215
1214
1219
1220
1250
1250
1249
1244
1312
1312
1310
1309
1331
1676
1673
1669
1667
1667
1603
1602
1602
1602
1212
1212
1211
1220
1220
1246
1245
1244
1311
1311
1310
1307
1331
1332
1673
1668
1664
1669
1665
1665
1603
1606
1604
44
44
47
45
42
210
211
201
200
200
492
441
449
575
576
563
587
587
585
22
44
45
46
54
211
212
212
212
201
196
195
481
481
449
567
575
563
588
588
590
21
50
49
49
48
207
206
217
173
199
487
487
482
455
566
567
583
583
589
577
22
13
177
179
182
487
487
459
473
473
614
629
626
583
657
632
656
584
25
19
19
15
19
96
97
179
179
183
486
470
459
473
456
629
628
629
627
627
657
19
19
105
98
97
71
179
154
151
162
121
122
471
513
472
472
618
637
654
90
93
95
85
105
72
72
155
135
151
151
164
121
122
514
513
511
549
512
542
619
618
638
655
90
95
94
85
85
103
65
152
153
130
548
546
503
503
620
502
619
650
646
650
89
89
88
88
65
65
64
64
66
130
132
546
520
502
648
646
651
652
1201
1201
1202
1205
1205
1138
66
66
137
132
1750
529
1735
501
1556
1557
1540
652
1541
651
1202
1205
1205
1208
1140
1125
1120
1120
1749
1749
1738
1737
1735
1569
1560
1540
1541
1198
1209
1209
1209
1140
1139
1126
1122
1120
1121
1748
1746
1737
1738
1733
1562
1567
1540
1543
1551
1545
1198
1207
1206
1136
1135
1150
1122
1747
1748
1757
1746
1732
1734
1734
1690
1590
1571
1630
1543
1544
1155
1155
1182
1134
1291
1757
1756
1697
1732
1723
1684
1631
1630
1630
1632
1157
1156
1136
1243
1237
1288
1291
1289
1291
1697
1694
1695
1686
1684
1686
1649
1629
1628
1629
1633
1213
1216
1216
1216
1243
1242
1289
1315
1314
1318
1695
1694
1694
1685
1649
1628
1634
1598
1633
1221
1222
1222
1248
1219
1247
1260
1300
1315
1313
1319
1318
1700
1319
1676
1693
1671
1704
1672
1599
1599
1601
1605
1211
1210
1222
1219
1225
1247
1220
1248
1247
1257
1257
1311
1310
1307
1319
1306
1676
1674
1673
1670
1671
1672
1666
1599
1597
1599
1607
1604
1605
1210
1229
1226
1225
1246
1246
1245
1311
1309
1308
1676
1675
1675
1674
1674
1669
1663
1663
1597
1606
1606
1307
442
39
41
41
43
41
42
42
215
214
214
194
196
441
441
450
450
450
450
565
565
565
551
590
590
590
43
42
49
33
212
216
217
198
198
196
196
440
452
449
567
563
588
582
590
21
21
50
49
50
30
31
216
217
198
195
440
454
455
455
566
567
583
588
589
584
25
24
23
26
10
48
216
29
181
182
182
182
184
184
487
453
457
453
454
455
616
567
615
583
583
577
578
26
25
26
10
74
180
181
184
184
120
458
459
459
617
614
615
627
627
632
605
632
633
93
9
80
74
72
135
180
180
111
458
122
120
459
514
514
511
617
626
606
638
637
94
95
81
78
81
79
72
136
136
119
121
122
514
513
511
495
497
607
618
606
635
637
92
95
95
65
78
71
62
135
136
134
134
518
119
518
520
519
504
504
620
646
638
638
652
1203
1203
62
61
58
133
130
132
133
131
529
521
505
507
507
507
642
651
1201
1204
1138
63
63
63
62
1153
132
1153
132
1712
131
132
1717
1716
1716
505
1586
506
1568
1569
1569
1573
1541
652
1201
1205
1140
63
1148
1153
1712
1717
1717
1738
1587
1586
1569
1568
1572
1542
1196
1207
1206
1207
1206
1140
1140
1140
1139
1150
1150
1149
1149
1148
1747
1746
1714
1587
1733
1587
1590
1570
1573
1544
1542
1158
1155
1168
1170
1135
1135
1134
1150
1122
1747
1748
1724
1724
1723
1590
1723
1590
1588
1543
1544
1544
1158
1156
1165
1136
1128
1288
1283
1284
1748
1729
1590
1637
1637
1632
1632
1642
1157
1160
1160
1156
1156
1164
1165
1129
1285
1282
1289
1290
1287
1291
1290
1284
1729
1697
1726
1695
1704
1684
1648
1631
1638
1633
1160
1160
1161
1230
1259
1260
1286
1285
1287
1287
1274
1274
1700
1695
1704
1703
1649
1649
1629
1620
1636
1221
1222
1231
1230
1230
1260
1314
1287
1314
1319
1269
1699
1700
1700
1671
1704
1704
1672
1600
1600
1600
1600
1621
1620
1227
1227
1224
1247
1224
1255
1259
1297
1314
1676
1659
1659
1674
1672
1595
1595
1598
1605
1607
1620
1229
1229
1226
1226
1246
1255
1257
1257
1257
1298
1297
1293
1308
1660
1660
1670
1596
1597
1596
1597
1607
1607
1604
1225
36
448
39
36
35
36
215
215
193
215
193
445
441
440
442
452
451
564
564
556
551
551
552
37
37
37
38
33
33
218
219
219
219
194
195
444
452
451
451
569
568
562
556
550
590
24
37
50
30
33
31
218
219
217
198
197
197
452
452
460
569
568
568
578
579
24
11
7
187
180
187
190
184
466
457
464
615
582
605
579
578
23
26
10
10
74
68
68
178
178
183
184
459
457
456
614
633
2
80
9
80
74
79
74
111
120
116
116
510
616
614
607
635
605
633
92
1
81
81
79
79
73
73
73
136
119
118
511
508
497
607
636
636
636
92
94
78
56
114
134
134
126
117
117
518
519
515
512
521
497
496
606
643
644
645
636
644
92
1180
1179
55
56
129
128
127
127
126
518
521
520
505
504
507
496
645
645
1181
1180
1179
55
58
129
1713
1716
1585
1586
507
507
1576
642
1574
1181
1180
1137
1138
1143
1154
1153
1713
1712
1711
1714
1717
1715
1584
1567
1573
1572
1572
1573
1580
1542
1174
1169
1170
1170
1137
1132
1149
1154
1710
1709
1715
1715
1584
1587
1570
1570
1545
1578
1174
1169
1164
1137
1168
1132
1130
1149
1283
1283
1709
1728
1724
1722
1722
1589
1589
1571
1570
1578
1577
1578
1174
1174
1165
1128
1128
1282
1281
1281
1275
1729
1729
1724
1721
1590
1648
1638
1639
1159
1162
1165
1161
1129
1129
1258
1280
1281
1284
1284
1275
1275
1729
1731
1727
1727
1721
1701
1648
1646
1638
1637
1641
1641
1642
1159
1163
1231
1167
1258
1278
1286
1287
1270
1274
1698
1700
1703
1702
1649
1616
1619
1618
1618
1232
1227
1234
1232
1264
1264
1259
1259
1260
1287
1270
1700
1662
1704
1654
1701
1647
1621
1621
1621
1618
1229
1227
1231
1223
1264
1263
1261
1265
1295
1269
1294
1662
1659
1654
1595
1614
1613
1609
1608
1228
1228
1225
1255
1255
1256
1257
1298
1298
1297
1298
1295
1293
1662
1654
1653
1653
1611
1613
1609
1610
1661
213
39
36
445
444
444
444
448
447
562
564
559
562
556
552
552
40
32
32
215
33
194
197
445
444
446
569
559
558
557
550
550
38
38
33
30
29
218
191
190
188
461
466
569
558
558
554
20
20
24
11
6
29
185
187
189
189
466
463
616
554
579
0
12
12
10
7
186
186
190
189
465
464
616
464
615
612
608
633
2
1
12
68
70
70
115
112
111
118
611
611
613
608
634
2
5
3
75
76
69
69
115
114
115
111
117
515
510
510
496
641
635
2
75
57
56
113
113
118
521
517
508
498
644
5
75
57
55
128
129
127
516
521
498
499
642
643
645
1176
1180
1143
1142
1142
1144
1152
128
127
516
1585
516
499
1567
506
1576
643
1181
1181
1179
1143
1144
1145
1152
1713
1713
1714
1585
1585
1584
1583
1576
1574
1580
1173
1173
1132
1154
1154
1710
1708
1715
1722
1583
1594
1575
1578
1580
1171
1174
1174
1170
1169
1175
1133
1133
1131
1271
1709
1710
1722
1708
1720
1594
1594
1577
1577
1172
1172
1164
1127
1131
1130
1281
1277
1728
1276
1726
1731
1721
1718
1591
1591
1639
1639
1642
1163
1167
1167
1129
1277
1275
1276
1730
1727
1727
1646
1643
1646
1638
1641
1642
1162
1163
1264
1278
1267
1270
1268
1731
1725
1701
1647
1647
1616
1619
1233
1234
1231
1264
1263
1261
1261
1267
1268
1270
1699
1656
1647
1614
1617
1621
1617
1618
1228
1261
1262
1251
1266
1265
1657
1658
1662
1660
1652
1611
1614
1614
1613
1608
1228
1223
1224
1254
1296
1295
1294
1661
1660
1654
1655
1612
1612
1609
1609
1256
38
35
215
194
561
555
40
193
560
558
30
27
28
191
560
187
188
465
463
554
554
11
76
187
466
463
612
608
7
116
464
609
634
2
4
69
115
118
515
510
613
641
76
57
57
60
114
125
123
517
498
610
641
1178
4
1142
60
124
500
1179
1142
124
499
1580
639
1176
1146
1147
1152
1711
1582
1582
1583
1169
1133
1133
1130
1145
1273
1710
1707
1593
1592
1172
1720
1705
1719
1720
1594
1592
1575
1579
1166
1273
1276
1730
1592
1640
1166
1279
1277
1730
1718
1718
1640
1234
1167
1280
1731
1702
1701
1645
1617
1234
1236
1264
1266
1270
1657
1650
1645
1617
1617
1233
1262
1265
1658
1652
1611
1223
1266
1655
1608
40
447
560
561
446
12
28
185
612
509
509
613
5
3
110
59
641
129
639
1576
1143
1575
1175
1177
1145
1706
1583
1273
1593
1127
1640
1643
1163
1277
1652
1645
1652
1615
1251
1295
448
561
447
562
8
28
555
461
609
110
6
110
613
77
517
500
500
1144
1151
1707
1579
1175
1131
1592
1591
1159
1272
1719
1280
1272
1617
1280
1656
1656
1252
1266
1657
1651
1611
1610
34
559
191
460
560
557
0
465
112
609
76
509
640
5
59
125
113
517
124
1152
1707
1707
1709
1730
1161
1725
1253
1650
1615
1253
1661
1653
34
192
443
443
555
185
189
6
609
3
69
123
640
500
1176
1176
124
1582
1581
1579
1177
1147
1271
1172
1131
1279
1171
1166
1280
1643
1252
1236
1236
1296
1658
1651
34
192
1524
1524
555
27
27
1237
1471
8
462
462
610
59
77
60
1141
640
1141
1706
1146
1146
1706
1581
1271
1593
1705
1719
793
1272
1644
1644
1650
1235
1235
1252
1645
1644
1252
1251
495
803
1524
462
553
553
1471
1471
8
462
8
1420
773
1420
1191
123
1147
1048
1050
453
1485
371
1048
1411
1235
1411
320
1050
220
