2416
685
557
527
523
524
701
701
686
626
503
505
706
677
676
618
627
624
624
554
515
515
696
697
697
617
331
516
502
500
499
690
696
614
335
417
405
409
692
692
695
666
668
613
330
413
409
395
691
823
667
423
392
392
395
818
814
819
823
824
856
855
854
865
314
422
430
387
394
819
820
877
864
316
317
433
432
430
386
800
884
886
885
849
864
317
318
2241
2326
2323
799
1499
2244
2245
2241
2321
2324
2324
1497
1250
2245
2237
2237
2322
1241
2209
2228
2236
2237
2270
2272
2273
1447
1435
1242
1229
2259
2258
2248
2293
1383
1503
1440
1434
1244
1232
1234
1229
2259
2259
2246
2292
2285
1383
1385
1382
1436
1236
1232
1231
2263
2262
2290
1385
1314
2168
2168
2291
2394
1360
1312
1313
1312
1315
1293
1292
1295
2186
2185
2167
2164
2394
1362
1292
2187
2162
2163
2163
2343
2393
2395
2396
1362
1320
1297
1319
1298
1301
558
560
558
557
559
556
525
526
527
526
523
505
505
504
700
701
703
687
685
687
675
678
675
628
629
630
627
560
557
557
514
513
516
527
507
506
701
705
706
704
686
687
687
677
630
626
630
624
553
554
554
555
513
516
503
503
501
508
507
706
713
705
706
709
696
682
676
618
621
620
624
620
335
334
333
333
516
510
503
500
499
713
707
692
689
697
697
660
668
621
613
335
338
329
329
332
333
415
412
409
409
407
712
408
691
694
668
668
619
619
616
312
336
417
417
421
414
392
405
408
814
690
813
692
824
822
689
667
665
664
615
616
616
615
303
311
313
313
322
422
392
394
395
818
819
814
824
820
824
878
856
878
857
865
853
866
312
314
313
426
423
423
386
388
395
817
819
816
815
878
877
880
852
854
850
863
319
319
319
433
433
433
425
431
387
388
390
792
793
800
798
800
797
886
883
881
883
850
862
862
864
319
317
432
430
2325
390
2325
2322
2334
2334
1498
798
886
886
885
883
883
1443
862
864
1248
2211
2211
2245
2243
2240
2242
2238
2238
2327
2328
2328
2329
2321
2323
1499
1502
1499
1499
1495
1447
1445
1446
1452
1443
1246
1247
1249
2210
2208
2245
2227
2240
2239
2328
2328
2273
2272
2273
1501
1502
1504
1497
1441
1447
1445
1447
1245
1252
1251
1251
2208
2244
2257
2240
2239
2293
2268
2270
2273
1503
1504
1442
1442
1434
1241
1243
1244
1243
1252
1229
2257
2255
2249
2247
2296
2293
2286
2269
2271
2271
1386
1504
1442
1437
1435
1244
1233
1234
1228
2258
2259
2256
2249
2253
2254
2248
2247
2296
2296
2286
2285
1387
1382
1437
1437
1236
1234
2263
2263
2256
2168
2246
2290
2289
2286
2283
2284
1384
1384
1385
1385
1381
1378
1311
1315
1314
1293
1293
1230
1231
2263
2185
2184
2168
2157
2169
2291
2287
2287
2288
2391
1392
2288
1382
1360
1359
1367
1367
1315
1296
1295
2182
2188
2166
2165
2169
2167
2342
2393
2396
2395
1376
1361
1359
1320
1320
1319
1313
1318
1286
1295
1300
2186
2188
2187
2165
2174
2164
2163
2163
2343
2343
2393
2396
1362
1362
1320
1297
1298
1301
1299
1301
1300
1301
2188
525
674
563
560
562
521
526
518
496
490
491
699
698
738
702
702
683
684
671
675
628
630
629
623
560
550
555
559
555
514
511
517
519
524
495
498
495
507
508
698
703
704
682
682
675
678
638
623
623
634
550
549
551
512
517
509
493
502
507
714
715
716
716
715
710
710
711
682
678
660
620
625
625
335
548
547
555
337
552
510
501
500
716
713
708
694
694
660
621
607
607
604
604
338
338
331
333
320
321
416
411
414
414
408
400
713
708
827
689
693
663
665
664
605
614
338
330
416
415
414
413
410
406
406
811
823
826
876
857
867
616
302
302
419
421
393
394
812
814
829
874
826
875
876
857
853
308
309
310
313
428
428
420
427
426
423
435
817
815
816
820
825
810
880
881
852
851
852
851
867
858
318
316
306
427
428
425
424
425
389
389
390
793
795
792
800
796
805
808
880
881
849
861
860
316
2242
431
2309
2326
390
2333
2332
799
796
1496
797
879
1259
861
1248
2213
2212
2243
2242
2310
2308
2329
2338
2333
2334
1496
1498
1495
1494
1449
1451
1451
1452
1248
1245
1253
2211
2211
2216
2230
2240
2234
2327
2339
2339
2331
1509
1506
1494
1450
1450
1452
1246
1252
1253
1250
2209
2215
2216
2230
2227
2229
2228
2234
2234
2298
2268
2278
1501
1504
1442
1441
1444
1444
1464
1243
1252
1267
2214
2255
2254
2254
2297
2270
2270
2279
1503
1505
1440
1439
1436
1244
1234
1228
2261
2254
2251
2300
2295
2301
2296
2278
2279
1387
1389
1438
1464
1238
1238
1237
1233
2264
2264
2198
2262
2252
2155
2290
2300
2290
2286
2284
2283
1391
1390
1392
1390
1382
1366
1237
1236
1208
1231
1230
2183
2183
2184
2158
2159
2156
2155
2346
2301
2390
2391
1395
1395
1366
1367
1312
1315
1285
1294
1296
1294
2182
2181
2156
2340
2342
2393
2389
1375
1375
1365
1367
1369
1307
1308
1303
1285
1295
2182
2179
2180
2180
2188
2174
2166
2174
2162
2160
2161
2341
2340
2341
2396
2389
1376
1375
1317
1368
1317
1316
1319
1310
1284
1283
1286
1288
1291
1317
1283
1284
562
522
672
565
563
564
565
562
522
521
520
496
497
497
490
739
736
736
740
684
683
670
672
638
640
639
637
636
636
634
550
565
522
531
519
498
497
491
739
699
742
737
742
711
673
672
637
635
550
547
552
542
551
512
511
494
495
495
479
714
710
744
710
722
678
673
660
661
606
631
632
635
548
544
545
545
546
512
509
487
493
401
401
716
707
728
681
694
721
662
661
607
607
604
337
321
320
452
410
397
400
402
763
688
761
662
663
650
651
609
612
336
324
323
450
452
411
396
406
812
760
828
828
827
829
876
869
876
651
651
832
866
303
304
308
326
322
323
420
452
434
434
382
382
811
821
829
826
857
838
837
867
307
310
309
310
419
437
437
384
384
794
385
804
804
826
809
874
872
839
852
861
859
867
307
309
310
353
428
436
425
437
438
384
380
794
795
810
810
881
841
843
859
858
348
352
349
353
349
2310
2310
2336
2336
2334
2332
805
805
805
808
1449
1453
843
1260
1256
1254
1255
2212
2213
2232
2231
2309
2338
2336
2339
2331
2330
1491
1492
1493
1494
1449
1452
1260
1258
1257
1258
1249
2216
2216
2230
2231
2308
2337
2339
2331
1509
1508
1509
1507
1494
1461
1463
1451
1461
1259
1258
1265
1264
2215
2214
2235
2304
2268
2277
2268
2280
1508
2280
1509
1501
1507
1505
1439
1462
1465
1240
1272
1266
1264
2201
2230
2192
2253
2233
2298
2297
2277
2281
1386
1489
1439
1466
1466
1239
1239
1228
2201
2199
2261
2202
2252
2299
2300
2301
2294
2274
1391
2281
1388
1439
1378
1466
1466
1239
1238
1211
1211
2199
2198
2261
2261
2250
2159
2251
2152
2301
2369
2294
2414
1393
1393
1389
1379
1237
1305
1211
2183
2159
2159
2157
2154
2154
2346
2390
1394
1395
1394
1390
1364
1363
1305
1304
1302
1210
2183
2176
2178
2158
2153
2153
2347
2347
2390
2389
1375
1374
1370
1371
1366
1306
1302
1305
1289
1291
2179
2178
2177
2172
2161
2348
2347
2348
2388
2388
1374
1368
1372
1371
1317
1307
1309
1309
1310
1308
1287
1287
1291
1291
2160
1288
534
565
535
564
600
522
520
518
480
453
453
736
738
737
736
750
751
724
724
672
669
640
640
639
633
532
536
562
530
530
484
497
477
453
479
478
479
741
740
743
723
725
724
721
644
640
632
634
543
528
531
576
482
481
489
486
475
478
744
743
723
727
730
722
641
642
644
657
631
635
635
539
540
543
545
576
489
476
476
729
730
732
730
648
648
652
608
608
328
327
546
325
545
579
575
488
487
471
402
399
403
726
726
727
870
768
649
871
649
654
654
652
612
611
328
328
327
328
325
323
452
445
396
397
399
404
762
762
761
769
871
871
869
897
653
650
837
833
833
305
326
324
451
451
449
449
435
385
758
758
759
759
771
829
769
873
875
837
896
836
832
304
354
420
449
449
441
384
758
810
873
899
837
836
847
351
350
355
356
448
442
437
439
379
378
757
803
804
801
809
872
842
842
840
847
848
352
351
348
353
2306
2312
442
380
380
380
784
802
807
806
806
1456
1456
843
1263
841
843
848
1255
2224
2224
2225
2193
2310
2307
2313
2313
2337
2331
1479
1480
1491
1484
1485
1454
1455
1454
1262
1260
1258
1254
2220
2221
2217
2232
2307
2305
2305
2319
2317
2318
1480
1506
1492
1461
1263
1261
1270
1272
1257
1271
1277
2221
2192
2218
2191
2235
2197
2235
2303
2304
2305
2317
2282
1490
1490
1489
1460
1463
1272
1272
1271
1268
1280
1265
2205
2202
2202
2192
2235
2298
2276
2277
2275
2275
2281
2410
2282
1488
1488
1462
1465
1470
1272
1220
1266
1267
1280
2201
2200
2250
2413
2407
2410
1388
1433
1380
1433
1431
1380
1468
1468
1209
1216
1216
1215
2203
2200
2203
2118
2141
2152
2369
2415
2415
2415
2415
2410
1430
1390
1432
1380
1380
1423
1379
1209
1211
1216
1214
2117
2175
2119
2176
2151
2366
2369
2353
2412
2412
1395
1430
1420
1420
1363
1305
1208
1357
1212
1213
1213
2117
2178
2171
2154
2154
2356
2347
2352
2390
2381
2380
1373
1373
1370
1364
1306
1303
1289
1358
1290
2124
2177
2178
2171
2173
2173
2357
2358
2351
2351
2388
2381
1372
1369
1371
1309
1309
1327
1350
1290
2172
599
944
529
536
590
535
599
483
470
467
470
456
456
456
456
461
454
741
752
750
724
718
670
949
949
950
946
944
946
532
536
536
603
603
484
470
481
467
748
750
747
725
720
719
720
669
643
948
945
946
533
540
589
602
603
484
480
485
486
486
477
479
744
730
732
642
641
644
644
657
609
540
541
542
537
577
579
576
576
489
488
489
472
475
474
473
745
746
729
732
734
648
646
659
611
541
541
541
578
578
583
447
404
404
763
728
735
870
648
653
659
654
612
612
366
340
579
446
447
445
398
93
404
762
762
767
768
769
904
647
903
654
655
834
305
364
340
342
383
399
381
760
756
758
770
771
900
905
900
896
902
838
835
830
831
363
363
339
343
451
443
444
441
378
378
772
756
757
772
772
899
897
891
835
846
848
831
845
352
368
356
357
356
439
379
782
790
807
900
898
868
888
839
840
844
847
350
2226
356
347
2311
442
2311
438
786
784
802
1484
801
1485
1456
1455
846
1274
2226
2226
2226
2193
2312
2315
2315
2320
2318
785
1479
1483
1484
1481
1456
1453
1262
1263
1263
1262
1256
1274
2220
2219
2225
2217
2197
2193
2196
2306
2305
2314
2315
2320
2319
1480
1480
1490
1485
1461
1459
1269
1277
1276
2221
2221
2192
2197
2302
2302
2317
2281
1472
1487
1490
1463
1470
1459
1272
1269
1282
1281
1282
1281
2206
2190
2195
2303
2277
2404
2274
2406
2409
1486
1427
1426
1469
1471
1268
1282
1282
2206
2207
2203
2189
2189
2376
2377
2377
2413
2405
2408
2410
2409
1433
1470
1468
1219
1219
1223
1215
2207
2116
2121
2121
2122
2141
2141
2367
2376
2372
2367
2370
2414
2412
1429
1433
1431
1423
1423
1324
1218
1214
1216
2115
2117
2117
2118
2150
2148
2368
2370
2372
2411
2412
1430
2379
1420
1432
1421
1324
1324
1358
1212
2126
2123
2119
2137
2171
2358
2358
2356
2353
2353
2352
2379
2380
1398
1409
1329
1329
1322
1358
1358
2124
2136
2136
2124
2137
2138
2173
2139
2173
2358
2357
2354
2350
2381
2381
1399
1397
1399
1399
1406
1405
1328
1328
1322
1352
1349
1350
1405
536
529
590
600
595
598
595
595
469
467
469
458
461
461
754
753
754
718
963
951
963
950
951
947
946
944
958
587
533
589
602
603
483
470
462
464
465
465
455
461
749
719
718
972
978
951
947
957
957
533
569
572
574
601
484
601
474
464
96
749
745
748
747
720
720
732
979
948
961
959
960
538
566
572
577
584
584
485
472
473
102
101
746
749
733
735
734
735
645
977
659
658
961
959
538
538
570
571
579
580
583
582
471
112
110
474
403
102
91
767
766
735
734
647
656
659
1173
1170
610
361
537
366
340
581
342
447
108
399
92
93
765
764
767
767
905
905
903
645
656
655
610
1177
365
366
366
341
446
447
443
122
90
93
764
772
771
905
904
901
902
834
1174
830
363
369
371
344
340
342
444
126
123
89
783
778
781
781
898
900
892
895
892
844
1175
371
355
346
347
347
442
126
127
128
122
782
786
783
789
888
889
888
894
895
893
368
2223
345
357
346
2077
440
2076
125
128
127
786
786
791
791
791
790
789
1482
1656
893
1638
845
2223
1904
2222
1906
2197
2088
2315
131
2320
1476
1478
791
1478
1482
1657
1275
1638
2223
2223
2219
1920
1916
2079
2076
2088
2320
2093
1477
1477
1473
1483
1481
1458
1457
1650
1650
1648
1631
1275
1277
1274
1277
2218
1919
2195
2111
2113
2317
2316
1474
1475
1473
1487
1458
1458
1269
1279
1279
2205
1919
2190
1918
1918
2096
2375
2375
2405
2401
2403
2401
1474
1487
1469
1470
1224
1278
2206
2206
2142
2376
2377
2405
2402
1424
1428
1428
1422
1422
1471
1220
1225
1225
2115
2120
2121
2144
2145
2145
2143
2377
2374
2372
2371
2400
2407
2408
1425
1428
1423
1416
1422
1218
1218
1324
1225
1355
2130
2122
2131
2121
2149
2150
2145
2366
2374
2372
2364
2399
2398
1404
1430
1403
1321
1333
1334
1322
1355
1357
1323
2131
2126
2147
2147
2150
2364
2349
2349
2399
2384
2379
1403
2383
1409
1407
1408
1329
1327
1351
1351
1356
1352
2123
2128
2139
2139
2139
2140
2355
2363
2354
2350
2350
2384
1399
2383
1398
1406
1408
1329
1326
1325
1353
1352
2355
598
459
586
592
590
597
597
596
469
463
457
458
460
752
754
754
753
964
964
965
951
954
956
953
953
588
593
593
591
593
598
596
468
462
465
460
239
1002
1003
972
971
975
980
956
955
956
958
953
569
568
569
567
591
285
465
96
238
101
1006
1007
1007
1007
972
975
980
978
979
954
960
929
567
574
573
573
584
574
584
111
109
102
1005
1004
1079
973
977
961
360
359
570
581
137
140
112
110
109
85
102
1081
1080
1081
1072
1074
646
1173
1171
1173
1178
361
360
361
359
571
580
139
112
88
90
87
108
85
93
1082
1071
1073
1074
1074
902
1202
1171
1170
364
362
373
342
134
140
124
90
92
765
1071
1071
901
1202
891
1177
370
371
370
372
343
134
135
125
124
123
777
781
777
778
890
895
895
1175
1182
1183
1183
1181
371
368
369
344
347
440
126
126
130
788
781
780
890
889
894
1182
1183
1181
367
1904
368
346
1909
2083
2084
120
2089
129
131
131
131
788
785
779
1782
890
1657
1658
1652
1641
1641
1639
1637
1904
1907
1907
1888
1908
1906
2083
2083
2077
2089
2089
2093
2093
1794
787
1476
1782
1660
1780
1656
1652
1640
1651
1641
1638
1640
1921
1921
1915
2079
2088
2089
2094
1779
1781
1782
1649
1649
1629
1627
1920
1923
1924
1915
1916
2078
2079
2112
2113
2108
2108
1474
1474
1777
1775
1775
1650
1647
1648
1631
1646
1630
1631
1279
1885
1922
1922
1917
1919
2097
2112
2098
2113
2401
1475
1428
1777
1774
1647
1647
1631
1222
1222
1279
1886
1886
1919
1873
2143
2098
2373
2098
2405
2027
2105
2404
2403
1424
1427
1428
1682
1416
1220
1225
1224
1222
1886
1876
2145
2144
2365
1873
2020
2374
2374
2371
2399
2400
2398
1402
1425
1417
1418
1415
1415
1334
1223
1354
2129
2120
2149
2365
2364
2399
2398
2382
1402
1404
1418
1416
1334
1332
1334
1331
1355
2131
2129
2147
2131
2150
2364
2029
2385
2386
1403
1412
1407
1337
1332
1325
1356
1346
2130
2128
2138
2135
2134
2133
2140
2360
2362
2362
2386
2386
1397
1403
1401
1413
1408
1413
1408
1339
1326
1340
1352
1346
2127
2361
1353
236
1001
585
586
593
598
300
301
244
463
244
457
460
235
239
1000
1003
1003
964
964
965
952
953
917
955
916
588
588
592
295
597
283
243
244
237
237
238
239
1017
1003
1008
1002
972
975
980
956
918
569
587
293
293
284
94
96
95
99
1018
1016
1008
1008
1008
974
980
975
977
977
931
930
928
163
163
574
289
286
286
107
95
107
94
98
100
1005
1080
1075
1004
974
1199
925
927
926
925
931
928
358
566
156
156
289
136
136
111
112
106
109
84
100
1083
1083
1079
1204
1198
1172
1173
1178
359
359
156
133
140
139
140
88
88
87
75
85
1083
1082
1083
1072
1073
1199
1203
1198
1202
1201
1177
376
372
155
134
133
134
135
138
82
83
85
1059
1060
1071
1069
1074
1190
1068
1190
1190
1174
1178
376
375
376
373
149
150
148
115
115
78
1058
780
1057
1067
1124
1197
1179
376
374
224
146
147
120
120
114
788
776
774
774
890
1057
1125
1131
1179
1183
1890
374
1909
2084
147
119
120
121
129
130
118
117
788
775
780
1659
1659
1654
1652
1639
1653
1638
1888
1908
1909
2084
2086
2085
2091
2094
1799
1778
1782
1780
1660
1655
1655
1641
1636
1900
1912
1912
2080
2087
2081
2085
2092
2094
1794
1800
1801
1801
1778
1779
1785
1650
1652
1643
1625
1633
1628
1633
1900
1924
1923
1918
1913
2079
2095
2112
2113
2107
1811
1811
1776
1777
1775
1642
1629
1628
1627
1924
1924
2096
2097
2098
2110
2104
2106
2108
1810
1809
1775
1680
1644
1519
1515
1525
1517
1222
1515
1884
1885
1883
1886
1874
1876
2101
2102
2105
2027
2026
2027
1808
1807
1807
1681
1682
1682
1680
1522
1520
1522
1527
1527
1512
1882
1883
1875
1873
2101
2019
2034
2027
1692
1692
1691
1682
1521
1526
1331
1343
1355
1845
1845
1874
2149
1826
2034
2028
2019
2029
2020
2011
2013
1691
1690
1411
1417
1416
1521
1333
1331
1342
1343
1846
1842
2128
2135
2132
2132
1826
2360
2031
2031
2010
2011
2012
2383
1400
1400
1414
1411
1414
1414
1330
1331
1347
1347
2128
1848
2135
2135
2134
2133
2360
2032
2362
2362
2006
2385
2006
2386
2003
2383
1401
1411
1412
1414
1414
1336
1338
1339
1345
1339
1346
1344
1348
1347
1347
985
917
185
187
301
301
296
300
244
244
231
232
232
236
1014
1001
995
969
970
966
967
967
962
917
918
920
916
296
296
296
292
284
242
243
235
1018
232
1018
1014
1015
995
968
970
970
966
927
920
916
919
185
186
294
293
293
283
285
242
97
1013
1018
1017
1012
1016
1009
1015
1009
968
970
927
929
938
162
158
163
151
290
291
291
291
287
105
99
1013
1011
1078
974
927
925
1207
926
931
932
161
160
160
159
159
159
152
291
105
107
88
86
98
1076
1076
1078
1077
1078
1206
1207
1201
932
1176
161
167
156
157
159
133
137
138
142
107
83
83
80
87
76
76
1069
1069
1203
1207
1192
1192
1200
1191
1176
219
220
149
144
150
145
83
115
82
79
78
75
1060
1059
1092
1067
1068
1067
1204
1195
1192
1186
1180
217
218
224
225
145
148
145
114
77
78
1062
1058
1064
1065
1125
1125
1131
1130
1197
1196
1179
1188
1185
216
224
149
121
115
114
118
118
775
776
775
1065
1126
1126
1130
1131
1131
1129
1197
1188
1185
1184
1890
1889
1895
223
146
65
117
1798
775
774
1123
1654
1654
1636
1634
1635
1890
1888
1898
1890
1892
1892
2082
2084
2060
2086
2091
2090
2091
1797
1801
1784
1786
1787
1659
1659
1655
1655
1634
1636
1633
1898
1899
1899
1897
1897
1913
2081
2080
2073
2060
2091
2094
1801
1800
1785
1787
1789
1645
1642
1624
1626
1626
1632
1900
1900
1914
1913
1911
2073
2074
2109
2107
1793
1804
1811
1792
1791
1788
1788
1644
1644
1643
1624
1625
1624
1626
1902
1884
1880
1901
1913
1910
1910
2100
2110
2104
2108
1810
1804
1806
1811
1806
1802
1777
1694
1687
1644
1517
1518
1882
1869
1876
2099
1876
2100
2103
2103
2103
2025
2023
1805
1809
1808
1688
1685
1685
1680
1686
1520
1526
1527
1525
1511
1513
1883
1869
1824
1821
2103
2033
2021
2034
2022
2024
2015
2025
1692
1689
1683
1681
1523
1527
1513
1512
1513
1878
1844
1841
1840
1841
1824
1822
2034
2037
2022
2009
2009
2017
2012
2013
1692
1690
1728
1571
1574
1342
1524
1343
1845
1845
1843
1842
1826
1826
1828
2032
2032
2008
2010
2012
1718
1717
1720
1729
1730
1337
1341
1572
1340
1341
1847
1847
1846
1843
1829
1829
1827
2030
2032
2008
2007
2002
2002
1717
1720
1727
1338
1336
1336
1730
1339
1345
1348
182
298
297
298
299
301
263
231
234
234
997
985
999
1055
1056
1054
917
923
921
184
180
187
295
299
262
263
260
259
231
233
234
1015
996
999
1024
969
934
933
922
920
187
186
294
288
288
261
257
258
255
228
1013
1011
1009
1022
1027
1027
934
940
920
942
163
151
104
34
36
1013
1012
1088
1078
1026
1027
1026
937
936
932
938
939
939
167
168
167
158
157
290
287
103
103
33
1087
1086
1089
1090
1089
1207
1205
1206
935
1192
1201
167
168
152
152
141
141
104
81
79
28
54
53
1075
1093
1093
1090
1205
1133
1200
220
219
222
222
143
143
145
142
12
81
80
78
48
55
1092
1093
1093
1063
1063
1069
1193
1194
1137
1138
220
220
221
225
150
145
71
116
116
50
1065
1065
1127
1128
1196
1128
1193
1187
1187
1186
216
217
225
225
70
73
72
66
66
61
63
1064
1123
1129
1197
1144
1188
1185
1889
1893
1894
1893
1895
1950
66
65
64
63
1797
1061
1786
1126
1608
1589
1636
1188
1589
1185
1895
1894
1895
1959
1959
2059
2065
2063
1799
1798
1783
1787
1787
1609
1609
1600
1598
1896
1897
1892
1962
1960
2066
2057
2060
2063
2064
1796
1796
1783
1784
1791
1645
1607
1599
1599
1626
1598
1903
1905
1954
1911
2070
2074
2072
1795
1796
1805
1803
1790
1791
1791
1789
1605
1604
1516
1595
1595
1880
1901
1914
2075
2071
1806
1806
1694
1792
1790
1687
1519
1518
1516
1514
1881
1870
2099
1854
2100
2102
1963
2022
1964
1693
1694
1696
1686
1687
1686
1539
1541
1524
1518
1510
1878
1868
1869
1869
1823
2035
2036
2021
2016
2023
1694
1689
1697
1683
1541
1523
1511
1548
1548
1840
1839
1840
1824
1824
1822
2037
2037
2016
2018
2018
2015
1673
2014
1725
1688
1728
1695
1735
1570
1573
1573
1548
1842
1835
1840
1843
1818
1828
1829
1821
1813
2035
2037
2007
2017
2005
2015
2012
1724
1719
1726
1733
1730
1732
1730
1571
1574
1573
1578
1578
1576
1848
1834
1838
1837
1829
1828
2030
2008
2008
2003
1718
1720
2000
1720
1726
1729
1727
1732
1581
1577
1579
2001
986
181
297
181
298
282
281
279
248
263
259
252
233
986
989
998
997
1053
999
1055
1056
1056
906
923
923
921
282
282
277
277
263
261
262
260
254
229
234
992
999
1022
1054
1046
922
933
923
184
183
187
273
274
276
276
271
258
255
228
990
996
1022
1019
1023
1023
934
941
913
942
164
184
184
165
153
274
257
272
257
35
36
36
33
36
1010
990
1085
1020
1022
1020
1025
1027
1025
937
937
935
941
165
164
166
193
10
20
35
33
28
54
1088
1088
1085
1167
1169
1169
937
1132
1132
940
1135
1134
209
195
192
192
10
11
19
32
26
1087
54
55
1086
1091
1092
1107
1167
1168
1137
1138
1139
208
207
222
199
201
201
14
12
46
53
49
48
1091
1106
1104
1103
1103
1165
1194
1136
1139
1140
210
222
218
71
71
10
67
12
57
61
47
1062
50
1095
1094
1095
1104
1127
1195
1142
1141
1145
1145
1893
1935
69
74
67
60
57
62
61
50
1062
1102
1126
1119
1119
1121
1142
1144
1937
1959
1950
74
68
69
69
2062
64
2061
63
1772
62
63
1768
1768
1766
1118
1747
1117
1611
1609
1611
1589
1591
1145
1936
1935
2067
69
2058
2065
1772
1767
1767
1749
1749
1610
1608
1612
1612
1597
1905
1929
1962
1961
1960
1962
2066
2068
2070
2067
2060
2065
2058
2057
1773
1771
1764
1746
1748
1747
1604
1607
1601
1598
1597
1903
1902
1955
1957
1962
1953
2069
2074
2064
1773
1796
1765
1803
1749
1746
1746
1613
1606
1600
1595
1595
1879
1871
1954
1953
2075
2075
2072
2052
1795
1802
1605
1542
1543
1518
1514
1543
1871
1881
1879
1871
1870
1857
1857
2075
1979
1968
1967
1963
1971
1966
1964
1664
1664
1673
1671
1696
1697
1684
1541
1542
1546
1510
1877
1881
1857
1853
1980
1978
1971
1967
1970
2024
1966
1661
1662
1697
1697
1683
1567
1541
1545
1553
1552
1863
1877
1850
1818
1819
1996
2036
1971
2018
2015
1714
1672
1725
1673
1734
1723
1734
1732
1570
1568
1573
1569
1553
1555
1838
1836
1836
1820
1820
1815
1997
2005
2018
1722
1724
1734
1722
1734
1571
1582
1572
1576
1578
1550
1834
1835
1838
1838
1813
1815
1996
1985
1995
2004
2005
2001
2000
1722
1721
1733
1581
1580
1581
1581
1577
1578
1549
1812
280
1050
179
178
280
282
245
248
252
246
253
987
988
989
989
993
982
1051
1056
1045
907
909
909
182
180
178
176
275
277
247
248
249
250
253
229
994
994
993
1049
1053
1053
1046
912
906
908
170
177
177
273
277
272
258
250
258
254
249
229
992
994
1021
1040
1024
1038
914
913
170
194
191
21
34
256
29
29
1029
1019
1032
1039
936
1166
910
942
170
166
196
196
272
193
21
19
25
33
28
1088
1085
1105
1169
1135
212
197
196
196
193
201
15
26
54
52
52
1105
1161
1169
1166
1137
1133
1134
209
211
198
198
200
14
17
14
12
11
47
51
1107
1107
1110
1165
1137
1139
1140
207
208
199
7
3
46
50
45
49
43
1094
1097
1097
1107
1101
1110
1118
1141
1147
1147
1146
1148
1149
210
1937
1942
73
74
57
61
43
44
44
1099
1102
1101
1117
1118
1121
1120
1147
1145
1938
1937
1935
74
68
59
1769
1768
1751
1622
1121
1120
1593
1144
1591
1938
1935
1951
1952
1952
2061
2062
1772
1772
1770
1766
1768
1765
1753
1610
1611
1612
1603
1592
1598
1590
1930
1933
1957
1958
2068
2069
2051
2065
1761
1763
1764
1749
1754
1622
1607
1602
1596
1596
1929
1933
1955
1956
1956
2070
2038
2046
2046
2052
1761
1740
1741
1741
1748
1615
1617
1607
1603
1603
1602
1594
1926
1933
1954
2070
2039
2046
2044
2046
1663
1664
1675
1740
1696
1613
1538
1546
1536
1866
1855
1856
1857
1853
1979
1979
1977
1968
1965
1966
1966
1663
1664
1669
1678
1675
1674
1674
1540
1540
1546
1546
1551
1545
1552
1866
1866
1849
1854
1979
1968
1970
1969
1666
1661
1662
1673
1670
1678
1569
1568
1564
1554
1555
1864
1832
1864
1860
1819
1998
1999
1999
1999
1971
1969
1725
1715
1723
1705
1703
1567
1564
1558
1555
1555
1833
1833
1820
1832
1820
1997
1996
1987
2005
1714
1713
1725
1722
1735
1582
1569
1576
1559
1550
1831
1833
1837
1812
1815
1996
1988
1987
1989
1988
1988
1989
1708
1711
1699
1698
1698
1584
1584
1579
1550
1711
246
174
281
988
989
981
984
981
1050
1044
1050
1047
1046
1046
909
909
179
275
279
248
265
251
253
988
984
994
1049
1048
1045
1043
907
913
175
176
270
270
272
264
227
30
227
991
1032
1041
1040
1038
912
172
172
169
176
191
272
269
21
31
31
1028
1031
1161
911
913
171
170
194
195
189
20
19
26
30
1035
1032
1161
1109
1160
1164
1154
1152
211
212
197
190
17
16
25
23
24
52
1162
1164
1163
1153
1139
213
215
206
205
201
17
17
15
3
0
26
52
1097
1109
1112
1110
1150
1150
215
205
8
8
3
42
37
1101
1100
1106
1114
1149
213
204
8
6
59
42
45
1099
1102
1115
1115
1143
1147
1148
1943
1938
1951
1952
1949
2054
2056
44
43
1098
1751
1102
1115
1621
1121
1592
1155
1938
1932
1934
1952
2050
2051
2054
1770
1769
1766
1750
1752
1754
1622
1593
1593
1588
1930
1931
2049
2053
2053
1758
1758
1751
1754
1618
1616
1622
1603
1587
1928
1933
1932
1957
1957
1944
1946
2048
1947
1760
1762
1763
1744
1763
1742
1617
1616
1585
1533
1927
1928
1857
1946
2038
2041
2045
2045
1762
1759
1744
1676
1743
1742
1614
1615
1534
1536
1533
1855
1857
1856
2039
1975
1669
1668
1667
1677
1677
1538
1528
1544
1544
1535
1535
1867
1865
1980
1977
1975
1975
1665
1669
1678
1703
1537
1537
1565
1551
1863
1862
1850
1816
1999
1992
1994
1973
1974
1714
1716
1716
1567
1569
1557
1565
1564
1554
1833
1998
1994
1987
1982
1981
1707
1710
1715
1709
1705
1583
1557
1557
1558
1560
1831
1830
1817
1816
1988
1984
1708
1711
1700
1701
1699
1584
1560
1559
1549
1986
174
278
245
253
1042
1037
173
251
1051
1041
177
268
269
241
1048
22
227
1028
1032
911
910
172
206
21
1029
1161
1162
1152
191
27
1030
1154
1152
215
205
16
1
38
1111
1112
1164
1150
205
7
8
5
3
37
40
1097
1112
1159
1159
1942
204
1948
59
39
1116
1942
1948
44
1116
1587
1155
1943
1947
2051
2055
1755
1751
1753
1754
1932
1947
2048
2051
2050
2053
1758
1756
1617
1618
1926
1743
1739
1739
1743
1617
1614
1586
1532
1852
2043
2043
1763
1534
1533
1852
2041
2044
1668
1743
1737
1536
1862
1852
1977
1669
1678
1703
1531
1563
1867
1861
1994
1973
1666
1716
1706
1529
1565
1565
1862
1994
1984
1709
1701
1583
1817
1982
1701
1560
173
1031
1044
1043
991
190
268
269
1039
1096
1109
1163
214
202
1
0
1150
59
1155
1593
1945
1586
1945
1925
2055
1755
1619
1759
1619
1851
1535
1531
1867
1975
1706
1529
1706
1561
1986
1984
1050
1037
982
1042
175
264
914
991
1154
23
190
22
1164
202
1111
1114
1114
1949
2056
1756
1585
1944
2041
1530
1531
1867
2043
1737
1977
1665
1562
1973
1713
1716
1991
1981
1713
1704
1584
1560
278
1047
241
1031
1041
1043
172
1035
24
1154
202
1112
1159
214
4
42
2
1098
39
2056
1758
1738
1760
1667
1860
1676
1993
1706
1561
1993
1711
1700
267
241
983
983
1037
265
31
189
1158
214
17
38
1159
1116
1941
1942
39
1752
1621
1588
1925
2049
1757
1927
2041
2042
1928
1852
2040
1528
1990
1858
1858
1983
1707
1704
267
241
2345
2345
1037
266
266
1872
1227
189
1033
1033
1158
4
203
5
1940
1159
1940
1736
1939
1939
1736
1620
2055
1619
1739
1739
1122
1671
1531
1562
1702
1862
1859
1990
1529
1562
1991
1983
1156
1157
2345
1034
1036
1036
1227
1227
154
1034
154
2266
679
2266
2204
40
2125
2114
1978
680
2194
418
1814
2267
1859
2267
381
2109
492
