3776
1719
473
883
878
878
1713
1716
1720
1500
907
911
1717
1466
1464
1459
1495
1493
1494
526
859
861
1753
1754
1457
1459
528
865
810
804
806
1752
1748
1484
520
823
820
817
1742
1741
1750
1449
1451
1483
705
819
817
812
1742
1853
1451
726
727
724
813
1887
1882
1884
1852
1851
1628
1627
1604
1602
682
726
714
735
766
1886
1857
1647
1601
680
680
683
714
712
764
1872
1856
1643
1638
1645
1601
655
653
3610
3693
3697
1870
2778
3570
3608
3610
3693
3696
2777
2774
2598
3607
3604
3603
3701
2639
3583
3615
3605
3605
3735
3732
3733
2763
2635
2633
2607
3501
3583
3615
3723
2725
2724
2768
2635
2621
2622
2622
2623
3499
3500
3730
3719
3745
2723
2369
2572
2642
2646
2620
2619
3497
3496
3726
2388
2557
3529
3528
3725
2402
2378
2568
2553
2583
2556
2546
2539
2546
3494
3492
3512
3511
2403
2378
2545
3494
3510
3516
3345
3345
2401
2401
2399
2380
2587
2558
2559
2561
2538
481
480
480
474
483
476
883
884
880
880
878
907
911
912
1713
1713
1717
1720
1464
1719
1470
1465
1470
1502
1503
1501
1490
484
478
474
857
859
863
882
913
911
1715
1717
1716
1722
1720
1723
1464
1465
1503
1494
1501
1495
481
524
526
528
859
864
864
810
810
808
809
1769
1757
1767
1769
1767
1754
1462
1457
1459
1459
1488
1493
1488
526
519
530
530
863
865
810
808
806
1757
1764
1741
1753
1748
1446
1457
1454
1455
1483
519
522
520
517
530
530
825
821
821
815
798
1746
815
1745
1748
1451
1451
1453
1484
1594
673
518
705
823
726
820
819
817
815
1883
1744
1881
1745
1852
1742
1750
1449
1626
1606
1603
1595
1595
1594
671
701
701
707
706
705
728
766
812
1886
1885
1883
1855
1847
1851
1649
1627
1651
1626
1602
1603
1597
673
701
684
682
728
727
723
764
766
1877
1887
1885
1884
1651
1649
1650
1636
1604
1620
1621
655
651
650
684
683
710
714
712
723
764
766
1879
1879
1870
1872
1872
1867
1643
1639
1645
1641
1619
1615
1621
1621
655
655
678
714
3689
761
3693
3695
3696
3697
2775
1868
1643
1640
1643
1639
1638
2626
1617
1617
2598
3571
3575
3612
3611
3600
3610
3601
3601
3655
3688
3693
3691
3699
3701
2779
2786
2777
2779
2778
2829
2627
2760
2823
2627
2628
2609
2602
3571
3570
3607
3614
3600
3603
3688
3691
3699
3701
3701
2784
2781
2782
2828
2761
2764
2633
2760
2631
2605
2608
2609
3581
3577
3582
3604
3603
3721
3722
3737
3737
2722
2727
2762
2762
2763
2639
2604
2639
2604
2608
2607
3583
3508
3617
3722
3723
3721
3745
3737
3733
3732
2723
2727
2766
2767
2641
2646
2624
2618
2624
3500
3496
3499
3506
3507
3507
3616
3729
3729
3728
3743
3743
2724
2388
2767
2642
2644
2621
3497
3501
3505
3531
3531
3730
3726
3743
3738
3739
2368
2371
2368
2388
2572
2572
2568
2553
2556
2554
2546
2619
2548
3485
3485
3482
3527
3528
3529
3539
3725
3741
3739
2395
2372
2373
2388
2380
2380
2570
2570
2557
2550
2550
3485
3519
3526
3526
3527
3539
3345
2393
2403
2402
2373
2376
2380
2586
2581
2583
2553
2559
2563
2546
2543
3492
3494
3520
3518
3520
3512
3514
3515
3346
3347
2401
2397
2376
2376
2586
2561
2563
2539
2541
2542
2541
2543
3494
884
1470
485
483
473
874
884
884
889
909
912
1727
1727
1737
1733
1712
1724
1724
1474
1468
1502
1500
1491
1490
485
500
477
477
478
857
871
868
882
880
867
909
893
909
913
1726
1734
1769
1723
1472
1473
1461
1499
1498
1498
1479
498
500
487
861
861
869
868
907
901
1761
1729
1759
1759
1761
1769
1765
1767
1670
1466
1461
1487
1486
1481
524
507
505
504
504
528
869
810
804
1761
1757
1765
1752
1447
1420
1455
1417
1477
1488
1476
521
521
518
513
514
515
824
790
825
799
797
797
1746
1763
1838
1750
1447
1446
1421
1454
1599
1488
522
517
706
824
795
825
789
813
802
1854
1853
1849
1623
1624
1598
1597
671
676
707
736
758
753
1874
1882
1848
1847
1848
1649
1624
1628
1606
673
677
675
703
686
685
703
710
721
724
734
1875
1875
1862
1857
1849
1860
1651
1647
1634
1634
1619
1636
1621
1611
653
680
692
685
720
721
734
719
762
760
762
1877
1879
1879
1872
1866
1864
1859
1845
1636
1636
1620
1608
691
3611
719
3657
3689
761
3695
3704
1870
1868
2775
1867
1641
2629
1615
2602
3573
3572
3608
3612
3657
3655
3709
3714
3703
2785
2786
2774
2828
2827
2829
2821
2823
2626
2629
2628
2600
3575
3572
3573
3577
3625
3621
3718
3712
3699
3705
2786
2782
2826
2825
2764
2760
2631
2605
2602
2600
3577
3581
3579
3579
3615
3626
3616
3627
3627
3754
3718
3765
2722
2781
2761
2766
2750
2635
2654
2639
2609
2616
3583
3464
3509
3617
3756
3735
3737
3765
2725
2734
2768
2772
2650
2653
2614
2615
3504
3506
3748
3750
3719
3751
3752
3765
3763
2734
2770
2770
2650
2652
2643
2643
2623
3460
3487
3459
3503
3509
3535
3728
3749
3728
3745
3738
3745
2369
2365
2366
2386
2386
2572
2641
2644
2499
2620
2612
3487
3487
3483
3505
3537
3538
3539
3341
3335
3741
2372
2362
2371
2382
2580
2568
2555
2555
2548
2550
2548
3487
3483
3539
3341
3347
2393
2394
2397
2384
2383
2570
2382
2580
2593
2565
2564
2550
3490
3489
3489
3490
3518
3522
3519
3521
3515
3516
3514
3343
3343
3346
2398
2397
2399
2416
2587
2416
2585
2584
2590
2595
2558
2564
2565
2484
2491
2584
2589
2563
491
876
1468
484
490
492
492
476
875
874
875
891
898
891
896
1737
1738
1735
1733
1724
1654
1473
1468
1506
1506
1506
1497
1499
1525
1491
500
488
872
872
874
889
894
900
1730
1731
1731
1730
1735
1722
1472
1425
1523
1480
498
493
500
494
487
854
856
867
894
900
905
1761
1729
1706
1764
1668
1462
1425
1418
1418
1444
1529
1481
1480
498
511
505
513
509
854
854
852
795
800
798
1759
1757
1704
1672
1672
1670
1422
1417
1442
1481
1476
507
515
514
791
793
795
800
772
1756
1703
1837
1422
1421
1442
1590
1477
1577
502
503
696
695
791
789
795
799
1828
1828
1837
1838
1842
1842
1830
1834
1586
1588
1590
1590
1598
671
675
703
665
694
697
694
732
785
736
756
802
1824
1855
1842
1831
1623
1588
1584
1599
675
677
676
686
731
734
758
756
754
1874
753
1822
1864
1844
1844
1845
1634
1632
1613
1612
1612
1597
650
651
660
690
721
721
720
758
745
758
754
1779
1864
1862
1859
1651
1630
1629
1610
1609
658
662
658
691
692
3651
3656
3710
3715
3703
2797
1864
1862
1774
1860
2818
2819
1629
2711
2703
2685
2686
3598
3596
3623
3623
3657
3710
3714
3716
3704
2797
2797
2789
2826
2825
2823
2823
2703
2705
2686
2703
2602
3597
3586
3590
3627
3638
3712
3708
3706
2785
2791
2786
2791
2827
2818
2755
2821
2700
2705
2693
2694
2692
3579
3594
3625
3637
3755
3755
3758
3766
2784
3706
2792
2730
2732
2788
2753
2751
2751
2667
2701
2673
2615
3465
3626
3463
3619
3619
3756
3758
3760
3767
2734
2732
2772
2750
2653
2652
2616
2614
3465
3461
3463
3463
3508
3748
3752
3760
3763
3773
2364
3762
2734
2772
2770
2747
2647
2654
2652
2611
2611
3461
3459
3475
3504
3478
3532
3535
3334
3750
3360
3751
3775
2364
2364
2386
2648
2648
2524
2504
3482
3476
3533
3533
3537
3339
3360
2394
2366
2405
2361
2383
2578
2575
2576
2576
2554
2500
3440
3474
3524
3532
3337
3339
3341
3362
2395
2406
2406
2412
2384
2578
2580
2580
2591
2507
2480
2479
3448
3449
3524
3521
3522
3343
3354
3352
2391
2391
2418
2418
2414
2595
2585
2592
2591
2593
2590
2589
2482
2482
2483
2491
3337
2483
574
490
572
491
831
876
830
891
887
898
896
1739
1737
1739
1738
1656
1653
1653
1660
1474
1516
1510
1510
1510
1524
568
570
871
579
580
850
893
898
896
898
902
903
1683
1734
1707
1658
1657
1656
1654
1427
1508
1523
1524
496
494
488
849
848
852
842
894
901
903
1708
1708
1710
1706
1710
1657
1674
1429
1425
1444
1526
1533
1533
496
553
493
511
854
852
793
769
1707
1703
1668
1702
1429
1429
1442
1531
1533
503
502
511
509
509
540
782
790
793
778
773
780
770
1704
1700
1672
1668
1840
1672
1835
1422
1420
1592
1592
1577
1576
664
667
699
664
699
697
636
787
787
785
775
771
1826
1818
1826
1842
1835
1834
1586
1557
1588
1592
1584
1570
1573
669
667
696
695
640
730
730
751
741
1828
1821
1826
1824
1806
1841
1831
1830
1550
1586
1549
1584
1571
669
665
688
731
732
747
750
1821
1812
1811
1554
1549
1584
1609
661
660
690
625
623
715
744
744
740
743
1778
1774
1813
1801
1803
1803
1540
1632
1613
1611
1608
662
662
658
688
3653
3657
745
739
738
743
1783
1774
1800
1803
1800
2806
2808
1630
2713
1538
1540
1568
2688
3597
3598
3586
3546
3652
3652
3709
3716
3715
3714
2795
2793
2812
2809
2810
2804
2807
2819
2711
2713
2685
2687
3592
3596
3588
3621
3651
3636
3637
3663
3660
3708
2793
2788
2810
2757
2709
2705
2705
2701
2693
2698
2696
3591
3587
3586
3590
3627
3640
3639
3642
3636
3638
3659
3705
2791
2789
2729
2756
2756
2700
2675
2696
2675
2677
2694
3455
3453
3464
3468
3639
3754
3758
3760
3686
3767
3766
3762
2729
2740
2732
2753
2746
2668
2673
2666
2673
2670
2677
3453
3453
3467
3769
3771
3773
2365
2472
2772
2468
2749
2746
2665
2665
2661
2671
2612
2671
3456
3460
3480
3477
3394
3339
3332
3775
3770
3775
3773
2471
2473
2469
2467
2465
2574
2464
2647
2522
2500
2504
2506
3439
3476
3475
3477
3367
3339
3335
3360
3362
2361
2362
2469
2464
2526
2575
2526
2499
2502
2506
2504
2506
3442
3450
3450
3366
3372
3356
3354
3358
2392
2410
2408
2408
2412
2412
2578
2511
2524
2479
2482
2480
3442
3449
3450
3365
3369
3368
3355
3351
3351
3352
2410
2410
2418
2418
2595
2595
2512
2513
2484
2487
3364
576
1521
574
572
577
570
829
832
829
886
937
941
926
926
921
922
924
1689
1693
1693
1663
1661
1516
1518
1512
1514
1508
1512
1525
570
574
572
581
830
848
936
887
936
1682
1695
1691
1658
1665
1662
1661
1517
1517
1508
1527
1523
568
551
578
579
849
850
842
844
928
931
933
902
1682
1702
1676
1423
1429
1427
1432
1529
1533
553
559
553
559
543
539
542
539
844
846
931
928
905
768
769
1683
1684
1700
1675
1679
1435
1431
1437
1438
555
555
555
544
542
643
782
773
772
1698
1700
1680
1680
1678
1440
1434
1440
1577
1577
603
640
646
635
787
787
779
776
771
1817
1820
1817
1840
1841
1835
1558
1560
1592
1580
1579
667
603
602
638
749
776
775
1828
1820
1822
1816
1807
1809
1559
1554
1554
1559
1582
1579
1571
1570
669
599
640
621
636
620
749
750
741
738
1816
1788
1778
1813
1811
1552
1550
1545
1543
1582
1567
1565
1565
662
612
625
625
625
751
743
1779
1776
1812
1805
1811
1805
1540
1540
1542
1569
1569
661
3566
623
633
3645
747
3644
739
1782
1781
1776
2812
1801
2806
2807
2713
1568
2690
3568
3567
3546
3546
3649
3662
3662
3664
3667
1781
2794
2814
2809
2815
2808
2803
2707
2711
2713
2706
2689
2688
3591
3558
3566
3587
3544
3653
3649
3649
3633
3644
3632
3662
3664
2795
2799
2792
2814
2757
2803
2706
2698
2689
3592
3594
3588
3544
3634
3631
3660
3684
2730
2742
2740
2755
2744
2664
2667
2696
2683
2681
2683
2677
3454
3549
3640
3642
3760
3684
3686
3686
3673
2742
2742
2742
2745
2666
2675
2679
2679
3457
3457
3472
3467
3402
3332
3330
3331
3769
3680
3770
3674
2473
2465
2747
2657
2656
2661
2679
2670
3456
3438
3480
3468
3470
3393
3393
3413
3331
3328
3332
3326
3775
3771
2472
2475
2468
2449
2526
2534
2534
2502
2506
3437
3438
3439
3478
3367
3394
3327
3328
3319
3305
2405
2471
2430
2460
2467
2528
2532
2530
2496
2493
3446
3440
3444
3390
3371
3374
3355
3358
3362
3362
3349
3306
2408
2427
2462
2517
2513
2521
2498
2496
3448
3445
3445
3446
3369
3390
3364
3365
3371
3375
3356
3350
3350
3349
2410
2414
2428
2414
2417
2462
2511
2512
2516
2521
2486
2486
2487
2462
574
566
577
577
576
837
831
839
939
941
943
916
920
924
1695
1690
1694
1662
1516
1513
1140
1513
1514
1512
1521
1521
1179
566
566
581
580
827
832
937
930
935
935
943
922
921
1689
1663
1660
1123
1127
1126
1527
1177
1179
548
549
544
535
828
844
828
933
935
288
1685
1687
1685
1690
1691
1665
1674
1125
1518
1526
1531
1156
546
551
542
543
537
846
931
928
933
290
360
1687
1684
1702
1675
1678
1676
1436
1431
1432
1438
1531
1248
557
559
558
557
540
644
642
846
778
406
407
779
770
397
360
1698
1702
1680
1679
1436
1434
1437
1248
1250
1575
594
559
601
646
644
642
783
393
780
395
359
1818
1387
1815
970
1680
1833
1561
1558
1556
1575
1575
1244
599
603
600
646
635
783
365
367
358
359
1788
1816
1807
1806
1562
1560
1557
1580
1241
1573
599
616
618
610
638
620
621
364
356
356
1793
1788
1790
1786
1809
1552
1546
1547
1543
1565
1195
618
611
631
633
631
748
382
380
382
355
1794
1781
1792
1785
1805
1552
1536
1547
1547
1542
611
3561
628
627
631
3169
633
3647
372
380
382
1782
1783
1771
1772
1794
1772
1776
2816
2185
1538
2136
1567
3562
3562
3567
3541
3546
3647
3645
377
3668
3667
2801
1771
2800
2816
2185
2690
2133
3561
3568
3555
3556
3542
3542
3649
3634
3663
3669
2799
3669
2800
2814
2815
2804
2709
2185
2194
2241
2236
2707
2698
2132
2681
3559
3551
3549
3633
3632
3659
3668
3671
2738
2736
2735
2745
2664
2664
2683
2681
3558
3553
3549
3553
3548
3630
3629
3679
3682
3686
3684
3674
3673
2740
2744
2668
2659
2683
3454
3455
3399
3404
3330
3679
3677
2477
2476
2749
2450
2450
2656
2659
1903
1904
3430
3472
3470
3400
3406
3398
3404
3332
3320
3322
3320
3317
3678
2475
2476
2452
2454
2449
2528
2657
2661
2536
2529
2494
3433
3437
3435
3470
3396
3397
3397
3413
3323
3319
3315
3316
3313
2432
2475
2460
2534
2536
2535
2532
2529
2498
2530
3434
3444
3385
3386
3372
3413
3308
3308
3306
3305
2429
2429
2430
2460
2458
2528
2515
2519
2521
2498
2493
2498
3426
3425
3389
3389
3391
3376
3374
3376
3420
3419
3310
3310
2421
2420
2428
2462
2456
2517
2516
2521
2489
2488
3375
836
917
562
585
584
836
835
835
942
943
916
916
918
1695
1695
998
1000
1139
1129
1141
1140
1171
1177
1173
1173
566
587
588
589
589
839
827
939
942
935
918
270
994
1002
1000
1001
1123
1125
1167
1170
1177
1179
1179
564
549
548
532
588
238
931
285
271
290
992
989
968
989
1122
962
1123
1125
1126
1152
1151
1156
547
536
533
536
537
535
846
408
412
288
965
966
968
1123
1132
1151
592
546
533
643
183
178
408
412
394
397
387
970
966
970
963
1396
1435
1249
1249
1250
1243
593
591
593
600
648
647
190
407
390
393
394
404
395
385
1398
1397
1400
1394
1395
1562
1293
1252
1245
601
594
648
638
188
189
362
391
385
1387
1390
1400
1561
1291
1545
1245
616
616
609
609
629
212
216
364
367
356
1793
1789
1789
1388
1365
1546
1547
1198
1199
1200
1198
1196
618
612
618
629
633
365
374
380
376
1796
1790
1786
1366
1370
1536
1200
1195
1196
614
3564
614
628
3160
3164
3166
372
2853
374
382
378
378
1798
1798
1785
2201
1366
2203
2232
2233
2228
2135
2137
2137
3556
3564
3070
3088
3160
3168
3170
3168
3170
2854
2854
2858
3667
2888
1796
2801
2204
2200
2203
2239
2241
2235
2231
2127
2132
2133
3555
3069
3541
3169
2853
2858
2890
2205
2207
2200
2194
2196
2239
2128
3560
3069
3560
3551
3551
3548
3629
2848
2848
2863
2862
3671
2738
2210
2192
2192
2194
2189
2196
2237
2241
2237
2142
2144
3559
3251
3246
3553
3553
3409
3630
2850
2851
3676
2738
2736
2119
2191
2196
2102
2236
2143
2139
2143
3258
3472
3402
3400
3406
3027
3409
2852
3680
2864
2865
3682
3676
3678
2477
2452
2104
2102
1890
1904
1906
1903
3472
3396
3399
3406
3404
3406
3324
3324
3323
3316
3313
3312
3677
2439
2437
2108
2454
2106
1901
1899
2659
1908
3431
3430
3398
3413
3322
3317
3313
3313
2439
2439
2454
2454
2536
2536
1937
1923
1908
3434
3433
3387
3435
3387
3421
3315
3310
2423
2432
2441
2457
1935
1936
2519
2494
1931
3428
3428
3391
3386
3379
3383
3378
3378
3421
3419
2422
2425
2421
2427
2443
2443
2457
2458
2456
1945
2519
1921
2488
1931
3425
3420
2489
266
977
583
584
585
837
833
247
245
943
247
920
917
266
269
998
996
995
1002
1139
1141
1170
1168
1169
1171
1175
562
583
587
106
835
249
244
267
269
267
271
270
986
994
994
1002
1130
1001
1127
1167
1173
564
564
105
112
113
284
286
286
292
987
983
992
994
989
1130
1129
1134
1133
1132
1162
1154
1156
55
57
532
111
113
111
410
285
410
294
293
294
960
965
971
964
964
1297
1133
1164
1162
1297
1251
1152
591
547
54
183
181
179
178
406
410
412
412
387
294
972
971
963
1295
1297
1251
1248
1240
592
596
52
188
181
188
189
403
391
389
388
387
972
1391
1397
1395
1396
1293
1297
1293
1287
1252
1244
596
608
199
199
204
190
185
186
403
390
385
1388
1392
1398
1407
1394
1291
1407
1289
1289
1241
1243
605
606
608
610
209
216
214
213
362
356
1383
1377
1390
1402
1368
1206
1198
605
608
210
212
220
219
372
370
1798
1382
1379
1382
1365
1374
1370
1370
1202
1199
3086
606
3160
3163
218
219
374
374
376
377
370
370
1798
1381
1375
2199
2218
2217
2232
2229
2233
2136
3085
3088
3163
3164
2856
2860
2860
2890
2890
2205
2198
2201
2216
2216
2230
2228
2130
3074
3074
3157
3158
2847
2856
2860
2858
2860
2890
2886
2888
2209
2211
2207
2198
2239
2241
2214
2129
2128
2142
2127
3074
3070
3249
3162
3158
3161
3162
2850
2848
2885
2884
2209
2211
2192
2192
2189
2152
2142
2144
3251
3247
3206
3029
3028
2852
2851
2862
2875
2874
2117
2196
2096
2189
1892
2140
1889
2150
2139
2140
3253
3251
3255
3258
3247
3206
3201
3028
2865
2864
2874
2873
2437
2873
2116
2104
2106
2108
2104
1889
1891
1898
1891
1916
1912
3256
3256
3208
3202
3027
3036
3035
3066
2439
2117
2112
2108
1898
1899
1890
1908
1906
3431
3232
3244
3396
3411
3035
3411
3315
3037
3061
3067
3067
2434
2445
2441
2108
1901
1934
1938
1922
1922
1908
3424
3243
3423
3385
3383
3382
3383
3416
3030
3415
3050
3050
2435
2422
2443
2447
2441
2445
1941
1934
1936
1923
1929
1929
3426
3423
3391
3381
3383
3379
3417
3417
3416
3415
3052
3310
3052
2423
2425
2420
2447
2445
2037
1942
2037
1946
1946
1946
1926
1944
1927
1925
1931
1929
1931
979
1169
43
91
98
108
109
248
248
245
260
272
273
275
978
995
996
1144
1147
1149
1145
1145
1137
1165
1168
1095
1175
96
107
107
109
249
240
244
275
987
273
974
979
975
990
1002
1149
1147
1149
1135
1160
1174
1154
43
104
105
106
115
112
238
281
282
987
986
981
983
981
960
975
962
1005
1149
1164
1156
1159
56
52
56
58
117
117
183
117
237
284
292
983
946
960
1004
1134
1269
1270
1164
1162
1267
45
46
55
50
54
54
195
197
179
401
400
293
294
955
950
955
957
958
1272
1270
1282
1267
1267
46
48
199
201
201
205
183
186
193
402
404
398
388
389
419
417
1405
1407
1295
1295
1287
1289
1240
1263
1261
163
164
205
203
205
185
402
363
450
419
415
419
1392
1409
1413
1392
1403
1403
1291
1285
1289
1193
1189
176
170
210
208
213
214
223
363
448
415
1385
1391
1377
1402
1370
1363
1368
1359
1206
1208
1201
1192
1191
176
172
209
218
443
446
447
446
1381
1383
1384
1375
1372
1361
1363
1361
1358
1361
1202
1184
1185
1181
3085
3083
3095
208
220
225
447
2880
1381
1379
1374
2217
2230
2135
2229
2126
3084
3086
3079
3084
3089
3177
3177
3166
2843
2841
2840
2840
2882
2353
2888
2359
2347
2199
2213
2218
2213
2231
2129
2125
2126
3079
3081
3074
3079
3072
3181
3177
3175
2836
2834
2833
2877
2882
2351
2204
2347
2187
2214
2222
2146
2148
2130
2172
3081
3081
3072
3157
3179
3173
2838
2837
2878
2885
2886
2209
2349
2210
2187
2339
2189
2220
2152
2146
2148
2152
2148
3254
3254
3253
3249
3246
3204
3178
3029
3013
2867
2863
2871
2870
2869
2869
2870
2342
2119
2123
2100
2098
2152
2150
3255
3249
3211
3202
3203
3203
3024
3027
3025
2875
2867
2871
2121
2116
2122
2095
2096
2102
2100
1897
1892
1894
1916
1914
1909
3234
3233
3207
3201
3025
3033
3037
3036
3063
3062
3065
2873
2115
2113
2111
2106
1896
1894
1910
1910
1909
3233
3235
3234
3212
3212
3208
3210
3031
3031
3035
3062
3063
3065
3066
2435
2113
2110
2110
1938
1937
1918
1916
1919
3232
3232
3242
3244
3199
3197
3197
3048
3047
3052
3061
3044
2434
2039
2038
2052
1934
1935
1919
1963
1921
1918
3424
3240
3238
3238
3199
3199
3407
3407
3051
3052
3044
3042
2447
2447
2041
2051
1946
1942
1944
1941
1945
1926
1927
90
92
100
96
101
247
264
259
277
276
979
1034
1037
1036
1144
1143
1137
1093
1097
43
92
91
98
108
263
264
242
260
272
279
278
978
974
1038
1082
1147
1137
1159
1092
1097
41
39
115
117
115
241
240
241
282
281
985
985
946
1004
1007
1079
1164
1160
1095
1114
43
58
306
308
297
950
948
948
946
1005
1008
1009
1269
1158
1265
1265
1267
1116
35
49
50
57
49
195
197
308
306
301
950
955
957
957
1006
1274
1274
1274
1282
1282
1265
45
48
204
195
197
193
308
400
452
416
426
417
957
1415
1415
1405
1284
1262
1263
164
166
168
201
205
203
223
401
449
449
455
419
426
426
1413
1415
1415
1410
1411
1407
1284
1287
1229
1189
176
163
169
169
207
222
223
450
444
415
1411
1373
1358
1347
1208
1359
1207
1192
1186
1193
176
174
172
159
208
227
227
227
225
448
467
1373
1372
1363
1206
1184
1186
1182
3083
3094
3096
3096
3095
3176
227
225
443
469
2352
1384
2357
1363
2226
2226
2170
1185
2161
1181
3092
3090
3092
3090
3177
2841
2842
2880
2880
2355
2352
2358
2336
2224
2222
2161
2170
3076
3089
3181
3181
3183
3173
2844
2836
2882
2878
2896
2351
2349
2335
2332
2220
2222
2174
2173
2172
2172
3081
3077
3126
3179
3185
2837
2838
2897
2877
2895
2351
2344
2340
2340
2338
2293
2246
2253
2173
2182
3261
3271
3269
3015
2930
2929
2932
2121
2339
2344
2100
2250
2150
2253
2180
3265
3273
3204
3269
3015
3015
3011
3022
3017
2121
2122
2123
2095
2098
2100
2071
1897
1916
1914
1912
3236
3214
3211
3214
3210
3024
3022
3020
3058
2934
2115
2112
2073
2069
1953
1896
1914
2003
2003
3242
3236
3187
3210
3188
2952
3033
3022
3055
3059
3065
3057
2093
2049
2046
2111
2054
2068
2056
1953
1956
1963
2003
3243
3225
3242
3188
3187
3197
3199
3030
2976
2978
3046
3047
3044
3039
3057
2047
2047
2038
2051
2055
2054
2055
2056
1958
1958
1956
1964
1966
1967
3240
3223
3225
3195
3194
2978
2978
3048
3042
3044
2046
2039
2036
2041
2060
2052
1940
1960
1960
1965
1965
3040
1061
89
100
89
102
102
101
76
262
263
258
251
277
1040
1034
1038
1033
1037
1044
1081
1078
1077
1105
1094
1097
1097
102
102
72
72
264
262
264
259
348
278
279
1041
1042
1036
1081
1070
1092
1120
1093
41
41
94
68
67
70
68
237
242
353
347
1040
1044
1014
1012
1016
1080
1118
1120
1120
1116
33
31
39
30
15
67
349
65
350
303
351
353
301
297
950
1011
1031
1012
1014
1007
1016
1009
1008
1117
1280
1118
1113
35
35
30
16
146
306
303
299
297
422
952
953
1029
1329
1272
1278
1280
1282
1259
1280
1262
1259
168
18
152
139
193
452
321
308
313
952
422
421
953
1300
1413
1330
1333
1274
1230
1228
1236
168
149
151
159
153
140
142
456
454
422
424
426
1410
1311
1311
1331
1347
1331
1285
1230
1232
1233
168
170
173
161
161
223
229
454
454
456
455
1409
423
1307
1309
1309
1322
1354
1208
1208
1228
1234
1191
3094
3105
233
231
233
444
471
464
471
465
1385
1319
1310
1353
1349
1352
1211
1184
3101
3176
3153
235
235
234
234
2904
469
2904
471
2899
465
469
2353
2357
2355
1356
2334
1356
2224
2224
2226
2165
2161
1182
3101
3099
3175
235
2845
2902
2900
2357
2358
2359
2336
2283
2226
2282
2167
2170
3077
3097
3124
3125
3183
3185
3173
3185
3138
3139
2843
2845
2844
2834
2897
2351
2329
2336
2335
2334
2294
2245
2167
2181
2176
3076
3271
3125
3126
3185
3183
3138
2832
2893
2896
2895
2343
2343
2344
2336
2332
2293
2244
2174
2181
2178
3260
3273
3273
3266
3010
3013
2939
2928
2929
2342
2251
2255
2255
2180
2182
2268
3260
3261
3265
3271
3263
3273
3267
2961
3015
3010
3020
3011
3018
2928
2934
2930
2932
2089
2088
2085
2077
2067
2251
2253
2250
2001
3264
3265
3287
3284
2959
2952
3020
3018
3022
3054
2934
2934
2091
2074
2074
2068
2071
1953
2005
2004
1999
3235
3265
3190
3192
3192
2952
3054
3017
3055
3059
2091
2093
2049
2073
2054
2076
2069
2064
1949
1948
1953
1951
2005
2004
3229
3229
3190
3191
3192
2976
2976
2998
3058
2043
2042
2062
2060
2064
1956
1971
1963
1967
1969
1997
3223
3227
3229
3229
3194
2978
2972
2974
2974
3000
3040
3039
2045
2043
2057
2062
1960
1960
1959
1959
1971
1964
1966
3195
87
1048
81
83
77
87
256
254
252
254
252
1055
1059
1058
1061
1046
1033
1086
1078
1071
1105
1101
1100
90
94
80
83
69
72
336
254
337
338
251
347
1058
1042
1046
1046
1082
1080
1077
1110
1099
1099
37
37
39
68
72
65
336
338
349
351
337
341
1041
1044
1014
1090
1016
1079
1120
1113
31
16
15
326
304
330
350
340
1027
1031
1030
1064
1109
1276
1112
1114
33
35
20
18
145
144
145
304
304
301
301
1029
1031
1329
1339
1259
13
153
19
152
140
136
146
312
422
438
439
1329
1332
1332
1278
1235
1276
1237
166
4
148
151
148
135
139
142
321
319
424
441
1311
1330
1333
1225
1229
1234
1236
149
159
161
124
316
463
467
463
436
437
1307
1304
1304
1310
1326
1318
1347
1225
1210
1215
1233
1232
1215
174
3109
3105
161
229
462
471
437
464
461
1302
1324
1307
1320
1353
1350
1350
1213
1213
3101
3099
3107
231
235
459
2900
2345
2310
2285
1354
1349
2165
1187
2163
3103
3099
3155
3155
3155
2902
2904
2899
2323
2324
2327
2327
2329
2310
2285
2167
2282
2167
2165
2163
2163
3103
3120
3124
3132
3140
3140
2902
2893
2893
2329
2327
2305
2296
2283
2248
2248
2177
2178
3122
3119
3122
3133
3131
3138
2937
2936
2939
2913
2892
2302
2307
2304
2332
2300
2294
2246
2248
2177
2264
2176
3118
3119
3267
3130
2961
2936
2937
2939
2926
2932
2088
2344
2299
2299
2244
2255
2269
3295
3286
3288
3288
3266
2961
2963
2963
2992
2941
2926
2925
2926
2089
2922
2083
2082
2085
2067
2067
2262
2261
2255
1998
2267
2001
3294
3293
3283
3284
2962
2962
2993
2993
3006
2926
2092
2093
2078
2078
1951
1990
1989
1998
1999
3292
3227
3301
3300
2956
2954
2953
2955
2953
2989
3002
2093
2015
2077
2021
2034
2033
1990
1988
1995
1995
3225
3227
3192
3221
2966
2955
2987
2988
3002
3002
2008
2042
2058
2064
1948
1949
1971
1997
1995
3219
3221
3217
2972
2972
2974
3000
3000
2998
2995
3000
2996
2045
2012
2062
2026
2024
1973
1975
1969
1993
2058
256
81
87
1057
1055
1059
1057
1049
1048
1075
1085
1086
1074
1071
1100
1101
80
85
76
256
63
332
348
1055
1057
1051
1089
1084
1070
1068
1107
1108
9
28
60
63
65
336
330
340
343
1051
1023
1090
1064
1068
1109
11
11
8
28
23
65
329
324
345
341
1031
1021
1339
1110
1108
13
26
19
18
24
321
323
315
345
1025
1030
1335
1337
1341
1255
1278
1259
13
6
20
134
144
144
322
315
312
439
1341
1341
1339
1226
1238
1
4
5
156
138
135
136
323
319
317
313
438
1303
1300
1335
1348
1223
1238
2
157
124
122
458
435
435
1325
1325
1311
1346
1215
1
155
122
124
458
463
436
1304
1320
1322
1318
1210
1211
1215
3111
3109
3153
3149
3151
2910
2909
463
431
1324
2309
1326
1319
2280
1352
2157
1213
3103
3103
3107
3155
3145
3144
2911
2909
2323
2325
2310
2312
2313
2281
2156
2159
2159
3116
3117
3139
2907
2919
2919
2324
2329
2304
2276
2296
2281
2155
2155
3116
3117
3113
3124
3120
3129
3133
3135
3131
2919
2914
2915
2305
2316
2289
2298
2274
2257
2264
3291
3276
3286
3130
3135
3280
2940
2940
2913
2915
2302
2081
2307
2287
2248
2298
2257
2270
2267
3288
3288
3278
3278
2941
2924
2924
2087
2082
2080
2300
2032
2260
2260
2270
2268
3294
3288
2959
2991
2992
3006
2924
2087
2083
2076
2032
2032
1990
1984
3303
3301
3283
2968
2956
2989
2987
2991
3007
3008
2092
2014
2033
1982
1990
1988
1984
1997
3220
2954
2968
2981
2987
3008
2012
2011
2014
2019
2021
2023
1982
1982
1974
1986
3219
3221
3217
2966
2996
3004
2010
2012
2057
2025
2024
1974
1973
1992
1992
2980
85
77
256
332
1074
1102
9
332
1088
1066
70
60
61
330
1090
330
343
1027
1023
1068
1112
28
133
326
1027
1337
1341
1254
24
345
1025
1226
1237
4
156
132
317
441
1316
1316
1344
1219
126
124
120
120
316
428
428
1304
1318
1346
1223
3111
157
3151
120
431
1314
3107
3149
433
1313
2159
1217
3111
3147
3147
2910
2325
2314
2314
2313
3113
3132
3136
3136
3147
2917
2919
2321
2275
2275
3118
2303
2317
2290
2289
2298
2273
2273
2266
3276
2945
2947
2303
2257
2266
3275
2943
2945
2922
2290
2288
2262
3300
3278
2985
2922
2081
2019
2261
1989
3303
3298
2969
2991
3006
2015
2019
2030
1986
1986
3299
2983
3004
2018
2022
1982
3221
2984
2025
1980
9
1046
1089
1073
1053
26
61
328
1064
1300
1337
1335
5
126
310
119
1219
459
1217
2159
3153
2157
3129
3113
2907
2321
2277
2917
2276
3279
2269
2287
3293
2947
2034
2028
2022
1980
2980
2995
1049
1073
1053
1075
28
79
1107
1023
1254
310
22
322
1344
127
1316
1313
1346
3145
2909
2319
2155
3129
3279
2273
2274
3295
2947
2292
2959
2949
1978
2985
2008
2018
2970
3007
2008
2030
1975
1993
85
1085
334
1021
1088
1068
11
1025
311
1255
134
1344
1221
2
131
433
311
1324
431
2911
2319
2316
2914
2949
3282
2080
2983
2028
1984
2968
2017
2026
79
334
1053
1053
1067
328
343
23
1221
6
138
428
1223
1314
3110
3111
433
2312
2280
2266
3114
3147
2917
3291
3280
2945
3291
3275
2943
2288
2969
3298
3215
3004
2012
2022
79
334
2716
2716
1102
75
75
2718
2720
129
1019
1019
1221
131
127
131
3151
1223
3143
2321
3143
3141
2321
2279
2907
2277
2317
2292
1443
2949
2258
1978
2028
3299
3297
2983
2030
1978
2970
2981
1696
1256
2716
1018
1103
1103
2720
2720
128
1018
129
2831
1257
2831
2717
429
2509
2718
2596
1204
2035
716
2508
2637
3297
2637
708
2636
717
