3424
650
1255
1256
1249
1249
673
670
649
471
1200
1180
669
433
433
432
459
456
459
1118
1242
1241
662
652
652
451
1117
1197
1200
1195
1195
663
667
455
1113
1222
1229
1228
657
657
666
623
625
610
1217
1219
1229
1224
656
800
625
1045
1045
953
1227
791
793
794
799
797
627
627
614
603
1033
1044
1058
950
951
792
797
617
603
1038
1038
1033
1057
1058
951
778
757
633
630
637
603
1042
1040
2647
2591
2578
779
2288
2585
2643
2646
2593
2578
2580
2290
2174
2640
2631
2631
2593
2161
2602
2586
2633
2630
2708
2713
2713
2262
2158
2158
2168
2979
2586
2976
2718
2690
2337
2283
2157
2192
2191
2192
2190
2981
2981
2823
2718
2716
2689
2332
2335
2335
2188
2188
2488
2970
2970
2800
2331
2471
2789
2790
2800
2696
2696
2469
2469
2468
2472
2492
2491
2490
2991
2991
2790
2797
2884
2879
2490
2990
2786
2807
2803
2802
2884
2883
2881
2535
2519
2462
2463
2512
2513
1080
1077
1081
1078
1082
1254
1254
1245
1249
1247
1249
1179
1182
1178
1181
673
673
650
649
644
433
430
436
473
473
469
469
1082
1077
1256
1255
1240
1238
1248
1189
1181
670
669
678
678
654
643
650
433
473
458
468
459
1072
1120
1120
1235
1241
1238
1198
1202
1201
1180
1201
680
685
680
680
680
663
653
449
451
453
456
459
466
1118
1120
1117
1235
1242
1198
1197
1194
1195
685
683
660
663
652
449
449
453
453
455
1114
1113
1110
1111
1111
1218
1218
1220
1229
1227
1191
687
1224
687
666
623
622
614
453
610
1018
1114
1217
1222
1048
1220
1219
1229
1225
792
687
789
660
800
657
657
623
625
614
614
610
602
605
1017
1017
1021
1053
1053
1048
953
958
957
794
791
799
801
757
797
756
627
616
612
603
612
607
1018
1020
1034
1064
1048
1045
953
960
957
787
777
780
777
757
617
632
637
600
600
596
1042
1040
1038
1035
1035
1057
1060
1062
951
950
962
786
785
780
779
774
774
632
630
637
634
598
596
595
589
1042
1042
1033
1058
2581
961
2592
2592
2578
2580
2288
774
634
633
629
630
630
2165
596
596
2174
2599
2599
2643
2647
2645
2647
2623
2646
2622
2589
2593
2589
2593
2580
2287
2292
2288
2291
2288
2270
2164
2270
2272
2162
2164
2174
2176
2598
2596
2638
2638
2645
2623
2622
2588
2711
2711
2713
2295
2281
2280
2285
2284
2262
2161
2272
2171
2170
2176
2178
2601
2585
2606
2640
2631
2629
2631
2711
2713
2702
2282
2284
2282
2262
2161
2171
2158
2187
2168
2168
2601
2977
2633
2633
2720
2720
2716
2709
2703
2702
2690
2283
2339
2334
2154
2155
2192
2188
2191
2979
2981
2979
2977
2953
2822
2976
2827
2823
2718
2709
2692
2337
2337
2339
2155
2154
2192
2971
2981
2977
2789
2822
2823
2800
2715
2700
2700
2689
2331
2332
2332
2531
2335
2469
2471
2473
2495
2491
2489
2488
2974
2974
2984
2974
2792
2790
2800
2796
2698
2699
2695
2696
2696
2538
2536
2536
2531
2531
2473
2489
2497
2995
2990
2784
2987
2792
2794
2797
2887
2886
2879
2879
2535
2536
2519
2518
2466
2466
2466
2502
2492
2509
2993
2994
2783
2787
2787
2807
2803
2807
2802
2884
2886
2881
2881
2519
2516
2463
2513
2512
2513
2511
2509
2513
2991
1245
435
1081
1082
1254
1252
1244
1247
1283
1179
1188
1438
1182
1443
647
672
647
646
436
435
473
471
469
469
1082
1075
1071
1078
1232
1240
1231
1238
1237
1248
1279
1187
1187
1187
1188
670
673
678
643
644
439
429
475
476
479
462
1072
1075
1231
1234
1240
1238
1198
1200
1185
694
692
694
691
694
676
676
654
653
429
448
463
461
461
1121
1122
1103
1103
1122
1235
1261
1202
1195
692
685
683
662
665
443
451
443
445
465
464
1115
1115
1111
1104
1104
1235
1205
1205
1206
1208
1228
1192
687
683
660
667
665
449
623
446
446
466
1115
1110
1055
1047
1207
1204
1207
1225
1225
789
801
760
616
627
606
605
1026
1024
1055
1048
955
958
790
793
761
757
761
759
620
619
612
1020
1026
1027
1054
1065
1065
1055
1065
1068
955
955
786
783
777
797
760
751
632
639
620
641
598
598
600
590
1040
1034
1030
1064
1061
1060
955
1061
960
961
960
787
785
785
778
772
770
772
754
640
637
600
590
1031
2647
1062
2626
2591
962
2573
2576
769
774
2292
772
636
2163
593
2173
2595
2595
2643
2643
2626
2626
2626
2572
2573
2580
2297
2292
2290
2291
2271
2268
2272
2165
2174
2163
2178
2599
2599
2596
2605
2640
2636
2623
2589
2589
2706
2294
2276
2275
2271
2265
2272
2162
2171
2178
2178
2605
2603
2604
2606
2586
2635
2629
2636
2629
2628
2720
2705
2706
2281
2285
2342
2263
2158
2142
2171
2170
2184
2602
2957
2954
2629
2725
2708
2703
2705
2280
2338
2339
2344
2145
2140
2185
2185
2952
2954
2827
2727
2720
2726
2725
2716
2693
2329
2339
2346
2140
2144
2188
2144
2190
2961
2971
2960
2973
2952
2827
2825
2827
2799
2716
2700
2693
2692
2332
2677
2329
2335
2533
2145
2471
2495
2499
2499
2971
2984
2974
2988
2794
2792
2794
2799
2825
2698
2700
2680
2539
2532
2532
2469
2472
2494
2498
2497
2499
2995
2985
2794
2803
2884
2888
2876
2877
2540
2538
2533
2524
2522
2466
2465
2502
2509
2993
2995
2995
2994
2986
2986
2784
2787
2787
2807
2805
2805
2867
2888
2887
2877
2881
2525
2519
2524
2522
2515
2475
2477
2462
2476
2502
2504
2511
2515
2476
2502
1251
1251
436
1080
1086
1088
1087
1252
1245
1245
1274
1282
1189
1280
1439
1439
1442
1443
717
647
647
438
440
471
478
477
480
477
480
479
1093
1090
1271
1272
1282
1283
1184
1185
1441
1438
1443
1443
719
675
438
440
478
476
1074
1075
1071
1091
1232
1262
1272
1279
1279
1184
1422
694
676
690
676
744
430
438
442
527
441
475
464
462
1075
1108
1098
1262
1107
1262
1261
1258
1215
1215
1191
690
689
734
744
665
744
525
443
443
463
465
1121
1106
1105
1205
1206
1214
1213
1192
681
660
730
726
525
445
516
513
513
1115
1097
1051
1051
1205
1208
933
1213
790
831
659
727
723
847
759
727
540
540
585
583
605
1023
1026
1021
1023
1054
1050
1055
919
923
924
932
931
790
801
833
761
619
536
584
606
1028
1028
1024
1021
1069
924
941
941
944
782
944
783
750
750
753
761
639
620
592
593
593
607
1037
1037
1027
1067
1069
1068
1060
940
938
940
948
782
783
767
753
640
639
592
593
589
972
974
973
1031
1030
2670
2663
2570
2573
2575
2576
764
769
764
770
2268
2250
641
2237
2237
2195
2195
2618
2618
2635
2669
2663
2568
2570
2572
2575
2576
2297
2298
2292
2267
2268
2235
2234
2242
2194
2241
2176
2620
2619
2583
2636
2652
2736
2739
2740
2294
2299
2299
2278
2277
2252
2264
2268
2244
2241
2242
2210
2208
2604
2603
2650
2650
2625
2736
2724
2744
2295
2745
2276
2752
2275
2275
2264
2265
2150
2141
2245
2212
2184
2956
2583
2946
2953
2649
2651
2727
2725
2745
2328
2311
2343
2141
2142
2181
2182
2183
2956
2960
2944
2957
2952
2826
2726
2723
2723
2687
2675
2752
2308
2343
2345
2345
2150
2151
2181
2183
2179
2959
2961
2950
2949
2944
2949
2827
2834
2722
2722
2723
2686
2676
2329
2329
2346
2152
2484
2416
2984
2950
2942
2833
2830
2833
2863
2680
2676
2679
2540
2538
2529
2529
2486
2485
2495
2499
2904
2988
2985
2987
2782
2834
2866
2864
2886
2680
2876
2539
2528
2521
2529
2482
2476
2481
2505
2504
2906
2907
2911
2912
2787
2867
2867
2867
2872
2872
2526
2524
2526
2522
2516
2522
2478
2479
2479
2475
2501
2506
2505
2504
2805
2506
1085
1087
1086
1088
1158
1274
1274
1281
1281
1419
1435
1441
1434
1436
1434
721
716
701
702
439
503
495
496
496
492
1093
1084
1272
1158
1150
1271
1280
1418
1418
1419
1431
1436
1431
1442
720
721
716
703
744
523
495
490
491
1095
1095
1090
1265
1266
1267
1269
1268
1185
1422
719
690
721
733
732
720
746
526
523
523
485
483
488
1100
1101
1091
1107
1259
1267
1215
1421
732
733
748
734
522
526
516
482
512
1097
1098
1105
1106
1108
1131
1259
1258
1210
1211
1215
1211
1495
690
730
722
724
724
747
726
525
527
518
513
513
510
987
988
984
984
983
1051
919
914
1210
934
931
931
839
834
833
834
723
854
539
545
540
587
587
583
582
986
988
984
1051
916
921
923
932
933
839
840
841
831
846
848
848
851
537
540
537
587
576
986
981
1069
921
921
928
941
841
751
851
851
536
585
576
975
975
973
980
1069
928
937
941
944
948
827
763
764
765
766
754
550
549
579
578
577
974
971
972
1067
2673
2662
937
948
946
948
824
764
766
767
765
2251
2225
550
2238
549
553
580
2197
2618
2619
2611
2674
2672
2667
2663
2737
2738
2573
2322
2298
2297
2257
2251
2252
2225
2235
2239
2237
2195
2195
2615
2620
2611
2669
2670
2653
2663
2738
2740
2739
2322
2277
2248
2230
2234
2243
2246
2246
2207
2210
2208
2616
2609
2609
2583
2655
2660
2650
2653
2652
2651
2736
2744
2309
2278
2310
2248
2263
2244
2211
2211
2219
2218
2210
2968
2964
2963
2947
2650
2727
2743
2747
2746
2746
2754
2754
2752
2312
2308
2342
2150
2148
2245
2148
2212
2215
2215
2966
2943
2947
2778
2754
2750
2302
2304
2344
2353
2351
2342
2147
2152
2414
2215
2182
2415
2965
2959
2944
2944
2927
2832
2813
2686
2765
2685
2687
2682
2301
2353
2352
2353
2351
2351
2151
2484
2417
2418
2417
2890
2959
2909
2914
2831
2831
2812
2685
2683
2677
2543
2546
2545
2481
2484
2486
2495
2412
2419
2419
2416
2904
2909
2913
2832
2830
2861
2866
2864
2872
2870
2680
2542
2543
2546
2529
2482
2485
2409
2408
2408
2907
2906
2914
2911
2914
2856
2860
2859
2874
2874
2874
2869
2551
2525
2549
2477
2478
2426
2422
2429
2912
1151
493
1085
1084
1152
1152
1157
1275
1276
1399
1398
1403
1400
1401
1416
1414
1435
1434
1432
717
703
701
503
505
500
498
500
499
492
1093
1085
1155
1160
1162
1276
1398
1399
1401
1432
709
710
721
707
702
707
503
503
500
482
491
1095
1148
1154
1162
1161
1264
1266
1268
1427
1395
1422
1425
710
714
746
530
530
523
530
486
483
1095
1149
1123
1125
1124
1130
1123
1129
1265
1259
1269
1427
1428
1429
1425
1421
712
732
747
737
532
534
515
510
1101
1101
1100
1128
1129
1130
914
1497
1495
729
730
741
722
748
518
519
516
509
510
984
978
917
917
914
914
1496
1493
1496
836
837
834
730
847
740
545
547
545
518
587
987
997
977
917
935
935
931
840
841
841
834
842
855
855
852
853
546
546
586
583
583
986
981
981
980
919
921
911
934
943
944
830
807
828
806
845
853
537
556
556
580
579
576
564
970
971
967
968
968
938
946
828
812
813
851
804
814
552
550
553
569
578
970
2612
968
907
2665
880
2665
946
824
827
812
2255
814
2254
2224
2221
569
2198
2613
2611
2613
2674
2667
2730
2730
2737
2732
823
2314
2259
2258
2259
2225
2225
2222
2239
2238
2222
2198
2197
2616
2608
2612
2609
2656
2672
2659
2672
2667
2665
2730
2730
2733
2317
2315
2257
2259
2249
2222
2230
2196
2196
2616
2615
2609
2658
2658
2774
2743
2754
2322
2310
2311
2324
2232
2231
2231
2206
2217
2219
2219
2219
2963
2656
2655
2774
2779
2777
2747
2750
2750
2309
2305
2308
2326
2148
2214
2218
2217
2965
2964
2923
2946
2923
2820
2772
2809
2779
2776
2764
2750
2301
2349
2349
2148
2460
2457
2456
2215
2966
2891
2889
2927
2925
2926
2820
2818
2817
2813
2812
2778
2685
2683
2302
2305
2353
2348
2349
2459
2458
2414
2415
2889
2891
2890
2927
2917
2818
2810
2813
2780
2683
2682
2556
2555
2546
2545
2390
2412
2411
2412
2418
2904
2901
2910
2939
2830
2861
2860
2861
2863
2874
2840
2843
2869
2546
2395
2399
2424
2426
2422
2409
2905
2910
2910
2905
2913
2939
2936
2940
2856
2857
2861
2838
2839
2839
2870
2553
2553
2550
2551
2549
2548
2399
2426
2422
2433
2428
2429
2549
1164
1165
1154
1150
1151
1175
1158
1157
1358
1402
1402
1400
1415
1414
700
700
699
697
507
507
507
499
498
500
490
493
206
1144
1165
1155
1161
1160
1275
1399
1393
1393
1396
1392
1415
1416
714
697
705
704
505
507
486
211
205
1149
1148
1124
1140
1162
1264
1162
1429
1396
1407
1406
1424
709
713
714
704
746
530
505
485
481
209
1147
1147
1125
1135
1133
1135
1427
1461
1428
1425
1425
712
714
739
737
736
737
534
534
529
516
481
209
1147
1127
1137
1127
1131
893
1135
891
1463
1461
1458
1462
1497
1449
1495
739
739
740
737
531
534
520
195
199
510
1001
1128
995
977
916
889
892
913
1459
1493
1492
836
843
844
844
741
854
542
520
519
563
563
197
996
996
997
887
911
913
873
870
1493
1493
807
837
843
846
852
543
547
565
566
566
1011
1011
1015
1013
978
885
904
877
869
1489
817
817
806
803
803
560
555
558
556
565
564
1015
967
965
908
906
881
881
876
879
876
821
828
816
810
813
804
552
559
558
568
971
3325
965
964
965
3332
906
3047
881
880
879
824
824
826
826
819
810
812
2254
1947
553
1983
569
3325
3329
3327
3334
2673
3048
2667
860
2733
2319
2317
819
2315
2255
1950
2203
1981
3324
3325
3322
3319
3342
2659
3046
3048
2732
3029
2314
2319
2319
2258
2259
2249
2221
1963
1964
1960
2228
2227
2204
2205
2205
3321
3338
2660
2769
2770
2729
2733
2318
2322
2324
2324
2326
2230
2228
2201
2200
2967
3337
2922
3341
3097
2658
2774
2769
2770
2743
2767
2749
1871
2312
2326
2232
2456
2200
2967
2968
2923
2820
2772
2776
2764
2305
2304
2326
2388
2349
2455
2456
2442
2437
2894
2893
2927
2923
2816
2919
2816
2820
2781
2781
2780
2760
2765
2556
2559
2560
2390
2392
2391
2459
2458
2460
2457
2439
2901
2893
2899
2925
2918
2920
2917
2810
2809
2781
2842
2759
2757
2558
2557
2560
2424
2392
2359
2421
2453
2412
2451
2901
2901
2937
2937
2936
2852
2842
2837
2843
2845
2542
2557
2555
2395
2394
2397
2359
2424
2422
2431
2430
2430
2897
2896
2941
2941
2940
2857
2859
2854
2854
2838
2840
2844
2553
2567
2553
2549
2399
2399
2355
2426
2432
2428
2857
1176
1412
1167
1169
1174
1176
1359
1359
1359
1393
1403
1412
1411
1406
700
700
696
697
172
171
177
177
205
202
202
1164
1172
1171
1174
1172
1175
1354
1358
1353
1393
1414
1409
48
23
697
24
184
182
211
179
212
206
203
1145
1144
1145
1140
1171
1353
1395
1396
1409
1406
48
23
18
25
705
25
186
185
182
213
213
209
1138
1142
1142
1142
1135
1142
1133
1462
1468
1454
14
17
18
184
185
194
999
994
1138
894
894
891
1461
1463
1459
1449
1449
425
18
425
299
296
532
199
198
197
197
1000
1000
1001
990
884
890
893
1459
1466
1458
1486
1468
1488
1490
427
425
299
295
295
543
315
189
199
995
999
991
886
886
892
871
1490
1489
422
391
397
542
304
556
563
1014
1011
1013
1006
908
904
904
871
869
864
817
807
817
384
398
559
558
571
571
572
573
573
1015
1014
1015
1007
907
873
881
877
858
821
809
810
398
284
560
571
569
572
3328
3325
3255
965
3327
3332
3331
906
3047
857
861
859
859
821
821
810
1949
396
1951
1947
1926
1927
1984
1982
1984
3320
3328
3327
3329
3335
3332
3335
3332
3046
3048
3048
3041
3041
1862
819
2319
1847
1948
1951
1947
1928
1928
1927
1933
1980
1981
3320
3317
3335
3334
3044
3044
3030
1847
1849
1850
1950
1961
1934
2203
3321
3322
3338
3337
3341
3098
3043
3044
3029
3034
3030
2318
1869
1855
1850
1850
1962
1959
1964
2228
1960
2228
2203
2204
3351
3351
3345
3338
3344
3095
2774
3100
3032
2766
1871
1857
1856
1856
1962
1978
2448
2446
2445
2201
3350
3351
3344
3094
2815
3102
2816
3101
2777
3024
3024
2766
2767
1749
1870
1748
1978
2392
2449
2441
2442
2441
3351
3365
2915
2920
2816
3093
3139
2781
2760
2760
2757
2760
2756
1750
1747
2381
2387
2387
2391
2384
2456
2438
3367
2894
2919
2852
2854
2759
2757
2757
2562
2559
2388
2392
2359
2453
2358
2453
2439
3360
3368
2934
2899
2937
2852
3124
2844
2846
2558
2402
2395
2396
2356
2358
2431
2377
2899
2896
2939
2934
2932
2930
2929
2850
2849
2836
2847
2845
2567
2565
2565
2563
2395
2402
2397
2366
2355
2371
2432
2377
2897
2836
2433
1378
44
1166
1167
1174
1648
1361
1363
1363
1352
1363
1412
1412
1381
1408
45
45
43
168
169
171
178
202
179
179
204
1169
1169
1172
1646
1361
1363
1351
1351
1409
1379
1409
1379
47
48
48
51
167
24
181
179
204
1145
1169
1643
1643
1354
1455
1456
1454
1454
35
36
50
15
23
167
182
184
186
182
212
213
209
1680
1679
1140
1639
1356
1356
1470
1456
1452
1455
1445
1446
14
17
33
20
21
298
117
119
117
189
194
213
994
1137
991
884
1639
1466
1465
1470
1468
1470
1451
1448
1449
426
427
299
306
311
199
195
192
994
993
994
884
890
889
1466
1483
1482
1486
1487
1487
423
426
420
299
296
306
304
304
317
189
188
1004
1005
990
887
1600
885
1600
904
1479
1482
1488
421
390
390
302
306
289
301
318
315
189
192
1010
1004
1004
1005
897
897
899
1593
870
1473
386
397
393
392
283
289
258
1010
1006
1008
897
898
898
874
864
864
386
382
382
400
399
399
283
255
254
3254
3247
3239
3270
900
901
874
858
860
861
864
866
863
381
400
1948
1942
1941
1926
1930
1931
1983
3254
3239
3241
3271
3036
3039
3039
3041
1864
1846
1847
1949
1943
1936
1934
1931
1987
3262
3238
3238
3271
3044
3037
3039
3034
3041
1860
1860
1863
1853
1852
1849
1944
1963
1936
1938
1934
1986
1986
1980
3260
3319
3348
3342
3238
3098
3098
3037
3031
3034
1869
1853
1854
1857
1961
1959
1933
2444
2446
3354
3348
3097
3100
3100
3032
3034
3023
3027
1871
1871
1974
1977
1973
1966
2443
2442
2003
2446
2443
3355
3353
3352
3352
3345
3093
3095
3101
3024
3024
3026
3025
1747
1746
1748
1760
1976
1977
1978
2449
1967
2383
2448
2436
2444
3369
3369
3365
3094
3102
3136
3137
3115
1749
1750
1740
1760
2385
2384
2451
2436
2439
3367
3368
3365
2918
3166
3141
3141
3139
3141
3114
3113
3111
1742
1743
2401
2381
2385
2383
2359
2369
2372
2438
3362
3360
3360
2933
2934
2930
3167
2854
3168
3141
3123
3123
3111
2567
2563
2562
2402
2402
2404
2382
2364
2356
2379
2379
3358
3357
2932
2934
2929
2930
2849
3178
2850
2837
3124
2847
3126
2846
3120
2567
2565
2563
2405
2404
2406
2362
2366
2362
2374
2361
2375
2375
2379
2379
2377
41
175
1656
1657
1653
1650
1648
1361
1345
1352
1383
1382
1381
1378
45
45
43
170
170
161
169
165
178
174
174
156
157
1644
1653
1649
1648
1345
1342
1382
1381
38
1386
41
41
52
52
168
172
162
165
164
154
203
155
1678
1655
1646
1643
1641
1643
1342
1339
1338
37
37
38
33
34
15
50
21
7
165
119
109
109
1678
1682
1679
1632
1641
1638
1639
1641
1342
1338
1446
36
31
20
162
119
117
313
119
115
208
1676
1675
1682
1672
1684
1684
1639
1583
1466
1451
1452
1445
35
423
31
418
420
418
313
311
115
114
191
1677
1675
1599
1572
1684
1600
1600
1450
1583
1470
1480
1481
1476
1485
1476
422
420
301
302
313
319
316
192
259
192
1577
1573
1601
1602
1602
1593
1483
1478
1481
1473
1475
384
384
411
420
391
285
389
306
320
318
259
258
1577
1576
1008
1552
1593
1595
1596
1472
1473
868
379
392
388
393
286
286
285
293
291
289
254
257
257
1575
1007
897
899
1526
1526
868
868
868
386
386
375
396
281
282
284
291
282
289
255
265
262
3255
3251
3248
896
900
901
866
866
382
382
396
1941
1930
1991
1990
1987
3252
3253
3253
3252
3240
3240
3273
3036
3019
3017
3017
3016
3000
1864
1862
1909
1911
1910
1944
1942
1937
1936
1989
1989
1987
3261
3260
3261
3258
3237
3238
3270
3271
3020
3019
2998
2997
1864
1864
1847
1910
1954
1943
1957
1937
2001
1996
1998
3260
3262
3292
3295
3292
3010
3021
3021
2998
1860
1863
1852
1853
1854
1973
1920
1954
1954
1956
2001
1995
2003
1998
3347
3355
3354
3347
3348
3294
3293
3084
3083
3075
3026
1867
1867
1827
1866
1867
1867
1855
1762
1974
1967
2005
2005
3353
3380
3380
3093
3091
3091
3085
3088
3086
3027
3074
1827
1745
1763
1764
1761
1970
1978
1971
1969
2111
2110
2109
2108
2108
3369
3381
3378
3091
3087
3087
3137
3136
3115
3115
3109
1745
1741
1740
1760
1976
2112
2451
2107
2436
2099
3369
3362
3364
3377
3377
3166
3168
3159
3137
3139
3114
3115
3105
3111
1743
1742
1740
1807
2125
2364
2372
2369
2372
3364
3362
3372
3378
3163
3167
3166
3177
3128
3127
3113
3121
1784
1780
1780
2406
2382
2364
2369
2135
2371
2372
3357
3384
3358
3384
3164
3164
3177
3178
3128
3128
3126
3121
1782
1784
1780
2405
2366
2404
2362
2362
2366
2374
2375
1656
1652
1653
1653
1650
1345
1344
1390
1390
1386
44
99
51
63
64
55
175
158
157
1657
1657
1655
1649
1650
1345
1348
1347
1383
1388
1389
1386
34
52
52
60
161
165
121
159
155
1657
1633
1636
1636
1636
1346
1342
1346
1339
1388
27
28
28
12
10
8
130
131
154
125
1680
1632
1327
1329
1334
30
31
5
5
7
12
8
115
132
112
112
108
108
1677
1673
1675
1684
1672
1635
1582
1329
1327
1335
31
405
406
416
415
311
309
313
115
316
111
1676
1673
1604
1583
1583
1580
1329
1480
1332
1336
1336
409
411
406
418
416
308
248
112
1573
1566
1570
1603
1603
1601
1592
1479
1578
1478
1476
1476
413
413
413
404
415
388
389
302
320
317
250
248
1577
1570
1568
1572
1595
1593
1597
1525
1473
378
379
389
292
268
292
293
272
266
264
257
1575
1577
1553
1553
1552
1595
1597
1534
1534
1539
1543
376
376
282
291
264
262
261
3249
3251
3247
3246
3248
3275
1536
1536
1526
1542
1904
375
1907
281
1941
2032
1990
264
1991
262
3248
3248
3244
3244
3274
3017
3007
3000
1821
1904
1903
1911
1906
2030
1938
2023
1989
3258
3244
3241
3301
3273
3273
3017
3019
2997
3000
1830
1821
1908
1908
1923
1954
1957
2000
2001
1998
1998
3258
3258
3298
3294
3268
3011
3020
1829
1831
1826
1831
1918
1917
1920
1971
1953
1957
2004
1996
1993
3402
3405
3295
3083
3075
1827
1827
1764
1916
1916
1920
1966
2005
2005
1994
3401
3404
3084
3079
3086
3088
3073
3075
3075
1761
1763
1756
1969
1971
1970
2081
2081
2112
2110
2108
3375
3382
3381
3382
3159
3085
3131
3131
3106
1746
1757
1762
1755
2074
2073
2111
2108
2105
2103
3375
3374
3382
3161
3158
3160
3180
3130
3105
3108
3108
3107
1741
1791
1791
1757
1806
1753
1807
2125
2124
2105
2103
3387
3389
3371
3372
3157
3158
3163
3160
3171
3182
3182
3127
3108
3118
3108
1782
1791
1780
1806
1811
1807
1810
1811
2125
2121
2121
2139
2139
2134
3389
3388
3389
3385
3175
3171
3182
3128
3121
3120
1784
1784
1782
1779
1809
1811
1809
1811
2120
2138
2137
3118
97
1610
1612
1613
1619
1618
1620
1623
1368
1365
1373
1374
1390
99
99
103
102
65
105
65
65
61
152
156
159
148
1613
1620
1628
1627
1349
1349
1348
1389
1318
1390
1386
104
106
63
61
55
152
122
158
1665
1615
1617
1629
1633
1627
1630
1341
1347
1319
1318
104
1
2
2
10
72
130
121
152
124
1663
1663
1658
1659
1707
1636
1286
1285
1320
1320
1321
1319
1334
1318
27
3
4
5
1
12
10
12
8
132
131
122
124
1660
1662
1658
1706
1586
1327
1325
1336
1336
409
403
403
403
326
309
228
132
229
229
128
112
232
1566
1710
1604
1579
1580
1332
1324
1329
1332
413
408
371
405
369
406
336
331
308
251
252
248
1568
1569
1559
1559
1561
1562
1586
1332
1529
409
409
411
406
339
339
336
268
309
319
272
250
248
1566
1568
1570
1556
1559
1596
1528
1528
1529
1539
1538
378
369
357
359
358
338
274
271
272
252
241
266
3246
3231
1534
1554
1531
1526
1539
1541
1539
1540
379
357
357
275
277
279
244
265
3227
3243
3274
1532
1536
1532
1536
3006
1542
3006
1543
1824
1541
1540
1904
1901
1900
275
1907
275
2028
2032
2030
2031
2014
262
3228
3244
3275
1532
3014
3006
1824
1904
1900
1909
1925
2027
2032
2030
2023
2013
3220
3225
3300
3299
3299
3302
3265
3267
3266
3014
3013
3008
3014
3014
1820
1823
1884
1906
1925
1925
1957
2025
2025
2018
2014
3219
3405
3297
3297
3302
3301
3010
3011
3008
1829
1831
1917
1914
1918
1924
1923
2056
2085
2001
2017
2018
3402
3404
3292
3293
3061
3071
3071
3068
1830
1912
2085
2083
2066
1994
1993
2069
3401
3402
3399
3405
3409
3409
3307
3079
3081
3070
3071
3071
3067
3073
3074
1733
1733
1714
1713
1755
1753
2079
2084
2081
2083
2101
3398
3398
3407
3407
3208
3209
3134
3133
3131
3129
3147
1735
1737
1755
1756
1752
2074
2078
2073
2103
2101
3375
3375
3382
3157
3158
3180
3131
3133
3105
1736
1770
1737
1789
1753
1817
1813
1814
1814
2124
2123
2105
2123
2105
2101
3385
3388
3371
3161
3173
3174
3179
3153
3108
1787
1789
1816
1818
1816
2125
2115
2135
2134
2139
2088
3389
3387
3385
3392
3175
3170
3171
3171
3182
3154
3118
3118
1787
1787
1818
1810
2115
2121
2115
2121
2138
2139
2137
3173
1618
75
1612
1613
1622
1619
1369
1366
1374
1366
1376
1370
99
97
97
101
102
65
64
141
141
148
148
1614
1614
1615
1616
1626
1369
1309
1365
1309
1309
1373
1385
106
103
101
77
79
60
54
140
152
150
1665
1617
1616
1630
1628
1629
1286
1308
1307
1322
1307
1312
90
105
78
67
72
72
122
150
1660
1707
1704
1294
1324
1291
1322
1321
89
3
70
72
128
127
123
125
1663
1659
1706
1707
1587
1588
1294
1295
1325
1335
372
373
325
326
333
231
1694
1710
1711
1561
1588
1563
1587
1331
371
373
368
326
331
333
239
250
228
231
1566
1695
1558
1711
1563
1561
1590
1521
1586
1499
1500
369
339
336
331
234
251
240
247
1570
1555
1559
1519
1503
1500
1548
1549
364
364
369
352
350
338
358
346
268
272
226
242
242
241
240
1565
3233
3231
1556
1518
1529
1546
1548
1550
1550
351
351
359
354
274
277
279
245
245
3228
3227
3231
1519
1531
1546
1824
1901
1891
355
279
277
2021
244
2007
3225
3225
3278
3265
3282
3004
1842
1824
1883
1882
1883
1879
1884
1889
2028
2032
2021
2023
2020
2013
2014
3222
3218
3300
3315
3267
3265
3004
3007
1836
1881
1879
1925
1897
2047
2025
2054
2016
2018
3220
3314
3298
3316
3314
3268
3059
3060
3059
1835
1820
1880
1914
1897
1924
2055
2058
2066
2025
2018
2067
2017
3222
3218
3305
3304
3057
3060
3061
3066
1732
1733
1717
1914
1921
2085
2085
2067
2064
3399
3409
3407
3409
3305
3080
3080
3057
3064
3065
3068
3067
1733
1737
1727
1717
1713
1722
1722
2081
2084
2078
2071
2070
2070
2069
3412
3415
3205
3205
3081
3209
3134
3148
1737
1735
1736
1714
1753
1724
2078
2076
2071
2090
2086
3411
3395
3413
3414
3208
3206
3209
3209
3207
3146
3147
1789
1770
1813
1797
1799
2076
2096
2097
2087
2086
3394
3396
3185
3391
3190
3207
3198
3146
3153
1769
1770
1791
1817
1816
2114
2118
2129
2130
2087
3393
3396
3392
3173
3174
3195
3194
3155
3155
3153
3154
3151
1787
1775
1793
1794
1794
2115
2132
2129
2128
1773
1366
1607
1622
95
95
95
95
94
75
58
75
58
57
141
147
148
1610
1626
1623
1368
1305
1302
1307
1376
88
91
77
74
54
143
141
150
1610
1607
1626
1626
1285
1309
1299
1311
1310
89
92
69
67
143
144
1666
1670
1666
1668
1699
1289
1289
1296
1315
1311
85
70
328
128
145
1669
1668
1709
1709
1704
1296
1295
1314
1312
372
85
329
323
333
237
239
232
1696
1697
1711
1704
1589
1589
1502
1292
1314
366
333
235
328
239
230
1695
1692
1687
1687
1562
1590
1523
1522
1503
1503
1499
371
365
325
326
234
226
219
1693
1687
1518
1521
1516
1506
364
350
349
339
269
219
1693
1555
1516
1519
1546
1546
1548
352
355
346
342
222
215
219
3235
3233
3282
3280
3280
3289
1844
1549
348
348
1890
349
354
2048
279
2021
216
3228
3225
3231
3280
3288
3004
3003
1844
1877
1881
1891
1890
1889
2051
2021
2007
2010
3222
3222
3284
3004
1842
1837
1876
1882
1898
2051
2055
2047
2016
2011
3215
3218
3218
3314
3312
3311
3316
3266
3311
1837
1835
1834
1880
1874
1898
2057
2057
2038
2060
3212
3211
3307
3305
3304
3056
3059
3065
1833
1833
1717
1719
1896
1921
2053
2058
2063
2064
2061
3416
3419
3307
3057
3064
1727
1730
1726
1717
1724
2045
2043
2045
2067
2064
2069
3416
3414
3205
3200
3148
3144
1729
1727
1724
1800
2041
2078
2076
2090
3411
3423
3205
3185
3206
3202
3201
3146
3143
1770
1766
1766
2041
2094
2098
2098
2096
2088
3395
3198
3191
3194
3200
3143
1776
1777
1773
1773
1802
2118
2094
2094
2131
2097
3394
3391
3185
3190
3151
3151
1775
1775
1797
1796
1793
2117
2131
2132
2130
3195
1607
1367
1367
1375
138
136
1609
1375
75
68
1625
1304
1289
1301
79
1291
1299
90
85
143
144
1670
1711
1294
85
323
329
238
1704
1315
322
239
230
1694
1687
1522
1502
361
346
344
235
218
1690
1515
1516
1513
1503
1510
362
365
346
225
226
3233
1686
3282
1516
1508
342
3230
3282
1510
342
2010
216
3235
3287
3285
1844
1876
1887
1889
1887
3217
3315
3283
3284
3289
1840
1836
1875
2053
2051
3215
1896
1894
1893
1896
2056
2054
2038
2011
3309
3051
3066
1874
2038
2061
3308
3053
3051
1727
1720
1722
2063
3413
3054
3197
1730
1724
1800
2043
2096
3412
3422
3197
3201
1729
1767
1799
2041
2094
2091
3423
3202
3151
1772
1802
2118
3185
3193
1797
2127
1610
76
68
137
92
1700
1288
1289
128
366
323
329
1696
1690
1505
1523
219
1516
215
2008
3278
2008
3312
3215
1839
1875
2051
1834
2050
3309
2060
2045
3415
3064
1804
2041
1803
2093
3193
3150
87
136
88
58
1668
1304
145
91
237
1292
1700
1292
235
1690
344
341
222
3288
1844
1877
2011
3312
3056
2038
2045
3412
3051
1720
3054
1730
2035
3051
1767
1767
3187
3144
1777
1803
2118
2128
1606
58
1301
78
68
137
1669
84
1505
237
1690
344
224
1692
1513
1510
1506
349
1508
1843
1874
1898
1834
1730
3419
1719
3191
1804
2091
3191
1773
1797
1372
1302
1299
88
138
1305
1310
1699
224
1697
1523
361
226
342
3235
3235
1510
1887
2048
2011
3215
3285
1840
3211
3054
3050
3212
3309
3053
2043
3188
3422
3184
3142
1776
1802
1372
1302
3340
3340
135
1298
1298
926
2763
1702
81
81
224
1513
1689
1513
3277
220
3277
1886
3287
3287
1886
2048
1839
2037
1894
1893
926
1715
2034
2034
1798
3423
3421
3188
2040
2035
3187
3193
927
909
3340
82
135
134
2763
2763
1702
82
1702
3417
3089
3417
925
362
3078
3076
927
487
3077
3001
608
3214
3421
3214
489
2999
574
