2608
534
1074
1200
1186
1186
556
558
535
385
1160
1159
558
387
388
386
382
378
377
1083
1188
1188
540
541
543
400
1099
1182
1144
1141
1142
559
541
468
1080
1182
1150
1150
547
547
545
481
482
472
1097
1233
1149
1148
546
623
481
1254
1232
1224
1148
630
629
630
624
624
480
479
478
470
1013
1254
1259
1224
1225
630
621
643
449
993
994
1260
1261
1257
1226
615
648
651
650
464
448
996
994
2017
2074
2063
613
1900
2022
2021
2017
2071
2062
2062
1900
1838
2025
2030
2029
2070
1836
1981
2023
2030
2030
2109
2067
2068
1949
1924
1837
1840
2013
1996
1998
2111
1908
1908
1944
1924
1847
1846
1844
1843
2013
1997
2003
2112
2103
1907
1738
1772
1773
1702
1847
1704
2143
2139
2204
1740
1702
2135
2137
2201
2214
1736
1776
1697
1778
1699
1703
1701
1701
2153
2152
2125
2205
2214
1751
1701
2126
2125
2206
2206
2201
2210
2211
1750
1751
1782
1670
1670
1672
1671
1073
1073
1070
1070
1072
1078
1200
1199
1199
1197
1196
1153
1154
1155
1151
555
556
535
534
538
389
390
390
383
385
384
381
1072
1076
1074
1198
1198
1187
1200
1160
1152
551
557
558
531
538
537
538
386
384
377
385
380
1071
1082
1082
1075
1190
1187
1157
1159
1160
1151
1159
553
569
561
560
561
540
538
398
400
399
380
379
380
1083
1082
1098
1182
1184
1185
1145
1143
1142
568
569
560
546
543
543
399
400
396
472
1080
1080
1097
1095
1098
1096
1185
1145
1144
1150
1146
565
1147
566
542
481
481
469
469
471
1011
1086
1246
1232
1246
1234
1234
1150
1147
629
566
628
566
625
548
545
545
482
484
471
472
472
470
1012
1010
1016
1013
1016
1245
1233
1223
1223
620
630
629
624
638
624
636
479
644
479
451
451
452
1012
1010
1015
1262
1256
1256
1226
1225
1223
617
618
614
622
647
645
644
466
460
461
462
997
997
995
1262
1262
1262
1255
1258
1253
1226
1226
616
620
615
615
615
648
651
642
641
649
462
459
462
449
996
997
1261
1257
2074
1229
2075
2071
2063
2066
1900
648
651
650
651
641
642
1859
462
448
1839
1985
1985
2017
2020
2019
2020
2029
2018
2073
2072
2074
2077
2070
2065
1902
1902
1902
1903
1903
1948
1952
1949
1952
1951
1859
1841
1839
1982
1983
2021
2024
2020
2028
2073
2070
2068
2069
2067
1913
1905
1906
1901
1945
1948
1947
1949
1834
1834
1842
1842
1981
2022
1980
2024
2030
2015
2108
2109
2113
1907
1906
1942
1943
1947
1835
1837
1836
1846
1842
1840
1978
2000
2002
2001
2111
2111
2104
2102
2102
2101
1908
1944
1944
1923
1924
1847
1845
1847
1843
1996
2013
1997
1999
1999
2005
2001
2004
2110
2111
2106
2104
1937
1738
1941
1924
1922
1845
2142
2142
2140
2135
2003
2203
2204
2103
2107
2105
1737
1740
1739
1740
1775
1773
1696
1698
1699
1699
1703
1710
1710
2143
2152
2156
2138
2137
2135
2204
2213
2212
2105
1743
1737
1736
1739
1740
1774
1775
1776
1699
1709
1708
2153
2128
2124
2138
2138
2136
2201
2214
2214
1749
1746
1747
1774
1778
1778
1783
1697
1672
1674
1707
1686
2151
2150
2127
2125
2127
2205
2209
2209
2208
2211
2210
1749
1751
1782
1783
1670
1674
1688
1687
1689
1689
1688
2126
1194
389
1070
1073
1077
1195
1200
1196
1203
1153
1155
748
1154
751
554
554
533
536
395
388
383
385
382
381
1073
1066
1076
1078
1077
1191
1192
1189
1191
1197
1202
1157
1157
1158
1152
558
555
563
532
536
395
392
375
377
372
369
1064
1065
1075
1190
1189
1190
1201
1160
1179
552
551
552
553
569
559
562
529
529
387
405
397
378
380
1082
1081
1092
1093
1092
1099
1185
1143
1141
567
569
563
540
542
406
400
403
397
367
367
1081
1088
1096
1096
1096
1183
1183
1215
1184
1145
1146
1170
565
566
548
548
545
406
485
396
474
468
1088
1095
1246
1246
1236
1235
1236
1240
1170
627
625
640
637
485
473
473
1008
1009
1242
1243
1239
1230
627
627
640
639
639
636
483
483
484
1011
1008
1017
1017
1247
1248
1248
1247
1256
1255
1237
619
620
611
621
640
635
645
644
466
467
466
467
460
455
997
993
1014
1251
1259
1253
1256
1253
1231
1231
1229
617
618
616
614
632
612
635
647
463
464
461
454
985
2018
1258
2034
2074
1231
2059
2066
612
633
1896
648
649
1862
459
1854
1984
1985
2020
2019
2036
2031
2077
2076
2061
2065
1894
1903
1903
1897
1955
1953
1950
1952
1859
1859
1842
1982
1985
1976
1977
2025
2031
2028
2077
2070
2061
1914
1898
1898
1946
1946
1950
1860
1834
1867
1838
1979
1980
1980
1977
2023
2027
2002
2027
2012
2015
2108
2113
1914
1905
1943
1941
1929
1921
1916
1835
1841
1850
1979
1989
1999
2005
2115
2114
2102
2102
1908
1938
1944
1941
1919
1915
1852
1850
2140
2005
2004
2015
2112
2116
2114
2100
2099
1939
1937
1941
1918
1918
1849
1692
1844
2141
2141
2148
2139
2130
2135
2203
2226
2204
2107
2107
2106
1735
1733
1735
1732
1772
1779
1696
1696
1694
1704
1710
2154
2158
2156
2133
2137
2136
2220
2219
2227
2219
1734
1745
1731
1781
1780
1778
1698
1706
1708
1710
1707
2157
2158
2120
2208
2218
2219
1743
1748
1746
1781
1781
1786
1788
1789
1691
1678
1686
2151
2149
2149
2150
2128
2122
2121
2121
2120
2209
2209
2208
2217
2218
2215
1748
1748
1747
1786
1784
1786
1792
1792
1791
1673
1674
1673
1683
1687
1791
1676
1674
1059
1195
393
1071
1060
1060
1059
1078
1195
1194
1193
1203
1175
1204
1174
749
750
752
525
531
532
394
393
375
374
374
372
375
372
369
1068
1063
1192
1212
1205
1205
1172
1171
748
752
752
752
516
533
395
391
375
369
1066
1068
1064
1065
1062
1212
1216
1201
1202
1177
1180
550
549
563
563
513
392
392
404
405
403
368
370
369
1067
1092
1087
1093
1091
1213
1214
1211
1177
1177
1180
550
568
509
511
542
513
406
402
403
368
367
1088
1092
1090
1215
1214
1169
1170
1163
493
562
489
507
406
403
475
401
440
1087
1088
1001
1244
1235
1236
1241
1170
491
493
490
508
505
504
637
508
487
485
476
475
474
1005
1003
1017
999
1016
999
1244
1282
1236
1238
1241
1240
627
622
490
640
485
486
477
452
1004
1009
1004
1017
1242
1243
1238
1239
1231
620
1228
591
631
632
635
634
463
465
467
456
457
452
995
986
1014
1251
1250
1249
1254
1237
1272
1230
1228
592
611
588
587
644
418
467
456
453
985
984
987
1251
986
2036
2035
2075
2059
2066
2064
586
633
589
635
1954
1954
420
1862
1853
1856
1857
1995
1993
2032
2033
2036
2077
2056
2060
2066
2064
1894
1897
1896
1955
1955
1952
1861
1862
1853
1862
1867
1994
1976
2027
2033
2010
2054
2058
2061
1913
1909
1911
1911
1945
1954
1928
1953
1927
1861
1860
1870
1867
1980
1991
2012
2009
2048
2117
2115
2092
1913
2058
1910
1912
1914
1910
1929
1929
1927
1915
1869
1869
1864
1988
2000
1990
2005
2012
2009
2118
2118
2089
1914
1935
1936
1918
1917
1849
1852
1852
2147
2148
2144
2146
2000
2226
2116
2118
2098
2094
1733
2088
1939
1938
1758
1919
1918
1916
1849
1852
1851
2148
2148
2145
2133
2129
2132
2130
2222
2226
2227
2098
2099
1735
1731
1719
1758
1692
1693
1705
2158
2133
2131
2131
2221
2223
2229
1744
1735
1741
1742
1732
1754
1779
1789
1690
1690
1707
2154
2158
2123
2133
2221
2224
2220
2228
2216
1744
1742
1741
1780
1786
1781
1789
1678
1789
1680
1682
2155
2155
2123
2122
2120
2240
2218
2240
2216
2215
1748
1722
1724
1786
1792
1790
1788
1792
1675
1679
1676
1683
1684
1682
2207
1683
1113
1061
1118
1119
1117
1193
1206
1207
1208
1173
746
750
749
745
745
524
524
526
520
395
358
373
364
373
348
1114
1114
1062
1136
1119
1218
1204
1173
1174
1175
1171
747
744
751
517
518
528
527
527
344
362
350
350
1068
1061
1063
1217
1216
1217
1221
1209
1178
1172
517
549
515
512
517
513
342
345
345
332
362
370
346
1085
1085
1068
1090
1213
1221
1179
1180
514
509
513
503
343
344
332
332
354
1084
1087
1090
1002
1091
1035
1215
1215
1167
1167
1165
1167
1163
492
505
507
506
503
508
508
338
404
424
440
335
441
1005
1007
1002
1000
1001
1002
1279
1275
1276
1277
1165
1164
493
492
493
489
504
576
488
426
488
477
476
439
440
1006
1007
1002
1280
1278
1281
1282
1267
1266
590
590
491
599
570
571
571
577
486
487
423
422
450
1003
999
1249
1282
1282
1271
1267
591
586
579
579
422
457
455
984
984
986
990
1280
1286
1271
1272
1269
1264
593
594
586
589
580
581
421
421
457
456
454
986
982
987
1251
1969
2034
1271
1270
1268
1269
592
589
588
587
582
1879
1824
421
1826
418
420
428
1857
1995
1995
1965
1964
2036
1969
2056
2055
2056
2061
2043
1911
1894
1883
1882
1880
1823
1827
1829
1827
1854
1867
1991
1995
1965
2032
2033
2007
2048
2055
2054
2041
1886
1911
1882
1926
1827
1828
1831
1832
1871
1871
1873
1993
1989
1992
1987
2012
1966
2008
2007
2010
2009
2083
2041
1887
1887
1888
1925
1929
1832
1868
1870
1873
1863
1872
2182
1990
1989
1987
2008
2009
2118
2090
2084
2091
2091
2088
1886
1890
1935
1928
1932
1932
1869
1801
1869
1873
1863
2147
2145
2129
2094
2097
2091
1720
1720
1936
1761
1760
1759
1931
1931
1653
1873
1864
1656
2180
2146
2194
2144
2198
2222
2279
2094
2097
2096
2095
1716
1720
1720
1719
1761
1758
1761
1758
1694
1705
1656
1657
2188
2157
2196
2190
2190
2224
2226
2229
2228
1745
1717
1718
1753
1756
1754
1693
1694
1659
1659
1707
1656
2187
2177
2177
2189
2223
2238
2240
2230
2219
2232
1723
1724
1722
1756
1756
1755
1691
1681
1681
1680
2175
2178
2176
2159
2160
2237
2239
2240
2233
2234
2233
1723
1725
1722
1785
1790
1679
1675
1683
1684
2160
1117
350
1110
1111
1115
1118
1116
1132
1207
1209
773
772
771
747
740
742
746
744
738
525
526
520
360
360
365
364
364
365
350
1113
1114
1114
1131
1134
1206
1210
1209
773
744
516
518
528
522
523
523
359
360
362
347
346
1112
1128
1137
1138
1138
1218
1210
1220
1219
1209
747
777
517
515
512
342
345
343
345
333
354
1126
1129
1129
1127
1137
1135
1136
1135
1221
1220
1221
1166
1180
778
781
780
783
501
521
510
340
328
330
334
1125
1085
1085
1020
1036
1037
1275
1165
1164
495
502
500
503
339
329
330
329
335
440
1051
1020
1037
1279
1274
1277
1165
1162
1161
496
498
497
502
499
499
426
426
425
438
438
1007
1052
1050
1026
1267
1266
1161
498
596
599
497
570
578
576
579
578
425
424
432
429
441
1006
978
990
991
1281
1286
1273
1267
1263
1263
599
598
594
586
574
579
419
411
423
411
430
431
430
980
981
992
992
1284
1272
1264
593
597
584
581
580
583
413
419
410
430
431
982
1963
992
1284
1969
1297
2053
1272
607
607
589
1880
582
1879
1815
1825
428
1796
1960
1965
1965
1964
1969
2053
2053
2056
2039
606
1876
1877
1883
1874
1824
1827
1814
1826
1825
1813
1856
1866
1994
1959
1961
1961
1973
1968
1967
1970
2047
2047
2049
2040
2041
2046
1884
1887
1875
1925
1823
1828
1829
1795
1992
1992
1990
1972
1967
2050
2083
2089
1888
1887
1890
1926
1934
1830
1832
1831
1812
1793
1810
1809
2183
1974
1972
2007
2117
2087
2092
2091
2081
1885
1889
1890
1933
1931
1801
1809
1811
2181
2183
2197
2199
2199
2281
2276
2276
2097
2087
2095
2081
1713
1761
1933
1931
1652
1654
1809
1809
2180
2188
2179
2199
2195
2195
2280
2280
2281
2262
2280
2261
2094
2097
1715
1715
1753
1759
1760
1651
1654
1658
1656
2188
2187
2188
2195
2190
2280
2270
2229
2261
2255
1717
1716
1730
1756
1764
1763
1650
1650
1658
1659
2178
2171
2177
2163
2190
2237
2238
2231
2229
2233
2231
2258
1730
1726
1770
1647
1648
1651
1643
1659
2175
2174
2177
2175
2161
2162
2159
2163
2236
2237
2235
2230
2234
2233
1728
1724
1729
1724
1725
1768
1767
1648
1648
1649
1639
1638
1639
1767
1111
1110
1104
1116
1115
1103
1133
1132
757
773
773
771
742
741
138
141
138
520
358
357
356
363
365
365
347
349
293
1107
1112
1102
1131
1134
1134
770
770
769
770
769
742
741
139
523
523
341
356
357
362
351
353
1126
1129
1129
1124
1140
1140
1139
777
776
776
775
780
514
140
141
522
337
341
360
352
355
355
1125
1124
1128
1139
1034
1140
1219
792
778
783
783
780
148
501
510
336
146
339
326
327
327
355
353
1051
1127
1056
1022
1037
1036
1034
1029
1167
805
806
778
1162
778
783
495
503
149
336
338
330
330
333
447
334
1053
1051
1051
1021
1035
1030
1031
1273
1276
794
782
497
495
497
162
500
576
426
340
447
445
437
443
1048
1049
1052
1027
1278
1274
1285
1295
1265
795
596
598
574
574
576
416
425
433
433
437
979
979
1046
1038
1025
1027
1285
1296
1294
1293
596
603
597
572
574
414
412
408
411
432
434
978
981
992
1287
1287
1285
1296
1303
1301
1295
605
605
602
600
583
573
413
413
409
411
981
1960
989
992
1284
2563
1286
2318
1297
1302
1298
607
607
608
608
604
601
584
1877
1817
409
1459
430
1960
2555
1958
1962
1970
2318
2053
1299
2039
2044
2043
610
1878
1877
1817
1797
1797
1960
1959
1957
2551
1961
1966
2318
2318
2038
2037
2046
2045
2046
1878
1877
1875
1819
1821
1818
1821
1822
1813
1795
1796
1793
1956
1975
1975
2051
2049
2038
2038
2046
1885
1884
1893
1891
1821
1801
1811
1810
1957
1956
1975
1974
2273
1972
2051
2086
2085
2084
2082
2081
2081
1892
1934
1802
1800
1812
2181
2182
2273
2278
2278
2087
2080
1714
1764
1892
1766
1765
1802
1801
1805
1807
2185
2180
2195
2198
2275
2191
2271
2277
2265
2265
2263
2263
2078
1714
1715
1766
1766
1762
1666
1652
1653
1668
1664
1660
2185
2186
2185
2196
2193
2191
2272
2270
2269
2262
2253
2255
2254
1712
1715
1769
1667
1669
1669
1662
1663
1661
1663
2171
2173
2166
2166
2163
2270
2259
2244
2255
2255
1730
1727
1711
1771
1771
1646
1646
1649
1644
1644
1661
1639
2172
2173
2162
2163
2168
2237
2235
2246
2245
2245
2260
2260
1728
1730
1727
1769
1768
1648
1640
1643
1639
1638
2247
1103
739
1106
1107
1104
753
754
756
756
770
772
763
739
738
139
138
138
325
321
322
322
288
292
293
294
1109
1104
1101
1104
1101
1133
755
757
762
765
742
737
141
141
325
146
311
314
352
287
291
292
293
1121
1121
1124
1123
1130
760
792
793
736
775
129
140
149
145
311
146
313
312
314
291
351
303
1121
1122
1124
1123
1140
1033
1034
804
792
790
151
150
150
311
314
326
1055
1058
1021
1032
1032
1029
807
808
797
801
781
161
151
161
144
159
337
442
447
444
444
1054
1054
1053
1058
1022
1032
1032
807
806
798
796
807
796
795
160
162
159
157
157
415
243
447
443
1049
1048
1019
1026
1025
1029
798
797
794
50
72
73
415
233
416
442
1047
1045
1047
1039
1024
1024
1291
1292
1293
1294
604
598
603
51
74
414
407
435
435
436
436
436
1046
981
1047
1039
1288
1287
1302
1301
1300
604
604
601
74
60
408
407
435
436
2555
2554
2554
989
2566
2564
2563
1290
2321
1303
1300
1299
1298
610
609
600
1596
64
1817
1448
1816
1450
1456
1460
1458
2552
2553
2553
2555
2566
2564
2562
2563
2319
2321
2320
2316
2043
2329
610
2043
1589
1597
1596
1819
1817
1814
1452
1452
1458
1460
2552
2551
2558
2563
2321
2321
2331
1608
1600
1603
1595
1874
1452
1793
2503
2548
2504
2547
1973
2557
2305
2305
2310
2311
2338
2045
1605
1608
1602
1600
1820
1621
1822
1822
1822
1798
1798
1803
2504
2504
2502
1975
2500
2278
2050
2306
2311
2082
1604
1600
1607
1893
1891
1628
1798
1807
1807
1804
2499
2497
2197
2275
2274
2410
2278
2306
2087
2336
2309
2085
2079
2079
1529
1541
1629
1762
1799
1806
1806
1807
2498
2192
2275
2272
2271
2275
2267
2264
2265
2265
2252
2251
2078
1523
1530
1541
1765
1539
1666
1668
1665
1664
2486
2185
2268
2270
2266
2253
2251
2252
1522
1522
1766
1763
1669
1667
1669
1662
1660
2485
2485
2192
2173
2168
2244
2241
2259
2257
1712
1518
1514
1513
1641
1644
1642
1636
2173
2170
2167
2168
2164
2247
2246
2248
2245
2243
2258
2256
1519
1726
1520
1521
1770
1514
1646
1641
1640
1644
1637
1636
2170
2245
1637
733
132
1106
1106
1103
716
754
759
758
764
758
763
733
767
735
136
135
136
325
324
322
289
289
289
288
293
1109
1108
1101
715
753
762
761
766
736
766
735
737
129
134
130
135
325
142
312
287
294
1109
1109
728
755
760
793
793
790
788
122
131
131
148
143
308
314
311
309
313
295
302
304
909
910
1123
814
812
812
811
793
791
791
788
123
150
150
155
146
143
242
309
297
296
296
295
304
1055
1056
1018
1018
814
813
814
808
805
804
802
803
786
161
156
158
241
243
446
444
224
1055
1057
1058
1019
1031
1030
807
809
803
802
800
799
161
42
159
159
75
243
242
243
230
232
444
1044
1043
1058
1027
852
1024
852
848
895
887
799
51
50
71
76
76
234
76
236
232
433
223
1045
1043
1047
1038
1040
1024
849
849
895
876
54
74
71
74
69
234
190
1044
1041
1042
1040
1289
1292
1291
877
878
53
57
59
73
70
63
67
188
189
2544
2543
2565
2561
1289
1288
1290
880
1300
1300
879
879
610
58
64
1598
1446
1447
1448
1449
1449
1459
2555
2566
2566
2561
2319
2315
2316
2315
2330
1589
1591
1598
1597
1453
1454
1452
1457
2546
2550
2560
2560
2304
2304
2312
2308
2316
2331
2331
2328
1608
1606
1601
1598
1623
1453
1455
1427
1442
1434
1442
2549
2550
2550
2558
2550
2557
2573
2306
2311
2311
2341
1608
1607
1601
1602
1621
1434
1435
1804
2503
2502
2557
2410
2302
2303
2310
2334
2341
2340
1605
1620
1629
1622
1311
1433
1311
1435
1803
1432
2499
2499
2498
2499
2501
2501
2405
2410
2303
2336
2335
2336
1531
2332
1529
1540
1629
1541
1629
1304
1627
1304
1313
1313
1319
2489
2489
2490
2491
2404
2418
2418
2336
1531
1530
1528
1541
1307
1305
1665
1323
1807
2486
2488
2493
2193
2268
2408
2266
2267
2416
2368
2382
2380
1523
1525
1517
1537
1538
1538
1331
1305
1630
1323
2523
2521
2523
2167
2168
2250
2249
2250
2408
2242
2369
2369
2380
1520
1517
1525
1516
1518
1515
1513
1325
1642
1631
1630
2172
2524
2165
2165
2164
2249
2248
2242
2243
2241
2371
2256
2365
2257
2367
1520
1520
1521
1516
1516
1516
1330
1332
1333
1633
1329
1634
1634
1636
1632
1631
133
285
927
926
716
713
716
759
762
764
654
661
659
733
133
136
323
318
319
319
317
316
322
286
286
278
290
716
715
729
729
732
761
767
766
734
660
131
128
128
102
324
321
318
315
305
300
290
301
910
898
729
729
730
732
762
766
787
123
125
130
126
128
148
131
142
306
307
299
302
301
907
896
910
900
728
902
814
731
732
790
788
122
126
154
308
309
228
238
299
297
303
909
915
907
915
900
903
905
901
810
810
803
788
153
153
156
156
155
154
240
239
228
227
225
907
913
905
904
905
851
851
847
845
811
809
889
803
800
886
49
78
75
241
240
237
231
223
231
224
973
972
853
854
854
847
894
894
895
885
876
54
53
48
44
78
79
80
233
237
231
192
190
969
971
1042
968
849
836
848
895
887
876
54
52
52
70
69
68
69
67
235
191
192
192
184
970
1041
835
843
881
881
877
879
879
59
58
59
62
61
69
61
66
60
189
188
187
186
2545
2545
2541
967
835
842
878
875
58
59
64
1447
1450
1456
1466
1445
2544
2545
2540
2544
2559
2559
2569
2313
2300
2313
2312
2314
2314
1583
2329
1592
1593
1593
1598
1446
1455
1455
1444
1444
1445
2539
2540
2546
2540
2549
2560
2574
2573
2298
2299
2308
2285
2330
1590
1592
1593
1622
1595
1455
1454
1426
1442
1444
2546
2539
2577
2578
2575
2576
2297
2308
2301
2331
2328
1608
1608
1603
1619
1619
1623
1622
1427
1428
1435
1435
1435
2464
2496
2464
2464
2500
2577
2578
2412
2302
2334
2338
2340
2341
2339
2341
2323
1617
1620
1536
1625
1627
1429
1435
2496
2496
2494
2409
2491
2410
2413
2411
2413
2333
2338
2339
1536
1535
1536
1625
1626
1628
1624
1308
1312
1313
1310
1309
1320
2487
2494
2492
2404
2405
2407
2417
2418
2377
2375
2381
2333
1527
1533
1540
1537
1307
1313
1321
1319
1320
2488
2522
2488
2494
2493
2490
2408
2408
2416
2418
2376
2377
2382
2382
2381
1527
1545
1547
1328
1324
1322
1323
1323
2488
2522
2521
2507
2438
2434
2435
2443
2372
2372
2368
2366
1526
1525
1511
1509
1513
1332
1325
1343
1633
1342
2525
2525
2525
2520
2436
2438
2438
2437
2372
2371
2366
2365
1524
1525
1510
1507
1329
1515
1330
1333
1332
1634
1634
936
936
714
929
712
712
655
656
661
661
132
116
103
319
319
316
285
278
275
926
927
928
714
713
702
703
653
656
654
661
658
128
101
105
251
318
316
300
277
276
930
898
723
723
732
706
672
653
673
658
124
92
91
89
306
305
298
299
277
284
910
900
676
676
681
126
125
91
95
94
205
204
204
299
227
212
227
282
914
915
915
900
904
901
731
675
675
678
97
96
93
95
94
240
203
240
211
229
229
914
913
905
902
851
846
676
889
888
153
885
48
156
41
42
77
239
196
225
974
973
976
949
853
854
845
891
892
891
889
886
47
49
44
43
41
80
80
79
237
231
195
197
970
977
971
972
839
854
838
893
893
45
44
80
66
23
236
66
200
183
192
183
970
970
967
968
836
838
837
844
844
882
865
55
56
66
191
201
187
187
2529
2530
2545
2528
2542
2569
844
843
880
882
1583
56
1591
63
1461
1465
1457
186
1466
187
2542
2537
2541
2585
2571
2300
2293
2284
2286
1584
1585
1593
1594
1463
1466
1466
1440
2540
2586
2574
2579
2576
2576
2300
2301
2286
2285
2324
1588
1590
1610
1613
1612
1464
1427
1443
1444
1440
2538
2538
2581
2579
2575
2300
2297
2325
2326
2322
1616
1618
1610
1613
1622
1423
1425
1430
1439
1440
2464
2463
2461
2298
2360
2322
1618
1535
1615
1615
1611
1424
1428
1430
1432
2459
2461
2412
2478
2413
2411
2362
2417
2361
1536
1534
1534
1626
1626
1625
1306
1306
1309
1310
1315
2517
2459
2492
2479
2406
2413
2415
2376
2375
2332
1533
1533
1533
1546
1308
1316
1314
1317
1318
2519
2522
2509
2435
2508
2441
2420
2415
2377
2378
2382
2379
1478
1479
1480
1528
1545
1547
1544
1327
1328
1318
1318
2522
2519
2507
2508
2505
2434
2436
2440
2441
2444
2444
2370
2364
2363
2379
1481
1481
1510
1509
1544
1542
1543
1544
1327
1324
1334
1343
1339
1340
2524
2518
2519
2513
2438
2443
2444
2370
2364
2367
1480
1526
1483
1483
1511
1508
1507
1326
1333
1335
1340
2363
118
935
934
936
717
721
719
718
711
710
655
664
660
118
117
105
104
105
105
250
245
249
271
275
278
275
931
717
722
718
703
702
656
656
671
662
658
118
101
103
249
259
281
280
278
930
930
929
726
724
723
725
706
705
653
658
111
102
110
90
251
252
279
284
283
282
908
922
930
899
944
725
706
704
673
672
681
680
679
681
98
92
100
95
90
89
207
253
206
210
212
279
284
912
912
911
945
833
676
680
677
677
99
100
99
93
205
206
210
212
211
168
212
226
164
974
951
951
942
833
892
826
674
858
97
48
13
96
14
43
23
217
204
198
197
172
977
975
975
948
950
947
833
889
859
46
46
48
44
20
21
23
22
213
237
199
170
196
976
977
977
838
839
846
884
892
892
859
857
45
5
7
27
9
24
37
199
202
202
195
184
2530
2567
844
838
883
883
869
867
868
866
55
27
21
39
36
36
201
185
2529
2568
2568
840
841
841
884
2282
868
2283
866
1581
865
869
1586
1586
1585
38
1572
38
1462
1463
1463
1465
1436
185
2527
2586
2570
840
2293
2283
2284
1584
1587
1572
1570
1415
1463
1416
1464
1437
2537
2584
2585
2586
2583
2570
2571
2572
2576
2295
2295
2296
2296
2293
2326
1588
1588
1612
1612
1570
1417
1425
1392
1440
1437
2451
2463
2582
2581
2580
2581
2294
2295
2326
2326
1588
1587
1616
1610
1613
1613
1419
1425
1429
1401
1438
2455
2462
2461
2581
2344
2360
2353
2352
2325
1617
1424
1425
1402
1432
1438
1403
2456
2456
2455
2462
2458
2461
2479
2422
2423
2362
2362
2361
2362
2359
2357
2359
2323
1501
1501
1499
1505
1370
1421
1404
1402
1314
2457
2459
2484
2479
2423
2423
2419
2395
2397
2373
2358
2358
1490
1499
1506
1546
1370
1373
1315
1318
1356
2517
2459
2482
2506
2505
2430
2373
2396
2373
2378
1477
1491
1477
1506
1542
1504
1543
1326
1337
1370
1316
1371
1317
1348
2509
2519
2506
2440
2511
2439
2429
2389
2374
1486
1484
1485
1485
1544
1328
1338
1343
1342
1341
1347
2515
2516
2514
2514
2439
2442
2444
2442
2392
2391
2387
2387
1483
1486
1485
1508
1336
1337
1336
1335
1334
1341
1339
2513
720
107
932
931
720
721
711
710
665
709
666
664
118
117
119
120
108
245
245
260
271
273
273
936
933
935
933
693
711
708
710
708
669
671
663
112
112
109
110
253
250
256
280
281
276
922
919
920
726
724
700
706
670
670
670
671
663
111
110
248
252
253
253
283
284
922
946
945
690
674
688
688
681
100
90
90
207
209
209
265
265
925
912
946
946
943
943
690
689
689
678
99
100
83
19
215
164
964
951
952
951
942
949
834
856
13
12
13
18
216
216
213
172
168
171
966
966
962
950
947
823
834
823
834
858
859
14
19
23
214
198
169
172
171
966
963
948
824
819
859
867
874
6
6
5
8
15
20
28
26
24
200
179
181
180
181
180
965
2533
2533
821
824
873
874
871
871
871
8
2
7
39
36
37
31
182
193
2526
2528
2567
821
817
872
1582
1578
1572
38
38
30
1394
193
1391
2526
2586
2592
2589
2589
2288
2282
1582
1581
1580
1579
1569
1579
1576
1416
1462
1415
1393
1394
1394
1436
2527
2582
2583
2605
2605
2599
2296
2296
1563
1559
1571
1572
1575
1418
1417
1387
1385
1401
2451
2446
2445
2607
2604
2599
2346
2345
2346
2353
1564
1549
1552
1552
1551
1419
1418
1420
1400
1401
1401
1397
2451
2445
2606
2607
2343
2346
2346
2345
2356
1564
1500
1550
1614
1422
1420
1403
1397
2447
2448
2481
2481
2477
2421
2423
2343
2343
2352
2359
2356
2359
1491
1495
1501
1501
1497
1366
1373
1421
1372
1404
1358
1395
1358
2467
2466
2483
2478
2422
2419
2396
2395
1490
1489
1491
1505
1506
1503
1372
1373
1354
1357
1356
2482
2512
2469
2484
2432
2433
2429
2430
2420
2397
2394
1478
1467
1506
1474
1382
1370
1355
1350
1347
1348
2516
2512
2511
2511
2431
2432
2392
2402
2387
1469
1471
1479
1485
1384
1338
1376
1350
1350
1346
2515
2514
2514
2424
2425
2425
2392
2392
2388
2389
2391
2387
1482
1472
1377
1375
1377
1378
1352
1352
1344
1473
709
932
719
121
121
120
121
107
109
256
254
258
257
259
273
273
935
692
692
711
699
668
671
662
121
114
248
257
263
263
268
268
917
918
693
701
701
698
688
683
686
114
115
248
262
263
268
923
924
925
919
940
701
691
690
685
684
83
247
219
209
266
925
925
946
939
938
832
826
683
683
82
84
215
19
218
220
209
164
964
960
953
938
834
831
827
829
856
11
217
222
222
169
170
966
959
961
956
955
831
830
826
855
818
856
13
11
18
19
214
176
172
958
963
824
823
818
862
3
9
28
25
34
181
965
962
824
821
874
873
871
4
29
29
34
178
179
181
2534
2534
2593
2591
2591
2291
2288
874
4
4
1568
4
32
1405
31
1393
182
2532
2532
2593
2588
2591
2289
2291
1582
1582
1578
1577
1574
1577
1405
1390
1394
1391
2451
2454
2600
2289
2288
1561
1562
1569
1576
1409
1419
1411
1388
1385
2453
2454
2454
2602
2602
2603
2606
2601
2604
1567
1565
1567
1552
1558
1551
1419
1412
1387
1399
2449
2448
2446
2604
2601
2351
2351
2353
1563
1565
1549
1496
1552
1550
1414
1413
1396
1399
1399
2481
2484
2477
2598
2356
1487
1492
1495
1498
1497
1422
1368
1414
1396
1354
1358
2469
2484
2433
2400
2355
2393
1487
1489
1498
1502
1367
1373
1362
1358
2468
2469
2483
2426
2432
2398
2399
2393
2394
1471
1502
1475
1383
1371
1355
1363
1363
1346
2472
2431
2428
2390
2403
2402
1471
1476
1476
1475
1384
1378
1350
1353
1353
1353
2472
2471
2511
2424
2385
2387
1470
1473
1474
1384
1378
1351
1353
1352
1344
2390
918
695
707
666
260
272
916
665
254
262
920
699
701
691
248
688
686
81
84
264
265
924
952
690
85
219
221
165
939
81
85
166
165
958
959
831
827
10
25
16
222
174
956
821
822
815
861
863
0
1
26
176
176
2535
957
2590
817
864
34
2531
2590
864
32
1389
173
2534
2588
2587
2291
1568
1573
1573
1575
2594
2604
2601
2600
2291
2349
1566
1560
1409
1412
2454
1553
1557
1557
1553
1408
1414
1411
1386
2476
2349
2351
1558
1413
1398
2475
2347
2351
1495
1554
1366
1395
2469
2476
2399
1495
1503
1367
1365
1363
2467
2474
2433
2400
1487
1467
1382
1364
1363
1362
2474
2398
2385
1476
1383
1376
2471
2403
1384
1345
916
110
255
261
114
941
701
698
218
11
17
221
961
953
828
819
174
872
173
1390
2592
1389
2594
2452
2290
1560
1409
1567
1409
2598
1399
1365
2466
2356
1381
1368
1380
1361
2384
2386
107
272
115
261
917
698
268
114
167
829
941
828
222
954
15
34
30
2591
2288
1562
1388
2603
2601
1411
1414
2466
1492
1554
2347
1493
1360
2348
1468
1468
2428
2403
1471
1381
1378
1344
696
258
668
247
255
263
923
82
861
167
955
16
177
958
816
862
861
4
864
2290
1561
1556
1559
1496
2481
1494
2401
1381
1361
2428
1476
1375
695
668
686
113
267
698
684
940
166
960
831
1
176
33
2535
2534
863
1574
1405
1386
2453
2587
1567
2449
2598
2350
2449
2475
2347
1365
2427
2474
2471
2384
1472
1380
696
668
1881
1881
270
694
694
194
1855
937
86
86
175
816
954
815
2596
177
2596
1555
2595
2595
1555
1406
1567
1407
1557
1557
194
1493
1411
1360
1488
2473
2473
2401
1381
1360
2427
2384
530
897
1881
87
270
269
1855
1855
897
87
937
1677
1921
1677
784
0
1920
1920
530
785
1794
1865
1176
1685
2473
1685
785
1895
784
