1984
106
646
575
588
588
117
116
107
20
527
553
121
16
16
18
25
24
24
641
573
574
120
98
98
17
718
528
552
556
551
108
99
43
727
533
530
557
111
97
97
39
38
43
713
531
557
554
152
141
39
502
501
503
557
132
151
153
154
142
233
234
235
44
731
502
741
509
503
132
142
219
242
729
729
742
742
496
509
134
221
222
223
218
243
735
734
1134
1423
1421
133
1571
1132
1132
1134
1420
1421
1413
1566
1530
1131
1394
1394
1420
1519
1145
1118
1124
1391
1417
1414
1414
1552
1552
1551
1527
1122
1118
1118
1435
1698
1698
1579
1559
1656
1655
1657
1654
1119
1122
1126
1435
1431
1703
1697
1715
1713
1649
1657
1657
1120
1120
1437
1699
1643
1203
1203
1440
1487
1676
1735
1730
1730
1645
1672
1671
1671
1188
1185
1207
1208
1475
1676
1670
1187
1206
1206
1477
1474
1475
1486
1487
1675
1731
1666
1666
1667
1667
649
650
649
648
650
648
576
575
588
582
587
587
615
614
614
116
117
107
106
106
103
103
102
20
19
20
26
650
647
648
575
573
577
574
615
614
116
123
120
122
107
104
107
16
22
17
20
26
641
636
641
642
573
528
529
551
552
550
553
123
109
123
121
120
99
105
18
17
17
23
24
24
727
726
719
718
532
528
529
550
551
113
110
111
96
99
98
16
38
41
42
727
726
727
719
718
719
532
531
557
557
555
109
555
108
99
39
40
40
41
43
720
721
713
533
502
531
530
557
554
150
151
148
148
151
139
139
97
233
40
44
45
45
45
721
721
730
731
713
713
500
504
548
131
154
151
153
142
142
230
232
229
233
235
239
238
728
731
731
743
502
501
510
507
504
132
132
134
154
221
220
221
218
234
241
242
735
734
729
743
743
743
498
740
510
509
509
136
135
134
130
133
129
221
222
219
222
241
240
243
242
735
735
742
740
1422
508
1425
1421
1418
1413
1571
129
223
223
223
217
218
1529
240
243
1531
1144
1143
1132
1133
1134
1134
1394
1380
1422
1424
1423
1424
1420
1412
1572
1572
1572
1566
1571
1550
1554
1553
1553
1554
1528
1531
1530
1143
1144
1132
1137
1138
1394
1422
1425
1415
1414
1415
1569
1578
1578
1580
1574
1550
1552
1553
1527
1526
1532
1530
1146
1145
1146
1137
1394
1392
1391
1416
1417
1577
1580
1579
1580
1560
1520
1520
1519
1520
1527
1654
1121
1117
1124
1123
1435
1435
1431
1428
1426
1414
1703
1580
1579
1552
1559
1648
1654
1656
1655
1121
1122
1116
1125
1129
1129
1125
1126
1437
1439
1432
1427
1698
1699
1715
1713
1649
1656
1120
1122
1119
1127
1126
1438
1437
1432
1432
1429
1703
1700
1704
1699
1715
1714
1713
1712
1649
1645
1671
1657
1651
1183
1183
1184
1184
1203
1208
1438
1430
1440
1430
1484
1704
1429
1700
1676
1675
1734
1735
1672
1660
1660
1186
1188
1202
1201
1201
1208
1477
1473
1487
1487
1679
1680
1675
1731
1731
1730
1667
1668
1669
1672
1659
1185
1188
1202
1201
1197
1208
1208
1205
1476
1475
1472
1487
1674
1674
1729
1666
1669
1671
1659
1658
1659
1659
1188
582
102
644
650
646
581
575
585
585
587
612
613
614
619
119
118
104
104
102
21
22
22
25
26
649
635
642
648
642
574
576
578
578
586
578
586
560
559
611
116
118
123
104
105
101
15
22
30
29
28
636
637
640
579
578
577
529
529
552
112
114
113
112
115
123
115
120
94
100
93
30
28
29
725
636
637
640
725
639
532
552
551
113
109
110
94
95
48
37
48
37
28
37
724
725
716
717
716
717
535
534
532
537
556
546
148
148
146
97
95
95
53
40
34
43
723
716
715
534
537
536
536
549
548
149
152
140
231
232
44
45
723
723
737
500
503
504
149
154
143
230
140
231
228
233
239
720
733
730
736
737
736
737
741
497
500
500
136
135
124
141
140
127
229
228
236
227
239
241
238
247
734
729
738
739
741
498
497
498
507
507
507
136
135
138
134
130
125
128
128
227
218
241
246
732
1133
740
1385
1422
508
1418
1410
138
129
1565
129
217
1528
244
1533
1142
1142
1137
1138
1386
1380
1424
1419
1412
1413
1570
1572
1566
1566
1568
1555
1556
1556
1529
1528
1532
1143
1143
1141
1140
1137
1380
1394
1424
1416
1412
1570
1574
1573
1553
1562
1556
1528
1527
1532
1530
1145
1146
1139
1140
1117
1135
1124
1135
1393
1388
1392
1416
1577
1578
1574
1562
1561
1559
1558
1520
1532
1521
1146
1117
1130
1124
1389
1428
1428
1444
1577
1575
1698
1560
1560
1558
1651
1654
1116
1130
1128
1387
1436
1434
1436
1444
1427
1694
1694
1714
1717
1647
1648
1646
1650
1177
1174
1176
1184
1127
1128
1437
1434
1439
1432
1430
1431
1703
1702
1702
1695
1699
1714
1713
1649
1645
1651
1651
1181
1181
1183
1184
1204
1204
1193
1477
1440
1484
1429
1679
1701
1733
1734
1735
1645
1673
1661
1660
1661
1190
1191
1204
1477
1473
1473
1485
1679
1680
1680
1734
1732
1732
1725
1673
1673
1660
1186
1186
1189
1191
1187
1198
1202
1198
1207
1205
1208
1478
1479
1473
1486
1485
1678
1680
1729
1677
1728
1729
1726
1721
1668
1668
1669
1665
1665
1729
1726
1669
646
584
102
643
644
645
644
645
582
582
583
585
560
561
612
613
618
618
73
119
101
68
21
12
12
14
11
12
8
27
638
645
583
624
583
585
559
611
619
619
608
619
79
122
101
14
14
29
635
637
640
638
640
580
580
558
560
558
611
115
123
80
110
78
101
87
48
47
30
14
30
28
637
626
626
625
626
535
579
540
541
546
546
114
115
82
86
95
86
88
49
49
37
35
725
717
715
534
537
541
547
547
147
110
145
95
52
51
50
35
35
722
722
683
714
534
537
538
549
150
149
146
146
146
145
231
202
231
53
34
196
195
686
688
722
685
715
710
715
513
516
512
549
548
149
143
144
144
237
237
200
239
687
733
688
739
514
514
512
525
525
137
526
137
124
143
128
229
226
237
236
244
247
247
733
733
703
739
739
511
498
497
519
525
522
138
138
126
127
227
227
244
244
247
704
704
704
738
698
1386
1386
1419
1419
1411
1411
126
126
126
125
1568
1599
225
1548
1535
1536
1537
1142
1141
1136
1384
1386
1407
1407
1403
1411
1410
1592
1567
1568
1568
1555
1556
1548
1534
1534
1535
1533
1142
1139
1136
1135
1393
1406
1403
1404
1570
1588
1570
1589
1574
1599
1564
1555
1557
1542
1534
1541
1538
1140
1149
1379
1388
1389
1389
1416
1451
1569
1402
1589
1590
1576
1576
1562
1562
1563
1543
1543
1540
1522
1147
1130
1153
1130
1388
1389
1390
1451
1444
1693
1575
1575
1564
1558
1521
1653
1653
1177
1177
1175
1175
1130
1433
1434
1449
1427
1443
1702
1444
1694
1694
1719
1563
1717
1647
1646
1652
1652
1177
1176
1182
1178
1179
1178
1128
1464
1434
1465
1439
1448
1701
1696
1695
1718
1647
1718
1652
1182
1180
1179
1194
1194
1193
1459
1484
1702
1684
1683
1695
1709
1733
1724
1725
1644
1644
1190
1182
1191
1194
1194
1464
1479
1479
1484
1482
1684
1684
1682
1721
1733
1725
1726
1724
1662
1663
1189
1192
1192
1198
1197
1478
1479
1479
1472
1482
1677
1678
1682
1721
1720
1721
1725
1727
1727
1727
1664
1662
1665
1665
1200
1664
630
643
632
632
634
584
583
561
564
562
613
616
617
617
616
74
74
74
68
13
68
13
7
12
8
627
627
631
623
632
572
560
562
559
610
611
608
609
618
79
75
76
76
85
88
13
9
10
620
620
623
653
572
567
568
565
610
610
79
80
78
82
83
78
88
87
47
46
0
10
10
622
622
626
624
651
567
541
607
84
83
86
81
88
47
50
49
33
682
684
626
683
625
657
651
540
540
539
543
539
545
84
82
82
161
160
86
207
52
53
50
50
33
32
685
686
683
682
684
712
712
517
538
516
547
543
165
158
165
160
160
202
201
206
52
51
199
196
196
688
688
683
712
711
518
513
516
524
163
163
162
169
157
143
156
202
202
200
205
200
195
688
703
708
514
514
511
525
163
156
204
203
197
200
247
703
701
698
707
708
511
511
520
520
521
182
171
171
170
172
226
224
225
245
247
246
701
702
697
708
1383
1385
519
522
522
522
183
171
172
173
173
1598
1598
225
1549
224
225
245
1536
1155
1156
1157
1151
1386
1386
1407
1407
1404
1404
1405
1595
1595
1595
1594
1598
1599
1599
1547
1549
1534
1536
1148
1155
1150
1151
1381
1382
1382
1409
1403
1404
1591
1595
1594
1597
1549
1547
1546
1544
1541
1541
1538
1149
1153
1150
1152
1135
1381
1379
1382
1382
1390
1409
1403
1588
1589
1590
1584
1564
1542
1545
1540
1538
1523
1541
1173
1153
1147
1152
1388
1387
1452
1450
1451
1443
1444
1441
1590
1582
1575
1564
1563
1558
1543
1620
1545
1523
1522
1171
1175
1229
1450
1442
1442
1696
1691
1719
1692
1710
1717
1716
1620
1621
1612
1652
1612
1171
1175
1216
1179
1229
1471
1471
1447
1448
1448
1447
1445
1689
1695
1690
1709
1719
1708
1717
1622
1614
1613
1614
1218
1180
1216
1180
1230
1464
1465
1458
1483
1446
1690
1690
1709
1705
1718
1706
1644
1639
1614
1662
1614
1221
1190
1195
1196
1196
1462
1462
1460
1482
1482
1483
1684
1683
1682
1705
1723
1628
1640
1640
1662
1221
1192
1192
1200
1196
1200
1463
1462
1480
1461
1481
1481
1682
1686
1722
1723
1727
1628
1635
1663
1199
633
8
629
630
634
632
634
571
563
561
563
602
602
603
603
603
617
617
596
73
76
68
3
4
3
5
6
2
8
627
630
627
633
672
572
564
562
600
609
71
70
76
75
65
66
67
6
6
1
9
628
680
678
673
673
572
566
567
566
566
593
609
79
78
89
66
90
47
60
55
31
621
663
626
662
652
653
653
653
567
568
565
606
607
607
605
605
77
83
90
91
58
60
55
54
621
622
622
663
656
656
517
542
543
164
84
91
161
90
57
56
57
32
32
696
710
657
712
517
517
543
544
545
164
164
158
158
160
207
59
206
57
57
199
688
689
696
709
515
524
523
163
167
169
155
157
204
207
204
206
205
198
198
196
194
687
696
710
707
711
706
516
524
524
526
168
166
169
168
156
203
216
211
216
197
192
191
192
701
693
698
700
706
520
521
183
171
172
204
177
176
209
216
190
190
192
701
1157
698
705
1374
863
1374
520
183
182
170
1601
172
1601
1600
1502
190
1516
1157
1157
1154
1383
1373
1408
1408
1408
1405
184
1592
1603
1601
1602
1597
1549
1500
1548
1547
1499
1537
1536
1160
1159
1156
1150
1151
1384
1365
1365
1364
1374
1409
1409
1396
1401
1593
1595
1603
1596
1597
1547
1539
1539
1148
1149
1153
1366
1366
1369
1452
1455
1590
1591
1581
1584
1585
1585
1545
1544
1525
1524
1524
1523
1173
1152
1366
1370
1449
1453
1451
1455
1456
1582
1583
1582
1587
1619
1545
1523
1525
1170
1171
1162
1162
1163
1468
1469
1469
1453
1450
1445
1441
1691
1711
1710
1620
1622
1620
1616
1615
1171
1219
1216
1228
1217
1231
1229
1470
1471
1466
1471
1467
1448
1445
1691
1692
1709
1711
1710
1621
1622
1612
1613
1218
1218
1218
1230
1231
1229
1465
1467
1458
1457
1446
1690
1688
1708
1681
1706
1622
1623
1639
1641
1220
1221
1222
1239
1195
1463
1460
1458
1459
1458
1460
1333
1687
1688
1707
1706
1628
1628
1640
1640
1221
1223
1223
1223
1239
1239
1200
1239
1196
1463
1463
1460
1461
1480
1481
1687
1687
1686
1685
1686
1723
1723
1630
1629
1636
1636
1635
1722
630
629
678
633
634
669
669
668
563
601
601
602
599
597
72
71
72
62
67
3
4
6
4
2
2
2
312
679
628
678
672
673
569
563
570
594
594
600
603
597
69
64
66
63
63
5
1
324
324
681
680
663
679
671
570
673
595
593
592
590
604
69
69
70
65
89
61
5
0
31
324
665
660
663
652
655
671
566
595
593
605
605
438
69
92
92
90
92
61
60
60
55
31
323
665
662
665
664
654
654
656
812
539
814
817
606
545
606
545
164
158
92
91
58
58
55
297
296
32
689
664
690
664
656
810
811
818
818
825
544
167
167
159
159
208
208
206
59
56
193
194
295
696
695
696
654
711
518
861
866
818
825
167
169
155
157
208
214
214
198
187
194
695
694
696
699
710
759
860
867
866
826
178
178
175
177
177
210
216
212
189
191
187
694
700
700
759
706
860
867
867
865
867
179
184
178
175
177
210
209
211
211
190
702
1161
699
700
706
1371
863
1372
862
864
865
183
185
185
185
181
174
175
1601
1502
211
1517
192
1160
1161
1159
1154
1365
1372
1374
855
1396
1401
1400
185
1593
1603
1605
1516
1516
1160
1161
1158
1159
1154
1366
1371
1373
1397
1397
1401
1398
1400
1602
1603
1596
1502
1605
1604
1496
1498
1500
1539
1516
1524
1159
1164
1165
1368
1369
1395
1396
1401
1583
1593
1586
1587
1597
1497
1509
1524
1172
1169
1162
1165
1165
1370
1370
1454
1454
1455
1455
1456
1343
1583
1587
1585
1626
1507
1173
1173
1163
1468
1469
1453
1342
1691
1583
1587
1956
1711
1626
1626
1616
1616
1219
1217
1227
1225
1224
1226
1470
1469
1466
1310
1467
1329
1445
1338
1954
1956
1711
1959
1625
1625
1623
1624
1616
1642
1211
1217
1210
1231
1226
1231
1224
1312
1312
1467
1309
1337
1339
1974
1689
1975
1632
1633
1634
1632
1642
1641
1623
1213
1222
1233
1233
1237
1311
1337
1314
1336
1337
1688
1974
1974
1978
1978
1707
1634
1630
1629
1638
1641
1638
1213
1213
1238
1238
1238
1237
1304
1304
1303
1303
1333
1335
1685
1971
1686
1978
1707
1627
1630
1630
1637
1637
1302
666
599
675
676
667
669
889
668
888
601
601
598
596
590
71
72
62
64
358
369
369
314
310
311
311
675
678
677
666
677
669
671
569
885
593
597
591
441
443
63
445
358
357
313
314
321
324
310
681
680
681
677
670
886
595
595
591
591
442
443
444
443
63
446
359
357
356
322
321
323
659
661
661
661
671
655
570
814
813
946
439
444
448
446
357
322
691
658
661
811
809
812
817
814
820
827
827
439
440
440
448
436
58
297
296
294
294
692
691
689
659
654
809
810
817
819
820
820
820
828
828
438
439
434
436
435
214
305
296
297
690
689
769
761
761
811
806
825
825
437
401
402
213
304
214
193
693
694
750
749
760
759
759
861
866
853
178
166
181
373
400
210
212
187
186
188
187
188
744
694
747
747
763
862
864
853
852
180
181
175
399
392
210
186
188
188
1102
1103
1103
760
1095
1093
1378
862
1378
864
854
855
855
179
184
181
1610
387
1610
1494
1499
1488
1518
1518
1518
1114
1094
1094
1102
1095
1093
1092
1376
1376
1372
1377
1397
1399
1399
180
1399
1608
1611
1610
1501
1502
1500
1489
1511
1515
1518
1114
1114
1093
1376
1378
1367
1254
1878
1608
1609
1605
1606
1495
1510
1158
1115
1169
1169
1165
1091
1368
1368
1397
1344
1344
1398
1877
1882
1609
1607
1605
1606
1606
1498
1498
1498
1510
1510
1167
1167
1168
1164
1168
1328
1369
1368
1332
1343
1877
1877
1880
1586
1606
1961
1497
1508
1507
1509
1166
1167
1163
1225
1327
1327
1328
1332
1453
1330
1332
1330
1343
1342
1954
1953
1963
1959
1626
1618
1617
1617
1166
1227
1226
1224
1327
1224
1310
1310
1329
1310
1339
1339
1343
1973
1954
1957
1956
1958
1959
1625
1623
1617
1211
1209
1236
1312
1312
1337
1339
1339
1973
1975
1956
1958
1634
1634
1633
1632
1642
1211
1210
1232
1212
1232
1314
1315
1334
1335
1974
1978
1983
1983
1785
1632
1642
1796
1212
1214
1233
1233
1234
1237
1237
1306
1303
1313
1335
1334
1970
1970
1970
1979
1982
1979
1982
1783
1631
1784
1637
1797
1214
1303
1637
589
483
667
667
666
890
890
887
888
888
888
599
599
957
589
483
482
480
480
368
369
314
316
316
314
312
675
675
677
891
889
887
951
951
591
958
590
957
454
442
442
480
368
445
371
313
316
674
676
892
891
886
950
950
950
948
453
455
442
441
443
365
358
359
359
357
321
320
323
915
914
660
896
886
886
816
947
816
947
945
946
447
440
451
448
446
283
361
361
318
306
301
322
658
659
917
769
809
808
807
815
814
815
816
822
946
440
449
448
285
283
297
294
299
918
692
745
769
809
811
807
819
821
828
824
827
437
437
434
436
436
284
285
284
305
305
295
746
750
745
762
772
761
772
806
834
836
828
438
401
402
397
398
304
397
302
305
295
299
746
748
750
750
762
761
766
833
836
826
374
400
402
400
392
250
256
744
748
747
764
765
763
862
853
857
373
372
376
399
400
388
391
260
260
1101
1102
1095
1097
763
763
864
852
854
855
853
859
858
372
388
1610
1493
1493
1489
1488
1488
1517
1103
1095
1093
1378
1378
1252
1252
1253
1871
1868
1866
1611
1492
1493
1494
1490
1511
1115
1113
1088
1091
1367
1377
1251
1248
1253
1254
1872
1868
1876
1881
1882
1609
1496
1496
1495
1506
1513
1503
1513
1113
1088
1112
1091
1088
1375
1090
1331
1248
1247
1347
1878
1882
1880
1607
1820
1504
1503
1510
1115
1169
1091
1326
1326
1332
1332
1344
1347
1341
1877
1961
1960
1885
1781
1508
1618
1504
1507
1508
1006
1167
1050
1026
1168
1023
1327
1325
1332
1340
1341
1340
1954
1341
1955
1963
1962
1962
1963
1781
1781
1777
1781
1779
1770
1051
1209
1027
1027
1326
1322
1322
1355
1972
1955
1953
1963
1777
1775
1624
1768
1617
1211
1051
1026
1226
1036
1321
1316
1316
1316
1315
1355
1354
1973
1973
1977
1957
1959
1967
1775
1774
1769
1769
1215
1049
1212
1235
1235
1305
1037
1305
1305
1316
1363
1363
1356
1969
1970
1969
1977
1976
1983
1967
1785
1785
1797
1796
1214
1214
1235
1235
1234
1305
1308
1307
1308
1314
1314
1335
1362
1362
1362
1971
1968
1976
1981
1983
1981
1782
1783
1783
1784
1782
1795
1795
1797
1796
1797
483
315
880
880
894
890
893
890
942
960
959
959
959
957
483
481
480
366
365
367
371
370
370
315
316
333
312
893
894
893
890
883
952
960
958
454
957
454
482
481
477
364
371
365
371
361
319
320
320
915
892
892
891
896
896
885
951
948
455
454
453
455
456
456
477
447
364
365
318
320
319
915
916
914
895
897
897
896
898
952
950
948
455
451
461
360
361
279
282
362
317
300
919
918
917
920
917
917
770
768
808
816
822
945
450
450
450
462
462
464
283
283
306
301
301
918
918
769
745
770
771
768
807
767
807
835
832
821
822
824
449
396
397
285
284
303
303
298
307
299
756
746
773
772
772
834
836
834
835
831
823
373
373
380
385
402
398
396
285
303
303
255
255
758
758
749
753
766
766
803
836
831
857
378
401
378
395
392
390
393
393
250
250
256
255
255
757
747
765
766
859
848
856
859
857
374
376
378
389
390
394
392
394
394
248
260
259
259
1100
1101
1107
753
764
805
857
859
376
375
387
1494
1489
1512
1490
1512
1101
1101
1110
1100
1098
1099
1097
1378
1246
1252
1252
1253
1253
1867
1868
1861
1865
1866
1492
1491
1492
1489
1514
1513
1513
1111
1111
1113
1110
1113
1088
1087
1087
1243
1244
1248
1249
1872
1871
1866
1866
1885
1492
1818
1495
1505
1505
1514
1115
1111
1089
1090
1086
1086
1243
1248
1249
1347
1876
1881
1881
1882
1886
1886
1885
1820
1819
1506
1503
1504
1505
1005
1004
1006
1005
1024
1090
1085
1326
1331
1345
1346
1347
1347
1347
1876
1890
1890
1880
1879
1961
1820
1850
1770
1004
1004
1028
1025
1025
1024
1318
1322
1318
1345
1345
1346
1890
1880
1939
1964
1965
1961
1964
1777
1780
1780
1779
1771
1773
1051
1029
1028
1025
1317
1320
1324
1322
1323
1349
1355
1354
1938
1940
1965
1966
1777
1778
1773
1773
1773
1050
1053
1053
1029
1027
1027
1037
1320
1324
1323
1350
1350
1350
1355
1352
1937
1977
1967
1775
1775
1768
1769
1768
1053
1053
1048
1035
1037
1037
1036
1307
1315
1361
1361
1356
1969
1948
1977
1980
1967
1787
1767
1791
1794
1791
1215
1047
1049
1048
1034
1034
1306
1307
1307
1360
1363
1357
1968
1969
1980
1981
1783
1981
1786
1787
1785
1795
1795
879
880
877
882
877
884
942
956
955
955
484
484
487
366
366
367
315
336
334
926
880
882
893
884
943
941
941
942
959
956
954
485
476
479
353
367
370
318
336
333
881
881
882
898
883
944
952
944
949
948
452
452
477
477
353
363
363
318
340
340
915
898
961
986
991
451
451
457
463
463
290
291
279
362
301
308
300
340
919
921
921
916
921
897
961
991
991
990
460
460
462
463
463
285
281
281
309
309
307
920
921
774
768
768
791
829
830
830
824
832
382
462
386
461
464
280
273
299
756
755
751
774
773
790
790
834
793
830
832
824
382
381
386
385
385
396
396
397
280
302
257
258
756
756
752
754
773
773
803
833
831
380
384
384
394
405
248
394
252
257
257
258
758
758
754
753
753
802
803
804
805
847
846
377
377
390
250
249
262
262
1105
1104
1106
1107
1106
1097
805
805
845
847
1870
376
1862
390
1835
1829
1512
259
1829
262
1107
1106
1107
1099
1099
1245
1241
1250
1874
1869
1862
1865
1863
1835
1831
1830
1857
1111
1109
1099
1085
1087
1087
1245
1249
1250
1249
1874
1873
1864
1863
1863
1818
1832
1830
1857
1505
1854
1108
1109
1076
1089
1082
1243
1243
1267
1874
1889
1889
1883
1883
1884
1885
1818
1818
1848
1857
1854
1005
1002
1002
1260
1268
1268
1890
1887
1883
1883
1884
1820
1856
1851
1771
1004
1002
1001
1001
1318
1318
1269
1323
1269
1940
1940
1941
1965
1816
1964
1816
1851
1779
1780
1770
1052
1029
1029
1028
1025
1320
1324
1349
1348
1353
1940
1939
1944
1966
1744
1779
1770
1772
1773
1046
1052
1032
1033
1032
1281
1319
1324
1350
1351
1352
1352
1928
1938
1938
1944
1951
1942
1952
1746
1776
1767
1772
1048
1046
1048
1035
1031
1030
1034
1319
1278
1272
1319
1361
1357
1359
1352
1947
1948
1946
1950
1952
1952
1952
1952
1787
1788
1788
1793
1791
1790
1047
1047
1044
1043
1034
1273
1273
1361
1357
1358
1948
1945
1947
1946
1950
1950
1949
1786
1789
1793
1792
1358
495
901
876
875
878
875
877
871
938
939
939
932
955
484
486
484
486
487
490
349
348
348
335
334
334
334
878
877
870
869
942
943
944
930
934
954
955
493
478
479
354
342
336
338
333
927
926
882
868
868
869
868
943
944
933
953
485
479
479
473
352
353
363
337
338
340
923
922
922
925
912
898
963
962
987
987
987
987
989
988
459
473
475
472
473
473
291
353
291
363
362
338
337
922
923
925
913
975
975
991
990
989
460
460
458
458
291
290
293
309
309
273
308
274
275
788
911
779
791
790
829
972
991
981
458
381
431
458
421
386
405
425
281
253
271
274
752
788
780
778
778
779
790
830
851
382
382
379
386
383
403
405
404
292
280
254
272
271
752
752
751
800
792
793
803
849
848
851
850
380
380
384
384
426
404
416
254
252
253
257
261
1105
1096
804
801
798
845
844
847
844
846
377
412
389
416
415
414
251
261
1105
1099
1060
800
799
799
799
1242
845
1242
847
1870
842
846
1870
1862
1869
412
1810
417
1834
1835
1834
1831
1837
262
1066
1104
1097
799
1246
1242
1905
1862
1860
1861
1810
1809
1835
1833
1831
1855
1109
1061
1074
1074
1073
1074
1082
1081
1082
1246
1246
1240
1245
1244
1874
1874
1896
1810
1863
1811
1812
1832
1830
1854
1855
1108
1005
1075
1075
1074
1073
1256
1256
1240
1900
1874
1873
1888
1864
1811
1811
1812
1817
1858
1852
1854
994
1000
1002
1001
1259
1260
1270
1267
1909
1888
1816
1851
1848
1856
1853
1849
1000
992
993
999
1000
999
1010
1260
1260
1265
1269
1270
1291
1269
1268
1909
1890
1887
1888
1888
1943
1816
1813
1850
1814
1765
992
1000
1007
1010
1281
1280
1291
1292
1290
1349
1288
1908
1928
1943
1944
1942
1745
1744
1765
1765
1764
1052
1003
1032
1033
1032
1278
1349
1290
1351
1353
1925
1927
1928
1944
1951
1923
1941
1745
1746
1746
1744
1743
1752
1764
1042
1044
1042
1031
1030
1271
1279
1301
1359
1945
1926
1949
1946
1952
1789
1749
1752
1790
1793
1754
1045
1045
1044
1043
1031
1271
1273
1273
1272
1300
1358
1358
1947
1933
1946
1949
1749
1788
1750
1788
1792
1793
1790
1043
873
488
876
875
873
874
938
940
932
940
932
931
495
495
495
492
491
351
349
347
329
330
330
903
875
902
904
869
937
935
939
935
936
934
954
494
492
491
490
355
354
345
343
336
339
927
905
905
912
870
963
963
936
934
933
936
954
475
478
474
355
355
354
327
340
924
913
912
973
986
985
985
988
466
475
470
289
342
289
326
325
923
925
925
910
962
974
975
972
984
989
459
457
470
425
293
276
787
780
910
781
911
775
975
981
431
430
431
424
425
293
292
273
273
276
787
787
780
780
778
796
792
793
793
849
850
430
423
405
404
254
272
272
271
788
788
778
796
797
851
851
843
432
427
426
426
419
403
407
409
404
254
263
264
266
266
266
789
1068
1056
794
796
849
844
842
842
843
427
429
426
417
417
417
414
263
261
1066
1065
1060
801
798
838
1905
1869
1804
412
417
415
1842
251
1836
1066
1061
1059
1084
1060
1241
1904
1904
1895
1894
1896
1860
1897
1803
1833
1833
1842
1843
1842
1837
1836
1064
1061
1075
1072
1083
1083
1257
1257
1901
1897
1896
1860
1807
1810
1832
1843
1852
1852
1063
1075
1076
1069
1070
1083
1256
1255
1257
1900
1900
1916
1916
1917
1811
1807
1808
1858
1858
1852
1849
1853
998
994
1070
1082
1262
1256
1261
1265
1907
1909
1921
1917
1815
1815
1813
1849
1844
993
994
1008
1007
1010
1262
1259
1262
1292
1265
1267
1289
1909
1907
1906
1920
1920
1920
1827
1813
1813
1814
1851
1766
1845
1763
1022
1021
1009
1009
1280
1292
1291
1288
1925
1907
1925
1927
1923
1924
1746
1744
1766
1766
1764
1019
1040
1020
1020
1281
1283
1280
1281
1293
1291
1288
1928
1925
1924
1922
1738
1745
1766
1752
1753
1764
1041
1044
1039
1039
1282
1279
1295
1294
1299
1930
1930
1930
1934
1745
1749
1748
1752
1754
1754
1041
1040
1042
1276
1271
1277
1300
1301
1301
1301
1300
1299
1930
1936
1741
1742
1742
1749
1756
1756
1754
1934
940
902
874
494
495
493
493
488
491
347
351
344
347
347
330
329
901
874
874
938
967
936
934
931
494
492
351
351
347
343
328
328
903
904
869
908
966
966
985
979
977
467
467
355
342
343
328
929
928
929
904
908
962
964
972
979
976
466
471
288
326
327
928
924
910
911
906
974
972
978
978
465
471
425
423
289
287
278
275
786
782
777
907
969
968
980
983
978
432
293
287
287
277
277
787
784
782
781
775
969
797
968
980
980
981
431
421
421
423
408
265
266
783
785
795
796
839
837
432
429
406
409
411
263
789
785
795
794
839
839
841
429
407
409
411
251
263
264
1067
1068
1060
1057
1058
1058
1904
843
428
428
1804
407
412
1841
417
1843
269
1066
1061
1059
1080
1080
1258
1258
1904
1895
1894
1804
1804
1803
1800
1841
1837
1839
1063
1064
1084
1257
1898
1901
1894
1896
1803
1806
1808
1841
1843
1838
996
1063
1062
1072
1070
1071
1069
1083
1078
1899
1901
1901
1917
1893
1805
1808
1808
1840
1846
996
995
1007
1070
1078
1261
1266
1266
1906
1906
1916
1919
1917
1827
1823
1823
1847
1845
1845
1008
1007
1011
1013
1266
1907
1913
1911
1921
1918
1827
1825
1824
1824
1844
1845
1022
1020
1283
1293
1289
1288
1912
1912
1920
1924
1828
1826
1760
1763
1019
1016
1009
1283
1284
1293
1295
1287
1286
1931
1926
1923
1738
1748
1760
1760
1761
1753
1041
1282
1277
1295
1294
1297
1931
1936
1935
1934
1739
1748
1751
1757
1755
1758
1041
1038
1039
1276
1298
1299
1929
1936
1933
1741
1742
1750
1756
1756
1758
1298
902
872
938
932
347
332
901
931
350
341
905
908
967
964
350
985
977
466
471
326
326
928
777
973
466
471
286
278
907
978
470
278
278
783
785
969
982
432
409
419
422
265
776
795
795
970
982
841
433
429
408
411
268
1068
785
1057
838
840
406
1056
1057
840
413
1838
270
1067
1079
1079
1903
1894
1801
1801
1801
1062
1071
1077
1078
1079
1899
1898
1892
1807
1806
998
1914
1891
1915
1805
1806
1823
1821
1846
1011
1264
1264
1914
1822
1846
1012
1261
1264
1910
1919
1827
1822
1020
1011
1284
1913
1924
1828
1826
1759
1022
1015
1283
1287
1912
1931
1739
1736
1760
1761
1016
1296
1297
1935
1740
1748
1038
1297
1739
1758
901
474
345
346
467
913
908
964
289
421
418
423
782
777
983
971
270
839
269
1839
1059
1841
1071
1064
1903
1892
1800
1899
1806
1011
1847
1825
1021
1287
1738
1825
1739
1757
1277
1298
489
332
489
346
903
967
328
467
278
983
907
968
287
776
419
411
410
1058
1903
1892
1838
1071
1078
1821
1823
1022
1264
1918
1284
1913
1762
1285
1932
1932
1274
1287
1931
1737
1747
1758
872
344
965
474
350
341
928
465
983
278
777
419
268
784
970
837
982
429
840
1903
1892
1893
1910
1911
1018
1919
1277
1737
1762
1276
1935
1742
872
965
977
489
332
967
977
906
267
782
971
420
268
413
1067
1056
840
1801
1800
1838
998
1079
1899
996
1013
1263
996
1012
1285
1825
1275
1015
1017
1296
1936
1740
872
965
997
997
332
909
909
506
1014
899
468
468
267
971
776
970
1055
268
1055
1802
1054
1054
1802
1800
1902
1799
1891
1915
505
1911
1822
1847
1737
1016
1017
1275
1736
1762
1274
1296
506
499
997
469
331
331
1014
1014
900
469
899
1798
1222
1798
505
433
1311
1302
506
36
1859
1859
25
1018
1017
1018
36
1285
215
