1184
45
569
559
560
560
53
53
45
15
456
452
49
14
17
17
11
11
11
550
556
555
39
40
40
14
552
502
453
454
454
51
40
25
554
513
492
492
51
38
38
23
23
25
545
493
492
491
86
86
23
510
493
489
490
89
90
90
91
84
141
142
130
24
517
510
510
489
489
89
84
142
131
539
539
517
508
509
488
76
84
145
146
147
132
536
539
1130
1036
1050
76
640
1122
1131
1130
1049
1050
1050
640
626
1131
1129
1129
1050
657
1122
1125
1129
1129
1047
1048
1048
650
656
657
624
1111
1125
1125
1073
647
647
648
656
617
617
617
617
1111
1111
1127
1079
1081
702
701
689
708
616
618
618
1110
1110
1074
688
712
1150
1149
1074
1090
700
691
713
691
713
712
720
720
1164
1162
1154
1151
1090
687
712
1164
1153
1151
1087
1087
1090
1090
687
687
686
710
710
709
709
572
570
570
570
572
569
559
563
562
563
562
456
452
451
452
54
53
45
45
45
41
41
42
17
15
15
11
572
570
559
559
560
560
562
447
452
49
53
53
54
44
44
45
17
17
13
15
12
571
550
552
556
556
502
456
454
453
452
447
48
49
52
51
50
39
43
14
14
14
12
12
12
554
554
552
556
555
502
456
454
454
47
50
50
39
40
40
14
23
19
25
554
554
554
545
545
546
500
493
492
491
495
49
491
51
37
23
22
22
25
26
538
553
513
513
513
493
493
492
491
88
88
88
85
86
85
86
38
141
22
24
26
26
24
543
538
538
514
514
514
493
490
490
90
91
87
87
84
84
139
141
139
141
131
130
131
538
538
517
516
510
487
489
488
490
89
91
91
91
139
139
146
142
130
130
132
536
537
539
517
517
510
511
508
489
488
488
77
77
77
76
77
78
145
146
147
146
129
129
132
131
536
536
508
508
1036
488
1049
1049
1053
1053
641
76
145
145
145
146
146
651
132
132
626
1121
1121
1131
1130
1130
1130
1128
1130
1042
1037
1036
1037
1049
1050
641
641
640
640
641
650
651
650
652
651
651
626
628
1122
1122
1131
1134
1128
1128
1039
1047
1047
1048
1048
639
639
648
649
649
650
650
650
625
627
627
627
1122
1122
1120
1129
1129
1039
1039
1045
1048
647
648
649
649
660
657
624
657
616
626
624
1119
1125
1126
1126
1039
1039
1081
1047
1045
1048
702
648
662
656
660
657
617
616
617
1111
1110
1112
1127
1124
1127
1126
1127
1073
1073
1080
1081
701
689
661
656
659
618
1110
1111
1112
1150
1127
1074
1073
1081
1080
1080
702
702
702
701
689
691
713
713
713
714
718
618
718
1113
1162
1162
1149
1150
1150
1074
1079
1079
1080
695
700
695
688
700
688
692
691
712
720
719
1163
1155
1155
1155
1154
1151
1086
1089
1090
695
696
686
688
686
691
710
710
710
711
719
719
1164
1163
1155
1154
1153
1151
1152
1152
1087
1089
1089
697
687
686
705
709
709
720
716
716
716
719
1164
563
42
572
570
569
568
563
563
460
451
451
451
451
449
54
54
44
44
42
16
16
15
9
9
572
571
571
569
558
558
558
555
562
562
461
456
461
447
447
48
54
52
43
44
42
16
16
13
10
10
571
550
556
555
555
459
459
456
447
48
48
47
46
47
50
52
52
39
41
37
19
12
12
554
550
552
547
552
556
500
453
454
46
47
50
39
37
35
19
34
19
18
18
553
553
546
546
546
546
500
500
500
498
496
496
88
85
85
38
38
37
33
22
26
25
553
546
499
499
502
499
498
497
496
88
85
83
140
141
24
26
543
543
514
499
487
485
88
90
83
138
83
138
140
142
133
543
537
544
514
516
516
516
512
511
487
487
89
91
79
84
83
78
139
142
142
143
130
129
131
137
537
539
515
516
511
511
487
509
485
486
486
75
75
75
77
79
79
78
81
143
147
129
137
533
1133
508
1043
1036
486
1053
1052
77
78
641
78
147
625
135
628
1143
1134
1134
1136
1043
1042
1042
1041
1053
1052
638
641
655
655
655
653
652
651
625
625
628
1121
1121
1143
1134
1136
1136
1042
1040
1051
1051
639
646
654
654
654
652
651
625
627
628
1119
1120
1120
1119
1125
1134
1126
1135
1135
1058
1039
1046
639
639
662
661
658
660
660
625
627
614
1120
1114
1124
1126
1059
1046
1045
1045
647
662
662
661
659
659
614
614
1112
1124
1124
1058
1079
1076
1077
1065
1078
698
662
661
659
659
616
715
615
1113
1113
1118
1112
1112
1150
1076
1076
1074
1081
1080
1081
702
701
702
698
689
692
715
715
714
615
615
1160
1160
1162
1149
1148
1150
1147
1086
1076
1088
695
696
702
690
692
691
715
714
718
718
718
1161
1162
1147
1087
1089
1088
696
696
696
690
692
685
690
711
707
707
719
1163
1163
1163
1163
1155
1153
1155
1153
1154
1152
1152
1087
1087
1089
1088
697
687
684
686
684
685
705
711
705
711
711
707
717
716
705
708
711
568
561
42
572
565
568
564
568
561
563
561
460
444
444
444
450
448
448
71
54
43
64
16
5
4
5
4
4
6
9
567
566
561
557
460
461
445
447
450
449
449
449
72
52
41
5
4
8
567
567
569
566
557
558
557
459
461
455
446
46
47
61
50
58
43
55
36
36
13
8
10
10
551
547
547
547
547
558
459
459
455
455
446
46
47
62
58
57
58
57
36
34
19
18
551
549
548
501
501
498
496
468
104
61
110
57
35
34
33
18
20
553
549
549
505
502
501
497
497
104
104
85
110
110
108
138
125
140
33
26
134
134
543
544
542
542
540
542
505
505
503
498
497
497
103
87
108
108
133
140
133
133
544
544
544
515
512
507
485
485
486
75
482
74
79
79
81
138
144
136
136
137
137
134
537
537
533
515
512
512
511
485
484
485
481
75
75
81
81
143
144
136
135
135
534
534
534
515
533
1043
1044
1041
1053
1053
1052
74
80
80
81
653
653
143
606
623
622
623
1143
1143
1136
1132
1043
1040
1041
1051
1052
1052
643
642
655
654
655
652
607
619
623
623
628
1143
1142
1135
1136
1061
1040
1046
1051
638
645
638
646
654
653
664
653
607
619
619
619
620
1120
1120
1135
1058
1040
1059
1046
1071
638
1046
646
644
646
646
665
665
658
611
619
611
613
1114
1123
1115
1124
1058
1058
1059
1065
1067
699
665
665
660
658
610
610
614
1118
1118
1115
1114
1124
1075
1059
1065
1077
1066
699
1067
663
663
689
663
658
610
610
615
615
1118
1118
1113
1113
1168
1148
1147
1075
1075
1076
1077
1078
699
699
698
671
715
703
726
1160
1157
1148
1148
1148
1147
1084
695
700
694
693
698
670
690
704
704
707
714
1161
1157
1156
1148
1147
1084
1085
1083
1088
696
694
693
685
685
690
704
707
704
719
717
1161
1161
1156
1157
1153
1085
1083
1083
1088
1082
697
684
693
685
705
706
706
706
708
711
708
717
717
717
1152
717
565
565
565
564
580
561
580
460
460
444
450
448
450
448
448
72
71
64
65
5
64
5
6
4
6
565
564
557
591
578
590
461
445
445
445
446
471
449
449
73
72
72
65
55
55
5
8
7
567
566
566
591
458
458
457
457
446
445
61
61
73
63
63
73
56
55
36
36
8
8
7
551
524
566
566
589
458
455
468
63
63
58
63
56
35
34
34
21
551
549
548
549
548
548
504
501
501
464
468
464
470
62
62
58
109
109
57
125
35
35
33
28
20
20
541
541
540
541
548
540
505
503
503
494
497
470
104
101
104
108
110
125
125
127
33
33
112
134
114
544
541
540
505
506
506
507
494
495
105
103
105
103
106
108
107
124
125
112
127
112
134
544
533
515
507
507
483
483
103
80
124
122
112
136
135
535
535
533
531
512
509
484
484
482
482
94
74
80
82
82
144
122
144
136
137
135
534
535
534
512
1044
1044
484
484
481
481
94
80
82
82
82
635
602
144
606
111
117
117
622
1142
1142
1142
1132
1043
1044
1044
1041
1041
1053
643
643
642
643
642
635
602
607
606
606
623
622
1144
1146
1133
1136
1061
1061
1061
1056
1070
1057
644
646
642
608
609
607
609
609
620
620
621
1144
1123
1144
1123
1135
1133
1061
1062
1061
1062
1071
1070
645
646
645
665
664
608
611
619
612
612
620
1117
1115
1114
1123
1062
1058
1071
1071
1070
1067
1067
1067
644
633
663
665
664
595
611
595
611
613
613
1117
1115
1173
1065
1066
1067
699
669
663
667
674
671
595
595
737
613
613
725
1117
1118
1168
1168
1173
1075
1102
1077
1066
1066
1066
668
668
667
667
667
671
670
671
703
726
725
725
1166
1160
1168
1157
1171
1084
1075
1098
1098
694
694
666
666
670
671
703
714
729
726
726
726
1178
1156
1159
1158
1158
1084
1085
1085
1082
1082
694
683
693
666
670
706
703
728
728
728
1178
1161
1156
1159
1159
1159
1084
1085
1083
1083
1082
697
675
685
675
706
706
733
728
727
1159
578
7
573
564
578
578
580
580
476
480
480
480
480
480
471
471
472
472
472
69
67
64
2
2
1
1
1
0
6
583
573
577
577
580
457
476
476
480
467
72
73
73
68
65
65
65
3
3
7
7
582
583
583
591
590
458
457
458
465
478
478
467
71
73
60
56
56
36
29
27
21
582
526
589
525
591
591
591
591
458
462
465
465
465
468
468
467
71
63
56
59
30
30
30
27
524
524
525
525
588
588
504
470
470
101
62
59
109
57
30
30
28
20
20
525
523
522
504
504
503
470
469
469
101
105
102
109
109
125
28
128
28
28
113
541
521
523
523
494
494
495
105
105
103
107
107
124
127
126
127
127
112
113
114
114
528
528
531
531
506
506
507
483
482
482
106
97
95
106
106
126
122
120
111
111
119
119
119
535
528
532
532
532
483
482
95
99
99
122
98
98
122
111
117
119
119
535
1137
532
346
1044
338
1057
484
95
94
99
635
99
635
602
602
118
621
1146
1137
1138
1132
1054
1056
1056
1057
1057
94
643
637
635
637
602
607
605
606
606
605
622
622
1146
1146
1146
1141
1139
1132
1133
1054
1055
1054
1055
1056
1070
630
629
645
637
664
608
609
621
621
1144
1144
1141
1139
1062
1055
1072
1070
645
633
633
664
608
608
609
609
598
598
598
612
1116
1141
1060
1060
1071
1072
1071
1063
632
632
633
633
634
594
612
612
598
1117
1116
1167
1115
1173
1102
1102
1103
1063
1069
1063
1064
669
674
595
594
739
737
597
613
1116
1166
1168
1167
1167
1172
1173
1103
1102
1103
1103
1104
1098
1063
668
669
667
674
674
738
738
737
725
1166
1166
1166
1168
1171
1172
1103
1104
1098
1099
683
668
683
670
666
674
738
738
729
725
1177
1178
1177
1181
1158
1106
1105
1106
1098
1098
1092
1093
683
681
677
733
733
732
729
729
1178
1177
1177
1177
1181
1181
1159
1183
1158
1105
1105
1092
1092
1093
676
676
683
675
675
678
678
733
733
732
727
727
727
678
573
573
576
577
581
581
581
581
477
479
479
475
475
472
69
70
67
67
66
2
2
1
1
0
0
0
174
583
582
577
577
579
477
476
477
479
479
479
471
472
70
67
68
68
66
3
3
173
173
582
584
583
585
590
462
590
465
478
463
467
467
71
70
70
68
60
29
3
3
21
170
524
586
589
591
587
587
462
465
463
466
466
287
70
60
60
59
59
29
29
29
27
21
201
526
526
526
526
588
588
588
358
464
332
332
464
469
466
469
101
109
59
59
31
31
27
202
202
20
519
525
521
523
523
359
359
329
329
324
469
102
102
107
102
126
126
128
31
31
113
114
200
521
521
520
522
506
504
338
337
329
324
97
102
107
107
126
128
128
113
115
114
528
527
527
529
523
352
338
341
339
324
95
97
97
98
98
123
122
120
117
119
115
528
532
347
346
346
338
341
341
341
339
95
95
93
100
99
123
123
121
121
118
535
1145
347
347
347
894
346
1018
340
340
339
94
93
92
92
93
100
99
637
601
120
842
118
1145
1145
1137
1138
1138
1017
1054
335
1057
630
630
92
629
637
601
621
842
1145
1146
1145
1137
1138
1138
1017
1017
1056
1022
629
630
630
636
636
604
604
604
604
603
592
605
599
599
599
1140
1141
1139
1055
1055
1072
1068
632
631
631
634
603
604
593
600
600
1140
1140
1141
1141
1170
1060
1060
1072
1069
1068
1064
1068
632
634
594
594
597
600
1116
1116
1170
1100
1100
1069
1064
669
669
634
673
674
592
594
597
596
1165
1165
1167
1172
1170
1172
1100
1102
1104
1097
1097
1095
1064
680
679
672
674
673
739
739
738
739
737
724
1174
1165
1174
1167
1172
1171
1172
1106
1103
1104
1099
1099
1096
680
681
681
734
731
731
735
735
729
735
1176
1177
1181
1181
1182
1106
1092
1091
1099
1096
683
682
682
677
677
677
734
734
732
723
724
729
1176
1176
1183
1182
1182
1182
1105
1109
1106
1091
1092
1093
676
682
676
678
678
734
734
732
723
723
1109
579
475
574
576
577
581
414
581
415
479
475
474
473
473
69
69
67
66
160
160
159
168
174
170
174
573
575
575
576
575
579
579
477
415
474
474
473
288
290
68
290
164
163
172
172
173
173
173
584
584
584
586
575
412
478
463
463
466
286
288
286
290
68
290
164
165
163
172
173
170
586
585
586
585
587
587
462
331
331
325
287
287
286
165
165
163
518
518
586
358
358
358
332
332
329
326
326
248
287
248
244
245
31
201
202
201
201
519
518
520
520
522
359
359
332
328
329
328
332
323
324
248
247
245
245
245
128
196
200
202
520
519
354
353
352
359
337
328
324
246
250
250
123
242
121
115
527
520
529
529
353
352
350
338
339
336
96
97
96
251
250
121
121
115
116
116
115
115
530
527
529
353
350
338
340
341
336
96
96
100
255
255
121
116
118
116
899
899
899
347
896
895
895
350
1018
340
341
335
335
93
93
100
887
255
601
833
834
834
841
841
842
889
894
891
899
896
894
896
895
1018
1018
1019
1027
1026
872
92
630
885
887
887
604
601
834
834
845
842
842
889
889
894
894
1020
1018
1022
885
636
887
839
636
832
845
931
889
931
1140
1139
892
1017
1020
1022
1021
1022
632
631
884
884
636
603
840
593
593
593
593
599
600
932
931
932
1140
929
1100
1060
1020
1021
1068
631
634
791
634
603
794
593
596
596
600
933
932
1170
1169
1169
965
1101
1025
1069
1024
1024
1069
1064
679
679
672
791
673
592
597
597
596
932
1169
1169
1169
1101
1169
1101
1101
1101
1097
1095
1095
1095
680
679
780
673
779
736
739
739
736
1174
1165
1179
1107
1107
1096
1096
1096
680
680
672
673
731
731
731
736
724
1174
1175
1179
1175
1179
1109
1097
1093
1093
681
782
782
783
730
730
735
721
1175
1175
1183
1179
1183
1182
1182
1108
1109
1091
1093
1094
676
681
812
782
677
782
783
783
732
730
723
723
1176
1091
723
473
282
574
574
575
409
414
414
415
413
415
475
474
431
473
281
292
281
160
160
159
168
169
168
169
169
574
574
575
410
415
415
413
413
474
433
463
431
292
288
292
288
164
290
160
172
174
584
576
382
410
412
411
433
433
433
293
293
291
288
289
164
164
164
165
163
172
171
170
385
387
585
408
412
412
330
325
330
325
326
325
287
287
295
289
289
162
161
161
180
161
200
171
518
586
386
355
357
357
357
332
332
331
331
326
326
248
248
244
242
162
202
201
198
518
519
390
357
359
359
359
328
328
327
327
327
248
247
247
243
245
242
243
242
196
200
200
519
520
354
351
351
352
351
348
321
322
323
246
251
247
243
242
256
256
194
196
199
199
530
530
530
353
353
352
348
348
337
318
251
252
249
254
256
194
213
530
530
354
350
349
349
340
336
334
253
253
252
255
249
255
256
213
213
900
900
896
895
349
349
340
336
335
335
336
333
333
253
252
887
833
833
832
835
834
842
900
891
896
895
1019
1027
1027
1026
872
885
886
887
839
832
832
835
843
889
891
891
892
1020
1019
1030
1021
1027
872
871
871
871
883
885
886
840
832
837
845
845
844
845
888
891
890
893
890
892
893
1020
1021
1021
877
875
884
884
840
840
844
844
844
933
931
892
965
1025
1025
1021
1024
1023
875
875
791
794
838
768
774
774
774
596
774
933
933
933
932
929
929
963
964
1024
1024
1023
1023
790
876
790
791
792
780
779
767
768
777
767
775
776
926
926
930
930
963
966
966
989
786
787
786
780
777
767
736
772
724
925
926
928
1179
978
966
1107
1097
966
996
990
990
786
813
780
780
779
778
777
772
736
772
925
928
1175
1180
1179
1107
978
1109
978
1107
996
994
994
682
812
812
781
813
785
778
783
730
722
721
1176
940
1180
1180
1180
1108
1108
1108
1108
1109
996
1094
994
1094
995
1094
812
812
781
781
781
785
785
784
722
784
722
722
721
722
721
282
168
385
381
371
409
410
414
413
413
427
431
431
431
282
281
281
158
157
158
160
158
159
168
169
166
169
381
381
410
410
411
411
432
432
293
430
292
292
285
285
157
158
157
158
163
166
171
166
385
381
382
410
407
407
412
432
433
293
294
293
294
291
291
291
289
157
157
180
171
181
387
386
387
382
382
356
356
408
407
330
325
295
295
289
162
162
161
162
183
180
171
387
390
386
391
386
386
355
369
356
316
330
327
295
246
295
271
244
244
241
197
197
198
198
390
391
351
391
355
355
356
357
368
321
322
322
317
327
317
246
240
243
240
243
196
197
199
199
199
390
396
365
365
365
345
321
321
322
318
317
251
251
225
229
250
256
254
243
194
194
212
212
394
396
354
361
348
348
345
318
318
334
222
249
252
249
258
258
258
258
195
195
213
216
212
394
354
361
349
344
319
334
334
334
253
222
252
254
257
257
257
195
257
195
215
216
214
900
900
903
361
349
344
334
333
253
253
254
833
835
841
835
843
897
900
897
897
905
896
924
1019
1029
1030
1027
1030
1027
882
872
882
886
886
839
836
837
832
849
843
843
897
898
888
898
890
890
924
924
1029
1030
1028
1026
871
871
885
880
838
839
837
837
847
843
849
888
888
890
893
922
922
1028
1029
1028
877
877
875
883
884
838
883
840
840
846
846
844
847
848
948
933
948
948
929
893
920
964
1025
1024
1023
876
876
877
876
876
875
791
790
794
794
771
774
926
949
930
963
930
964
962
965
965
1023
999
876
787
790
787
792
794
794
794
793
768
775
776
776
773
926
927
930
963
963
967
967
966
991
991
989
989
786
787
792
779
767
775
776
773
773
926
925
928
928
928
979
979
962
967
966
991
993
993
990
990
786
780
778
778
742
745
772
745
925
925
941
942
978
979
979
976
998
998
996
994
811
813
813
781
778
785
745
744
745
745
940
940
940
941
977
977
978
976
998
998
997
995
995
813
811
781
785
785
784
784
742
746
746
371
371
372
371
372
414
427
428
430
430
282
282
283
156
156
156
154
167
167
385
371
381
372
409
411
427
426
428
432
430
429
284
285
285
155
158
154
182
167
167
381
380
380
379
407
411
426
426
426
432
294
294
285
276
275
155
183
183
178
179
385
379
316
437
314
295
294
270
276
276
275
275
183
183
181
181
181
181
383
383
389
386
389
369
369
316
316
314
270
270
271
271
276
241
241
241
180
197
197
390
391
366
369
369
368
316
322
320
314
315
224
225
229
230
240
241
204
198
391
395
395
366
366
366
368
321
320
322
319
317
224
225
225
229
230
226
229
240
186
196
205
205
394
396
395
396
360
365
360
319
319
223
227
227
258
228
195
187
188
216
215
212
394
394
361
361
361
345
345
345
344
300
300
227
227
257
188
215
214
216
903
903
903
905
905
911
342
342
344
300
882
222
881
254
837
835
850
216
850
214
905
904
904
904
923
1030
1035
1033
870
882
882
880
878
816
837
850
850
898
904
923
921
924
924
1030
1029
1033
1033
869
870
880
880
878
836
816
846
849
849
849
898
898
920
920
922
1029
1028
874
869
874
873
879
879
879
838
815
836
846
849
848
948
947
954
1028
1000
874
873
788
883
879
793
768
847
771
776
949
954
964
954
964
964
1000
999
999
788
789
789
793
793
793
770
771
775
771
776
927
949
927
955
962
962
968
991
993
989
788
789
789
778
770
776
776
744
773
941
927
942
979
942
975
968
967
993
992
992
990
798
992
809
787
807
807
807
743
743
744
744
941
935
941
942
939
979
977
975
975
976
976
997
997
997
993
995
809
810
807
808
808
808
808
742
742
743
748
746
746
940
935
935
938
977
976
976
998
997
995
811
811
984
810
805
808
805
805
741
748
748
984
278
376
370
370
372
373
373
419
418
427
428
425
430
284
278
284
283
283
283
156
156
156
152
167
167
176
370
372
421
419
428
426
428
428
442
429
429
278
284
264
156
154
182
182
178
384
378
380
421
380
378
421
421
426
438
434
284
285
274
276
274
274
182
178
178
178
384
384
383
380
404
420
420
420
437
436
437
436
436
436
269
269
269
276
274
276
275
275
273
184
184
184
179
383
388
383
406
367
316
436
315
314
270
269
270
268
273
273
211
184
204
203
184
203
203
389
406
366
369
368
320
309
315
315
270
224
234
271
233
230
230
273
186
204
204
205
393
393
393
363
363
363
367
320
304
224
223
225
229
230
228
228
185
186
186
188
205
205
395
395
396
360
363
362
296
303
319
303
304
223
223
227
226
238
228
187
188
188
215
215
216
903
911
342
362
296
303
296
301
303
301
222
239
226
190
187
187
219
215
902
911
911
343
342
343
296
1031
300
1031
301
870
301
301
882
881
881
189
863
189
830
830
830
831
827
214
901
904
924
343
1034
1035
865
881
881
881
863
817
830
830
831
850
901
904
921
921
921
923
924
923
924
1034
1034
1035
1034
1035
870
870
867
817
879
817
816
831
831
850
824
947
947
918
918
921
920
922
1034
1033
869
870
872
873
879
817
878
814
815
847
823
824
951
950
954
920
1014
1000
1015
1007
874
873
815
815
823
848
848
769
950
951
951
949
950
952
954
970
970
1001
1000
1000
1002
1007
1006
1006
874
788
856
789
796
764
770
771
766
769
951
951
955
956
970
970
968
1002
1002
999
1006
1006
798
788
796
806
764
766
770
751
769
936
959
955
955
939
972
991
1002
993
992
985
798
798
798
807
795
806
806
743
743
743
757
752
751
941
934
939
975
939
974
974
988
992
810
809
804
810
808
740
740
747
747
747
752
935
934
934
938
977
973
973
973
988
988
988
985
984
810
804
805
741
741
741
741
748
747
746
938
373
263
370
370
419
373
418
441
441
441
425
425
277
277
278
278
279
264
156
152
152
176
176
378
378
378
377
419
421
422
441
443
443
442
429
280
280
280
264
267
155
153
177
176
176
375
378
380
379
421
420
424
443
443
438
443
434
260
267
267
267
265
155
179
178
383
404
404
423
437
438
437
434
260
268
265
210
184
210
177
179
384
389
406
406
367
367
305
309
309
315
269
268
268
273
273
203
388
389
405
406
367
364
310
312
234
234
234
272
272
186
211
204
204
206
392
392
401
405
363
364
364
307
310
310
304
234
230
228
185
185
206
206
206
393
393
363
362
311
304
304
302
233
233
233
238
238
226
239
193
185
188
221
221
220
220
221
392
902
914
362
307
297
303
302
302
302
237
239
238
189
190
190
191
220
220
902
902
911
343
297
297
866
866
863
189
189
191
829
219
827
902
913
910
907
910
1031
1031
865
866
868
867
867
867
863
817
831
829
831
829
827
827
901
913
918
919
919
907
1032
1035
865
864
867
863
819
817
816
826
824
824
947
945
950
919
918
916
1015
1015
1015
1010
865
859
854
854
854
822
814
814
823
823
823
824
944
945
917
917
1014
1015
1015
1016
1007
859
858
854
853
815
815
765
763
951
950
956
952
956
970
970
1014
1001
1007
1007
1005
1006
858
858
856
856
856
760
764
766
766
771
769
766
769
960
961
956
956
969
1001
1001
1002
1005
1005
797
797
796
795
764
757
757
751
751
959
936
961
961
971
971
969
972
968
983
1003
797
797
795
799
796
759
757
752
752
751
935
934
939
937
974
972
983
983
985
985
985
809
804
806
740
754
747
750
750
936
936
938
974
973
973
987
988
987
987
987
986
984
802
805
800
800
754
740
747
750
804
441
376
373
277
277
279
279
279
264
151
263
153
153
152
176
150
376
419
419
418
422
442
442
440
280
259
264
153
149
148
175
175
374
377
422
422
422
424
440
434
435
259
260
267
149
148
175
375
375
375
375
403
423
424
437
435
434
260
266
265
177
177
398
405
406
406
402
309
309
312
435
262
262
272
265
211
210
211
207
398
398
405
402
305
305
313
313
312
232
211
209
209
211
206
392
397
401
401
364
305
306
310
311
311
312
234
232
236
236
193
221
206
397
400
307
307
308
302
232
238
239
236
193
221
397
400
307
343
297
299
299
237
239
193
193
219
219
220
912
914
910
907
909
1032
1008
299
237
237
862
239
189
819
190
829
217
901
914
914
907
907
1032
1032
866
866
868
862
861
862
819
829
828
828
943
944
906
1009
1008
864
868
867
862
818
822
821
826
826
944
944
944
919
917
917
919
916
915
1010
864
864
854
851
853
822
821
826
825
945
945
952
917
916
1014
1016
1016
859
1011
859
858
854
853
821
822
765
762
762
952
952
953
915
1016
1005
1011
858
856
856
761
761
765
765
762
762
960
959
969
1001
1003
1003
1005
858
855
795
760
761
757
755
961
957
955
971
969
983
982
1003
1004
1004
797
795
759
754
757
757
756
751
936
972
972
982
983
1004
802
802
803
803
799
754
757
753
753
749
936
937
937
974
987
986
986
802
800
799
799
753
749
749
750
980
377
418
418
442
151
150
374
440
264
149
377
416
424
439
266
438
440
260
262
148
177
398
405
423
262
265
209
207
403
435
262
208
207
397
401
306
311
231
236
235
209
221
400
362
307
308
311
298
231
232
193
191
218
912
400
909
297
298
192
914
909
298
192
828
217
914
909
906
1008
868
861
861
861
913
919
916
906
1032
1010
864
868
822
821
944
852
851
852
852
822
821
820
825
953
1016
1016
857
820
825
953
1013
1016
857
853
760
765
961
953
1013
857
795
760
761
756
960
958
971
1012
1004
801
801
758
756
756
958
982
986
803
759
754
937
982
799
749
376
266
149
151
259
404
423
424
210
232
235
235
397
399
313
306
217
299
217
828
910
828
913
943
1009
860
818
1011
818
915
763
761
960
1012
759
758
799
755
980
986
263
151
279
149
374
417
175
259
208
313
402
310
209
399
236
192
191
909
1008
868
826
913
916
820
820
960
1011
852
1013
1011
755
1013
801
801
981
1004
802
758
753
750
417
153
439
266
266
149
374
262
313
208
399
235
218
397
308
299
312
237
298
1008
864
851
857
857
959
855
980
758
755
980
803
800
417
439
440
280
151
424
435
402
208
401
306
231
218
192
912
912
298
861
819
825
943
906
1010
945
915
1013
945
953
1013
761
981
958
958
981
802
759
417
439
1037
1037
150
416
416
408
1038
403
261
261
218
306
399
308
908
218
908
860
908
908
860
819
1009
818
851
852
495
1011
763
763
855
957
957
981
758
763
981
982
388
495
1037
261
150
150
1038
1038
403
261
403
946
1078
946
388
231
1078
1078
408
9
1086
958
32
946
957
946
32
948
113
