1424
18
669
680
678
678
0
1
18
61
642
633
1
64
64
64
60
59
59
617
686
684
13
13
15
85
622
685
644
643
643
5
13
78
620
538
544
542
11
11
12
87
81
78
537
544
542
541
94
98
87
563
536
573
540
90
95
90
99
98
157
157
157
77
557
563
564
572
572
90
97
172
163
601
556
557
564
564
572
116
170
170
169
174
163
600
601
726
765
764
116
1271
729
725
726
766
764
764
1271
1301
725
741
741
766
1299
728
733
734
734
759
760
760
1259
1298
1299
1305
856
733
732
767
1268
1258
1258
1298
1308
1307
1308
1307
857
856
735
776
777
1342
1342
1263
1264
1291
1306
1306
857
857
770
1340
1392
852
851
772
773
1341
1346
1394
1346
1394
1392
1389
1386
847
847
853
834
830
1336
1386
847
854
838
836
836
830
833
833
1349
1348
1400
1400
1399
1384
670
671
670
670
671
669
680
680
678
679
678
631
633
632
632
0
0
18
18
18
19
21
21
62
62
61
60
671
671
687
687
687
684
679
631
632
1
3
4
3
17
17
18
64
61
60
62
59
671
619
617
686
688
685
642
644
644
633
644
8
8
3
4
4
13
17
83
85
82
82
59
59
622
619
622
538
685
685
644
644
643
8
7
7
11
15
15
85
88
82
78
620
621
622
621
622
537
538
543
543
542
639
5
541
5
15
88
87
81
82
79
604
604
537
538
536
543
544
544
541
95
95
96
94
99
97
97
87
158
81
77
79
79
77
604
604
603
558
562
563
536
540
540
91
96
95
99
97
98
168
167
168
158
155
155
155
603
603
558
562
563
573
574
576
540
90
89
89
89
171
168
171
174
157
165
165
601
602
603
557
560
565
566
565
573
572
577
92
93
93
117
116
118
171
174
174
171
165
164
164
163
600
600
557
565
742
577
765
766
766
762
1271
116
170
169
170
173
174
1297
164
163
1301
729
729
727
727
726
726
741
742
743
743
765
765
766
766
1272
1270
1272
1271
1272
1281
1297
1259
1279
1297
1296
1304
1302
729
730
725
723
723
741
743
757
759
760
760
1270
1269
1269
1269
1261
1259
1298
1260
1300
1304
1305
1304
730
733
733
723
741
739
767
757
760
1268
1268
1258
1261
1260
1300
1300
1299
1300
1305
1305
728
732
735
734
768
767
777
759
759
760
1342
1258
1261
1259
1294
1291
1308
1308
1307
860
857
860
738
738
737
735
737
770
771
776
777
1262
1263
1263
1264
1290
1308
860
856
866
852
735
770
773
777
777
774
1341
1341
1342
1340
1347
1264
1394
1394
1393
1392
1389
1306
1388
866
866
866
866
852
852
834
773
772
774
831
1341
774
1340
1340
1347
1347
1347
1393
1389
1388
848
855
853
855
851
851
836
829
833
833
1336
1350
1349
1350
1346
1400
1394
1400
1399
1389
1386
848
848
854
855
855
838
838
838
836
830
830
833
1349
1349
1348
1400
1399
1386
1384
1384
1385
1386
847
680
19
667
670
669
675
681
681
649
631
632
624
632
627
2
2
16
16
21
65
62
61
60
55
667
668
668
669
687
688
688
684
679
679
652
631
650
628
629
1
2
3
16
20
21
65
65
56
55
57
668
618
688
683
684
685
652
642
641
8
10
10
9
10
7
6
4
14
83
85
82
58
58
619
619
618
618
618
686
534
641
643
9
5
6
14
14
84
85
84
80
58
58
619
621
621
613
611
534
535
535
535
543
542
639
94
94
109
12
88
88
88
88
80
78
620
611
537
535
549
536
548
541
539
96
99
107
167
158
77
79
605
607
562
548
574
575
91
96
107
168
167
168
166
158
159
604
602
610
558
558
561
559
562
561
573
574
92
91
89
98
107
118
168
172
159
175
159
156
155
162
601
556
560
560
566
566
574
566
576
577
577
92
92
93
93
117
117
117
171
173
173
165
161
556
727
565
744
743
577
761
762
117
117
1281
118
173
1296
164
1302
719
719
725
727
742
742
744
761
762
763
1270
1272
1283
1282
1281
1280
1280
1297
1295
1296
1302
730
730
719
731
723
740
741
756
757
761
1270
1273
1282
1282
1261
1279
1296
1300
1303
1301
730
717
731
731
732
724
736
724
740
739
767
757
1275
1269
1257
1260
1260
1298
1293
1300
1304
1303
728
860
738
736
768
768
758
758
1268
1267
1262
1266
1264
1293
1311
1305
863
738
737
736
768
771
768
775
775
1265
1266
1264
1253
1294
1290
1290
1308
860
858
859
865
863
852
770
771
771
776
775
777
1342
1345
1345
1344
1263
1355
1264
1393
1387
1306
1310
858
864
866
865
850
851
835
835
835
831
774
1338
1345
1354
1355
1346
1393
1392
1388
1387
1388
849
846
850
837
829
828
832
1335
1336
1354
1350
1353
1352
1397
1398
1398
1386
848
849
849
846
845
845
855
855
854
838
838
837
835
829
832
832
1335
1335
1350
1353
1353
1348
1397
1352
1399
1395
1398
1381
1385
1348
1395
1398
675
682
21
668
677
676
676
675
682
681
682
649
628
649
628
627
627
625
35
16
20
21
65
63
63
54
63
63
55
55
672
674
681
683
649
649
648
629
627
625
625
625
40
2
20
52
56
56
667
672
673
673
674
683
683
652
650
641
629
9
10
40
6
38
20
28
85
76
56
44
56
57
616
673
616
613
613
534
651
651
640
641
639
9
7
43
27
14
29
86
76
84
44
68
619
613
613
555
549
547
539
637
103
6
109
86
86
84
66
70
70
614
611
611
555
549
549
548
539
103
104
109
109
110
105
166
138
166
86
80
151
150
607
605
610
610
609
609
555
554
548
548
547
539
104
106
106
107
159
175
154
155
608
608
610
559
561
570
570
575
575
91
575
120
120
107
111
166
175
156
156
161
161
162
602
602
608
560
566
561
566
570
571
576
577
121
120
119
111
177
177
160
162
162
595
594
595
560
595
746
749
744
788
763
763
120
119
119
118
1281
1280
177
1315
1322
1321
1322
718
718
724
746
744
786
787
788
762
763
1284
1274
1283
1283
1283
1279
1315
1318
1322
1322
1302
719
717
731
724
740
786
786
788
1275
1275
1274
1273
1282
1285
1250
1280
1313
1318
1318
1317
1317
717
717
740
755
756
784
757
785
1275
783
1275
1278
1275
1274
1257
1249
1251
1293
1318
1303
1303
868
732
869
737
736
755
784
791
783
1265
1257
1267
1251
1251
1293
1311
1310
859
868
863
867
862
769
769
791
775
791
1343
793
1265
1266
1266
1253
1252
1293
1292
1311
1310
859
859
865
863
862
862
862
841
769
769
772
789
1343
1344
1265
1252
1292
1391
1379
865
861
861
850
841
841
840
831
1345
1339
1338
1344
1356
1355
1390
1391
1391
1387
858
864
845
850
841
841
835
825
831
824
1339
1338
1354
1352
1354
1356
1396
1390
1383
1382
849
846
846
845
842
844
828
844
828
832
1335
1335
1337
1353
1353
1353
1396
1397
1396
1397
1395
1383
1382
1381
837
1381
677
676
677
676
701
682
700
649
645
647
624
626
627
626
626
36
35
24
24
24
24
54
53
54
48
677
677
674
709
702
711
648
648
647
630
629
624
623
626
39
36
35
36
28
29
54
48
48
672
673
674
711
711
652
655
654
630
630
40
39
40
38
40
39
29
29
76
76
45
47
48
616
615
672
709
710
651
640
635
43
43
27
42
29
75
68
44
46
616
616
612
612
612
579
551
651
640
640
637
638
637
43
43
27
108
110
27
138
74
67
66
70
70
70
607
607
614
606
612
609
555
552
549
547
547
637
103
103
104
110
110
138
138
140
67
67
153
151
151
607
606
609
554
554
552
550
546
545
102
102
104
106
125
107
105
141
142
153
142
154
150
606
610
559
554
553
569
569
121
115
141
143
154
154
162
596
596
598
598
553
569
570
571
568
567
121
121
115
115
111
177
177
176
160
162
160
596
596
595
560
745
749
571
568
567
568
132
119
112
112
112
1288
1287
176
1315
176
176
160
1321
718
718
716
716
746
748
749
787
788
788
779
1276
1286
1286
1285
1289
1288
1289
1314
1315
1322
1321
722
722
715
714
746
753
755
786
785
788
1278
1274
1285
1250
1312
1315
1319
1313
1317
1319
1332
720
720
720
714
714
752
754
754
754
755
784
783
1278
1273
1277
1250
1250
1313
1325
1319
1324
1323
1317
868
867
867
869
754
755
784
791
783
793
794
794
1278
1247
1267
1249
1253
1327
1325
1327
1292
1324
1324
868
869
871
791
793
794
1343
1246
1267
1254
1256
1253
1252
1292
1309
1311
1310
1309
877
872
872
861
871
840
820
789
789
792
793
794
1378
1344
1377
1254
1254
1254
1252
1387
1380
1379
1379
877
864
872
861
839
840
840
825
824
792
1338
1377
1356
1356
1355
1390
1380
1383
1380
1380
1379
885
886
889
839
839
844
844
825
824
823
824
1339
1339
1337
1356
1351
1391
1383
1383
1382
886
886
889
888
889
843
843
844
826
826
823
823
1337
1337
1351
1351
1396
1395
1382
1381
888
702
48
695
695
701
701
702
700
646
648
646
660
660
660
666
666
664
624
664
35
36
26
52
49
53
54
54
53
53
692
696
695
702
700
645
646
645
660
623
33
37
37
37
26
28
26
52
50
47
48
691
692
692
710
711
711
655
655
654
654
654
630
40
41
38
29
31
76
75
45
46
691
583
709
578
709
579
710
708
711
655
655
653
635
635
635
623
41
42
31
32
74
73
75
69
615
615
616
578
578
579
552
637
637
100
42
30
108
31
75
73
66
69
69
588
580
582
551
552
552
638
636
636
100
102
100
110
110
139
74
140
67
66
153
606
588
580
582
546
546
545
102
123
122
106
125
143
140
143
143
142
153
152
151
151
596
588
580
599
553
553
550
546
545
567
126
122
123
115
126
143
142
135
152
154
148
147
147
594
592
599
599
599
569
568
123
130
114
141
114
113
135
133
147
148
148
596
716
598
597
748
467
749
571
132
132
114
1286
114
1288
1287
1316
148
1320
713
713
715
716
748
747
780
787
780
131
1284
1286
1286
1288
1289
1316
1316
1315
1316
1314
1322
1321
722
721
713
715
715
745
752
745
747
748
747
785
782
779
1276
1276
1285
1250
1289
1312
1319
1332
721
722
720
751
752
753
785
795
1277
1277
1247
1249
1250
1313
1325
1325
1334
1334
1333
1323
867
714
751
753
790
796
790
795
795
1277
1246
1247
1248
1328
1325
1324
1333
875
875
870
869
870
821
753
820
790
797
798
800
1376
1256
1256
1328
1328
1326
1330
1309
877
876
874
871
874
871
821
822
821
813
820
790
789
792
1378
1377
1358
1256
1256
1417
1416
1416
1416
877
876
872
874
889
817
813
813
815
802
792
1378
1373
1358
1377
1357
1417
1417
1418
1422
886
885
884
887
839
812
827
813
825
826
827
805
1369
1373
1364
1407
1407
1418
1419
1422
886
884
888
886
889
887
842
888
842
843
843
827
827
826
823
1369
1369
1368
1368
1364
1364
1406
1406
1418
1419
1421
1421
1364
695
696
698
702
701
705
704
704
646
659
659
660
666
664
34
33
34
25
25
49
49
50
49
51
51
51
212
693
696
697
703
703
704
658
657
658
658
659
656
664
33
22
26
23
23
50
51
212
212
691
693
693
693
707
707
707
653
656
663
661
623
41
33
37
22
32
72
50
45
46
207
584
693
690
708
708
708
655
653
656
634
634
255
41
42
32
31
32
72
72
72
68
45
207
585
583
583
581
579
581
708
423
653
448
449
638
638
634
636
101
108
30
30
71
73
73
201
201
69
585
583
587
582
582
425
422
456
456
465
636
101
124
101
101
139
139
140
71
71
149
149
204
587
588
588
582
551
552
460
460
457
465
122
122
125
125
139
134
134
152
145
151
587
592
593
591
580
443
434
460
459
459
123
129
126
124
126
135
135
136
152
147
145
593
598
599
434
435
458
467
476
477
459
128
131
128
127
113
133
137
137
136
146
592
713
597
597
597
959
435
983
467
475
477
132
132
130
131
129
130
113
1176
1140
137
1149
148
712
971
957
956
745
983
747
476
781
781
778
130
1206
1176
1141
1320
1148
712
712
721
964
964
751
983
983
780
781
778
782
778
1284
1176
1289
1312
1140
1141
1139
1139
1314
1334
1332
1334
964
966
752
750
750
780
782
782
1276
1206
1248
1248
1312
1327
1333
1333
721
899
870
965
965
751
750
797
797
796
800
800
800
1247
1248
1327
1326
1331
875
875
818
822
814
796
799
1376
1246
1246
1360
1256
1328
1328
1330
1330
876
873
873
870
819
819
822
821
816
815
816
816
798
798
1376
1358
1358
1361
1413
1415
1415
1417
1416
1423
876
873
880
874
878
878
819
817
813
815
801
816
802
1374
1378
1373
1413
1413
1413
1418
1423
1423
1415
880
884
878
882
817
812
805
806
802
805
1373
1374
1374
1357
1363
1407
1407
1420
1420
1419
1422
1422
880
879
887
887
882
811
811
811
808
806
803
805
1368
1369
1368
1363
1364
1408
1408
1419
1421
1421
811
705
665
694
698
698
705
506
704
507
658
659
665
662
662
34
34
25
25
218
218
216
213
215
211
213
696
699
699
698
699
705
703
657
507
656
666
663
245
245
23
260
219
220
215
215
215
212
211
693
692
689
689
703
508
657
657
663
661
256
260
255
260
23
258
221
221
220
215
206
207
689
706
690
690
707
706
708
447
447
502
257
257
257
219
221
206
585
584
690
422
423
422
448
449
457
466
464
294
255
295
299
299
71
201
200
201
204
585
584
585
586
581
426
422
449
456
457
457
449
466
465
295
296
299
298
298
134
293
200
200
586
587
444
444
425
425
460
460
465
301
305
297
133
293
134
145
593
593
591
589
443
444
434
458
460
459
129
124
129
300
305
136
136
145
146
144
144
144
591
592
591
442
435
434
467
475
476
129
129
124
310
309
137
146
146
144
957
971
972
442
957
960
960
435
982
475
477
477
476
128
131
127
1177
310
1177
1138
1138
1150
1150
1149
1149
971
957
956
972
956
959
960
959
983
981
982
989
781
991
127
778
1176
1177
1178
1141
1140
1150
1138
1150
1148
1150
968
968
956
959
982
982
991
1207
1209
1211
1141
1211
1139
1155
898
968
898
966
966
965
983
980
980
998
998
782
1207
1208
1211
1210
1141
1144
1144
1142
1144
1155
1156
1332
898
898
899
966
900
1065
750
979
999
800
1206
1206
1205
1210
1210
1144
1142
1331
1331
1331
897
900
900
900
818
1066
822
999
797
1000
1000
796
800
799
1376
1360
1205
1361
1326
1330
1329
1331
895
891
818
819
819
1056
814
815
814
816
802
816
799
1375
1375
1359
1360
1361
1361
1414
1415
1412
892
873
817
819
808
801
799
804
1374
1375
1360
1361
1414
1414
1414
1412
1423
911
911
883
880
882
807
801
804
804
1374
1366
1362
1408
1409
1420
1420
1405
880
879
882
883
881
810
811
811
807
806
805
804
1372
1372
1372
1365
1363
1363
1362
1408
1402
1402
1403
1403
879
806
1403
662
248
697
697
699
395
506
507
507
507
505
665
665
501
662
248
248
245
244
217
217
213
213
214
214
211
694
697
699
398
506
507
510
510
663
500
663
501
263
259
259
245
218
260
218
214
214
689
699
398
397
508
503
504
504
504
262
256
261
259
259
236
220
221
221
220
206
205
207
356
371
371
430
430
430
447
503
447
503
502
502
257
257
257
260
258
289
209
210
209
209
210
206
584
370
370
428
430
423
423
448
448
445
445
464
464
294
295
299
290
290
201
204
203
359
586
369
426
426
426
424
445
461
466
463
464
294
296
295
298
298
292
292
292
355
200
204
590
589
439
444
427
425
424
424
455
455
466
301
300
296
297
292
293
293
355
355
203
203
590
590
589
444
444
443
433
454
455
463
304
304
305
306
309
350
349
590
589
441
443
433
433
468
473
474
304
302
304
310
306
310
350
349
349
972
970
958
958
433
468
468
468
475
472
473
472
472
302
310
1177
1136
1136
1138
1150
1138
1149
971
970
958
960
981
988
989
988
991
1165
1178
1178
1136
1137
1137
1146
1147
968
968
963
962
980
980
989
989
989
990
990
991
1208
1208
1209
1178
1141
1139
1134
1155
1147
1156
1147
969
964
969
965
963
961
961
979
980
998
993
1207
1208
1211
1211
1144
1155
1156
1156
897
899
961
1066
1066
999
999
1000
997
997
1207
1204
1204
1143
1083
1084
1084
1084
1331
1085
897
895
895
895
899
891
1065
1067
1000
996
996
997
1201
997
1201
1205
1203
1203
1203
1083
1083
1082
1083
1089
1085
893
893
891
891
1066
1062
1062
996
1219
1219
1219
1217
1081
1081
1412
1089
1329
910
892
893
883
1060
1057
808
801
1057
1041
1041
997
1219
1370
1367
1359
1361
1081
1409
1412
1401
1087
910
911
911
883
883
810
1060
808
1057
808
1039
1040
1040
1372
1371
1371
1367
1367
1362
1357
1409
1402
1405
1405
879
909
881
881
881
810
809
809
807
807
1042
803
1043
803
1043
1372
1372
1367
1366
1365
1365
1410
1410
1410
1402
1410
1404
1404
1405
1404
1405
247
190
389
396
396
395
396
506
510
510
496
496
495
501
247
248
244
235
236
235
217
234
216
190
191
193
191
396
399
399
395
508
509
510
501
263
494
262
247
246
244
236
217
236
216
219
193
211
193
356
399
399
398
397
397
508
500
504
263
262
263
262
261
261
261
258
237
237
210
207
196
356
371
356
371
397
431
431
384
532
503
502
266
266
256
223
219
209
289
198
208
205
360
360
371
369
370
370
428
432
432
446
446
461
266
283
266
285
285
284
289
354
210
208
202
359
359
428
439
429
428
432
424
432
446
445
452
462
461
462
301
297
291
292
290
355
355
203
347
202
359
412
439
427
438
454
455
455
452
462
463
301
300
278
288
296
291
297
292
354
355
348
347
411
412
441
440
438
438
454
453
453
474
303
304
307
307
309
308
291
352
351
348
348
348
349
411
441
440
469
453
469
473
473
474
303
303
307
307
308
352
309
352
350
350
344
346
346
972
976
977
440
436
469
474
472
302
302
310
1136
1137
1146
1145
1146
970
970
967
976
973
973
937
981
986
987
988
987
988
1166
1160
1166
1167
1165
1135
1135
1134
1137
1153
1147
1147
967
967
969
974
974
963
958
937
985
986
989
990
990
1158
1165
1175
1174
1135
1134
1154
1153
1153
1152
969
969
963
962
962
1007
985
985
992
993
994
1208
1158
1211
1204
1202
1143
1143
1154
1151
1153
1151
1152
896
896
897
896
896
961
962
1067
1022
1021
998
994
994
994
994
993
1202
1202
1222
1204
1143
1080
1086
894
894
891
1056
890
1067
1065
1064
1067
997
1021
994
1222
1201
1222
1214
1215
1205
1215
1082
1082
1084
1089
1086
1086
894
894
890
1056
1064
1064
1063
1064
1039
1021
995
995
1218
1217
1213
1203
1082
1088
1089
1087
1087
894
908
908
906
890
1061
1058
1058
1057
1063
1041
1039
1041
1040
1218
1219
1217
1213
1110
1110
1102
1088
1101
910
910
907
906
1061
1061
1061
1050
1042
1044
1041
1040
1370
1218
1367
1367
1411
1411
1101
1102
1401
1101
909
909
909
903
1059
1059
1060
1050
1042
1044
1043
1043
1371
1371
1366
1366
1411
1411
1411
1411
1409
1401
1404
389
391
396
391
394
505
493
495
495
494
247
252
246
235
234
234
190
191
191
364
391
399
396
395
492
509
509
496
496
495
494
246
246
253
237
235
190
189
192
193
364
367
399
384
384
509
533
533
533
500
265
264
264
223
223
237
198
197
193
196
357
367
532
533
530
266
265
264
264
223
222
222
198
198
208
194
194
196
360
358
358
371
375
431
431
531
532
529
265
283
285
284
284
290
330
325
199
354
208
360
358
429
429
432
427
531
446
452
461
462
278
280
286
285
284
353
343
202
412
413
415
439
427
437
437
451
450
452
452
463
279
280
287
287
288
306
288
291
353
354
342
343
412
415
414
441
438
438
437
454
453
279
287
307
351
319
352
352
353
344
344
347
411
411
441
440
436
438
470
470
471
488
486
307
276
316
352
334
346
345
976
978
978
978
977
938
471
471
469
487
1166
303
1167
308
1131
1131
1146
345
1145
346
978
978
978
936
938
986
984
984
1160
1166
1167
1167
1174
1133
1134
1115
1113
975
974
973
935
935
937
986
985
984
984
1159
1161
1167
1175
1175
1135
1132
1154
1151
1152
1152
975
974
941
934
934
1007
1020
992
992
992
1158
1157
1174
1173
1216
1130
1130
1079
1152
1152
930
929
921
1007
1022
1017
1157
1222
1202
1173
1216
1080
1079
1079
1085
933
922
1067
922
1067
1064
1022
1021
1018
1222
1214
1214
1215
1216
1215
1069
1080
1088
1080
1086
894
933
890
922
1058
1064
1063
1036
1036
995
1221
1217
1212
1213
1069
1088
1086
1097
1097
907
908
907
1058
906
1054
1053
1063
1036
1038
1038
1038
1220
1229
1229
1218
1245
1213
1244
1110
1111
1102
1097
908
902
907
906
903
1061
1061
1058
1054
1053
1050
1044
1040
1037
1038
1228
1229
1230
1244
1245
1244
1243
1245
1111
1111
1111
1105
1102
1101
902
902
905
903
1059
1051
1051
1044
1044
1037
1229
1230
1228
1228
1241
1245
1240
1240
1111
1105
1105
1035
249
390
393
393
392
393
394
382
492
493
493
499
499
252
252
253
254
242
254
233
233
233
187
192
192
186
392
392
383
382
493
492
493
499
527
499
494
254
254
233
234
179
189
189
192
364
365
392
385
385
380
385
491
491
528
522
252
253
225
225
226
238
197
196
189
196
357
366
365
375
375
384
533
383
533
528
528
528
529
530
265
224
224
224
226
226
226
222
222
199
199
197
195
357
357
358
377
410
532
530
529
530
281
282
282
283
330
330
325
199
338
338
197
194
339
413
377
429
409
409
451
520
531
518
282
280
282
283
286
286
332
331
325
342
343
339
414
415
414
401
400
401
404
451
450
281
279
278
288
287
275
331
319
331
353
341
342
343
413
415
415
401
401
404
482
450
451
483
486
279
269
276
277
277
319
316
351
341
341
335
335
977
947
470
403
482
488
488
487
488
486
274
276
277
318
316
321
334
345
976
936
938
470
471
482
480
1003
488
1160
488
1161
486
487
1163
1163
1164
318
1168
318
1133
1132
1131
1115
1114
345
951
936
938
480
1003
1003
1161
1163
1164
1167
1168
1133
1132
1132
1115
1113
975
955
935
940
940
936
937
934
1007
1005
1005
1005
1004
1005
1161
1161
1161
1168
1175
1168
1130
1122
1121
1119
1118
975
930
941
941
935
934
1008
1008
1020
1159
1159
1158
1157
1175
1175
1173
1130
1130
1121
1119
1118
930
930
921
921
1008
1022
1015
1017
1194
1192
1130
1075
1075
1079
1119
1077
930
933
932
930
932
917
921
1049
1049
1015
1019
1018
1019
1017
1018
1017
1194
1221
1198
1214
1212
1216
1069
1080
1074
1086
933
933
922
922
1049
1048
1028
1028
1028
1019
1019
1220
1233
1221
1212
1212
1068
1069
1073
1097
1095
931
933
912
913
913
1053
1036
1028
1037
1233
1233
1233
1233
1220
1244
1239
1243
1243
1109
1109
1109
1109
1096
1096
905
904
904
1054
912
1055
1055
1034
1037
1230
1231
1242
1241
1241
1111
1108
1103
1104
1103
1096
902
901
904
905
1052
1051
1055
1051
1034
1034
1035
1035
1229
1230
1242
1240
1107
1107
1108
1107
1104
1105
1104
903
381
243
393
393
381
381
489
490
489
490
498
498
250
250
249
254
242
242
238
180
187
187
188
390
393
390
380
380
383
491
493
491
490
497
499
250
254
230
242
240
238
240
179
188
186
365
365
375
385
385
383
526
526
527
527
527
524
232
225
226
240
226
238
183
196
366
377
374
525
525
526
525
522
232
225
229
178
179
324
183
195
366
363
376
377
410
410
410
519
517
529
282
282
286
332
330
339
363
418
376
405
410
405
409
518
281
271
271
332
332
325
326
340
338
339
420
420
418
418
400
403
409
404
520
521
483
270
275
332
331
326
342
340
340
415
414
401
403
521
483
484
485
270
269
269
274
275
277
277
311
321
341
321
336
335
337
337
420
952
950
403
482
482
485
484
485
485
274
273
276
318
318
316
320
336
335
951
952
950
480
482
481
1182
1164
1170
317
317
320
1114
334
1113
951
940
939
938
949
1003
1183
1182
1161
1182
1164
1163
1162
1171
1133
1116
1116
1115
1115
1115
1113
955
954
940
939
942
1006
1004
1004
1185
1184
1162
1169
1169
1128
1122
1122
1119
1118
955
941
929
939
943
1008
1011
1004
1015
1186
1184
1192
1169
1169
1173
1129
1129
1122
1121
1120
1121
1118
928
928
920
942
1010
1015
1016
1016
1193
1194
1192
1198
1198
1129
1074
1075
1078
932
928
920
917
920
1049
1049
1010
1016
1016
1018
1014
1193
1193
1193
1200
1200
1200
1238
1068
1074
1073
1075
1077
1078
1077
931
932
913
920
1048
1048
1030
1029
1232
1193
1232
1221
1239
1239
1068
1090
1100
1096
1095
931
931
927
914
1054
1047
1048
1053
1030
1030
1029
1233
1231
1239
1239
1238
1106
1100
1096
1096
1095
901
904
913
915
1055
1055
1025
1033
1035
1232
1225
1229
1241
1243
1107
1106
1103
1093
1092
901
905
905
1052
1052
1023
1026
1025
1026
1026
1025
1027
1225
1226
1242
1235
1235
1108
1103
1104
1092
1226
489
378
381
250
251
251
251
243
243
180
241
241
180
180
188
187
390
382
382
490
388
512
527
498
251
231
240
240
181
181
188
188
361
361
387
387
387
388
527
524
523
232
232
239
179
178
184
362
362
366
361
374
373
526
525
523
524
232
229
327
183
183
363
363
376
372
374
519
520
517
524
267
227
329
327
326
324
324
323
419
363
376
406
408
408
521
517
518
271
329
328
329
326
340
420
421
418
418
406
406
408
520
521
514
518
271
269
267
328
315
337
340
421
418
404
515
515
484
270
272
272
275
311
336
421
416
515
402
481
481
484
273
272
321
311
320
334
336
952
952
947
949
948
1001
1183
485
273
273
1170
272
317
1124
317
1116
333
951
954
950
949
1001
1001
1001
1183
1182
1162
1170
1171
1171
1124
1116
1114
1112
955
954
1006
1002
1186
1185
1180
1170
1172
1123
1128
1127
1120
1117
923
954
954
939
944
943
942
1011
944
1186
1185
1184
1196
1189
1197
1128
1125
1120
1117
924
924
918
943
1010
1011
1016
1016
1194
1186
1198
1199
1197
1195
1127
1127
1076
1078
1078
917
918
918
1010
1014
1193
1191
1192
1200
1199
1071
1072
1073
1074
1078
1077
927
914
1047
1030
1029
1033
1190
1190
1199
1239
1071
1071
1100
1099
926
927
914
1046
1047
1030
1032
1030
1033
1223
1232
1224
1106
1091
1090
1100
1100
1099
915
1047
1046
1025
1032
1033
1225
1227
1227
1227
1236
1106
1090
1091
1094
1093
926
916
915
1052
1026
1027
1225
1226
1242
1236
1235
1108
1094
1093
1092
1023
378
379
489
497
182
185
390
498
241
181
380
387
388
512
239
517
523
232
229
184
184
362
405
373
227
327
329
323
374
516
267
322
323
421
417
408
521
270
313
313
328
337
417
402
515
515
521
478
268
268
313
315
315
945
416
948
481
479
312
950
949
479
312
1112
333
953
949
1002
1181
1180
1172
1171
1172
954
943
942
1011
1002
1186
1185
1180
1127
1127
923
1197
1189
1196
1197
1129
1126
1126
1117
919
1013
1014
1191
1126
1076
918
1009
1013
1191
1197
1195
1076
926
919
1031
1190
1224
1238
1072
1100
927
916
1045
1032
1190
1223
1237
1072
1091
1099
926
1024
1027
1224
1236
1091
915
1032
1236
1094
378
231
239
182
231
372
373
373
178
267
327
329
419
417
514
514
333
481
333
1112
947
1112
944
953
1181
1180
1123
1188
1125
919
1076
1071
924
1014
1237
1072
1236
1092
1023
1027
243
182
230
182
361
388
184
231
322
516
372
519
329
402
313
312
320
948
1183
1180
1117
944
1011
1126
1125
927
1187
1197
1009
1187
1098
1031
1223
1224
1046
1033
1223
1234
1094
1093
379
241
512
229
239
181
362
227
516
322
406
328
314
421
513
478
516
273
479
1183
1188
1188
1184
1191
914
1199
1023
1237
1099
1046
1227
1235
379
512
511
251
185
388
523
374
314
417
407
268
315
312
945
945
479
1172
1124
1117
953
1002
1188
923
1009
1013
924
919
1009
1072
1045
916
916
1024
1226
1234
379
512
1255
1255
185
386
386
368
1294
407
228
228
314
514
402
513
946
314
946
1179
946
946
1179
1124
1181
1123
1189
1189
368
1187
1070
1070
1237
925
925
1024
1072
1098
1045
1024
367
368
1255
228
185
185
1294
1294
407
228
407
1020
1012
1020
368
268
1291
1287
511
12
1295
912
22
1012
925
1012
12
1295
175
