656
206
85
109
109
109
212
212
206
171
102
103
214
168
168
167
171
169
169
91
110
110
208
208
209
167
159
102
102
103
103
210
209
165
158
126
124
124
210
226
209
204
204
165
160
126
124
123
226
225
204
130
126
128
123
228
228
228
225
225
203
203
203
199
155
130
132
129
129
228
225
198
199
156
156
132
132
132
129
234
234
197
197
198
201
156
156
362
545
547
234
549
361
361
362
545
547
551
549
567
361
359
359
547
555
377
377
359
359
546
546
546
556
555
555
565
393
377
392
356
530
548
549
555
563
563
563
563
393
393
357
356
531
530
529
527
527
496
563
505
389
389
357
529
495
397
397
347
522
522
496
496
496
495
495
506
506
407
407
397
394
344
523
492
407
395
394
347
347
344
344
522
523
500
492
492
492
493
86
86
86
85
86
85
108
108
109
108
109
104
104
104
212
212
212
206
206
206
206
205
205
171
171
171
171
86
85
85
109
109
110
109
105
104
214
214
214
213
208
207
206
168
173
167
171
169
91
91
91
91
110
110
102
103
102
103
103
214
210
213
214
213
208
208
167
167
167
165
169
164
158
158
159
159
110
102
102
103
103
211
210
210
209
209
168
168
167
165
165
158
158
160
160
159
160
126
126
124
124
124
210
124
210
209
204
204
165
165
165
161
161
125
126
126
127
123
124
123
229
229
229
226
225
226
226
204
204
204
203
165
199
199
161
160
155
160
160
130
126
123
123
228
228
229
225
225
225
194
203
195
203
199
202
199
157
155
155
132
130
130
128
129
123
228
228
228
228
195
195
198
198
203
201
201
156
157
157
132
153
132
131
132
128
129
129
227
227
234
234
234
234
195
197
198
197
198
201
201
201
156
156
132
132
545
129
545
545
544
544
551
234
197
197
197
197
197
557
201
201
565
378
369
362
362
361
362
359
362
358
545
545
545
547
547
551
551
551
551
551
549
557
557
557
557
565
566
567
378
378
361
361
361
358
358
547
546
547
546
552
548
548
549
537
549
555
556
566
566
567
567
378
377
377
359
359
356
356
546
546
548
548
549
549
556
555
566
555
564
566
565
377
392
355
356
356
356
531
546
530
546
530
549
536
553
553
553
563
563
563
393
393
393
392
392
355
355
357
357
356
531
531
529
529
536
553
553
563
390
393
393
397
357
357
357
531
531
532
532
529
529
529
527
527
496
496
496
495
506
505
505
389
389
389
397
397
397
347
347
347
531
522
532
532
529
523
523
527
500
495
506
506
407
396
396
396
397
397
347
344
344
522
522
523
523
500
500
492
492
492
493
506
504
407
408
395
396
395
394
394
394
347
344
344
522
523
523
500
492
493
504
504
504
504
504
407
108
205
86
86
85
108
108
108
106
104
104
218
212
219
212
212
207
206
205
173
173
173
171
169
86
90
91
85
89
110
111
110
111
109
106
106
106
105
105
214
214
213
207
205
205
168
173
173
169
170
90
90
89
111
110
111
106
106
105
211
214
211
211
211
213
213
208
208
168
168
167
169
169
158
90
90
91
159
89
111
102
103
211
210
213
208
209
166
167
166
164
164
164
158
158
159
159
160
159
125
127
127
127
124
135
229
226
226
209
194
168
204
166
164
165
161
160
125
125
127
127
127
123
135
229
226
232
194
204
199
199
161
161
130
127
128
123
229
229
232
194
232
194
195
203
202
157
157
155
155
154
130
154
131
131
128
128
227
227
233
233
232
233
195
198
196
196
202
196
200
200
156
156
153
154
131
131
128
131
128
129
129
227
227
227
233
233
233
231
231
198
198
200
200
153
362
131
358
545
134
544
552
234
234
551
231
198
565
200
565
369
369
361
362
358
358
358
544
544
552
552
551
535
535
535
557
557
557
565
565
566
378
378
369
377
361
360
358
543
547
550
552
537
537
535
537
556
556
566
567
567
378
378
378
376
377
360
359
360
360
364
353
547
548
548
537
536
556
555
554
564
566
564
378
376
392
355
353
354
531
532
548
536
536
536
553
553
564
564
393
392
355
355
354
354
354
354
532
528
528
527
554
553
564
495
564
390
390
390
389
392
398
357
357
357
354
531
531
532
528
530
528
529
527
496
495
494
505
505
390
390
389
391
398
398
398
347
345
343
532
524
529
528
499
499
495
495
505
505
505
408
396
398
346
347
343
522
525
526
526
500
526
501
501
493
493
506
408
408
408
408
396
395
396
395
395
394
394
346
346
344
344
525
523
526
500
526
500
501
501
501
493
498
493
504
504
500
498
493
84
108
205
86
84
84
84
85
108
108
107
107
105
104
104
218
219
219
219
207
205
205
173
172
172
172
172
172
172
170
90
84
107
89
107
106
105
105
218
219
219
219
219
207
205
173
172
170
90
90
91
91
89
111
111
106
106
105
122
211
214
216
213
207
208
177
168
178
166
173
170
170
90
87
87
87
87
111
111
117
106
135
135
211
211
221
207
209
222
178
166
166
164
164
158
159
163
125
127
137
135
136
235
213
238
194
178
166
174
180
179
162
163
163
125
125
138
137
135
235
235
226
232
238
238
194
190
194
202
202
184
199
161
161
155
163
163
154
125
139
138
142
135
135
236
233
238
232
202
190
185
202
157
157
157
154
130
142
141
134
134
227
134
236
233
232
231
195
195
196
202
200
200
200
157
157
153
154
131
142
131
141
141
134
134
227
233
231
231
198
196
196
200
200
153
148
153
153
153
368
368
544
544
544
552
230
230
230
231
535
562
196
573
573
573
573
369
369
362
362
368
543
543
543
552
552
552
537
535
535
535
557
561
572
573
572
567
369
370
376
360
364
351
543
550
550
550
552
541
537
533
556
556
556
572
572
572
572
378
370
360
364
353
351
353
351
550
550
541
541
541
537
537
537
554
554
568
568
567
375
376
376
355
364
364
353
354
352
528
542
536
554
554
564
564
564
375
375
392
375
392
355
353
353
354
354
530
352
540
540
527
554
554
554
494
508
508
390
390
389
391
391
391
391
345
345
345
345
340
530
528
528
521
494
494
508
389
391
391
398
398
398
345
340
530
524
524
524
520
499
499
499
495
505
408
409
409
396
398
345
346
345
343
340
525
525
526
520
499
499
498
498
506
506
408
409
409
400
395
346
346
346
343
343
525
526
525
526
501
501
501
501
498
498
498
502
502
502
395
502
82
84
84
84
83
107
107
107
118
121
121
218
218
218
218
224
224
223
223
181
181
172
182
172
170
82
83
89
89
83
118
118
121
121
121
122
121
216
219
224
224
224
223
223
177
183
183
170
88
88
89
98
118
118
119
119
122
121
216
216
224
221
221
224
177
177
177
178
183
170
170
88
88
88
87
98
119
117
122
216
221
221
221
178
178
174
180
180
162
162
87
163
87
98
98
117
117
120
136
137
136
216
221
221
238
238
178
190
178
178
174
174
179
179
162
162
162
162
163
163
139
138
138
137
137
136
235
239
235
238
238
190
190
189
190
185
185
184
184
162
145
163
139
139
139
142
142
137
236
236
236
235
237
237
237
192
190
185
192
185
184
145
154
154
142
142
141
133
236
231
192
192
186
185
187
148
149
154
149
142
142
141
141
134
133
240
240
244
230
231
192
192
186
187
187
187
149
148
149
154
368
368
141
134
133
134
240
230
230
230
230
533
562
186
561
186
186
187
573
369
370
370
367
368
368
368
543
543
544
550
538
533
533
533
560
562
561
573
561
573
573
370
370
370
360
368
364
364
348
351
543
541
533
533
560
561
561
572
568
572
568
571
370
376
373
376
360
365
364
365
364
364
351
550
541
542
541
537
559
560
568
568
570
570
568
374
375
375
376
365
365
351
351
351
352
352
341
541
542
540
540
559
559
568
558
568
570
570
375
375
386
352
342
341
528
542
521
521
521
521
559
494
509
570
508
508
374
390
386
391
391
328
329
342
342
342
342
341
519
524
519
521
521
521
494
494
508
508
507
404
409
404
409
399
328
328
340
340
340
524
520
520
518
499
497
494
507
507
507
508
405
409
400
399
399
328
346
346
343
340
524
525
524
520
520
497
498
502
511
502
408
409
409
400
400
400
328
335
343
335
343
525
525
526
513
501
497
497
502
502
400
83
180
82
83
83
83
93
112
112
121
112
116
112
121
114
114
114
218
217
217
224
223
181
181
182
181
182
182
182
82
82
82
92
92
118
118
118
116
216
217
224
224
224
223
223
181
181
183
183
180
82
100
95
92
92
118
118
119
119
119
121
122
216
221
220
177
177
177
177
180
180
88
99
87
100
100
98
98
98
119
117
117
120
122
122
122
216
215
221
222
220
176
175
175
179
88
88
88
99
98
97
138
136
136
235
239
220
237
176
174
175
174
179
179
145
150
98
139
138
138
136
51
136
239
235
239
239
238
237
190
189
189
174
185
145
145
150
150
133
137
137
236
236
236
239
237
193
189
192
193
189
185
185
184
184
145
145
150
151
139
140
142
133
133
133
244
244
244
244
245
193
192
186
188
188
187
187
187
148
148
151
149
152
141
133
240
244
245
192
245
245
192
186
188
188
187
148
371
149
152
367
140
368
141
240
240
243
534
243
534
562
562
188
571
372
372
372
366
367
348
348
348
348
240
538
534
533
534
562
562
562
561
561
571
573
571
373
373
372
372
372
366
366
366
367
367
348
348
349
538
538
542
534
560
560
561
571
571
373
373
373
366
365
363
351
352
541
542
542
559
559
560
558
569
569
569
569
569
375
386
365
365
352
350
351
341
341
542
539
540
540
558
570
570
569
374
374
386
386
386
365
363
329
342
352
342
341
341
521
559
558
509
509
570
570
374
374
404
384
384
384
384
329
329
329
328
329
342
342
519
519
521
518
518
509
509
509
508
404
405
404
404
399
399
328
328
330
334
340
519
512
520
520
518
511
510
511
507
405
405
404
402
399
332
335
330
330
334
335
334
512
513
517
497
497
511
511
507
405
405
405
405
400
401
400
400
399
335
335
335
335
334
512
512
512
513
513
513
513
497
497
511
503
503
503
513
82
82
96
93
83
93
93
112
112
116
116
115
114
114
217
217
217
222
181
181
287
182
182
182
182
182
291
95
82
95
92
92
112
112
113
116
116
116
116
114
215
222
222
296
296
287
183
291
290
95
95
100
95
92
119
92
120
116
39
215
215
215
215
222
222
176
296
183
183
180
290
99
100
100
100
97
97
117
120
120
55
55
215
215
220
220
176
220
176
176
175
175
180
290
99
99
99
99
97
97
97
117
120
60
60
120
136
55
51
239
239
220
220
176
175
175
247
247
179
147
99
146
150
97
150
138
58
137
51
51
239
285
239
284
237
190
189
175
175
174
179
246
146
145
146
150
139
139
140
58
58
51
244
244
245
237
193
193
189
185
246
184
145
143
146
151
151
151
140
50
51
51
242
242
244
245
245
193
191
191
188
188
252
143
149
152
152
152
140
50
49
50
50
242
242
242
243
245
193
193
191
191
188
148
371
152
152
152
467
140
367
50
49
49
240
241
241
241
242
243
243
534
637
186
616
188
371
371
372
388
366
367
367
49
349
349
538
241
538
534
637
571
616
372
372
373
388
388
366
366
367
348
349
538
349
538
534
534
560
562
637
637
637
622
571
569
616
569
373
387
387
363
350
350
350
349
539
539
542
559
560
558
620
569
373
387
386
387
387
363
363
350
350
350
339
350
338
542
559
558
558
620
374
374
386
329
332
339
338
539
539
540
518
518
558
558
621
620
381
381
384
384
385
384
329
329
332
330
330
339
338
341
519
519
518
518
518
509
509
509
510
507
406
404
406
404
384
402
385
332
332
330
330
330
338
514
519
516
510
602
602
510
510
510
510
406
405
402
402
402
332
334
337
334
334
512
514
514
517
516
517
602
511
511
503
507
503
406
406
401
401
402
401
336
336
337
337
335
334
512
512
513
516
513
497
602
511
503
503
336
93
115
94
96
94
93
113
113
113
115
115
115
114
217
217
217
222
294
294
294
287
287
291
291
291
94
96
96
96
96
93
113
113
113
115
115
39
316
316
294
294
296
296
289
287
291
290
291
95
95
95
96
96
25
113
53
39
55
316
316
309
316
296
296
295
295
289
289
290
290
101
101
101
100
101
101
117
60
53
55
309
309
309
296
295
289
147
147
101
97
56
56
60
60
60
52
55
284
309
284
278
278
176
247
247
247
246
147
147
146
146
101
97
56
60
59
58
58
59
52
51
285
285
278
278
278
189
249
247
247
146
146
150
151
41
56
58
58
52
286
285
276
193
279
191
246
143
143
144
144
151
41
41
47
50
48
242
244
242
286
276
191
191
252
252
252
252
252
143
143
144
151
152
140
50
50
49
242
243
243
276
276
191
251
252
252
143
371
143
152
466
466
467
46
464
49
49
49
49
241
241
243
638
276
638
638
619
617
616
616
616
371
371
388
371
466
467
467
467
467
464
464
464
349
432
241
349
640
638
638
637
619
619
619
619
616
616
382
388
388
467
465
464
433
640
640
639
639
639
619
622
382
382
382
388
388
387
363
465
463
463
433
349
539
641
639
640
637
636
637
622
622
622
622
620
382
382
382
387
387
363
363
465
463
339
539
539
592
639
637
636
622
620
620
620
383
383
386
385
385
457
332
463
339
430
430
339
338
338
539
592
591
591
636
621
621
621
383
385
385
385
332
385
331
332
332
331
338
338
338
584
584
593
591
591
601
601
510
596
381
381
402
331
331
334
338
333
514
514
517
517
602
602
602
596
596
380
379
403
406
402
337
331
333
333
514
516
517
602
603
602
510
595
406
406
403
403
403
403
401
336
337
337
333
333
515
516
515
516
517
516
517
603
603
594
503
595
406
337
503
40
313
94
94
96
93
26
26
26
115
26
115
114
40
39
313
315
313
294
294
287
287
288
288
287
291
94
94
96
28
113
26
26
35
39
39
39
39
315
316
316
312
294
294
296
289
291
94
96
29
28
25
53
53
53
54
314
315
315
316
316
295
295
295
295
295
289
290
290
16
16
101
19
25
25
60
53
53
54
54
54
309
309
310
309
311
279
305
305
305
305
304
289
147
101
16
17
17
56
57
60
60
60
55
55
54
284
284
278
279
279
247
247
246
147
146
15
42
56
56
56
59
59
52
52
52
286
286
286
279
278
279
279
279
249
249
246
147
146
15
42
42
41
42
41
59
59
52
286
285
285
277
278
277
277
250
249
246
246
144
144
144
151
41
41
47
47
47
52
281
281
285
277
276
251
251
144
144
7
41
46
46
47
48
242
281
281
282
276
282
282
275
251
252
489
144
466
466
46
46
46
48
49
48
48
48
241
281
282
638
638
617
619
617
617
616
489
488
466
467
465
464
461
464
432
640
640
638
638
619
619
619
615
491
491
466
458
465
465
464
463
461
433
433
432
641
641
640
639
639
619
618
618
615
623
615
491
388
491
387
491
465
458
465
463
433
434
641
641
639
639
636
622
624
623
382
382
457
457
457
463
463
430
434
431
592
636
590
636
622
621
621
624
620
621
383
383
383
383
383
456
456
457
430
430
431
431
584
431
592
592
591
591
591
636
597
601
597
598
621
383
381
456
456
416
416
416
431
584
584
593
593
601
601
596
598
596
379
379
379
385
418
416
331
331
416
437
437
437
584
514
516
593
601
601
603
596
596
596
380
380
380
403
403
336
418
336
418
331
437
437
437
515
515
515
516
515
599
599
603
603
595
595
380
380
403
403
403
336
336
336
337
337
436
333
436
333
436
333
515
515
599
599
599
600
603
600
594
600
595
595
595
595
595
313
288
12
27
28
28
28
26
35
35
35
40
40
40
313
313
312
293
293
293
293
292
288
288
288
301
288
29
29
29
28
26
36
35
40
314
40
315
314
315
312
293
293
293
292
288
303
291
303
12
29
29
29
29
25
25
36
54
314
314
314
314
315
310
315
311
293
293
305
290
304
16
16
16
19
19
19
19
18
25
53
54
314
310
310
295
305
305
280
305
304
304
16
15
16
15
19
17
19
18
57
57
55
54
54
284
310
310
284
280
280
250
249
304
248
16
15
17
15
17
42
57
57
57
57
59
59
75
52
75
75
277
277
280
280
250
249
248
248
248
8
8
42
42
42
44
59
47
73
75
75
75
286
286
286
285
277
277
279
250
249
254
248
8
8
7
7
41
45
44
47
63
63
283
285
283
282
274
274
275
275
275
251
251
254
254
7
7
45
46
47
64
48
48
281
281
281
282
282
274
275
274
275
274
251
255
255
255
489
489
486
7
45
46
63
432
281
282
282
617
617
615
617
615
489
489
489
489
488
488
459
465
462
461
461
461
461
642
432
642
644
644
638
635
618
618
618
615
615
490
490
491
490
491
488
460
460
462
462
461
433
432
432
640
644
635
639
618
618
623
623
623
491
491
491
458
458
460
462
462
433
433
434
641
643
643
635
643
635
635
624
624
623
624
623
490
474
474
475
474
458
458
457
415
430
430
434
434
434
434
434
585
592
592
590
636
624
624
474
474
474
456
456
457
456
415
457
431
430
431
585
592
593
590
590
590
590
597
597
621
598
598
598
379
474
414
417
416
415
415
416
437
437
439
431
584
593
593
591
597
597
598
598
598
379
379
379
413
414
417
417
417
416
416
438
437
438
438
439
584
593
576
601
603
597
598
594
379
379
413
413
419
419
419
418
418
436
438
436
514
578
578
576
600
600
594
608
594
594
380
410
380
413
419
419
418
418
418
436
436
436
435
515
578
599
600
599
600
600
603
594
594
27
27
27
27
28
26
35
35
40
40
313
319
312
312
292
292
288
301
301
12
27
29
28
28
37
37
36
35
36
38
38
314
315
312
322
292
292
304
301
301
12
19
29
19
25
37
36
37
36
38
307
307
311
311
324
306
306
306
303
303
12
19
76
76
78
307
310
307
311
311
324
305
306
306
304
304
304
303
14
14
14
19
17
18
18
76
76
74
307
307
270
310
270
280
280
280
306
249
249
15
15
17
18
57
44
76
73
74
75
74
75
286
270
270
280
250
248
248
8
8
9
2
42
44
44
57
73
73
75
75
71
71
270
270
269
283
269
277
250
250
253
253
8
9
9
9
45
44
44
64
64
63
283
283
275
275
250
275
253
254
255
254
8
8
7
7
45
45
43
43
43
65
63
283
266
274
251
255
255
254
486
486
486
486
486
459
43
43
65
65
642
283
644
274
627
627
615
255
627
255
486
488
488
488
459
461
470
468
432
642
642
644
644
646
618
628
626
490
487
488
487
459
459
462
461
433
441
441
642
644
644
643
635
627
618
626
623
626
490
490
487
458
460
462
462
441
434
440
440
643
643
643
635
645
634
634
623
631
475
475
479
458
447
440
440
585
643
586
590
632
624
632
624
475
479
456
479
457
415
447
446
446
585
592
589
589
590
590
589
605
598
632
632
473
474
474
479
417
415
415
446
439
431
585
593
589
589
605
597
610
610
610
413
413
414
417
414
417
429
415
438
439
439
439
585
439
578
593
576
589
576
607
607
610
614
410
410
413
413
414
419
419
417
426
426
426
438
438
438
439
435
575
578
576
577
576
576
576
600
608
607
614
614
614
410
410
410
412
419
419
426
426
436
435
578
578
435
578
577
576
599
608
608
608
614
435
319
24
27
24
27
23
23
21
31
31
30
30
40
321
321
321
321
322
321
322
322
292
300
301
301
301
23
23
21
21
37
37
37
36
38
38
38
321
320
322
292
299
299
299
301
12
12
24
21
10
21
21
34
37
36
38
320
311
322
311
324
324
306
303
301
303
14
13
13
14
10
18
37
34
37
76
78
78
78
78
307
308
308
311
324
324
324
324
324
306
306
302
302
14
14
14
18
81
76
78
74
74
74
307
307
308
258
258
256
306
262
262
302
262
262
6
1
2
18
80
73
81
74
74
307
71
71
270
270
270
269
258
256
262
265
262
9
6
9
2
2
2
80
73
62
71
71
71
269
269
269
272
272
256
250
253
265
254
9
9
9
45
45
44
64
64
64
65
63
283
61
268
269
268
272
275
250
253
253
254
254
486
482
43
45
64
64
65
65
65
63
283
266
274
273
273
257
257
255
481
488
485
43
43
68
64
470
65
468
65
468
63
65
642
655
655
273
646
273
627
627
627
628
629
255
481
487
459
68
470
470
468
642
654
644
646
646
627
627
628
626
490
487
487
487
487
485
459
459
453
451
462
470
470
470
441
440
654
646
644
645
645
634
628
626
626
490
475
487
485
459
485
453
453
441
441
441
654
586
654
645
645
645
633
634
631
626
475
477
480
479
453
447
447
447
441
586
645
634
634
632
631
632
475
475
473
475
473
480
479
453
427
447
446
447
446
448
448
448
440
585
586
586
587
589
633
632
633
611
473
473
480
479
429
429
427
446
446
446
448
448
449
587
587
589
582
605
610
610
611
473
473
478
414
414
429
427
446
438
439
449
585
575
585
577
581
582
582
607
607
605
605
610
611
413
410
414
414
412
425
429
423
439
578
575
577
577
577
607
607
613
614
613
612
410
411
411
412
419
425
426
426
426
423
435
435
435
575
577
577
608
608
608
608
614
614
614
412
23
326
24
24
23
23
31
31
30
31
30
319
319
319
321
320
321
326
327
299
300
300
300
24
24
24
24
20
21
34
31
34
31
30
38
320
320
320
326
322
322
327
299
300
300
12
13
10
10
21
21
34
33
33
33
33
38
320
320
323
323
323
323
302
303
13
10
1
81
76
33
78
78
308
308
323
323
302
302
302
303
13
14
14
1
18
1
81
81
81
74
72
308
308
258
258
262
6
2
1
2
1
2
80
77
72
72
72
258
260
258
256
262
262
261
6
6
3
3
3
70
80
70
80
73
71
72
269
272
258
256
265
265
265
6
6
3
69
70
62
61
62
61
61
268
267
268
269
266
272
256
257
257
264
265
265
264
6
481
482
45
70
62
62
61
61
61
267
266
266
273
273
273
257
264
253
481
481
482
68
68
62
468
655
652
646
273
257
629
257
629
481
484
485
452
485
470
469
468
468
653
655
655
654
646
646
628
628
628
628
626
626
483
484
484
485
454
454
451
470
441
654
654
654
648
646
628
634
625
625
483
484
477
454
485
454
453
470
470
444
441
654
654
651
645
648
648
634
634
625
634
631
476
477
480
454
453
453
447
445
448
440
587
586
586
648
633
633
630
472
477
480
480
479
453
427
427
447
447
448
450
448
443
443
587
587
588
579
605
633
605
632
611
630
611
472
473
478
479
427
427
420
450
449
449
449
587
581
587
605
605
611
611
611
473
412
472
472
428
428
429
429
429
424
450
575
575
581
582
582
582
610
613
612
611
411
411
412
412
428
429
424
424
449
449
422
575
577
582
607
607
613
613
612
411
411
412
425
425
426
423
423
423
424
423
422
422
574
583
583
583
606
613
613
612
574
31
22
23
319
319
320
318
318
326
327
326
327
327
299
300
300
22
20
20
31
20
33
33
319
318
320
326
327
297
297
299
300
11
11
20
20
32
32
33
78
77
318
317
323
323
297
297
11
11
13
11
0
32
33
81
77
77
308
325
260
302
297
13
13
1
1
0
81
79
77
77
317
317
260
260
259
259
261
261
5
5
4
1
80
80
79
79
72
72
260
259
259
261
261
6
5
4
3
3
70
70
80
66
66
72
72
268
268
260
256
264
265
5
3
70
70
69
66
67
267
267
268
271
264
5
3
69
69
62
62
61
267
266
272
271
257
264
264
482
481
482
452
452
469
469
62
67
266
652
266
271
649
271
629
264
481
484
484
452
451
451
469
468
653
655
652
652
652
649
629
629
625
483
483
451
470
469
444
653
652
651
649
648
649
625
625
476
483
484
484
477
477
454
454
455
444
444
444
651
650
651
648
648
631
631
476
476
480
454
455
455
445
445
444
444
587
588
651
586
633
648
630
630
630
480
480
480
455
445
443
443
443
588
588
579
579
647
633
630
630
472
478
428
420
450
450
450
443
588
581
579
604
604
611
472
471
478
428
429
420
420
424
450
450
581
581
580
604
609
609
609
609
411
428
428
423
424
424
574
574
575
574
583
606
613
606
613
612
411
411
425
425
423
422
422
574
583
583
583
606
612
612
612
423
22
22
31
30
298
298
11
30
326
327
10
20
32
34
327
79
77
317
325
297
297
11
4
81
317
260
259
261
0
77
317
261
261
5
4
80
79
66
272
268
259
264
4
69
69
68
66
67
67
267
272
256
263
482
3
452
69
67
271
482
452
67
271
629
263
483
452
451
469
653
652
652
652
484
454
455
455
451
442
442
650
649
649
476
650
650
651
651
648
647
647
631
477
442
445
443
647
631
478
445
445
443
588
579
630
472
478
420
443
588
579
604
609
472
471
428
420
450
575
582
604
609
609
471
421
424
581
580
606
425
421
583
606
22
326
327
298
318
0
32
32
323
267
260
260
5
4
79
70
264
69
263
629
452
629
485
483
469
653
649
442
649
455
630
579
476
450
580
580
583
606
421
422
318
298
318
327
11
32
298
317
261
79
0
79
259
4
267
271
257
452
469
653
625
477
455
647
647
472
442
588
427
442
604
420
422
581
428
424
422
580
606
612
22
327
34
325
327
297
11
317
79
259
4
260
263
5
68
66
66
267
67
469
650
650
444
443
478
588
421
580
609
425
574
583
22
34
318
318
298
32
77
0
263
4
70
66
263
271
482
482
67
652
649
625
483
451
442
476
455
445
476
478
420
579
421
471
471
421
574
580
22
34
641
641
298
20
20
394
655
0
325
325
263
68
0
68
460
263
460
653
460
460
653
647
469
647
650
650
276
442
647
604
580
471
471
421
580
604
421
421
312
313
641
325
298
298
655
655
10
325
10
381
272
381
353
67
401
399
407
312
401
120
407
339
471
339
149
401
149
