624
261
148
150
131
131
254
254
261
305
120
133
254
302
303
306
306
304
304
154
148
148
262
262
262
306
99
117
120
119
119
255
262
299
101
94
94
92
255
259
262
298
298
299
99
94
92
92
239
238
298
82
94
87
92
242
242
242
238
238
287
287
283
282
82
82
86
87
87
242
238
291
283
104
104
84
84
86
88
235
235
290
290
291
283
104
104
486
535
533
235
464
485
485
486
534
533
533
464
437
485
528
528
533
434
482
474
528
528
526
526
526
465
460
434
436
472
474
474
529
458
458
461
460
429
429
429
429
472
472
475
529
508
510
458
460
460
430
430
430
473
473
530
458
402
475
495
514
508
510
396
402
396
402
408
408
408
487
487
494
494
515
393
408
488
494
494
514
514
515
515
515
393
395
400
400
406
406
155
155
155
155
155
148
150
149
149
149
131
131
133
133
254
253
254
261
261
260
303
303
303
305
305
305
306
155
154
148
150
150
131
150
133
133
254
254
254
261
261
261
261
303
305
306
305
306
154
154
154
148
148
117
120
120
120
119
120
256
255
254
255
255
262
262
302
306
306
304
306
304
101
100
100
99
117
117
120
120
119
257
256
255
262
262
298
297
298
299
299
101
100
101
99
99
99
96
94
94
92
119
255
92
255
262
298
298
299
299
299
101
101
82
94
82
94
94
92
92
242
239
239
239
239
239
238
298
298
301
282
299
282
282
101
99
106
82
82
82
94
87
93
242
242
239
238
238
238
288
287
288
283
282
283
282
106
106
106
84
86
86
87
88
88
242
242
241
241
288
288
291
291
283
286
286
104
106
106
84
84
84
86
86
87
88
88
240
240
240
235
235
235
290
291
291
290
286
286
286
283
104
104
84
86
535
88
534
533
533
533
464
235
290
290
290
290
291
433
286
283
435
483
483
486
486
486
486
535
538
535
535
535
534
534
533
464
464
464
464
464
465
465
465
466
465
433
436
437
483
483
485
485
486
535
535
534
526
526
526
463
463
463
463
465
465
465
465
434
436
436
436
483
485
482
485
528
529
528
526
526
463
463
463
461
461
434
434
434
430
436
436
472
474
474
528
529
529
526
526
527
527
458
461
461
460
460
430
429
429
429
472
472
472
475
476
475
475
530
530
530
508
508
459
458
461
460
430
429
473
472
472
475
475
530
514
508
508
510
510
458
458
458
396
396
402
402
402
403
408
430
407
473
473
487
475
495
495
511
514
507
508
510
510
510
392
393
396
396
396
402
408
407
487
488
495
488
495
495
514
514
515
515
510
393
393
395
396
395
402
400
400
408
408
487
487
488
495
488
494
494
494
511
514
515
515
393
393
395
400
406
406
406
406
406
406
488
149
303
155
155
148
149
149
149
131
133
133
253
253
268
253
253
260
260
260
303
305
305
305
309
155
154
154
154
148
150
150
117
150
131
131
131
135
134
133
253
253
256
260
260
303
303
311
306
309
309
154
153
147
117
150
117
118
120
134
257
253
257
257
256
255
256
261
258
302
297
304
304
304
100
153
100
147
100
147
118
120
119
257
257
256
259
259
300
300
300
301
304
304
100
100
100
99
97
97
96
96
96
95
92
119
239
239
237
259
297
297
297
300
301
299
101
99
82
96
95
96
95
93
93
241
239
237
287
287
282
299
105
98
83
95
87
88
241
241
237
288
236
288
287
287
284
106
105
106
106
84
83
83
86
85
87
87
240
241
241
238
236
234
288
291
289
289
284
286
286
285
104
104
103
84
85
85
85
86
88
88
88
240
240
240
241
235
234
234
236
291
291
286
285
103
486
86
538
535
91
533
532
234
235
464
235
290
433
286
437
483
483
485
486
538
538
535
534
532
532
455
464
467
467
467
466
466
466
433
433
437
483
483
483
484
485
538
528
534
534
532
457
463
467
467
467
466
433
434
437
437
482
482
482
482
474
484
474
484
536
536
529
527
457
463
461
461
462
460
431
434
436
435
482
470
476
530
529
527
527
527
459
461
459
462
460
431
429
436
476
476
530
537
529
530
529
527
509
459
459
462
431
431
430
403
429
469
473
469
473
476
475
530
530
507
508
507
508
510
459
509
459
459
398
402
402
403
407
407
473
473
473
491
495
495
496
511
511
507
510
509
392
392
398
398
403
403
407
407
407
489
490
496
511
511
513
515
393
392
392
396
390
398
394
403
403
408
487
487
489
489
488
490
488
488
494
494
496
511
511
514
515
391
393
390
395
390
395
395
395
394
400
399
399
405
406
395
399
399
146
146
303
155
152
152
152
146
149
149
146
132
135
135
135
268
268
269
269
260
260
265
311
310
310
310
310
310
309
309
153
151
146
146
132
132
134
134
268
253
269
269
269
258
260
311
310
309
153
153
153
153
147
118
117
118
118
134
134
257
256
256
258
258
297
296
300
296
311
311
311
307
153
147
98
147
147
118
118
124
118
119
119
257
256
259
258
259
258
297
300
300
307
307
100
98
97
96
96
95
93
122
250
259
237
297
297
301
301
301
308
98
98
97
80
96
95
95
93
250
250
237
237
237
237
288
294
287
301
301
278
282
98
105
106
97
97
97
83
80
95
95
93
93
252
241
237
236
284
287
284
284
105
105
105
103
85
80
91
91
91
240
91
252
236
236
236
288
289
284
284
285
285
285
105
103
103
83
85
85
85
85
91
91
89
251
240
234
236
289
289
285
285
285
102
102
103
83
103
538
540
534
531
532
532
234
234
234
234
467
466
289
447
438
439
439
480
480
484
538
538
531
531
531
532
532
455
455
467
467
466
466
447
438
437
433
437
480
482
484
484
536
531
531
531
457
457
457
457
453
448
453
466
434
433
433
435
437
482
480
536
536
529
545
527
544
457
531
457
456
457
457
453
462
432
431
434
435
435
469
474
470
476
536
536
545
545
544
454
453
462
462
432
431
435
435
469
469
470
469
476
537
537
545
507
507
509
509
454
462
462
462
432
431
403
420
420
469
469
470
476
471
476
476
496
521
521
507
507
509
392
459
398
403
401
420
491
491
493
496
496
493
512
509
509
391
392
392
398
398
398
401
403
407
489
491
490
491
496
496
511
512
513
513
391
391
390
398
398
398
399
397
407
405
489
489
490
490
496
512
512
512
513
513
390
390
390
394
394
394
394
394
399
399
404
405
405
405
496
404
152
152
152
152
140
146
132
132
132
135
135
268
268
268
268
266
265
265
265
311
265
310
310
310
309
151
152
146
138
140
125
135
135
135
135
133
126
269
269
266
266
266
267
258
296
311
309
309
151
151
147
145
125
125
125
134
134
134
269
269
266
258
266
266
296
296
296
293
307
307
307
113
113
153
147
124
125
121
121
270
259
267
272
295
296
293
307
307
113
113
112
98
147
112
124
124
123
121
122
121
122
257
259
258
272
272
294
294
295
300
292
292
308
308
98
113
98
113
112
97
81
81
123
90
93
122
250
250
250
249
249
275
294
275
301
301
277
278
278
105
114
97
80
81
81
80
90
90
252
252
252
252
249
249
249
275
275
277
275
277
278
105
103
83
80
80
78
90
252
248
273
273
277
284
285
102
102
103
107
80
78
78
91
91
89
251
247
247
246
246
289
273
289
284
285
285
102
102
102
83
540
540
78
89
89
89
243
247
246
246
246
448
445
289
447
273
273
279
439
480
480
479
477
538
540
540
542
531
532
455
455
455
455
448
448
445
447
447
447
438
439
480
480
481
484
539
539
539
542
544
542
456
455
455
445
447
447
438
438
438
438
441
480
481
481
471
484
539
536
537
536
536
545
544
456
456
456
453
453
445
442
438
442
442
442
468
470
470
471
537
537
545
545
544
544
544
524
456
454
454
453
432
432
431
431
431
442
442
468
470
471
545
524
524
454
454
462
414
409
397
432
401
420
420
420
420
468
469
471
491
493
493
521
525
525
525
524
524
414
414
414
414
397
397
401
401
419
419
419
498
491
491
491
493
493
521
525
525
509
391
414
397
397
397
401
401
419
419
419
419
498
489
490
493
492
516
512
512
513
513
391
391
391
391
397
397
401
405
404
405
489
489
490
490
492
492
492
512
513
512
513
391
390
390
394
394
399
399
405
405
492
140
179
152
152
140
140
140
132
132
129
129
129
129
126
126
126
126
268
263
264
265
265
311
178
178
178
179
179
179
151
151
139
140
140
132
128
129
129
263
263
266
266
267
267
267
265
311
178
176
175
151
141
139
138
138
125
125
125
124
130
130
126
269
271
267
296
295
296
296
293
307
151
112
145
112
145
145
145
145
125
124
124
121
121
121
121
270
270
272
267
271
295
293
293
293
113
113
113
112
145
144
123
122
122
270
272
272
272
295
292
292
292
308
308
114
112
112
81
81
123
122
24
122
250
250
249
249
249
272
294
276
292
292
277
114
114
108
108
90
90
90
252
251
252
249
248
275
275
275
275
276
277
277
278
278
114
111
108
108
80
79
80
90
90
89
252
251
251
248
248
274
273
280
280
279
279
278
279
102
111
107
107
79
91
89
251
247
246
273
245
246
273
273
279
279
279
102
479
107
79
540
78
540
89
243
247
247
448
246
448
445
446
279
439
479
479
477
477
540
541
542
542
542
243
452
449
448
448
446
447
446
447
447
446
439
439
480
481
479
481
477
539
539
539
539
540
541
542
544
452
452
456
448
448
445
447
438
439
481
481
481
477
539
541
544
544
456
456
453
453
445
445
445
441
441
441
441
442
470
478
478
537
545
543
545
524
451
454
450
454
450
432
442
442
441
468
468
471
471
471
537
541
522
525
543
524
524
454
409
432
421
421
422
423
420
468
498
497
471
497
504
506
506
521
522
521
521
525
525
415
414
414
409
401
421
421
419
419
497
498
497
491
493
504
521
521
525
520
525
414
417
413
414
413
421
421
426
419
501
498
499
499
493
492
516
516
516
520
520
519
416
417
413
411
411
428
426
426
498
501
501
501
490
499
492
499
492
492
516
516
520
520
416
416
416
416
416
413
413
411
411
428
426
424
424
413
139
142
139
139
140
136
140
136
128
129
129
127
127
126
264
264
264
264
182
178
182
178
178
179
179
179
175
142
142
139
139
138
128
129
128
130
130
130
126
126
263
264
265
181
180
178
179
175
175
142
142
143
143
138
125
138
130
130
22
263
263
263
263
267
267
295
180
178
176
176
175
115
141
143
145
145
145
124
123
130
20
20
270
270
271
271
295
271
295
294
293
293
176
176
115
115
115
115
144
144
144
123
123
21
21
121
122
20
20
270
272
271
271
294
293
293
195
195
308
116
115
115
115
144
144
123
21
123
24
24
250
248
248
270
272
275
276
292
292
277
308
308
114
114
109
108
81
81
79
29
24
24
251
251
248
248
276
276
276
277
281
278
114
111
111
109
108
108
79
32
31
24
251
244
245
245
245
274
274
280
280
281
281
111
111
107
79
79
78
32
33
32
32
243
243
244
245
245
274
274
274
280
280
111
479
107
107
79
603
78
603
32
33
33
243
243
247
247
244
247
246
449
446
274
312
279
479
621
479
599
477
603
540
33
542
452
452
243
452
449
446
439
316
479
479
481
615
477
477
603
601
542
594
452
452
452
449
449
443
446
443
443
443
444
446
441
440
441
481
478
478
541
541
543
543
451
451
451
449
443
443
444
440
441
468
618
478
478
478
478
541
543
543
543
523
543
451
450
444
444
422
440
468
468
505
506
522
523
523
451
450
450
409
409
422
422
423
423
498
497
497
505
506
505
506
522
522
522
523
523
524
415
415
415
409
410
410
421
421
421
423
423
498
497
501
497
504
504
506
504
522
522
520
518
518
417
415
417
427
410
427
428
426
426
422
501
501
501
499
504
516
520
517
520
519
416
417
417
412
412
412
411
428
428
426
426
426
500
500
499
499
503
502
516
502
516
517
520
519
416
418
416
413
413
411
428
428
424
424
502
136
127
137
137
139
136
136
136
128
130
127
127
127
263
264
264
264
182
182
182
177
177
177
175
177
142
139
137
139
137
136
138
128
128
130
127
75
161
161
181
181
181
180
179
177
175
175
175
142
141
141
141
138
60
130
22
75
20
161
161
271
160
181
181
180
180
180
176
176
192
141
143
143
143
143
143
124
23
23
22
160
160
160
181
180
176
116
116
143
144
34
34
21
21
21
19
20
230
270
230
201
201
295
195
195
195
195
116
116
116
115
144
144
35
21
26
24
24
21
25
25
230
230
201
201
201
276
199
196
195
114
116
109
108
35
35
29
24
25
229
229
228
276
199
280
278
111
110
109
109
108
35
38
29
32
31
244
248
244
229
227
274
280
281
281
281
281
281
110
111
110
107
79
79
32
32
33
244
245
245
227
227
274
280
281
281
111
621
110
107
602
602
603
30
603
33
33
33
33
244
243
245
355
227
357
314
312
312
313
313
316
621
615
615
621
602
602
602
602
603
601
601
594
594
369
244
452
355
357
355
314
312
312
312
317
316
316
615
623
599
602
601
601
594
356
449
355
357
443
315
317
617
615
618
615
599
599
601
601
594
594
594
451
451
356
355
449
443
387
444
444
315
444
440
440
617
618
618
618
618
506
541
599
595
523
451
450
386
450
443
387
444
440
440
440
617
617
505
505
506
583
506
583
523
581
581
523
523
415
450
409
409
410
422
423
423
423
617
505
505
505
506
506
582
522
522
518
518
518
518
415
415
410
410
410
410
422
422
423
498
497
504
504
517
518
518
518
417
417
409
410
427
427
427
427
424
500
500
501
501
504
517
576
519
519
417
412
412
412
427
427
428
424
500
500
499
503
503
503
503
502
517
517
519
519
418
418
418
418
412
412
412
411
428
428
424
424
500
517
424
75
162
137
137
137
136
61
69
69
128
69
127
127
75
75
162
162
161
182
182
184
177
177
191
177
190
142
137
137
62
136
69
68
68
75
75
75
75
164
161
161
161
182
181
182
177
190
142
142
62
60
60
23
22
22
22
164
164
161
160
160
183
183
181
180
180
176
192
192
46
46
141
41
60
60
23
22
23
22
20
20
160
160
163
160
181
202
193
193
193
196
195
192
116
141
41
41
41
34
34
21
23
23
23
19
19
230
230
201
202
202
195
195
196
116
116
42
35
34
35
34
27
27
19
28
19
230
229
230
201
230
201
202
199
199
196
196
110
109
53
35
35
35
35
38
27
27
25
229
229
229
230
201
199
199
199
199
196
196
110
110
109
109
37
38
38
29
29
25
224
228
228
228
227
199
208
110
109
53
38
38
38
29
32
244
224
224
224
227
228
227
226
206
208
621
110
602
602
38
30
30
30
33
31
31
31
244
224
227
357
314
314
312
313
312
316
621
623
602
602
603
598
598
598
369
355
359
357
314
314
315
313
316
623
623
615
600
601
601
598
594
598
369
369
369
356
356
355
357
387
315
315
317
317
317
317
623
615
618
614
614
599
600
595
595
594
365
356
356
386
355
387
317
317
317
618
618
599
583
583
595
595
581
580
365
386
388
388
387
350
349
350
350
440
349
616
617
616
617
617
549
549
583
581
581
580
580
386
386
386
385
388
385
388
387
387
388
350
350
349
616
617
560
549
583
584
582
580
386
384
384
385
371
346
422
348
423
563
563
560
505
546
582
582
582
582
581
577
577
384
372
412
371
410
371
371
348
425
348
563
564
500
503
503
502
546
502
546
582
577
577
577
418
418
372
372
372
371
371
338
427
425
425
500
564
503
503
503
502
502
547
517
517
576
519
575
519
577
418
418
372
373
370
372
370
370
370
425
370
425
425
425
425
425
162
191
58
62
61
61
61
69
69
69
77
77
77
77
162
162
157
184
183
184
184
184
184
191
191
190
190
62
62
62
61
68
68
68
77
164
77
164
162
162
157
183
184
183
184
193
190
190
190
46
62
62
60
60
60
68
68
22
164
164
164
163
164
163
164
156
183
183
193
192
192
46
41
46
41
40
40
40
40
68
23
20
163
163
156
183
193
197
202
193
192
192
46
45
46
42
41
42
41
40
23
26
26
19
19
233
159
233
233
233
202
203
197
198
198
45
45
42
42
42
37
34
34
36
26
27
27
28
19
28
25
231
202
202
202
200
197
198
198
196
54
54
37
36
37
36
27
29
28
28
25
25
229
233
231
229
226
231
200
200
198
208
208
54
54
53
53
38
37
36
28
28
25
225
228
228
228
226
226
226
226
200
206
206
208
208
54
53
37
30
29
30
31
31
224
224
224
225
228
226
226
226
216
216
206
206
207
207
621
621
619
53
38
30
31
368
224
224
227
314
313
313
313
316
621
623
622
622
619
619
600
603
597
598
598
598
598
368
369
359
359
359
357
314
315
315
319
319
316
622
622
623
622
623
614
600
600
597
597
598
596
369
369
355
359
358
357
315
315
319
319
319
623
623
614
614
600
600
595
597
596
365
365
356
356
356
389
389
387
387
318
318
317
318
319
616
616
616
616
614
614
600
600
584
581
581
365
365
365
365
365
366
386
385
389
388
350
349
616
616
560
549
549
549
549
583
583
580
580
366
383
386
384
389
388
388
389
388
350
350
350
349
349
563
560
560
548
583
584
584
584
581
580
579
580
384
384
385
385
346
348
348
348
348
563
563
563
560
560
548
546
548
582
582
578
579
579
579
577
384
373
373
371
338
338
348
338
563
563
564
561
546
546
546
547
576
576
578
577
372
379
372
373
371
371
338
339
338
338
564
564
564
564
561
546
547
547
576
576
577
575
379
372
373
373
370
370
370
370
338
338
340
58
58
61
59
61
69
69
77
77
77
162
166
157
157
184
194
191
191
190
47
58
62
61
61
71
69
72
70
77
76
76
163
157
157
173
184
194
192
191
187
47
39
62
39
60
72
72
72
72
76
163
157
156
156
174
194
193
193
187
188
47
40
26
4
4
163
163
156
156
156
174
203
197
194
198
197
198
188
46
46
45
42
42
40
40
26
26
4
159
232
232
233
233
203
203
203
197
197
198
45
45
42
40
36
36
26
27
28
3
3
3
233
232
233
233
200
213
198
54
56
57
57
37
36
36
36
11
27
28
28
3
3
232
231
231
231
231
231
200
200
206
208
54
57
57
53
37
37
14
29
28
3
225
228
216
215
200
216
205
207
206
208
54
54
53
53
14
14
14
15
30
13
13
225
225
216
206
206
207
207
620
620
620
620
620
589
15
15
30
13
368
225
359
218
314
313
320
207
313
207
620
619
619
619
593
597
596
596
368
368
359
359
359
328
315
320
320
622
619
619
614
593
600
597
597
596
596
367
368
358
358
358
357
330
318
320
319
319
622
622
605
614
593
597
597
367
367
366
367
358
358
358
389
329
329
318
319
320
607
607
614
595
566
366
366
383
385
353
389
346
318
318
349
608
607
549
548
549
584
566
584
566
383
383
383
389
389
389
346
346
350
350
349
562
560
560
561
548
548
584
578
579
580
383
384
382
385
346
348
349
334
334
562
562
561
548
561
554
554
584
578
579
579
579
384
378
378
384
374
382
374
345
339
339
334
564
562
562
561
561
546
561
548
554
554
576
578
578
578
579
379
378
379
373
374
374
374
374
336
336
339
339
340
340
564
557
557
559
547
547
547
576
575
577
379
379
379
379
373
374
373
336
336
339
340
575
166
58
59
58
59
59
59
67
70
70
70
73
77
166
166
169
167
167
169
173
173
194
191
187
187
187
59
59
67
67
72
71
72
76
73
76
76
169
169
173
194
194
191
189
187
47
47
59
67
39
67
67
71
72
76
76
169
157
173
156
174
174
194
188
188
188
47
47
47
39
39
40
72
64
72
4
4
4
4
4
159
159
159
156
174
156
174
174
174
194
194
189
188
47
45
45
49
7
8
4
5
5
3
159
232
159
223
203
203
197
197
213
210
213
213
56
51
52
49
18
11
8
8
6
232
3
2
232
232
232
221
223
203
213
213
213
57
57
57
52
52
52
18
11
11
2
3
2
231
220
215
215
215
203
200
205
212
213
56
57
57
14
14
14
11
11
11
12
13
225
2
220
217
220
217
216
205
205
205
205
207
620
620
15
14
12
12
12
13
12
13
225
217
217
218
216
216
205
207
620
619
589
15
15
15
12
587
12
587
13
368
13
13
368
362
362
218
352
218
328
328
330
325
325
207
610
620
593
15
587
587
367
362
362
359
352
328
330
330
330
320
622
613
613
613
613
593
593
593
593
586
597
586
586
596
367
368
364
352
358
352
330
330
325
320
321
607
607
613
613
593
593
586
586
596
367
367
368
366
358
352
353
329
329
318
321
320
607
607
605
605
569
569
569
566
366
366
329
329
321
318
320
322
607
608
608
607
608
605
605
551
551
569
566
566
566
566
566
565
366
383
381
383
382
345
346
346
347
335
608
608
604
561
551
553
574
574
574
578
565
565
381
383
382
385
345
346
347
335
335
562
562
558
561
558
554
578
574
578
579
378
381
378
382
378
382
382
345
337
345
346
345
334
335
559
557
558
554
559
554
554
575
579
379
378
377
377
374
336
337
339
340
339
334
557
557
557
559
547
547
554
547
571
575
575
575
379
377
377
374
336
336
337
336
339
340
340
559
66
167
66
59
67
66
67
70
70
70
73
166
166
166
169
169
167
173
171
186
186
186
187
58
58
65
66
66
67
64
71
71
70
73
76
169
169
168
167
173
173
171
189
187
187
44
44
39
39
67
64
71
71
71
74
73
74
168
168
172
172
174
173
188
188
43
39
49
7
8
71
8
5
158
159
172
174
189
210
189
188
43
45
43
51
49
49
7
8
8
5
5
159
158
223
223
213
56
51
51
51
49
52
7
6
2
2
2
221
223
203
210
213
213
212
56
56
52
51
52
18
18
18
17
11
2
2
221
221
215
205
212
212
212
56
57
52
16
17
11
13
10
0
0
220
220
220
221
217
215
215
205
204
211
211
211
211
56
610
609
14
18
12
12
10
10
10
220
219
220
217
218
218
218
204
204
610
610
609
15
9
9
363
362
352
328
218
218
325
204
323
610
613
589
589
589
587
587
363
363
363
362
362
364
352
328
330
328
325
325
325
323
610
613
613
592
592
586
585
586
363
364
362
352
352
328
330
324
321
321
612
612
605
592
592
592
586
586
569
569
361
361
362
352
353
327
330
329
321
321
321
321
612
612
605
592
551
569
569
569
565
366
360
353
381
329
329
322
322
608
608
604
604
605
551
551
551
568
569
565
565
565
381
360
380
381
380
344
345
347
347
347
335
347
335
608
608
558
550
551
551
574
574
572
565
381
381
382
380
345
345
333
335
335
558
558
606
558
553
553
553
553
553
574
574
378
375
382
377
344
344
334
334
334
335
557
557
558
559
553
553
571
573
570
572
376
378
377
341
336
337
340
331
331
557
557
559
552
552
552
571
571
571
570
571
570
376
376
341
341
341
337
337
340
331
377
70
66
66
166
166
169
165
167
167
171
171
171
171
186
186
186
65
66
67
65
64
74
73
166
165
168
172
171
170
185
186
188
44
44
67
64
64
63
74
5
74
168
168
172
170
170
189
43
43
43
44
48
63
63
8
5
5
158
172
223
189
188
43
43
51
49
48
7
8
6
5
158
158
223
223
210
210
210
212
55
55
51
49
17
7
6
6
6
0
222
222
222
210
212
56
55
50
52
52
18
18
17
17
17
1
1
220
221
222
215
211
212
55
50
18
17
17
1
0
219
219
221
214
211
55
50
16
16
9
10
10
219
217
217
214
204
204
211
609
610
589
589
590
588
588
10
10
219
351
219
217
324
218
324
204
610
610
609
589
585
585
588
363
363
364
351
351
351
328
324
325
323
612
611
585
585
588
363
364
364
351
327
327
324
325
323
611
612
612
613
612
591
592
592
591
567
361
361
361
361
353
327
327
324
322
611
611
604
591
591
550
568
568
361
567
360
360
353
353
327
327
322
322
322
604
604
604
550
568
565
567
360
380
380
343
343
343
347
333
335
606
606
550
574
574
572
572
381
380
380
344
344
333
333
555
606
558
559
553
573
552
573
572
572
375
375
344
344
333
333
333
334
555
553
552
571
573
573
376
376
375
377
342
341
332
332
332
331
555
555
559
552
570
570
376
376
377
341
341
337
331
331
331
571
66
65
65
73
185
185
44
73
171
170
39
64
63
74
172
8
74
158
172
189
189
43
51
7
158
223
222
210
48
6
158
209
212
55
50
7
1
1
215
222
222
211
50
16
16
16
1
0
0
219
214
214
209
609
50
590
9
9
214
609
590
10
214
323
204
609
590
585
588
364
351
351
351
612
592
591
585
585
567
363
364
327
326
611
360
354
354
354
327
327
326
323
604
567
568
360
326
322
604
568
568
360
353
343
347
606
550
550
360
380
344
343
333
606
555
553
573
572
375
342
343
332
333
555
552
570
375
342
337
555
573
341
331
44
168
170
185
168
48
63
63
170
221
222
222
55
50
1
17
211
9
204
323
589
324
591
611
588
364
326
567
326
591
322
343
606
572
344
343
342
332
552
570
167
185
168
170
44
63
185
168
210
6
48
7
222
50
219
214
214
590
588
363
323
591
591
326
326
606
567
354
550
572
332
573
375
375
556
573
376
342
337
331
65
171
74
172
170
170
43
158
1
209
50
222
209
55
16
9
1
219
9
588
364
354
361
360
606
380
552
342
332
556
376
341
65
74
165
165
185
63
5
48
209
55
18
0
209
214
609
609
9
351
324
323
611
585
567
611
550
568
611
604
568
343
556
555
556
570
376
342
65
74
400
400
185
64
64
595
404
48
165
165
209
16
49
16
590
209
590
354
590
590
354
324
588
326
354
354
302
567
326
332
342
556
556
556
342
332
556
571
302
302
400
165
186
186
404
404
48
165
48
562
302
562
587
0
587
595
587
308
435
93
411
404
556
404
83
444
112
