1024
915
917
917
659
651
655
683
659
658
650
682
923
912
667
652
681
681
912
938
938
666
684
684
903
958
943
735
664
665
696
942
942
943
943
735
735
735
700
955
932
729
734
701
790
788
788
955
955
955
729
734
789
952
934
934
542
522
522
555
558
791
789
785
811
543
777
810
541
542
569
777
814
814
810
541
571
782
776
819
819
818
524
573
570
872
776
776
830
515
515
517
573
574
570
574
872
873
859
863
619
618
575
575
874
888
889
622
617
888
857
862
863
616
617
634
635
881
880
880
860
851
637
637
879
879
880
883
880
623
636
883
923
923
922
922
915
917
918
917
917
964
964
658
658
651
651
650
651
655
683
682
681
921
923
922
915
915
915
912
914
937
937
965
965
659
658
667
667
650
650
652
655
683
682
681
913
913
937
937
939
965
965
670
666
667
652
685
682
681
925
903
921
913
912
937
939
938
938
669
666
667
664
664
665
684
684
685
903
900
900
912
958
939
942
943
669
943
669
732
666
664
665
665
703
685
699
696
696
901
901
901
900
958
954
954
954
942
942
940
728
733
732
735
735
700
701
700
703
697
696
696
902
901
956
957
954
942
954
932
943
932
728
728
733
734
734
734
734
720
701
701
700
697
697
697
897
790
788
957
955
955
934
934
932
729
729
729
728
720
720
720
523
701
553
697
559
697
791
791
790
789
785
952
952
934
934
933
731
523
522
555
555
558
791
785
785
815
935
810
933
810
540
542
522
521
521
555
555
559
558
558
783
783
784
784
784
814
785
815
811
811
811
810
541
540
543
543
542
524
521
524
521
554
569
569
783
783
777
777
784
814
811
819
818
513
526
524
524
525
571
568
568
782
777
776
831
831
819
819
513
513
516
526
516
517
571
571
574
570
570
782
873
873
776
891
831
859
830
817
819
818
515
513
516
517
573
572
573
572
574
872
873
891
890
891
891
889
856
859
859
515
515
517
517
617
572
575
575
632
874
872
873
888
888
889
857
857
859
857
858
858
863
863
863
622
618
619
618
616
635
635
872
875
888
888
889
857
858
862
623
623
618
618
621
616
616
617
634
633
633
633
874
878
879
881
883
861
861
862
862
623
621
611
611
611
610
610
637
636
633
878
879
881
881
880
883
883
883
860
860
860
860
851
851
608
611
610
610
637
636
636
636
879
918
648
920
922
922
918
918
916
964
964
964
656
658
651
650
651
655
683
674
683
682
921
920
920
921
922
915
914
917
916
965
659
670
670
649
655
655
683
681
680
925
913
914
914
937
938
659
670
659
670
671
667
652
652
686
680
903
906
900
913
936
939
938
669
668
669
671
653
652
684
687
686
903
903
900
900
908
936
940
733
669
733
732
665
653
687
698
902
901
901
958
958
958
941
733
732
721
665
700
702
700
700
698
897
956
957
959
941
728
723
721
702
698
790
794
794
956
957
953
953
935
932
730
731
731
722
720
720
552
553
553
697
790
789
789
785
787
953
935
935
935
933
933
729
730
730
731
522
523
552
523
559
553
558
791
784
787
787
935
809
809
540
730
537
540
542
543
523
520
555
554
556
780
789
784
815
815
812
809
809
537
541
543
543
527
527
521
521
554
554
568
569
569
783
780
780
777
779
778
814
815
812
811
818
541
536
526
526
526
525
571
568
569
782
783
782
778
778
824
831
830
817
512
513
516
519
573
571
572
568
570
890
831
830
830
817
817
818
515
514
513
519
517
572
575
865
873
891
891
859
853
514
514
519
617
635
574
864
875
866
890
890
889
889
858
850
622
853
622
619
632
877
874
875
875
892
892
892
857
856
623
623
620
616
616
634
635
632
878
878
875
881
885
880
882
862
850
609
611
637
634
636
633
878
879
885
880
882
882
861
860
851
850
851
608
608
611
610
610
637
639
638
920
926
919
918
919
962
964
967
967
656
657
649
648
674
675
675
675
920
921
920
921
914
918
916
960
962
963
965
657
657
649
650
649
675
680
925
913
936
936
962
668
671
668
661
671
645
653
653
654
685
680
680
925
906
906
908
908
936
936
962
668
668
671
653
685
686
687
902
902
902
906
947
941
940
666
645
685
686
902
951
951
947
941
940
733
732
723
653
702
703
699
698
689
897
794
897
956
956
959
946
946
929
928
727
731
722
721
699
794
795
956
793
957
952
932
730
723
721
722
721
702
553
559
698
795
788
788
787
953
953
931
931
731
722
552
552
553
553
556
774
813
813
808
809
538
538
539
523
520
554
559
780
780
787
813
809
808
537
537
527
527
520
520
563
550
781
779
786
824
816
537
536
512
526
527
525
565
562
781
779
778
778
827
824
825
816
816
512
518
525
518
525
525
573
564
562
865
865
831
830
829
817
817
512
514
518
519
572
575
865
866
890
856
829
855
858
855
514
514
519
617
566
627
627
866
866
895
894
894
856
856
853
853
622
621
576
619
635
627
874
875
892
892
893
856
849
853
622
621
620
613
634
632
878
876
892
850
849
849
621
621
609
612
612
612
634
877
885
882
861
861
849
609
609
608
615
639
638
638
927
919
961
967
967
967
656
649
654
675
675
919
960
657
661
674
926
911
916
963
661
644
643
654
687
686
907
908
962
963
668
660
645
676
686
906
908
947
947
941
941
978
724
664
645
692
703
897
896
896
947
940
724
693
702
946
946
725
725
715
702
699
699
794
959
959
929
928
727
722
557
557
557
795
793
793
787
952
953
540
520
552
556
557
774
786
808
538
539
539
545
544
556
556
793
815
813
812
539
527
547
563
563
779
827
825
816
536
539
564
781
825
823
823
536
518
519
566
564
564
562
778
829
816
821
512
565
626
564
894
894
829
855
853
576
566
626
627
864
895
844
855
853
620
619
626
893
840
848
852
630
625
876
876
893
861
843
849
615
630
638
877
876
885
882
848
609
614
608
615
639
926
961
656
656
649
648
654
654
674
927
919
962
963
963
657
643
673
907
960
661
644
676
687
911
944
944
660
676
687
905
946
724
645
689
905
947
929
979
645
688
896
951
929
928
724
723
721
695
688
795
792
957
948
949
931
929
726
545
553
695
793
931
722
531
544
557
774
797
726
726
539
545
545
557
781
786
786
537
538
531
532
547
550
550
824
812
812
547
563
781
779
825
821
535
528
532
567
561
770
771
518
577
566
566
561
865
827
855
626
626
624
867
840
855
852
577
627
867
893
893
840
585
620
628
628
877
885
842
848
609
615
612
631
885
884
843
849
848
615
612
639
927
919
916
961
966
966
662
641
674
673
926
910
980
657
643
654
673
907
907
960
978
661
644
642
677
907
910
963
660
647
677
678
905
905
909
944
978
660
712
644
693
692
896
951
977
727
725
715
693
688
897
896
950
951
951
929
928
715
715
694
795
948
725
719
715
694
691
813
948
931
718
531
545
774
793
813
812
538
544
786
808
528
530
546
547
550
770
781
779
825
823
536
528
532
565
562
562
827
827
824
532
565
561
771
825
821
576
567
624
771
895
844
829
852
577
566
625
864
867
866
894
840
854
852
630
625
867
842
620
613
630
877
886
843
585
613
884
884
843
584
584
615
639
638
924
927
972
966
642
673
927
980
966
661
643
643
677
674
673
924
907
911
911
910
963
663
647
678
911
944
960
976
978
660
644
647
678
904
905
909
977
713
692
689
689
898
899
944
977
979
724
725
693
949
929
977
726
695
792
799
948
931
726
727
714
694
691
795
792
799
930
544
549
691
803
803
530
531
531
775
775
797
801
538
529
532
546
549
802
808
528
565
563
827
826
823
823
821
532
561
560
865
771
826
829
821
821
518
866
854
854
576
577
629
624
864
895
846
613
577
629
625
624
864
867
869
893
840
841
578
579
613
625
876
884
840
842
848
614
614
886
842
584
584
926
961
966
981
662
641
641
924
972
961
641
672
910
663
643
677
677
904
910
982
713
663
677
678
905
909
945
976
976
979
712
647
692
692
689
898
712
712
715
693
689
688
898
899
950
949
949
725
714
695
799
930
719
714
792
718
719
719
545
694
775
774
796
801
800
803
530
546
549
546
549
550
774
796
797
801
803
530
548
547
549
551
775
775
529
529
547
563
551
771
802
822
528
533
567
771
828
823
576
577
567
565
561
770
826
826
828
854
576
583
629
624
844
841
854
578
579
629
625
845
895
841
579
630
870
887
886
884
838
585
614
628
877
886
843
843
585
614
631
638
924
924
927
973
981
640
641
641
673
672
972
973
973
973
980
980
662
679
679
904
911
972
980
663
679
904
909
909
982
976
644
647
678
678
904
945
712
646
688
899
950
945
977
979
713
898
899
950
949
930
727
724
714
695
695
690
792
950
949
718
719
694
691
691
799
948
930
930
718
719
534
544
691
792
796
530
531
551
775
796
801
802
803
803
529
533
546
548
797
801
802
529
548
560
560
770
770
826
802
822
822
535
535
533
560
771
828
820
582
567
594
844
846
582
594
867
869
844
852
578
583
624
869
886
845
841
852
579
583
629
628
870
841
842
585
585
579
631
887
631
639
924
975
975
974
973
981
983
662
640
640
672
975
975
981
662
641
672
970
972
982
980
663
663
642
642
971
982
978
647
679
909
976
976
713
647
692
690
898
899
950
945
979
705
713
646
693
690
899
945
977
945
714
690
1008
798
987
717
717
763
760
798
800
800
986
987
718
796
798
800
534
546
548
772
772
797
800
804
533
772
802
529
551
769
822
822
533
567
560
770
769
828
822
581
820
581
582
561
847
847
820
583
594
868
869
847
583
629
594
887
846
841
839
578
578
593
887
887
845
887
841
838
587
631
631
628
870
838
838
586
587
975
974
974
982
983
640
672
971
974
973
983
740
971
975
982
705
679
970
970
704
642
679
741
1011
1010
1010
705
705
704
646
690
1010
984
984
979
713
646
690
1008
1011
1010
984
986
987
717
717
717
762
985
986
987
717
717
763
760
1008
1009
798
798
985
987
716
763
763
760
807
716
716
534
534
548
760
1008
796
807
801
807
804
534
534
551
772
768
797
806
804
804
533
596
551
769
806
535
595
768
769
806
820
820
597
868
869
847
846
846
581
582
594
868
868
847
847
837
581
581
582
582
592
592
868
839
587
845
839
586
583
870
845
834
838
586
586
587
601
601
971
991
983
742
742
743
740
740
968
968
974
990
991
983
742
743
740
740
968
989
989
991
996
704
743
968
970
988
705
704
737
737
741
741
1010
988
988
989
989
989
705
737
1011
984
706
706
704
1008
1011
984
711
762
762
764
1008
1011
985
987
711
763
760
985
985
986
716
761
1009
798
807
986
763
761
807
807
756
596
596
761
768
769
804
597
761
773
806
806
805
597
597
595
767
773
773
805
580
597
597
837
580
591
599
597
592
871
833
837
833
837
591
592
871
832
833
837
589
586
593
593
593
832
834
839
839
587
601
871
834
839
587
601
969
990
990
991
996
743
743
969
971
991
991
999
743
968
968
970
1021
988
743
741
741
1014
988
989
998
736
737
1006
706
737
1010
1006
995
998
1011
995
995
711
762
764
1015
1005
1004
1003
711
711
762
764
1009
985
1004
762
761
1009
1004
1004
759
758
758
754
1009
231
805
758
761
768
805
805
756
596
767
768
237
756
595
773
580
580
599
595
595
595
871
773
224
224
837
837
580
599
832
591
591
599
592
832
833
833
833
836
589
591
598
598
593
871
832
834
836
589
589
593
600
600
871
166
834
835
835
835
589
605
601
969
969
990
990
990
996
742
969
969
1019
1021
1021
749
749
749
1018
1021
1020
997
996
998
999
745
741
1014
1014
1014
998
738
1014
1002
994
995
992
998
736
737
739
1015
1007
1006
1006
995
995
706
711
738
738
1015
1006
1006
1005
1003
710
710
709
738
1015
1005
1005
1003
710
710
767
764
1015
1001
1004
765
239
759
759
758
1009
228
231
237
756
759
759
758
754
767
228
231
231
237
757
754
767
224
154
154
599
754
767
224
154
154
154
153
591
603
225
155
591
599
603
871
225
226
165
589
598
606
603
167
165
836
590
604
600
166
166
835
160
836
589
588
605
600
835
835
588
588
607
605
605
1020
997
999
744
749
749
1021
1023
1020
997
997
744
749
1018
1021
1020
997
997
999
750
748
1018
994
999
999
745
739
1015
1019
994
994
739
739
1007
1002
1003
992
709
709
738
738
1007
1007
1006
1003
708
709
736
1013
1005
710
708
709
746
746
1001
1001
239
238
708
746
229
233
239
236
238
757
98
236
236
757
759
754
765
765
228
237
237
237
236
756
757
752
752
766
225
231
155
753
752
755
755
225
225
165
153
755
603
225
226
165
155
155
598
602
603
225
165
155
153
590
598
606
603
603
167
162
178
590
590
606
606
167
166
178
607
607
604
600
166
161
161
160
160
588
588
605
221
1023
1023
997
1020
94
84
744
744
749
1022
1022
91
84
84
750
750
1018
1018
1022
90
993
745
748
1019
1022
993
745
750
748
739
1019
1022
992
106
736
748
1012
1007
994
994
736
739
1013
1013
1005
992
992
709
1001
1001
1003
238
708
746
229
239
238
238
98
99
747
747
233
98
746
765
229
229
230
97
752
752
765
765
228
229
231
230
236
757
753
755
227
757
753
753
755
755
766
227
226
164
153
153
753
602
226
164
155
153
138
602
162
162
165
140
604
162
179
140
140
607
604
604
604
167
161
161
160
140
605
607
167
160
178
178
588
141
607
138
221
90
750
751
221
1023
90
94
94
84
750
750
751
1022
90
91
1017
1017
1022
89
91
993
120
1019
1019
89
106
121
120
1012
1000
1000
1000
1002
1002
992
993
121
1013
1002
104
105
709
747
123
1013
1001
243
239
238
104
105
99
235
239
104
745
747
747
245
245
233
235
97
99
746
765
245
233
232
232
232
97
97
98
229
230
230
97
97
5
228
227
230
189
189
157
158
227
226
157
753
766
227
226
157
157
153
136
602
2
163
164
179
136
137
137
602
163
163
179
140
137
167
161
161
178
143
141
161
179
607
139
138
138
1023
78
94
94
118
751
221
78
78
90
90
95
751
1016
78
91
92
116
751
120
1017
1017
88
91
116
116
120
120
1016
1016
88
88
88
89
106
121
1012
1000
1000
243
88
107
106
106
123
123
123
244
243
105
105
101
244
244
242
243
105
99
245
244
235
235
105
101
747
245
233
233
235
234
235
96
96
99
5
5
12
12
250
245
158
158
12
152
7
7
5
2
189
157
156
158
7
4
2
174
227
174
164
189
157
156
138
6
2
174
163
164
136
4
4
177
179
136
137
137
128
139
139
163
176
143
137
139
172
161
177
176
143
141
139
221
223
223
77
95
95
95
93
118
118
221
78
95
113
220
78
91
91
92
92
116
118
1016
1017
79
79
92
92
1012
1016
88
79
89
106
116
121
122
219
243
107
121
121
246
246
242
243
107
193
107
107
103
101
123
246
244
242
194
104
103
101
123
233
194
104
96
99
234
194
101
12
15
251
249
232
234
96
96
5
14
15
250
249
152
159
5
14
250
248
248
152
152
158
7
4
2
248
189
188
158
7
6
174
177
189
188
156
135
7
6
4
3
174
176
188
156
136
1
175
177
176
141
134
136
128
175
172
172
177
176
143
141
128
172
190
143
143
142
131
131
139
0
223
223
77
95
93
115
113
222
77
77
64
93
118
113
76
64
64
93
118
113
114
1017
76
64
117
119
119
122
219
79
67
67
113
199
219
107
103
103
122
247
246
199
242
193
108
103
122
247
193
193
108
103
15
247
244
199
194
110
110
101
251
234
194
100
100
15
249
249
234
194
96
100
12
250
249
159
159
159
14
250
249
146
159
159
51
10
248
185
188
134
3
175
174
135
6
6
175
191
134
132
133
175
172
182
176
191
142
128
1
1
142
142
131
130
128
128
0
173
183
183
177
190
190
142
142
131
131
0
0
223
223
223
76
77
93
119
115
76
65
93
119
115
114
222
222
65
65
117
119
114
222
216
76
67
113
222
219
79
64
67
117
112
112
112
217
219
219
192
192
108
102
112
122
246
198
192
192
108
102
102
124
199
199
193
108
102
13
241
247
199
110
100
15
15
247
196
110
111
13
13
15
251
195
100
13
14
14
251
248
186
146
146
111
51
9
251
254
186
9
9
251
184
185
135
134
51
51
51
3
3
10
169
184
185
188
134
132
3
1
175
169
180
145
135
132
3
1
173
183
191
132
133
129
173
173
183
183
191
135
130
129
129
173
182
190
149
131
129
0
115
77
71
71
71
66
119
75
72
65
71
115
217
220
72
65
66
117
114
217
217
72
65
117
114
67
67
112
207
68
112
125
124
203
203
197
109
102
25
124
198
197
109
110
80
80
25
13
241
198
195
195
109
109
241
240
198
195
195
111
111
25
13
241
255
255
196
195
111
111
9
10
254
253
253
253
186
146
49
50
9
254
147
49
51
50
10
184
185
147
50
184
185
184
145
144
133
1
169
169
169
185
145
144
132
133
55
181
180
191
145
150
55
173
181
181
190
149
150
129
43
183
190
149
149
150
150
130
130
129
75
75
74
74
274
274
217
75
71
66
275
275
274
285
220
72
70
71
126
117
216
216
73
69
66
126
202
216
72
197
68
67
82
125
125
202
203
207
207
68
82
197
197
109
85
125
200
203
198
109
80
25
124
240
196
196
81
25
25
26
241
240
240
196
85
80
26
255
252
49
27
24
8
8
241
253
253
146
49
49
50
9
254
254
147
49
48
8
11
254
182
186
186
147
147
48
48
50
11
11
169
182
182
145
144
54
54
55
168
184
55
180
180
187
144
144
53
54
55
171
171
181
149
149
130
130
62
43
171
181
190
150
62
43
218
218
75
74
70
70
275
285
70
275
275
285
285
218
218
217
73
272
274
285
284
218
211
69
272
272
284
216
206
68
69
69
272
82
126
126
127
202
202
203
203
207
207
206
355
82
126
125
200
200
85
82
127
125
200
200
197
197
197
87
83
81
124
205
86
80
24
240
252
252
86
24
26
26
255
151
85
81
27
24
27
26
10
471
253
151
49
8
11
471
255
252
151
8
464
466
57
11
452
187
52
168
187
187
145
52
52
54
57
168
180
144
53
53
55
43
171
171
181
187
148
151
53
62
43
171
450
148
151
62
62
208
75
74
74
70
277
275
274
286
286
215
208
208
73
274
210
73
273
275
285
287
284
211
73
69
273
272
280
202
214
211
69
273
284
284
201
207
206
68
127
127
30
30
201
204
205
206
87
83
127
30
201
204
87
86
83
24
204
205
87
81
81
30
29
240
469
205
86
81
22
24
28
469
469
252
27
471
468
453
85
22
58
8
27
255
455
61
60
58
58
466
467
452
455
455
61
61
48
60
58
56
464
466
467
452
452
61
54
57
57
57
464
466
470
455
454
52
168
168
450
454
52
53
63
170
450
450
148
53
62
40
170
170
450
451
148
151
42
208
208
210
74
276
276
276
286
209
209
209
209
277
287
287
286
214
209
210
73
380
273
277
214
214
211
357
287
211
211
355
273
280
127
206
355
354
280
30
201
201
206
87
83
83
21
31
30
314
204
205
87
83
20
31
475
204
205
86
22
28
28
29
504
86
23
29
469
472
472
85
22
28
28
29
468
469
453
504
63
22
468
471
471
455
61
61
60
60
59
453
455
56
56
464
466
467
57
470
452
449
47
47
56
470
470
470
460
460
454
449
45
63
41
41
148
62
40
170
170
461
450
451
451
47
40
42
215
215
381
381
287
286
214
381
281
281
286
282
214
209
210
380
277
281
280
287
282
213
213
210
380
280
280
266
213
354
266
357
355
355
354
354
282
267
267
266
357
201
357
359
359
20
31
475
507
505
358
20
21
31
31
29
475
472
507
23
19
469
472
504
510
510
23
19
19
468
472
504
511
510
63
59
59
468
473
473
453
511
63
467
456
456
60
38
38
58
59
59
56
465
465
453
454
38
34
464
462
457
454
45
47
41
460
449
45
47
47
41
461
461
449
44
41
42
451
451
448
47
40
40
215
362
379
383
133
276
281
283
282
215
362
381
381
381
380
281
215
367
383
277
281
283
283
212
213
356
380
356
383
279
267
267
212
213
213
356
383
282
264
267
267
266
266
212
343
361
356
352
343
361
361
355
355
352
352
20
21
31
361
357
358
20
21
21
474
507
507
359
358
358
21
475
473
507
507
505
23
16
29
474
506
505
16
474
473
506
505
36
18
468
473
456
456
511
59
465
467
456
511
511
39
39
36
36
156
457
456
449
449
38
38
34
34
34
465
465
460
462
460
449
45
45
33
476
462
462
461
45
44
46
42
476
463
463
461
461
451
448
448
44
46
46
362
367
379
276
259
258
283
362
379
383
258
212
362
367
376
259
264
212
367
376
382
279
264
271
342
360
356
352
352
279
270
342
342
360
360
353
265
265
269
343
342
342
360
357
270
269
343
343
361
359
262
262
269
474
506
359
358
17
17
506
408
23
23
16
475
496
408
16
18
478
473
496
506
496
511
408
39
18
18
467
459
39
39
36
37
459
459
397
39
36
465
462
459
457
394
394
397
35
477
457
392
397
397
35
35
34
34
462
457
392
44
46
33
476
463
393
393
448
44
42
33
476
393
393
398
44
46
363
366
379
383
369
259
259
258
258
366
366
379
379
382
259
283
339
366
366
367
376
378
382
264
271
367
376
382
257
264
271
365
360
279
265
265
270
365
353
265
270
343
340
341
365
353
262
265
261
270
340
341
365
359
353
353
17
341
499
499
505
409
262
268
475
474
499
506
497
408
409
263
16
17
17
268
268
496
411
17
18
474
501
501
496
411
18
478
500
496
415
414
37
37
19
458
459
500
395
37
458
458
394
395
397
414
414
35
32
32
457
394
392
394
392
396
35
32
477
477
393
393
396
396
397
397
35
33
476
477
463
463
398
398
46
390
476
463
398
398
391
391
363
378
369
312
313
366
378
378
278
257
258
313
339
364
382
257
339
364
376
279
271
339
364
375
256
271
338
338
372
373
374
353
270
271
269
340
373
262
261
269
340
341
365
365
263
261
261
269
417
409
409
263
263
261
268
485
499
499
408
497
415
299
485
484
484
501
496
415
415
411
301
19
484
486
501
503
415
301
301
458
503
415
414
301
37
32
500
414
35
32
32
477
477
492
500
395
395
387
387
386
479
392
387
386
479
478
478
492
396
384
386
391
399
398
384
391
363
363
378
369
369
259
312
312
313
363
363
377
369
278
257
312
313
345
345
364
377
278
257
313
339
364
377
377
373
382
256
344
372
375
279
256
314
339
338
337
373
374
375
256
340
337
374
374
260
260
260
269
319
417
409
260
341
498
497
409
263
261
485
498
298
299
299
485
484
498
498
497
497
411
411
411
766
485
484
501
498
502
410
410
299
486
486
501
502
503
413
301
300
301
303
483
503
503
412
300
477
458
500
493
412
403
301
487
479
492
403
300
479
492
395
395
387
390
390
479
399
399
387
386
390
495
399
384
384
391
390
363
350
350
368
369
315
344
377
368
278
313
345
350
373
315
345
377
370
307
316
316
314
345
344
337
372
372
375
375
289
307
344
337
372
374
260
318
336
337
337
509
419
419
336
336
509
509
260
318
318
319
336
510
508
419
418
419
260
318
319
510
508
416
260
766
502
502
413
410
299
485
502
416
413
410
410
299
486
483
410
402
300
487
486
412
413
303
303
487
493
503
412
412
413
303
303
303
493
437
402
403
492
492
437
385
385
387
388
388
389
390
495
495
494
437
387
388
481
481
399
399
385
385
385
384
391
389
330
330
350
368
368
278
315
314
312
310
330
350
368
370
315
310
310
346
346
350
349
351
316
310
345
349
348
348
316
317
345
349
289
317
316
344
338
317
317
336
338
289
319
333
336
323
509
509
419
419
333
334
323
418
318
508
508
418
418
296
298
298
334
482
416
416
296
298
483
482
502
417
402
296
302
302
487
483
483
482
482
426
417
400
487
402
402
400
400
493
493
443
402
403
401
401
480
480
493
388
389
480
495
437
439
389
481
432
439
388
389
481
481
494
437
388
389
349
349
368
314
330
347
351
351
349
315
315
311
370
370
307
307
310
346
346
345
348
370
319
316
333
347
326
288
289
319
317
333
331
347
509
326
289
333
323
509
421
297
293
325
297
293
508
418
297
292
292
334
334
334
416
296
508
418
298
487
335
482
426
417
417
302
488
426
400
400
302
302
495
443
426
426
424
425
405
302
443
432
424
424
401
401
404
404
480
480
495
442
432
433
424
401
401
405
404
480
442
442
432
404
491
494
494
432
434
439
406
406
481
436
436
436
406
330
351
351
371
305
311
347
351
371
371
308
309
311
347
348
311
311
331
328
348
370
371
288
305
333
331
323
322
288
317
323
326
326
288
293
293
332
323
421
289
295
321
321
325
325
421
420
421
421
297
293
292
293
334
334
325
420
297
321
321
420
297
292
292
335
489
489
425
296
489
489
426
423
425
427
425
430
488
488
443
443
404
488
442
424
405
405
490
491
442
441
433
407
405
491
491
441
433
434
439
406
407
491
491
441
434
494
436
436
439
406
707
308
306
305
331
308
308
308
305
305
331
328
328
707
371
309
309
304
304
333
328
328
327
371
288
305
321
290
331
322
327
290
290
288
295
295
332
320
320
326
291
294
335
320
325
429
429
291
295
325
291
431
292
324
420
431
489
427
427
420
430
430
431
489
427
423
422
425
445
445
423
425
430
445
444
433
428
405
490
443
438
445
444
441
433
435
438
407
441
434
435
447
447
441
434
439
438
407
407
447
447
435
435
429
406
407
707
707
707
707
306
306
306
304
707
308
309
304
304
329
329
304
329
329
322
309
307
329
329
322
322
327
309
307
327
290
291
294
294
332
320
326
290
294
294
332
320
429
324
429
291
422
294
335
335
324
429
422
324
324
427
422
422
431
431
490
327
427
430
431
490
327
423
423
490
444
423
428
490
445
444
444
433
438
428
428
435
446
445
446
447
440
438
428
446
446
440
440
435
446
446
447
440
440
438
