512
168
198
198
199
199
168
171
168
128
215
212
171
139
128
129
201
197
197
170
169
190
129
238
197
215
215
215
170
190
134
237
214
190
190
190
134
133
133
236
250
250
254
254
187
191
135
135
135
250
250
185
254
185
187
135
132
233
233
250
255
185
187
83
132
235
235
235
233
248
255
255
76
79
79
83
86
235
51
51
33
32
76
235
51
32
32
32
77
77
87
51
55
55
32
75
123
48
55
17
17
17
73
125
123
121
54
53
54
2
16
26
75
125
121
121
121
339
339
339
52
2
26
125
125
120
120
121
339
343
1
26
26
120
343
1
0
0
6
118
112
112
115
336
336
341
340
5
6
118
115
113
336
340
340
0
6
7
116
113
114
201
201
201
201
200
200
198
198
199
199
199
212
212
212
168
168
168
169
169
139
139
139
128
128
201
201
198
198
198
196
198
196
212
212
171
171
171
168
169
169
169
139
139
139
139
139
128
128
128
201
203
203
197
197
196
196
215
215
215
171
171
170
171
169
134
128
129
129
129
238
238
238
197
197
196
215
215
171
173
171
170
170
190
190
190
134
133
133
133
238
238
238
238
238
237
237
250
214
214
214
186
186
186
186
190
134
134
134
133
133
133
239
239
237
250
250
251
254
186
186
187
191
191
190
135
135
135
132
133
132
132
239
239
236
236
236
236
250
250
250
250
254
254
185
185
185
187
187
187
191
191
191
135
135
135
132
132
132
235
233
233
248
248
248
255
255
254
185
185
185
185
79
83
83
80
80
235
235
234
235
233
233
248
248
255
255
184
76
76
76
79
79
83
82
83
83
83
80
80
80
80
235
51
248
248
33
255
33
32
32
77
77
76
79
79
79
82
82
82
86
86
86
51
51
51
51
51
50
55
33
33
33
33
32
77
77
77
82
73
73
82
82
87
48
48
51
50
55
32
33
17
17
17
16
75
75
75
73
73
73
123
86
87
87
87
87
48
48
54
48
55
55
55
55
17
17
75
75
75
75
125
123
123
87
121
48
48
53
55
2
2
17
16
26
124
124
125
123
123
123
121
121
121
339
339
339
52
52
52
52
52
1
2
2
3
2
16
26
124
124
125
122
120
120
339
339
339
343
52
1
1
1
3
3
26
26
26
26
125
125
125
118
120
112
115
120
115
336
343
343
343
1
3
6
6
3
6
118
6
118
118
118
112
112
115
115
115
343
343
343
343
340
0
0
0
5
6
6
7
118
117
118
117
113
113
113
115
114
336
336
341
341
341
341
340
340
0
0
5
5
5
6
7
7
116
113
113
114
114
114
114
336
340
192
199
138
201
201
200
200
198
199
212
212
174
174
175
175
168
168
168
169
169
139
139
136
128
128
201
200
200
200
200
198
192
196
199
199
199
199
213
212
175
175
171
169
169
138
138
129
203
203
200
197
198
196
196
213
215
173
173
173
173
173
170
170
170
138
131
128
129
129
203
203
202
203
197
196
196
214
215
173
173
170
170
163
131
134
130
129
133
239
238
238
237
237
237
237
251
196
251
214
214
186
186
188
190
191
131
134
130
133
239
236
238
237
251
251
254
186
186
187
188
191
134
135
132
132
239
239
236
236
251
254
184
187
188
191
189
189
191
135
239
234
234
236
233
232
249
248
254
254
184
184
185
187
189
83
83
80
80
80
234
235
233
233
233
249
249
248
255
255
255
184
184
184
184
184
76
78
79
83
80
80
84
86
57
51
249
248
33
255
32
32
34
76
76
79
83
82
86
84
84
49
49
50
50
43
33
35
32
34
34
77
77
77
76
77
72
72
82
73
73
82
86
87
48
49
49
49
50
55
46
46
16
16
74
75
72
72
73
86
88
88
87
48
49
49
54
50
54
54
54
46
17
16
16
75
75
72
72
123
122
123
87
48
53
53
54
2
47
2
2
17
16
16
75
124
127
127
126
122
120
121
338
338
52
52
54
2
2
2
3
18
26
124
124
126
126
122
122
120
121
339
338
338
338
52
1
1
1
3
27
124
126
120
112
122
120
338
338
337
338
342
343
342
0
1
0
3
27
118
119
119
118
112
112
115
115
336
336
337
342
342
340
5
5
6
7
7
24
24
117
112
112
114
336
336
337
341
341
341
340
340
340
5
5
7
7
7
116
7
116
116
117
113
113
113
113
114
114
114
116
207
200
207
192
200
192
192
192
199
193
223
223
212
212
174
174
175
175
166
166
169
138
138
138
138
136
136
136
137
137
203
192
223
213
213
213
174
174
172
175
175
168
166
138
136
136
129
137
203
202
203
202
202
192
213
213
213
172
173
173
170
172
163
163
163
138
131
130
130
129
203
203
202
202
197
196
210
213
214
172
173
163
163
131
131
131
131
130
130
130
130
202
237
202
228
228
210
211
214
214
178
178
170
188
191
131
130
130
149
239
226
227
227
228
237
251
251
253
253
186
181
188
188
151
134
134
148
236
226
236
232
251
253
253
253
181
187
189
189
151
151
148
148
226
234
226
226
232
232
232
232
249
253
253
184
181
188
188
78
189
81
81
81
80
85
85
148
234
234
232
249
249
252
252
184
76
78
83
81
84
85
85
57
57
234
232
249
249
35
35
34
34
78
78
78
79
81
86
84
57
50
50
43
43
35
34
34
34
78
34
74
72
72
72
73
86
84
84
87
84
57
49
50
50
47
18
16
74
74
72
72
72
93
92
88
88
88
49
49
58
49
54
47
46
18
18
16
74
127
74
127
126
126
122
89
89
89
88
349
53
52
54
47
8
19
18
18
27
124
127
127
126
126
122
122
122
107
349
351
53
8
3
27
22
124
124
127
124
126
126
122
107
107
349
338
338
342
52
8
3
3
27
27
27
27
126
122
115
107
338
337
338
8
342
342
4
4
27
25
25
25
119
119
119
119
119
112
115
337
337
342
342
14
14
4
4
7
24
24
119
117
117
115
106
337
337
337
341
337
341
340
14
4
14
5
4
7
24
24
116
116
116
116
117
116
106
106
106
117
106
207
207
192
223
223
223
223
174
175
174
174
175
167
166
166
166
138
136
136
137
206
204
207
192
195
223
213
220
175
163
166
162
166
136
137
137
204
204
202
195
192
213
210
210
213
220
172
172
172
163
162
162
142
142
136
204
204
202
210
210
211
172
163
162
162
162
142
140
137
227
227
227
202
194
210
210
211
172
183
162
162
131
151
130
149
149
227
227
228
228
244
251
253
178
181
183
188
183
189
189
189
151
151
149
148
149
149
149
226
226
226
232
228
228
245
245
253
181
181
181
181
182
188
151
151
151
148
148
226
224
232
228
245
249
245
253
180
180
182
189
157
150
148
85
225
234
232
232
249
252
249
252
252
252
184
70
78
78
68
68
81
81
85
85
85
57
234
56
232
43
43
252
252
34
70
78
70
69
69
69
81
81
85
84
84
57
57
56
43
43
42
35
35
35
34
74
78
69
92
92
92
84
88
50
43
42
42
18
18
23
74
74
66
69
66
93
92
88
89
88
88
58
58
53
53
47
63
47
47
47
47
18
18
18
74
66
66
127
93
89
88
89
89
58
53
59
53
47
47
19
19
19
23
66
127
127
102
102
109
351
351
351
351
351
8
19
22
19
22
22
27
127
127
103
102
108
107
349
351
9
8
8
8
22
22
25
100
103
103
107
107
107
107
349
349
349
337
346
342
346
342
346
8
8
27
25
100
119
119
119
106
107
349
344
346
14
14
14
4
4
25
24
24
116
100
119
104
106
106
344
342
346
14
14
4
4
24
24
116
117
104
104
104
106
206
207
207
192
222
223
220
221
174
164
167
166
143
143
136
137
206
222
223
223
222
220
220
174
166
167
166
142
143
137
204
195
195
222
220
172
163
161
162
142
142
140
137
137
204
194
194
195
194
210
211
172
161
161
162
162
142
140
140
204
205
228
194
194
210
211
211
211
178
211
178
178
183
183
161
161
183
162
154
154
130
149
149
227
227
227
228
244
243
243
181
183
183
182
157
151
150
151
150
226
227
227
229
244
245
245
245
181
183
182
189
157
150
150
148
149
225
229
228
245
252
181
180
182
182
157
157
150
150
148
224
224
246
245
252
180
39
70
70
70
68
81
85
148
85
57
56
56
56
252
252
35
70
69
70
69
68
92
92
85
57
57
56
56
56
43
43
42
35
39
39
70
69
69
69
92
92
92
92
90
90
58
58
58
42
42
42
23
66
66
66
93
93
89
88
90
58
59
46
47
19
19
23
23
66
102
89
89
351
59
19
19
102
102
108
89
109
89
351
59
46
46
19
22
21
22
22
25
100
103
103
108
108
109
109
349
351
350
346
46
9
9
8
8
22
25
30
25
100
103
108
108
348
350
9
9
15
9
30
25
100
103
103
104
107
107
349
344
344
344
346
14
15
13
4
31
24
98
98
104
104
104
106
344
344
346
346
15
15
14
4
31
24
98
98
98
105
207
207
193
222
221
221
220
164
164
167
167
143
143
141
143
207
207
195
222
222
220
164
164
167
167
167
141
140
205
195
210
210
220
220
161
160
160
140
204
194
209
211
211
178
142
142
140
140
140
194
211
179
154
154
226
229
228
208
244
178
183
183
154
150
145
229
244
241
243
243
180
157
157
150
145
224
229
245
241
180
180
180
180
68
157
145
148
225
224
245
246
241
39
39
68
150
56
56
224
43
241
39
70
92
95
90
63
41
42
40
35
70
69
69
90
58
58
63
41
42
42
35
39
70
67
67
93
90
42
23
66
93
93
94
91
59
59
44
44
20
22
23
66
100
91
351
350
46
44
44
11
22
28
100
103
109
348
9
10
28
108
104
108
110
346
9
9
15
9
13
30
100
103
104
344
345
346
15
13
13
30
98
98
98
104
105
105
13
31
98
98
193
193
221
221
220
164
167
143
141
206
193
222
220
160
142
222
209
164
141
205
208
179
161
154
204
230
194
209
178
183
161
154
145
229
244
182
145
231
231
229
244
244
243
180
182
150
225
246
241
177
182
157
147
145
224
224
246
241
39
71
68
95
41
39
71
71
68
93
95
57
62
41
41
40
40
39
95
95
58
62
63
20
38
93
90
62
44
44
67
94
91
60
63
44
44
20
23
23
67
102
102
350
10
21
28
101
102
108
110
348
350
347
347
11
11
28
100
103
108
108
110
349
345
347
13
30
99
96
104
107
346
11
30
31
344
344
347
15
13
31
98
98
96
105
193
193
218
221
167
143
143
141
193
193
222
221
164
143
141
141
206
195
208
216
216
164
161
152
204
194
161
154
154
140
144
229
208
208
209
179
155
231
230
244
244
178
182
156
225
229
156
157
145
145
224
244
180
147
145
225
246
241
71
147
145
224
56
40
68
95
95
41
38
67
67
38
38
67
93
94
63
20
67
91
46
20
28
102
110
91
350
10
21
20
101
102
348
10
21
28
100
103
110
347
30
99
110
345
345
347
13
30
31
99
105
111
344
345
15
13
13
31
96
105
105
193
221
164
143
206
206
216
167
152
205
195
219
164
152
142
140
205
194
208
209
161
155
154
208
160
154
231
209
243
179
176
156
231
229
247
243
243
176
182
156
225
246
241
177
157
157
147
246
241
146
62
240
241
39
71
68
62
63
40
71
64
62
40
38
90
60
44
37
94
91
44
44
23
65
108
350
350
46
21
101
348
348
99
348
348
347
347
10
29
30
99
99
96
110
111
10
13
30
96
105
344
15
12
13
96
206
206
218
222
221
164
167
206
195
218
219
221
216
143
141
141
205
219
216
216
160
160
160
144
208
194
179
153
205
209
209
209
179
179
155
155
144
230
230
208
179
153
144
231
230
247
243
177
156
147
225
247
247
241
176
177
147
146
225
225
224
240
147
246
38
37
68
62
62
63
41
38
71
67
71
64
64
95
62
63
63
41
38
37
64
90
63
44
20
65
65
45
21
20
20
28
91
350
60
20
28
101
110
350
347
10
29
101
111
110
11
11
29
111
345
345
347
11
12
30
31
96
105
15
31
99
97
96
105
221
216
165
165
141
141
218
219
216
152
153
205
219
217
216
216
160
152
144
205
209
160
160
155
144
231
208
209
243
144
145
230
247
242
176
176
156
144
145
230
247
243
176
156
156
225
240
177
156
156
147
146
246
240
240
176
146
62
246
40
40
38
71
40
40
38
67
64
64
62
45
41
41
40
38
65
65
90
62
45
20
67
65
65
94
60
60
45
28
65
91
324
10
21
21
101
109
110
350
10
21
29
101
101
109
110
110
348
325
11
29
99
96
96
348
345
12
99
96
97
111
345
345
325
325
12
12
31
97
218
218
216
217
165
165
165
152
153
219
219
217
165
165
152
205
205
217
160
155
144
205
219
179
155
153
144
208
219
179
155
153
231
230
242
243
153
144
231
230
247
177
176
156
230
247
242
177
158
147
61
240
177
177
158
147
146
246
246
71
146
95
61
61
61
37
64
64
95
95
61
61
61
45
38
65
94
60
37
37
65
94
91
60
60
324
20
28
65
109
324
10
21
29
101
110
324
325
10
29
111
325
11
29
29
99
111
111
111
348
325
325
10
29
96
97
324
15
12
12
31
31
97
317
317
217
152
153
317
218
217
165
165
152
152
152
153
218
219
217
217
318
318
219
217
217
179
152
272
231
230
217
155
155
231
242
242
242
242
176
176
159
318
242
177
159
146
318
247
242
240
177
158
158
240
240
146
146
61
59
247
240
177
147
147
95
59
45
36
37
37
64
64
61
61
45
41
37
64
94
60
60
45
45
36
37
94
60
60
36
101
91
326
36
36
28
109
378
324
322
11
101
374
109
324
324
12
29
374
324
325
325
12
325
12
97
97
97
97
97
218
319
303
159
278
272
317
316
319
217
165
272
318
319
303
159
272
272
318
319
219
303
159
155
272
318
318
297
303
159
153
272
318
242
242
299
299
159
273
273
309
292
299
159
159
159
273
309
292
292
240
158
158
309
309
289
289
177
158
146
146
59
292
292
292
289
299
158
36
275
275
274
274
59
36
37
378
45
36
371
379
378
323
36
36
371
379
378
326
326
322
322
36
371
373
374
378
324
322
373
373
375
322
322
373
373
375
378
324
372
372
373
374
375
325
372
373
375
316
316
303
303
303
278
278
317
303
303
303
272
319
303
302
302
302
278
278
318
302
302
272
318
319
297
297
299
159
272
273
273
309
297
297
296
273
273
292
293
293
296
299
298
309
309
309
299
273
292
299
299
299
298
158
289
289
299
158
274
333
292
299
275
332
332
333
293
378
332
333
293
288
371
371
379
379
333
383
374
326
326
323
323
371
374
374
375
326
326
323
371
375
378
327
320
322
371
373
374
375
327
320
322
322
372
373
375
327
327
322
322
372
372
372
373
373
375
378
316
316
313
303
302
278
276
316
316
313
313
300
302
278
276
317
313
300
302
277
276
319
319
319
319
300
278
272
277
276
318
319
297
297
300
276
309
297
296
298
273
308
309
309
308
297
293
296
298
298
273
292
293
293
290
298
298
275
274
309
309
293
290
275
311
289
289
275
274
332
333
292
289
275
275
274
274
274
332
333
288
288
288
288
275
332
333
293
383
332
323
323
323
383
371
379
379
326
326
326
323
383
379
379
326
323
383
374
320
323
371
372
375
369
378
327
320
372
372
369
369
327
321
321
321
372
373
373
369
378
316
316
313
313
302
277
302
277
276
317
300
300
300
302
276
276
317
313
301
297
301
301
278
278
308
310
297
296
296
298
279
279
276
308
308
296
298
273
259
308
308
294
294
293
290
271
311
311
294
294
293
289
290
271
274
305
289
290
275
256
274
332
305
427
289
288
256
376
332
333
288
288
288
377
376
333
334
288
383
371
376
330
330
353
383
380
380
376
376
330
330
323
359
380
379
379
376
320
323
359
383
374
370
327
320
321
321
321
357
369
327
327
320
359
372
375
369
327
320
320
320
321
359
369
277
316
316
313
313
284
284
277
277
313
312
300
277
317
317
300
301
277
276
310
310
313
279
279
276
310
311
301
278
279
279
279
310
296
296
301
271
259
308
308
308
296
296
298
271
259
294
291
298
256
294
291
274
364
305
294
291
291
290
256
256
274
364
294
291
290
290
377
334
290
290
380
377
332
333
352
380
377
377
377
332
333
330
352
380
381
377
328
330
330
353
376
328
328
331
330
358
357
380
379
327
357
368
369
370
327
320
321
368
368
369
320
321
359
357
368
368
369
312
284
287
277
286
386
312
312
300
284
287
277
310
317
312
284
287
279
279
310
310
312
301
287
310
312
301
301
269
269
279
308
311
269
279
259
311
295
291
291
271
256
256
305
295
271
271
256
256
259
305
305
305
294
291
291
294
294
291
290
257
364
364
288
257
377
377
364
364
334
334
334
334
352
353
381
377
364
364
365
352
380
381
377
333
330
381
328
328
330
352
352
353
380
381
376
328
328
328
352
357
357
381
331
331
321
358
357
328
331
331
359
357
357
368
370
331
331
359
359
357
357
357
368
386
315
315
315
285
284
286
286
284
287
286
286
281
281
386
386
312
284
287
286
281
310
312
267
279
304
312
267
258
258
304
311
311
301
269
269
295
291
259
305
305
295
295
295
291
271
256
295
268
268
257
257
257
364
364
305
266
271
262
262
364
307
354
268
353
257
257
377
263
365
365
334
352
353
381
263
354
353
353
383
376
328
361
352
352
353
380
381
381
376
328
352
381
381
329
330
361
352
381
381
329
331
331
361
358
356
356
356
368
370
329
329
331
331
360
359
359
358
368
368
370
329
331
358
356
368
370
386
315
285
285
284
286
281
387
284
287
286
281
386
285
285
286
281
304
314
267
267
287
281
304
310
314
267
267
267
269
269
269
258
304
304
304
304
311
314
314
264
258
304
304
269
268
269
305
305
295
268
268
257
259
307
295
257
306
307
334
266
257
262
365
334
266
261
257
263
263
365
354
353
383
365
365
365
382
367
367
361
354
355
355
382
376
367
361
361
354
355
382
361
356
356
370
362
362
358
356
356
368
329
362
358
356
356
471
370
370
329
360
360
358
471
471
370
386
387
285
284
287
286
280
280
386
386
285
286
314
287
286
281
281
281
384
285
267
267
267
258
304
384
267
267
258
281
281
306
314
314
266
269
258
259
259
306
307
307
314
266
268
269
259
421
306
307
295
266
268
307
307
266
268
268
260
262
262
306
306
295
266
268
261
261
260
366
366
263
365
503
354
271
382
383
263
365
354
354
355
355
382
367
365
354
355
355
382
382
382
367
367
361
361
471
382
382
367
367
362
360
358
468
329
360
360
356
471
362
360
360
358
468
471
329
362
363
358
387
390
285
283
283
283
280
387
387
387
387
283
280
280
386
387
387
285
410
410
283
384
384
314
285
280
384
384
264
270
258
314
264
270
258
259
306
306
314
266
270
270
258
262
259
307
307
266
270
270
262
306
307
295
266
261
260
260
503
266
261
262
366
501
501
355
271
260
263
263
366
366
503
503
261
261
366
366
366
354
355
355
355
263
503
354
382
367
367
367
470
362
361
468
471
470
478
362
362
362
511
360
360
510
468
471
478
478
471
478
329
329
334
360
363
363
468
478
478
386
387
390
390
280
283
387
390
282
280
280
283
384
387
390
410
283
282
282
280
283
385
385
384
410
282
282
449
385
270
449
285
264
264
270
270
448
258
448
449
307
306
307
264
264
260
262
502
502
502
261
260
260
262
262
500
501
502
261
462
366
501
503
497
497
261
462
462
366
501
503
497
497
470
263
366
501
501
503
499
470
367
503
499
469
469
469
470
470
470
470
503
469
471
470
363
360
468
471
478
511
510
468
469
471
478
511
511
510
468
479
478
510
510
505
471
478
384
389
410
282
282
280
283
384
389
390
390
409
410
282
405
384
410
265
282
283
390
410
410
265
265
448
385
385
385
390
265
448
448
448
448
449
449
385
391
265
500
391
264
264
260
448
448
501
391
264
260
260
500
500
502
502
502
502
261
462
501
502
502
462
462
262
502
502
462
501
498
499
497
467
363
501
499
499
464
508
499
469
470
467
464
363
363
509
499
469
469
466
469
464
465
465
363
483
508
509
511
508
511
468
468
483
508
508
511
468
469
479
483
508
511
510
510
505
505
469
479
479
389
389
409
409
335
405
405
450
389
409
410
405
385
389
388
390
409
282
450
385
385
385
390
402
448
448
396
410
265
265
449
396
396
391
391
450
449
396
396
396
391
391
391
265
270
449
396
396
391
455
461
500
261
461
500
501
335
335
462
500
500
462
500
500
501
498
498
499
467
464
463
509
499
467
464
464
363
509
509
499
467
467
359
363
508
509
466
483
509
504
466
465
465
465
509
505
466
465
465
479
479
483
511
510
510
505
479
479
483
511
510
510
479
479
392
405
405
405
389
409
405
450
389
388
403
405
450
388
409
409
403
450
450
451
388
391
402
450
449
396
391
265
265
450
451
397
394
491
450
449
449
397
498
491
491
455
461
449
397
495
401
498
498
463
397
508
495
498
498
498
491
462
462
463
496
498
491
463
463
508
496
496
499
491
491
463
463
487
508
496
496
467
464
464
496
466
464
464
487
509
507
507
507
466
467
465
477
509
507
505
504
466
465
483
483
509
507
507
504
466
466
476
511
511
505
466
476
479
510
505
505
466
392
389
409
409
411
411
405
405
407
389
409
408
408
411
404
405
394
388
408
408
451
408
403
403
404
451
394
391
403
403
450
451
394
394
400
265
450
451
397
397
397
455
455
454
451
397
401
490
455
454
495
491
491
455
454
451
495
498
491
455
455
463
490
491
462
487
496
496
496
490
463
487
496
496
490
490
467
476
476
463
487
487
496
507
467
464
477
487
497
507
467
465
465
477
477
483
507
507
507
476
477
504
477
482
483
482
505
504
473
477
477
482
505
477
477
392
392
408
411
411
411
407
407
389
408
403
407
394
388
388
403
403
404
404
394
394
388
408
408
403
402
388
414
403
402
394
401
400
400
400
451
451
397
400
454
454
451
397
395
401
401
454
451
486
495
495
490
490
489
455
455
452
486
495
490
452
495
495
495
495
494
489
489
452
487
486
486
490
489
452
487
487
494
461
452
497
494
490
476
461
487
497
467
476
477
483
497
497
506
507
504
472
476
482
507
506
504
472
472
476
482
482
482
482
506
504
473
475
482
506
506
504
504
504
477
475
392
413
411
411
407
407
392
392
392
411
411
404
407
407
407
393
392
408
407
388
403
407
406
393
414
400
402
406
394
395
395
400
400
402
406
395
395
395
400
400
454
454
406
486
424
424
400
454
486
424
455
452
486
495
488
453
452
452
486
486
488
489
473
484
494
494
494
494
489
489
452
452
484
484
494
494
488
476
461
396
494
488
488
488
487
493
494
488
476
461
484
482
506
472
461
482
493
506
506
473
474
475
475
506
473
473
480
421
473
473
473
475
475
413
413
413
411
408
413
413
393
412
413
404
442
393
414
402
402
404
393
393
395
414
400
402
402
402
406
393
395
414
454
392
424
425
425
486
424
454
406
406
406
427
424
425
425
453
453
406
427
424
473
492
492
489
452
486
484
492
488
489
489
484
484
489
489
461
484
484
461
460
484
481
481
481
488
488
488
457
461
485
493
472
472
474
485
506
422
472
474
474
475
493
493
423
421
474
480
421
422
473
474
395
395
412
413
413
401
401
401
442
395
412
413
413
401
442
442
393
393
412
398
412
404
393
398
414
414
404
406
393
398
435
434
392
398
439
406
444
398
435
406
445
445
398
424
424
425
425
445
444
425
453
427
427
425
425
414
453
453
444
492
492
492
453
492
492
420
457
457
460
460
485
484
492
420
420
457
484
472
472
457
457
481
472
472
457
457
485
481
474
481
421
474
485
422
419
474
474
485
480
423
421
474
474
412
412
413
401
443
399
412
412
401
415
412
412
415
415
442
315
393
412
434
442
315
398
432
435
435
435
439
315
398
424
435
435
315
398
424
435
435
434
397
427
425
434
436
436
444
444
444
427
453
427
425
457
453
485
492
420
420
460
492
421
457
460
460
493
420
418
418
460
420
419
456
460
485
485
420
422
419
456
456
460
485
421
419
460
480
423
423
422
419
475
415
422
475
443
399
315
442
399
399
399
315
440
442
399
399
442
442
362
398
398
398
435
447
431
431
439
447
432
439
436
445
432
438
436
444
444
427
433
433
433
435
434
436
436
436
444
444
434
444
431
433
436
431
431
418
453
441
431
421
420
418
493
418
457
493
428
420
418
456
456
428
420
418
419
456
456
460
493
419
456
480
480
423
423
422
419
419
456
480
480
423
422
419
475
480
434
422
422
419
399
443
441
442
443
315
443
440
440
440
440
441
443
399
443
441
443
399
399
363
443
438
438
441
447
438
431
431
432
432
438
438
438
436
447
445
431
432
439
445
426
426
437
426
426
433
436
434
436
436
441
431
433
433
458
431
431
426
417
418
430
421
418
458
493
430
421
456
481
493
423
418
459
480
480
430
428
423
416
417
459
456
428
423
459
428
423
416
459
428
422
459
459
335
335
440
335
443
443
441
399
335
440
440
441
447
434
438
447
432
432
447
432
438
446
445
445
415
439
437
437
446
426
432
432
439
437
439
439
437
446
446
426
433
426
439
458
458
458
481
446
417
417
430
416
416
458
481
430
430
416
458
481
430
430
418
429
430
423
416
459
428
416
416
428
417
417
459
429
429
428
429
416
416
434
459
335
335
335
440
440
440
441
415
441
447
447
441
447
447
445
415
438
447
445
445
414
415
438
414
415
434
437
437
426
437
446
426
433
446
433
415
437
446
433
439
446
446
426
439
437
426
458
458
481
446
417
417
458
430
416
458
458
417
429
429
428
429
417
459
429
428
429
429
427
430
429
417
