128
59
47
47
40
40
56
56
59
55
40
56
57
54
55
55
46
46
46
57
57
57
55
46
46
40
40
40
57
57
53
34
34
60
60
57
53
53
53
46
34
34
34
61
60
60
53
53
53
33
33
61
34
61
61
53
53
37
37
33
32
61
61
18
53
37
37
37
33
33
32
33
19
18
18
18
22
37
10
10
14
14
19
37
10
14
14
14
19
19
22
10
11
11
14
19
31
10
11
5
5
5
18
27
31
31
10
11
11
0
4
4
19
27
31
31
31
119
119
119
11
0
4
26
26
31
31
31
119
118
0
4
4
31
118
0
0
0
1
26
31
30
30
119
119
118
118
1
1
26
30
30
119
118
118
0
1
1
26
30
30
47
47
47
47
47
47
47
47
47
40
40
56
56
56
56
56
59
59
59
54
54
55
55
55
47
47
47
47
47
40
47
40
40
56
56
56
57
57
57
59
59
54
54
54
54
55
55
55
55
46
46
46
46
47
40
40
40
56
56
57
57
57
57
57
54
55
53
55
55
46
46
46
46
46
40
40
57
57
57
57
57
57
57
57
57
53
53
53
53
46
46
46
46
46
46
34
34
34
34
57
57
61
61
60
57
53
53
53
53
53
53
46
46
34
34
34
34
34
61
61
60
60
60
53
53
53
53
53
53
53
53
37
36
37
37
37
33
34
34
33
34
32
32
61
61
61
61
60
61
60
60
60
53
53
53
53
53
53
37
37
37
33
33
33
33
32
32
61
61
61
61
18
18
18
22
22
37
37
37
37
37
37
33
33
32
32
32
19
19
19
19
18
18
18
18
18
18
22
22
22
22
37
10
33
33
14
32
14
14
14
19
19
19
18
18
18
18
18
22
22
22
22
10
10
10
10
10
10
11
14
14
14
14
14
19
19
19
18
18
18
18
22
22
10
10
10
10
11
14
14
5
5
5
5
19
19
19
19
18
18
31
22
22
22
22
22
10
10
10
10
10
11
11
11
5
5
19
19
19
19
27
31
31
31
31
10
10
11
11
0
0
5
5
4
27
27
27
27
31
31
31
31
31
119
119
119
11
11
11
11
11
0
0
0
0
0
4
4
27
27
27
31
31
31
119
119
119
118
11
0
0
0
0
0
4
4
4
4
26
26
26
26
31
31
31
31
31
119
118
118
118
0
0
1
1
0
1
26
1
26
26
26
30
30
30
30
30
118
118
118
118
118
0
0
0
1
1
1
1
26
26
26
26
30
30
30
30
30
119
119
118
118
118
118
118
118
0
0
1
1
1
1
1
1
26
30
30
30
30
30
30
119
118
47
47
54
47
47
47
47
47
40
40
56
56
56
56
56
56
59
59
59
54
54
55
55
55
55
47
46
47
47
47
47
47
40
47
40
40
40
40
56
56
56
57
59
59
54
55
55
46
46
46
46
47
40
40
40
40
56
56
57
57
57
57
57
57
54
54
55
55
55
46
46
46
46
46
45
40
40
57
57
57
57
57
57
52
53
55
55
53
46
46
46
46
46
46
34
34
34
34
34
61
61
60
60
60
60
53
52
52
52
46
46
46
34
34
34
34
61
61
60
60
60
52
53
53
53
36
36
37
37
33
34
61
61
60
60
60
60
53
53
37
37
37
37
37
33
33
33
32
32
32
61
61
60
60
18
18
23
22
22
37
37
37
33
37
33
33
33
32
32
32
32
61
61
32
61
19
19
18
23
22
22
22
22
9
10
33
33
14
32
14
14
14
19
19
19
18
22
22
22
22
10
10
10
10
13
14
14
14
14
14
19
19
19
19
19
19
18
18
18
18
22
22
22
10
10
10
10
10
11
13
14
5
5
19
19
19
18
18
22
22
22
22
10
10
10
10
10
11
11
11
13
5
5
5
19
19
18
18
27
27
31
22
10
10
11
11
0
13
0
0
5
5
5
19
27
27
27
27
27
31
31
119
119
11
11
11
0
0
0
0
4
4
27
27
27
27
27
31
31
31
119
119
119
119
11
0
0
0
0
4
27
27
31
30
31
31
119
119
119
119
118
118
118
0
0
0
0
7
26
26
26
26
30
30
30
30
119
119
119
118
118
118
1
1
1
1
1
7
7
26
30
30
30
119
119
119
118
118
118
118
118
118
1
1
1
1
1
26
1
26
26
26
30
30
30
30
30
30
30
26
44
47
44
47
47
47
47
47
47
47
40
41
40
40
56
56
56
56
59
59
54
54
54
54
54
54
55
55
55
55
44
47
41
40
40
40
56
56
56
56
56
59
54
54
54
55
55
55
45
46
45
45
45
47
40
40
40
56
57
56
57
57
59
59
54
54
54
55
55
55
45
45
45
45
45
41
41
40
40
57
57
59
60
52
54
52
54
55
55
52
55
45
45
45
45
34
34
34
40
34
62
61
60
60
60
52
52
52
52
46
36
45
36
36
34
34
34
34
34
61
61
60
60
52
52
52
52
36
36
36
36
34
33
32
32
61
61
60
60
52
52
52
52
36
36
36
36
37
37
37
33
33
32
32
32
61
60
61
17
60
23
23
23
23
23
23
52
37
37
33
33
33
32
32
61
19
19
18
23
23
22
23
9
9
37
37
33
33
14
14
14
14
17
17
17
18
23
22
23
9
10
11
11
14
14
14
14
14
17
14
16
19
19
18
18
23
22
22
22
23
9
9
11
11
13
5
5
16
16
16
16
18
18
22
22
21
21
10
10
9
10
11
13
13
5
5
5
16
16
16
16
16
27
27
21
21
21
21
116
11
11
11
13
3
5
5
5
4
27
27
27
27
27
27
31
31
31
116
116
11
3
0
4
4
27
27
27
27
27
27
31
31
29
116
119
119
118
11
3
0
0
7
4
7
7
27
31
30
29
119
119
119
3
118
118
1
1
7
7
7
7
26
26
26
26
24
30
30
119
119
118
118
2
2
1
1
1
7
7
26
26
30
30
30
119
119
119
118
119
118
118
2
1
2
1
1
1
7
7
26
26
26
26
26
26
28
28
30
30
28
44
44
47
41
41
41
41
56
56
56
56
56
59
54
59
54
54
54
54
55
44
44
44
44
41
41
40
40
56
59
59
59
59
54
55
55
45
45
45
45
45
41
41
41
40
41
56
56
56
59
59
59
54
54
54
45
45
45
41
41
41
58
59
59
59
59
54
55
52
45
45
45
45
45
41
41
41
62
60
60
60
52
52
52
52
52
36
36
36
38
34
34
34
62
61
61
60
60
60
60
60
52
52
52
52
52
52
52
36
36
36
36
36
33
33
33
32
61
61
61
61
63
60
63
52
52
52
52
36
36
37
38
33
33
32
32
32
63
63
63
63
48
52
23
36
37
37
37
33
33
33
32
32
32
32
17
17
17
17
17
23
23
23
23
23
9
37
9
37
12
12
32
32
14
17
17
17
17
17
18
23
23
23
23
23
9
9
9
11
12
12
14
14
14
14
16
17
17
16
23
23
23
23
11
11
12
12
5
5
5
16
16
16
16
16
16
21
23
21
21
21
9
9
9
11
13
8
13
13
13
13
5
5
5
16
16
16
16
21
21
21
21
21
9
11
8
11
13
13
5
5
5
5
16
27
27
24
24
29
116
116
116
116
116
3
5
4
4
4
4
7
27
27
24
24
29
29
116
116
3
3
3
3
4
4
7
24
24
24
30
29
29
29
116
116
116
119
117
117
117
118
117
3
3
7
7
24
24
24
24
28
28
116
117
117
2
2
2
1
1
7
7
7
26
25
26
28
28
28
117
118
117
2
2
1
1
7
7
26
26
28
28
28
28
44
44
44
47
41
41
42
42
56
58
59
59
50
54
54
51
44
41
41
41
41
42
42
58
58
59
59
54
51
51
45
45
41
41
42
58
58
58
59
54
50
54
55
55
45
45
45
45
41
41
41
62
58
58
59
59
54
55
52
45
45
38
45
38
34
41
35
35
62
41
62
62
63
60
58
63
63
59
49
50
52
52
48
36
45
36
38
34
35
35
62
63
60
63
49
52
48
52
48
36
36
36
38
38
33
35
35
62
63
63
63
63
48
48
48
48
36
39
38
35
32
32
62
63
63
63
48
48
48
48
36
39
39
33
32
32
15
17
17
17
17
23
23
48
23
9
9
9
9
33
32
15
17
17
17
17
17
23
23
23
9
9
9
9
9
8
12
12
15
15
15
17
17
16
16
21
21
23
21
23
23
9
9
8
12
12
12
6
16
16
16
21
21
21
21
21
9
8
13
13
5
5
5
5
16
16
21
21
116
9
5
5
24
24
24
21
29
21
116
8
13
13
5
4
4
7
6
6
27
24
24
29
29
29
29
116
116
116
117
13
3
3
3
3
4
7
7
7
24
24
28
29
116
116
3
3
2
3
7
7
25
24
24
28
29
28
116
117
117
117
117
2
2
2
1
7
7
25
25
28
28
28
28
117
117
117
117
2
2
2
1
7
7
25
25
25
28
44
44
41
42
42
42
42
58
58
58
59
50
51
51
51
44
44
41
41
41
42
58
58
58
59
59
51
51
44
44
41
41
42
42
58
58
59
51
45
43
43
41
43
62
52
50
50
51
51
38
35
62
50
50
36
38
38
38
34
62
62
63
49
48
48
38
38
35
35
35
62
63
63
48
48
36
39
35
35
32
63
62
63
17
49
48
48
36
39
32
39
32
15
15
17
48
9
8
39
12
35
15
17
23
20
23
8
12
12
12
14
17
17
16
21
9
9
13
12
12
12
12
15
16
16
16
21
21
12
6
16
21
21
21
21
8
8
13
13
4
6
6
16
27
21
116
116
13
13
13
3
4
6
24
24
29
116
3
3
6
28
28
29
29
117
3
3
2
3
2
7
24
24
28
117
117
117
2
2
2
7
25
25
25
28
28
28
2
7
25
25
44
41
42
42
42
58
59
50
51
44
44
41
42
58
50
41
43
58
51
45
41
62
58
50
45
38
38
43
62
63
58
50
48
38
38
63
48
38
38
38
38
39
35
63
63
48
36
39
35
62
63
63
48
48
36
39
39
35
15
17
23
20
12
15
17
17
17
20
23
9
9
12
12
12
12
15
20
21
9
9
8
4
15
21
21
9
13
13
20
21
21
8
8
13
13
4
6
6
16
24
24
116
3
4
6
24
24
29
29
116
116
117
117
3
3
6
24
24
29
29
29
116
117
117
2
6
25
25
28
29
117
3
7
7
117
117
117
2
2
7
25
25
28
28
44
44
43
42
58
50
51
51
44
44
42
42
58
50
51
51
44
44
43
42
42
58
58
50
45
44
58
50
50
50
51
38
43
38
43
62
50
38
38
38
35
62
63
49
36
38
63
63
48
48
39
39
63
49
48
36
39
35
17
48
48
39
8
12
17
23
20
12
15
20
20
15
15
16
20
21
13
4
20
21
13
4
6
24
29
29
116
3
4
6
24
24
116
3
6
6
24
24
29
117
7
25
29
117
117
117
2
7
7
25
28
28
117
117
2
2
2
7
25
28
28
44
42
58
50
44
44
42
58
50
44
41
43
58
50
50
51
45
45
43
43
58
50
50
38
58
50
38
43
35
62
62
49
38
39
39
35
35
62
63
49
36
39
35
35
63
63
48
39
35
48
9
35
35
15
17
20
9
8
12
17
20
9
12
15
21
8
13
15
20
21
13
13
6
20
29
116
116
13
4
24
116
116
25
116
116
117
117
3
6
6
25
25
25
29
28
3
2
7
28
28
117
2
2
2
25
44
44
43
42
42
58
50
44
44
43
43
42
42
50
51
51
44
43
42
42
58
58
50
51
43
44
62
50
45
43
43
43
62
62
50
50
48
38
38
38
62
49
48
38
38
39
35
62
63
49
36
39
39
35
63
62
49
48
36
36
39
35
49
39
15
15
17
9
9
8
12
15
17
16
17
20
20
20
9
8
13
12
15
15
20
21
8
13
4
20
20
13
4
4
6
6
20
116
8
6
6
24
29
116
117
3
6
24
29
29
3
2
6
28
117
117
113
3
2
6
6
25
28
3
7
25
25
28
28
42
42
58
51
51
51
43
43
42
50
51
44
43
42
42
42
58
50
51
44
43
58
58
50
51
38
43
43
43
48
48
38
39
39
62
63
63
48
48
39
39
35
63
49
49
36
35
62
63
49
49
48
39
35
35
63
48
9
39
12
12
15
17
12
12
15
16
20
20
9
13
12
12
12
15
20
20
20
8
13
4
20
20
20
20
8
8
13
6
20
29
113
3
4
6
24
29
29
116
3
4
6
24
24
25
29
29
116
117
2
6
25
25
25
116
117
2
25
25
25
28
117
117
113
113
2
2
6
25
43
43
42
42
58
51
50
50
51
43
43
42
58
51
50
44
44
42
58
50
51
44
43
62
50
50
51
43
43
62
49
49
38
38
35
35
49
48
38
39
39
62
62
63
39
39
35
35
63
49
8
35
35
62
49
49
48
39
39
16
49
20
8
8
8
15
20
20
20
20
8
8
8
12
15
20
20
8
15
15
20
20
29
8
8
113
6
6
20
29
113
3
4
6
24
29
113
113
3
6
29
113
3
6
6
25
28
28
28
116
113
113
3
6
25
25
113
3
2
2
6
6
25
127
127
42
50
51
127
43
42
58
51
50
50
50
51
43
43
42
42
127
127
43
43
42
62
50
110
38
38
43
49
51
38
39
39
39
43
62
62
49
127
39
62
49
48
127
39
39
35
62
49
49
35
35
49
48
8
8
39
35
62
49
49
20
8
12
15
15
15
16
16
8
8
12
12
15
16
20
8
8
12
13
15
15
20
8
8
15
24
29
112
15
15
6
29
96
113
113
3
24
96
29
113
113
2
6
96
113
113
113
2
113
2
25
25
25
25
25
43
126
124
51
109
110
127
126
126
42
51
110
127
126
124
51
110
110
127
127
43
124
51
51
110
127
127
124
124
51
49
110
127
39
39
125
125
49
110
110
127
124
125
49
49
49
110
127
127
125
35
49
49
121
127
125
125
62
49
49
49
8
127
127
125
125
125
49
12
96
96
98
98
8
15
15
98
13
15
96
96
98
114
15
15
96
96
96
112
113
113
114
15
103
96
96
96
113
113
96
96
96
113
114
96
96
97
97
113
101
101
96
96
97
113
101
96
97
127
126
124
124
124
109
109
127
124
124
124
110
126
124
124
124
124
109
109
127
124
124
110
127
127
124
124
125
51
110
110
110
127
124
124
124
110
110
127
124
124
125
125
110
121
127
127
125
110
127
125
125
125
110
49
125
125
125
49
98
112
125
125
96
112
112
112
125
98
112
112
125
103
96
96
96
96
112
103
96
112
112
114
114
103
96
96
96
112
112
114
103
96
96
112
113
114
103
96
96
97
112
113
113
114
101
96
97
112
112
113
113
101
101
101
97
97
97
97
126
126
126
124
109
109
110
126
126
126
126
109
109
109
110
127
126
124
109
109
110
127
127
127
127
124
109
109
109
110
127
127
127
124
124
110
127
127
125
125
110
121
121
121
121
127
124
124
110
110
110
127
124
124
125
125
110
98
98
121
127
124
125
98
121
125
125
98
98
112
112
125
125
98
98
98
98
98
112
112
103
103
103
103
96
112
112
125
103
112
114
114
114
103
96
96
96
112
112
112
114
103
96
96
112
114
103
96
112
114
101
101
97
97
97
112
113
101
101
97
97
112
113
113
113
101
97
97
97
97
126
126
126
126
109
110
109
109
110
121
109
109
109
109
110
110
121
126
108
124
124
108
108
108
121
123
127
124
125
110
111
105
110
121
121
125
125
110
105
121
121
121
124
124
125
110
121
121
121
121
124
125
125
101
98
121
125
101
98
99
98
112
121
101
125
125
99
98
112
112
114
103
103
99
98
112
114
103
103
103
98
114
114
103
103
103
103
99
98
114
114
114
103
103
96
96
99
115
114
103
103
96
97
112
115
114
114
114
103
97
112
112
115
102
97
97
97
112
112
115
115
113
101
97
110
126
126
126
126
108
108
109
110
126
126
109
110
123
123
109
108
109
110
123
123
126
108
111
110
121
123
108
108
111
111
111
123
127
124
124
111
105
121
121
121
124
124
125
110
105
121
122
125
105
122
122
98
121
121
121
122
101
101
99
99
98
120
122
101
101
101
99
114
101
103
103
99
112
114
103
103
99
99
99
112
114
114
103
103
99
99
115
114
114
103
99
115
115
115
114
102
103
103
99
112
102
97
97
97
112
115
113
97
97
97
115
113
101
102
97
97
97
126
108
108
106
106
64
126
126
109
108
108
106
123
123
126
108
108
108
106
123
123
126
109
108
123
122
109
108
108
108
111
123
123
108
111
105
123
122
122
122
111
105
105
121
122
111
111
105
105
105
121
121
121
121
122
101
121
122
122
101
99
120
120
122
99
99
99
120
120
114
114
114
114
103
101
99
99
120
120
114
103
103
99
99
115
114
99
115
114
114
102
102
102
103
99
99
115
115
115
102
102
103
99
115
115
113
102
102
115
115
113
102
102
102
97
97
115
113
101
101
102
102
102
97
64
126
126
126
126
108
108
106
108
108
108
106
106
106
64
64
122
108
108
108
106
123
122
109
108
123
122
109
105
105
123
123
123
109
108
105
122
108
105
121
121
122
122
122
122
111
105
122
111
111
105
105
98
121
120
121
100
111
98
98
120
121
100
111
101
101
99
99
98
120
120
114
103
101
99
98
100
101
101
99
99
114
100
100
102
102
103
99
99
99
114
102
102
99
115
114
100
102
102
99
115
115
115
100
102
102
102
102
97
83
115
115
115
115
100
100
100
100
97
97
97
115
113
100
102
97
97
64
126
126
126
108
106
106
64
108
108
108
106
64
126
126
106
105
123
122
109
109
108
106
123
123
122
109
109
109
108
108
105
105
123
123
123
123
123
122
122
109
105
123
123
108
111
105
121
121
122
111
111
105
105
122
122
105
121
122
122
111
105
98
120
122
100
104
105
98
98
120
100
101
99
120
120
120
99
120
120
100
100
101
101
99
99
120
100
100
100
101
80
100
102
102
83
115
115
102
102
102
97
115
115
100
102
102
102
83
83
115
88
88
102
102
102
83
64
64
126
108
108
108
106
106
64
64
126
106
122
108
106
106
106
106
64
126
109
109
109
105
123
64
109
109
105
106
106
123
123
122
111
105
105
105
105
123
123
122
122
111
111
105
105
100
123
123
122
111
111
122
122
111
111
111
105
98
98
121
120
122
111
111
104
104
105
120
120
98
120
100
100
104
99
98
98
120
100
100
101
101
99
120
120
100
101
101
99
80
80
120
120
100
100
80
80
80
120
120
115
100
100
82
115
88
100
102
80
115
88
88
102
102
102
115
115
88
100
64
65
126
79
79
79
106
64
64
64
64
79
106
106
64
64
64
126
66
66
66
64
64
122
67
106
64
64
111
109
107
123
111
111
107
105
123
123
123
111
111
111
104
105
105
123
122
111
111
104
105
123
122
122
111
104
104
104
67
111
104
98
120
67
67
100
104
104
98
98
120
120
100
100
104
104
120
120
120
100
100
101
101
80
100
100
80
120
120
120
80
115
88
82
80
80
80
91
115
115
88
88
88
82
82
80
80
80
80
80
115
115
100
88
88
88
82
80
83
64
64
65
65
106
106
64
65
106
106
106
106
64
64
65
66
66
106
106
106
106
64
64
64
66
107
107
107
64
111
107
67
111
66
111
111
107
107
107
107
67
123
67
111
67
104
105
67
67
67
104
104
104
105
98
71
67
67
104
104
120
67
67
67
67
104
104
104
120
67
67
67
82
80
80
120
67
67
88
82
82
120
88
93
82
82
82
80
80
80
80
88
82
80
80
91
82
82
80
80
88
82
82
82
80
80
88
88
88
82
80
83
88
88
88
80
80
64
66
66
79
79
106
106
64
65
65
65
66
66
106
107
64
66
66
107
106
65
66
66
66
66
107
64
64
64
67
66
107
107
107
107
107
107
64
66
66
71
67
66
66
104
104
104
67
67
67
104
104
71
71
67
67
67
67
67
104
67
67
67
104
104
98
67
67
104
67
93
93
67
83
71
67
93
82
81
91
93
82
82
82
81
91
91
91
88
82
82
82
82
81
81
80
91
91
91
88
88
91
88
82
82
91
88
88
88
82
82
80
91
88
88
88
88
88
88
82
80
80
65
66
66
66
103
79
107
106
65
66
66
107
64
65
65
65
66
107
106
64
64
64
65
72
107
107
71
66
66
66
107
71
71
66
66
68
107
71
71
71
67
66
66
66
66
107
71
71
67
68
104
71
67
104
71
67
92
92
104
71
71
104
71
71
67
93
93
82
83
81
81
93
93
83
83
81
91
91
93
82
83
83
120
91
91
89
82
91
91
89
82
81
81
81
91
89
82
82
81
80
80
91
88
88
88
89
80
80
91
88
88
88
80
80
70
79
79
79
65
65
79
106
65
65
72
79
107
65
66
66
72
68
107
107
65
66
72
68
107
71
66
66
69
68
107
71
70
69
68
107
107
71
69
69
69
68
104
107
71
71
69
69
69
104
71
71
93
93
93
93
69
104
104
104
93
93
87
81
81
90
93
93
93
87
87
81
81
90
91
93
93
83
83
81
93
82
83
81
90
91
89
89
89
83
83
81
81
91
89
89
89
82
81
91
91
91
89
89
89
82
82
81
88
88
89
82
81
80
88
89
89
82
70
65
65
65
66
72
79
79
76
65
65
65
65
72
79
79
70
65
65
65
107
65
72
72
68
107
70
66
72
72
68
107
70
70
69
69
68
107
71
71
71
68
68
68
107
71
69
69
68
68
93
69
69
68
68
107
93
93
69
68
83
104
92
87
104
90
93
93
93
92
81
90
93
93
92
92
83
83
83
81
90
90
93
89
83
81
81
90
93
89
83
81
81
81
81
91
89
89
89
81
81
89
81
91
91
91
89
89
81
81
81
91
89
81
81
70
70
65
72
72
72
76
76
65
65
72
76
70
65
65
72
72
72
72
70
70
65
65
65
72
72
65
69
72
72
70
69
69
72
72
107
107
70
69
68
68
107
71
71
71
69
68
107
71
71
93
87
87
87
68
68
104
71
71
87
83
71
93
93
93
92
87
87
83
90
90
71
92
87
83
90
90
93
83
83
93
92
92
83
83
91
93
83
83
81
91
93
93
89
89
89
87
81
91
89
89
89
87
87
81
91
91
91
91
89
89
81
87
91
89
89
89
89
89
81
87
70
73
72
72
76
76
70
70
70
72
72
76
76
76
76
70
70
65
76
65
72
76
76
70
69
72
72
76
70
70
69
72
72
68
76
70
70
69
72
72
68
68
76
70
92
92
72
68
70
92
68
83
71
71
92
68
68
83
71
71
92
87
82
71
93
93
93
92
87
87
83
83
90
90
92
92
92
83
83
113
93
92
92
87
91
94
92
87
83
85
91
91
89
87
83
91
94
89
89
86
84
87
87
89
87
87
90
89
86
87
87
81
81
73
73
73
72
65
73
73
70
73
73
72
76
70
69
73
73
76
70
70
69
69
72
73
73
73
76
70
70
69
68
70
69
86
86
70
92
68
68
76
76
92
92
86
86
68
68
76
92
92
82
92
92
87
83
71
95
92
92
87
87
95
94
87
87
83
90
90
85
85
90
94
94
94
87
87
87
85
85
90
94
87
87
84
90
89
86
87
84
84
87
94
94
94
94
84
90
89
86
87
84
70
70
73
73
73
72
72
72
76
70
73
73
73
72
76
76
70
70
73
73
73
76
70
69
69
69
76
76
70
69
75
76
70
69
76
76
74
69
77
76
74
74
69
92
92
92
86
74
74
86
68
92
92
86
86
102
68
68
74
95
92
92
68
95
92
86
68
68
85
85
90
95
95
86
86
84
90
87
87
84
84
94
87
87
84
84
90
94
84
94
94
84
90
86
86
84
84
90
90
94
94
84
84
73
73
73
72
75
75
73
73
72
73
73
73
73
73
76
75
70
73
76
76
75
69
75
75
76
76
76
75
69
92
75
77
75
69
92
77
77
78
69
92
86
69
78
78
74
74
74
92
69
92
86
68
68
90
95
86
86
85
95
86
84
85
85
95
86
86
86
85
94
86
84
85
90
90
94
86
86
84
84
85
90
94
86
85
90
94
94
86
85
85
100
86
85
75
73
75
76
75
73
73
75
76
76
75
73
76
76
79
75
73
73
75
74
75
75
78
74
75
78
78
74
77
78
78
74
74
75
77
77
77
77
78
78
78
78
74
74
69
74
95
77
78
95
95
85
69
74
95
86
86
85
95
85
84
95
94
86
85
84
84
94
86
85
85
84
84
85
95
85
84
90
90
94
94
86
86
85
84
90
90
94
86
86
85
90
100
86
86
85
73
77
77
76
75
75
77
77
77
77
77
77
75
73
77
77
75
73
73
113
77
78
78
77
74
78
75
75
75
78
78
78
78
78
74
74
75
75
78
74
75
75
78
75
75
77
78
69
78
78
74
95
77
77
79
95
95
75
79
85
95
86
85
79
95
95
86
84
90
95
94
85
84
90
90
94
94
94
85
85
84
84
94
94
84
95
94
85
84
95
86
84
84
94
94
77
94
77
77
77
73
94
77
77
77
74
100
77
74
75
78
74
75
78
74
74
75
78
78
78
78
74
75
77
77
79
78
79
79
78
74
74
75
77
75
79
79
79
79
90
74
79
79
95
79
79
79
90
95
94
79
84
90
95
94
85
95
94
94
85
84
95
85
85
95
85
85
84
95
95
95
95
85
85
98
84
94
94
94
77
77
77
77
78
77
74
74
77
74
74
75
78
78
74
75
75
101
78
78
101
78
105
78
78
75
78
74
75
77
74
77
78
78
74
77
79
74
74
79
79
79
79
79
79
90
74
79
79
84
95
79
84
84
85
95
95
95
95
85
84
95
95
95
95
68
79
95
85
