1024
470
333
326
322
322
469
469
470
501
357
357
466
506
500
500
329
321
323
464
510
510
500
304
329
358
358
358
465
511
498
274
276
431
431
511
409
413
413
306
277
277
276
426
431
428
408
408
409
285
285
427
276
426
428
408
415
317
317
285
286
427
429
201
415
299
297
318
314
314
286
286
242
242
241
201
207
299
93
92
107
110
251
299
95
107
106
110
250
250
215
95
86
87
106
250
156
90
87
48
48
49
245
157
157
153
90
82
83
6
49
34
253
157
152
152
152
665
664
665
83
4
34
174
174
155
154
152
664
663
2
35
35
154
663
2
1
1
9
165
154
144
144
671
670
658
659
8
9
165
147
151
671
659
659
0
8
10
161
151
146
334
334
335
333
335
333
326
327
327
327
357
475
479
475
469
469
470
507
470
507
506
501
501
500
335
333
333
326
326
322
326
323
357
479
479
469
464
470
464
471
507
510
507
506
506
501
501
501
500
335
331
331
329
321
356
323
358
479
479
466
464
464
466
510
510
499
498
498
498
304
304
307
321
321
356
358
478
478
477
466
465
465
465
511
511
508
412
498
413
304
304
306
307
307
307
274
277
277
276
477
478
426
465
430
511
409
409
409
412
412
413
305
306
274
274
277
276
276
426
430
428
431
431
409
408
408
412
414
413
415
415
297
297
306
306
317
317
274
285
284
277
280
280
427
427
427
428
429
429
429
429
419
408
410
410
415
414
415
297
318
317
314
285
285
286
281
280
424
427
424
425
240
240
200
200
202
299
299
298
298
318
318
314
286
287
281
282
251
242
242
243
241
240
241
201
201
240
203
203
202
203
299
93
315
315
104
281
107
107
106
251
251
242
241
241
241
195
201
203
207
207
207
95
93
92
92
93
92
86
104
104
107
104
110
250
250
244
195
244
244
195
195
215
88
89
95
95
86
106
107
49
49
49
51
252
249
253
245
245
245
156
214
215
214
215
215
88
90
95
94
94
87
87
87
48
49
253
253
245
253
245
156
156
215
153
90
90
82
83
6
6
48
51
34
253
171
174
157
157
156
152
152
153
665
664
665
82
82
81
83
80
3
6
7
4
6
51
35
171
174
175
159
154
155
664
665
665
663
83
3
2
3
4
4
34
35
35
35
164
175
165
165
159
144
154
155
145
670
663
663
658
2
4
9
9
4
10
164
10
164
165
164
151
149
144
144
145
660
660
660
663
658
0
0
1
8
9
9
10
164
161
161
161
151
151
150
144
147
671
671
660
658
660
661
659
659
0
0
14
14
8
8
10
10
161
151
150
147
146
146
147
671
659
327
327
507
334
334
335
332
326
354
357
475
475
475
472
468
469
471
471
471
507
506
503
503
502
502
334
330
335
332
333
324
324
323
324
322
355
357
359
479
472
468
466
471
505
505
503
502
330
330
329
321
322
320
356
356
359
478
476
476
476
477
467
467
464
508
508
497
496
496
331
331
329
331
329
320
323
359
478
477
477
467
465
508
509
499
499
496
413
305
305
307
307
308
308
275
275
321
278
278
477
430
430
430
431
417
508
411
499
406
305
306
305
308
275
279
278
430
425
428
416
419
411
411
414
406
297
296
317
316
275
278
426
425
418
419
419
419
410
414
297
296
296
316
316
314
312
284
287
280
280
425
425
429
419
240
200
200
202
202
298
318
319
315
319
312
312
287
287
281
281
282
424
282
282
424
243
243
240
193
202
202
206
207
75
93
315
315
104
281
109
110
111
251
243
243
192
201
203
203
206
89
89
93
92
86
105
105
106
111
110
250
248
251
248
249
249
246
195
246
246
195
194
214
88
89
89
89
94
86
104
105
50
50
248
248
249
244
244
194
214
213
213
88
88
91
91
94
82
84
84
120
48
54
50
252
252
247
247
157
172
156
214
91
91
81
81
7
120
7
7
54
48
51
252
171
171
169
175
158
153
153
667
666
80
80
80
7
5
7
5
53
34
171
171
175
173
173
158
155
153
664
667
666
666
80
3
3
2
5
33
174
175
159
148
159
155
667
667
669
666
662
657
657
1
3
1
5
33
166
166
166
165
149
149
145
145
670
670
669
661
657
656
14
13
13
11
11
39
39
162
149
149
147
671
670
668
661
661
658
656
657
656
14
14
13
11
11
161
11
160
160
160
150
150
148
150
146
148
146
160
342
332
343
324
332
325
324
325
327
325
354
354
355
352
474
473
473
473
462
471
505
505
504
504
504
488
502
503
488
502
342
325
354
355
355
353
475
472
472
472
468
468
505
504
503
503
496
497
330
328
330
328
328
320
355
353
359
476
476
467
467
453
458
456
508
509
509
499
497
496
330
331
328
328
320
320
380
356
359
476
467
456
456
509
509
499
509
497
497
496
497
350
309
350
308
273
380
380
359
278
422
422
456
421
417
411
385
387
406
305
303
309
309
308
275
275
273
279
279
422
422
421
417
411
411
414
406
309
303
309
311
272
272
279
279
423
425
418
417
410
410
407
407
296
296
301
300
319
316
316
312
284
283
283
283
423
418
420
231
418
193
193
193
200
204
206
407
298
298
312
312
287
283
283
424
229
229
192
193
193
206
206
75
74
319
319
312
287
105
108
111
111
228
229
229
246
192
194
197
75
94
85
85
105
105
108
111
111
228
109
248
249
249
246
194
194
213
194
213
205
75
78
84
85
120
55
50
255
254
254
247
247
210
210
211
211
213
88
91
70
91
84
121
120
54
55
50
252
254
254
247
247
172
172
210
209
209
212
641
81
81
84
121
31
53
54
55
32
170
168
168
173
172
172
158
158
143
641
642
81
28
5
32
62
170
170
170
170
169
173
158
143
143
641
667
666
662
80
31
5
5
33
32
33
33
175
159
145
143
667
669
669
31
662
657
15
13
33
36
36
37
166
166
166
167
167
149
145
668
669
662
657
31
23
15
13
13
36
39
163
163
148
148
128
668
668
668
661
668
657
656
23
15
23
15
12
11
39
38
163
160
163
162
162
162
129
128
128
150
129
342
342
332
360
354
352
352
474
473
474
474
473
462
505
459
485
504
489
489
488
342
340
343
325
349
354
353
352
473
458
458
459
459
489
488
490
340
340
351
320
351
355
381
353
353
353
452
452
452
458
458
457
486
486
497
340
341
351
349
380
383
453
453
457
457
457
486
491
490
303
309
302
350
351
381
380
383
453
421
416
456
385
388
385
387
387
303
302
310
310
273
273
279
422
423
421
416
421
416
417
417
388
385
385
407
387
406
387
301
301
303
311
311
273
272
272
259
423
423
423
420
420
416
418
384
384
384
407
301
300
313
311
257
272
259
283
258
420
420
418
446
392
407
204
300
300
319
319
313
284
257
257
258
256
282
228
229
231
231
231
199
199
196
204
204
74
300
79
313
117
117
256
256
109
228
229
230
230
230
192
199
196
204
205
197
75
75
79
85
117
117
108
108
108
109
255
228
230
192
199
197
205
212
85
85
120
120
55
55
50
255
255
236
238
236
219
210
211
211
211
208
68
68
70
84
123
123
123
121
121
121
54
52
55
255
255
254
239
210
209
208
209
140
70
71
71
71
123
121
52
52
61
61
254
168
168
173
176
141
641
641
640
640
642
30
53
63
53
61
62
32
170
169
169
177
141
143
642
642
30
31
28
28
63
63
37
169
169
177
130
143
142
142
643
643
643
669
654
662
654
662
653
31
29
32
36
182
167
167
167
130
129
643
649
653
23
23
22
12
12
36
36
38
163
182
167
131
129
128
649
661
653
22
22
15
12
38
38
163
162
131
131
129
128
339
343
343
325
360
360
367
365
474
455
462
459
485
485
489
488
339
360
360
352
360
367
367
455
452
463
459
487
489
490
350
348
349
361
383
452
453
461
459
486
486
491
490
490
341
350
345
348
349
381
382
452
453
443
457
457
487
491
386
341
350
310
345
345
380
383
376
376
435
383
435
435
440
441
443
441
441
390
388
391
386
387
399
303
341
302
310
261
376
379
434
440
441
441
389
388
384
385
384
301
302
302
289
273
261
261
259
433
440
447
447
446
384
392
395
395
301
313
310
261
258
259
433
440
446
446
388
392
392
394
300
313
257
257
256
258
103
224
228
227
227
198
204
394
205
74
74
79
79
257
256
102
224
227
226
226
198
199
197
205
74
72
79
79
77
76
116
116
102
103
103
230
230
238
199
218
218
197
211
212
212
72
78
77
116
119
119
60
236
236
239
219
219
209
208
208
70
71
125
122
52
58
61
61
236
239
210
208
640
70
53
53
177
177
176
209
140
140
640
71
124
124
52
63
63
62
62
37
168
179
177
141
141
142
142
641
642
644
654
124
30
26
28
29
63
37
46
37
183
182
130
141
647
644
30
28
22
29
46
37
183
182
177
130
142
130
643
649
648
648
653
23
22
17
12
45
38
184
185
131
134
131
129
649
648
653
652
20
20
22
12
45
38
184
184
185
135
339
338
349
365
365
365
367
455
455
462
462
485
489
494
494
342
339
348
361
361
367
454
454
463
463
463
495
492
337
348
381
382
382
366
454
460
461
491
340
345
377
382
383
435
486
487
491
492
492
345
379
439
390
386
292
295
310
381
376
434
434
441
389
386
399
289
271
263
379
259
433
447
447
392
395
289
289
261
259
258
432
433
432
227
389
395
394
291
289
261
269
258
102
103
227
392
78
76
288
116
260
103
227
198
196
212
76
116
119
119
109
224
226
238
223
72
78
125
122
118
119
118
101
237
237
239
218
222
122
60
239
219
219
216
222
70
71
123
122
58
62
60
237
168
140
640
644
125
124
124
26
62
41
180
179
140
647
27
27
46
130
132
141
138
654
30
26
20
29
17
46
183
182
131
648
648
654
20
21
16
45
187
187
185
134
135
132
16
45
184
184
338
349
365
365
366
454
463
485
495
336
337
361
367
461
491
361
382
449
495
347
381
439
443
386
341
347
345
376
435
442
443
391
399
295
271
442
398
294
294
295
271
377
379
432
440
389
291
269
263
433
445
446
393
394
288
288
269
260
102
224
198
205
114
102
225
225
226
218
196
73
77
114
116
119
118
101
216
223
72
72
77
58
101
216
223
77
122
127
239
217
222
67
125
126
127
61
60
60
237
179
176
645
27
59
41
179
176
137
139
647
645
655
655
24
29
46
180
183
178
136
136
643
648
655
17
47
186
185
132
142
653
25
47
45
649
649
652
21
16
44
187
187
185
135
338
338
363
364
462
484
484
494
337
336
361
364
455
484
494
495
340
337
372
369
369
454
461
487
341
346
443
391
391
492
492
295
344
377
377
435
391
292
295
271
376
434
442
389
291
289
447
447
395
398
288
271
432
393
395
290
269
260
224
393
394
288
76
113
226
198
221
114
101
238
218
100
100
237
219
216
126
58
234
222
125
59
41
176
137
139
645
26
59
56
180
179
647
26
57
41
183
178
136
655
47
183
136
651
650
654
16
45
44
187
134
132
651
652
20
16
16
44
185
134
135
338
366
448
485
336
337
366
463
484
347
348
373
449
482
484
493
347
347
372
377
443
390
391
344
390
386
292
377
378
439
442
404
292
270
265
378
262
436
445
389
290
269
260
262
445
446
393
269
263
397
73
260
260
103
225
198
73
76
113
225
220
72
118
100
223
67
126
101
216
222
127
127
56
235
178
645
644
125
57
180
646
646
181
647
647
650
655
25
47
47
186
186
191
136
133
25
17
44
189
135
651
21
21
16
190
339
336
362
363
364
448
481
336
348
363
363
364
368
484
494
495
336
373
369
369
449
461
461
493
344
344
439
483
347
375
375
379
439
439
390
483
399
294
295
375
434
405
398
292
294
264
262
433
445
396
291
270
271
263
444
432
393
397
290
290
288
263
393
268
96
96
238
73
78
77
114
100
225
237
225
232
220
221
73
66
126
114
101
96
217
223
66
127
58
234
235
126
59
59
56
41
222
645
66
56
41
179
137
644
655
27
42
180
191
137
24
17
43
132
650
650
652
24
19
47
43
191
135
21
44
187
190
189
134
364
366
448
448
494
495
373
363
368
481
480
337
373
371
369
368
460
483
493
346
369
460
460
482
493
293
375
374
378
398
399
294
375
375
438
442
445
396
399
270
270
262
444
404
405
290
265
437
444
403
396
397
268
266
262
444
397
69
268
113
113
96
233
113
113
96
233
232
220
73
115
114
112
118
100
232
235
223
66
126
59
234
235
235
217
67
66
127
40
235
139
677
27
57
57
181
178
137
645
27
57
40
181
181
191
137
138
646
677
19
40
186
191
191
646
650
19
186
191
189
132
651
651
652
678
18
19
42
189
362
362
371
371
448
448
481
481
480
373
372
368
449
448
481
346
346
370
460
482
493
346
373
438
482
483
493
344
374
438
404
405
293
267
378
378
405
398
293
293
265
436
436
445
290
270
265
436
444
396
68
266
437
437
400
403
397
268
268
233
403
221
69
69
65
96
232
232
221
221
69
65
66
115
100
234
220
67
97
97
234
217
223
67
67
676
56
40
234
138
676
25
57
40
181
139
679
677
25
43
136
679
24
42
43
186
133
133
133
646
678
678
25
43
189
189
677
21
18
19
44
42
190
562
562
370
480
480
562
362
370
450
449
481
481
480
480
373
372
370
368
564
564
374
371
371
451
483
613
293
267
371
404
451
293
267
264
265
374
438
438
405
575
267
436
404
396
575
264
265
267
437
401
400
266
267
402
402
68
65
268
266
437
403
403
221
65
115
112
99
97
233
233
69
65
115
112
97
233
220
64
64
115
115
99
97
217
64
64
98
178
139
686
98
98
40
138
740
679
676
24
181
744
138
679
679
18
42
744
677
678
678
19
678
18
190
188
188
188
188
362
563
558
450
621
610
562
563
563
370
450
610
564
563
559
450
610
610
564
564
374
549
451
450
613
565
565
551
551
451
405
615
565
264
264
545
545
401
613
615
569
572
544
401
401
400
615
569
541
540
267
401
401
568
568
540
540
437
402
402
402
65
541
541
540
540
546
400
112
752
752
753
753
65
99
97
753
115
99
726
741
740
734
99
98
726
741
740
686
676
676
734
98
723
745
742
740
679
676
745
745
742
672
722
745
744
738
738
673
722
721
745
744
738
673
721
746
744
560
560
558
558
556
621
621
560
558
558
556
611
563
549
556
556
557
621
621
565
556
556
610
565
551
551
551
545
451
612
612
613
574
572
550
550
612
615
572
572
550
544
545
612
568
569
569
544
615
541
544
544
546
546
400
540
540
546
400
753
680
541
546
752
683
683
680
543
755
683
681
543
727
726
726
741
740
681
727
743
687
686
686
734
723
742
743
742
687
687
734
723
742
738
673
672
733
723
745
744
742
675
672
733
733
721
746
751
673
673
733
733
721
721
721
746
746
738
736
560
560
553
558
557
621
611
561
563
553
553
559
557
621
611
562
552
559
557
620
608
566
566
574
574
559
622
622
620
609
565
574
573
551
550
616
574
572
550
547
612
570
568
568
571
572
529
550
547
547
613
569
529
529
537
547
547
614
615
570
569
529
537
614
685
543
539
618
755
683
680
543
539
618
618
753
755
755
683
680
538
538
539
727
752
682
681
543
724
682
734
734
728
724
743
743
741
687
687
686
686
727
741
741
687
735
727
747
672
735
723
720
751
750
738
673
672
720
720
750
750
675
672
732
733
720
747
747
750
736
561
561
553
553
557
609
557
620
608
561
559
559
559
622
608
608
575
552
548
549
549
548
622
622
571
575
573
530
548
547
616
601
609
570
571
530
545
613
601
570
571
528
528
529
537
619
685
570
528
528
529
539
537
619
754
516
536
536
618
614
755
683
516
623
539
539
753
754
682
680
535
538
538
756
755
680
535
538
724
743
753
731
730
724
724
764
764
757
757
731
730
728
727
725
743
743
757
695
735
717
725
747
736
674
695
735
735
735
725
736
674
675
694
717
747
747
736
675
675
694
694
732
720
750
609
561
561
552
553
631
633
620
609
552
555
631
609
566
566
631
630
620
608
567
566
552
623
616
608
575
573
548
630
617
616
616
575
573
549
530
617
601
570
571
571
528
530
537
619
601
533
531
537
614
532
531
754
684
516
533
536
536
542
614
614
754
697
535
536
542
542
754
535
542
543
764
756
682
697
729
764
756
756
756
682
692
730
729
765
766
757
693
731
730
724
757
674
693
689
730
714
725
765
757
674
717
749
749
737
674
694
732
749
749
750
694
732
720
716
749
748
737
555
633
635
611
594
852
555
555
631
633
635
611
567
566
555
633
638
623
623
567
567
554
631
630
567
554
636
630
630
628
617
518
521
628
617
600
521
532
530
531
617
601
601
533
532
619
619
584
601
600
684
516
533
533
531
531
533
532
532
542
584
684
697
535
584
759
758
697
684
697
534
534
535
729
709
766
759
697
696
697
729
764
766
759
692
731
763
693
695
731
729
725
725
765
767
763
693
693
693
714
715
765
767
688
689
732
714
765
690
688
689
717
716
748
749
737
688
689
717
717
716
716
748
748
852
555
857
857
633
632
634
634
633
635
634
594
593
593
852
852
554
633
635
638
593
567
554
636
617
519
554
636
603
603
518
521
521
636
628
629
520
628
600
517
517
520
520
525
531
619
584
520
627
624
584
584
585
684
684
534
526
619
758
758
698
534
704
627
709
587
759
759
762
696
698
534
729
709
766
762
704
709
709
763
762
695
728
728
729
715
765
766
766
763
695
715
767
767
692
731
705
714
767
767
692
688
688
705
714
715
713
713
751
761
690
690
688
688
719
719
719
718
748
751
737
690
689
718
716
748
737
853
857
857
856
632
594
593
854
632
635
634
593
852
637
637
638
593
519
523
636
639
635
592
519
518
523
525
636
639
628
629
629
603
519
519
518
518
522
523
523
639
603
519
518
628
626
629
517
517
525
626
626
585
600
512
526
585
517
512
512
526
585
758
698
512
526
587
585
758
762
696
704
709
759
696
698
699
760
702
702
707
706
711
708
761
763
702
706
705
711
708
761
705
712
712
761
780
780
714
712
713
751
691
690
718
712
713
974
739
739
691
997
719
718
974
974
739
853
855
857
632
632
634
594
595
853
852
857
638
856
632
638
595
592
592
854
856
637
639
639
606
514
854
637
639
603
592
592
514
522
523
525
629
603
602
602
514
522
522
523
525
626
629
602
873
514
515
527
527
626
515
512
526
627
624
583
758
580
517
700
527
526
627
587
585
580
700
699
580
698
704
705
627
760
581
580
699
705
710
710
708
760
703
699
706
711
708
760
761
763
703
703
706
706
975
761
761
703
703
780
711
711
973
692
997
719
713
975
780
997
997
718
974
974
691
780
718
718
855
859
856
872
872
872
594
855
854
855
858
872
595
595
853
854
858
856
889
889
872
853
853
858
861
595
854
858
524
624
606
522
524
624
606
602
514
514
522
525
625
625
606
582
602
515
515
524
625
577
582
700
515
527
527
577
583
583
794
527
576
582
700
793
793
710
627
581
581
580
701
699
704
704
587
587
701
701
699
710
710
711
708
581
707
706
763
703
703
702
970
702
707
973
971
971
969
782
781
781
992
997
997
998
973
971
968
969
975
968
691
691
981
997
996
996
975
968
739
855
855
859
859
598
596
850
859
597
596
596
596
850
851
859
889
890
597
596
595
599
849
849
858
889
604
597
605
849
624
605
861
524
893
625
625
604
606
606
605
861
515
861
524
893
577
583
792
795
795
577
579
583
582
582
787
793
792
576
579
700
793
794
797
797
576
576
579
701
793
794
797
963
970
581
701
785
785
707
966
963
702
707
964
967
961
961
970
970
970
969
707
967
971
971
783
998
973
971
969
992
998
973
972
975
969
993
993
996
972
983
969
996
996
1001
975
968
850
860
888
873
873
598
596
850
851
859
860
883
888
597
598
850
888
890
597
599
860
888
889
890
890
607
848
849
862
861
890
604
607
607
607
605
605
848
862
892
787
862
893
893
577
578
583
793
863
893
577
578
787
787
792
795
795
795
893
579
792
795
795
576
579
582
792
794
579
785
798
798
797
990
783
785
798
966
979
785
966
967
961
961
979
783
781
779
964
967
967
961
961
979
976
969
783
783
781
779
992
781
992
973
963
782
993
993
993
973
972
982
782
993
993
994
996
1001
1001
972
982
982
851
860
882
883
814
873
598
599
851
883
888
598
851
851
833
860
883
597
599
848
848
849
860
604
607
607
849
889
892
892
590
838
862
863
894
586
605
838
838
839
862
863
894
892
625
588
839
839
862
829
578
787
893
578
786
784
801
801
990
786
787
990
786
786
785
798
799
966
960
979
989
798
964
960
978
978
783
778
798
966
960
960
685
783
778
778
964
783
779
1003
963
977
976
976
778
1003
963
963
977
983
983
782
995
994
994
1001
983
983
782
995
994
994
982
982
846
865
865
865
832
882
865
599
832
833
869
873
591
833
883
883
869
591
591
590
833
863
604
586
590
838
863
892
894
586
590
838
839
806
586
588
588
837
806
806
829
829
578
588
837
784
835
796
806
988
837
787
784
796
796
824
825
990
990
988
799
796
824
989
988
790
791
799
796
824
824
989
989
789
790
791
799
960
978
978
791
967
978
976
788
778
1002
1003
1007
964
965
977
991
779
1003
1000
1007
962
977
776
776
779
1002
1002
1006
962
962
981
995
995
1000
962
981
983
995
1000
1001
962
846
846
882
882
891
891
865
865
941
846
882
880
880
891
864
865
832
833
880
880
591
880
869
868
591
591
836
863
869
867
590
590
836
839
871
894
586
589
836
837
836
821
829
831
589
837
835
806
829
831
784
825
825
829
831
589
784
796
825
828
828
988
815
824
990
789
790
790
799
815
989
789
791
799
815
815
960
984
984
989
788
788
791
1003
965
976
991
788
774
1002
965
977
977
991
991
777
1002
1002
1007
981
991
1006
980
776
776
769
1000
1006
1018
980
980
776
1000
981
980
847
847
881
886
891
891
941
941
846
881
869
941
841
832
834
869
868
868
864
841
832
834
881
881
868
866
833
835
867
866
836
835
871
870
870
589
589
836
870
821
831
589
837
844
835
835
831
589
804
805
814
807
825
825
828
828
988
804
805
807
830
805
800
814
814
814
826
827
830
789
790
805
815
827
985
789
788
791
985
985
774
774
815
984
985
777
770
965
965
991
777
770
770
771
1003
1006
1018
1018
769
1003
1005
1006
1018
1018
981
776
769
768
768
771
1016
1018
1022
768
771
771
1005
1006
1016
980
1022
847
887
886
886
941
941
847
847
847
886
886
864
940
940
941
843
843
881
940
834
868
940
943
840
834
871
866
943
841
844
844
871
871
866
943
844
844
844
870
870
821
821
942
807
810
808
870
820
807
808
828
831
804
805
809
820
830
830
804
805
809
826
722
804
791
800
800
801
827
827
830
830
789
772
801
801
1012
984
987
712
774
1012
1012
1013
777
770
774
1013
984
987
777
769
1005
1019
985
769
770
771
771
1016
1021
1022
1022
1005
1017
1017
776
1005
1016
1017
1017
1023
1023
887
887
887
891
881
887
884
843
874
885
864
937
843
875
867
867
939
841
840
845
875
871
867
867
867
939
841
840
834
821
840
810
813
813
807
808
820
943
943
942
811
808
813
813
820
820
942
811
808
722
800
801
826
822
804
773
809
1012
826
827
773
774
826
827
987
772
772
987
987
772
775
775
775
1013
1013
1013
1011
985
819
770
1019
1017
1021
819
1005
1007
1017
1021
1020
1022
768
768
913
1004
1021
818
1004
1007
1016
1020
842
842
879
884
884
895
895
894
937
842
879
884
885
895
937
937
842
843
874
879
879
939
843
874
875
875
939
939
841
875
908
938
840
845
938
939
956
845
909
942
957
957
845
810
810
813
813
957
956
812
822
811
811
812
812
979
822
822
956
802
809
809
822
802
800
916
823
823
986
987
773
773
802
916
1012
1011
772
1019
1019
1011
1011
775
1019
1019
1011
1011
819
775
1020
775
1004
1020
818
1007
919
1021
1020
818
818
913
1004
1021
1020
878
887
884
895
954
876
878
878
895
895
875
885
885
885
937
513
843
885
909
937
513
874
908
908
909
909
938
513
874
810
908
909
513
845
810
909
934
934
845
811
812
934
930
930
957
957
956
809
823
811
812
823
822
773
802
916
916
986
802
917
1009
986
986
803
916
927
926
986
914
927
1010
1008
819
819
914
918
918
1010
1010
1008
819
1004
919
1008
818
913
913
919
924
1023
722
919
1023
954
876
521
936
876
876
878
521
945
936
876
877
936
936
979
878
879
879
908
955
911
911
938
955
910
938
931
959
905
933
931
959
959
899
905
905
905
905
934
931
931
930
957
959
934
959
898
905
930
896
896
926
823
956
896
917
916
926
803
926
1008
803
912
914
927
1009
1009
912
914
927
927
924
1009
1008
803
927
1010
817
817
913
915
918
918
924
1010
817
817
913
918
918
1010
817
685
919
919
924
877
944
946
936
954
521
944
945
945
945
945
946
954
877
944
946
954
877
877
1015
944
932
933
951
958
932
911
911
910
932
932
933
933
931
958
959
911
910
938
955
899
899
931
899
899
905
930
934
929
930
956
896
907
907
928
896
896
917
907
926
897
917
926
928
803
897
914
1009
816
803
915
925
922
816
817
912
912
915
922
925
924
1009
912
915
921
902
915
922
921
902
919
921
921
1015
1015
947
1014
949
949
946
877
1014
945
945
946
958
681
951
953
911
932
955
910
951
958
955
952
999
933
950
950
948
899
910
910
935
933
935
935
929
948
948
898
904
898
935
928
929
929
816
949
906
907
897
906
906
928
816
897
897
906
922
816
901
897
925
901
897
915
923
921
900
922
923
902
923
925
921
900
900
902
903
923
923
695
921
1015
1015
1014
947
947
947
946
999
947
953
953
947
953
953
952
999
951
953
952
952
1014
999
951
1014
999
1023
950
950
952
951
958
952
904
948
904
999
950
948
904
935
949
949
898
935
929
898
928
929
816
949
907
907
920
901
906
920
920
923
901
901
902
903
925
920
900
900
903
903
623
1015
903
925
