2048
617
883
881
892
893
633
633
617
759
909
910
633
738
767
764
876
891
891
610
614
615
765
869
876
897
896
900
610
613
747
969
901
553
553
613
681
677
677
802
966
966
964
565
552
553
683
680
681
978
979
565
965
564
563
682
675
820
821
978
980
565
563
471
674
817
822
823
990
991
980
981
413
466
467
470
452
816
204
206
129
135
412
816
207
133
134
135
414
409
374
201
222
222
133
411
379
195
221
109
111
111
394
366
379
375
218
213
219
11
107
81
398
367
382
382
383
1927
1926
1926
213
14
81
360
362
317
380
382
1925
1944
7
82
83
316
1947
6
3
3
19
345
310
311
315
1931
1931
1938
1942
29
17
345
311
311
1929
1943
1943
1
17
22
339
306
312
874
875
874
873
873
882
882
887
893
892
909
910
911
911
629
633
616
616
617
737
738
759
758
766
872
877
883
894
881
894
894
899
909
911
634
634
623
620
622
619
617
739
736
738
738
759
767
757
767
877
870
876
876
889
899
888
896
910
906
634
623
611
622
614
746
744
765
765
765
869
868
865
890
890
898
900
900
632
637
611
610
612
613
614
614
744
747
747
676
869
869
866
867
867
867
968
969
897
901
903
566
566
567
553
613
680
747
681
678
679
677
815
812
968
969
967
966
964
565
566
561
555
557
558
683
683
685
678
679
675
673
819
815
802
803
802
978
970
970
967
966
965
961
574
560
560
560
562
560
557
556
558
682
687
683
675
674
674
823
821
821
988
978
979
977
983
965
574
575
562
563
466
469
469
456
459
817
816
818
818
821
820
991
981
981
980
575
412
429
413
429
466
468
465
471
471
465
458
459
459
453
816
205
991
990
129
983
129
132
134
412
415
415
466
467
465
474
470
455
453
452
455
192
204
207
207
204
207
223
131
130
131
130
135
410
415
409
475
475
477
475
473
374
193
193
201
201
223
133
131
111
110
110
110
411
409
395
395
475
394
376
373
373
372
375
374
195
192
218
200
222
221
220
221
109
106
399
399
395
392
395
377
379
373
370
194
195
211
221
11
10
109
106
81
399
393
367
367
379
378
383
381
383
1927
1925
1926
213
212
215
213
215
7
11
9
15
14
107
83
398
361
365
364
380
380
1924
1925
1926
1944
215
5
6
5
14
13
80
83
83
82
362
363
363
363
365
316
316
317
319
1930
1947
1945
1945
6
15
18
18
12
16
347
16
347
345
344
310
309
319
315
318
1946
1947
1946
1947
1942
1
1
3
29
19
18
23
347
339
338
338
306
306
311
318
314
1928
1929
1939
1939
1938
1939
1943
1943
0
1
28
29
29
17
22
22
339
306
305
315
313
312
314
1929
1941
886
885
737
875
874
873
882
886
923
909
908
627
629
629
630
628
618
618
618
736
737
759
753
757
756
875
878
879
873
881
880
881
895
884
893
922
904
905
907
629
631
621
621
619
741
754
752
879
871
889
889
895
889
899
904
907
636
634
637
639
636
620
635
621
739
745
760
764
763
871
870
865
865
890
972
899
897
900
639
637
611
609
615
750
746
761
763
677
868
871
866
867
807
890
972
972
974
975
902
902
566
554
554
555
559
745
684
748
679
813
803
864
800
970
962
961
567
569
554
554
557
687
686
672
673
814
813
801
801
971
961
569
561
551
557
548
548
559
685
815
819
825
803
829
988
986
976
976
960
574
571
571
563
549
469
471
456
457
457
818
822
829
989
829
987
984
977
982
983
982
573
574
572
573
572
429
431
465
461
456
459
451
453
247
204
989
991
129
983
138
139
139
412
429
431
478
458
455
454
455
197
197
205
206
186
131
143
133
138
139
411
408
414
415
405
404
406
477
479
476
474
472
373
193
197
197
199
202
222
185
184
101
100
410
409
405
407
477
473
369
371
374
194
199
198
218
201
219
219
217
185
108
103
101
411
392
393
390
366
353
376
371
195
211
212
217
11
190
10
10
109
107
107
399
397
397
393
367
352
381
370
1922
1920
214
214
217
8
8
9
14
105
81
396
397
361
354
353
381
317
383
1925
1922
1921
1921
215
4
5
6
13
87
360
364
364
303
364
289
1923
1923
1935
1921
1950
1945
1950
3
5
2
13
86
346
346
347
345
309
308
319
319
1931
1930
1935
1951
1950
1941
31
30
18
21
20
88
89
337
309
309
315
1931
1928
1933
1936
1937
1939
1940
1941
1941
31
30
20
22
21
339
23
337
337
337
307
307
305
305
314
305
313
336
837
837
836
887
882
886
885
886
884
884
922
921
926
926
626
625
631
630
607
618
742
743
742
743
754
755
752
753
752
756
833
884
923
904
922
905
626
627
624
631
631
620
740
740
755
752
762
760
856
878
859
854
854
895
918
905
906
639
638
635
609
638
597
608
741
741
750
748
760
762
857
871
859
855
855
918
918
898
903
638
637
594
609
745
751
748
750
748
763
763
761
858
865
858
807
973
975
975
902
902
520
535
609
551
559
751
749
749
702
813
814
812
806
805
971
974
973
962
963
568
534
550
551
687
684
685
673
803
808
805
805
971
962
963
961
569
569
548
544
686
687
697
672
814
824
824
809
830
800
828
987
977
962
992
570
570
549
571
430
548
460
461
460
456
448
448
672
818
825
987
985
985
995
992
571
428
430
469
461
463
449
449
246
245
831
830
985
985
128
143
139
136
425
424
431
479
479
473
450
247
203
202
187
186
142
143
136
137
427
136
405
407
405
406
479
472
511
451
511
498
247
199
202
202
186
103
100
400
401
404
391
477
486
485
508
509
511
196
198
253
199
216
188
185
99
102
102
400
384
400
388
389
390
353
485
369
369
371
1957
210
209
217
191
38
96
104
103
105
397
389
386
355
352
353
377
368
289
1957
1959
211
38
8
105
105
396
387
387
361
355
354
377
288
289
1957
1922
1920
1949
209
39
8
13
86
85
86
87
354
354
295
294
1922
1935
1934
34
1949
1948
27
26
85
84
85
87
349
349
348
350
350
303
296
1933
1932
1948
1951
59
59
27
24
20
90
88
349
340
302
296
296
1933
1932
1933
1936
1932
1937
1937
58
27
56
31
25
20
89
91
342
342
343
341
341
342
298
297
297
304
301
835
837
838
921
927
925
926
626
625
626
624
578
579
742
607
733
743
755
755
713
833
833
837
853
853
922
927
926
625
583
597
597
605
754
713
713
856
859
854
852
853
916
917
917
914
924
580
582
581
595
597
598
729
729
760
859
857
854
919
913
915
583
595
592
596
599
728
717
715
863
806
810
849
848
919
912
915
542
540
594
598
750
693
695
703
702
809
810
806
799
1005
975
1023
534
535
542
550
540
545
545
545
693
692
695
701
702
700
701
809
809
810
804
805
973
1005
1007
993
532
533
532
533
547
551
692
692
694
699
701
827
826
830
799
1002
986
993
993
531
528
546
546
653
698
697
448
826
825
829
831
987
994
984
995
994
992
573
425
424
431
421
464
462
463
463
448
450
245
826
241
830
181
180
995
998
136
425
427
423
423
422
478
463
481
451
498
450
247
246
241
181
186
178
143
141
141
137
402
426
427
487
483
484
498
511
203
187
184
179
99
100
100
402
403
403
444
389
487
487
509
509
508
510
252
253
208
208
189
235
189
191
191
191
98
98
103
400
402
401
388
487
369
510
290
291
253
211
239
209
188
190
97
99
125
123
384
385
389
359
357
288
1958
1957
1958
1959
1953
35
124
125
125
122
126
93
387
387
359
359
282
289
1952
1953
35
34
39
38
127
127
92
326
325
351
303
295
293
293
1955
1954
1952
1935
1983
1949
1971
1949
1973
39
37
85
93
334
349
350
351
298
299
1954
1980
1972
58
59
57
26
24
79
91
90
343
334
348
302
299
299
1981
1951
1972
56
57
27
25
78
89
342
341
269
301
301
297
835
839
838
838
920
925
952
956
581
576
606
605
733
732
710
711
834
921
921
924
925
953
953
581
583
606
606
731
711
713
861
853
916
917
953
582
593
603
605
729
731
716
715
715
862
850
849
850
850
912
914
520
593
593
599
599
717
715
718
862
861
798
848
798
1004
915
1022
1023
520
915
522
520
542
541
592
593
541
598
689
690
719
702
703
811
863
806
798
1006
1021
1020
532
540
540
536
654
692
694
694
699
811
810
808
783
1006
1006
1007
1023
530
543
547
544
652
694
698
699
700
827
774
799
1003
998
531
529
539
546
653
653
698
662
696
826
781
774
1003
995
999
150
419
419
421
420
462
499
696
496
245
245
243
242
1002
998
149
418
420
423
422
481
480
499
496
244
255
241
241
243
181
180
183
141
150
151
427
423
445
482
483
482
483
485
497
497
255
240
232
177
178
179
121
402
447
444
486
485
505
509
504
252
238
162
189
99
119
123
123
384
391
357
505
1956
253
96
125
358
359
357
290
291
290
1958
239
163
162
97
127
124
95
94
94
386
324
325
281
281
294
292
1958
1953
1961
1971
163
35
33
37
37
127
93
92
93
326
324
282
281
1961
1960
35
33
63
36
74
90
334
334
350
282
292
293
1954
1980
1983
1983
1972
59
62
55
24
79
79
335
269
268
270
299
298
1981
1983
1972
1974
61
62
57
25
79
78
333
340
269
300
835
839
847
957
957
956
954
576
578
578
585
733
711
710
709
832
839
846
946
959
953
577
580
579
604
606
711
706
843
851
917
913
933
954
583
584
603
712
857
795
942
913
932
521
729
731
717
718
714
792
1020
521
689
690
788
796
797
1004
1022
532
543
539
690
691
665
782
1006
1016
1021
1021
530
546
654
699
669
782
783
1001
999
530
529
529
528
421
655
668
670
779
781
1003
773
998
149
148
421
661
242
242
775
183
997
150
419
483
495
496
232
183
176
178
141
418
446
445
503
254
254
235
182
176
178
140
145
446
437
447
492
506
177
121
447
492
493
504
506
239
238
166
167
119
122
120
385
385
291
1967
1965
160
162
162
43
126
94
326
324
280
1955
32
40
95
283
283
282
277
1970
33
33
63
37
55
73
327
335
267
1982
1977
1973
61
52
54
77
332
332
262
266
265
267
54
76
333
269
845
847
957
958
955
576
605
733
706
834
846
950
952
603
716
950
943
589
709
849
919
525
601
719
862
785
794
943
522
543
601
690
665
797
1005
536
664
784
784
797
797
1017
1020
539
538
662
779
774
997
530
539
652
661
669
779
781
774
996
149
418
481
496
175
149
417
417
445
494
499
249
249
175
183
176
176
151
495
503
255
255
234
118
145
495
507
249
165
167
432
493
505
238
235
161
166
122
121
121
437
437
358
1967
42
117
94
321
356
281
276
1963
1965
1970
1969
45
46
70
327
324
287
285
284
1954
1977
1970
49
74
261
262
270
293
1974
45
75
77
1981
1976
1974
62
54
77
332
332
270
266
845
844
944
958
579
734
735
708
845
844
958
959
576
735
709
706
833
846
949
932
933
577
602
730
862
850
601
689
724
718
704
796
793
1017
943
522
691
791
785
792
1022
522
538
650
778
782
537
654
668
668
782
1001
529
661
669
776
773
1000
416
661
670
780
242
169
417
481
501
175
146
441
494
144
144
436
492
495
235
119
436
506
161
119
91
357
286
272
1964
42
117
115
323
321
1967
43
112
70
327
287
276
1969
74
331
284
1977
1978
1968
53
74
77
331
270
265
1976
1974
61
53
53
76
263
271
264
845
954
590
735
842
842
954
585
730
860
851
950
589
727
730
705
861
795
939
942
602
726
689
794
600
718
791
941
1018
523
515
650
788
771
1013
1017
1018
515
537
654
778
772
1001
516
537
655
662
775
997
671
251
1001
997
150
417
488
250
233
169
441
488
248
170
145
503
225
165
153
493
507
165
167
114
433
286
1966
1965
160
112
321
1966
1963
328
1963
1961
1969
1969
40
67
72
331
329
261
284
277
40
55
72
258
266
1976
62
53
52
263
835
842
944
946
957
590
587
842
846
951
950
958
934
735
709
707
841
939
933
934
589
603
603
705
795
795
524
724
861
941
943
935
525
524
688
726
665
785
787
793
523
646
666
788
787
787
1018
513
650
663
778
771
771
1016
514
517
662
671
777
777
781
1010
660
773
146
159
443
250
251
233
174
147
440
446
441
435
489
502
249
233
233
174
147
153
494
507
234
167
118
439
432
161
117
117
114
68
491
1966
227
114
68
321
275
1961
1970
42
70
320
285
284
44
46
65
278
1978
1978
1975
45
50
73
65
262
265
60
75
330
263
271
266
947
955
585
586
721
706
949
951
934
734
721
843
949
929
935
934
584
725
705
841
941
600
600
727
705
791
939
941
940
667
665
786
1013
1013
512
515
650
667
664
770
771
1018
514
651
646
776
1010
516
649
649
663
671
769
1010
1009
514
671
250
773
168
169
147
443
171
169
146
441
443
489
251
174
175
171
170
144
435
432
503
236
164
116
439
435
435
491
225
226
165
71
432
273
2016
42
113
115
322
287
275
1965
41
113
71
323
322
278
275
277
1962
2017
47
71
329
261
260
1962
1978
51
331
261
256
265
1979
1979
1975
2025
51
51
64
258
944
945
930
930
590
586
587
722
721
948
947
928
588
586
722
841
840
929
588
727
707
841
939
524
727
725
704
793
936
524
644
647
791
787
1019
1019
646
666
789
789
1015
513
512
651
777
770
1012
516
648
657
229
1010
516
517
649
657
658
768
768
442
657
501
229
229
237
155
434
434
501
500
228
237
236
172
147
439
490
227
153
152
433
491
273
225
226
2021
114
68
439
274
2016
41
113
71
323
272
2016
2017
41
66
278
2017
47
67
66
328
279
279
279
1962
2026
2025
45
65
258
259
2019
60
49
50
73
65
259
1195
1195
931
722
720
1195
945
931
591
587
723
723
723
721
949
938
931
928
1177
1177
938
937
929
526
725
1329
790
786
937
641
645
790
1014
1014
1013
937
512
512
646
1178
1009
519
644
671
1179
770
1015
1009
519
643
649
1011
1008
658
658
231
230
769
1011
518
656
657
501
231
172
159
154
155
442
442
229
231
173
171
155
438
489
224
226
172
173
158
153
491
224
226
157
287
273
2022
157
156
69
274
1480
2018
2020
47
322
1429
274
2019
2018
48
67
1429
2019
2024
2025
48
2025
49
259
256
257
257
257
945
1185
1215
527
1387
1330
1195
1184
1185
931
591
1330
1176
1185
1207
527
1331
1331
1177
1180
936
1206
526
645
1331
1176
1179
1167
1207
645
647
1329
1178
1014
1014
1062
1062
641
1342
1343
1175
1160
1063
641
641
640
1343
1175
1085
1082
1009
643
643
1174
1174
1082
1083
518
659
659
659
230
1085
1085
1081
1083
1060
642
159
1432
1432
1473
1473
231
154
154
1472
173
158
1436
1482
1481
1107
158
157
1437
1482
1481
2022
2021
2021
2021
156
1437
1437
1434
1480
2018
2020
1430
1430
1486
1116
1119
1430
1428
1486
1484
2026
1426
1426
1431
1429
1487
2024
1427
1431
1487
1196
1193
1214
1215
1215
1386
1387
1196
1206
1215
1212
1330
1186
1206
1213
1213
1213
1386
1387
1176
1212
1212
1329
1178
1164
1167
1167
1062
645
1340
1341
1342
1161
1160
1167
1066
1340
1343
1161
1160
1152
1066
1063
1058
1174
1173
1173
1063
1343
1085
1061
1061
1059
1058
642
1081
1083
1061
642
1473
1149
1080
1060
1477
1140
1140
1148
1087
1475
1147
1144
1087
1075
1436
1433
1482
1483
1144
1438
1435
2022
2023
1105
1106
1439
1434
1434
1434
2030
2023
1107
1439
1484
1484
2027
1113
1119
1439
1428
1428
1486
2027
1113
1117
1119
1425
1431
1423
2027
2026
1116
1117
1427
1427
1426
1417
1417
1487
1485
1196
1192
1186
1214
1208
1387
1332
1192
1184
1186
1187
1202
1208
1386
1335
1194
1187
1207
1209
1385
1335
1181
1180
1165
1164
1205
1390
1390
1385
1328
1179
1165
1166
1166
1204
1377
1163
1162
1066
1059
1341
1168
1158
1175
1159
1162
1152
1066
1056
1056
1342
1159
1153
1152
1065
1059
1058
1339
1339
1172
1173
1153
1065
1358
1141
1081
1079
1357
1473
1140
1149
1081
1079
1357
1357
1477
1475
1474
1145
1148
1073
1075
1073
1075
1477
1147
1145
1087
1462
1147
1105
1107
1106
1463
1433
1435
1483
2030
2023
1104
1105
1438
1483
1483
2030
1118
1438
1421
1112
1118
1425
1419
1422
1422
1485
2027
1113
1425
1419
1422
1423
2029
1110
1110
1117
1419
1420
1418
1409
1485
1193
1192
1191
1191
1208
1332
1208
1384
1335
1188
1202
1202
1200
1209
1334
1335
1188
1186
1200
1166
1205
1204
1394
1394
1169
1170
1163
1155
1067
1056
1377
1383
1328
1168
1169
1067
1064
1377
1383
1168
1169
1156
1156
1153
1078
1057
1141
1172
1156
1156
1153
1079
1065
1070
1501
1183
1078
1068
1357
1358
1474
1140
1149
2012
1079
1076
1499
1474
1146
1145
1072
1073
1075
1498
1475
1148
1094
1073
1462
1433
1476
1088
1088
1458
1462
1441
1441
1478
1476
1088
1091
1090
1458
1446
1421
1479
1478
1112
1106
1461
1463
1421
1408
2030
1112
1118
1109
1109
1460
1408
2028
2029
1115
1461
1419
1420
1409
2029
1114
1115
1115
1109
1425
1412
1333
1193
1193
1190
1191
1263
1398
1404
1333
1190
1211
1203
1333
1189
1189
1203
1201
1385
1334
1198
1170
1190
1394
1376
1334
1171
1163
1205
1395
1378
1378
1376
1170
1163
1155
1154
1350
1383
1171
1169
1157
1155
1155
1064
1057
1383
1157
1245
1064
1358
1226
1077
1501
1142
1183
1225
1077
1069
1070
1356
1359
1501
1138
1225
1068
1070
1070
1499
1095
1071
1071
1440
1499
1146
1137
1090
1440
1498
1502
1502
1146
1098
1090
1459
1446
1447
1479
1099
1089
1091
1463
1478
2031
1099
1100
1091
1471
1460
1450
1479
2031
1460
1416
1422
1411
2028
1114
1109
1416
1416
1412
1115
1111
1424
1449
1418
1412
1409
1191
1399
1404
1401
1720
1266
1210
1210
1203
1398
1405
1401
1199
1197
1211
1399
1405
1379
1719
1199
1197
1211
1201
1407
1198
1253
1243
1201
1395
1393
1378
1233
1216
1395
1378
1380
1216
1223
1247
1247
1350
1352
1381
1181
1227
1351
1351
1352
1381
1382
1142
1182
1183
1225
1245
1077
1224
1225
1226
1069
1359
1142
1136
1076
1359
1499
1500
1136
1143
1092
1095
1095
1094
1459
1443
1444
1499
1137
1137
1092
1459
1441
1444
1503
1098
1089
1503
1099
1093
1089
1470
1457
1457
1446
1447
1491
1097
1097
1098
1470
1460
1450
1411
1102
1100
1108
1471
1450
1102
1103
1111
1466
1448
1448
1414
1410
1103
1111
1467
1467
1467
1449
1413
1413
1267
1256
1256
1257
1263
1261
1400
1401
1263
1405
1402
1720
1719
1719
1267
1266
1253
1260
1407
1402
1718
1199
1253
1243
1379
1234
1252
1243
1380
1380
1233
1217
1217
1247
1393
1397
1223
1247
1381
1182
1181
1227
1223
1223
1245
1351
1352
1227
1349
1349
1353
1352
1497
1142
1139
1139
1307
1349
1497
1492
1138
1139
1304
1348
1443
1442
1496
1496
1490
1143
1125
1125
1459
1442
1444
1490
1305
1443
1442
1503
1491
1093
1040
1040
1456
1457
1452
1444
1445
1491
1093
1457
1452
1447
1097
1101
1041
1469
1455
1411
1097
1101
1101
1041
1469
1469
1454
1451
1415
1524
1036
1036
1102
1103
1043
1042
1466
1465
1414
1415
1410
1036
1111
1465
1467
1414
1410
1267
1257
1259
1258
1261
1721
1719
1268
1261
1406
1402
1718
1267
1259
1259
1402
1403
1238
1253
1242
1292
1407
1717
1234
1238
1218
1218
1243
1393
1393
1397
1397
1391
1235
1235
1233
1232
1217
1218
1219
1293
1391
1235
1233
1392
1346
1396
1239
1239
1222
1346
1346
1354
1382
1230
1222
1354
1134
1226
1124
1307
1354
1492
1127
1125
1307
1355
1353
1497
1495
1120
1304
1319
1496
1131
1127
1125
1527
1131
1131
1045
1310
1309
1453
1445
1491
1130
1045
1040
1308
1453
1526
1041
1455
1452
1524
1037
1037
1469
1468
1454
1415
1035
1037
1465
1468
1451
1533
1525
1525
1035
1048
1043
1464
1532
1532
1525
1265
1271
1258
1261
1406
1400
1721
1723
1265
1264
1259
1403
1255
1406
1403
1403
1716
1716
1275
1254
1242
1292
1292
1388
1238
1275
1242
1293
1388
1717
1717
1237
1228
1219
1221
1396
1391
1710
1710
1237
1229
1229
1219
1221
1346
1396
1370
2042
1236
1229
1220
1287
1347
1231
1230
1287
1344
1347
1370
1493
1493
1134
1121
1220
1307
1348
1345
1354
1371
1120
1121
1495
1127
1305
1306
1344
1527
1494
1495
1126
1311
1309
1309
1319
1527
1128
1126
1311
1319
1453
1527
1526
1489
1129
1130
1045
1045
1455
1526
1526
1129
1128
1038
1310
1308
1529
1096
1049
1043
1454
1533
1039
1049
1049
1464
1529
1532
1035
1039
1505
1465
1269
1251
1258
1703
1703
1701
1721
1269
1268
1271
1271
1703
1722
1723
1264
1270
1270
1255
1295
1295
1702
1279
1277
1255
1254
1714
1275
1275
1290
1292
1389
1228
1290
1289
1389
1710
1236
1237
1228
1221
1289
1291
1373
1370
1710
1231
1230
1287
1291
1374
1369
1121
1231
1220
1287
1345
1375
1371
1298
1303
1345
1368
1123
1150
1151
1306
1344
1371
1494
1495
1122
1123
1151
1298
1317
1355
1135
1135
1126
1311
1309
1318
1318
1523
1046
1311
1488
1128
1128
1130
1521
1038
1044
1509
1530
1520
1489
1030
1039
1039
1050
1051
1051
1509
1529
1533
2014
2013
1535
2014
1034
1034
2000
1048
1505
1505
1528
2015
2012
1265
1269
1250
1251
1724
1727
1279
1250
1713
1722
1723
1727
1279
1270
1251
1295
1702
1715
1714
1722
1726
1277
1276
1274
1295
1715
1715
1714
1276
1288
1711
1254
1286
1285
1289
1289
1291
1389
1373
1711
1241
1237
1241
1286
1284
1374
1369
1296
1301
1300
1362
1375
1375
1369
1368
1621
1150
1297
1363
1360
1123
1150
1298
1315
1315
1317
1361
1361
1132
1151
1298
1315
1317
1522
1494
1122
1132
1133
1046
1314
1317
1135
1047
1047
1313
1313
1318
1522
1523
1523
1488
1046
1312
1521
1520
1033
1310
1531
1521
2013
1051
1509
1530
1534
1535
2013
1055
1055
1504
1528
2008
2012
1504
1507
1506
1535
2014
1278
1273
1773
1701
1712
1725
1727
1279
1272
1250
1249
1766
1773
1713
1724
1278
1773
1768
1713
1726
1248
1294
1283
1769
1768
1708
1612
1613
1276
1248
1769
1706
1706
1708
1708
1709
1709
1613
1611
1280
1620
1240
1285
1285
1362
1373
1372
1240
1302
1284
1362
1373
1620
1621
1296
1301
1301
1300
1362
1360
1240
1296
1300
1363
1360
1368
1297
1299
1360
1133
1297
1299
1314
1367
1122
1133
1338
1314
1990
1027
1337
1313
1316
1323
1991
1032
1033
1026
1047
1508
1313
1323
1322
1991
1984
1984
1033
1028
1026
1044
1047
1031
1050
1508
1531
1030
1054
1054
1055
1531
1534
2009
1030
1052
1055
1055
1507
1507
1506
1534
2009
2010
1273
1249
1767
1767
1104
1701
1724
1725
1273
1766
1772
1698
1278
1272
1602
1249
1766
1713
1726
1612
1612
1277
1602
1706
1707
1708
1615
1283
1281
1282
1697
1613
1614
1600
1283
1704
1683
1616
1615
1614
1614
1302
1302
1281
1280
1683
1616
1616
1240
1674
1365
1621
1284
1365
1620
1622
2015
2015
1367
1623
1622
1367
1623
1623
1622
1338
1564
1336
1321
1990
1998
1338
1337
1320
1991
1991
1032
1027
1338
1336
1321
1321
1074
1032
1026
1519
1323
1028
1025
1517
1324
2004
2011
1984
1024
1516
1324
1531
2005
2008
2011
1031
1052
1513
1513
1506
2010
2010
1031
1052
1053
1512
2009
2005
1646
1730
1728
1728
1606
1766
1730
1725
1606
1602
1774
1701
1698
1602
1765
1765
1754
1707
1698
1696
1603
1601
1783
1705
1697
1615
1601
1281
1282
1705
1697
1611
1663
1672
1704
1700
1683
1611
1574
1673
1672
1674
1365
1683
1617
1618
1566
1566
1673
1364
1619
1619
1618
1566
1565
1676
1675
1367
1364
1682
1564
1565
1676
1999
1998
1553
1563
1564
1565
1677
1677
1999
1998
1552
1027
1560
1561
1321
1989
1989
1560
1323
1986
1987
1559
1024
1519
1517
1510
1327
1326
1986
1985
1025
1516
1517
1510
1324
2004
1029
1029
1025
1519
1513
1514
1325
1326
2006
1024
1053
1515
1325
2005
2010
1053
1512
1515
1325
1646
1607
1761
1761
1772
1775
1730
1730
1732
1606
1761
1764
1760
1772
1729
1728
1605
1606
1764
1764
1699
1764
1774
1782
1731
1699
1609
1600
1754
1783
1707
1697
1609
1603
1661
1282
1705
1699
1610
1610
1610
1664
1664
1690
1681
1617
1662
1574
1665
1690
1618
1675
1675
1674
1691
1682
1625
1566
1675
1671
1671
1686
1597
1677
1366
1552
1562
1562
1562
1597
1999
1552
1563
1561
1596
1596
1320
1988
1989
1996
1559
1558
1560
1518
1327
1987
1996
1559
1555
1518
1327
1986
1986
1985
1997
1537
1519
1519
1511
2006
1997
1514
2003
1539
1029
1539
1512
1514
2037
2002
2003
1539
1515
2002
2003
1645
1645
1760
1789
1775
1775
1732
1734
1607
1763
1779
1735
1638
1604
1604
1779
1782
1731
1729
1638
1605
1604
1763
1771
1782
1689
1603
1661
1783
1688
1609
1662
1661
1575
1575
1680
1680
1608
1574
1664
1690
1681
1617
1631
1663
1662
1691
1681
1629
1626
1624
1576
1577
1577
1666
1665
1686
1629
1626
1576
1669
1626
1625
1625
1624
1597
1593
1679
1670
1552
1553
1630
1597
1679
1670
1556
1556
1563
1995
1993
1555
1588
1596
1988
1995
1558
1555
1326
1992
1997
1541
1554
1555
1906
1511
2035
2034
2001
1537
1516
1891
2035
2034
2037
2006
1539
1536
1536
1904
1907
2038
2001
2007
1536
1907
1907
1890
1897
2038
2002
2007
1647
1790
1789
1789
1733
1733
1647
1645
1644
1788
1789
1729
1733
1735
1734
1639
1644
1763
1735
1604
1771
1740
1743
1639
1663
1771
1688
1687
1638
1608
1657
1660
1770
1689
1687
1657
1631
1657
1575
1575
1671
1690
1685
1631
1570
1572
1577
1667
1631
1573
1665
1686
1629
1626
1595
1666
1666
1669
1629
1630
1595
1593
1086
1557
1627
1627
1589
1590
1679
1678
1669
1668
1557
1540
1589
1590
1594
1993
1995
2043
1589
1590
1594
1599
1558
1905
1588
1599
1992
1994
1541
1538
1891
2032
1995
1538
1905
1904
1906
1896
2047
2007
2041
1890
2037
2039
1549
1890
1897
2039
2039
2001
2001
1790
1791
1791
1775
1763
1791
1787
1633
1649
1791
1741
1739
1639
1762
1780
1781
1741
1639
1636
1656
1660
1770
1780
1781
1781
1740
1637
1636
1660
1689
1636
1570
1583
1583
1628
1572
1667
1685
1685
1684
1568
1581
1582
1582
1667
1692
1684
1568
1573
1086
1586
1591
1593
1669
1557
1584
1591
1594
1593
1678
1585
1585
1592
1678
1995
1540
1540
1887
1887
1540
1908
1909
1908
1599
1598
1599
1874
1994
1551
1905
2032
2036
2045
1551
1891
1898
2037
2047
2041
2041
1911
1911
1911
1889
2047
1549
1889
1898
1897
2040
1634
1634
1649
1787
1787
1777
1777
1776
1738
1634
1649
1784
1786
1777
1738
1738
1633
1633
1648
1651
1651
1741
1633
1648
1658
1762
1740
1742
1637
1658
1816
1743
1636
1658
1743
1742
1640
1656
1817
1684
1641
1641
1659
1570
1571
1581
1581
1641
1640
1582
1692
1569
1569
1580
1582
2043
1692
1693
1643
1587
1591
1595
1693
1587
1586
1579
1694
1695
1886
1887
1543
1584
1586
1865
1579
1874
1542
2032
2033
1875
1875
1909
2033
2033
1875
1874
1542
1909
2044
1908
1888
2045
1550
1900
1899
2047
2044
1550
1550
1894
1889
2046
2040
1784
1784
1787
1777
1748
1654
1651
1784
1778
1778
1785
1786
1778
1778
1739
1815
1632
1785
1817
1739
1814
1635
1819
1819
1816
1817
1742
1814
1635
1571
1819
1816
1814
1659
1571
1818
1817
1829
1659
1578
1580
1828
1831
1831
1642
1643
1643
1578
1695
1569
1580
1694
1693
1543
1587
1865
1579
1886
1585
1863
1872
1887
1885
1812
1866
1864
1864
1885
1893
1871
1877
1885
1542
1542
1892
1898
1899
1879
1879
1884
1551
1888
1899
1884
1548
1895
1895
1900
1870
2046
1158
1901
2046
1748
1655
1262
1737
1655
1655
1650
1262
1840
1737
1654
1652
1737
1737
1086
1654
1650
1650
1819
1749
1803
1803
1824
1755
1806
1824
1830
1752
1792
1827
1830
1751
1751
1802
1792
1793
1793
1818
1827
1829
1831
1839
1642
1752
1828
1751
1809
1794
1839
1809
1808
1868
1695
1567
1808
1863
1865
1868
1813
1869
1872
1813
1893
1866
1869
1873
1873
1893
1866
1871
1871
1878
1877
1884
1812
1871
1877
1545
1545
1895
1892
1903
1903
1870
1879
1544
1548
1895
1903
1903
1879
1548
2042
1901
1902
1870
1652
1852
1846
1736
1748
1262
1852
1842
1843
1843
1840
1846
1749
1653
1852
1847
1749
1653
1652
1084
1852
1826
1825
1847
1753
1826
1803
1806
1807
1807
1827
1827
1825
1830
1753
1750
1803
1806
1824
1750
1802
1801
1849
1800
1801
1793
1839
1829
1839
1839
1567
1809
1794
1794
1837
1810
1810
1798
1796
1867
1811
1863
1867
1837
1813
1811
1861
1873
1546
1812
1861
1856
1876
1545
1545
1914
1892
1861
1858
1856
1878
1877
1919
1894
1882
1919
1894
1860
1883
1919
1901
1883
1883
1821
1820
1841
1823
1853
1853
1845
1653
1823
1842
1842
1846
1753
2043
1847
1744
1804
1807
1750
1804
1850
1755
1750
1747
1855
1835
1848
1849
1756
1801
1805
1805
1833
1835
1833
1833
1834
1756
1756
1800
1795
1798
1833
1836
1837
1838
1547
1758
1797
1796
1811
1799
1797
1837
1547
1915
1915
1799
1876
1546
1912
1915
1856
1913
1914
1861
1858
1883
1916
1858
1859
1919
1859
1857
1882
1917
1917
1919
1918
1862
1862
1822
1882
1821
1820
1823
1841
1841
1845
1845
1854
1845
1744
1744
1844
1745
1744
1746
1854
1850
1745
1747
1746
1759
1854
1850
1759
1855
1246
1851
1851
1815
1851
1755
1815
1805
1757
1795
1855
1848
1757
1795
1832
1758
1758
1822
1832
1834
1798
1836
1838
1547
1758
1797
1797
1880
1912
1799
1880
1880
1859
1913
1913
1916
1910
1857
1881
1917
1917
1918
1910
1843
1244
1910
1857
