256
122
69
79
79
79
98
98
122
123
76
76
97
123
120
120
68
78
78
96
96
96
120
71
71
76
76
76
96
96
121
93
92
105
105
105
117
116
116
71
92
92
92
92
105
105
117
117
117
84
94
106
92
106
105
117
116
85
85
84
94
106
105
50
116
86
86
86
84
84
94
94
60
51
51
50
48
86
29
29
23
23
60
86
29
23
23
23
60
61
53
29
19
19
23
62
47
28
18
8
8
8
61
47
47
46
30
31
31
1
8
13
62
47
46
46
46
208
208
208
31
1
13
32
32
46
46
46
208
210
0
13
13
44
210
0
0
0
2
34
45
44
44
209
209
210
211
3
2
34
44
45
211
211
211
0
2
2
35
45
45
69
69
69
69
69
69
79
79
79
79
76
76
98
76
98
98
122
122
122
122
123
123
120
120
69
69
69
78
78
78
79
77
76
76
98
98
97
97
96
122
122
123
122
123
123
123
121
120
120
68
68
68
68
78
76
78
76
76
76
97
97
96
97
96
123
121
121
120
120
71
71
71
71
78
76
76
76
97
97
97
96
96
96
96
96
123
117
121
116
71
71
71
71
71
71
93
93
92
92
92
107
107
107
105
96
117
117
117
116
116
116
86
71
93
93
92
92
92
107
107
105
105
105
105
117
117
117
116
116
116
116
86
86
86
85
85
85
93
93
93
92
94
94
106
106
106
107
105
105
105
105
105
117
117
117
116
116
116
86
85
85
84
84
84
94
94
94
106
106
106
106
51
51
51
50
50
86
86
86
86
85
85
84
84
94
94
106
60
60
60
60
51
51
51
51
51
51
50
50
50
50
86
29
84
84
23
94
23
23
23
60
60
60
51
51
61
51
51
50
48
48
48
29
29
29
29
29
29
19
19
19
23
23
23
62
60
61
51
61
61
51
51
53
28
28
29
29
19
23
23
8
8
8
8
62
62
62
61
61
61
47
53
53
53
53
53
28
28
31
29
29
19
18
19
8
8
62
62
62
62
32
47
47
53
46
28
28
31
31
1
1
8
8
8
32
32
32
47
47
47
46
46
46
208
208
208
31
31
31
31
31
0
1
1
1
1
8
13
32
32
32
47
46
46
208
208
208
208
31
0
0
0
1
1
13
13
13
13
32
32
34
34
46
44
44
46
44
208
208
210
210
0
1
2
2
1
2
34
2
34
34
34
45
45
44
44
44
211
210
210
210
211
0
0
0
3
2
2
2
34
35
35
35
45
45
45
44
44
209
209
211
211
210
211
211
211
0
0
3
3
3
2
2
2
35
45
45
44
44
44
44
211
211
79
79
122
69
69
69
69
79
77
76
76
98
98
98
98
98
122
98
122
122
123
123
120
120
120
69
68
69
69
69
78
78
78
79
79
77
77
77
76
98
98
97
96
122
123
121
120
68
68
68
78
78
78
77
77
76
97
98
97
97
97
97
97
96
123
123
121
120
121
71
68
68
70
71
78
78
77
76
97
97
97
96
96
117
121
121
121
116
71
71
71
70
70
70
93
93
93
92
92
92
107
107
105
105
105
117
117
121
116
71
71
71
85
93
93
92
107
107
105
104
105
117
117
116
116
86
86
85
85
93
92
107
106
104
104
104
104
104
117
86
86
87
85
85
84
84
94
94
94
106
106
106
105
104
51
50
50
50
50
86
86
87
84
85
84
84
84
94
94
94
106
106
106
106
106
60
60
60
50
50
50
48
48
28
29
84
84
23
94
22
22
22
60
60
60
51
50
48
48
48
28
28
29
29
19
23
23
23
22
22
62
63
60
60
61
62
61
51
61
61
51
53
53
28
28
28
28
29
19
19
23
9
9
63
62
62
61
61
53
53
53
53
28
28
28
30
29
31
30
18
18
8
8
8
62
62
62
61
47
47
47
53
28
30
31
31
1
18
1
1
8
8
8
62
32
32
32
32
47
46
46
208
208
31
31
31
1
1
1
1
9
13
32
32
32
33
47
47
46
46
208
208
208
208
31
0
0
0
1
13
32
33
46
45
47
46
209
208
209
208
210
210
210
0
0
0
1
13
34
34
34
34
45
45
44
44
209
209
209
210
210
211
3
3
2
2
2
12
12
35
45
45
44
209
209
209
211
211
211
211
211
211
3
3
2
2
2
35
2
35
35
35
45
45
45
45
44
43
43
35
69
69
67
79
69
79
79
79
79
79
77
78
77
77
98
99
98
98
103
122
122
122
122
123
123
120
120
120
120
120
68
79
79
77
77
77
99
98
99
98
99
97
122
123
120
120
120
121
68
68
68
68
68
78
77
77
77
99
97
98
96
99
102
96
122
123
123
121
121
121
68
68
68
70
70
78
77
77
92
99
97
102
96
123
125
121
121
121
121
121
121
70
70
70
70
93
93
93
92
92
107
107
96
104
104
118
119
119
119
70
87
70
70
83
93
93
93
95
92
107
107
104
104
118
119
119
116
85
87
85
85
95
95
95
95
107
107
104
104
117
117
119
116
87
87
87
87
87
85
85
85
95
95
94
106
107
104
107
58
104
50
50
50
50
48
48
116
86
87
84
84
95
94
94
106
60
60
51
50
49
48
48
26
26
87
87
81
84
23
22
22
22
60
60
60
61
49
49
49
26
29
29
19
19
23
22
22
22
63
22
63
61
62
61
61
49
53
48
53
48
28
28
29
19
18
9
9
63
63
62
62
61
61
52
52
52
53
28
28
30
30
30
18
18
8
9
9
63
63
63
62
62
33
47
52
53
52
53
212
30
31
18
18
5
9
8
9
9
32
33
33
33
33
47
47
46
41
212
212
31
5
1
9
9
32
32
32
32
33
33
47
41
41
212
208
208
210
31
5
1
1
13
13
13
13
33
47
44
41
209
209
209
5
210
210
3
3
13
12
13
13
34
34
34
34
34
45
44
209
209
210
210
6
6
3
3
2
12
12
34
35
43
43
43
209
209
209
211
209
211
211
6
3
6
3
3
2
12
12
35
35
35
35
35
35
43
43
43
45
43
67
67
69
78
77
74
74
99
99
99
99
99
103
122
103
125
122
123
120
127
67
67
67
66
73
73
77
74
99
99
103
103
103
126
126
126
67
67
66
66
66
73
73
74
77
74
99
99
99
102
103
102
125
125
121
68
68
66
73
77
91
99
102
102
102
102
125
126
126
70
70
70
70
65
73
93
91
99
102
102
102
118
118
119
119
119
70
70
83
83
93
93
91
108
107
108
104
110
104
104
104
104
118
119
119
119
119
119
87
87
70
85
83
95
95
95
91
107
108
108
110
110
104
104
118
119
119
119
87
87
81
81
81
95
95
95
108
110
110
111
111
115
119
48
87
87
87
87
81
95
81
95
95
94
106
59
58
58
58
58
49
49
49
48
48
26
87
26
81
19
19
95
88
22
59
59
59
58
58
58
49
49
48
48
49
26
26
26
19
19
19
22
22
22
22
63
59
59
57
49
49
48
53
30
18
18
18
9
9
9
63
63
63
57
63
57
52
52
52
52
52
27
30
30
30
18
25
18
18
18
18
9
11
9
63
63
63
57
52
52
52
52
52
30
30
30
30
30
18
11
11
9
9
63
33
33
33
38
41
212
212
212
212
212
5
11
11
9
11
9
13
33
33
33
38
41
41
212
212
5
5
5
5
11
9
13
33
33
33
43
41
41
41
212
212
212
209
215
210
215
210
215
5
5
12
12
39
34
34
34
43
43
212
214
215
6
6
6
3
3
12
12
12
35
39
34
43
43
43
214
210
215
6
6
3
3
12
12
35
35
43
43
43
43
67
67
67
79
73
74
74
74
75
100
103
103
125
125
127
127
67
73
73
74
74
75
75
99
99
103
103
125
127
126
65
66
73
73
75
99
102
102
103
125
125
126
126
126
64
65
65
66
73
73
74
99
102
102
102
102
125
126
119
64
65
65
65
65
89
91
91
91
108
91
108
108
102
110
102
102
110
102
118
118
118
119
119
70
64
70
83
89
91
91
108
110
110
110
115
118
118
118
119
87
64
83
83
95
89
89
91
108
110
110
111
111
115
115
115
114
87
81
83
88
88
108
108
110
111
111
115
115
115
115
80
80
81
95
95
88
21
59
58
58
58
49
48
115
48
26
26
26
26
81
88
22
59
58
59
58
58
49
49
48
26
27
26
26
26
19
19
16
22
21
21
59
59
58
58
55
55
49
52
54
54
26
26
26
16
16
18
10
63
59
57
55
52
52
52
54
27
27
25
18
11
11
11
9
63
57
52
52
212
30
11
11
38
38
38
52
41
52
212
30
30
25
11
11
11
12
12
12
33
33
38
38
41
41
41
212
212
213
215
25
5
4
5
5
11
12
12
12
39
39
43
41
213
213
5
5
6
5
12
12
39
39
38
42
41
42
212
214
215
215
215
6
6
7
3
15
12
36
36
42
42
43
43
214
215
215
215
6
6
6
3
15
15
36
36
36
42
67
67
79
74
74
75
75
100
100
100
103
125
127
127
127
67
67
66
73
74
74
100
100
103
103
103
127
126
67
66
73
74
75
75
101
101
103
126
64
65
91
91
91
108
125
125
126
126
126
65
91
101
102
118
64
83
83
89
89
108
108
110
118
118
114
83
89
88
91
91
108
111
111
115
114
80
80
88
88
108
110
108
110
58
115
115
115
80
80
88
81
88
21
21
58
115
26
26
80
19
88
21
58
49
55
54
25
16
16
16
22
59
59
57
54
27
27
25
16
16
16
22
21
59
56
56
55
54
16
10
57
55
55
55
54
30
25
18
17
11
11
10
63
33
54
212
213
25
25
17
4
11
14
39
38
41
213
4
4
14
38
42
41
40
215
4
4
6
5
7
15
39
39
42
214
215
215
6
7
7
15
36
36
36
42
42
42
7
15
36
36
66
73
74
74
75
100
103
125
127
67
66
73
75
103
125
73
72
101
127
65
73
101
101
118
64
65
65
91
108
110
101
118
114
83
89
110
114
64
64
83
83
89
91
108
110
115
80
81
88
109
110
111
115
114
80
80
81
88
21
59
58
54
16
21
59
59
58
55
49
27
27
17
16
16
16
21
55
54
27
27
25
10
21
55
54
27
17
17
56
55
54
27
25
25
17
11
10
10
56
38
38
213
4
10
14
38
38
41
40
213
213
213
213
4
5
14
39
39
38
41
41
212
214
215
7
15
36
36
42
41
215
4
15
15
214
214
215
6
7
15
36
36
36
42
66
66
73
74
100
125
125
127
66
66
74
74
100
125
127
127
67
66
72
75
75
100
103
124
64
65
102
118
118
126
126
65
72
89
90
108
118
64
64
83
91
108
110
111
80
83
111
111
114
114
80
89
109
115
114
80
81
88
59
115
115
80
26
16
58
49
54
16
21
56
56
21
21
56
56
55
25
10
56
54
25
11
14
38
40
40
213
4
10
10
39
38
213
4
11
14
39
38
40
214
15
39
41
214
214
215
7
15
15
36
42
42
214
215
6
7
7
15
36
42
42
66
75
100
125
66
66
75
103
124
65
66
72
100
124
125
126
65
65
72
90
101
124
118
65
101
118
64
90
91
108
109
112
64
83
89
89
91
109
110
112
80
81
88
109
111
111
115
81
88
114
27
88
88
21
59
57
27
25
16
59
55
27
17
21
54
27
17
20
55
54
17
17
10
56
38
213
213
25
10
39
213
213
39
213
213
214
214
4
14
15
36
36
37
40
40
4
7
15
37
42
214
6
7
7
37
67
66
72
73
74
100
124
67
66
72
72
74
75
125
127
127
67
72
75
75
101
101
103
126
72
65
101
124
64
89
90
91
101
101
118
124
114
64
83
89
109
112
114
64
83
82
89
109
111
112
80
82
82
88
111
109
115
114
80
80
80
88
115
81
21
21
57
27
27
25
16
21
59
56
59
57
55
54
27
25
25
17
21
20
57
54
25
17
10
56
56
25
10
10
10
14
55
213
24
10
14
38
40
213
214
4
14
39
37
40
4
5
14
42
214
214
215
4
7
15
15
37
42
6
15
36
37
37
42
74
75
100
100
127
127
72
72
75
124
127
66
72
90
75
101
101
124
126
65
90
101
101
124
126
64
72
90
90
114
114
83
89
89
109
111
111
114
114
83
82
89
111
113
112
80
88
109
111
113
114
114
81
81
88
111
114
27
81
16
16
21
57
16
16
21
56
57
57
27
17
17
17
16
21
56
56
54
24
25
10
56
56
56
55
24
24
17
14
56
40
222
4
10
10
39
38
40
213
4
10
14
39
39
37
40
40
213
222
5
14
36
37
37
214
214
7
36
37
37
42
214
214
215
222
7
7
15
37
72
72
75
75
100
100
124
124
127
72
72
90
100
100
124
65
65
90
101
124
126
64
72
101
124
124
126
72
90
101
112
112
64
82
89
89
112
114
80
83
82
109
109
111
83
82
89
109
111
112
24
82
109
109
113
113
113
80
81
57
113
54
24
27
24
20
57
57
54
54
27
24
25
17
20
56
55
24
20
20
56
55
40
24
24
222
10
14
56
40
222
4
10
14
39
40
222
222
4
14
40
222
4
14
14
36
40
40
40
214
222
222
4
14
37
37
222
6
7
7
15
15
37
203
203
90
124
127
203
72
90
100
124
124
124
124
127
72
90
90
100
203
203
90
90
90
101
124
226
64
82
90
112
112
64
82
82
82
90
109
109
112
203
82
109
112
114
203
82
82
82
109
113
113
82
82
113
113
24
24
81
82
109
113
113
54
24
17
20
20
20
57
57
24
24
17
17
20
57
55
24
24
17
17
20
20
55
24
24
20
38
40
223
20
20
14
40
251
222
221
4
39
254
40
222
222
7
14
254
222
222
222
7
222
7
37
37
37
37
37
72
202
224
112
225
226
203
202
202
90
100
226
203
202
224
112
226
226
203
203
90
224
112
112
226
203
203
239
239
112
112
226
203
82
82
239
239
112
226
226
200
201
239
113
112
112
226
200
236
236
82
113
113
200
200
236
236
109
113
113
113
24
236
236
236
236
236
113
20
250
250
250
250
24
20
20
250
17
20
254
251
251
220
20
20
254
251
251
223
222
221
221
20
254
254
254
251
222
221
254
254
253
221
255
255
255
253
253
222
255
255
255
254
253
222
255
255
253
203
203
224
224
224
225
225
203
224
224
224
227
202
224
224
224
224
225
225
203
224
224
226
203
201
201
239
239
112
226
226
226
200
201
239
239
226
226
201
201
237
239
239
239
200
200
200
236
226
236
236
236
236
236
113
236
236
236
113
250
217
236
236
250
217
217
217
237
250
217
217
237
240
254
254
251
251
217
240
254
223
223
220
220
254
254
254
254
223
223
220
254
253
253
223
221
220
255
255
254
253
223
221
221
220
255
255
253
223
223
221
221
255
255
255
255
255
253
253
203
202
202
224
224
225
227
202
202
202
202
230
224
225
227
203
202
224
224
225
227
200
201
201
201
230
225
225
225
226
203
201
201
201
239
227
200
201
239
239
226
195
200
200
200
201
237
239
239
239
226
200
195
237
238
239
239
226
250
195
200
237
238
233
198
236
237
233
250
198
217
236
237
233
233
250
250
250
217
217
237
237
237
240
250
217
217
237
240
217
220
220
220
240
254
251
251
223
223
223
220
240
251
251
223
220
240
254
221
220
255
255
252
252
253
223
221
255
255
252
252
223
221
220
220
255
252
252
253
253
202
202
202
202
224
227
224
225
227
202
230
230
230
225
227
227
200
202
230
201
228
230
230
225
200
200
201
237
239
239
227
232
226
195
195
238
239
226
232
195
195
195
195
195
238
235
198
195
195
195
195
237
238
235
250
195
237
238
233
233
250
198
195
165
237
237
248
250
217
217
199
237
237
248
250
217
199
237
240
249
251
217
216
240
240
249
249
251
251
216
216
220
240
240
251
251
251
221
220
240
240
254
253
223
221
220
220
220
240
253
223
223
221
243
255
252
253
221
221
221
221
220
243
252
227
202
202
202
207
231
231
225
227
202
207
230
227
205
205
230
230
225
227
200
200
202
225
225
227
200
201
230
230
225
225
227
200
201
201
237
235
232
195
195
195
201
192
239
235
232
195
238
239
233
192
238
250
198
195
192
238
238
238
233
233
250
199
192
238
238
238
248
199
238
249
249
248
217
199
242
249
248
248
248
217
217
216
242
249
249
251
218
216
216
240
251
223
218
218
216
242
240
240
251
223
243
252
252
253
223
221
220
252
252
252
221
220
243
243
252
252
253
207
231
231
227
227
205
207
207
230
231
231
227
205
205
207
231
230
225
184
205
205
207
228
230
205
207
228
230
230
230
225
194
192
234
232
232
192
192
238
238
235
232
232
195
192
235
235
233
232
232
198
194
195
192
238
238
192
192
238
238
233
198
199
237
233
248
248
199
198
199
199
199
199
242
241
249
248
199
199
199
242
249
249
248
217
216
248
218
196
216
242
242
240
240
249
251
218
218
218
242
242
240
249
218
218
242
242
240
218
218
218
243
243
241
252
253
218
218
243
243
243
243
252
252
205
207
207
207
207
231
231
227
231
231
231
227
184
184
205
205
207
231
231
230
184
205
207
228
225
194
207
228
232
232
194
192
192
228
234
234
192
234
232
194
194
192
192
192
238
235
233
192
235
235
233
233
248
198
198
192
235
235
248
248
199
192
242
235
241
233
248
248
188
198
199
199
242
241
249
188
197
241
241
248
248
196
216
216
242
242
241
241
249
248
196
242
241
249
218
216
216
242
241
249
218
218
218
216
242
242
241
241
252
177
219
219
218
218
216
243
243
243
252
252
253
219
218
243
243
252
253
205
207
207
207
231
184
184
205
231
231
231
184
205
207
207
231
232
194
206
228
228
231
184
194
206
193
229
228
228
228
230
234
232
194
194
194
194
193
193
193
228
232
194
194
234
234
234
194
194
192
234
234
233
232
193
235
233
198
193
199
235
233
188
199
199
235
233
233
248
188
198
246
241
248
198
199
199
249
198
198
216
246
246
246
249
248
196
216
216
246
246
249
216
242
241
177
219
219
242
242
241
252
219
219
243
243
241
241
177
177
219
219
216
243
241
241
177
205
205
207
231
231
231
184
184
205
205
207
184
206
231
229
232
184
184
206
206
228
228
228
232
194
206
228
228
232
184
184
194
193
193
229
234
232
190
190
194
193
193
193
229
234
234
190
165
194
193
192
235
234
193
193
235
234
234
188
188
188
198
198
193
235
234
234
233
188
198
198
188
198
197
246
234
247
188
188
199
246
246
246
246
246
196
196
246
246
246
245
177
177
196
196
216
216
245
249
177
196
196
219
244
244
244
218
219
216
241
245
219
219
219
243
241
241
219
219
243
243
205
206
207
229
229
229
184
204
205
205
206
229
184
184
204
206
206
206
228
228
229
204
204
206
152
184
206
206
229
228
186
193
229
229
186
190
194
194
193
229
229
229
189
188
190
193
193
229
229
234
188
198
193
193
235
234
189
188
197
235
234
188
197
197
197
246
234
188
188
188
197
197
197
197
247
247
197
196
196
246
246
246
246
188
196
246
177
196
196
196
245
219
219
244
245
245
177
133
133
130
130
219
219
244
244
245
177
177
245
177
219
219
158
219
244
244
245
177
177
204
204
206
206
185
185
204
206
185
184
185
185
204
206
206
228
146
185
184
184
185
204
204
206
228
186
186
190
204
229
190
152
229
146
229
229
186
186
190
190
155
193
155
229
143
189
188
143
143
143
189
189
189
188
188
155
155
143
189
189
197
197
197
247
247
247
189
189
197
197
197
247
247
245
188
197
197
197
196
247
247
196
196
196
247
247
246
245
245
177
177
196
244
245
177
133
244
244
245
177
130
244
244
245
245
177
130
130
244
245
176
177
244
244
244
245
176
204
153
146
185
185
185
185
204
153
206
152
146
146
185
185
204
146
146
185
185
152
146
146
146
146
190
204
204
204
152
146
186
186
186
190
190
190
204
155
145
155
155
146
146
189
190
190
155
155
146
189
189
155
155
143
143
143
143
146
189
155
143
143
189
189
188
143
143
189
197
143
143
247
178
133
197
143
247
178
131
247
247
247
247
178
133
133
130
196
247
247
247
245
179
179
177
133
133
130
130
130
130
130
244
244
133
130
130
130
244
245
176
133
130
130
130
244
244
244
245
176
176
153
153
147
147
173
187
185
185
153
147
146
185
204
153
152
152
147
185
185
204
204
204
152
144
186
186
154
146
145
145
191
154
154
152
146
186
190
154
154
154
155
152
146
145
145
190
154
154
155
180
190
155
146
190
155
155
190
190
189
155
155
189
155
155
155
143
142
247
178
178
178
143
143
178
178
178
133
131
143
247
178
178
243
133
131
129
183
133
131
129
183
179
179
179
131
129
183
179
179
176
176
133
130
129
129
128
176
176
133
130
130
129
176
176
153
187
187
187
153
147
187
185
153
152
144
187
185
152
147
147
145
186
191
191
152
152
144
186
191
154
152
145
145
186
191
154
140
139
186
191
191
154
139
139
139
180
190
191
154
140
140
143
139
191
154
140
140
142
142
139
139
189
189
191
142
142
139
178
178
140
142
142
142
139
139
178
178
141
131
142
142
178
178
178
142
183
178
179
141
131
129
129
129
183
179
179
179
131
129
129
129
183
179
133
133
131
129
129
129
183
183
176
130
130
128
183
176
176
130
128
128
183
153
153
147
147
146
144
187
187
171
153
147
147
147
144
187
187
153
152
147
147
191
147
144
144
186
191
153
152
145
144
186
191
154
152
148
145
186
191
154
154
154
180
180
186
191
154
140
139
180
180
140
139
139
180
180
191
140
143
139
180
180
191
138
139
189
141
140
142
142
138
178
141
142
142
138
138
178
183
183
178
141
141
142
129
179
179
179
141
142
129
179
179
179
179
179
133
129
129
129
176
179
129
176
132
133
132
128
128
167
176
176
132
128
176
176
153
153
147
144
144
144
171
171
153
147
144
171
159
152
152
144
144
186
187
159
153
152
147
147
144
181
152
148
144
181
154
148
148
145
145
191
191
154
145
180
180
191
154
140
140
140
180
191
141
140
140
139
139
139
180
180
191
141
140
139
183
140
140
140
140
138
137
139
183
141
141
141
138
139
183
141
141
142
182
183
142
142
138
183
182
141
128
179
183
179
133
128
128
128
129
131
167
167
132
129
131
131
167
167
176
132
132
132
128
128
167
167
166
132
128
128
131
167
167
176
166
153
150
144
144
171
171
153
153
159
144
144
187
171
171
171
159
159
147
171
152
145
171
171
159
148
145
181
181
159
154
148
148
145
181
181
148
159
148
145
145
180
180
181
159
136
136
145
180
159
136
180
183
141
140
136
180
180
183
141
141
137
137
173
141
142
140
142
138
139
139
182
183
141
141
138
138
138
183
182
250
142
138
138
138
133
128
138
138
183
182
133
132
131
167
182
132
128
128
128
167
166
166
166
131
167
167
132
131
167
167
167
166
166
150
150
147
144
147
147
150
158
150
150
187
170
159
148
145
187
170
159
159
148
148
145
145
144
187
170
159
159
148
180
159
148
136
136
159
136
180
181
181
181
136
136
136
136
180
181
181
136
136
173
137
137
137
182
141
134
137
137
137
139
134
134
138
139
182
134
134
182
182
134
134
134
134
138
138
138
165
182
132
128
167
167
166
132
131
163
167
166
166
166
128
128
160
131
166
132
131
163
167
166
158
158
150
150
150
187
187
187
170
158
150
150
150
187
170
170
158
158
150
150
150
170
159
150
148
148
170
170
159
148
174
170
159
148
170
170
157
148
174
181
157
157
148
136
136
136
136
157
157
137
181
136
136
137
137
173
181
181
134
134
137
137
182
134
137
137
181
181
182
182
134
134
134
161
137
165
134
167
167
165
165
134
167
167
165
165
132
134
166
134
131
166
132
163
163
166
166
132
132
160
131
166
166
150
150
150
187
156
151
150
150
187
187
150
150
187
187
170
173
159
150
174
170
173
159
174
174
174
174
170
173
159
136
174
174
173
148
136
174
168
168
148
137
137
171
168
168
157
157
157
137
171
136
137
181
181
134
134
161
137
182
134
161
165
182
182
135
161
161
161
182
160
161
165
182
132
132
160
163
163
165
165
182
132
160
163
182
132
160
160
163
161
166
158
163
166
156
151
171
171
151
151
151
171
172
170
151
151
170
170
173
149
151
151
174
156
149
149
170
156
174
170
170
156
174
169
168
157
157
149
174
174
174
174
169
168
168
168
157
157
171
157
149
175
168
149
149
175
171
134
149
161
161
175
135
161
165
135
160
161
161
165
165
160
161
161
161
165
165
182
135
161
165
135
135
160
160
163
163
161
165
135
135
160
163
163
165
135
157
163
163
161
151
173
172
170
156
171
173
172
172
172
172
172
156
151
173
172
156
151
151
157
173
169
169
172
158
169
149
149
174
169
169
169
169
170
158
156
149
149
169
156
149
149
168
149
149
175
168
171
168
168
134
149
175
175
168
149
149
161
175
175
135
161
175
168
135
135
161
165
135
135
160
164
164
135
135
160
160
160
163
164
164
165
162
160
164
162
160
163
164
162
163
164
164
151
151
172
151
173
173
172
151
151
172
172
172
158
251
172
156
174
169
156
174
169
158
156
156
157
169
169
169
158
149
174
174
173
169
173
173
168
158
158
149
175
175
173
168
168
168
135
158
175
175
135
175
175
168
135
162
160
175
164
135
162
160
164
162
160
160
163
164
162
163
163
162
164
164
164
162
162
162
162
163
163
173
164
151
151
151
172
172
172
172
157
172
156
156
172
156
156
156
157
169
156
156
156
201
157
169
201
157
250
169
169
149
169
158
156
174
158
175
157
169
158
175
173
158
158
175
173
168
175
168
168
135
158
175
175
164
162
175
164
164
164
162
162
162
162
164
164
162
162
162
162
206
155
162
164
