4096
1865
1117
1470
1465
1447
1912
1913
1866
1768
1434
1435
1859
1743
1769
1763
1101
1451
1451
1861
1714
1713
1762
1103
1097
1425
1428
1429
1879
1716
1722
1289
1285
1994
1995
1717
1725
1682
1683
1145
1294
1295
1287
1985
1993
2001
1665
1664
1671
1164
1314
2040
1286
2041
2007
1667
1685
1157
1158
1165
1321
2043
2005
667
1693
1213
1215
1215
1177
1179
1323
1321
611
618
619
668
699
1210
379
378
492
483
613
1211
381
485
482
481
631
593
748
374
354
353
484
607
982
303
323
165
161
161
585
979
983
751
331
329
322
29
172
175
603
976
975
974
963
2905
2907
2906
321
21
173
929
931
971
973
974
2908
2941
15
181
181
823
2942
12
6
7
45
789
820
807
804
2894
2895
2939
2929
58
37
781
805
831
2923
2931
2930
2
34
39
779
829
831
1106
1107
1105
1117
1111
1119
1469
1467
1465
1465
1433
1435
1439
1438
1913
1912
1867
1740
1865
1741
1738
1771
1769
1775
1109
1119
1117
1471
1468
1444
1471
1445
1434
1438
1917
1915
1858
1867
1861
1866
1741
1743
1740
1739
1737
1739
1761
1768
1762
1108
1103
1097
1099
1451
1425
1443
1427
1439
1431
1885
1859
1878
1857
1715
1727
1737
1723
1763
1765
1101
1103
1149
1151
1442
1425
1429
1431
1881
1884
1883
1877
1863
1878
1715
1714
1727
1723
1721
1681
1137
1142
1147
1147
1148
1148
1291
1291
1291
1281
1283
1989
1988
1991
1994
1717
1725
1727
1671
1671
1681
1687
1139
1139
1151
1289
1295
1285
1286
1985
1988
1995
1999
2003
1716
1664
1669
1669
1684
1683
1684
1687
1200
1201
1139
1203
1155
1167
1165
1293
1318
1294
1314
1315
2040
2047
2041
1987
2006
2005
2003
2006
2003
1665
1675
1667
1685
1669
1693
1203
1159
1158
1179
1164
1179
1317
1325
1313
2045
2043
2046
2046
617
665
667
669
691
1209
1211
1205
1205
1159
1157
1177
1323
1321
1326
2035
611
609
611
623
619
667
671
669
658
659
689
703
691
698
1210
377
1183
1182
495
1327
493
484
482
631
615
614
618
579
578
659
668
702
697
699
701
381
383
381
378
379
355
355
357
356
493
495
483
607
613
577
671
579
583
650
649
749
300
301
375
370
356
485
487
167
163
163
163
605
602
597
587
587
587
981
746
747
745
751
748
301
373
331
373
375
353
350
359
166
171
604
602
585
601
589
967
982
745
961
303
335
329
322
29
31
167
170
173
603
932
931
977
977
983
963
975
961
2905
2909
2906
326
327
325
327
347
15
29
31
20
31
169
175
933
928
976
989
969
969
2911
2908
2907
2899
325
10
13
11
21
22
172
181
183
183
928
943
789
821
821
815
807
971
811
2911
2898
2943
2941
13
23
47
44
23
38
787
39
786
789
791
819
818
801
803
803
2922
2939
2919
2943
2938
3
3
7
59
44
45
38
791
783
783
781
829
829
827
805
803
2895
2894
2921
2937
2939
2927
2929
2930
1
2
57
59
58
47
37
35
776
831
825
804
885
887
887
2922
2931
1467
1467
1734
1111
1107
1111
1115
1470
1413
1414
1415
1905
1919
1904
1908
1915
1868
1869
1871
1735
1738
1747
1771
1773
1775
1106
1089
1109
1114
1119
1469
1456
1441
1462
1447
1445
1418
1421
1437
1919
1911
1858
1869
1729
1731
1745
1773
1095
1093
1099
1126
1444
1442
1419
1417
1427
1887
1917
1886
1886
1881
1879
1883
1863
1731
1703
1761
1767
1765
1094
1094
1090
1141
1099
1455
1443
1427
1428
1887
1881
1874
1875
1713
1705
1722
1765
1767
1682
1143
1142
1147
1149
1125
1127
1122
1308
1309
1299
1281
1283
1989
1991
1997
1997
1719
1719
1708
1709
1695
1137
1145
1143
1123
1309
1311
1281
1987
1987
1999
1999
2001
1699
1674
1693
1695
1201
1191
1153
1167
1319
1287
2033
2047
2012
2010
2011
2009
1673
1679
1200
1207
1207
1153
1155
1161
1171
1319
1318
1315
2035
2037
2045
2007
2011
665
662
692
689
695
1209
1213
1195
1181
1155
1171
1175
1171
1323
1327
1326
2035
2038
2039
2037
2039
609
621
622
661
693
691
676
698
299
383
1183
1182
492
1325
503
503
498
614
613
623
658
657
703
702
677
297
299
383
365
365
489
491
487
500
497
628
629
629
615
593
595
580
653
581
583
651
650
747
290
297
290
369
374
354
357
489
150
151
628
598
599
578
591
649
738
743
749
300
291
335
331
371
323
337
338
359
166
158
149
604
598
590
589
979
986
981
746
292
333
326
351
27
349
26
25
165
170
171
605
933
947
946
941
987
965
963
2902
2901
346
345
350
26
17
27
18
178
179
935
932
943
941
991
973
971
964
2909
2903
2897
2899
346
9
10
12
19
177
929
988
823
813
988
964
2887
2903
2881
2898
2917
2942
2915
6
11
5
22
188
786
785
787
791
820
815
809
811
2893
2883
2885
2925
2913
2933
63
61
41
40
40
222
223
770
819
818
801
2889
2891
2889
2923
2924
2935
2932
2932
2933
62
61
43
34
43
779
35
777
776
771
826
826
825
827
887
883
885
777
1075
1114
1076
1457
1115
1459
1457
1456
1463
1461
1410
1411
1415
1414
1907
1907
1909
1909
1850
1871
1733
1734
1735
1750
1747
1779
1778
1777
1781
1783
1064
1463
1462
1419
1418
1423
1907
1905
1891
1911
1890
1868
1729
1753
1751
1778
1766
1782
1093
1091
1089
1045
1069
1453
1452
1422
1421
1899
1885
1889
1873
1903
1847
1863
1731
1757
1752
1785
1786
1789
1095
1091
1090
1127
1126
1455
1452
1297
1283
1903
1883
1842
1875
1703
1759
1705
1752
1787
1785
1789
1787
1130
1131
1131
1125
1121
1306
1302
1299
1301
2027
2026
1874
1997
1697
1702
1709
1711
1695
1141
1187
1133
1135
1123
1122
1308
1305
1303
1303
2025
2026
2015
2013
1697
1707
1677
1690
1188
1189
1189
1163
1311
1339
1338
1341
2030
2031
2012
2013
1674
1675
1679
1677
1186
1196
1197
1191
1193
1162
1161
1162
1317
1338
1343
2033
2021
2015
2020
535
2010
661
663
693
692
687
695
1691
1205
1207
1169
1174
1173
1331
1331
2038
609
622
663
662
686
673
677
305
311
1195
1195
1174
1173
491
505
501
499
627
625
621
581
654
651
682
299
371
361
360
489
491
501
499
498
625
497
637
595
595
580
655
655
741
681
741
679
295
291
370
367
363
159
151
636
599
597
590
591
711
739
739
738
743
289
293
293
369
337
339
446
159
149
147
634
952
635
945
951
950
985
765
737
762
743
2870
332
351
339
447
105
143
157
158
179
955
946
953
949
987
986
985
967
965
2871
2873
333
105
17
178
135
935
955
952
943
947
937
991
1021
1023
2869
2902
2901
2916
347
107
19
18
189
185
189
183
941
989
809
1023
2883
2883
2881
107
2916
2913
52
55
187
186
188
191
794
793
799
797
796
815
811
2887
2884
2919
2915
71
69
53
48
41
219
222
795
775
817
813
882
2891
2891
2884
2927
2885
2925
2935
70
53
65
63
51
33
221
217
773
772
772
770
771
775
895
881
883
769
894
1074
1077
1113
1409
1413
1503
1485
1895
1908
1894
1895
1894
1849
1733
1851
1537
1749
1751
1779
1781
1067
1064
1076
1047
1509
1410
1422
1501
1890
1843
1851
1846
1853
1750
1782
1783
1065
1065
1047
1045
1047
1453
1510
1502
1423
1501
1897
1891
1899
1843
1842
1847
1758
1753
1745
1069
1071
1045
1507
1299
1395
1901
1900
1835
1845
1834
1758
1786
1789
1129
1134
1129
1130
1025
1307
1297
1301
1900
1901
1833
1833
1705
1702
1708
1612
1615
1185
1134
1133
1242
1306
1307
1302
2027
2031
1935
1934
1933
1922
1923
1923
1699
1706
1707
1689
1653
1691
1613
1187
1273
1275
1188
1243
1247
1246
1339
1341
2029
2023
2030
2023
1925
1927
1647
1645
1649
1653
1690
1186
1199
1163
1245
1239
1246
1343
1343
2016
2020
1926
1925
1945
1645
1679
675
1196
1197
1192
1193
1169
1337
1175
1329
1334
1335
2019
523
522
532
533
535
643
642
685
673
675
307
1199
304
1169
429
428
1331
1333
500
523
522
524
533
532
653
641
642
687
676
683
308
309
316
360
363
433
504
505
463
463
636
627
539
654
645
682
681
741
367
361
446
445
155
150
145
637
639
538
537
547
708
707
765
767
767
755
283
295
285
340
338
341
395
442
442
447
154
153
145
633
639
635
950
709
762
765
763
757
292
332
285
343
340
395
139
138
141
147
634
959
949
951
927
1017
2871
2870
2867
2866
2873
110
138
129
130
133
134
185
953
956
939
924
1012
1023
2875
2875
109
111
101
103
131
129
191
956
939
937
813
1021
1019
866
2877
2879
2875
2881
2821
2917
2823
2915
2823
107
103
186
187
917
799
797
796
891
889
2878
2842
2817
71
70
67
55
49
213
217
219
795
793
794
893
889
891
2844
2924
2818
65
67
52
48
215
223
773
769
832
894
895
882
1073
1078
1077
1459
1519
1472
1481
1473
1482
1810
1850
1852
1539
1538
1547
1553
1074
1517
1411
1502
1503
1483
1482
1893
1811
1841
1849
1757
1545
1555
1057
1041
1511
1511
1499
1897
1837
1839
1855
1759
1541
1755
1791
1791
1063
1031
1028
1043
1510
1507
1497
1899
1837
1837
1834
1846
1755
1791
1658
1062
1029
1029
1027
1027
1305
1393
1397
1393
1971
1395
1969
1968
1928
1931
1839
1839
1929
1835
1661
1662
1711
1613
1612
1274
1061
1135
1242
1344
1402
1407
1973
1935
1934
1921
1641
1644
1663
1663
1651
1275
1274
1277
1235
1245
1345
1347
1403
2017
1933
1927
1922
1640
1649
1655
1653
1615
1259
1234
1247
1345
1333
2017
2021
1926
1947
1647
1644
1655
1639
1604
1257
1233
1237
1239
1329
2019
460
519
525
527
531
643
685
1605
675
311
307
304
315
1239
1334
458
527
529
525
541
543
644
683
679
309
275
305
317
316
313
428
434
457
461
451
521
538
537
644
705
704
647
707
733
733
308
317
319
439
435
433
232
548
539
546
711
707
763
767
754
281
286
392
443
143
154
155
147
545
923
761
755
2865
285
137
143
925
923
1015
753
1017
757
2866
343
399
398
139
134
131
135
229
231
957
957
915
1013
1015
1019
1019
2867
2851
2848
2821
397
111
98
99
101
130
230
207
205
919
919
1013
1008
2849
2849
110
97
77
103
206
219
917
846
839
870
867
865
2879
2843
2841
2841
2819
69
79
94
49
213
214
845
837
835
833
893
866
2845
2839
2817
2818
74
75
67
51
214
215
847
844
836
891
1079
1079
1461
1475
1473
1485
1483
1815
1821
1821
1805
1537
1547
1547
1551
1075
1078
1040
1517
1497
1496
1810
1809
1811
1852
1855
1555
1559
1058
1043
1504
1496
1499
1495
1809
1819
1826
1555
1071
1033
1397
1399
1394
1971
1701
1540
1563
1563
1561
1025
1404
1981
1574
1659
1273
1279
1243
1397
1401
1975
1973
1931
1661
1658
1610
1277
1344
1357
1407
1403
1975
1947
1643
1654
1611
1259
1235
1350
1347
2016
1949
1955
1949
529
1640
1605
1604
1257
1255
1349
1223
1335
459
459
531
1637
315
313
1234
429
1351
461
524
645
718
735
319
427
435
439
455
513
541
543
733
280
287
387
431
437
434
454
448
513
548
546
705
754
441
235
547
709
708
714
759
287
341
393
443
141
229
233
549
959
757
2851
2855
398
399
393
97
133
231
919
913
1009
2877
121
125
230
1012
869
1011
876
2821
109
98
77
99
95
207
901
913
871
2842
2839
2823
79
77
91
209
843
842
836
871
873
877
90
211
844
845
1040
1518
1472
1476
1487
1815
1853
1545
1553
1085
1041
1519
1481
1827
1545
1509
1504
1813
1557
1031
1505
1983
1829
1657
1061
1028
1027
1399
1968
1928
1831
1662
1609
1231
1373
1929
1611
1279
1271
1241
1241
1389
1405
1950
1951
1651
1259
1237
1358
1955
1951
1945
1638
1607
1253
1255
1237
1359
458
518
531
735
425
457
517
519
543
719
685
275
267
425
431
436
436
453
718
735
283
280
265
249
449
719
725
281
385
411
553
715
758
286
389
391
392
141
232
233
549
922
925
2857
123
254
225
922
924
1009
997
2861
2853
2826
2825
117
101
224
903
915
1005
1011
1008
2878
2843
2827
93
206
857
839
870
867
2819
117
203
213
2845
2844
2835
75
91
209
842
843
833
875
1082
1083
1518
1479
1821
1543
1549
1557
1081
1083
1477
1477
1814
1539
1548
1559
1067
1051
1505
1492
1493
1813
1827
1540
1062
1035
1825
1571
1570
1562
1561
1037
1039
1378
1379
1969
1571
1265
1269
1230
1402
1973
1950
1643
1263
1250
1942
1641
1651
1607
1251
1365
1949
1637
1627
1261
1222
1349
518
1631
1626
1253
315
421
541
647
731
427
451
572
569
454
455
551
713
717
387
251
556
759
389
253
237
927
994
995
2854
122
255
243
910
921
2859
123
247
225
900
915
999
2827
202
900
869
2837
2834
2831
95
202
193
857
835
879
2847
2834
74
89
90
211
837
832
873
1082
1487
1823
1538
1087
1087
1491
1818
1543
1059
1051
1515
1814
1577
1541
1567
1057
1035
1381
1399
1829
1575
1569
1037
1831
1659
1267
1391
1404
1980
1953
1599
1268
1231
1365
1389
1353
1953
1943
1634
1260
1222
1351
1354
1936
1633
1638
1221
1359
1627
277
1350
1358
460
517
573
279
267
423
515
570
273
437
449
727
273
409
448
714
725
385
411
235
559
1004
2859
2855
397
255
906
2859
2861
901
2860
2848
2829
2826
124
246
201
899
898
905
999
876
125
94
200
859
875
2847
79
73
93
859
1085
1087
1527
1517
1475
1823
1805
1085
1051
1523
1513
1476
1491
1548
1549
1557
1059
1515
1493
1495
1813
1826
1818
1566
1035
1033
1977
1570
1063
1379
1381
1405
1980
1981
1574
1575
1609
1268
1229
1039
1975
1594
1602
1267
1271
1229
1355
1955
1942
1634
1263
1225
1227
1353
1939
1964
1639
1625
1260
1251
1255
1357
1628
1223
478
479
573
279
277
265
419
453
515
567
515
575
570
730
275
267
387
427
475
475
575
725
390
411
251
557
554
391
254
250
249
237
721
2857
258
250
227
907
997
2854
2825
122
247
907
1007
1005
115
85
199
877
2836
2831
2835
117
85
201
195
859
873
119
203
841
855
861
875
1479
1489
1817
1806
1551
1558
1522
1513
1491
1581
1585
1058
1521
1531
1492
1979
1819
1579
1565
1055
1385
1831
1829
1573
1566
1265
1377
1390
1387
1603
1610
1269
1378
1389
1959
1941
1943
1603
1601
1225
1227
1355
1936
1597
1599
1261
1365
1965
1937
1634
1629
1619
1218
1369
1354
1937
1625
279
1219
422
422
479
562
419
423
478
566
572
571
277
412
418
418
421
473
567
555
727
270
390
253
551
553
555
723
259
258
409
224
554
995
3051
121
255
242
910
1004
1007
2853
127
246
243
903
906
1001
999
997
2863
3051
85
227
898
905
905
2863
2829
83
897
857
861
879
2837
2836
2833
3045
81
82
195
863
1526
1527
1489
1533
1823
1806
1807
1581
1587
1523
1535
1529
1801
1803
1582
1054
1054
1531
1799
1577
1565
1055
1381
1977
1577
1579
1567
1039
1383
1983
1599
1595
1265
1228
1391
1386
1594
1602
1267
1249
1367
1957
1958
1941
1250
1225
1366
1961
1939
1629
407
1371
1961
1964
1635
1628
1617
1217
1219
563
1631
730
271
269
400
477
566
565
731
727
273
270
415
415
473
557
722
257
475
469
559
715
721
262
259
3053
241
239
556
1003
3053
127
245
242
911
994
3049
3051
127
198
1001
3047
115
197
198
899
853
853
853
2863
3041
3044
119
199
863
863
3043
119
83
82
193
195
855
2730
2731
1532
1581
1587
2730
1526
1533
1801
1807
1583
1583
1582
1585
1522
1535
1531
1979
2735
2735
1383
1385
1529
1799
1579
2057
1053
1049
1385
1795
1792
1053
1361
1363
1366
1387
1958
1959
1593
2711
1374
1957
1597
1625
2711
1227
1367
1374
1965
1963
1589
1369
1375
1617
1619
407
403
1218
1371
1967
1621
1621
729
400
405
467
467
471
563
562
271
401
413
417
471
561
571
263
263
405
412
507
469
723
262
261
510
909
993
3058
511
509
239
1003
3601
3049
3055
115
911
3778
1003
3043
3041
87
197
3779
3043
3047
3044
87
3045
87
855
861
851
851
851
1525
2739
2249
1803
2085
2077
2731
2721
2738
1532
1803
2077
2733
2739
2255
1797
2079
2079
2735
2737
1383
2254
1797
1793
2055
2707
2709
2271
2269
1792
1595
2059
2709
1361
1363
2259
2258
1795
2057
2059
2717
2771
2258
1963
1597
1589
2059
2719
2775
2775
1375
1963
1591
2715
2718
2783
2803
1967
1623
1623
1623
403
2773
2773
2779
2783
2807
1591
467
3597
3597
3594
3594
401
465
471
3593
413
465
3787
3613
3607
2999
511
510
3791
3613
3607
3059
3053
3055
3057
509
3791
3783
3781
3601
3049
3055
3783
3783
3777
2979
3793
3807
3805
3809
3603
3071
3793
3795
3804
3778
3811
3066
3795
3804
3811
2727
2726
2251
2249
2249
2086
2086
2733
2253
2253
2251
2077
2738
2254
2241
2241
2241
2087
2087
2707
2243
2243
2079
2709
2743
2759
2271
2259
1793
2055
2055
2063
2710
2758
2271
2267
2053
2063
2771
2765
2766
2265
2263
2053
2715
2718
2719
2257
2061
2775
2805
2805
2807
2049
1589
2777
2803
2805
1591
3595
3035
2779
2807
3596
3027
3026
3034
2781
3587
3031
3037
2781
3759
3785
3787
3613
3615
3036
3759
3786
3058
3059
3037
2997
3789
3781
3781
3777
3061
3061
2998
3789
3609
3603
3069
2981
2983
3807
3802
3779
3809
3068
3066
2977
2983
3799
3805
3812
3068
3071
2979
2977
3795
3797
3797
3817
3817
3811
3821
2727
2723
2751
2251
2247
2085
2065
2723
2721
2751
2749
2282
2247
2087
2073
2729
2741
2255
2245
2081
2073
2705
2705
2743
2743
2283
2083
2083
2081
2075
2707
2713
2757
2759
2269
2111
2713
2757
2265
2263
2053
2693
2715
2717
2691
2770
2763
2267
2051
2051
2063
2770
2765
2766
2788
2263
2049
2061
2061
2695
2694
2767
2789
3641
2661
2777
2801
3604
3591
3027
3035
2779
2803
3605
3605
3595
3587
3591
3026
3034
2814
2809
2815
3759
3596
3031
3039
2781
3755
3031
2999
2999
2997
3754
3785
3611
3615
3063
3061
3036
2981
3757
3609
3615
3063
2981
3757
3801
3067
2983
3799
3803
3813
3815
3603
3069
2979
3799
3803
3813
3812
3019
2965
2965
2977
3797
3816
3816
3823
3821
2726
2723
2751
2749
2247
2065
2245
2082
2068
2703
2282
2283
2281
2242
2069
2074
2703
2741
2274
2752
2287
2275
2186
2187
2689
2698
2757
2755
2273
2051
2111
2109
2075
2693
2689
2791
2261
2108
2109
2695
2691
2761
2761
2767
2789
2799
2661
2657
2769
2761
2765
2801
2788
2799
3589
2657
2813
2794
3604
3643
3591
3025
3033
2161
2815
2813
3643
3586
3029
3039
2683
2814
2809
3629
3587
3007
2683
2809
3753
3784
3585
3007
3006
2995
3755
3661
3660
3626
3626
2949
3006
2993
2995
3750
3611
3611
3625
3067
2993
2995
3751
3819
3827
3063
2991
2987
2985
2985
3751
3815
3017
3019
2990
3739
3802
3819
3823
3019
3021
2989
2987
2964
3739
3833
2071
2703
2725
2750
2745
2195
2194
2245
2071
2750
2746
2285
2067
2701
2701
2285
2274
2081
2068
2605
2699
2741
2187
2091
2069
2697
2699
2275
2186
2093
2091
2110
2698
2753
2752
2287
2289
2105
2692
2689
2691
2753
2755
2261
2289
2105
2679
2787
2261
3641
2567
2785
3589
2663
2659
2675
2784
2795
2797
3642
3643
3589
2668
2673
2794
2797
2799
3617
2684
2797
3663
3662
3628
3029
3020
3003
3663
3629
3631
3631
3029
3009
3005
3002
3661
3649
3631
3013
2949
3005
3754
3626
3013
3013
2950
3005
3717
3750
3747
3625
3017
3741
3836
3837
3827
3017
2991
2985
3839
3836
3833
2990
2964
3737
3743
3839
3833
3823
2745
2194
2201
2067
2123
2525
2747
2745
2285
2195
2201
2067
2605
2601
2747
2193
2177
2095
2113
2605
2601
2746
2287
2185
2603
2571
2211
2276
2277
2183
2095
2596
2577
2277
2093
2105
2577
2561
2791
2787
2291
2107
2107
2679
2565
2293
2291
3634
2107
2101
2662
2659
2677
2675
2785
2793
2674
2673
2567
2795
3647
2663
2669
2687
3647
3621
3617
2671
2665
2667
2685
2684
2687
2811
2811
3653
3620
2669
2671
2667
3002
3662
3655
3621
3009
2949
3669
3011
2945
2951
3003
3713
3712
3659
3651
3627
3015
3011
3009
3717
3714
3746
3831
2955
2957
3731
3717
3747
2953
2957
2959
3739
3741
3741
3837
3825
2953
2959
3737
3737
3743
3742
3835
3835
2527
2209
2209
2219
2223
2197
2207
2123
2196
2201
2205
2123
2113
2112
2527
2525
2570
2196
2203
2177
2119
2603
2571
2213
2095
2599
2569
2211
2099
2099
2595
2579
2579
2211
2279
2183
2564
2276
2101
2659
2679
2564
2563
2561
2787
2293
3635
2565
2295
2293
3635
3634
3633
2662
2666
2677
2589
2291
3619
3619
2668
2677
2586
2295
3657
3647
3623
3620
3705
2665
2651
2685
2585
3656
3653
3705
2587
3657
3656
3669
3703
2945
2950
3001
3715
3715
3659
3655
3651
3703
2945
3713
3655
3649
3015
2951
4063
3718
3745
3831
3011
2947
2954
4063
3719
3719
3723
3725
3829
3709
2961
2961
2955
2956
4055
3731
3731
3729
3835
3829
3825
2961
2959
3733
3735
3829
3825
2524
2219
2221
2223
2199
2131
2112
2521
2197
2206
2206
2117
2527
2215
2215
2205
2115
2597
2570
2213
2191
2179
2118
2599
2603
2575
2239
2213
2191
2178
2179
2183
2097
2599
2593
2595
2594
2579
2574
2574
2235
2099
2593
2594
2279
2301
2181
2681
2681
2563
2300
2303
3639
2101
2615
2589
3639
2680
2615
2655
2589
3633
3619
2649
2655
2591
3637
3637
3623
3705
2639
2586
3679
3665
2639
2651
2651
3665
2625
2625
4061
4057
3677
3673
3651
3703
2629
4085
4061
3676
3673
3697
4063
3721
3721
3699
2970
2971
3718
3723
3725
3831
2963
2971
3729
3735
3727
3763
3708
3709
2963
4049
4055
3735
3763
3761
3708
2523
2518
2221
2199
2203
2207
2131
2125
2523
2521
2221
2130
2216
2203
2141
2115
2117
2117
2509
2217
2215
2188
2189
2141
2597
2508
2239
2189
2097
2118
2119
2622
2580
2575
2239
2181
2097
3852
3853
2622
2581
2573
2573
2237
2300
2181
3855
2102
2621
2613
2563
2299
2301
2615
2611
2583
2297
2303
3855
3645
3845
2680
2641
2609
2583
2295
3637
3639
3849
2641
2643
3707
2649
2587
2591
2297
3667
3711
3707
2653
4059
3677
3679
3675
3667
2625
2653
4057
3675
3671
3667
3699
3700
2627
2631
4085
4061
3745
3697
3699
2627
2631
2975
4057
4039
4045
3015
4051
4055
3727
3761
2970
4050
4051
3733
3727
3763
2963
2969
4053
3733
2519
2499
2223
2175
2172
2171
2130
2517
2517
2518
2511
2172
2129
2125
2517
2511
2506
2216
2371
2370
2173
2515
2515
2217
2229
2132
2508
2509
2234
2188
2141
2580
2235
2227
3903
3852
2621
2621
2580
2237
2225
2231
3867
3845
3853
2613
2611
2237
2231
3865
3845
2623
2611
2609
2299
3865
3851
3851
2471
2299
3871
3847
2643
2467
2466
2591
2297
3849
3711
3707
2647
2643
2469
2469
3923
3923
2645
2644
2653
4059
3679
3675
3671
3701
4081
4059
3689
2627
2631
2629
3681
2975
4083
4039
3687
3681
3692
2973
2973
2975
4065
4065
4037
4035
4045
3687
3769
3693
3761
3769
2967
2967
3065
4049
4053
4053
3767
3768
3695
2523
2519
2497
2499
2151
2127
2501
2496
2137
2133
2125
2127
2515
2507
2507
2371
2173
2139
2139
2133
2135
2503
2501
2506
2370
2143
2139
2132
2503
2227
3897
2229
2234
2455
2225
2227
2143
3903
3901
3896
2229
2623
2481
2233
2451
3867
3843
2476
2475
2473
3869
3851
3843
3843
3847
2547
2465
2479
3871
3863
2647
2466
2470
3927
3925
3925
3861
3861
2645
2467
2471
3927
3921
3685
3701
2647
2491
2490
4081
3918
3921
2629
4081
4087
3913
3931
3671
3685
3685
3691
3689
4083
4037
3687
3691
2633
4037
4046
3681
3692
4067
4039
4047
3683
3767
3693
4070
4065
4033
4047
3771
3695
4033
4035
4041
3767
3771
2513
2533
2373
2171
2169
2151
2127
2513
2531
2497
2496
2438
2369
2137
2148
2513
2369
2463
3891
2135
2505
2369
2439
2457
2463
3899
2557
2559
2553
2453
2463
2143
3889
3903
3901
3899
3897
2558
2487
2459
2546
2483
2455
2455
3869
3841
3841
2481
2481
2449
3871
3867
2546
2495
2477
2477
2475
2451
3869
3859
2465
2476
2473
3861
3862
3847
2479
2475
3863
2490
4003
4003
3927
3945
2637
2491
4002
3917
3953
4073
4001
3919
3929
3929
3953
2633
2633
4094
4087
3913
3913
3931
3931
3959
3967
3691
2635
2635
4075
4083
4067
4075
4067
4043
3905
3565
4075
4079
4071
4046
3683
3765
3564
4069
4070
4071
4033
4043
4041
4047
3765
3771
2531
2533
2435
2434
2654
2170
2151
2153
2529
2434
2373
3873
2529
2531
2540
2543
2437
3891
2153
2557
2557
2553
2543
2155
3889
3901
2555
2439
2457
2461
3875
2559
2549
2487
2453
3893
3896
2551
2549
2549
2483
2486
2452
2459
2459
3885
2551
2551
2483
3215
3857
2547
2449
3859
2545
2495
3327
3327
3862
2493
2495
3945
2493
2493
2489
4007
4007
3917
3934
3941
3941
4007
4002
3933
3954
3955
2637
4094
3983
3918
3935
3935
3749
2635
4073
3983
3914
3561
4093
3971
3906
3965
3967
3967
4078
3971
3906
3905
3963
3773
3773
3565
4079
3973
3972
3999
3775
3773
3566
4069
3975
3972
3765
3963
2326
2144
2149
2149
2529
2435
2144
2153
2537
2541
2383
2170
3873
2540
2437
2437
2383
3894
3879
3879
2351
2485
2155
3895
3875
2555
2485
2457
2461
3893
3875
2555
2350
3255
3893
3884
3884
2357
3251
3263
3255
3215
3857
3885
2357
2367
4010
4010
3263
3949
2357
2367
4015
4011
4005
3263
3253
3947
3947
3951
4013
4005
3241
3951
3951
4025
4029
4013
4005
3241
3243
3943
3941
3473
4026
4028
4031
3934
3955
3957
4095
3919
3954
3957
4089
4095
3981
3979
3995
3911
3909
3965
3937
4093
3970
3970
3995
3910
3965
3561
3563
4093
3980
3973
3993
3907
3909
3961
4078
4077
3999
3907
3963
3775
3975
3997
3999
3915
2326
2539
2433
2444
2375
2375
2145
2145
3171
2539
2445
2443
2447
2375
2147
2147
2319
2541
2442
2447
3879
2443
2383
2159
2159
3877
2355
2485
2397
2157
3894
3877
2355
2350
2387
2460
3895
3877
2353
2359
2353
3209
3213
3203
3882
2353
2349
3251
3213
3203
4015
3253
3252
3215
3201
3887
4015
4011
3252
3213
3219
3949
3491
3243
3947
3475
4027
4027
4013
3491
3943
3473
4029
4031
3489
3489
3933
3301
3300
3943
4089
4091
4028
3979
3911
3957
3939
4089
4019
3979
3910
3964
3964
3937
3939
3563
3980
3981
3995
3961
3937
3993
3775
3567
3563
3553
3997
3991
3291
3295
3293
3567
3997
3295
3293
2323
2323
2444
2391
2377
2377
3171
3169
2539
2445
2379
3171
2319
2537
2535
2381
2379
2159
3181
2311
2319
2535
2442
2441
2381
3206
2351
2347
2157
3207
2355
2345
2387
2397
2399
3883
3883
2359
2397
3209
3203
3882
2359
2365
2349
2349
3201
3881
2365
2365
3467
3251
3249
3239
3211
3211
3887
3475
2367
3249
3222
3464
3465
4009
3467
3461
3237
3239
3219
3475
4025
3487
3491
3233
3300
3479
4025
3471
3299
3297
4018
3457
3488
3301
3299
4091
4018
3909
3303
3939
3561
4017
4019
4021
3977
3281
3283
3289
3555
3977
3989
3281
3283
3283
3289
3553
3557
3559
3559
4020
3314
3291
3271
3557
4023
4023
3991
3314
3319
3295
3269
2327
2431
2390
2391
3173
3173
2327
2323
2321
2389
2390
3172
3172
3169
3169
2309
2321
2385
3175
2535
2395
3179
3175
2308
2347
2395
3207
3175
2311
2363
2337
2394
2393
3206
3257
2337
2363
2337
2398
2399
3205
3205
3257
2361
3515
3505
3238
3209
2361
3517
3211
3223
3487
3465
3503
3217
3217
3222
3477
3487
3502
3237
2607
3477
3471
3464
3471
3461
3233
3233
3221
3222
3479
3479
3461
3463
3493
3297
3304
3316
3457
3463
3493
3247
4090
3459
3463
3245
3303
3307
3531
3555
3985
3287
3298
3555
3459
4020
4021
3315
3267
3271
3270
3989
3317
3317
3552
3991
3315
3319
3319
3267
3269
2431
2425
2425
2377
2421
2389
2401
2314
2421
2406
3181
3153
2309
2385
3195
3193
3183
2308
2305
2339
2385
2393
3195
3194
3193
3179
2307
2304
2347
3229
2305
2339
3511
3510
2361
3514
3229
3261
3259
3259
3507
3505
3509
3510
3227
3227
3260
3519
3517
2607
3469
3469
3235
3221
3477
3533
3502
3495
3237
3235
3533
3485
3247
3235
3305
3529
3530
3305
3304
3531
3481
3483
3485
3245
3245
3247
3087
3307
3521
3459
3285
3265
3279
3526
3985
3331
3265
3265
3277
3270
3577
3577
3579
3987
3267
3525
3989
3331
3313
3275
2317
2317
2422
2403
2401
2413
2415
2415
3155
2317
2421
2403
2405
2415
3155
3155
2315
2315
2423
2417
2417
3183
2314
2423
2411
2411
3183
3161
2307
2411
3187
3177
2304
2343
3163
3161
3551
2339
3189
3259
3545
3545
2341
3515
3514
3505
3511
3547
3551
3509
3225
3519
3518
3499
3509
3261
3227
3225
3549
3534
3501
3503
3221
3535
3469
3495
3231
3230
3311
3310
3541
3529
3535
3379
3495
3087
3529
3285
3287
3081
3081
3483
3285
3287
3083
3087
3521
3483
3279
3481
3987
3279
3526
3331
3343
3277
3277
3527
3525
3579
3987
3275
3275
2427
2425
2403
2412
3401
2335
2427
2427
2413
2409
2407
2405
2405
2409
3153
3197
2313
2407
3177
3157
3197
2325
3185
3187
3188
3188
3161
3196
2325
3513
3185
3189
3196
2343
3513
3191
3199
3199
2341
3496
3498
3321
3117
3117
3547
3549
3551
3501
3323
3518
3499
3231
3225
3541
3534
3381
3497
3311
3533
3383
3085
3311
3309
3537
3379
3380
3380
3309
3377
3097
3075
3325
3523
3523
3390
3329
3329
3082
3083
3324
3527
3583
3343
3324
3525
3583
3583
3333
3101
3273
2160
3333
3273
3401
2333
2174
3159
2334
2334
2333
2175
3151
3159
2335
2419
3157
3157
2162
2329
2418
2419
3187
3393
2329
2331
3163
3395
3442
3163
3115
3395
3451
3131
3114
3397
3397
3425
3451
3451
3449
3191
3199
3113
3113
3119
3546
3395
3321
3397
3431
3449
3118
3435
3435
3345
3323
3543
3435
3383
3381
3345
3539
3344
3085
3539
3375
3377
3099
3075
3073
3375
3379
3099
3097
3099
3075
3325
3537
3097
3077
3575
3575
3583
3390
3334
3335
3101
3093
3573
3573
3582
3334
3335
3273
3573
2103
3581
3333
3101
2333
3166
3143
3158
3403
2174
3166
3147
3145
3145
3151
3143
3403
2429
3165
3139
3403
2428
2428
3599
3165
3129
3128
3137
3407
3129
2331
3429
3443
3441
3131
3131
3133
3115
3407
3399
3429
3442
3133
3399
3425
3427
3114
3425
3426
3449
3119
3323
3118
3119
3543
3433
3455
3455
3107
3433
3433
3387
3353
3347
3437
3387
3347
3105
3538
3437
3387
3073
3569
3537
3385
3103
3074
3569
3575
3375
3391
3389
3341
3093
3093
3077
3391
3389
3076
3360
3389
3342
3090
3361
3581
3090
3091
2167
2166
3149
2163
3167
3167
3139
2429
2163
3147
3147
3139
3407
3598
3137
3412
3443
3441
3393
3443
3123
3417
3399
3405
2619
3134
3125
3125
3419
3427
3445
3445
3349
3134
3348
3349
3135
3418
3419
3431
3454
3453
3348
3107
3109
3109
3571
3423
3357
3353
3437
3359
3357
3105
3571
3439
3373
3359
3111
3569
3438
3373
3103
3438
3373
3385
3341
3089
3363
3341
3339
3361
3339
3095
3079
3365
3367
3360
3369
3337
3337
2782
3091
2167
2166
2165
3149
3149
3150
3141
2617
3141
3413
3413
3141
3415
3412
3411
2617
3123
3415
3411
3411
3023
2617
3123
3023
2619
3969
3127
3127
3404
3127
3417
3405
3447
3421
3447
2619
3125
3421
3447
3351
3421
3423
3453
3351
3135
3453
3107
3109
3571
3423
3355
3355
3111
3439
3359
3111
3079
3339
3365
3365
3363
3371
3095
3079
3367
3367
3369
3371
2088
2089
3370
3095
