512
466
439
438
437
437
387
387
466
457
393
393
387
465
457
457
462
441
439
436
501
501
465
462
446
447
393
394
393
501
501
463
504
435
395
500
500
501
511
511
504
398
395
395
395
500
500
510
511
296
398
296
395
502
502
502
503
510
504
337
296
300
502
499
496
507
343
337
337
337
297
301
297
318
499
496
496
506
507
343
343
344
344
301
315
318
350
345
344
315
315
315
319
319
37
345
259
315
313
36
350
345
259
259
285
285
285
41
43
36
38
370
350
368
368
286
284
83
41
43
39
39
38
370
370
368
286
281
83
43
43
39
39
371
280
82
30
30
381
381
280
281
84
85
89
30
30
30
376
376
381
380
282
85
89
28
28
31
377
380
380
380
282
282
84
85
89
28
28
440
440
440
441
440
441
438
438
438
437
437
386
386
387
387
387
466
466
466
464
457
457
457
456
440
441
439
439
439
436
438
392
386
387
387
387
466
385
466
466
466
465
465
465
457
463
457
462
440
446
446
439
439
436
436
436
393
393
393
385
385
385
501
465
463
463
463
462
462
462
446
446
447
435
436
436
393
393
394
384
385
500
501
501
501
511
465
511
511
504
446
446
447
447
447
447
435
398
395
394
394
394
394
500
500
501
511
511
511
504
504
504
342
447
447
435
398
398
395
395
502
503
503
503
500
499
511
510
510
510
504
504
504
342
342
342
337
339
296
296
395
300
395
502
502
503
499
503
499
499
498
510
498
510
504
505
505
342
342
337
336
336
296
297
297
300
300
315
502
502
503
498
498
496
506
506
506
343
343
343
337
336
336
297
297
301
300
314
318
318
318
499
496
496
497
496
506
506
507
507
507
343
343
336
336
336
301
301
301
315
315
315
319
318
496
496
496
496
496
37
506
507
37
344
344
344
344
259
344
259
301
259
258
315
315
319
313
319
319
319
319
36
46
46
36
37
37
37
350
350
345
344
259
259
285
285
285
284
313
313
41
41
41
36
46
36
38
38
37
350
345
345
345
259
286
286
285
285
284
41
41
41
41
36
39
36
38
38
350
350
368
286
286
285
285
284
83
41
83
41
40
43
43
39
39
38
39
38
370
370
370
368
368
368
368
369
280
280
281
284
83
82
43
43
42
30
39
371
371
370
370
368
368
280
280
280
281
281
281
83
82
82
82
82
90
43
43
30
30
30
30
25
25
376
376
381
381
280
280
281
84
82
83
82
90
90
90
90
28
31
31
25
376
377
377
377
381
381
282
282
84
84
85
85
90
89
89
89
28
28
28
31
31
376
376
377
381
377
380
380
282
282
282
84
84
85
85
89
28
28
31
31
31
31
377
380
438
464
440
441
441
438
438
438
437
437
386
386
390
386
389
389
387
467
467
467
466
464
457
457
456
456
440
440
440
441
439
439
439
436
436
437
437
437
392
392
386
387
387
385
467
467
465
457
463
456
462
440
443
439
434
436
436
436
392
393
392
384
384
384
384
385
385
385
467
467
465
465
465
462
462
462
446
446
444
444
439
435
393
394
384
384
385
467
465
461
463
461
463
460
504
462
446
447
447
444
435
435
398
398
398
394
394
394
500
500
500
509
511
510
511
505
446
445
447
435
398
398
396
396
503
503
498
510
510
505
505
342
342
341
339
339
296
502
503
499
498
498
498
509
510
508
342
342
339
337
336
339
297
296
296
296
300
300
502
503
499
499
499
498
497
509
509
506
506
507
507
343
337
343
337
336
336
297
297
297
300
300
301
314
318
317
317
318
318
317
316
497
497
506
506
49
337
344
336
298
301
301
314
314
318
318
319
497
37
49
49
349
350
349
344
344
258
258
258
302
314
314
313
319
319
47
46
46
46
46
37
37
37
350
350
351
345
345
259
259
258
285
312
313
313
319
47
47
46
46
36
32
34
37
350
351
351
351
345
347
347
347
347
256
286
284
284
313
40
47
47
36
32
38
34
351
370
368
368
286
286
285
284
284
40
40
40
42
42
32
32
39
38
370
369
369
287
286
287
281
287
284
83
40
42
42
42
39
24
38
370
371
370
369
369
280
287
281
284
281
83
81
80
81
82
91
30
24
25
25
371
371
376
376
383
381
383
283
283
283
80
80
80
90
91
91
29
25
25
25
25
376
378
377
382
380
282
283
84
85
85
90
90
90
91
88
29
29
31
376
376
379
377
377
380
380
380
380
282
282
84
84
85
86
89
86
88
88
89
88
88
28
29
29
29
29
29
31
31
432
440
442
441
442
441
438
438
432
432
437
432
390
390
390
389
389
389
467
471
467
464
464
464
457
459
459
456
456
456
456
443
443
432
432
392
390
390
386
391
389
389
467
464
464
459
456
460
443
443
443
434
434
434
434
392
392
391
384
385
385
470
470
464
461
463
460
460
443
444
444
444
444
434
434
399
399
394
394
384
384
470
470
469
468
469
461
461
461
460
460
446
444
444
445
435
399
399
396
397
397
470
495
509
509
461
460
482
445
445
445
435
435
398
398
399
399
396
397
494
500
498
498
492
509
508
508
508
505
505
341
341
341
341
339
339
339
299
299
296
296
396
494
503
494
493
508
509
508
505
340
340
341
339
339
299
299
298
300
300
303
317
494
493
497
498
497
509
507
507
507
505
343
340
338
338
299
299
298
298
300
303
314
317
317
316
497
497
57
49
48
348
348
340
337
348
298
298
302
302
314
314
317
316
316
316
316
56
57
49
49
349
346
346
258
258
302
312
312
314
316
312
316
316
47
46
46
57
57
49
49
37
349
351
346
346
256
258
261
312
313
44
47
47
46
32
32
32
34
34
351
351
347
347
256
258
256
258
261
313
261
312
44
44
45
45
45
32
32
34
34
347
374
369
347
256
287
261
261
83
44
45
40
42
42
32
34
34
372
372
374
372
369
287
287
287
287
81
261
81
40
40
42
42
42
32
24
24
26
372
372
375
369
369
369
287
280
281
80
81
81
40
42
24
26
371
378
378
383
383
383
383
80
80
80
80
81
94
91
91
29
24
24
25
379
378
378
378
382
383
283
283
84
87
87
87
94
94
91
88
91
29
25
27
379
379
379
378
378
378
382
382
283
278
283
87
86
86
86
94
88
88
88
88
88
29
27
23
23
382
23
442
442
442
442
421
432
432
432
432
390
390
390
389
389
391
389
471
471
468
464
459
459
459
456
442
442
442
432
434
433
392
390
390
390
391
389
388
471
471
468
471
468
459
459
456
443
443
442
434
434
433
433
433
392
392
391
391
388
391
471
470
470
471
468
469
461
469
461
459
461
460
460
443
443
444
434
433
399
397
391
470
468
469
461
469
461
460
460
445
445
445
444
424
425
425
399
396
397
384
470
470
492
495
469
469
508
508
482
482
482
341
341
445
445
425
425
399
396
396
397
494
495
495
495
492
495
492
492
509
508
486
508
482
482
341
341
341
341
338
299
299
299
303
397
494
494
493
493
486
508
486
487
508
505
340
340
338
338
299
298
303
303
303
494
305
317
493
486
486
48
340
340
338
338
298
298
298
303
303
317
309
309
497
59
59
48
48
48
48
348
348
348
338
298
298
302
302
302
314
317
309
316
308
59
57
59
57
59
57
49
48
348
349
348
348
346
346
289
302
302
302
312
312
312
316
308
316
56
56
57
49
49
349
346
346
346
256
256
257
263
312
312
47
47
45
45
56
57
57
34
34
349
351
351
347
328
347
347
256
256
256
257
263
261
312
44
44
45
33
33
33
35
34
373
374
373
374
347
256
257
257
257
261
261
261
44
45
45
32
33
33
35
35
372
373
374
374
287
272
272
261
261
81
40
15
14
14
14
24
24
26
26
372
375
375
374
374
383
283
272
272
272
272
72
81
15
15
15
14
24
24
26
26
26
372
375
375
378
383
383
383
275
283
273
273
80
80
94
94
94
91
91
5
27
27
379
379
379
383
382
283
275
278
273
87
87
87
87
94
94
27
27
27
23
379
379
378
364
382
382
278
278
278
87
86
86
95
95
95
5
23
23
421
422
423
423
421
421
432
400
401
400
401
389
401
401
388
388
471
468
464
458
459
458
458
458
459
422
422
423
423
421
433
433
400
402
391
388
388
471
471
472
468
468
458
458
450
450
422
423
420
420
433
433
433
402
402
402
388
476
471
468
469
453
453
460
431
431
431
431
430
431
424
431
424
425
402
399
402
402
391
402
478
468
469
452
452
431
430
431
430
430
424
424
424
425
396
396
411
411
397
495
478
470
492
469
486
452
452
452
445
323
424
425
425
399
413
411
397
397
494
495
495
494
492
492
486
487
487
482
340
323
322
338
291
291
396
396
494
493
493
493
486
492
486
487
486
487
482
482
340
322
338
338
291
291
303
303
305
305
494
493
493
493
485
486
48
487
48
51
340
322
338
291
303
307
309
309
485
493
59
59
59
51
348
331
348
346
330
289
302
307
307
307
309
309
308
309
308
309
59
59
51
50
334
348
331
331
289
257
289
302
307
306
306
308
308
56
56
56
57
57
48
48
50
349
349
335
328
346
328
328
257
257
263
263
306
306
308
44
45
56
33
56
35
35
349
351
328
257
263
260
260
44
44
45
45
33
33
35
33
35
373
373
328
328
328
256
257
263
263
260
260
13
13
14
14
33
35
373
373
374
357
275
275
272
262
260
72
72
15
15
14
14
3
3
3
20
372
372
375
375
374
356
275
275
275
272
272
72
72
72
15
15
14
3
3
26
26
366
372
375
364
361
275
275
273
273
273
273
73
73
94
72
15
27
2
27
26
27
26
365
365
364
364
364
361
278
273
273
279
75
75
75
95
5
5
5
0
27
367
365
365
364
378
364
362
278
278
278
279
278
86
86
86
95
95
95
5
4
0
23
23
423
423
423
423
421
421
416
400
400
401
400
401
388
388
476
472
472
472
458
458
449
448
448
448
423
421
420
420
421
403
403
400
403
401
401
405
388
476
472
472
458
458
449
449
450
422
420
402
402
406
406
476
472
472
474
453
453
450
431
431
424
403
402
402
406
406
478
478
478
478
475
453
453
452
452
455
431
430
424
413
413
411
411
490
495
478
478
452
452
430
430
430
430
424
424
425
413
413
411
411
490
490
490
484
487
487
482
482
323
323
322
291
425
291
415
411
411
411
490
490
491
492
492
485
485
487
487
482
322
322
322
291
291
305
490
491
491
486
485
58
487
51
51
51
321
330
321
330
330
288
288
307
304
309
58
51
51
51
334
334
330
330
330
330
289
289
289
288
307
307
307
307
304
306
309
309
58
58
334
334
334
329
329
289
289
307
307
306
308
308
308
63
56
59
50
335
335
265
257
263
306
310
308
310
63
63
50
56
50
335
335
328
328
265
265
263
263
260
260
44
63
63
62
35
35
50
50
373
328
357
328
265
262
262
263
262
260
12
13
13
14
3
3
35
373
373
373
375
357
357
356
274
262
262
260
72
72
13
15
3
3
10
366
373
375
361
356
361
275
274
272
262
73
13
14
2
2
1
366
366
365
361
361
274
275
273
272
73
73
73
67
15
5
2
2
366
365
365
361
274
273
279
279
75
75
67
95
4
5
0
0
0
1
367
365
364
362
278
279
279
279
279
75
75
75
75
75
67
95
5
5
5
0
0
95
423
421
416
400
401
400
407
405
405
388
476
472
449
449
449
448
422
420
421
416
400
407
406
475
475
449
422
429
420
420
420
417
403
406
406
476
476
472
474
453
450
450
431
426
428
426
413
412
406
479
476
478
474
453
453
452
429
430
424
413
426
413
413
413
411
412
406
410
479
478
484
453
452
455
455
323
323
323
322
427
426
427
413
413
411
490
490
490
484
484
481
483
483
323
321
323
322
427
410
410
490
491
484
485
483
483
321
325
291
290
411
288
410
305
491
485
485
58
483
321
334
330
330
291
289
305
304
305
311
485
58
58
51
334
330
330
290
288
288
295
305
311
311
60
58
51
50
334
331
329
264
264
264
288
295
306
306
311
62
55
54
335
335
329
329
329
265
295
294
306
61
63
63
62
62
50
359
335
357
265
265
265
265
269
260
306
310
63
63
63
62
62
62
359
359
357
265
262
260
12
12
63
62
50
357
274
262
269
262
269
12
13
13
9
3
8
10
366
359
361
356
356
274
262
269
73
15
13
2
2
2
10
2
2
366
363
360
361
274
268
277
73
73
64
13
13
6
6
6
1
1
366
366
365
362
276
75
73
67
67
67
7
5
7
6
0
365
364
364
362
362
279
279
68
68
66
67
4
7
6
0
423
416
407
407
405
473
473
475
472
448
417
403
405
406
476
473
472
475
449
449
420
403
407
407
406
476
474
450
448
428
426
477
474
453
449
455
430
428
426
412
409
484
484
454
429
426
426
415
412
410
480
320
322
325
325
415
415
491
488
485
484
320
324
325
288
305
491
488
58
483
483
321
321
290
288
288
305
304
60
58
54
55
54
54
331
295
311
54
332
334
332
293
295
304
310
60
60
60
60
55
332
329
264
264
294
310
55
335
335
270
270
61
62
50
359
359
357
357
265
269
270
9
63
8
8
50
10
357
356
274
269
12
9
10
361
361
360
64
64
13
6
2
10
361
274
268
69
69
67
9
2
1
365
363
66
67
7
367
362
279
277
279
68
67
6
4
423
400
475
448
420
416
407
477
477
474
453
448
407
404
449
422
428
417
412
409
477
455
478
454
455
426
427
415
410
479
481
323
415
491
489
484
483
483
323
325
290
290
410
488
485
290
288
304
55
54
52
334
331
331
331
288
304
60
55
54
332
264
295
295
294
304
311
60
332
329
270
310
310
62
335
333
329
264
264
267
270
359
270
359
357
269
64
12
10
10
366
356
274
268
64
9
8
366
366
276
69
67
9
367
363
363
276
68
66
7
363
363
276
7
66
7
0
0
416
400
405
473
475
448
422
416
417
407
405
450
428
403
404
477
474
454
428
426
412
409
479
474
454
428
428
427
412
412
409
484
323
427
415
415
479
489
489
455
455
455
322
427
491
489
484
320
324
325
290
488
488
321
321
294
304
54
332
290
293
295
295
304
311
60
61
61
55
55
332
294
54
267
12
19
62
55
266
269
269
12
9
8
11
358
359
360
356
268
271
9
10
358
360
360
65
8
360
268
64
65
6
1
1
363
68
6
276
68
66
7
419
416
405
405
477
473
475
422
404
405
449
417
409
477
477
474
474
428
417
417
427
477
479
455
429
409
479
479
480
481
454
426
410
480
320
325
415
415
410
489
480
481
321
320
491
481
483
290
304
311
488
60
295
60
55
331
264
264
310
61
332
333
329
267
11
333
333
265
270
12
11
11
359
356
271
359
356
268
269
9
9
8
358
274
64
10
1
367
360
277
64
65
8
367
363
276
276
69
66
7
367
363
276
276
277
68
68
66
66
4
0
419
416
417
405
473
451
448
416
417
417
407
404
477
475
448
428
412
404
477
454
450
428
409
474
480
454
455
428
426
414
412
409
454
324
414
410
489
480
320
320
324
427
414
410
489
480
325
290
415
491
488
488
52
320
324
293
304
53
321
295
295
60
52
332
332
294
61
61
55
55
54
332
333
294
294
294
270
61
333
333
267
271
270
333
266
269
12
19
8
11
358
358
357
356
271
10
11
358
360
64
65
360
276
69
69
6
4
367
362
69
66
6
7
367
276
276
66
7
66
4
4
416
416
407
407
473
451
475
451
419
404
404
477
474
451
429
403
479
412
479
479
480
324
429
427
414
409
480
481
481
455
320
320
410
489
481
481
320
324
325
325
414
292
488
326
326
324
290
293
311
52
293
293
61
52
52
332
331
264
294
292
52
54
333
333
267
294
294
16
355
267
270
19
11
267
267
271
19
11
11
352
266
268
271
19
8
11
360
268
268
65
9
1
358
360
360
277
277
65
1
367
362
69
65
65
4
367
363
363
362
277
69
7
451
419
419
419
418
200
473
451
419
418
404
473
451
419
419
404
454
451
154
429
419
454
451
429
429
409
408
479
480
480
454
429
414
414
414
489
481
324
324
414
414
489
488
481
489
53
325
292
488
52
326
326
327
292
293
311
53
52
52
267
293
311
311
52
267
310
18
19
61
17
333
355
271
18
17
17
354
354
266
271
271
19
19
11
354
352
271
19
11
358
354
352
266
268
70
8
358
70
21
21
20
358
358
362
277
65
21
21
362
277
69
71
4
418
200
200
200
451
155
418
404
200
200
451
154
418
404
200
205
451
154
418
408
201
154
408
408
408
205
154
408
205
202
324
154
159
408
205
53
327
159
292
205
205
53
53
326
327
327
327
292
292
293
327
327
292
293
53
326
355
355
292
53
17
16
355
355
355
267
271
18
17
355
19
18
16
352
18
352
266
352
271
70
19
22
354
354
354
268
70
70
19
18
353
353
277
70
71
353
353
353
70
71
21
20
353
353
68
71
71
71
71
21
21
131
131
130
201
227
418
130
200
201
203
419
418
130
200
201
203
154
154
418
128
200
205
153
418
418
204
202
202
153
153
154
154
408
159
408
408
202
327
327
327
293
205
53
202
159
205
53
53
16
326
326
327
292
206
205
16
150
327
231
231
17
17
326
150
355
266
231
231
16
355
355
266
231
231
17
22
354
352
352
266
271
231
16
16
18
17
22
354
266
70
16
18
18
352
18
353
353
229
228
70
76
21
226
226
353
225
228
71
21
21
20
226
353
71
20
20
155
155
131
131
130
130
201
203
201
201
209
203
155
155
130
200
201
203
203
152
128
201
203
152
128
204
204
204
204
202
153
153
153
153
154
159
204
204
202
153
204
204
202
153
153
159
159
159
159
207
202
206
207
199
157
150
206
199
16
150
206
205
199
17
194
326
150
231
17
22
149
150
150
206
17
239
22
352
229
229
76
354
229
229
228
77
76
18
22
354
226
228
77
76
21
22
226
226
353
225
228
77
76
22
226
225
228
77
131
131
130
130
201
209
155
155
131
130
209
203
155
141
130
130
201
152
141
128
128
153
152
141
129
128
128
128
203
203
158
129
128
204
203
153
158
158
158
129
207
207
204
195
158
206
207
207
199
157
157
157
206
207
194
151
157
206
207
207
199
194
16
150
206
199
194
194
149
150
146
230
230
192
194
150
230
230
231
239
239
149
149
229
229
229
230
76
232
148
149
229
229
230
236
239
239
148
148
226
225
229
77
76
225
225
228
76
76
76
22
286
225
228
77
76
76
22
142
142
131
209
209
209
155
142
142
211
209
209
142
142
140
132
211
211
209
209
152
152
141
141
128
128
211
152
152
141
128
202
152
158
158
129
202
195
195
152
129
441
152
158
159
129
157
206
207
199
199
195
194
151
151
206
151
151
230
207
194
194
151
146
146
207
233
239
151
148
149
230
230
232
148
149
149
230
231
239
239
238
148
148
149
239
239
148
149
149
229
230
77
238
225
236
236
237
145
228
236
237
226
225
228
22
142
142
140
131
211
211
211
208
142
142
208
208
140
140
132
211
210
141
132
210
209
208
132
129
211
214
158
133
129
129
215
215
152
158
158
129
131
215
195
195
158
157
131
199
199
195
151
159
195
195
147
199
195
151
151
146
146
146
233
193
194
151
233
194
151
230
232
239
148
232
239
239
238
148
175
224
236
238
144
175
224
224
236
236
145
145
145
175
175
224
224
224
235
236
238
226
226
189
224
224
224
235
236
237
237
142
140
140
208
143
140
140
210
210
208
143
143
132
210
208
208
143
143
140
132
214
137
143
133
214
139
133
129
129
214
215
214
138
138
212
212
192
195
136
147
147
233
197
192
192
195
136
146
146
197
197
193
146
147
233
233
193
151
146
147
233
233
233
239
145
145
144
234
233
175
175
232
232
232
238
238
144
148
174
175
235
236
238
175
175
234
235
238
145
174
174
174
224
235
235
237
238
224
224
235
237
143
143
132
403
211
210
210
208
143
143
140
133
132
210
143
141
132
196
215
208
138
140
133
196
196
215
215
137
139
196
214
215
215
215
214
137
137
133
196
136
139
139
133
197
197
192
192
139
138
197
197
136
147
147
147
212
197
192
136
146
147
233
193
193
147
193
145
169
169
247
247
144
145
169
169
234
247
144
172
234
234
232
247
247
172
175
234
234
232
232
244
244
238
144
144
175
174
235
240
237
174
174
235
237
249
145
174
174
174
174
235
235
235
237
237
143
134
134
134
211
210
210
138
134
132
215
138
138
141
133
215
208
138
138
141
214
215
137
139
133
196
196
219
137
139
139
216
219
137
137
137
139
138
197
197
219
136
137
139
138
216
192
136
212
197
192
146
160
382
382
193
136
136
193
246
136
136
145
160
160
234
234
247
246
172
160
247
247
247
172
169
234
247
371
144
172
169
241
144
172
171
240
244
244
244
172
171
240
244
244
144
174
170
170
235
240
249
144
170
170
254
180
223
223
223
180
134
223
210
180
196
211
218
133
133
196
218
219
181
214
216
219
137
196
212
216
218
178
216
219
219
212
213
216
192
219
178
179
160
160
192
178
179
161
160
212
213
193
193
246
160
234
213
246
179
163
213
213
246
246
173
163
163
247
247
245
163
241
247
245
173
172
171
171
241
244
245
172
171
171
241
241
244
157
157
172
171
171
251
240
241
244
172
170
170
254
249
170
170
170
240
180
180
134
135
198
198
223
223
114
180
134
134
134
198
223
179
180
141
134
134
218
181
134
196
222
223
218
218
179
139
188
214
219
218
178
181
189
216
178
178
178
181
212
216
216
219
178
178
183
189
217
161
213
213
213
217
246
161
160
213
213
213
246
165
213
193
173
161
163
163
165
173
163
165
165
241
246
173
163
169
241
245
245
173
162
171
241
241
241
244
245
245
156
171
171
241
245
245
251
249
157
157
170
251
249
249
157
170
254
249
180
198
114
180
135
222
223
114
179
181
222
222
223
179
179
181
135
222
181
222
179
183
189
188
212
218
218
218
179
189
216
217
218
178
182
183
183
217
217
218
165
165
217
217
243
182
182
165
160
165
243
173
161
161
163
165
167
243
246
161
163
240
240
243
173
162
162
165
240
248
248
245
245
173
162
162
168
169
248
248
248
156
168
248
248
249
156
156
156
168
251
249
249
252
168
168
251
251
251
249
180
135
198
198
198
114
114
177
177
198
114
114
114
176
181
135
223
114
181
135
188
222
176
181
188
222
222
220
179
183
188
188
222
183
188
188
217
217
217
188
188
217
182
182
160
167
217
243
161
243
243
243
182
161
161
161
165
167
167
167
386
182
162
164
167
167
243
182
182
163
162
164
164
242
242
162
164
242
173
173
162
164
248
248
242
156
168
250
248
252
252
156
168
250
156
251
252
252
177
371
135
198
198
114
177
123
135
198
114
176
177
121
189
114
112
176
176
183
181
120
120
176
176
189
188
222
220
183
183
190
220
183
183
191
191
220
220
183
187
191
220
220
182
191
191
243
77
186
186
167
243
182
162
162
167
167
167
243
184
186
167
242
242
184
473
164
164
168
164
164
242
184
96
250
168
168
250
250
253
252
253
169
169
251
251
156
156
250
250
251
251
251
252
135
135
122
122
121
122
122
122
121
113
123
123
122
113
177
176
120
120
112
112
176
189
120
120
112
176
176
176
184
190
191
191
190
190
191
220
220
184
191
191
191
220
220
187
190
166
185
220
186
166
166
186
186
166
255
184
186
103
254
184
254
254
242
242
184
96
96
96
164
164
254
254
242
242
185
168
254
253
253
253
185
250
253
253
169
250
252
253
185
250
253
253
177
177
123
122
121
121
121
113
177
123
113
177
177
123
123
112
113
123
123
189
189
122
112
189
120
112
227
190
190
120
112
112
190
126
126
112
184
184
190
191
184
190
166
166
187
166
221
186
166
221
221
186
186
103
221
221
255
227
186
186
103
108
255
184
108
108
255
96
108
108
185
96
100
108
185
96
97
97
100
253
185
250
100
71
253
185
101
97
252
122
93
20
110
110
123
122
121
121
122
122
122
121
227
111
120
113
227
123
107
107
120
120
112
123
107
227
190
120
166
126
126
166
126
126
126
124
124
124
166
221
187
103
221
227
103
103
103
255
79
109
109
255
187
103
103
103
102
96
96
102
102
108
255
255
185
185
187
96
100
102
108
255
101
100
255
92
101
101
100
252
180
100
252
20
110
93
113
110
110
93
113
113
110
111
113
113
93
110
111
107
110
104
104
112
125
107
117
126
125
107
126
126
124
124
107
107
107
120
126
126
119
124
124
221
124
125
107
119
125
125
102
221
227
125
103
102
187
102
187
96
96
109
119
97
102
108
109
108
92
92
101
100
102
108
92
92
101
100
100
108
92
223
101
100
110
118
375
110
93
115
115
115
115
118
111
115
110
111
111
227
116
117
118
125
116
104
107
116
116
116
126
125
124
104
105
117
104
104
117
104
104
107
119
221
119
119
381
125
119
125
125
103
106
102
103
102
119
187
97
101
119
187
109
92
92
97
97
101
105
99
108
109
101
109
99
109
99
101
102
109
79
115
115
115
115
110
111
79
115
115
118
118
93
78
115
118
105
442
124
105
105
117
117
124
116
117
74
124
255
105
105
116
117
116
119
104
106
104
104
106
119
118
106
78
97
97
106
119
97
106
109
92
101
99
98
97
101
105
109
99
105
105
99
101
105
99
99
111
99
105
105
382
109
111
79
79
79
115
115
118
121
79
115
118
127
127
254
127
127
127
78
254
78
117
117
125
127
127
78
117
227
127
106
74
116
117
74
74
74
106
116
74
74
116
116
119
118
23
74
106
119
106
78
93
97
78
93
98
98
97
106
79
111
111
225
98
98
98
98
227
111
98
99
79
98
98
93
99
99
401
79
78
121
121
127
127
127
78
127
20
20
371
117
106
78
106
118
23
74
111
99
98
99
