512
77
242
242
243
243
77
9
9
10
70
70
76
11
11
14
14
14
255
244
244
79
12
12
14
254
70
71
70
79
12
15
254
239
71
71
79
84
12
13
13
15
229
239
71
86
84
85
20
13
236
236
83
83
86
86
87
85
85
20
19
231
236
83
83
86
85
23
19
227
231
231
231
237
82
394
392
392
392
23
19
227
227
336
336
82
394
394
339
339
340
340
390
386
386
411
339
337
340
390
409
256
339
337
337
337
341
341
384
459
458
410
319
319
339
339
377
375
461
460
384
459
479
479
479
479
319
319
377
374
374
461
461
460
459
479
478
319
376
460
476
376
376
378
372
461
449
476
474
473
472
314
314
380
380
372
455
449
475
473
314
380
380
383
383
372
372
372
455
449
475
475
473
249
249
249
249
249
242
242
243
243
243
243
64
65
67
67
77
77
9
9
9
11
9
10
10
10
10
249
249
242
242
242
245
243
64
67
67
76
76
76
76
9
9
11
11
10
14
10
14
249
255
255
244
244
245
70
245
70
70
70
70
76
76
79
8
14
14
14
14
14
14
254
254
254
244
244
245
70
70
68
68
68
79
79
79
79
12
12
12
13
15
15
254
254
254
254
254
239
239
239
71
71
68
68
68
79
84
12
13
13
15
15
15
15
224
224
239
239
236
238
83
71
68
86
86
86
85
84
84
13
20
20
20
19
19
19
224
224
229
229
236
236
83
80
86
86
86
85
85
85
22
23
22
20
19
18
19
224
227
231
231
237
236
236
83
83
83
87
87
87
87
22
22
23
23
19
16
19
227
227
227
231
231
231
237
82
82
82
394
87
394
393
393
393
392
23
23
392
16
16
16
19
227
227
231
237
237
82
82
340
340
394
386
392
392
392
392
408
408
408
16
19
411
257
339
336
336
336
336
337
336
337
340
340
340
340
340
340
390
390
390
386
386
408
384
387
408
408
411
411
257
257
339
339
336
337
337
340
341
341
341
390
391
386
384
384
409
384
409
410
410
411
256
339
339
337
345
337
341
341
391
391
384
384
384
409
409
476
479
410
410
256
256
318
377
368
374
374
375
341
461
384
384
459
459
476
479
479
479
319
319
319
377
377
377
377
377
377
374
375
375
460
460
460
459
476
476
479
319
319
319
312
376
376
376
378
378
374
374
375
461
461
461
460
460
460
459
459
476
476
474
472
478
472
312
312
312
376
376
378
374
374
375
372
461
375
461
455
450
450
450
474
472
472
314
314
312
381
312
381
380
383
372
372
372
455
455
455
449
449
449
474
475
474
472
473
314
314
381
381
381
380
380
383
383
372
455
455
455
449
475
475
473
473
473
473
473
314
380
240
11
249
249
242
240
243
240
64
65
65
67
67
66
77
77
9
9
9
9
11
10
10
10
5
248
248
248
248
242
242
242
245
243
243
245
64
64
67
67
77
76
76
8
8
11
8
4
6
5
5
248
255
244
244
245
245
245
64
65
69
67
69
69
69
76
78
78
78
8
12
6
7
7
255
255
255
255
244
244
71
69
69
68
78
78
12
13
15
6
6
7
7
254
254
255
255
239
244
239
238
238
238
71
71
68
68
79
84
84
12
12
20
13
6
15
253
229
239
239
238
80
80
86
85
84
22
20
18
18
224
224
229
229
238
83
81
80
86
84
22
22
22
21
20
18
224
225
225
229
230
230
230
237
236
236
83
87
87
85
22
393
22
23
21
21
16
16
18
17
227
231
230
230
237
237
237
237
82
82
82
87
87
394
394
393
393
393
392
23
16
16
17
231
336
230
349
82
82
343
394
394
393
386
393
392
408
16
411
257
257
257
339
336
349
349
349
343
343
390
390
390
386
386
387
387
387
408
408
408
411
257
257
257
338
338
344
345
341
341
342
391
386
391
386
387
387
409
409
411
411
256
256
256
256
338
338
338
338
344
345
345
342
391
391
384
385
385
385
409
458
409
410
410
256
318
338
344
368
368
375
371
391
463
460
457
459
458
478
410
318
318
377
377
379
374
368
374
368
368
371
463
463
459
458
458
479
476
478
318
318
312
312
376
378
379
375
375
461
463
462
463
460
450
459
476
476
478
478
315
312
312
376
376
378
378
378
373
375
462
462
450
450
450
474
474
472
472
472
315
381
383
383
373
372
454
454
454
450
454
450
448
474
474
472
314
314
315
315
314
315
381
381
380
380
380
383
383
383
372
454
455
454
449
454
449
449
448
448
475
475
475
475
473
448
475
240
240
248
248
248
251
242
240
240
240
64
124
64
124
65
66
66
66
77
77
77
8
8
11
11
4
4
4
5
4
5
5
248
250
240
241
64
64
65
66
67
66
66
74
76
8
3
4
5
248
248
248
250
246
246
245
245
64
64
65
69
76
78
78
78
8
3
3
6
6
7
252
255
252
252
246
246
246
247
247
71
71
69
69
78
72
78
78
2
2
3
0
6
7
7
252
253
246
232
238
80
80
94
68
78
90
27
2
6
6
28
253
253
228
233
239
238
238
80
80
80
95
84
84
90
91
22
27
20
20
18
18
18
224
225
229
228
229
228
233
233
238
236
80
80
95
85
91
91
20
21
18
18
225
225
225
230
229
235
235
235
81
81
81
95
91
91
393
22
21
21
17
17
17
18
226
227
228
230
230
235
237
235
234
81
81
395
395
393
396
23
21
16
17
17
263
262
228
230
263
349
349
349
343
394
395
395
395
397
393
396
402
402
402
412
412
412
259
259
338
349
349
343
343
342
390
395
395
388
387
387
387
402
402
412
411
408
411
257
256
338
345
342
342
342
390
388
391
388
387
387
385
387
409
409
409
410
412
256
256
338
344
345
345
345
342
369
391
342
388
391
388
385
385
458
458
415
415
410
317
338
316
344
344
345
368
368
369
389
463
388
457
458
458
478
478
478
317
316
317
318
368
368
368
371
462
371
463
457
457
456
458
477
478
478
318
318
318
313
313
313
313
379
379
370
370
462
462
463
457
456
476
472
467
312
313
313
313
379
379
378
379
378
373
462
462
462
462
450
450
451
451
451
474
315
315
315
313
313
381
378
383
370
373
373
454
454
452
451
450
451
475
451
472
470
315
315
315
306
381
382
383
382
373
373
454
454
452
452
448
448
448
448
448
448
475
470
470
470
470
380
470
251
251
251
251
240
240
241
241
124
124
66
66
66
66
74
75
75
8
11
56
4
48
4
5
251
251
240
246
250
247
124
124
124
65
65
66
74
74
75
75
75
8
3
4
4
5
250
250
250
246
247
247
247
247
125
65
124
74
74
74
72
75
2
2
3
3
4
4
7
7
252
252
250
246
246
247
69
69
72
72
72
72
2
3
3
0
7
7
252
253
253
253
246
232
232
238
92
92
92
92
94
72
72
72
73
90
2
27
2
2
6
29
29
28
28
253
252
253
233
232
232
92
80
92
94
90
90
90
90
27
27
27
27
29
29
28
28
225
225
253
228
233
232
235
235
93
81
95
95
95
91
91
91
25
27
27
27
29
28
225
228
228
233
235
235
81
81
95
91
25
27
17
17
225
228
228
228
350
235
235
81
334
395
395
91
396
396
396
403
21
17
17
17
263
262
263
230
349
348
343
343
343
334
399
397
396
396
396
403
403
402
403
403
30
412
259
263
263
263
349
349
348
343
343
343
395
388
397
397
397
397
403
402
412
402
412
412
259
259
258
346
344
346
345
348
342
342
389
388
388
400
400
402
415
415
412
415
413
259
258
258
344
346
258
344
346
345
345
369
369
342
389
388
385
385
415
415
415
414
414
414
317
316
316
316
344
345
369
369
369
371
371
389
389
483
457
457
456
458
415
465
415
414
414
317
316
316
379
369
371
371
463
483
457
457
456
456
456
456
464
466
466
467
317
317
316
313
306
379
354
370
370
371
370
371
371
463
482
457
457
456
456
464
467
467
467
310
313
306
306
306
379
379
370
370
370
462
452
452
451
451
451
467
469
467
467
310
307
306
306
382
382
382
382
373
373
462
452
452
452
451
451
470
470
469
470
307
307
307
307
306
382
382
382
373
373
454
452
452
453
448
448
469
469
470
307
215
251
251
251
215
241
241
124
127
126
126
122
122
122
74
75
56
48
48
48
48
48
48
50
5
250
251
251
215
212
241
127
124
126
125
124
122
74
119
75
75
75
59
56
3
48
51
50
250
211
215
212
212
247
247
247
125
125
125
74
73
73
59
2
3
0
7
250
250
211
212
212
246
212
212
213
125
125
125
92
125
94
72
72
73
2
2
0
0
252
252
198
205
205
232
92
92
94
72
73
73
73
2
0
0
0
28
28
253
198
198
198
232
232
92
92
93
94
94
94
90
90
90
26
26
26
26
29
225
199
197
233
198
93
93
95
95
95
95
90
88
88
25
25
26
25
26
29
29
29
28
225
197
233
233
234
235
93
93
88
88
88
88
25
25
25
30
30
30
30
30
262
228
260
234
260
234
335
334
334
88
399
396
396
25
396
403
24
24
30
30
30
262
263
263
350
351
350
348
351
348
334
399
399
397
398
397
403
403
413
413
262
263
263
260
350
348
348
348
334
334
399
398
397
397
401
402
401
402
402
403
412
412
413
259
259
263
258
258
350
346
350
350
348
348
333
332
389
389
397
385
400
400
413
259
258
258
265
347
347
369
369
389
389
388
385
400
400
415
415
414
413
414
316
265
347
347
353
353
357
483
483
483
483
456
414
414
414
317
317
316
309
354
354
354
369
353
353
357
482
482
456
465
464
465
466
466
310
317
309
309
309
309
354
355
355
370
371
482
482
482
457
488
456
464
464
467
466
310
310
310
309
306
306
306
355
355
355
358
352
359
370
482
452
482
506
464
464
469
467
467
307
310
305
307
306
358
358
358
359
359
481
480
511
506
506
469
469
469
307
307
307
304
304
304
304
358
358
358
358
359
359
481
481
481
452
481
511
511
506
506
469
468
468
468
511
208
215
215
215
215
214
127
126
126
127
126
122
122
122
74
75
56
56
48
49
48
48
49
50
50
50
208
215
215
212
214
212
127
127
126
126
126
122
119
75
57
56
59
56
49
49
51
51
211
211
213
213
212
127
125
126
123
119
119
119
118
59
59
58
49
51
51
211
211
211
212
213
125
97
125
119
119
119
73
119
73
59
59
58
0
58
58
0
51
36
51
252
198
211
198
205
205
205
204
97
97
97
97
98
94
94
90
73
43
26
47
0
36
199
198
199
198
205
205
204
97
92
99
94
94
89
89
43
26
26
26
47
29
29
28
199
199
197
232
232
97
93
93
88
88
89
89
89
25
24
26
31
28
196
196
197
197
234
206
234
206
93
93
88
88
88
25
89
24
24
30
30
31
196
260
196
260
234
351
234
329
329
329
329
329
328
334
399
398
401
24
24
30
413
262
262
260
260
351
351
351
329
334
334
399
399
334
399
398
398
401
403
421
421
262
260
261
350
350
350
333
333
332
332
332
398
398
401
413
262
259
265
265
350
348
333
332
332
332
398
398
400
401
401
413
413
428
259
258
265
347
347
333
333
332
483
389
389
400
401
400
414
428
428
258
266
265
265
347
347
353
353
353
353
357
357
357
483
488
400
465
428
428
317
317
309
308
354
354
353
357
357
483
483
488
488
488
465
465
465
466
310
309
309
308
308
355
354
354
352
352
357
357
482
488
488
488
464
464
464
466
310
310
309
305
305
308
355
355
355
359
356
356
480
482
480
506
507
469
464
468
311
311
311
305
305
304
305
355
358
359
359
359
481
356
480
511
511
507
506
468
468
468
468
468
311
311
305
304
304
304
358
364
358
358
359
359
481
481
481
511
511
506
506
469
468
364
214
123
208
215
214
214
214
127
127
123
123
122
113
114
114
114
57
56
56
49
49
50
50
50
208
208
214
214
214
127
123
122
123
119
113
114
56
58
49
51
50
211
210
210
209
213
213
127
126
123
119
119
118
57
59
59
58
58
58
51
51
53
211
211
210
210
210
213
204
213
96
96
98
118
118
118
59
58
58
51
36
199
195
199
198
210
205
205
204
97
204
96
99
98
98
118
118
43
47
36
36
36
199
205
205
97
97
99
96
97
99
99
110
89
43
43
43
47
37
36
36
199
199
197
197
197
206
206
97
99
99
111
89
110
42
42
24
31
31
196
196
196
193
206
206
206
329
111
89
42
24
24
31
31
31
31
31
196
196
261
351
351
329
328
328
329
330
331
330
399
398
42
406
418
420
31
260
261
260
261
351
329
328
328
328
328
331
399
398
406
406
406
418
421
420
421
421
421
421
262
271
260
261
261
261
261
322
351
333
333
332
399
406
406
401
401
421
418
421
421
267
267
271
271
264
261
322
322
333
332
407
407
406
407
401
407
401
431
431
428
266
267
266
267
265
264
347
322
320
320
332
493
407
407
407
400
431
431
428
428
428
266
266
266
265
265
265
354
347
347
320
327
493
493
493
493
407
490
429
429
428
266
308
308
308
308
361
352
353
357
357
483
489
488
465
466
465
428
317
310
308
308
308
355
298
354
355
352
365
352
352
356
356
480
482
489
489
488
507
465
466
311
311
305
352
356
356
480
480
489
488
507
507
507
464
504
468
311
311
305
304
365
365
356
487
480
480
480
511
511
511
510
507
507
468
311
311
301
305
297
305
304
304
364
364
364
364
359
487
481
487
487
510
511
510
510
509
507
503
503
503
503
364
112
208
208
209
214
120
121
123
123
122
113
114
114
114
57
57
56
62
62
50
52
50
208
209
214
214
120
123
113
113
57
114
57
56
49
49
52
210
210
213
213
96
123
96
113
113
118
114
118
58
58
57
60
53
51
53
210
210
210
220
213
204
96
96
98
98
118
116
118
117
53
53
195
204
204
204
96
204
96
99
96
98
117
117
43
37
37
36
37
198
207
207
100
99
99
98
110
43
47
47
37
37
199
199
197
197
206
207
206
207
100
103
99
111
111
43
43
40
47
47
37
37
196
193
193
206
193
206
102
103
111
89
42
42
42
40
24
46
38
196
196
270
203
203
329
328
331
330
330
330
404
42
420
46
420
420
262
270
261
351
329
328
328
331
331
331
330
406
419
418
418
421
270
271
268
268
261
322
322
323
333
333
406
404
404
406
419
418
418
430
421
271
271
271
264
264
322
322
322
333
335
335
493
424
431
430
430
267
264
264
322
320
320
320
327
327
493
493
407
407
431
431
429
429
266
265
266
264
361
352
327
327
493
493
490
490
490
429
429
266
266
308
298
352
352
352
356
327
495
495
489
489
490
504
466
429
300
300
298
360
360
360
356
362
485
495
495
489
489
490
504
504
466
300
297
296
365
365
365
362
363
363
487
485
485
489
489
507
507
504
502
502
300
301
297
297
296
365
365
487
487
510
510
509
504
507
503
503
311
297
297
297
364
364
364
364
364
367
487
487
487
487
510
510
509
509
503
503
503
208
209
222
120
123
112
115
49
120
113
113
114
114
62
62
52
209
220
120
121
113
116
116
57
60
52
53
53
195
96
101
101
116
59
44
60
60
37
195
100
100
98
98
116
116
43
44
44
39
195
207
207
207
100
103
103
110
110
41
41
47
47
37
39
192
193
193
207
207
102
111
110
42
41
41
40
46
46
39
193
193
203
202
202
202
202
102
103
111
42
40
193
270
193
203
203
202
331
330
405
404
40
420
420
269
323
328
330
335
404
419
419
423
420
420
270
261
323
323
323
331
335
406
419
418
430
268
320
320
321
326
326
335
335
407
424
419
431
430
271
267
267
271
264
320
326
490
429
430
320
327
327
327
493
492
492
490
424
427
429
429
300
298
264
360
362
327
495
495
489
491
490
490
490
427
429
300
300
298
362
363
485
495
495
491
504
504
504
300
296
360
363
485
485
504
504
301
301
296
297
365
365
486
485
486
485
510
508
502
500
503
502
301
296
367
367
367
486
510
509
509
503
509
503
52
208
121
112
115
57
52
223
120
112
61
209
220
112
116
52
52
209
195
220
44
60
53
194
204
101
117
117
116
44
44
37
39
195
201
100
98
41
37
39
194
193
202
103
103
109
42
38
203
103
111
46
102
330
423
420
270
269
203
323
331
330
419
418
418
422
268
323
335
330
404
404
430
268
322
321
404
493
404
424
419
418
264
320
326
326
492
492
425
431
430
267
264
361
362
327
492
491
424
300
361
360
362
327
491
427
300
298
360
363
495
495
491
502
301
485
505
505
504
301
508
509
502
296
367
486
510
509
502
121
115
115
62
61
209
120
120
112
112
115
62
209
220
120
113
116
60
60
209
220
101
113
116
195
201
101
105
41
44
194
201
110
41
39
201
102
103
40
40
46
46
202
109
40
40
420
269
193
203
202
102
330
202
331
404
270
268
323
419
431
430
271
323
321
326
425
267
267
268
324
424
425
267
302
298
361
327
324
495
494
427
426
300
298
298
363
485
505
298
360
363
363
491
297
296
366
486
484
508
508
502
297
366
367
487
486
508
509
222
120
121
62
62
112
63
63
61
52
223
101
112
63
220
101
101
44
195
100
46
39
195
207
207
103
110
100
110
193
200
203
108
109
40
202
405
419
40
423
270
269
203
331
405
422
268
323
321
404
424
423
431
270
268
326
404
424
425
492
492
426
264
361
320
326
492
492
425
425
427
427
298
494
491
491
360
505
298
296
360
363
485
484
505
505
301
301
296
367
363
509
508
502
301
366
486
500
502
208
223
120
121
115
115
61
115
63
61
209
101
116
62
60
53
194
117
116
39
220
105
117
110
44
44
44
194
194
195
207
201
201
201
41
46
192
109
109
41
46
192
192
201
102
102
102
109
38
203
102
109
423
202
321
108
423
423
269
405
419
423
430
270
323
404
425
430
271
268
268
321
425
273
427
426
361
362
494
302
360
362
324
494
491
491
427
299
299
363
484
491
505
301
299
296
367
367
484
484
502
301
367
486
486
120
121
115
115
63
62
223
223
121
112
62
52
223
221
101
112
60
220
220
105
117
194
220
201
101
105
105
105
39
39
100
105
41
39
194
201
100
103
41
38
200
109
109
423
203
200
109
422
269
102
108
405
405
419
422
321
335
424
422
422
270
268
321
326
425
272
494
492
425
425
273
361
324
324
324
492
272
272
362
324
491
427
427
302
299
362
484
484
366
366
367
508
508
500
297
366
486
486
508
508
500
223
222
121
61
61
61
223
222
222
61
61
222
221
106
63
61
53
223
223
221
221
117
116
45
194
220
221
104
44
194
200
201
105
46
38
192
200
105
109
45
192
200
102
105
109
200
108
405
416
423
422
269
269
108
423
269
269
335
405
422
422
273
321
321
326
405
424
425
430
273
324
324
494
494
272
272
324
494
494
425
426
426
273
361
427
302
272
299
299
362
324
484
426
366
505
505
299
484
484
508
302
366
367
222
217
121
63
63
63
222
222
63
34
223
221
106
63
221
106
32
34
105
104
33
201
105
104
33
38
192
192
200
104
104
33
417
33
192
200
104
416
417
192
200
108
416
416
276
416
422
273
276
276
416
273
499
273
273
324
494
426
279
499
426
438
272
272
272
496
272
279
325
325
496
496
299
299
299
278
279
325
325
325
484
500
439
500
302
302
45
366
366
325
497
500
500
500
222
222
217
217
34
35
216
217
35
34
35
216
216
217
106
63
35
35
34
34
216
216
216
32
34
216
33
152
104
104
104
104
33
33
33
152
152
54
54
417
417
276
54
104
107
417
417
417
436
276
276
107
416
273
276
276
107
107
107
416
416
273
276
276
107
107
426
426
273
275
275
276
498
499
272
279
279
498
498
496
438
438
279
325
496
438
497
496
439
279
497
496
496
439
278
278
325
497
439
325
497
496
219
106
35
35
35
216
219
217
153
106
35
216
106
106
34
154
106
154
106
106
32
218
218
216
154
106
32
32
32
33
33
218
152
274
152
154
107
417
275
107
417
274
275
54
54
107
416
274
275
54
54
107
436
436
54
54
416
275
281
281
54
274
498
438
498
498
499
437
277
277
279
279
498
437
497
438
438
277
277
279
277
279
497
497
1
278
278
497
496
432
432
1
278
278
325
497
497
496
432
432
216
219
153
226
139
34
153
139
139
219
153
35
35
34
219
219
32
32
32
218
154
32
218
218
154
155
138
137
218
152
154
154
154
417
152
152
154
417
275
54
54
274
275
382
382
274
275
274
274
275
281
498
437
437
437
133
275
281
281
437
437
277
274
283
283
498
437
437
438
499
277
283
498
434
438
277
283
279
443
435
435
432
435
435
435
432
432
277
278
442
497
432
432
278
278
432
153
153
36
139
34
219
159
221
219
153
153
36
219
153
153
153
149
137
153
155
155
32
137
137
218
152
152
155
138
218
218
152
152
137
137
218
218
155
138
138
436
137
286
155
154
436
436
286
286
155
436
281
287
142
436
133
281
287
142
133
346
274
283
437
437
434
435
433
283
283
443
443
435
277
441
434
435
433
283
283
443
434
278
442
434
447
277
442
442
441
434
432
157
149
149
139
139
139
157
159
149
139
136
157
157
157
159
149
138
136
156
149
138
138
136
156
217
138
138
155
138
137
158
158
156
155
138
137
158
158
155
142
158
281
286
158
281
281
142
436
436
133
436
133
280
280
280
295
133
280
280
435
433
283
280
282
283
443
443
434
434
434
435
433
283
443
443
443
441
433
446
288
288
443
443
441
441
434
433
446
442
442
441
433
447
288
442
441
441
447
157
157
159
159
139
140
157
159
159
159
139
139
157
159
159
149
136
157
147
149
136
156
156
147
155
136
136
158
158
143
142
138
136
147
147
142
143
281
142
142
142
143
136
290
290
142
142
436
133
290
294
295
282
280
282
280
280
294
133
282
280
280
294
294
295
128
128
133
282
282
442
434
433
133
295
433
433
133
439
442
288
288
288
441
441
447
447
440
433
146
191
501
140
156
148
149
140
145
156
148
149
149
145
157
156
148
148
148
156
148
141
158
147
147
147
150
136
158
147
141
136
158
290
147
147
143
136
290
294
142
143
143
136
291
290
294
293
293
135
135
129
282
282
294
135
129
282
282
295
128
295
295
294
128
128
439
434
129
133
439
291
288
289
442
447
447
447
291
442
440
447
447
447
288
288
288
440
447
446
288
289
289
440
440
447
146
148
191
501
140
141
146
146
191
140
140
140
145
146
156
148
141
140
146
148
141
145
147
148
141
140
145
158
286
148
141
286
150
150
143
143
143
151
150
143
290
290
142
143
129
290
129
129
129
291
282
290
290
135
501
291
295
293
135
135
129
291
293
293
294
128
128
295
294
439
295
132
129
285
45
128
291
289
440
446
446
291
289
440
444
446
446
146
33
187
191
219
141
146
45
187
191
141
145
150
140
140
145
145
146
146
185
185
145
150
150
131
130
286
286
130
286
286
151
151
130
130
286
1
151
130
291
151
135
130
293
293
135
291
293
293
135
135
135
129
285
171
135
173
128
285
346
294
132
295
295
132
128
287
440
289
289
440
444
444
446
445
289
289
444
444
291
291
440
440
444
444
444
446
187
187
187
187
184
187
187
178
186
45
187
185
178
144
185
185
185
185
150
185
185
183
145
145
145
186
150
151
151
292
292
151
131
130
151
151
151
130
130
130
1
292
346
130
505
292
134
134
129
171
134
173
171
160
135
285
173
173
285
287
287
287
132
132
132
173
128
170
289
132
444
445
445
170
45
444
445
289
440
444
45
445
445
144
144
186
184
184
178
144
186
187
184
178
144
144
186
186
185
144
186
150
150
183
144
186
183
183
186
183
183
171
182
183
171
171
186
151
171
171
186
134
292
134
134
130
171
134
172
292
293
160
131
131
172
47
170
293
160
173
170
132
132
173
173
287
132
173
173
170
287
287
284
445
170
166
161
445
445
170
170
284
284
445
189
189
45
184
189
189
184
184
184
184
181
241
144
184
183
181
241
144
183
183
181
241
144
499
55
183
241
186
499
183
182
182
134
134
108
182
171
171
134
131
292
131
131
506
292
160
160
172
292
173
172
172
160
161
172
287
172
170
287
161
161
165
165
172
170
284
161
172
471
284
284
480
164
21
181
21
188
188
189
189
500
184
181
184
181
181
481
188
188
188
55
190
55
55
182
188
182
182
168
499
477
477
108
182
182
188
182
171
168
160
131
506
160
160
169
499
163
173
169
292
361
160
161
161
165
160
161
161
165
165
172
170
292
161
165
471
284
166
161
471
166
166
166
164
471
226
226
166
166
164
189
189
500
499
500
180
181
188
189
501
177
179
188
190
177
190
477
477
182
182
188
190
477
108
177
168
477
477
176
188
190
477
131
168
168
477
131
176
176
346
168
163
168
163
169
165
169
361
501
165
501
285
162
164
165
471
285
285
166
164
165
471
284
284
161
166
180
179
226
180
180
181
181
179
226
189
180
179
188
189
189
180
177
501
191
177
177
177
177
501
168
191
168
190
190
176
190
176
176
168
163
163
167
168
168
111
163
163
169
111
163
167
169
111
165
471
285
164
164
471
471
285
164
175
499
285
162
166
175
284
166
55
181
180
446
55
180
180
179
226
217
179
191
445
303
191
177
346
303
177
176
453
234
191
191
178
177
178
177
190
163
190
167
167
163
13
169
163
167
169
162
164
471
174
169
285
162
166
162
162
175
164
164
167
175
162
162
217
167
55
55
55
1
1
179
55
180
179
303
303
501
302
303
303
38
38
176
176
303
303
226
176
233
303
453
178
176
453
453
453
1
178
453
453
178
178
167
167
47
453
162
167
163
224
471
169
224
174
174
169
162
221
439
439
221
174
174
174
174
234
439
174
175
174
174
175
175
38
55
1
38
179
179
302
302
303
38
303
217
501
217
226
176
1
1
226
162
45
53
453
439
175
174
175
233
60
