128
16
38
39
39
39
16
2
2
3
17
17
16
2
2
3
3
3
38
39
39
16
2
2
3
45
17
17
17
16
2
3
45
46
23
23
16
16
2
3
3
3
44
46
23
22
22
22
4
3
47
46
23
23
22
22
22
22
22
4
5
44
47
23
23
22
22
4
5
44
44
47
47
47
23
116
116
116
116
4
5
44
44
90
90
23
118
116
89
90
118
118
118
116
116
99
90
90
118
119
99
89
90
90
90
118
118
118
117
99
99
97
76
89
76
90
90
119
119
119
117
99
97
97
97
97
76
76
79
120
120
120
120
117
117
97
97
76
64
120
97
79
78
64
120
120
101
97
96
96
96
78
78
78
64
64
121
101
96
96
78
78
64
64
64
64
64
121
121
101
101
96
96
38
38
38
38
38
38
39
39
39
39
39
17
17
17
16
16
16
2
2
2
2
2
3
3
3
3
38
38
38
39
39
39
39
17
17
16
16
16
16
16
2
2
3
2
3
3
3
3
38
38
38
38
39
39
17
39
17
17
17
17
16
16
16
2
3
3
3
3
3
3
45
45
45
45
39
39
17
17
17
16
16
16
16
16
16
2
2
2
3
3
3
45
45
45
45
45
45
46
46
23
23
17
16
22
16
22
2
3
3
3
3
3
3
44
45
46
46
46
46
23
23
23
22
22
22
22
22
22
3
4
4
4
5
5
5
44
44
44
44
47
46
23
23
22
22
22
22
22
22
4
4
4
4
5
4
5
44
44
44
47
47
47
47
23
23
23
22
22
22
22
4
4
4
4
4
5
5
44
44
44
47
47
47
47
23
23
23
118
22
118
116
116
116
116
4
4
116
5
5
5
5
44
44
47
47
47
23
23
118
118
118
116
116
116
116
116
116
116
99
5
5
99
89
90
90
90
90
90
90
90
90
118
90
118
118
118
118
118
119
119
116
116
116
117
116
99
99
99
99
89
89
90
90
90
90
90
118
118
118
118
119
119
117
117
117
99
117
99
99
99
99
89
89
90
90
90
90
118
118
119
119
117
117
117
99
99
99
99
99
97
89
89
76
90
90
90
120
118
119
119
117
117
117
99
97
97
97
97
76
76
76
76
76
79
79
79
79
64
120
120
117
117
117
97
97
97
97
76
76
76
76
79
79
79
64
64
120
120
120
120
120
120
120
120
117
97
97
97
97
96
96
97
96
76
78
78
78
78
64
64
64
120
120
120
120
120
120
101
101
101
96
96
96
78
78
78
78
78
78
78
64
64
64
120
121
121
121
101
101
101
96
96
96
96
96
78
78
78
78
78
78
64
64
64
64
121
121
121
101
96
96
96
96
96
96
96
78
64
39
2
38
38
38
39
39
39
17
17
17
18
16
18
18
18
2
2
2
2
2
3
3
3
1
38
38
38
38
38
39
39
39
39
39
39
17
17
17
16
18
16
16
2
2
2
2
1
1
1
1
38
38
38
39
39
39
39
17
17
16
16
16
16
16
16
16
16
19
2
2
1
1
1
45
38
38
45
38
39
17
17
16
16
16
16
2
3
3
1
1
1
1
45
45
45
45
45
45
46
46
46
46
23
23
21
22
22
22
16
2
2
4
3
1
3
45
45
46
46
46
23
23
22
22
22
4
4
5
5
44
45
44
47
46
23
23
22
22
22
4
4
4
4
4
4
44
44
44
44
47
47
47
47
47
47
22
22
22
22
4
116
4
4
4
4
4
5
5
5
44
44
44
47
47
47
47
47
23
23
23
22
22
118
116
116
116
116
116
4
5
5
5
44
90
47
91
23
23
118
118
118
116
116
116
116
99
5
104
89
89
89
90
90
91
91
91
83
118
118
118
118
116
116
116
116
116
99
99
99
99
89
89
89
89
90
91
90
85
118
119
119
116
119
117
117
99
99
99
99
99
89
89
89
89
90
90
90
91
91
90
90
119
119
119
117
117
117
98
99
98
99
99
99
89
76
76
90
85
118
119
119
119
117
117
117
98
98
97
97
76
76
76
79
90
85
85
120
85
120
120
117
117
117
98
98
97
97
97
76
76
76
76
79
64
65
120
120
120
120
120
120
117
101
97
97
96
97
97
78
76
76
78
78
65
64
65
64
120
121
120
120
101
101
96
96
96
96
96
78
78
64
64
64
121
121
121
121
101
121
101
101
96
96
96
78
78
78
78
78
78
78
78
78
64
64
64
64
64
64
121
121
121
101
121
101
101
101
101
96
96
96
96
96
101
96
39
39
38
37
38
37
38
39
39
39
17
26
17
26
18
18
18
18
18
19
19
2
2
2
2
1
1
1
1
1
1
1
37
37
39
39
17
17
17
18
18
18
18
18
19
2
0
1
1
38
37
38
37
38
36
39
36
17
17
17
16
18
19
19
19
2
0
0
1
1
1
37
37
37
37
36
36
36
36
36
17
17
17
16
16
19
19
19
0
0
0
0
1
1
1
45
45
45
46
46
21
21
21
21
19
20
7
0
1
1
6
45
45
45
46
46
46
46
21
23
21
20
20
20
20
20
7
7
7
7
4
5
5
45
44
44
45
45
45
46
46
46
46
23
23
20
22
20
20
4
7
7
5
44
44
44
44
47
47
46
46
23
23
23
20
20
20
116
4
4
5
5
5
5
5
44
44
44
47
47
47
47
47
46
23
23
118
118
116
113
4
4
5
5
5
88
88
44
47
88
91
91
83
83
118
118
118
118
113
116
116
105
105
105
105
104
104
88
88
90
91
91
83
83
83
118
118
118
119
116
116
116
99
105
105
104
104
99
89
89
91
91
85
85
119
119
119
119
119
117
112
98
99
98
99
99
99
99
89
89
91
91
91
85
85
85
85
119
119
119
119
119
117
117
98
98
98
98
99
77
91
77
76
91
85
85
85
119
119
119
117
117
98
98
98
97
97
77
76
77
76
85
85
120
122
120
122
117
117
117
98
98
97
97
97
76
76
76
76
76
76
76
76
65
65
120
120
120
123
117
98
97
96
97
76
76
76
65
65
65
65
65
65
121
120
121
121
120
123
101
101
101
96
96
78
78
78
76
78
65
65
65
65
64
121
121
121
121
121
121
101
101
101
96
100
78
78
78
68
64
65
64
65
64
64
121
121
121
121
101
101
101
101
101
101
101
100
100
100
100
64
100
37
37
37
37
36
39
36
39
26
26
18
18
18
18
18
19
19
2
2
9
1
11
1
1
37
37
39
36
37
36
26
26
26
18
18
18
18
19
19
19
19
2
0
1
1
1
37
37
37
36
36
36
36
36
26
17
17
18
18
19
19
19
0
0
0
0
1
1
1
1
37
37
37
36
36
36
17
18
19
19
19
19
0
0
0
0
1
1
45
45
37
45
36
40
40
46
17
21
21
21
21
19
19
19
19
20
0
7
0
0
1
7
6
6
6
45
45
45
45
46
46
21
21
21
21
20
20
20
20
7
7
7
7
7
7
6
6
45
42
45
45
46
46
46
46
21
21
21
20
20
20
20
20
7
7
7
7
6
5
42
44
47
46
46
46
21
23
21
20
7
7
5
5
44
44
44
47
91
47
46
23
81
81
113
20
113
113
113
105
4
5
5
5
88
88
88
47
91
91
83
81
83
81
113
113
113
113
113
105
105
105
105
105
5
104
88
88
88
88
91
91
83
83
83
83
112
112
112
112
112
112
105
105
105
105
104
104
89
88
88
91
91
91
83
83
85
83
119
119
112
98
105
105
105
98
104
104
104
89
89
88
91
91
91
91
91
91
85
85
85
119
119
119
112
98
98
98
98
98
98
98
77
77
77
76
91
85
85
85
122
122
122
119
119
117
117
117
98
98
98
98
98
98
98
77
77
68
65
85
122
122
122
122
117
123
123
123
98
98
97
97
97
97
77
77
77
76
68
65
66
65
65
122
122
122
122
123
123
123
123
123
98
103
97
100
100
69
76
68
68
68
65
65
65
121
121
121
123
123
123
101
101
96
100
100
100
69
69
68
65
65
65
65
65
64
121
121
121
121
121
123
101
100
100
100
100
69
69
68
68
68
65
65
65
64
64
121
121
121
121
101
101
100
100
100
68
37
35
37
37
36
36
36
26
26
26
26
18
26
26
18
19
9
11
11
11
11
11
11
11
1
37
37
37
36
36
36
26
26
26
26
18
18
18
18
19
19
19
9
9
0
11
11
11
37
37
37
36
36
36
36
36
26
26
18
18
19
19
9
0
0
0
1
37
37
37
36
36
36
36
36
36
26
25
18
18
18
21
18
18
19
0
0
0
0
37
37
37
36
40
40
21
21
21
19
19
19
19
0
0
0
0
6
6
45
42
40
40
40
40
21
21
21
21
21
21
20
20
20
7
7
7
7
6
42
42
42
46
40
21
21
21
21
21
20
20
20
20
7
7
7
7
7
7
6
6
6
42
42
47
46
41
41
21
21
20
20
20
20
7
7
7
6
6
5
6
6
88
44
88
47
89
46
81
81
81
20
113
113
113
7
113
105
6
6
6
6
5
88
88
88
91
89
91
83
81
81
81
113
113
113
113
113
113
105
104
104
88
88
88
88
91
83
81
83
81
81
112
113
112
112
105
105
105
105
105
105
104
104
104
88
88
88
88
91
91
91
91
83
83
83
83
112
112
112
112
112
105
105
104
88
89
88
91
91
83
85
122
119
112
112
112
98
98
98
104
104
104
104
77
91
91
85
85
85
122
122
122
112
112
98
98
98
98
77
77
77
68
66
66
66
85
85
85
122
122
123
124
103
103
103
103
98
69
69
68
68
68
68
66
66
66
66
122
122
122
122
123
124
124
103
103
103
100
69
69
69
68
68
68
68
66
66
66
65
66
66
122
122
123
123
124
103
103
100
100
100
69
69
69
68
68
65
65
66
65
123
123
123
126
101
100
100
100
100
69
68
69
68
68
68
65
65
65
65
65
65
65
123
123
123
123
123
123
121
101
100
100
100
100
100
123
35
37
35
34
34
34
26
26
26
26
26
26
26
18
18
19
9
9
11
11
11
11
11
11
11
11
35
35
34
36
34
36
26
26
26
26
26
26
31
19
9
9
9
9
11
11
11
11
35
35
34
36
36
26
26
26
27
31
18
31
31
9
9
9
11
11
11
37
37
37
36
36
26
25
25
25
25
31
19
31
19
9
9
9
0
9
9
0
11
10
11
37
42
37
42
40
40
40
40
25
25
25
25
25
21
21
19
31
9
7
9
0
10
42
42
42
42
40
40
40
25
25
24
21
21
20
28
13
7
7
7
12
7
6
6
42
42
40
41
40
24
21
21
20
20
28
20
20
7
7
7
6
6
42
42
42
42
41
41
41
41
21
21
20
20
20
7
28
7
6
6
6
6
42
88
42
89
41
89
41
81
81
81
81
81
81
81
113
113
105
6
6
6
104
88
88
88
88
89
89
82
81
81
81
113
113
113
113
113
113
105
105
107
107
88
88
88
91
83
82
81
81
81
112
112
112
112
105
104
88
88
92
92
83
83
83
112
80
112
112
112
112
105
105
104
104
104
88
92
92
83
83
85
85
112
112
112
112
112
105
105
104
104
104
88
92
92
92
92
83
85
85
85
85
122
84
122
112
124
98
103
104
104
69
69
68
68
71
66
85
122
122
122
122
124
124
124
103
103
103
103
69
68
68
71
68
66
71
66
66
66
122
122
123
124
124
124
103
103
103
103
69
69
68
68
68
71
71
66
66
66
66
122
123
123
127
103
103
103
103
100
69
69
69
68
68
68
68
66
65
66
66
66
123
123
123
126
126
103
100
100
100
100
100
100
69
69
68
68
68
68
65
71
66
66
66
123
123
123
123
126
126
100
100
100
100
71
34
27
35
34
34
34
34
27
26
26
26
27
31
31
31
31
9
9
11
11
11
11
11
11
35
35
34
34
34
26
26
26
27
31
27
31
9
9
11
11
11
35
35
35
35
34
34
27
26
27
25
31
31
9
9
9
9
9
9
11
11
10
35
35
35
35
35
34
40
34
25
25
25
31
31
31
9
9
9
10
10
42
35
42
35
35
35
35
40
25
40
25
25
24
25
31
31
9
9
15
15
15
42
40
40
25
25
24
25
24
24
24
28
28
13
13
13
13
15
15
15
42
42
42
42
42
40
40
24
24
24
28
28
28
13
13
6
6
6
42
42
42
43
43
41
41
81
28
28
13
6
6
6
6
6
6
6
42
42
93
89
81
81
81
81
81
80
80
80
113
113
13
106
106
106
6
88
93
89
93
81
81
81
81
81
81
80
113
113
113
113
113
106
106
107
107
107
107
107
88
93
88
93
93
93
93
82
82
81
80
80
113
113
113
105
105
107
106
107
107
92
92
93
93
92
93
82
82
80
80
112
112
105
112
105
105
105
106
107
104
92
92
92
92
92
92
82
82
82
84
84
112
112
114
114
105
104
104
104
104
104
92
92
92
92
92
92
87
85
82
85
84
122
112
124
112
114
124
104
104
104
92
69
68
71
71
87
85
85
84
122
122
124
124
103
103
103
104
69
69
70
71
71
71
71
66
66
66
66
85
66
122
122
122
122
124
124
124
103
103
103
69
69
71
66
66
122
122
125
124
124
103
103
103
103
103
103
69
69
68
71
71
66
123
123
123
127
127
127
127
126
126
103
103
103
69
69
69
69
71
68
71
71
71
66
66
66
66
123
127
127
127
127
126
126
126
102
102
100
102
100
100
66
27
35
34
34
34
27
27
27
27
27
27
31
31
31
8
8
9
8
8
11
10
11
35
34
34
34
27
27
27
30
8
31
8
9
11
11
10
35
35
34
34
27
27
27
27
30
31
31
31
9
9
9
9
10
11
10
35
35
35
34
34
40
25
25
25
25
31
31
31
31
10
10
35
40
40
40
25
40
25
25
25
25
31
31
13
10
15
15
15
42
40
40
25
24
24
24
28
13
12
12
15
15
42
42
42
42
40
40
40
40
24
24
24
28
28
13
13
13
12
12
12
12
42
43
43
43
43
41
24
24
28
28
13
13
13
13
6
12
12
42
42
93
43
41
81
81
80
80
80
80
113
13
106
12
107
107
93
93
93
93
81
81
81
80
80
80
80
113
106
106
106
107
93
93
93
93
93
82
82
82
80
80
113
114
113
113
106
106
106
107
107
93
93
93
92
92
82
82
82
80
80
80
114
106
107
107
107
92
92
92
82
82
84
82
84
84
114
114
114
114
105
107
104
104
92
92
92
92
87
85
84
122
125
114
114
124
111
111
104
92
92
70
71
84
85
84
122
84
125
125
124
124
124
103
103
111
70
70
71
71
71
67
84
84
125
125
125
124
124
124
103
102
103
69
70
71
71
67
67
67
67
125
127
127
127
124
124
103
103
102
102
102
69
69
69
71
71
67
67
127
127
127
126
126
102
102
102
102
69
71
70
71
71
71
66
67
67
67
123
123
127
127
127
126
126
126
102
102
102
34
34
34
27
27
30
31
11
27
27
30
31
31
8
8
10
35
34
27
27
30
31
31
8
8
10
10
10
35
25
30
30
31
9
9
9
10
10
35
25
25
24
30
31
31
13
12
12
15
43
40
40
40
24
24
28
28
28
13
13
12
12
12
12
43
43
43
40
40
24
28
28
13
13
13
13
12
12
12
43
43
41
41
41
41
41
24
24
28
13
13
43
93
43
41
41
41
80
80
114
114
13
106
107
93
82
81
80
80
114
106
106
106
107
107
93
93
82
82
82
80
80
114
106
106
107
92
82
82
82
80
80
80
80
114
114
106
106
107
93
92
92
92
92
82
84
114
111
107
87
84
84
84
125
114
114
114
111
111
111
111
70
71
92
87
84
84
125
125
124
124
124
124
111
111
111
70
70
70
67
67
125
125
125
124
102
102
102
70
70
67
67
125
125
102
102
69
70
71
70
71
67
127
127
127
127
127
126
102
102
102
102
69
71
67
67
67
127
127
126
126
102
126
102
10
34
27
27
30
8
10
34
27
27
10
34
34
30
30
10
10
35
35
34
8
10
10
42
40
30
30
31
30
12
10
12
12
35
41
24
24
13
12
12
43
43
41
24
24
28
13
12
41
24
28
12
24
80
106
107
93
93
41
82
80
80
106
106
106
107
93
82
80
80
114
114
107
93
82
82
114
114
114
106
106
106
92
87
84
84
114
114
111
107
107
92
92
87
84
84
114
124
111
70
71
71
84
84
124
111
70
71
67
67
125
125
124
102
70
127
124
102
102
69
124
126
102
71
67
127
127
102
102
27
30
31
8
10
34
27
27
30
30
31
8
35
34
27
30
31
8
10
35
34
25
30
30
35
41
25
30
13
13
43
41
28
13
12
41
24
24
13
13
12
12
41
28
13
13
107
93
43
43
41
24
80
41
80
114
93
93
82
106
106
107
93
82
82
84
106
92
94
94
84
111
111
94
70
71
87
84
84
125
125
111
111
70
70
70
67
125
102
70
71
67
67
124
70
71
67
127
127
126
126
102
70
67
67
127
127
127
126
32
27
27
8
8
30
8
8
8
10
34
25
30
8
35
25
30
12
35
25
12
12
43
40
40
24
28
24
28
43
43
41
28
28
13
41
115
106
13
106
93
93
43
80
114
107
93
82
82
114
114
106
107
93
94
80
114
114
111
114
114
111
94
87
84
84
114
114
111
111
111
111
71
125
124
124
71
102
70
70
67
67
125
127
124
102
70
70
70
67
67
126
102
102
70
67
127
102
102
34
34
27
27
30
30
10
30
8
10
35
25
30
8
10
10
33
30
30
12
32
30
30
30
14
13
12
43
33
33
40
41
41
41
13
12
43
28
28
13
12
43
43
41
24
24
24
28
12
41
24
28
106
41
82
28
106
106
94
115
106
107
107
93
82
114
106
107
94
94
94
82
111
94
111
111
87
84
125
70
67
67
84
125
125
124
111
70
70
67
125
125
102
70
70
70
67
67
127
127
102
70
67
127
127
27
27
30
30
8
8
32
32
27
30
8
10
35
32
25
30
10
32
34
30
30
33
32
41
25
25
30
30
12
12
24
28
13
12
43
41
24
24
13
12
43
28
28
106
43
43
28
107
93
24
28
115
115
106
107
82
80
114
107
107
93
94
82
80
107
94
84
114
111
111
94
87
84
84
84
114
94
94
87
84
124
111
111
70
70
67
125
125
67
67
67
127
126
102
70
67
127
127
126
126
102
32
32
27
10
10
10
32
32
32
10
10
32
32
29
8
10
10
32
32
32
32
30
30
14
33
32
32
30
12
33
41
41
29
12
12
43
43
29
28
15
43
43
24
29
28
43
28
115
110
106
110
93
94
28
106
94
94
80
115
110
107
94
82
82
80
115
110
111
107
94
84
84
84
114
94
94
84
125
114
111
111
111
94
87
111
70
94
87
87
84
84
125
111
67
125
125
70
127
127
125
70
72
67
32
32
27
8
8
8
32
32
8
14
32
32
29
8
32
29
14
14
29
29
14
41
29
29
14
12
43
43
41
29
29
14
110
14
43
43
29
110
110
43
43
28
110
110
86
110
110
94
86
86
110
94
110
94
94
86
115
110
87
115
111
111
94
94
87
111
94
87
72
72
125
111
87
87
87
72
72
72
72
72
125
108
108
108
70
70
15
72
72
72
126
108
108
102
32
32
32
32
14
14
33
32
14
14
14
33
32
32
29
8
14
14
14
14
33
33
32
14
14
33
14
55
29
29
29
29
14
14
14
55
55
15
15
110
110
86
15
29
29
110
110
110
110
86
86
29
110
94
86
86
29
29
29
110
110
94
86
86
29
29
110
110
94
86
86
87
115
109
94
87
87
115
115
111
111
111
87
72
125
111
126
125
108
72
126
125
125
108
72
72
72
126
108
72
126
125
33
29
15
15
14
33
33
32
54
29
15
33
29
29
14
54
29
55
29
29
14
33
33
33
55
29
14
14
14
14
14
33
33
86
33
55
29
110
86
29
110
86
86
15
15
29
110
86
86
15
15
29
110
110
15
15
110
86
73
73
15
86
115
108
87
115
109
109
94
94
73
87
115
109
126
108
108
94
94
87
94
72
126
126
0
72
72
126
125
108
108
0
72
72
72
126
126
125
108
108
33
33
54
32
49
14
54
49
49
33
54
15
15
14
33
33
14
14
14
33
55
14
33
33
55
55
49
48
33
33
55
55
55
110
33
55
55
110
86
15
15
86
86
115
115
86
86
86
86
86
74
115
108
108
108
48
86
73
73
108
108
94
86
73
73
115
108
108
108
115
94
73
115
109
108
94
73
72
73
109
126
108
109
126
126
108
108
94
72
72
126
108
108
72
72
108
54
54
14
49
14
33
54
32
33
54
54
14
33
54
54
54
55
48
55
55
55
14
48
48
53
55
55
55
49
33
33
55
55
48
48
33
33
55
49
49
110
48
74
55
55
110
110
74
74
55
110
74
74
55
110
48
74
74
55
48
115
86
73
108
108
109
108
108
73
73
73
73
108
95
73
109
126
108
73
73
73
109
72
72
109
109
94
72
72
73
109
108
54
55
55
49
49
49
54
54
55
49
48
54
54
54
54
55
48
48
54
55
49
49
48
54
32
49
49
55
49
48
53
53
54
55
49
48
53
53
55
55
53
74
74
53
74
74
55
110
110
48
110
48
74
74
74
75
48
74
74
108
108
74
74
74
74
73
73
109
109
109
108
108
73
73
73
73
73
109
108
95
95
73
73
73
73
109
126
109
72
72
73
126
109
95
72
73
73
109
54
54
54
54
49
63
54
54
54
54
49
49
53
54
54
49
48
53
52
49
48
53
54
52
55
48
48
53
53
49
49
49
48
52
52
49
49
74
55
55
55
49
48
74
74
55
55
110
48
74
75
75
74
74
74
74
74
75
48
74
74
74
74
75
75
50
50
48
74
74
73
109
108
48
79
108
109
48
89
73
95
95
95
73
73
109
109
73
126
53
38
95
63
54
54
52
63
53
54
52
52
49
53
53
54
54
54
52
54
52
49
53
52
52
52
52
48
53
52
49
48
53
75
52
52
49
48
75
75
52
49
49
48
75
75
75
75
75
50
50
50
74
74
75
50
50
74
74
79
50
79
79
75
50
48
89
109
51
48
89
79
79
79
73
109
109
109
79
79
109
109
109
109
79
79
79
73
109
77
79
79
79
73
73
109
53
54
38
95
63
63
53
53
38
63
63
63
53
53
54
54
49
63
52
52
49
53
52
52
49
63
53
53
75
52
49
75
52
52
49
49
49
52
52
49
75
75
52
49
48
75
50
50
50
75
74
75
75
50
83
75
79
72
50
50
50
74
72
72
75
51
51
79
72
89
79
50
51
109
10
48
79
79
109
77
77
79
79
73
77
77
77
53
10
57
38
61
63
53
8
57
38
63
53
52
63
63
53
53
52
52
57
57
52
52
52
51
48
75
75
48
75
75
52
52
51
48
75
0
52
51
75
52
52
51
72
72
50
75
75
72
50
50
50
50
109
58
50
51
51
109
87
72
50
79
79
50
48
95
109
79
79
109
77
77
77
77
79
79
77
77
79
79
73
73
77
77
77
77
57
57
57
57
57
57
57
63
59
8
57
57
63
53
57
57
63
63
52
57
57
63
53
53
53
59
52
57
57
75
75
57
51
51
52
57
57
51
51
48
0
75
89
51
86
75
50
50
50
58
50
51
58
61
50
109
51
51
109
95
95
95
50
50
50
51
48
58
79
50
77
77
77
58
14
77
77
79
109
77
14
77
77
53
53
59
57
57
63
53
59
57
57
63
53
53
59
59
63
53
59
59
59
63
53
59
63
63
59
63
63
58
63
63
58
58
59
57
58
58
59
50
75
50
50
51
58
50
51
75
75
61
51
51
51
15
58
75
61
51
58
50
50
51
51
95
50
51
51
58
95
95
95
77
58
61
61
77
77
58
58
95
95
77
57
57
8
57
57
57
57
57
57
57
63
38
53
57
63
62
38
53
63
63
62
38
53
95
8
63
38
59
95
63
63
63
50
50
29
63
58
58
50
51
75
51
51
115
75
61
61
51
75
51
51
51
61
61
51
95
51
58
95
61
61
60
60
51
58
95
61
51
86
95
95
115
60
4
62
4
58
58
57
57
95
57
62
57
62
62
115
56
56
56
8
56
8
8
62
58
62
63
58
110
87
87
29
63
63
58
63
58
58
61
51
115
61
61
59
115
56
51
59
75
115
61
61
61
60
61
61
61
61
60
51
58
75
61
60
86
95
61
61
86
61
61
61
60
86
43
32
61
61
60
57
57
95
87
95
62
62
58
56
87
62
62
58
56
62
56
87
87
63
63
58
56
87
29
62
58
87
87
60
58
56
87
51
58
58
87
51
60
60
87
58
56
58
56
59
60
59
115
115
60
87
95
56
60
61
86
95
95
61
60
61
86
95
95
61
61
62
62
32
62
62
62
62
62
32
56
62
62
58
56
56
62
62
83
56
62
62
62
62
83
58
56
58
56
56
60
56
60
60
58
56
56
60
58
58
29
56
56
59
29
56
60
59
29
60
86
95
60
60
86
86
95
60
59
87
95
56
61
59
95
61
15
62
62
87
15
62
62
62
33
32
62
56
89
115
56
62
83
115
62
60
83
32
56
56
62
60
62
60
56
56
56
60
60
56
3
59
56
60
59
56
60
86
59
59
95
56
61
56
56
59
60
60
61
59
56
56
61
61
15
15
15
0
0
62
15
62
62
115
115
82
115
115
115
8
8
60
60
115
115
33
60
33
115
83
62
60
83
83
83
0
62
83
83
62
62
60
60
15
83
56
60
56
52
86
59
52
59
59
59
56
49
95
95
60
59
59
59
59
61
95
59
59
59
59
59
59
15
15
0
8
62
62
115
115
115
8
115
33
82
33
60
60
0
0
33
56
15
15
83
95
59
59
59
61
15
