1024
167
278
278
279
279
337
344
165
133
330
331
345
162
162
132
135
135
135
290
275
275
175
175
173
140
290
328
328
328
175
173
143
290
364
362
362
231
231
173
136
137
143
314
365
362
363
231
231
138
136
137
366
365
366
363
224
224
225
225
230
138
142
315
368
368
376
376
224
230
201
194
318
316
370
369
369
377
240
207
207
206
202
195
317
316
890
890
377
878
240
894
894
879
878
878
618
622
677
894
888
879
616
679
834
895
888
888
874
875
875
681
681
679
677
954
895
952
881
875
637
637
637
681
675
674
674
674
955
954
959
910
910
637
637
633
682
675
673
955
955
908
598
664
958
947
908
926
599
670
582
582
664
664
664
666
948
948
912
912
924
599
669
664
950
914
914
913
913
924
924
926
597
579
669
669
667
286
287
286
287
287
287
278
278
279
277
279
330
331
331
337
337
337
165
166
165
166
166
133
133
133
135
286
287
274
274
274
279
278
331
331
344
345
345
165
165
165
167
162
133
132
133
135
287
288
290
275
274
332
328
332
328
329
331
329
345
345
345
345
175
167
162
132
140
140
134
141
290
288
291
275
275
332
329
328
349
348
346
174
175
175
173
173
163
136
140
143
288
290
291
291
291
291
364
365
362
349
349
348
348
226
231
173
136
137
137
141
143
313
313
364
364
364
365
363
362
363
227
226
226
230
231
231
136
138
137
143
143
142
142
312
313
315
314
364
365
363
363
224
225
227
230
228
230
228
138
200
138
194
194
194
313
315
315
370
366
368
376
378
378
224
225
225
225
204
207
207
202
193
193
194
317
316
316
370
370
370
368
369
377
376
376
247
247
247
240
240
241
207
206
203
206
192
192
192
194
317
317
369
369
377
377
876
879
878
878
618
240
207
204
206
206
206
691
192
195
698
317
317
894
890
890
890
889
891
889
877
889
879
877
879
878
618
617
617
618
618
622
680
680
691
680
691
676
698
835
835
894
892
891
889
888
879
874
874
875
617
616
621
621
620
681
680
679
676
677
676
835
894
834
895
888
881
881
874
874
616
616
621
620
681
679
679
679
678
677
677
834
952
895
881
880
881
910
875
875
636
621
635
682
682
675
674
675
674
954
954
952
952
959
959
952
959
908
909
910
911
636
637
633
682
683
675
674
955
954
952
958
958
909
908
909
911
911
907
599
599
599
636
598
633
683
670
683
664
665
673
665
949
948
948
947
958
912
912
911
908
911
927
594
907
598
598
598
583
583
670
665
666
948
946
947
947
947
912
913
925
926
926
599
597
598
582
582
582
670
669
669
665
666
950
950
946
946
946
914
913
914
913
924
924
926
597
597
579
669
668
666
667
667
667
667
950
277
166
286
286
285
277
277
277
327
330
331
337
337
336
336
336
164
164
164
166
162
133
133
135
129
284
284
285
285
274
272
273
272
277
279
323
330
329
349
344
336
346
164
167
160
163
132
132
129
130
284
292
272
272
272
332
332
329
329
344
347
347
351
347
346
346
174
174
163
163
163
141
134
130
288
288
292
292
289
275
353
329
349
351
348
346
174
172
146
140
146
147
141
141
288
289
291
295
295
295
355
353
353
360
349
351
348
226
229
172
172
172
139
137
149
141
289
314
354
354
352
365
360
360
361
227
230
228
139
139
142
142
312
312
314
354
354
360
378
227
227
229
228
228
200
201
139
193
313
312
315
314
371
371
371
371
366
356
246
246
244
229
229
241
200
201
202
203
193
202
193
198
316
316
311
370
371
373
373
369
379
379
379
246
246
247
247
241
240
241
204
200
203
202
192
198
311
890
369
373
377
379
381
619
247
241
623
241
203
693
192
698
309
833
893
891
891
889
877
876
876
619
619
623
622
623
622
690
691
691
691
693
699
835
835
833
893
892
891
889
877
876
872
617
617
621
623
622
620
680
678
678
699
698
835
832
832
834
892
893
892
892
882
880
881
873
617
616
621
632
686
681
686
678
676
676
834
953
957
880
868
874
873
873
616
635
634
635
682
687
672
672
943
953
957
959
880
910
906
910
906
870
907
634
634
632
687
687
675
683
673
953
949
955
953
957
958
909
909
907
911
594
636
594
633
633
580
683
683
657
673
660
949
949
949
944
947
912
917
925
909
927
907
595
595
593
583
583
670
671
665
665
658
945
915
913
925
925
927
596
593
593
583
593
580
577
671
671
666
950
951
951
951
946
945
946
945
914
915
915
915
923
925
925
596
597
596
579
597
578
579
579
578
668
668
668
668
658
658
579
668
280
276
285
284
280
280
285
276
276
276
327
324
327
324
338
339
339
336
164
190
164
160
160
160
128
128
128
129
128
129
129
284
280
276
327
327
323
324
324
338
339
340
339
343
171
160
161
129
130
293
293
285
292
273
273
273
273
323
323
323
321
340
347
347
347
174
170
161
146
134
147
130
130
293
292
292
294
294
294
322
322
333
333
351
350
346
171
170
172
170
169
161
146
147
147
147
289
295
294
353
352
352
351
350
350
174
232
168
168
146
150
147
149
289
289
295
355
352
352
360
360
351
232
229
238
238
238
228
238
139
150
150
149
149
304
304
315
304
314
306
354
357
356
356
361
361
233
229
239
239
139
201
193
196
305
304
304
310
371
357
356
378
378
379
246
244
244
239
242
200
201
202
198
198
198
196
309
311
311
311
310
372
372
373
373
382
379
381
245
244
242
219
203
198
199
199
309
309
310
311
373
374
380
380
245
245
245
243
243
243
204
690
203
692
692
697
697
833
833
893
891
885
877
380
876
619
619
611
610
623
622
690
690
693
693
699
693
698
833
833
893
893
882
868
872
872
611
611
610
623
688
688
690
688
693
699
699
699
832
832
884
882
882
877
868
868
870
609
872
610
609
608
610
620
620
686
686
694
701
700
942
892
942
957
882
869
869
870
636
608
635
686
686
678
672
672
943
953
942
957
902
880
906
906
905
594
870
634
634
633
632
687
687
672
673
673
943
943
953
956
956
956
956
916
902
899
906
904
595
595
634
632
687
657
663
944
944
956
917
917
917
916
927
594
592
595
593
581
581
580
671
671
662
951
928
944
945
944
917
916
916
920
927
927
592
592
593
581
581
581
671
580
658
658
951
951
945
945
915
918
923
923
923
922
596
596
592
578
578
578
577
577
577
577
656
659
659
658
915
656
267
280
267
280
261
276
261
327
326
324
338
339
338
338
339
191
190
190
160
177
182
182
128
131
264
264
273
256
262
256
326
325
324
325
341
340
343
342
189
190
190
170
161
182
131
131
293
264
281
256
257
322
320
321
325
342
340
189
171
189
189
169
169
161
161
144
145
145
130
293
296
293
294
302
322
321
321
342
171
170
185
169
169
144
145
145
297
297
300
300
300
303
353
322
335
335
334
334
334
334
350
234
171
171
237
238
169
237
168
146
151
148
148
148
297
296
297
297
306
355
358
352
358
361
334
232
233
239
238
236
168
221
151
150
150
149
148
305
305
307
357
306
357
356
356
361
232
245
233
233
239
239
220
221
150
221
214
196
305
307
372
357
357
375
382
383
250
242
220
211
196
197
309
308
310
310
372
375
375
382
383
383
250
244
242
243
219
218
210
203
199
199
199
309
308
308
372
375
374
380
381
381
253
243
243
219
219
218
218
210
692
210
211
199
697
839
836
837
837
885
885
374
380
872
381
253
611
611
615
615
689
689
689
692
692
697
697
839
837
837
884
885
886
885
867
868
866
609
611
610
688
695
695
695
694
696
700
696
832
838
838
838
884
884
882
883
883
883
869
871
871
609
610
608
615
685
694
701
701
700
702
700
941
942
942
957
883
883
869
869
871
870
626
609
627
635
632
685
685
701
684
701
703
703
943
942
956
897
905
905
625
625
635
629
629
629
684
684
660
703
703
660
940
943
940
936
937
902
902
904
905
904
905
625
625
625
624
629
629
628
684
657
660
663
663
931
931
931
932
935
916
902
899
904
904
595
600
606
580
580
647
657
662
663
662
663
928
928
932
935
918
919
918
920
922
922
603
602
592
600
581
576
657
659
656
659
928
928
932
933
933
918
918
919
922
922
602
601
601
607
577
577
647
659
659
933
262
131
267
267
262
261
261
261
326
470
470
470
325
338
467
467
343
191
191
177
183
183
182
183
181
182
180
131
264
267
267
262
257
257
326
326
470
341
343
343
189
188
188
190
188
177
183
183
145
131
265
265
264
301
256
256
257
320
320
321
320
325
325
343
189
184
179
186
178
144
145
296
298
301
301
300
301
302
256
320
320
451
321
451
454
340
461
185
184
184
187
144
144
296
296
296
300
302
302
353
334
350
234
185
237
187
151
153
151
158
158
297
299
303
303
358
358
358
454
455
454
234
233
234
234
237
237
168
222
151
153
151
305
299
307
306
359
359
361
232
250
251
233
236
236
220
220
221
223
221
215
214
196
158
305
307
306
416
359
416
359
382
383
383
251
251
250
251
251
220
220
221
214
215
197
197
213
308
412
307
419
416
416
382
383
250
255
242
218
217
218
210
211
211
214
197
308
836
310
375
417
374
426
382
252
255
254
254
219
219
218
217
210
745
745
836
836
837
417
885
887
374
867
430
867
381
253
254
254
615
765
689
689
767
692
695
745
696
696
697
839
839
836
837
847
886
886
887
887
867
867
866
613
612
612
615
688
689
695
696
839
839
838
845
886
864
865
871
609
608
608
615
685
694
694
700
702
702
702
941
847
847
883
869
865
871
871
626
626
627
631
631
685
701
702
703
702
941
941
941
937
903
903
903
897
897
905
626
625
630
685
684
661
661
661
703
940
930
936
937
936
937
937
901
903
903
903
897
896
904
624
624
629
628
628
645
661
660
663
930
930
930
936
935
935
902
899
899
896
603
624
603
600
630
628
657
643
662
662
929
928
931
935
919
919
898
920
920
921
603
603
600
576
646
647
647
640
662
929
929
929
929
932
932
933
933
933
919
919
921
921
921
921
602
602
602
601
601
600
576
576
646
647
640
640
640
607
266
262
263
263
262
260
261
504
471
471
470
467
467
343
191
191
191
176
177
183
181
177
180
181
180
180
85
266
265
263
263
258
261
257
471
469
468
471
467
465
464
26
188
176
179
177
181
181
87
85
265
268
265
268
258
257
258
469
451
468
464
461
342
26
188
184
186
178
152
155
86
298
269
301
258
259
258
450
450
451
461
461
461
185
26
185
187
184
186
178
178
152
152
152
159
159
298
298
299
298
299
303
303
302
450
450
450
449
451
454
454
454
235
235
185
187
187
153
152
159
158
405
299
299
303
393
393
452
452
455
455
235
235
235
235
237
223
222
153
153
159
158
405
307
400
401
401
424
358
424
425
452
455
248
251
236
236
223
222
215
215
158
413
413
402
400
401
424
425
453
453
248
249
248
223
248
223
209
209
215
209
214
213
412
413
419
416
425
426
431
431
431
430
253
255
217
217
209
208
208
744
412
841
419
417
416
417
426
431
431
430
253
254
255
255
216
216
767
209
745
744
841
840
845
887
887
430
866
613
253
254
612
614
767
745
841
836
842
842
845
845
886
887
867
800
613
526
613
614
614
765
766
766
759
750
751
751
843
846
847
864
864
865
866
613
526
627
612
614
765
766
766
759
750
751
750
843
843
847
846
847
844
864
864
865
865
865
523
627
759
759
759
750
940
941
936
938
900
900
897
523
626
631
630
628
756
645
661
726
940
936
937
938
938
901
901
897
898
896
896
896
624
572
630
630
628
553
645
661
645
643
643
930
965
930
934
934
934
939
901
901
898
898
896
573
572
624
570
644
645
644
643
642
641
642
929
964
934
934
935
934
898
921
1007
899
603
573
570
573
559
559
558
646
646
640
641
641
641
964
964
967
967
967
1001
1001
1000
1000
1007
1006
568
602
568
601
559
558
646
646
647
641
650
1001
260
466
266
271
263
260
504
504
504
469
471
466
466
465
465
22
22
176
176
71
71
94
180
84
85
85
270
271
263
271
260
505
504
468
467
464
465
464
23
22
176
179
179
181
87
87
85
265
269
269
258
259
469
468
468
460
26
26
186
26
27
179
27
76
76
178
87
87
270
269
268
268
259
259
395
469
448
449
460
25
24
24
186
76
152
157
86
405
407
268
394
393
449
393
449
453
463
460
25
25
25
24
187
159
159
405
405
407
394
401
393
449
452
452
453
449
453
455
10
10
9
9
9
222
103
153
156
156
156
404
405
401
394
392
424
453
455
11
10
8
222
215
212
156
413
404
402
402
400
400
401
424
425
425
428
249
248
249
2
2
2
209
208
212
212
213
212
213
413
412
413
419
417
426
427
429
428
249
249
249
255
216
217
97
208
208
213
412
841
418
417
418
423
423
431
429
430
428
252
255
216
216
217
760
767
747
747
744
747
841
841
840
840
418
418
418
806
807
426
429
800
527
252
527
527
537
764
764
767
745
763
747
744
744
842
842
840
845
845
807
807
527
537
614
538
764
765
767
766
763
751
843
857
843
842
846
844
844
807
805
805
526
526
539
614
765
759
758
758
758
751
843
856
856
846
846
900
844
864
805
523
521
627
533
631
765
757
758
726
726
750
856
963
938
938
939
1012
900
998
1012
998
999
523
523
521
533
533
532
756
726
726
727
968
963
938
939
901
939
900
998
1005
1004
573
999
523
572
521
552
552
553
553
645
643
642
968
965
965
965
967
1000
1005
1004
1004
573
573
572
552
553
644
644
655
643
642
642
971
965
965
967
1003
1007
1004
1006
568
570
559
558
554
652
644
641
651
964
967
966
966
1000
1001
1001
1001
1007
568
569
570
570
571
559
558
559
558
652
653
653
650
650
964
1007
650
465
266
271
507
505
506
506
471
466
478
465
22
20
22
71
71
94
94
84
81
84
85
270
271
271
510
506
469
466
464
478
23
23
23
23
71
70
71
84
81
84
270
269
510
505
505
477
477
477
477
16
26
17
27
27
76
76
76
78
86
86
269
268
509
505
448
477
448
462
460
460
24
24
31
27
30
77
77
78
78
86
86
407
407
388
394
509
393
395
392
448
448
448
463
462
462
25
30
9
9
100
77
157
157
157
406
394
392
456
463
463
462
463
25
8
9
100
100
103
103
102
157
404
404
404
402
403
402
398
392
392
398
424
442
444
444
11
10
8
8
98
98
103
103
103
212
156
403
403
403
400
398
422
425
1
11
1
2
2
97
97
99
106
412
414
408
423
422
423
422
427
429
428
1
1
0
2
106
106
106
213
415
415
418
423
427
429
429
428
428
252
7
760
760
760
762
763
746
861
840
863
853
423
806
807
806
800
800
527
537
537
538
764
761
762
763
763
747
746
860
860
860
860
853
853
807
806
804
801
525
526
525
538
761
762
748
747
748
751
856
857
846
857
807
804
805
524
524
524
539
538
539
764
757
758
757
758
748
748
859
857
857
844
804
805
998
522
522
521
533
532
727
727
727
856
963
962
1012
998
998
522
523
521
521
533
532
532
756
757
725
727
726
725
727
968
968
968
963
962
962
1012
1008
560
574
574
532
756
655
724
724
969
963
962
1019
1009
1005
1005
1004
575
575
572
575
574
557
552
553
546
655
655
654
724
968
971
966
971
966
1000
1003
1003
1005
1004
993
575
571
571
557
557
554
553
655
653
651
651
970
970
971
964
971
966
966
1003
1003
1002
1002
1002
1007
1006
1006
568
569
569
571
556
556
556
558
554
554
652
555
652
652
650
651
650
266
501
500
507
507
506
475
475
479
478
479
478
21
20
20
70
69
68
94
94
80
81
81
510
507
507
505
475
477
478
476
20
20
23
70
71
68
68
87
81
82
270
389
510
511
509
474
476
476
476
16
17
17
17
30
70
79
79
82
388
510
508
509
457
459
17
17
29
31
66
77
78
77
78
407
389
388
395
457
456
463
462
462
28
28
31
31
100
100
78
74
74
407
398
388
385
395
399
395
397
442
456
463
11
445
10
8
98
101
102
102
74
108
157
406
403
398
399
392
443
442
442
445
11
444
3
8
98
98
98
102
104
104
415
414
409
403
398
399
422
442
443
443
444
444
1
3
99
99
106
107
107
414
408
422
443
440
435
435
435
1
7
0
3
97
3
96
97
109
746
107
415
414
863
408
422
421
434
434
435
7
0
0
97
761
760
96
762
746
746
737
861
861
863
420
421
801
800
801
7
525
537
761
761
762
763
742
742
746
860
861
853
853
806
810
807
801
803
525
525
519
538
537
542
761
754
740
740
742
859
860
853
852
852
804
804
524
524
539
539
531
754
754
754
742
743
859
857
1013
1012
1014
812
524
522
522
520
528
528
542
757
757
756
740
720
723
856
969
1013
961
1013
1015
1008
522
520
528
529
529
529
534
534
969
963
960
1013
1015
1009
1008
1008
560
560
575
520
531
533
534
532
725
725
724
969
969
972
962
1018
1018
1008
1009
992
560
561
575
574
557
550
553
655
654
725
649
971
973
973
1019
1019
1019
1002
1005
992
569
571
571
557
557
550
554
654
653
651
970
970
1019
1003
1002
1006
993
993
993
993
569
556
556
555
555
555
652
649
651
649
511
506
475
479
479
21
21
69
69
69
68
80
81
501
511
474
478
21
19
69
68
69
80
82
390
508
509
472
17
19
19
66
79
82
389
388
511
509
457
474
459
459
29
31
67
79
75
74
406
397
396
456
457
459
29
31
31
30
101
77
73
74
406
406
406
388
399
397
397
396
396
445
456
28
13
13
101
102
108
74
411
409
440
442
440
447
445
447
12
12
13
12
99
102
99
108
409
409
443
443
447
435
3
96
99
109
104
409
420
439
421
439
437
434
3
3
5
96
111
109
107
104
409
408
421
437
434
434
435
7
6
752
106
736
861
862
863
420
421
810
519
536
519
536
762
737
736
861
863
851
849
810
809
801
808
808
517
536
536
755
740
743
742
743
858
852
851
811
811
809
801
517
516
539
542
542
542
755
740
859
859
852
1014
1014
812
812
524
516
516
516
528
528
534
754
720
722
723
961
852
1013
1014
1014
1010
516
520
531
529
534
529
535
720
720
723
969
961
961
1009
1009
1008
560
574
530
531
550
721
721
720
725
724
972
973
1017
1018
1009
1011
561
561
561
549
549
546
729
728
973
1018
994
992
992
566
566
549
550
545
544
654
649
649
973
1019
1021
994
993
566
566
566
548
555
555
648
500
502
498
68
95
80
390
511
507
64
83
511
508
474
476
472
16
65
73
82
390
389
397
472
16
29
67
389
384
384
458
459
28
29
67
73
385
397
441
15
101
104
385
399
396
445
12
414
411
399
447
445
4
5
12
110
105
439
438
447
5
111
109
107
410
408
437
433
7
6
96
737
863
851
519
6
543
752
737
737
736
851
810
808
803
517
536
753
755
743
742
858
848
813
517
543
542
755
722
741
848
852
813
517
528
529
540
535
720
722
975
961
1011
563
535
721
723
972
1018
1015
1010
560
564
723
1018
561
551
550
550
545
1016
1020
567
549
549
544
729
970
994
567
648
500
499
479
21
18
18
503
502
18
64
501
508
16
19
457
459
73
15
13
123
441
446
13
101
108
387
385
384
14
12
109
105
105
408
439
4
111
105
411
440
432
111
110
433
753
736
862
851
810
752
862
543
848
848
813
541
741
811
743
961
960
1013
535
1015
1010
563
551
730
974
972
972
1021
1011
1011
992
561
564
729
729
654
970
973
1016
1021
994
995
548
544
649
501
500
475
95
83
503
472
64
80
83
391
508
499
472
19
67
66
73
82
389
497
66
67
73
384
75
458
15
13
101
120
75
447
440
446
111
105
436
4
5
110
109
107
736
437
5
862
437
6
6
543
753
753
850
810
808
755
743
858
849
809
543
848
812
530
530
530
540
741
741
722
1014
563
535
730
975
564
546
728
549
545
1021
995
548
994
567
544
648
502
499
479
18
65
83
501
499
473
65
16
18
83
510
474
472
29
72
391
387
457
37
123
72
72
387
396
14
122
411
122
439
446
122
111
410
433
433
110
410
420
432
110
752
736
849
808
849
519
519
543
858
850
518
518
741
812
812
541
983
960
1023
1010
563
551
730
729
975
1017
1015
972
1022
1020
563
551
551
728
974
1017
1017
566
548
545
545
728
974
1016
1020
995
567
544
648
501
502
498
21
95
499
473
473
64
390
497
66
83
391
391
458
19
67
72
384
123
72
75
387
458
15
105
385
384
446
14
15
122
120
126
446
14
120
420
438
433
432
4
410
815
439
436
6
737
850
437
752
858
850
809
809
518
753
739
849
813
813
975
848
811
517
531
541
540
731
722
983
563
564
730
975
1011
551
545
1017
1021
648
728
1016
1016
1021
567
548
544
499
498
65
92
95
503
473
498
64
391
503
497
473
65
65
391
497
123
75
386
497
458
15
37
75
386
441
441
122
387
386
386
441
446
126
411
385
439
433
122
126
410
432
39
127
436
120
127
862
38
753
739
849
809
814
814
541
739
850
811
541
755
741
811
518
540
960
1015
530
731
983
1023
1010
564
546
546
730
730
1022
995
565
547
729
974
1017
1020
995
567
565
974
1020
1020
547
116
93
92
117
118
125
117
44
124
497
473
44
124
771
123
121
125
386
14
37
121
769
121
120
126
122
126
769
815
438
436
127
815
815
436
432
127
739
814
814
830
830
518
514
738
738
205
830
813
541
738
738
830
731
731
978
1023
997
996
731
1023
996
996
565
983
1023
997
995
562
565
565
547
1022
996
547
728
1022
999
996
565
116
116
119
119
119
93
93
92
116
118
118
118
119
93
117
117
117
118
118
125
117
44
124
124
496
781
44
124
770
771
121
125
769
769
768
771
37
39
121
115
769
768
438
778
37
39
90
815
38
39
114
769
827
38
38
90
90
127
739
514
127
739
830
814
514
978
514
514
717
978
830
997
712
978
997
513
515
515
540
731
712
712
997
997
562
712
713
983
562
713
983
983
1022
999
713
983
999
547
713
119
61
116
773
92
92
775
771
773
91
770
118
44
125
770
771
91
125
770
778
781
114
115
115
115
778
39
88
768
779
88
115
708
38
88
977
827
708
827
515
978
978
979
831
831
704
717
831
831
514
704
704
979
515
704
717
787
715
717
717
855
855
787
513
513
715
513
715
712
982
562
714
713
512
803
713
589
589
772
733
355
355
61
61
772
60
61
61
771
773
91
775
771
772
772
773
91
779
773
778
778
781
768
89
89
115
977
779
88
976
977
782
708
708
89
88
114
976
113
977
977
784
784
706
706
706
979
515
706
979
979
785
704
705
787
787
515
717
734
734
787
705
787
512
715
714
787
719
715
715
981
982
982
982
512
803
714
319
982
512
803
803
319
733
60
63
588
589
733
733
60
63
775
589
772
60
779
773
63
777
780
91
63
777
768
980
780
91
980
980
781
781
89
62
980
782
781
89
782
89
112
976
977
113
113
112
976
979
793
155
976
785
785
784
706
706
113
979
785
784
790
705
705
281
785
790
786
784
790
705
718
487
333
716
981
512
48
734
719
49
719
49
735
319
588
734
825
733
639
589
112
824
775
820
780
60
777
777
779
779
827
826
777
782
780
53
62
179
980
782
782
62
62
980
205
53
62
795
795
734
788
788
793
113
976
785
793
793
793
113
718
828
793
707
718
790
790
790
705
719
786
512
719
49
48
48
486
786
786
49
981
981
719
51
51
49
825
825
825
820
824
825
36
819
112
824
36
777
826
826
820
820
780
826
826
823
776
776
776
818
782
794
794
783
794
53
62
795
794
794
53
53
205
783
167
53
828
791
792
828
791
707
828
494
793
718
707
707
718
154
154
154
791
791
51
707
211
831
786
791
48
486
486
831
90
48
486
283
719
49
90
487
486
775
816
824
821
821
36
774
816
824
821
36
774
774
816
820
776
819
819
819
776
819
827
818
823
586
823
586
586
818
783
795
586
586
783
792
792
52
586
791
55
789
788
494
52
52
55
114
828
788
828
51
51
50
985
51
50
50
829
985
985
987
829
488
487
487
829
829
987
487
775
816
817
93
821
816
816
821
819
817
817
817
36
854
774
817
822
36
823
854
774
822
822
823
854
774
749
822
823
749
822
32
32
32
818
503
792
792
721
584
584
503
783
52
52
195
789
494
55
789
490
50
55
55
54
490
491
50
54
987
54
829
987
488
484
484
54
829
987
488
487
54
282
606
639
282
485
606
283
57
57
821
732
817
988
45
45
318
318
37
585
318
854
495
33
748
721
33
33
33
584
607
494
195
490
494
985
502
55
789
495
490
490
484
493
490
491
491
484
484
54
829
789
488
491
485
606
489
606
489
489
485
716
714
489
489
485
281
59
282
732
57
57
282
732
56
732
732
56
318
56
56
33
590
34
33
585
590
721
584
584
590
590
591
591
33
43
585
585
607
585
590
43
587
480
607
587
749
480
985
495
493
716
855
605
489
491
485
716
716
605
489
495
605
59
154
282
47
47
46
45
47
57
500
35
154
341
57
35
56
590
35
639
496
56
34
58
58
43
58
58
590
43
585
607
42
43
923
587
587
587
799
481
480
480
799
493
984
984
799
493
493
984
114
41
855
855
795
605
604
749
41
493
604
492
605
491
492
42
46
197
47
46
46
197
45
155
638
45
45
47
34
638
59
709
58
35
35
34
341
58
333
496
32
34
34
481
481
481
481
42
42
587
984
984
480
40
40
855
604
41
711
604
41
492
366
482
482
341
604
482
41
492
211
492
496
798
46
989
989
638
335
799
155
638
498
639
415
59
986
427
709
709
35
796
735
59
59
32
427
796
796
481
988
40
42
155
797
483
205
483
711
711
483
319
990
711
335
990
482
591
41
496
991
591
591
482
482
95
798
798
798
797
797
638
799
710
710
495
710
710
709
283
495
283
986
986
709
367
986
281
709
796
986
796
735
988
797
797
988
40
483
40
483
873
319
873
990
367
802
802
920
990
990
991
991
923
802
991
591
991
367
588
735
798
797
283
639
639
710
710
708
283
708
989
989
333
367
367
735
799
483
631
749
714
802
588
991
588
205
