128
23
54
52
52
52
57
57
23
20
56
56
57
20
20
20
20
20
20
54
52
52
30
30
30
17
44
56
56
56
30
30
17
44
39
56
56
30
30
30
17
17
17
39
36
56
56
27
27
17
17
17
36
36
36
36
27
27
27
27
27
17
17
39
39
39
37
37
27
27
28
16
45
45
39
39
39
37
26
28
28
28
16
16
44
44
119
119
37
116
26
119
119
116
116
77
77
77
70
119
119
116
76
71
118
118
119
117
117
117
117
76
71
71
70
114
118
118
117
117
76
76
76
71
70
70
70
70
114
114
112
117
117
74
74
73
73
70
66
114
114
112
74
66
112
112
113
74
74
66
72
72
66
66
67
67
115
115
113
113
113
74
66
67
115
113
113
113
113
113
74
74
74
72
66
66
67
54
54
54
54
54
54
52
52
52
52
52
52
56
56
57
57
57
23
23
23
23
23
20
20
20
20
54
54
54
52
52
52
52
56
56
57
57
57
23
23
23
23
20
20
20
20
20
54
55
55
55
52
52
52
52
56
56
56
56
57
57
57
57
30
23
20
20
17
17
20
17
44
44
44
44
52
52
52
56
56
57
57
30
30
30
30
30
20
17
17
17
44
44
44
44
44
44
39
36
56
56
56
56
56
30
27
30
17
17
17
17
17
44
44
39
36
39
36
36
36
56
27
27
27
27
30
30
30
17
17
17
17
17
17
45
44
45
39
39
36
36
36
27
27
27
27
30
27
30
17
28
17
16
16
16
45
45
45
39
39
36
37
37
37
27
27
27
27
28
28
28
16
16
16
16
44
44
45
39
39
39
39
39
37
37
37
26
26
26
26
26
26
28
28
28
28
16
16
16
16
44
44
39
39
37
37
116
116
116
116
77
26
28
28
28
28
28
71
16
16
70
44
44
119
119
119
119
119
119
116
116
116
116
116
116
116
77
77
77
77
77
77
71
76
71
71
71
70
70
118
118
119
118
119
119
119
116
117
117
117
77
76
76
76
76
71
76
70
70
70
70
118
118
118
119
119
117
117
117
117
76
76
76
76
76
71
70
71
70
70
70
118
114
118
117
117
117
117
117
117
74
76
76
76
71
71
70
70
70
114
114
114
114
114
112
118
112
112
117
117
117
74
74
73
66
71
66
70
114
114
114
112
112
112
113
112
117
117
117
74
74
74
74
73
73
66
66
66
66
67
67
67
114
115
115
115
112
112
113
113
117
117
74
74
74
74
74
74
72
72
66
67
67
115
115
113
115
113
113
113
113
74
74
74
74
74
72
72
72
66
66
66
67
67
115
115
113
113
113
113
113
113
113
113
113
74
74
74
72
66
66
67
67
67
67
67
115
52
23
54
54
54
52
52
52
52
56
56
59
57
59
59
57
23
23
23
23
20
20
20
20
20
54
55
55
54
55
52
52
52
52
52
52
52
56
56
57
57
57
23
23
20
20
20
20
20
21
55
55
55
52
52
52
52
56
56
57
57
57
57
57
57
57
30
30
23
20
23
17
20
17
44
55
55
55
44
55
52
56
56
57
57
57
30
30
18
17
18
18
17
18
44
44
44
44
44
44
39
36
52
36
56
56
57
30
30
30
30
30
17
17
17
17
44
44
39
39
36
36
36
36
56
27
27
30
30
17
17
17
45
45
39
39
36
36
37
27
27
30
30
30
28
28
17
16
45
45
45
45
39
39
39
39
36
36
26
26
26
27
30
26
28
28
16
28
16
16
16
16
44
45
45
39
39
39
39
39
37
37
37
26
26
26
26
26
26
26
26
28
28
16
16
16
45
119
39
38
37
37
37
77
26
26
77
26
28
71
16
69
44
118
119
119
119
119
116
116
116
77
77
77
77
77
77
71
71
71
71
71
70
118
118
118
118
119
119
116
116
116
101
77
77
76
76
76
76
71
71
70
70
70
118
118
118
118
118
118
118
118
119
116
117
101
101
76
76
76
71
71
71
71
70
70
118
118
114
116
117
117
117
101
76
76
76
76
71
71
70
70
114
114
114
112
116
117
117
117
117
117
117
73
73
73
71
71
70
66
70
114
114
114
114
114
112
112
112
117
117
74
74
74
74
73
72
66
66
66
66
67
115
115
115
115
112
112
112
113
112
117
74
75
74
72
72
72
66
66
67
67
67
115
113
113
113
113
75
75
74
74
72
72
72
72
66
66
67
115
115
115
115
115
115
113
113
113
113
113
113
113
113
75
75
75
75
72
75
72
72
72
72
66
66
66
66
67
67
72
66
54
53
55
55
55
55
55
52
52
53
53
56
58
59
59
59
59
59
23
22
23
22
20
20
20
20
20
20
20
21
21
55
55
53
53
52
52
56
56
59
59
59
59
59
23
23
20
20
21
55
55
55
55
55
53
53
53
53
53
56
56
57
57
57
57
30
30
23
20
20
21
21
21
55
55
47
44
47
44
53
53
52
56
56
57
57
31
30
30
23
23
23
18
18
18
18
44
44
44
38
36
36
56
57
57
30
31
30
31
18
18
18
18
44
44
44
38
36
36
36
36
57
25
30
30
31
31
30
31
28
18
17
17
17
45
45
45
45
44
45
39
38
36
36
36
36
26
26
26
31
16
28
16
16
45
45
45
45
39
39
38
37
37
37
26
26
26
26
26
28
28
16
16
16
16
16
45
45
45
45
39
39
38
39
38
37
37
37
26
26
26
26
28
16
16
16
45
45
39
45
38
38
37
37
26
26
26
26
26
26
26
68
28
68
68
69
69
120
118
119
119
119
116
37
101
77
77
77
77
77
77
71
71
68
68
69
68
70
118
118
118
119
116
101
101
101
77
77
77
76
68
71
71
71
68
68
69
69
118
118
119
116
116
116
116
117
101
77
101
77
101
76
76
76
76
71
71
68
69
70
118
118
118
112
116
116
101
101
74
76
76
71
71
71
70
70
114
114
114
114
112
116
101
117
101
74
101
73
73
73
73
64
71
66
66
65
114
114
114
114
114
114
112
112
112
103
117
101
74
74
73
73
66
66
65
115
115
112
112
112
112
112
75
74
75
75
74
73
72
72
66
66
67
115
115
115
115
115
112
112
113
102
75
75
75
75
72
72
72
72
66
72
67
67
115
115
115
115
113
113
113
102
113
75
75
75
75
72
72
72
72
72
72
72
66
67
67
67
113
67
55
55
55
55
53
53
53
53
53
59
59
59
59
59
59
22
22
22
20
22
20
21
21
21
55
55
53
53
55
53
53
58
58
59
59
59
59
59
22
22
22
23
23
21
21
21
55
55
55
53
53
53
53
58
58
59
59
31
31
31
22
23
23
23
23
21
21
21
21
55
55
55
55
47
53
56
57
59
31
31
31
23
23
18
18
18
47
47
47
47
47
47
38
36
36
58
56
36
35
57
57
25
31
31
31
31
31
31
31
18
18
18
18
18
47
47
47
47
47
38
38
36
36
36
35
25
25
31
31
31
31
29
28
18
18
18
18
45
46
47
38
38
38
38
36
36
25
25
25
25
31
31
29
29
29
29
19
16
45
45
39
38
38
38
37
37
25
26
29
29
16
16
45
45
45
46
38
38
38
37
37
37
25
24
26
24
24
28
28
28
16
16
16
45
45
45
38
38
38
37
37
37
24
24
24
24
24
24
28
28
68
28
28
16
69
120
120
120
119
119
119
37
37
101
37
24
77
77
77
77
68
68
68
68
68
69
69
120
120
119
119
119
116
116
111
101
109
77
77
77
68
68
68
68
68
69
69
69
118
118
120
118
118
119
116
116
116
116
101
101
101
77
76
76
76
71
68
69
69
69
69
69
125
118
118
118
116
116
101
101
101
101
101
101
76
76
76
71
71
69
64
69
69
69
114
114
112
101
101
101
74
73
73
73
73
73
64
64
64
65
65
65
125
114
125
114
112
112
103
101
101
101
101
100
73
73
73
73
73
73
64
64
65
65
65
124
115
115
115
112
112
112
102
102
75
75
73
73
73
72
64
66
65
65
65
65
124
115
115
112
112
103
103
102
102
75
75
75
75
75
72
72
66
67
67
67
124
115
115
115
115
112
103
103
102
102
75
75
75
72
72
72
65
67
67
115
48
21
49
49
48
48
53
53
58
58
58
58
58
59
58
59
59
22
22
22
21
21
21
21
21
21
21
21
55
49
49
48
53
53
53
58
58
59
59
59
22
22
22
22
22
22
21
21
21
21
49
49
49
55
53
53
53
53
53
58
58
58
59
59
31
22
22
23
23
18
18
55
47
49
55
47
53
47
53
35
58
58
58
59
59
59
61
31
22
22
23
18
18
46
47
47
47
47
47
38
59
57
31
31
31
31
18
18
18
18
18
47
47
47
47
38
38
38
35
35
35
25
25
25
31
31
31
31
29
29
18
18
46
46
46
47
36
36
37
25
25
25
25
25
25
29
29
29
29
29
29
19
19
18
46
46
46
46
38
38
38
37
37
37
25
25
25
25
25
29
29
29
19
29
16
19
19
45
46
46
46
38
38
37
33
25
24
24
29
24
24
29
28
29
19
16
45
120
45
38
38
38
33
37
24
24
24
24
24
24
24
24
28
69
69
120
120
120
38
119
119
38
111
33
111
33
24
24
24
77
68
68
68
68
68
68
68
69
69
69
120
120
120
120
120
119
119
111
111
111
111
109
109
77
77
77
68
68
68
69
120
120
126
120
119
111
101
101
101
78
76
78
68
68
68
69
69
69
69
126
126
126
116
101
100
101
100
100
100
78
78
78
64
69
69
69
69
125
125
126
126
116
103
103
101
101
100
100
100
73
64
64
64
64
64
65
125
125
125
125
125
125
126
103
103
103
103
101
101
101
73
73
73
73
64
64
64
65
65
124
124
124
125
125
125
103
103
102
102
75
73
75
73
73
73
64
65
65
65
124
124
125
112
103
103
103
102
102
102
102
75
75
73
64
65
65
65
65
124
124
125
124
125
125
115
125
112
103
103
102
102
102
102
75
75
75
75
75
75
72
72
65
65
65
65
65
72
49
48
49
48
48
48
48
48
58
58
58
59
58
59
22
22
22
22
22
21
21
21
21
21
21
21
11
49
49
49
48
48
48
53
58
58
58
58
58
59
61
3
22
22
22
22
21
21
11
11
49
49
49
49
48
53
48
58
58
58
61
61
59
3
22
22
22
22
21
18
11
46
49
49
48
47
48
58
35
58
61
61
61
31
3
31
22
22
23
23
23
23
18
18
19
19
46
47
47
47
47
47
47
47
35
35
35
35
35
35
61
61
25
31
31
31
31
18
18
19
19
46
46
47
47
47
35
35
35
35
35
25
25
25
25
31
29
29
29
18
19
19
46
46
46
47
41
38
38
33
33
35
35
25
25
25
31
29
29
29
19
19
46
46
46
46
46
33
33
33
35
25
25
25
25
25
29
29
29
29
29
19
19
46
46
41
38
33
33
33
33
33
33
24
24
24
29
29
29
29
69
46
120
41
41
38
38
33
33
33
33
24
24
24
24
24
24
91
29
91
69
120
120
120
111
111
33
109
109
24
24
95
95
91
69
120
120
120
120
120
120
119
111
111
109
109
109
109
77
95
68
91
91
91
68
69
69
120
126
126
111
111
111
109
109
100
100
78
78
64
91
68
69
69
69
69
126
126
126
126
126
126
111
100
100
100
100
100
78
64
64
64
88
125
126
126
126
126
103
100
100
100
92
92
64
64
64
64
88
125
125
126
126
125
103
103
103
103
103
100
100
100
93
92
92
73
92
64
64
64
64
64
124
124
125
125
125
125
125
103
103
103
102
102
100
100
73
83
64
81
81
65
65
65
65
124
124
125
125
125
125
103
102
102
102
75
102
75
100
83
83
83
81
65
65
65
65
65
124
124
125
125
125
103
103
103
103
102
102
102
75
75
75
83
83
83
81
65
65
65
103
48
58
49
49
48
48
48
48
48
58
58
58
58
61
61
2
2
22
22
10
10
10
21
11
11
11
49
49
48
49
48
48
48
58
58
61
61
61
2
2
22
22
21
21
11
11
11
49
49
49
48
48
58
58
61
61
3
3
22
3
3
22
3
9
9
21
11
11
49
49
49
49
49
47
42
48
35
35
61
3
3
3
22
9
18
19
11
46
46
47
47
47
35
42
35
35
35
61
3
3
3
3
23
19
19
46
46
46
47
40
42
35
35
35
35
35
35
35
1
1
1
1
1
29
8
19
19
19
19
46
46
41
41
42
35
35
35
1
1
1
29
29
19
19
46
46
46
40
40
41
41
41
33
33
33
25
25
25
0
0
0
29
29
19
19
19
19
19
46
46
40
41
41
33
33
33
33
25
25
25
24
24
24
13
29
29
19
46
120
41
41
41
41
33
33
33
33
33
24
24
24
24
24
91
91
91
89
89
89
120
123
120
120
41
41
41
111
111
33
33
109
109
24
109
109
95
91
95
91
91
91
91
89
89
123
120
120
120
120
111
111
109
95
95
95
91
95
91
91
91
88
123
123
126
120
120
122
111
111
109
109
109
109
95
95
91
91
91
91
88
88
126
126
126
126
126
103
111
111
111
100
108
95
95
95
95
92
88
88
88
88
126
126
126
126
126
97
103
100
103
100
100
100
100
93
92
92
92
88
88
88
88
126
126
126
126
103
97
103
103
103
103
100
100
100
100
93
92
92
92
92
88
88
81
124
124
124
125
125
103
103
103
102
100
100
93
83
83
81
81
81
65
81
81
124
125
124
125
96
102
102
102
102
83
83
83
83
81
81
65
81
124
125
125
125
96
96
96
102
102
102
102
83
83
83
83
83
83
83
81
81
81
65
65
124
102
65
61
49
48
48
48
51
51
58
61
61
61
2
2
2
10
10
10
10
11
11
11
11
49
49
49
48
51
58
61
61
61
2
2
2
2
10
9
10
11
11
11
49
49
49
48
48
61
61
61
61
2
3
2
3
3
9
9
9
9
11
11
49
49
51
48
35
61
35
60
60
60
3
3
3
3
3
8
9
9
9
11
11
46
43
43
42
42
42
42
42
35
35
35
35
34
60
3
3
1
1
8
8
19
19
19
43
42
35
34
34
34
34
34
3
1
1
8
13
13
13
9
19
46
46
40
40
40
40
41
41
42
42
41
34
34
34
1
1
1
1
13
13
13
13
13
19
19
40
40
40
41
41
41
33
0
1
0
0
0
13
13
12
12
40
40
40
41
41
41
41
33
33
33
0
0
0
0
12
12
12
19
40
40
41
41
33
33
33
33
33
24
0
91
91
91
91
91
89
123
123
123
123
41
111
111
111
109
109
109
95
95
95
95
91
91
91
91
91
89
123
123
123
123
122
122
111
111
109
109
109
109
95
95
91
91
91
89
88
89
123
123
122
122
111
111
109
108
108
95
95
95
95
95
95
91
91
88
88
88
127
126
123
122
111
109
100
108
108
95
95
92
88
88
88
126
126
126
97
100
99
100
100
93
93
92
92
92
88
92
88
88
88
88
88
127
127
127
127
127
126
97
97
99
93
93
92
92
88
81
81
127
127
96
96
97
97
97
99
99
100
100
93
83
83
83
92
92
81
81
81
81
124
124
125
124
125
96
96
96
97
99
102
102
102
83
83
83
83
83
81
81
81
81
124
124
124
124
124
125
124
96
96
96
96
96
96
99
102
102
102
102
83
83
83
83
83
82
82
81
82
81
81
81
81
81
49
50
50
51
51
51
61
61
61
61
61
61
2
2
2
10
10
10
10
11
11
11
11
49
51
51
51
61
61
61
61
2
2
2
10
10
9
10
11
11
11
49
49
50
51
51
61
60
61
60
2
2
2
2
3
10
9
9
11
43
50
51
51
60
60
2
2
3
3
8
9
9
9
9
43
43
43
42
42
34
34
60
34
3
3
3
3
8
8
9
9
9
43
42
43
43
42
42
42
42
34
34
34
1
34
1
1
13
13
8
13
9
9
19
43
40
42
42
42
42
34
34
34
1
34
0
1
13
13
13
12
12
12
40
40
40
40
42
42
41
34
33
34
34
34
0
0
13
13
12
12
12
40
41
41
33
32
32
32
32
0
0
0
0
13
0
13
13
12
89
12
40
40
123
40
41
41
32
32
32
0
0
0
13
91
91
13
91
89
89
89
123
123
123
41
32
109
109
109
0
109
94
95
91
91
91
89
89
89
123
123
123
122
111
110
111
109
109
109
109
108
95
95
95
91
90
90
89
89
123
123
122
122
122
111
110
108
108
95
95
95
95
90
90
89
89
123
122
122
97
97
108
108
108
108
108
95
95
94
95
92
88
88
88
88
127
127
127
127
97
97
97
108
108
93
93
93
92
92
92
127
127
127
97
97
97
97
99
99
99
99
93
93
92
92
92
88
88
80
124
127
127
127
96
96
97
97
99
99
99
99
93
83
82
82
81
81
81
81
124
127
124
96
96
96
96
97
99
99
102
83
83
83
82
82
81
81
81
124
124
96
96
96
96
99
99
99
99
99
83
83
82
82
82
81
81
81
81
50
51
61
61
61
2
2
10
10
10
10
11
11
50
50
61
61
2
2
10
10
10
11
11
50
51
51
60
2
2
2
10
9
11
50
43
50
51
60
60
60
60
3
3
8
9
9
9
43
42
42
60
60
60
3
3
3
3
8
8
9
9
43
43
43
43
42
42
42
42
42
34
34
3
1
1
13
9
9
9
43
40
42
34
34
34
34
34
1
1
1
1
13
13
13
12
40
40
42
34
34
32
0
13
13
12
12
40
41
42
41
41
32
32
0
0
0
13
13
12
12
12
40
40
41
32
32
32
32
0
0
90
12
89
123
123
123
40
41
110
109
94
94
94
90
90
89
123
123
123
122
122
110
109
109
109
108
94
94
90
90
89
89
89
123
122
122
122
110
110
108
108
108
94
94
94
94
90
89
123
123
122
97
97
110
108
108
108
108
108
93
94
95
88
88
89
88
127
122
122
97
97
97
108
108
93
93
92
93
92
88
88
88
127
127
127
97
97
97
98
93
93
93
92
92
80
88
80
80
127
127
96
96
97
99
99
99
99
82
93
80
80
80
124
96
99
99
99
83
99
82
82
80
80
81
80
81
124
96
96
98
99
99
99
83
82
82
82
80
50
50
60
10
10
11
50
50
51
10
11
50
51
60
60
60
2
10
9
11
50
50
42
60
2
3
8
43
43
43
60
60
3
3
8
9
43
42
34
1
8
12
43
42
42
34
1
40
40
42
34
34
0
0
1
12
12
41
32
34
0
13
12
12
40
40
32
32
0
0
13
90
123
122
108
0
94
90
90
90
89
122
110
109
109
108
94
90
90
89
89
123
122
108
108
94
94
90
89
89
122
122
108
108
93
94
94
92
88
89
127
127
97
108
92
88
88
127
97
97
98
99
93
80
96
99
93
93
82
80
96
96
99
82
82
80
80
124
99
99
80
50
51
60
2
2
2
50
50
2
10
50
51
2
2
60
60
9
1
1
8
42
34
1
8
9
43
43
43
1
1
12
12
12
40
42
0
13
12
40
32
32
13
12
32
90
90
123
122
122
90
123
94
122
122
108
94
90
110
89
127
127
122
92
97
98
98
93
92
127
127
127
96
97
98
99
99
93
80
80
80
124
124
96
96
98
99
82
80
80
50
50
60
10
11
50
60
10
10
11
50
50
51
60
2
8
8
9
11
43
51
8
8
9
43
9
60
1
1
8
12
9
34
42
34
13
12
32
0
0
12
12
12
89
32
0
123
32
0
0
94
90
90
123
122
109
90
89
123
122
110
94
122
110
108
93
93
94
90
89
89
97
98
92
88
127
93
92
80
82
80
96
98
82
99
99
80
80
51
51
61
2
10
11
50
60
60
10
2
2
11
50
60
60
3
8
50
43
60
7
8
8
9
43
42
1
8
43
13
43
34
13
13
40
32
32
12
40
41
32
12
90
90
122
109
122
108
94
94
123
122
108
94
90
110
108
94
127
122
97
98
98
93
92
89
127
97
97
127
97
97
98
93
93
80
127
96
96
82
82
80
80
80
124
96
98
98
99
80
80
50
50
60
2
10
51
60
60
10
50
51
8
11
50
50
60
2
8
8
43
8
8
9
43
60
1
12
43
43
34
1
1
13
12
12
34
1
12
40
32
32
32
0
40
122
41
32
0
90
122
32
90
123
123
110
110
108
90
90
122
110
110
127
122
110
108
108
94
94
92
89
127
98
93
92
127
98
93
80
96
96
80
80
96
96
96
99
82
80
51
60
10
10
10
50
60
60
10
50
50
51
60
10
10
50
51
8
9
43
51
60
1
7
9
43
51
51
13
43
43
43
42
34
12
40
43
43
32
13
12
40
32
7
12
32
13
14
123
7
90
90
122
110
110
108
94
90
122
110
94
90
90
110
94
94
122
110
93
92
127
97
98
93
92
92
89
89
97
98
93
92
80
127
96
98
98
98
93
127
98
98
80
14
8
8
14
14
15
14
7
15
60
60
7
15
105
8
15
15
43
1
7
15
105
15
15
15
13
12
105
104
32
32
14
104
104
32
32
14
90
110
108
104
104
94
107
90
90
27
104
110
94
90
90
104
94
89
104
104
110
110
89
104
98
98
93
106
97
98
98
98
93
93
80
98
98
80
80
98
98
98
82
14
14
14
14
14
8
8
8
14
14
14
14
14
8
14
14
14
14
14
15
14
7
15
15
51
84
7
15
105
105
15
15
105
105
105
105
7
7
15
15
105
105
32
84
7
7
14
104
7
7
15
105
104
7
7
14
14
14
90
107
14
90
104
110
107
104
110
107
87
104
104
98
87
104
98
94
94
94
94
94
87
87
98
98
94
87
80
106
98
80
106
106
98
98
80
106
98
80
87
14
5
14
84
8
8
105
105
84
15
105
14
7
15
105
105
15
15
105
84
84
8
15
15
15
84
7
14
105
84
14
15
107
7
14
104
104
107
104
107
104
104
104
104
104
107
87
104
104
110
107
107
104
94
107
87
105
87
87
87
98
98
105
95
94
87
95
87
87
105
98
87
87
82
70
87
79
79
84
78
32
32
5
5
84
5
5
5
105
84
15
105
105
84
84
84
15
84
84
84
84
84
105
14
14
15
104
84
14
104
104
84
107
107
14
14
15
104
15
104
104
106
106
107
107
107
104
106
107
104
104
106
107
107
105
106
106
87
73
73
105
107
105
82
87
87
105
87
87
87
105
105
105
82
82
70
87
53
105
82
70
70
53
78
5
5
79
79
78
78
5
5
85
79
84
5
84
84
5
85
84
15
5
85
105
105
84
15
105
105
84
84
14
4
105
84
84
14
84
14
15
104
104
15
15
15
104
104
107
27
104
106
106
106
107
107
15
104
106
106
106
107
107
48
106
106
106
106
106
107
64
48
51
87
105
82
4
110
87
4
87
4
110
53
79
111
86
78
78
79
15
86
85
86
84
5
85
85
85
84
85
86
85
84
84
4
4
27
105
84
84
4
4
105
27
4
4
85
107
110
106
106
107
15
104
106
107
107
107
15
64
79
107
107
64
106
106
106
107
87
106
82
87
7
4
4
62
106
106
4
105
105
87
7
7
4
86
86
86
86
86
86
6
86
15
86
6
85
86
86
87
87
84
85
86
87
85
85
85
86
84
85
85
84
85
4
4
85
85
85
4
4
27
84
27
4
79
106
107
79
106
107
79
63
107
64
107
107
64
27
27
27
106
106
4
107
27
79
106
106
4
62
62
79
8
4
62
48
87
4
8
62
62
85
86
86
86
86
6
85
86
86
86
6
85
85
86
87
85
86
86
86
85
86
85
86
87
79
87
79
79
86
84
85
79
79
84
107
107
4
79
106
4
106
106
63
7
7
4
14
79
106
79
4
4
4
121
4
4
4
79
121
121
121
79
63
63
62
79
79
121
63
85
86
86
14
86
86
86
86
86
86
86
86
6
111
85
86
87
6
87
111
85
87
87
87
111
85
82
87
87
82
87
7
7
7
86
48
107
107
68
79
79
48
84
7
7
19
106
63
4
106
63
4
4
4
4
63
63
4
4
121
4
79
121
63
63
63
4
79
121
63
63
4
54
78
110
50
63
78
51
5
5
86
110
86
67
5
5
54
54
6
79
54
111
51
6
67
68
7
7
7
79
111
63
19
63
63
121
63
4
106
32
63
63
63
62
63
63
63
63
63
4
79
106
63
63
63
78
63
78
63
63
63
126
110
63
63
63
54
5
54
110
5
5
54
110
5
110
110
5
54
5
5
6
121
6
6
79
121
68
79
79
121
121
121
121
6
6
79
79
111
79
121
6
79
62
111
79
108
62
121
32
62
126
85
78
63
63
63
126
126
78
63
50
78
5
27
54
7
7
7
5
7
5
54
6
27
48
5
6
5
121
6
110
54
5
6
5
5
6
5
5
121
6
79
111
6
6
67
79
79
79
82
62
62
62
82
62
121
121
82
62
62
121
15
6
85
85
95
78
78
78
6
62
78
62
78
63
62
7
7
28
7
7
7
28
5
19
121
5
5
7
6
121
5
78
5
6
6
6
48
5
54
54
6
6
6
62
62
62
62
6
6
79
121
121
62
6
6
85
78
6
70
78
6
62
50
62
62
54
78
62
6
62
28
62
54
114
7
100
100
120
54
114
19
121
53
83
51
5
64
50
78
78
6
85
110
5
5
6
51
85
85
62
67
6
6
27
85
62
27
62
70
70
62
54
121
70
51
121
62
121
6
54
121
121
121
62
62
15
114
114
114
68
68
120
114
78
78
51
78
78
78
54
51
54
64
64
78
51
64
51
78
85
64
85
82
67
85
85
67
6
62
6
62
110
54
110
121
50
82
82
67
121
121
121
121
83
82
121
121
121
54
121
110
114
68
54
120
120
78
78
78
54
78
64
64
54
54
50
82
67
62
67
83
83
82
121
121
121
27
