512
102
234
234
232
232
194
194
102
117
207
207
194
101
101
101
116
116
116
228
233
233
96
96
97
116
130
207
206
207
96
97
124
131
172
173
206
96
90
97
127
127
124
130
172
173
173
91
90
127
127
127
164
172
164
173
93
91
93
90
90
72
125
138
164
167
165
165
93
90
72
76
138
138
167
167
164
165
94
75
75
75
72
78
139
139
306
310
165
424
94
306
306
425
424
424
418
418
395
306
310
425
418
384
304
307
310
311
427
427
427
384
384
384
393
285
307
284
311
427
427
417
417
384
392
392
392
393
285
285
263
434
434
435
432
433
385
392
406
285
281
262
432
406
261
261
260
446
444
415
415
415
406
407
407
405
283
283
260
258
446
444
410
407
283
260
258
258
258
446
446
446
444
414
410
410
404
229
229
229
228
229
228
234
234
234
235
232
232
197
197
194
194
194
102
102
102
101
100
117
117
117
117
229
228
234
234
234
233
234
204
197
194
194
194
102
102
102
102
100
117
116
117
116
229
231
231
230
233
233
232
233
207
207
207
207
192
192
195
195
96
100
101
116
116
116
116
116
131
131
130
130
233
233
237
207
207
193
192
96
96
96
97
97
100
127
124
124
131
131
131
130
130
130
172
172
206
206
206
206
206
91
91
97
127
127
124
124
124
137
131
172
172
172
172
173
173
173
91
91
91
91
90
90
97
127
127
124
124
124
125
137
137
136
138
172
172
173
173
93
91
91
90
90
90
73
72
73
79
78
79
76
137
138
138
167
164
164
164
165
173
93
93
93
93
73
73
72
72
78
78
78
138
139
138
167
167
167
167
167
164
165
165
92
93
93
94
94
94
75
75
74
75
78
78
78
76
139
139
167
167
165
165
425
424
424
424
418
94
75
75
75
74
75
388
78
78
395
139
139
306
306
310
310
310
309
309
309
311
425
425
425
424
418
418
418
418
418
419
388
388
388
388
388
394
395
304
304
306
306
310
309
311
425
427
425
427
423
418
419
417
417
384
388
394
394
395
395
304
306
304
310
310
311
311
427
427
427
417
417
417
384
384
394
384
392
394
393
304
284
310
311
311
311
434
427
427
435
417
417
385
385
385
392
392
392
285
285
285
284
284
263
263
263
262
262
434
434
432
432
438
385
385
392
392
285
285
281
261
263
262
262
262
434
434
435
435
432
432
432
433
433
415
406
406
406
406
405
405
281
281
281
281
261
261
262
446
434
446
446
445
446
432
444
433
433
433
407
405
405
283
283
260
281
260
261
258
447
446
446
444
444
433
411
411
411
410
410
407
405
404
283
283
260
260
260
258
258
258
258
258
447
446
444
444
411
410
404
404
404
404
404
404
283
235
100
229
229
228
235
234
235
232
197
197
196
197
196
196
194
103
103
103
103
100
117
117
117
117
229
231
228
228
228
234
234
233
235
232
232
232
204
197
194
194
192
103
103
100
100
119
119
118
118
231
231
230
233
233
233
237
204
204
193
193
193
193
192
192
192
96
99
100
100
100
119
118
118
131
231
231
230
130
230
237
207
207
193
192
192
96
97
126
119
119
125
118
118
131
131
130
130
128
128
169
169
237
175
206
201
206
88
88
96
97
97
127
126
125
124
131
130
169
169
174
172
175
175
175
89
91
89
73
127
125
125
137
137
128
170
171
175
175
89
91
89
73
73
73
72
72
79
137
137
136
136
166
166
166
166
164
171
92
92
95
90
89
95
73
72
79
74
79
79
79
76
139
138
138
166
166
166
164
164
165
161
161
92
92
92
93
94
95
94
75
74
74
74
78
77
138
306
167
163
165
161
161
424
94
94
419
94
74
388
77
395
139
305
306
309
309
309
309
425
424
423
423
419
419
419
419
389
389
388
394
394
394
304
304
305
306
310
308
309
317
425
423
423
423
419
419
419
416
389
388
394
395
395
304
304
305
305
307
307
310
308
308
318
317
426
422
418
416
416
389
384
385
384
394
393
304
284
284
311
318
317
426
426
417
438
438
438
385
385
393
393
286
284
263
263
318
317
262
434
319
434
435
438
438
438
385
385
392
406
392
285
283
286
281
284
263
262
262
434
434
435
432
445
432
433
433
406
406
403
406
405
283
281
281
281
261
261
261
259
262
447
445
445
445
433
433
408
406
407
405
405
405
282
261
258
259
447
447
444
444
441
433
440
408
411
407
407
404
282
282
282
282
282
282
260
260
260
258
259
259
259
259
447
447
444
440
411
440
411
411
411
411
410
410
410
407
404
404
411
410
228
235
229
229
228
227
228
235
235
235
232
204
205
205
196
198
198
198
103
110
103
103
100
100
113
113
113
113
113
113
118
231
230
235
239
232
204
204
204
196
196
198
198
198
99
103
106
113
118
231
231
230
230
230
236
236
236
237
237
204
204
196
193
192
192
99
99
106
119
119
119
118
118
231
230
129
230
128
237
237
237
237
201
201
193
192
98
99
97
107
107
106
119
119
118
125
131
128
128
169
169
174
201
200
193
99
88
97
107
126
126
126
125
129
129
128
169
169
169
175
175
201
80
88
88
88
88
73
68
72
126
126
125
125
137
137
136
136
128
136
170
170
171
171
175
175
89
89
89
89
79
79
79
76
136
136
136
136
170
170
171
163
175
161
92
92
95
89
95
73
72
79
79
77
76
76
139
139
136
143
166
166
162
166
163
163
161
161
92
92
95
95
74
77
77
76
143
143
166
143
162
162
163
161
92
92
95
95
86
95
74
389
74
391
399
399
399
294
305
307
308
309
317
161
317
423
423
420
420
419
419
389
389
388
399
399
394
395
305
305
307
308
309
317
317
423
423
423
420
416
389
389
389
389
391
394
397
399
305
305
308
318
318
317
318
317
317
422
422
422
422
422
416
416
416
386
386
391
397
393
287
307
284
263
308
319
319
422
435
416
416
385
386
386
393
393
286
284
287
284
263
319
319
271
270
435
435
438
438
438
439
387
386
403
402
402
286
286
280
280
280
280
263
263
268
271
271
271
435
432
438
408
403
408
400
280
280
280
261
256
256
257
445
445
445
445
441
436
408
408
408
407
405
282
274
280
282
280
256
256
259
259
447
445
440
440
441
441
441
408
409
409
405
401
282
282
282
279
256
257
259
257
447
447
440
440
440
441
411
409
409
409
409
410
401
401
401
401
256
401
227
227
227
227
224
235
239
239
239
205
196
198
196
198
198
110
110
110
109
109
113
113
113
112
227
227
230
225
225
239
205
205
205
205
196
199
198
199
110
110
110
110
106
113
112
112
226
226
226
236
236
236
236
204
204
199
199
99
99
98
110
107
106
106
106
119
112
112
112
226
226
226
226
236
236
201
200
199
98
107
98
107
106
122
119
123
129
129
128
129
128
135
168
169
169
201
201
174
200
200
193
82
98
98
98
88
107
68
107
126
126
123
123
123
129
132
129
129
128
168
168
168
168
174
174
80
80
88
88
68
107
69
126
126
67
125
123
137
140
129
170
170
171
171
171
174
80
80
80
80
89
88
71
69
67
69
67
76
140
142
170
170
171
163
160
160
80
95
70
67
76
76
143
143
142
142
170
162
163
163
160
160
81
86
86
86
87
70
70
74
77
77
77
143
143
143
162
162
163
161
160
161
84
86
86
87
87
87
70
70
390
70
70
77
398
294
294
294
308
308
312
162
160
316
161
84
420
420
420
420
390
390
390
399
391
399
399
295
294
307
308
308
313
316
316
316
316
422
420
420
390
391
391
391
391
399
397
397
305
305
295
307
307
313
308
318
318
318
316
316
422
421
421
421
416
386
391
397
397
397
396
397
287
287
287
284
318
318
319
319
319
422
437
422
421
438
416
386
386
386
387
397
397
396
286
287
280
319
270
270
437
437
439
439
439
387
387
387
403
402
402
402
286
286
287
280
278
268
268
271
270
270
270
437
437
436
436
439
439
439
387
403
402
402
400
274
280
274
279
278
256
268
271
271
445
440
436
436
408
408
408
403
400
400
400
400
274
274
279
256
256
257
257
257
447
443
443
443
440
441
436
409
401
401
401
401
274
274
279
279
279
256
257
257
259
443
443
440
440
441
409
409
409
401
401
279
224
112
227
227
224
224
239
239
215
214
215
215
215
198
212
212
199
111
110
109
109
109
115
115
115
115
115
112
227
227
227
225
239
239
214
215
215
196
199
199
111
111
111
110
110
109
109
114
112
112
226
245
225
226
225
238
238
239
236
201
214
215
202
199
111
104
106
106
106
114
112
226
134
245
226
135
238
236
238
236
201
201
201
200
200
199
202
98
107
104
105
122
123
132
132
132
134
135
135
168
200
200
98
104
98
104
122
122
122
123
123
129
132
134
135
168
168
168
183
181
200
82
80
82
82
82
68
107
68
122
122
123
140
132
142
134
168
174
174
80
80
80
82
83
83
69
69
68
69
69
67
67
67
123
140
140
142
142
170
171
171
163
160
160
83
81
81
83
83
71
69
69
67
67
77
65
65
143
141
142
142
149
162
163
160
81
86
86
71
71
87
70
70
67
65
77
143
294
142
162
149
162
178
160
84
84
84
86
87
87
87
71
70
398
398
294
294
294
149
313
312
162
316
177
316
160
84
84
86
420
482
390
390
390
391
391
398
398
399
398
295
295
294
294
313
313
312
312
312
316
316
324
325
421
420
420
390
390
391
398
295
295
295
313
313
314
324
324
421
421
421
386
386
391
386
397
396
396
396
287
313
313
314
319
324
319
324
324
421
437
439
416
387
397
396
396
396
286
287
287
278
268
314
268
270
319
270
326
437
439
387
387
403
403
402
402
286
275
275
275
275
278
278
268
268
269
268
268
271
270
437
437
436
439
408
403
403
402
402
275
274
274
275
278
278
269
269
271
344
443
436
443
436
436
475
403
458
400
400
274
274
274
279
257
257
269
271
344
344
344
443
442
476
457
457
456
456
400
273
273
279
273
279
276
276
276
256
257
257
346
344
344
344
443
442
442
442
442
442
441
457
457
456
456
461
461
441
225
224
225
225
224
224
224
214
215
214
215
212
212
199
111
111
111
108
109
115
115
109
115
115
115
115
36
247
245
225
225
238
224
238
214
214
215
215
215
212
213
13
111
108
108
108
109
114
37
37
245
245
245
244
238
238
238
214
211
215
213
202
199
13
111
108
104
105
114
112
37
133
245
245
238
135
238
211
211
211
202
202
202
104
13
104
104
104
105
105
105
105
122
123
120
120
132
134
134
134
134
135
135
135
183
183
183
183
200
200
202
202
82
82
104
104
105
105
122
120
120
133
132
134
135
156
183
183
183
181
181
82
82
82
82
68
68
68
105
122
120
120
132
132
132
135
151
171
168
179
179
181
181
81
83
83
83
68
68
67
64
120
140
141
141
142
142
178
179
179
179
81
81
83
69
83
69
66
66
67
66
64
64
142
141
149
149
178
178
177
177
177
177
84
86
71
71
66
66
66
398
141
293
148
149
149
149
178
177
177
177
84
84
85
85
87
87
483
66
501
501
293
292
313
312
312
177
325
325
84
84
480
480
483
398
295
295
295
292
292
313
312
312
324
325
325
325
325
482
482
482
483
483
508
398
396
500
295
290
313
314
334
324
324
325
324
421
484
482
482
483
483
508
508
396
396
295
288
290
290
290
314
314
314
327
324
327
326
421
482
508
508
505
286
287
287
290
314
314
327
326
437
473
482
475
508
403
387
504
275
275
278
278
278
268
268
269
347
347
327
326
437
472
473
475
475
475
475
403
459
509
458
272
272
275
275
277
276
278
269
269
269
347
344
344
442
436
472
457
475
459
458
458
458
458
273
273
277
276
276
277
269
344
346
344
443
345
442
442
476
476
476
457
457
456
458
456
461
273
273
276
276
276
276
346
342
346
346
344
345
442
442
442
476
476
457
457
456
456
461
342
246
212
247
247
225
224
208
224
208
214
212
212
212
212
213
12
12
108
108
46
47
47
115
36
36
36
247
247
246
246
246
238
214
213
212
213
213
213
12
12
108
108
108
114
37
37
36
245
245
244
246
244
209
211
211
210
13
13
108
13
13
108
13
47
47
105
37
37
245
244
244
244
244
153
157
211
211
211
210
14
13
14
105
41
122
120
37
133
133
134
157
135
183
157
183
181
180
202
14
14
14
15
105
120
120
133
133
133
156
156
157
183
182
183
181
182
180
181
5
5
4
4
4
68
40
120
121
121
121
133
133
151
156
156
179
181
181
5
5
4
68
66
64
121
141
141
145
145
148
151
151
151
179
179
176
81
81
81
1
1
1
66
66
64
64
64
64
64
141
141
144
148
149
178
178
176
176
85
85
85
85
87
71
61
66
64
64
141
293
148
149
148
148
149
177
176
177
176
85
85
87
71
71
503
503
501
501
501
501
293
293
293
292
148
148
148
312
334
178
176
333
325
85
321
325
480
481
480
503
501
503
501
500
501
293
292
292
292
290
334
334
321
484
480
480
481
482
483
483
502
500
288
293
288
292
290
290
312
334
334
320
325
484
484
480
483
483
508
508
508
505
288
288
288
290
288
291
291
314
334
326
484
485
485
482
482
486
508
505
505
505
288
289
290
291
291
291
291
327
329
327
327
326
326
472
473
473
475
509
504
504
505
272
289
291
278
269
291
269
327
340
347
326
327
326
472
472
473
475
474
474
474
459
458
272
272
272
277
277
342
347
347
345
326
345
472
475
475
459
459
459
458
459
458
272
272
272
277
343
346
347
345
345
479
478
476
477
457
457
458
449
273
276
277
277
342
342
342
346
346
345
345
479
479
479
478
476
476
476
457
456
456
456
461
273
346
461
213
247
246
246
208
208
208
209
212
217
213
12
9
12
46
46
47
36
36
38
36
36
247
247
246
246
208
209
209
213
217
11
12
12
11
46
47
47
36
38
36
247
244
244
246
209
211
210
210
223
11
13
11
13
12
41
47
47
35
37
37
244
244
244
209
211
210
210
223
223
223
14
14
14
15
15
40
41
41
32
35
33
133
153
153
157
157
157
157
157
182
182
182
180
180
223
14
15
4
4
40
40
121
121
121
152
156
182
182
180
180
180
180
14
4
4
40
60
59
59
32
121
133
133
145
145
145
145
156
156
156
156
179
182
180
179
5
5
4
4
60
60
59
59
59
121
121
145
145
145
151
151
151
179
0
5
0
1
1
61
61
58
57
141
144
144
151
151
150
151
178
176
176
0
0
0
1
57
57
57
64
144
144
148
150
178
176
176
176
176
85
2
481
481
503
503
503
500
301
293
292
292
148
335
334
335
333
333
321
484
480
480
480
481
503
503
503
501
500
301
293
301
301
292
290
334
335
334
333
321
321
484
484
483
502
502
500
505
500
288
292
290
299
334
334
333
320
320
484
484
485
485
480
483
508
487
508
505
505
289
288
297
291
329
329
327
320
320
485
487
486
505
505
505
289
289
291
291
327
323
323
326
472
472
473
473
473
509
486
509
504
504
504
504
266
289
266
289
289
291
340
340
323
472
472
473
474
459
451
451
266
264
337
342
340
343
343
347
351
326
472
472
479
478
474
474
474
474
459
448
451
266
272
277
264
277
342
342
343
343
347
345
351
479
479
478
478
477
474
459
459
449
449
273
265
265
273
272
277
277
342
342
343
343
343
346
347
345
345
348
479
479
478
478
478
476
477
477
477
477
448
448
449
449
449
247
241
243
243
208
208
209
208
216
217
217
217
9
9
9
46
46
47
47
38
38
38
39
246
242
208
209
209
223
217
217
11
9
12
46
46
44
47
37
38
39
247
244
241
242
209
209
223
217
223
11
11
11
11
15
46
41
35
37
153
241
242
209
220
223
11
11
10
15
40
41
35
41
33
153
153
153
157
159
182
180
223
180
14
10
14
15
40
40
32
33
32
153
156
153
154
158
158
157
159
182
182
180
5
191
5
4
60
60
40
59
32
32
121
152
145
158
158
156
158
188
188
191
5
191
1
4
60
60
60
59
56
56
144
144
144
145
158
158
150
188
188
188
191
191
0
1
60
60
58
57
57
144
150
184
188
188
186
186
186
0
2
0
1
61
1
61
61
58
500
57
144
144
300
146
150
184
186
186
186
2
0
0
61
481
503
61
503
500
500
499
301
301
300
146
184
333
333
333
2
321
481
481
481
502
502
502
498
500
301
301
302
302
335
335
335
333
333
321
321
495
485
484
487
481
502
502
507
500
301
301
299
299
299
329
335
321
321
485
484
487
487
487
507
507
507
297
299
299
329
329
330
320
320
320
320
485
485
487
487
486
509
507
504
506
289
289
298
298
341
341
329
323
323
471
471
471
486
486
486
266
298
298
341
341
340
340
340
323
323
323
470
471
473
471
474
451
504
451
266
264
264
264
337
337
340
340
350
351
351
351
470
465
464
474
450
448
451
448
265
264
264
337
337
337
343
350
350
351
479
479
465
478
464
477
448
448
449
265
265
337
343
343
347
348
348
350
348
479
465
478
477
477
477
448
448
449
449
243
208
216
217
217
9
9
45
44
44
44
38
39
243
242
216
217
9
8
46
44
46
38
39
241
242
220
222
11
8
8
45
41
33
241
153
242
218
220
220
222
223
10
15
43
35
33
33
152
154
159
222
220
222
10
15
15
15
40
40
41
32
152
152
152
153
158
159
159
159
159
191
191
10
7
7
59
32
32
32
152
147
159
188
188
190
191
191
7
7
7
7
60
59
59
59
147
146
188
188
190
186
1
61
60
58
56
146
146
158
184
184
184
186
1
1
3
61
62
58
57
57
147
146
184
184
186
186
186
2
3
499
57
498
301
300
300
146
150
335
332
494
495
481
502
499
498
301
300
302
302
335
335
333
332
332
321
495
494
491
502
498
502
498
300
299
302
328
329
331
332
332
495
495
494
494
487
491
507
297
297
299
329
329
330
330
320
322
320
320
471
485
487
489
507
506
506
298
299
299
341
341
330
323
323
471
471
486
471
486
504
506
506
266
298
298
341
341
340
323
471
471
471
466
450
450
504
451
451
266
264
337
337
341
350
351
351
351
464
471
466
450
451
265
336
350
350
350
465
465
465
466
466
450
448
448
449
265
336
339
350
350
348
465
465
464
477
477
448
243
243
219
44
38
39
241
242
218
44
39
242
218
219
223
222
9
45
33
35
241
241
159
220
10
10
43
152
154
154
222
222
10
10
42
33
154
154
190
6
42
56
154
158
158
191
7
147
147
150
190
191
3
3
7
62
56
150
184
190
3
62
58
57
147
146
184
187
2
2
61
499
300
303
495
2
494
491
499
499
498
302
328
332
332
332
494
491
491
507
498
296
299
330
495
494
494
491
507
507
296
299
330
330
493
492
492
486
506
506
297
298
341
322
486
489
506
264
337
341
322
351
470
451
337
351
467
467
464
466
336
339
348
465
464
450
450
265
348
348
452
243
218
216
9
8
8
243
243
8
44
241
242
10
8
220
222
41
6
7
43
159
191
7
43
32
152
154
154
6
7
62
56
56
146
150
3
63
56
147
188
187
63
62
187
494
499
300
302
328
499
300
494
296
302
330
495
507
328
506
296
298
298
489
341
340
322
467
489
266
264
264
339
338
338
350
351
470
450
451
450
265
265
336
339
349
349
464
450
452
241
243
219
44
39
242
219
44
38
39
240
242
218
222
8
43
42
41
33
240
218
43
43
42
154
33
220
6
7
42
63
32
190
189
190
62
56
185
3
3
62
58
57
498
184
3
300
184
2
2
494
491
491
303
328
332
491
498
297
328
331
492
296
330
322
493
493
488
488
507
506
328
322
486
489
266
470
466
452
465
466
339
349
464
349
348
466
450
218
219
216
8
45
39
240
219
216
45
9
8
39
240
220
222
10
42
240
155
220
31
42
42
33
152
159
6
43
152
63
150
190
63
62
147
187
187
62
147
146
187
62
499
499
302
332
302
332
495
494
296
303
493
493
488
330
322
492
297
296
338
330
322
467
489
506
297
336
328
264
338
339
349
467
467
452
266
336
336
465
464
466
450
452
265
336
339
349
349
452
452
240
243
216
9
38
218
219
219
45
241
218
45
35
240
240
222
8
42
42
154
43
42
34
155
221
6
56
155
155
190
6
6
63
58
58
190
6
62
146
185
187
187
3
147
355
185
185
3
499
303
185
490
303
303
331
331
493
491
498
302
331
330
296
296
328
493
495
493
492
488
510
297
322
470
489
297
338
467
466
336
339
452
452
336
336
339
348
464
467
218
219
45
44
38
240
219
216
44
240
243
218
219
45
45
240
221
43
34
155
221
221
6
31
34
155
221
221
63
155
155
155
189
190
56
147
155
150
187
63
58
147
187
22
62
185
63
55
300
22
490
497
302
331
331
493
492
498
296
328
492
491
488
328
493
492
296
328
493
489
297
338
322
470
489
489
489
489
338
349
470
466
452
266
336
339
349
349
470
267
339
349
467
51
34
34
51
50
52
51
29
53
221
221
29
53
357
43
53
53
155
6
31
53
356
53
53
53
63
55
356
355
185
185
55
355
355
185
187
55
497
355
331
355
355
493
468
510
510
99
355
331
492
488
488
359
488
488
354
359
359
322
488
359
358
358
468
366
359
359
358
358
470
468
490
338
358
467
452
339
358
349
464
51
51
50
50
50
34
34
34
51
50
50
50
50
34
51
51
51
50
50
52
51
29
53
52
189
376
29
53
357
357
53
53
356
356
356
357
22
22
54
52
356
356
185
377
22
22
55
355
22
22
48
356
352
22
22
55
55
55
497
468
55
497
355
331
468
354
363
468
510
354
355
359
490
359
359
468
468
468
492
488
490
490
359
359
468
490
490
366
358
490
366
366
338
358
453
366
358
467
453
50
18
51
379
54
54
381
357
379
54
357
50
29
52
357
357
54
52
357
377
376
49
52
52
52
377
22
54
356
377
54
52
367
22
54
352
352
367
352
367
354
354
354
354
354
378
510
364
355
363
378
378
354
468
378
510
365
468
510
510
455
455
365
469
469
453
469
453
453
366
358
453
453
469
497
453
463
463
379
267
174
174
18
18
379
18
18
18
357
379
54
381
357
379
379
379
54
377
379
377
377
376
356
49
49
52
352
377
54
352
352
376
367
379
49
49
48
352
48
352
352
367
367
360
379
378
354
367
379
353
354
364
378
378
365
364
367
510
371
371
365
378
365
469
453
453
365
455
455
453
366
366
366
469
469
497
453
195
366
469
497
497
195
267
18
18
463
463
267
267
18
18
381
463
379
18
377
379
17
380
379
54
17
381
356
353
376
54
353
353
376
376
49
17
353
376
376
49
376
49
48
353
352
48
48
48
353
354
360
101
353
364
364
364
379
379
48
353
364
364
367
378
378
189
364
361
365
364
361
378
267
189
195
510
366
469
23
424
455
23
455
23
373
195
463
374
381
267
368
463
35
381
381
382
376
18
380
380
377
377
383
383
377
376
376
16
17
114
353
376
376
17
17
353
114
16
17
383
360
374
362
362
360
48
353
364
360
360
360
48
267
415
360
378
267
361
361
361
378
455
365
469
455
21
23
23
249
365
365
23
367
367
455
21
21
23
381
381
381
382
381
381
27
413
35
381
27
380
381
382
382
382
376
383
383
382
380
380
380
413
376
383
383
377
383
16
17
383
383
383
16
16
114
377
114
16
415
362
360
415
362
378
415
251
360
267
378
378
267
65
65
65
361
361
20
378
101
414
365
361
23
249
249
414
35
23
249
197
455
23
35
249
249
380
413
381
382
382
27
380
413
381
382
27
380
380
412
382
380
413
413
413
380
413
383
413
382
431
382
431
431
413
377
383
431
431
377
361
360
16
431
362
16
362
362
251
17
17
16
49
415
362
415
20
20
20
511
20
20
20
414
511
511
511
414
250
249
249
414
414
511
249
380
412
412
49
382
412
412
382
413
412
412
412
27
303
380
412
383
27
382
303
380
383
383
382
303
380
369
383
382
369
383
24
24
24
413
203
361
361
463
431
431
203
377
17
16
102
362
251
21
362
251
20
20
21
21
251
250
20
21
511
21
414
511
250
249
249
21
414
511
250
249
21
189
428
370
220
253
428
189
31
31
412
461
412
424
30
30
195
195
27
428
195
303
189
24
496
463
24
24
24
428
462
251
102
251
251
454
216
20
362
205
251
251
250
253
251
250
250
250
253
21
414
362
250
250
253
428
248
428
248
248
253
454
374
248
248
253
205
31
203
461
31
31
203
461
31
461
461
30
195
30
30
27
373
27
24
428
372
463
428
428
372
372
373
373
24
24
428
428
462
428
372
25
426
254
462
426
370
254
454
205
253
454
462
429
248
250
253
454
454
429
248
216
429
31
103
203
19
19
19
30
19
31
210
27
103
140
31
27
30
373
26
510
206
30
26
28
28
24
28
28
372
25
426
462
25
25
395
426
426
426
496
254
254
254
496
253
454
454
496
253
253
454
34
29
462
462
371
429
429
370
29
252
429
252
429
248
252
19
19
65
19
19
19
65
30
65
375
30
30
19
26
375
28
430
28
26
26
26
140
28
197
206
26
26
26
254
254
254
254
25
25
426
454
454
254
25
29
462
429
29
363
429
29
252
197
255
255
202
429
255
29
252
99
252
189
369
19
511
511
375
203
368
65
375
210
363
216
28
509
210
430
430
26
460
511
28
28
26
252
460
460
254
497
25
25
99
460
255
101
255
363
363
255
140
315
363
210
315
255
496
29
189
315
496
496
255
255
49
369
368
368
460
460
375
368
430
430
221
431
430
430
203
221
203
509
509
430
221
509
203
430
460
509
460
370
497
460
460
497
25
255
25
255
490
140
490
315
197
462
462
393
315
315
315
315
371
462
315
496
315
252
496
425
369
460
203
375
375
431
431
430
203
430
363
363
252
252
248
370
374
255
371
363
371
462
496
315
496
101
