128
70
70
70
70
13
13
12
12
28
92
92
13
31
31
31
28
28
28
71
70
70
92
12
12
12
70
92
92
92
12
12
28
22
77
95
92
92
12
8
12
23
23
22
77
95
92
92
8
8
23
22
94
95
94
92
11
11
11
11
11
23
23
22
79
94
79
94
94
11
10
23
22
78
78
79
79
94
94
11
10
10
10
23
22
78
78
105
105
108
54
11
54
104
105
108
108
54
54
50
105
105
108
54
50
104
104
105
105
109
109
109
55
55
50
50
97
104
97
105
109
62
62
62
54
55
50
50
50
50
97
97
97
100
100
62
62
60
60
58
50
58
97
97
100
60
58
99
99
100
100
63
58
60
60
58
58
58
58
99
99
99
99
100
63
59
58
99
99
99
100
100
100
63
63
63
60
59
59
59
71
71
71
71
71
71
70
70
70
70
70
70
93
93
13
13
13
12
12
12
31
31
28
28
28
28
71
71
70
70
70
70
70
93
93
13
13
12
12
12
12
12
31
28
28
28
28
71
71
71
70
70
70
92
92
92
92
92
13
13
12
12
12
12
12
31
28
28
28
28
28
77
77
77
70
70
92
92
92
92
13
12
12
12
12
31
31
31
28
22
77
77
77
77
77
77
95
95
92
92
92
13
92
12
8
12
23
23
22
22
22
78
77
77
95
95
95
95
92
92
11
8
8
8
8
8
23
23
23
22
22
22
22
78
78
79
79
79
79
95
94
94
11
11
8
11
10
8
10
23
10
23
22
22
22
78
78
79
79
94
94
94
94
94
11
11
11
11
10
10
10
23
22
22
22
78
78
78
79
79
79
94
79
94
94
94
11
11
11
10
11
10
10
10
10
10
22
22
22
22
78
78
79
79
108
108
108
108
108
54
54
10
10
10
10
10
10
55
22
22
50
104
105
105
105
105
105
105
108
108
108
108
108
108
108
54
54
54
54
54
54
55
55
55
55
50
50
50
104
104
104
104
105
105
105
108
109
109
109
54
54
54
55
55
55
55
50
50
50
50
104
104
104
105
105
109
109
109
109
54
54
54
55
55
50
50
50
50
50
50
104
97
105
100
109
100
109
109
62
54
55
55
55
50
50
50
50
97
97
97
97
97
97
97
97
100
100
100
100
62
60
60
58
58
50
97
97
97
97
97
100
100
100
100
62
62
62
62
62
60
60
58
58
58
58
58
58
58
97
99
99
99
99
99
100
100
100
100
63
62
62
62
63
60
60
60
58
58
58
99
99
99
99
99
99
100
100
63
63
63
63
60
60
60
59
58
59
59
58
58
99
99
99
99
99
99
99
99
101
100
101
63
63
63
60
59
59
59
59
59
59
59
99
70
31
71
71
71
70
70
70
70
93
93
13
13
13
13
13
12
12
31
31
31
28
28
28
28
71
71
71
71
71
70
70
70
70
70
70
70
93
93
93
13
13
12
12
12
31
31
28
28
28
28
71
71
71
70
70
70
92
92
93
13
13
13
13
13
12
12
12
12
31
31
31
28
28
28
77
71
71
71
77
70
70
92
92
13
13
12
12
12
31
28
28
28
28
28
77
77
77
77
77
77
77
95
92
95
92
92
92
8
8
8
12
9
31
23
28
22
22
77
77
77
95
95
95
94
92
8
8
8
23
23
22
22
78
77
79
95
94
94
8
11
8
10
10
10
23
23
23
78
78
78
79
79
79
79
79
94
94
94
11
11
11
10
10
10
10
23
23
23
23
23
22
22
78
78
79
79
79
94
94
94
94
94
108
11
11
11
11
10
11
10
10
10
23
23
22
22
78
105
79
108
108
108
108
54
11
10
54
10
10
50
22
51
104
104
104
105
105
108
108
108
108
108
54
54
54
54
54
55
55
55
55
50
50
50
104
104
104
104
105
105
108
108
108
109
54
54
54
55
55
55
50
50
51
50
104
104
104
104
104
105
105
105
105
109
109
109
54
54
55
55
55
55
48
50
50
50
104
97
97
97
109
109
109
62
54
61
61
55
55
50
50
50
97
97
97
100
100
100
100
100
62
61
61
61
58
58
50
58
50
97
97
96
97
97
97
100
100
100
100
100
100
62
62
62
62
60
60
58
58
58
58
58
97
97
97
97
99
99
99
100
100
100
62
63
62
60
60
60
58
58
58
58
58
98
98
99
101
101
101
63
63
63
60
60
60
60
59
59
59
58
98
98
98
98
99
98
99
99
99
99
99
101
101
101
63
63
63
63
60
63
60
60
59
60
59
59
59
59
59
59
60
59
71
71
69
71
69
71
68
70
70
68
70
93
93
93
13
13
13
13
12
12
31
31
31
29
29
29
29
29
29
28
71
69
68
68
68
70
93
93
13
13
13
13
13
12
31
31
29
28
71
71
71
71
71
68
68
68
93
93
93
93
13
13
15
12
15
31
31
28
28
28
28
71
71
71
71
71
68
68
93
92
93
93
13
13
15
15
12
15
31
31
30
28
28
28
77
77
77
77
95
93
92
93
8
15
8
9
30
30
30
29
29
77
77
77
77
95
95
95
92
8
8
8
9
9
9
9
9
23
23
23
23
22
22
77
78
79
77
77
79
79
95
95
95
94
94
8
11
8
9
23
23
23
22
78
78
78
79
79
95
94
94
94
11
94
11
11
10
10
10
23
23
23
22
22
22
78
78
78
78
79
79
94
94
94
110
94
108
11
11
10
10
23
23
22
22
104
104
79
104
110
110
108
108
54
52
11
52
11
10
55
53
23
48
51
51
51
104
104
105
105
108
108
108
108
54
54
52
54
54
55
55
55
48
51
51
51
51
104
104
105
105
105
109
109
109
109
54
52
54
52
55
53
55
55
48
50
51
51
51
104
104
109
109
109
109
109
54
109
52
52
54
54
55
55
48
48
51
51
51
96
105
96
97
105
109
109
102
102
62
55
55
55
48
50
51
51
96
96
96
96
97
100
100
102
100
102
62
62
61
61
61
61
61
48
58
57
57
96
96
97
97
96
97
97
100
100
103
100
102
62
62
61
61
58
58
57
97
97
98
99
99
98
101
63
62
63
63
62
61
60
60
59
58
58
98
98
98
98
99
101
101
101
63
63
63
63
60
60
60
60
59
59
58
57
98
98
98
98
99
101
101
101
101
63
63
63
63
60
60
60
59
59
59
59
59
57
57
57
99
57
69
69
69
69
68
68
68
68
89
93
89
13
13
13
13
14
14
14
31
31
31
29
29
29
29
69
69
68
68
69
68
93
93
93
93
93
89
15
13
15
14
14
14
15
31
29
29
29
71
69
68
68
68
68
93
93
93
15
15
15
15
15
15
31
31
31
30
29
29
29
71
65
71
68
68
68
93
93
15
15
15
15
31
30
30
29
29
77
77
71
77
68
76
76
95
93
93
93
93
91
91
15
8
15
15
9
9
15
9
30
30
30
30
29
29
77
77
77
76
76
77
76
95
95
95
93
91
8
8
9
9
9
23
21
23
20
20
20
77
76
76
79
76
95
95
95
94
8
8
8
8
9
9
9
9
23
23
21
20
20
78
78
79
79
95
95
94
8
11
9
9
9
21
20
20
78
78
79
79
79
110
94
94
110
110
11
11
11
10
10
21
21
20
20
20
104
104
106
79
110
110
110
110
108
11
53
53
53
53
53
53
21
48
21
21
20
51
104
104
107
106
105
110
110
110
108
108
52
52
53
53
53
53
53
48
48
48
51
51
107
107
107
105
105
109
109
110
109
109
52
52
52
48
48
48
48
48
51
51
51
104
104
107
105
105
107
105
109
109
109
109
102
109
52
52
52
52
55
48
51
51
51
51
51
96
96
96
96
109
109
102
102
102
102
62
52
52
61
55
55
48
48
48
51
51
51
96
96
96
103
102
102
62
62
62
61
61
61
61
61
56
56
51
57
57
96
96
96
96
96
103
103
102
102
102
62
62
62
62
61
61
61
61
61
56
57
57
57
96
96
96
98
98
103
103
102
102
63
62
61
61
61
61
56
56
57
57
57
57
98
98
98
98
98
101
101
101
101
63
63
63
63
61
61
56
56
57
57
57
98
98
98
98
98
98
101
101
101
101
63
63
63
60
60
59
56
57
57
98
69
29
69
69
69
69
69
68
68
89
89
89
89
89
89
89
89
15
15
14
14
31
31
31
29
29
29
29
29
29
69
69
69
69
68
68
89
89
89
15
15
15
14
14
14
14
31
31
29
29
29
69
65
69
68
68
68
93
93
93
89
89
89
15
15
15
31
30
31
30
29
29
65
65
68
65
65
68
68
68
68
91
93
91
93
91
91
15
15
15
15
15
30
30
29
65
65
65
65
65
65
95
91
91
8
15
15
9
15
30
30
30
29
26
76
76
76
76
95
95
91
91
91
8
8
9
9
9
9
30
21
30
30
20
76
76
76
76
95
91
91
8
8
8
9
9
9
9
9
9
21
21
20
20
20
76
76
79
79
79
95
95
95
91
110
9
8
8
9
9
9
21
21
20
20
20
20
104
76
79
106
106
110
110
110
11
9
9
9
9
53
21
21
21
20
20
106
106
106
106
106
110
110
110
110
6
11
53
53
53
53
53
53
48
20
48
107
107
107
106
107
110
110
110
110
110
53
53
53
53
53
48
48
48
48
48
48
48
48
107
107
107
107
107
107
107
110
110
110
110
110
52
52
52
53
52
48
48
48
48
107
107
107
107
107
110
102
102
52
52
52
52
48
48
48
48
51
51
51
51
96
107
107
109
102
102
102
102
52
52
52
52
52
56
51
51
51
96
96
96
96
103
103
103
102
102
62
62
62
61
61
56
56
56
51
51
96
96
96
96
96
103
103
103
103
103
103
102
102
102
62
61
61
61
61
56
56
57
57
96
96
96
96
96
98
103
103
103
102
102
63
62
33
61
61
61
56
57
57
57
98
98
98
98
98
101
101
101
101
101
101
33
33
33
32
56
56
56
57
57
123
123
98
123
98
122
98
98
98
101
101
101
101
101
101
33
33
33
63
33
32
56
56
56
56
45
45
57
69
64
69
69
69
69
69
89
89
89
89
89
89
14
2
2
2
24
24
24
29
29
29
29
25
64
64
69
69
69
69
68
89
89
89
89
89
88
15
2
24
24
24
24
29
25
25
64
64
65
65
69
68
68
89
89
89
88
88
15
15
2
2
2
30
24
30
29
29
25
64
65
65
65
68
91
91
91
91
91
2
2
15
15
2
2
30
30
30
30
30
29
26
26
65
65
65
65
65
65
65
65
81
91
91
91
91
91
91
91
8
9
2
2
30
30
30
26
26
76
76
76
76
81
91
91
91
91
91
8
5
9
3
5
9
5
30
30
26
26
26
76
76
76
76
95
95
95
90
91
91
6
9
5
9
5
21
21
20
20
20
76
76
76
76
76
81
95
111
90
90
6
6
6
5
5
21
21
21
21
21
20
20
106
76
106
106
106
111
111
111
111
111
111
6
6
6
5
21
21
21
20
106
106
106
106
106
106
111
111
6
6
53
6
53
53
53
49
21
20
20
48
106
106
107
106
106
111
110
111
110
53
53
53
53
53
49
48
107
107
107
107
107
107
111
110
110
53
53
52
53
53
49
49
49
49
49
48
48
48
51
107
107
107
107
110
110
110
110
52
52
52
52
49
49
49
51
51
107
107
107
107
103
107
110
110
102
102
102
102
38
38
52
49
49
49
51
96
96
103
103
103
103
102
38
62
52
52
32
61
56
56
41
96
96
103
103
103
103
103
102
102
102
102
102
33
33
32
61
32
56
56
56
56
41
57
57
123
123
96
123
103
103
103
103
103
102
102
102
33
33
33
32
56
44
44
56
57
57
44
123
123
122
122
98
103
101
101
101
33
33
33
33
32
32
32
44
56
45
57
45
45
123
123
122
122
122
122
98
101
122
101
101
101
33
33
33
32
32
32
32
44
45
45
45
122
32
69
88
64
64
69
69
69
69
89
89
89
89
89
88
88
2
2
2
24
24
24
24
24
25
25
25
64
64
69
64
69
69
89
89
89
89
88
2
2
24
24
24
25
24
25
25
25
64
64
64
65
89
89
89
88
90
2
2
2
2
2
24
2
24
24
24
25
25
25
65
65
65
65
65
91
91
91
90
3
2
2
24
24
25
76
64
65
65
81
81
91
91
91
90
90
3
2
2
2
30
26
26
26
26
76
76
76
65
81
81
91
90
91
90
91
90
90
5
5
5
5
5
21
26
26
26
26
76
76
73
73
81
81
90
90
90
6
5
5
5
16
21
26
76
76
73
73
73
73
81
90
90
90
6
6
6
5
5
21
21
20
20
20
20
20
73
76
73
73
106
111
111
111
111
6
6
6
5
5
5
21
20
20
20
106
106
73
106
106
106
106
111
111
111
111
111
111
111
6
53
6
53
5
49
49
21
20
20
20
127
106
106
106
106
106
106
106
111
111
111
53
38
53
53
36
49
49
49
49
49
49
49
40
40
40
127
107
127
107
106
111
111
38
38
53
36
49
49
49
49
40
127
127
127
107
107
111
111
110
112
38
38
38
52
49
49
49
49
49
49
49
41
127
127
127
107
127
103
112
112
38
38
38
37
52
49
37
49
41
41
41
41
127
121
103
103
119
103
116
102
116
116
102
38
33
38
37
37
32
41
41
41
41
41
121
121
103
103
103
103
116
103
116
116
33
116
33
33
33
32
32
32
32
44
44
45
123
123
122
122
116
116
116
116
33
33
33
32
32
44
44
44
44
45
123
123
122
123
122
116
116
116
101
33
33
32
32
44
44
44
45
45
123
123
122
122
122
122
116
116
116
33
33
32
32
32
32
32
32
32
44
45
45
45
45
123
116
45
88
64
64
64
64
67
67
85
85
88
88
88
88
2
2
2
24
24
24
25
24
25
25
64
64
64
67
69
85
85
89
88
88
88
88
88
2
2
2
24
2
24
24
24
25
64
65
65
65
85
89
88
88
88
88
2
3
2
24
24
26
24
24
26
25
25
64
64
64
65
65
85
85
87
90
90
90
90
90
3
3
3
2
2
26
26
26
26
26
25
26
64
64
65
65
65
80
80
80
91
91
90
90
90
90
3
3
3
5
5
26
26
26
73
76
73
81
81
81
81
81
90
90
90
90
90
90
3
5
5
5
5
5
5
16
16
26
26
26
76
73
73
73
73
81
81
81
81
90
7
5
5
5
5
16
5
16
16
20
26
73
73
73
73
73
73
81
81
82
90
6
6
5
5
5
16
17
73
73
81
81
106
111
111
82
6
6
6
6
5
4
4
16
16
17
17
17
20
127
73
106
106
111
111
111
111
6
111
6
6
4
49
49
16
21
20
127
106
106
111
111
111
111
111
39
38
36
49
36
49
49
49
49
40
40
40
127
127
127
127
124
112
112
112
112
39
38
38
38
36
36
49
40
40
40
40
127
127
127
127
112
112
112
112
38
38
38
38
38
37
36
40
40
41
41
127
127
126
126
119
112
112
116
38
38
38
37
37
37
41
41
41
127
127
121
121
121
126
126
116
116
38
38
38
38
37
37
37
37
41
41
41
41
41
41
41
121
121
121
120
116
116
116
117
33
35
37
37
44
44
45
45
121
121
120
116
116
116
116
117
33
33
33
33
32
32
32
44
44
44
45
45
123
123
121
123
122
122
122
122
116
116
117
117
33
33
32
32
32
44
44
44
44
45
45
123
123
122
122
122
122
116
116
116
116
116
33
33
33
33
32
32
32
32
44
44
44
45
44
45
45
45
45
88
24
67
67
67
85
85
85
85
86
88
86
88
88
88
1
1
1
1
1
24
24
24
25
25
66
67
67
67
67
85
87
88
88
88
88
2
2
1
1
24
24
25
25
25
66
67
67
67
85
85
87
88
88
88
88
3
3
3
2
2
1
1
26
24
25
25
64
66
67
87
87
90
3
3
0
26
27
27
64
66
65
64
65
80
80
80
80
80
87
90
90
90
3
3
3
3
0
27
26
26
26
26
66
72
73
65
81
80
80
80
90
90
90
7
3
5
5
5
5
16
16
26
16
26
73
73
72
81
81
81
81
81
81
82
82
90
90
7
90
7
7
4
4
5
4
5
16
16
17
17
73
73
73
73
81
81
81
82
82
82
6
7
4
4
4
4
16
16
17
17
73
81
81
81
82
82
6
6
6
6
4
4
4
19
16
16
16
16
16
17
17
17
73
127
124
124
73
83
6
6
6
6
6
6
4
49
16
17
17
17
17
127
127
127
124
124
124
111
111
111
112
39
6
39
36
36
36
36
49
40
40
40
40
40
127
127
127
124
124
124
112
112
39
39
39
36
36
36
36
40
40
40
40
127
127
127
126
126
124
126
112
112
112
38
112
38
38
38
36
37
37
37
40
40
40
40
41
40
40
127
127
126
119
119
119
38
38
38
38
38
38
38
37
37
37
37
41
41
127
126
126
126
126
119
119
119
119
38
119
38
38
37
37
37
37
37
41
41
41
41
41
41
121
121
121
121
120
120
119
119
116
117
117
35
35
35
35
37
37
37
45
45
45
45
121
121
121
120
120
120
119
116
116
117
117
117
117
35
35
34
34
44
44
45
45
45
121
121
121
120
120
120
120
116
116
117
117
117
33
34
32
34
34
32
44
44
45
45
45
123
123
120
120
120
120
116
116
116
117
117
117
117
33
34
32
34
32
44
44
44
44
44
45
45
45
66
67
67
67
67
86
86
86
86
86
88
88
1
1
1
24
24
25
25
67
67
67
67
86
86
86
88
88
1
1
1
1
24
25
25
25
66
66
67
67
86
87
86
87
87
87
3
0
1
0
0
27
27
25
25
66
66
66
66
66
80
67
87
87
87
3
3
3
3
0
0
27
27
27
27
27
66
66
66
66
80
87
87
87
3
3
3
3
3
27
27
27
72
72
80
80
80
80
82
82
3
7
7
4
7
3
4
3
0
0
16
17
72
72
81
80
80
80
82
82
82
7
7
7
4
4
4
16
16
17
73
73
72
72
81
81
81
82
82
82
7
4
4
16
19
16
16
16
17
17
17
73
73
72
73
81
81
83
83
82
6
4
4
19
16
17
17
17
73
124
124
124
124
83
83
83
6
6
4
19
19
16
17
17
127
127
124
124
124
124
124
124
112
39
39
39
6
7
36
36
19
40
40
19
17
40
127
124
124
124
124
112
112
112
39
39
36
36
36
36
40
40
40
40
40
127
127
124
124
112
112
39
39
39
39
39
36
36
36
37
40
40
40
127
126
126
126
119
119
119
119
39
39
37
37
37
37
41
40
41
41
41
126
126
126
126
119
119
119
119
37
37
37
37
37
37
41
46
41
121
121
120
120
119
119
119
117
117
35
35
37
35
35
44
47
46
41
46
46
121
121
121
118
118
117
117
117
117
35
34
34
34
35
34
47
46
46
46
120
121
121
120
120
120
117
117
117
117
34
34
34
34
34
44
44
45
46
46
120
120
120
120
116
116
117
117
117
34
34
34
34
44
46
44
46
46
66
67
67
67
67
86
86
86
88
1
1
1
25
25
25
66
67
67
86
86
86
86
86
87
88
1
1
1
1
0
25
25
66
66
86
87
87
3
1
1
0
0
0
27
25
25
66
66
80
87
87
87
87
87
87
3
3
1
0
0
0
27
27
66
66
66
66
66
80
87
87
87
3
3
0
0
27
27
27
27
72
66
72
80
80
82
87
82
3
7
3
4
16
17
72
72
80
80
82
82
7
7
7
4
4
16
16
17
17
81
81
83
83
82
7
7
4
4
19
16
17
17
72
72
72
81
83
83
83
83
7
4
19
19
19
17
72
124
83
83
83
83
7
7
19
19
19
19
17
124
124
112
83
39
7
7
36
36
19
43
17
127
126
124
124
124
124
124
112
112
39
39
39
39
36
43
43
43
40
126
126
124
124
112
112
39
39
39
36
36
43
40
126
126
126
119
119
39
36
36
37
43
41
41
126
126
126
118
119
119
119
119
35
35
37
35
47
43
41
126
118
119
119
119
119
35
35
35
35
35
35
47
47
46
46
121
120
118
118
117
35
34
35
47
47
47
46
46
120
120
120
120
118
120
118
118
117
34
34
34
46
46
46
46
46
120
120
120
118
118
117
117
117
34
34
34
44
46
46
46
46
46
67
86
86
1
1
27
25
67
86
86
86
1
66
67
87
1
66
80
87
87
0
27
27
80
80
87
3
3
3
0
27
17
66
66
72
82
7
0
16
17
72
72
80
82
82
7
4
16
16
17
72
72
80
83
82
4
4
4
19
17
83
83
83
7
7
19
19
16
124
83
83
83
7
4
19
19
19
125
83
39
36
19
124
112
112
39
39
39
7
36
40
40
126
124
112
112
39
112
39
36
43
43
43
126
112
39
39
36
37
43
43
40
126
126
119
119
119
119
35
37
47
121
118
35
35
47
47
47
46
46
121
118
117
34
35
47
121
120
118
117
117
34
46
46
120
120
118
118
117
117
34
34
46
46
66
88
27
66
86
0
0
25
66
86
86
1
27
27
80
87
0
27
80
0
16
7
17
72
80
7
4
16
72
7
7
4
4
19
72
83
83
83
72
72
124
83
7
19
19
17
112
43
125
124
112
36
43
126
124
112
36
43
43
126
43
126
35
35
35
43
118
119
119
119
117
35
121
121
118
118
118
35
34
35
47
120
118
117
47
118
117
34
66
67
86
88
1
0
27
67
86
87
86
86
66
87
87
87
1
0
0
27
66
80
87
0
16
72
80
0
72
72
72
4
19
17
72
83
83
19
83
7
4
4
17
83
7
19
19
19
36
43
124
112
39
126
112
39
39
36
43
126
112
119
43
126
118
119
35
43
43
43
35
47
46
35
46
121
121
118
34
46
120
34
47
46
86
1
67
1
0
0
66
67
86
0
66
80
80
0
27
72
82
82
82
3
17
17
17
82
4
19
72
83
19
17
83
19
83
83
7
83
39
126
126
124
112
43
43
124
125
36
43
126
113
39
35
43
43
35
46
46
121
121
118
119
35
118
35
47
120
120
47
46
118
118
34
46
67
67
86
86
1
27
27
86
27
27
27
86
1
0
66
87
87
1
0
80
0
82
7
72
4
19
17
72
83
19
72
83
83
7
7
19
19
19
125
19
83
83
83
39
39
36
43
125
39
36
126
112
43
43
113
43
121
126
118
43
118
118
35
47
120
118
35
35
121
120
118
118
34
47
46
120
34
34
46
86
27
67
67
86
86
0
66
67
87
27
80
87
74
87
0
18
72
72
80
87
0
72
82
7
4
82
7
19
19
19
83
43
19
125
125
42
43
125
125
125
113
36
36
43
126
113
113
39
43
42
113
119
42
43
121
43
43
121
118
47
46
118
47
46
67
45
85
86
122
27
67
0
27
74
82
27
18
74
74
80
80
85
80
82
82
18
18
72
27
18
72
72
82
82
18
18
72
82
72
82
42
43
125
42
125
125
42
42
42
43
92
74
42
92
94
42
42
113
113
42
42
86
52
113
118
47
47
47
14
113
113
47
47
121
121
118
118
47
47
47
46
125
125
85
85
122
0
85
84
122
74
85
85
84
82
85
85
85
84
74
74
82
85
85
18
18
59
82
85
85
18
18
18
59
45
125
42
43
74
42
74
18
42
92
42
42
92
30
30
30
42
42
42
59
74
113
42
47
47
74
52
42
47
14
57
52
47
42
14
74
85
85
84
84
122
74
85
85
84
114
84
74
114
114
84
74
114
74
84
115
114
84
115
75
75
85
115
18
75
42
1
18
74
42
42
26
26
115
18
42
74
26
21
18
18
18
18
18
18
14
74
14
14
74
74
14
74
114
114
114
114
114
122
74
74
114
114
122
74
114
114
104
84
84
68
114
34
84
84
34
84
84
115
114
1
114
114
42
42
75
42
18
114
115
18
26
21
115
22
26
115
18
18
74
18
18
64
18
74
64
115
14
74
64
64
64
30
14
122
30
64
64
64
14
114
27
114
114
114
114
114
114
114
114
68
84
84
68
74
108
84
84
84
74
108
68
1
84
84
57
125
84
114
114
57
45
75
115
115
18
115
115
18
18
18
115
115
115
64
18
74
74
64
115
14
18
18
21
85
85
115
14
14
125
47
113
113
113
113
125
125
125
18
113
113
113
108
113
108
84
114
84
114
57
123
123
30
84
84
84
114
114
105
57
1
115
78
47
115
122
78
125
47
115
115
14
115
115
115
115
14
43
125
115
14
125
85
115
115
125
115
115
14
125
88
115
115
64
113
78
21
78
125
113
113
44
113
113
123
84
84
114
123
30
114
123
123
84
114
114
113
105
114
114
123
105
84
114
122
114
122
56
47
21
14
85
14
125
85
115
14
125
85
104
85
56
56
78
123
123
123
123
113
59
125
59
34
59
113
123
125
125
61
57
113
125
113
113
84
113
123
84
84
84
61
114
114
78
75
122
78
84
78
56
78
84
78
14
125
125
47
85
42
14
14
85
14
85
14
123
123
59
123
123
123
59
75
18
75
75
123
75
113
75
113
125
125
34
113
57
125
125
125
75
75
75
84
0
114
42
42
122
84
84
125
85
14
115
85
14
42
113
113
1
122
113
14
14
56
14
47
122
42
42
42
75
42
42
75
59
42
59
113
18
59
75
75
125
66
115
69
113
113
125
115
75
75
84
75
125
75
115
115
75
34
74
113
64
14
47
74
64
113
113
61
75
75
56
56
75
75
42
75
75
75
21
75
75
18
18
75
42
18
115
47
18
115
115
21
115
56
56
84
0
47
21
75
56
75
57
34
57
74
115
56
61
30
30
1
74
74
74
42
30
74
118
74
118
18
75
75
56
122
75
75
75
75
75
122
75
75
60
122
21
60
122
21
57
75
122
21
73
56
115
75
73
94
92
78
74
74
118
74
118
92
95
118
123
