2048
1314
1313
1450
1450
247
244
237
237
497
1442
1443
244
479
479
479
504
507
506
1372
1316
1316
1453
255
255
252
1371
1460
1462
1463
250
253
397
445
1372
1485
1481
1461
142
143
253
433
435
445
1369
1481
1475
1475
184
186
433
438
1529
1480
1531
1473
190
190
189
187
187
437
438
442
1514
1507
1506
1530
1530
191
186
437
440
1348
1514
1515
1505
1505
1534
174
135
134
133
430
441
1349
1349
1730
1730
1534
651
175
646
1751
1729
1653
1648
651
647
546
1729
1734
1653
652
548
1749
1746
1733
1733
1623
1621
1621
658
573
573
551
1766
1767
1763
1773
1624
752
669
668
671
575
563
562
561
562
1766
1766
1773
1627
1630
752
753
670
602
565
563
560
1765
1765
1577
757
632
1711
1710
1576
1583
755
603
601
603
626
632
638
638
1725
1725
1706
1707
1582
730
629
639
1724
1696
1707
1569
1569
1582
720
721
730
599
628
629
623
1328
1328
1329
1335
1330
1335
1314
1312
1313
1322
1450
1451
1441
1440
245
246
247
236
237
239
477
478
497
496
498
499
1330
1334
1319
1314
1313
1449
1312
1441
1441
244
246
242
246
238
239
237
479
497
505
498
507
1331
1365
1361
1319
1316
1449
1451
1463
1442
1443
1443
242
241
248
250
251
254
254
397
505
397
506
504
506
1372
1365
1370
1371
1453
1452
1452
1461
1463
241
251
250
253
253
399
398
399
396
444
1364
1365
1368
1368
1371
1369
1485
1481
1461
1462
1459
240
1459
250
185
252
433
434
435
445
447
1358
1358
1484
1485
1485
1483
1481
1483
1475
178
185
177
185
142
143
433
434
435
446
447
447
446
1357
1358
1359
1518
1519
1507
1486
1472
1472
190
189
185
187
139
187
138
437
129
438
440
439
442
1358
1359
1515
1518
1506
1529
1530
1533
1473
191
190
188
189
128
135
128
430
438
421
440
1348
1350
1350
1514
1514
1504
1506
1505
1531
1535
1533
161
161
174
173
174
172
134
132
129
133
422
420
420
440
1350
1349
1513
1505
1534
1535
1651
1648
1651
651
644
172
134
134
133
132
133
554
422
441
547
1751
1728
1729
1730
1730
1735
1731
1655
1655
1654
1652
1653
1648
1649
651
654
653
646
645
647
555
658
553
553
555
547
547
1750
1750
1728
1732
1735
1735
1733
1653
1623
1620
1621
655
652
647
656
658
556
658
549
545
544
545
1749
1746
1746
1733
1735
1625
1625
1622
1623
652
653
657
657
659
549
548
572
565
551
551
1748
1763
1772
1627
1624
1631
1623
1621
752
668
657
659
575
574
562
563
561
1767
1766
1761
1762
1762
1771
1773
1769
1578
1631
1631
1630
668
670
671
575
574
561
1764
1765
1761
1762
1773
1578
1577
1628
1629
754
755
755
753
756
670
602
603
626
626
634
639
560
636
1765
1726
1723
1698
1710
1711
1577
1583
1576
1629
722
755
754
757
756
758
600
600
627
637
636
1723
1699
1699
1698
1710
1706
1580
1581
721
721
728
731
757
601
601
601
627
628
631
638
623
1725
1723
1696
1699
1696
1707
1706
1705
1569
1582
1582
721
730
731
593
629
630
638
622
623
621
623
1725
1322
476
1329
1328
1333
1323
1313
1320
1445
1440
1441
195
245
194
199
246
238
239
474
477
477
497
498
498
499
1328
1330
1335
1335
1315
1315
1315
1448
1320
1449
1449
1451
1447
1447
1442
244
199
249
211
239
476
471
501
510
503
507
1331
1362
1317
1317
1317
1454
1455
1446
1456
243
197
241
243
243
249
248
249
217
471
478
470
509
507
508
1365
1363
1362
1360
1361
1371
1454
1460
1463
243
241
249
254
254
398
397
398
392
508
508
1367
1366
1368
1370
1375
1373
1493
1491
1452
1482
1483
1459
1458
179
177
140
140
141
399
410
393
393
445
1366
1368
1493
1492
1482
1483
1472
1474
177
184
137
432
436
442
447
1356
1354
1518
1495
1478
1472
179
189
137
139
136
138
431
437
439
1357
1357
1356
1519
1518
1516
1516
1506
1508
1529
1503
160
163
171
186
139
171
128
431
429
429
428
429
443
416
1350
1512
1513
1517
1509
1509
1529
1528
1532
1533
1533
161
161
163
174
173
170
169
130
128
430
430
421
420
1512
1736
1510
1525
1534
1523
1650
650
175
172
645
172
131
554
420
517
1758
1756
1758
1729
1731
1645
1645
1655
1651
1650
648
648
644
641
642
641
552
552
553
554
554
547
1750
1750
1745
1747
1734
1737
1632
1655
1649
1649
654
642
643
640
656
556
556
549
545
546
1749
1745
1744
1747
1746
1738
1741
1738
1741
1635
1625
1604
655
652
661
662
557
572
569
572
545
564
1749
1778
1770
1771
1600
1627
1631
767
669
664
668
666
575
572
565
551
1761
1769
1771
1634
1627
1601
1601
1607
767
667
666
607
571
569
565
633
561
1777
1777
1776
1761
1762
1768
1578
1579
1577
1628
1629
1629
753
763
764
763
670
606
607
633
635
635
636
1722
1722
1703
1702
1709
1710
1708
1581
1579
1581
764
722
761
762
605
600
626
634
635
637
636
1723
1700
1708
1569
1580
1581
723
729
729
758
606
732
604
594
625
625
621
1720
1720
1720
1720
1696
1701
1699
1697
1705
1704
1705
1571
1571
1568
720
723
731
728
599
731
592
593
595
593
630
631
630
624
621
621
593
630
1332
1330
1340
1332
1343
1333
1323
1323
1322
1321
1438
1444
1422
1421
194
193
193
198
199
211
474
475
475
501
500
501
502
503
503
502
1341
1342
1320
1325
1320
1445
1447
1444
194
195
197
196
199
210
474
469
503
511
1363
1363
1333
1360
1325
1324
1324
1455
1446
1447
1457
1457
197
197
220
217
210
471
469
510
510
511
508
1362
1360
1360
1375
1374
1373
1454
1455
1452
1456
1459
201
221
221
216
216
218
471
468
469
510
509
395
1367
1375
1375
1493
1490
1476
1476
1470
177
217
159
141
410
393
393
394
389
1366
1366
1355
1493
1495
1490
1478
1476
178
179
140
140
156
158
137
157
411
408
408
392
394
443
1353
1353
1354
1354
1354
1355
1494
1494
1497
1503
1478
1479
181
176
158
137
409
409
408
443
1347
1347
1352
1516
1508
1497
1503
1479
1523
162
1479
162
171
148
130
130
427
427
429
417
416
443
1346
1346
1347
1345
1517
1511
1509
1509
1525
1524
1522
1523
163
163
171
130
427
425
417
416
1945
1947
1513
1945
1510
1644
1524
1651
650
649
168
645
168
169
682
525
425
513
513
517
516
1947
1946
1736
1736
1645
1656
1658
1657
648
649
691
642
641
643
641
553
521
514
517
513
517
1756
1745
1739
1738
1737
1633
1656
1656
1657
648
691
654
688
642
673
662
557
557
515
515
531
538
1745
1757
1635
1632
1633
1607
1607
655
1605
694
695
665
661
660
662
570
568
530
531
544
1780
1786
1787
1771
1635
1634
1603
1601
1605
665
661
661
570
571
569
567
567
1778
1779
1790
1778
1770
1585
1600
1602
1601
1602
767
766
665
666
667
585
590
569
566
567
567
1777
1778
1777
1760
1791
1769
1769
1579
1585
1584
1584
1590
765
761
762
588
633
591
615
1703
1694
1674
1709
1708
1675
1572
722
764
725
761
763
604
604
605
598
625
635
1690
1702
1701
1700
1708
1570
1571
1589
722
724
734
735
735
596
604
598
625
578
616
617
1721
1721
1701
1701
1697
1571
1573
1573
1574
724
733
733
732
596
592
597
595
594
595
595
619
619
617
620
1705
619
1336
1340
1343
1343
1310
1321
1326
1326
1423
1421
1420
192
194
193
192
205
204
204
472
474
473
501
489
489
494
1340
1340
1325
1325
1311
1299
1423
1422
1421
1421
1457
1413
201
193
200
208
211
208
211
465
488
495
494
1402
1341
1342
1298
1299
1419
1418
1417
1417
201
201
209
217
222
208
467
466
465
469
492
492
495
1402
1403
1403
1398
1399
1299
1465
1471
221
222
215
223
467
466
385
493
395
1400
1400
1404
1397
1396
1397
1489
1491
1466
1467
1470
1467
1469
1470
220
153
221
219
219
156
218
156
406
403
402
385
389
388
1383
1389
1383
1382
1396
1397
1494
1490
1490
1501
1476
1468
181
180
158
157
145
410
404
410
414
390
390
1353
1383
1383
1494
1393
1498
1497
1503
1479
182
182
181
181
150
158
145
148
411
408
415
412
390
1353
1345
1516
1496
1497
1502
1501
183
165
151
149
149
415
413
416
1347
1345
1345
1381
1511
1511
1525
1502
1523
1521
167
166
165
151
131
426
424
418
419
419
1944
1947
1945
1510
1647
1525
1521
1520
1521
167
685
683
682
681
681
525
425
520
426
425
418
519
1946
1947
1945
1949
1645
1646
1659
1658
1659
1658
690
691
683
683
682
673
525
524
513
521
518
518
1757
1937
1739
1737
1637
1639
1633
1661
1657
1658
690
691
673
527
521
520
514
529
514
528
543
1757
1787
1936
1786
1738
1636
1636
1638
1637
1638
1606
1606
1604
695
692
694
672
570
534
531
529
541
538
531
1781
1784
1781
1787
1636
1635
1606
1602
1607
1615
742
695
693
664
662
570
535
529
533
530
539
539
1780
1784
1791
1550
1602
1614
766
765
749
666
745
585
589
590
590
608
537
537
614
1782
1779
1790
1694
1675
1545
1547
1590
1591
1590
766
742
746
763
747
745
589
589
589
591
615
615
615
1695
1694
1694
1674
1672
1545
1546
1589
1588
764
761
744
744
580
588
577
611
611
613
613
612
1690
1689
1676
1674
1673
1558
1573
1572
1574
724
725
734
735
735
597
581
618
616
618
617
1691
1689
1689
1677
1676
1679
1557
1575
1574
1574
724
733
733
596
596
578
578
619
617
1677
1311
494
1280
1343
1311
1311
1309
1307
1307
1423
1408
1409
1409
1413
1412
1413
1413
206
206
205
205
473
473
459
489
459
458
490
491
489
1293
1293
1281
1309
1297
1296
1423
1416
1411
202
207
207
209
214
208
215
472
465
490
492
495
1292
1295
1295
1297
1296
1299
1418
1419
1418
1417
1417
1414
203
222
214
464
467
466
464
493
492
1402
1404
1405
1404
1405
1398
1398
1398
1298
1303
1466
1465
1465
1464
1471
202
203
223
215
213
401
386
387
1401
1401
1401
1404
1399
1394
1489
1470
1469
153
223
213
223
212
403
400
384
389
389
1389
1392
1394
1489
1488
1488
1469
1468
1469
152
153
154
159
156
144
406
405
404
402
413
1382
1389
1380
1393
1500
1501
1477
182
183
182
155
145
146
146
147
146
404
414
413
391
391
1377
1376
1380
1381
1499
1499
1499
1501
1477
1520
164
164
167
165
150
147
415
415
412
419
391
265
1942
1377
1380
1950
1949
1931
1502
1521
167
165
151
149
151
680
257
426
266
265
419
1943
1951
1949
1948
1931
1646
1032
1647
1520
117
166
685
685
680
687
681
686
523
266
519
1941
1941
1941
1949
1925
1924
1661
1660
1662
1662
698
697
684
681
675
527
525
522
521
522
523
518
519
1939
1936
1939
1937
1920
1926
1924
1639
1646
1661
1661
1663
698
690
688
674
672
526
522
514
543
1936
1781
1787
1926
1927
1638
1610
1614
695
693
692
672
535
534
533
528
540
541
541
539
1781
1785
1636
1638
1603
1609
1609
1615
741
741
749
677
677
535
532
537
539
1783
1783
1784
1784
1785
1551
1551
1538
1608
742
740
742
750
585
587
586
609
536
537
1783
1682
1693
1791
1693
1672
1550
1549
1551
1547
1544
1546
1590
1591
747
747
744
584
590
577
609
609
614
1682
1681
1695
1693
1693
1672
1672
1545
1547
1536
1536
709
747
709
716
744
581
611
610
610
613
1688
1690
1692
1669
1673
1558
1556
1558
1589
1589
1561
711
710
717
583
581
576
577
610
613
1691
1688
1688
1691
1676
1664
1678
1677
1679
1557
1557
1561
1575
1560
1561
711
718
719
718
718
719
582
583
579
579
864
868
865
1281
1280
1286
1310
1309
1308
1304
1306
1408
1408
1409
1145
1145
207
32
33
33
456
459
457
459
490
491
482
482
1293
1293
1286
1297
1300
1309
1306
1411
1410
1411
1410
1414
1128
206
33
450
449
450
457
490
485
487
1294
1295
1291
1290
1301
1301
1301
1411
1415
1414
1128
1131
202
203
41
41
37
464
454
452
485
487
486
1385
1407
1301
1302
1303
1418
1439
1414
1129
1129
62
40
213
213
39
38
453
401
453
453
386
487
387
487
1385
1407
1406
1406
1407
1394
1394
1303
1213
1042
1467
1043
1043
1465
1045
1038
153
155
38
39
406
401
385
380
387
1386
1388
1392
1393
1214
1212
1035
1039
1044
1038
154
80
155
61
94
146
93
406
400
385
388
382
1391
1389
1391
1395
1499
1498
1034
1034
1039
1038
118
154
124
145
92
263
404
270
271
391
1377
1378
1379
1376
1380
1208
1208
1033
1039
1039
119
118
126
124
124
257
257
256
271
259
264
268
1951
1379
1950
1208
1930
1032
1032
1030
1031
1031
1024
117
116
127
125
257
258
258
266
1942
1943
1951
1951
1930
1931
1933
1031
116
117
697
117
685
687
687
947
259
267
265
542
1943
1959
1941
1925
1924
1932
1646
1029
1662
698
696
697
697
687
946
512
1938
1938
1938
1940
1920
1927
1924
1662
1663
696
703
703
674
674
675
527
945
944
949
522
541
543
543
1936
1994
1926
1923
1858
1858
1610
1611
703
701
701
674
677
527
533
540
540
1988
1995
1993
1993
1992
1927
1857
1857
1609
1610
1610
1611
702
741
693
587
535
808
814
1782
1783
1993
1993
1551
1541
1609
739
741
749
677
750
585
587
533
814
1682
1683
1675
1548
1671
1549
1550
1541
1543
1539
1538
1538
739
748
750
580
833
587
586
608
884
809
873
873
1681
1680
1682
1681
1671
1670
1548
1545
1549
1539
1537
1536
708
736
746
716
577
885
885
866
873
867
872
1681
1686
1669
1668
1678
1558
1562
1563
1536
708
708
717
709
834
843
839
882
579
866
867
865
865
1687
1686
1665
1664
1665
1665
1554
1556
1553
1559
1561
1562
711
715
710
718
716
583
583
882
866
867
865
1555
582
1287
1146
1282
1286
1287
1305
1305
1306
1305
1410
1148
1147
1146
1144
1131
32
34
34
451
450
456
457
458
481
482
483
1283
1284
1287
1285
1304
1300
1306
1136
1141
1145
1130
42
34
450
449
448
484
461
480
481
481
1294
1295
1289
1285
1137
1415
1143
1130
1129
42
41
41
43
37
449
37
449
454
452
485
485
321
1289
1290
1291
1290
1302
1303
1041
1041
1132
63
43
38
455
455
453
1384
1385
1407
1290
1201
1213
1042
1040
1045
1049
1132
63
62
61
38
401
383
381
382
383
1387
1387
1390
1395
1212
1213
1043
1046
1044
1046
1047
1051
1050
81
81
95
95
94
405
378
381
380
382
1391
1386
1179
1178
1215
1215
1035
1046
1051
82
80
92
92
262
262
269
1378
1391
1182
1178
1209
1209
1208
1033
1024
1025
118
118
113
126
124
263
260
268
271
268
269
268
1379
1379
1183
1176
1930
1032
1026
1025
1028
119
114
126
126
123
125
258
267
265
278
1955
1957
1957
1921
1955
1928
1929
1933
1933
1031
1028
1030
1028
1029
114
699
127
939
122
938
952
258
267
278
279
1958
1955
1953
1956
1921
1921
1928
1928
1935
1932
1871
699
980
937
699
936
946
939
946
947
954
953
953
826
825
825
1958
1938
1958
1923
1923
1934
1859
978
937
936
941
946
940
945
954
826
1988
1990
1988
1994
1923
1927
1858
1863
1863
703
700
943
943
944
951
949
948
949
949
813
813
1987
1989
1989
1994
1995
1856
1857
1858
990
701
701
1002
941
951
950
811
812
815
814
815
1986
1987
1996
1996
1843
1540
1857
1541
1793
1862
1538
738
739
749
1003
1023
833
811
809
809
808
814
1987
1999
1999
1671
1549
1997
1543
1542
1541
1543
738
1793
738
736
1003
835
832
832
833
884
887
873
1985
1683
1671
1670
1552
1559
1543
1537
739
707
1005
834
834
881
887
886
887
874
1685
1684
1669
1686
1669
1552
1567
1563
1562
706
710
842
834
882
881
883
875
875
1687
1684
1667
1665
1554
1554
1555
1567
1563
705
706
715
717
844
842
841
842
841
882
883
875
864
871
1687
1566
871
1121
1282
1282
1282
1287
1245
1244
1150
1151
1147
1145
1121
1120
47
34
35
463
463
460
483
460
480
483
1283
1284
1285
1244
1151
1136
1138
1138
1146
1141
1130
1130
1120
42
46
46
451
35
463
462
322
481
1284
1288
1227
1226
1136
1142
1141
1142
1134
1135
42
44
45
454
454
340
461
338
339
322
321
1289
1289
1229
1231
1227
1200
1200
1137
1143
1142
1133
1135
1135
60
61
63
37
36
341
341
342
337
337
320
321
1385
1221
1230
1231
1205
1201
1200
1203
1043
1041
1041
1045
1048
1132
61
57
59
95
91
342
381
377
1162
1387
1180
1214
1215
1215
1203
1202
1046
1052
1049
1051
1051
1050
63
83
81
91
95
90
91
286
287
381
382
377
1387
1181
1180
1180
1211
1211
1210
1210
1047
1054
82
82
81
89
93
262
89
286
270
270
377
1182
1183
1182
1181
1179
1177
1211
1190
1027
1055
113
112
83
85
92
262
283
1183
1177
1177
1190
1929
1191
1026
1027
113
115
113
120
123
121
123
261
261
274
275
278
279
1957
1954
1954
1928
1935
1026
1027
1028
115
1025
115
114
121
938
958
261
260
278
1959
1953
1952
1935
1934
1935
1871
1870
976
937
939
939
928
959
952
959
955
953
825
824
1958
1991
1953
1953
1983
1859
1983
1870
1871
979
978
980
981
942
943
945
954
827
826
825
1991
1991
1994
1991
1922
1861
1860
1863
991
985
987
942
986
943
940
950
826
813
813
1989
1990
2005
1996
1843
1861
1862
1862
991
990
986
941
1022
950
804
802
803
1984
1987
1984
1986
1998
1999
1996
1793
1792
991
989
1003
989
1003
1021
1020
1023
811
804
837
811
810
806
802
1985
1985
1998
1999
1852
1852
1853
1793
1006
1005
1021
1023
886
836
769
768
2030
2029
1830
1855
1552
1854
1794
1794
1007
707
1007
1005
847
835
833
837
885
887
874
769
2030
2031
2029
1685
1667
1666
1552
1831
1824
1854
1795
1799
706
706
847
843
846
841
838
880
881
877
877
1687
2025
1667
1666
1667
1553
1555
1826
1567
1567
1798
704
705
704
705
844
844
842
841
889
889
888
881
889
878
879
876
879
1125
328
1241
1245
1247
1151
1150
1139
1148
1138
1146
1149
1121
1121
1125
30
30
31
24
31
463
461
329
329
334
1223
1242
1240
1245
1247
1139
1138
1140
1122
1123
1123
46
46
31
28
331
462
322
323
323
1223
1241
1227
1240
1226
1137
1140
1140
1135
1123
1123
49
47
45
44
45
29
29
341
338
321
323
1221
1228
1225
1098
1142
1134
48
58
10
342
338
338
1221
1162
1231
1231
1230
1207
1207
1200
1206
1203
1103
1048
1133
1133
57
50
56
59
11
342
340
337
348
376
1163
1162
1204
1167
1205
1202
1186
1203
1053
1053
1049
69
57
84
88
89
90
318
318
377
305
348
1170
1180
1166
1211
1204
1184
1188
1190
1189
1052
1261
1053
1055
68
1055
68
69
83
73
85
86
91
316
287
280
283
1168
1183
1176
1175
1188
1193
1191
1262
1054
1055
107
108
85
87
86
87
317
280
281
283
1168
1177
1195
1190
1263
1263
105
105
106
107
97
97
96
297
296
297
298
297
274
275
277
277
1957
1963
1965
1954
1175
1255
105
104
107
107
106
120
122
958
274
277
273
273
276
1962
1962
1962
1961
1980
1982
1868
1871
1868
1868
977
111
981
935
935
934
959
959
957
954
829
830
831
1961
1960
1961
1981
1983
1982
1868
1869
976
979
981
935
934
931
957
956
955
829
830
2013
2013
2012
2005
2004
1981
2006
1860
1861
1869
978
1864
984
986
987
931
928
930
928
957
828
827
829
802
829
830
2011
2013
2006
1840
1843
1815
991
988
984
988
985
985
986
1019
1018
1017
950
805
802
2011
2005
1997
2007
2007
1842
1842
1843
1842
988
1815
988
1000
1002
1001
1016
1020
1023
804
804
807
806
806
803
2028
2028
2018
2000
2016
1844
1852
1849
1853
1794
1815
996
1006
1001
1007
1001
1021
836
806
769
768
769
2029
2026
2018
1831
1829
1831
1851
1849
1855
1795
1794
1796
1796
1007
1004
847
838
836
893
892
770
877
2030
2030
2027
2026
1831
1828
1830
1827
1849
1798
1798
1799
855
854
846
853
847
845
838
891
892
878
874
2024
2025
2025
2027
1825
1825
1824
1826
1826
1800
1800
1799
1800
855
855
840
845
845
890
891
891
890
889
879
877
879
1238
1239
1243
1243
1247
1093
1090
1090
1149
1124
1125
1125
22
30
26
331
330
328
334
1242
1241
1242
1246
1091
1091
1106
1122
1127
22
28
27
28
330
330
329
325
1223
1240
1242
1227
1247
1096
1096
1097
1107
1107
49
15
28
13
1
339
347
325
325
1221
1220
1216
1228
1224
1225
1225
1098
1099
1114
51
48
49
58
13
10
343
347
349
349
326
1218
1161
1229
1205
1187
1103
1098
1115
50
50
57
54
58
336
337
348
1162
1160
1207
1187
1186
1187
1053
1276
51
71
70
73
64
56
75
59
11
11
319
305
1170
1166
1188
1185
1185
1184
1273
1261
1260
68
68
70
75
89
85
316
318
304
1170
1173
1173
1175
1194
1188
1189
1262
1261
1261
66
73
84
299
299
317
299
316
280
283
282
1168
1965
1172
1175
1195
1195
1193
1263
1260
109
99
97
297
298
281
280
284
1169
1964
1965
1975
1975
1255
1255
1263
105
110
97
296
298
272
273
277
1962
1963
1965
1967
1980
1974
1977
1982
1867
977
976
969
110
111
935
932
288
956
822
289
273
823
1961
1973
1972
1979
1979
1866
1867
1864
977
969
933
933
930
957
900
822
822
831
830
2013
2015
1968
1983
1865
1864
962
979
962
963
974
974
931
931
897
897
816
817
2010
2008
2005
2006
1840
1841
1811
1809
973
972
1019
1019
1016
1017
805
820
801
807
801
2011
2000
2006
1845
1840
1840
1813
1814
1001
1019
1010
1022
1016
1016
791
771
801
2017
2016
2017
1845
1844
1853
1841
1813
1812
996
999
1018
1013
1013
836
786
771
770
771
772
2031
2019
2018
1829
1851
1848
1802
1797
1802
997
997
999
857
1005
857
787
786
771
773
2024
2019
2026
2026
1828
1828
1849
1797
1796
1796
853
848
852
856
857
858
893
893
778
777
2025
2047
1828
1825
1824
1826
1807
1800
1801
855
854
859
859
859
894
891
894
777
1238
1238
1239
1235
1232
1092
1093
1090
1127
21
27
27
333
335
335
1236
1233
1233
1093
1093
1094
1096
1109
1106
1127
23
22
20
26
3
330
335
1222
1236
1094
1097
1105
49
18
17
14
14
1
346
327
327
1216
1217
1268
1096
1113
1115
1105
1113
1107
52
50
16
12
13
10
347
345
1219
1163
1160
1167
1165
1207
1098
1115
1115
53
55
9
11
343
345
345
349
1160
1216
1164
1187
1185
1273
1114
1277
55
71
54
74
318
351
1171
1161
1194
1193
1277
1276
71
67
71
73
77
316
319
305
309
1194
1192
1258
1258
1257
66
66
75
75
301
295
309
282
1168
1174
1157
1193
1255
1249
1257
1256
108
98
301
300
288
284
1169
1976
1253
1253
1249
1249
109
108
301
288
291
294
284
1975
1977
1867
1253
960
110
110
933
898
290
900
285
1966
1966
1967
1973
1972
1977
1978
1866
1865
960
963
961
969
932
899
901
823
817
2015
2001
1973
1979
1882
1864
962
962
969
908
898
897
822
2011
2001
2001
1810
1809
972
968
896
897
821
800
801
2008
2009
2017
1847
1847
1810
1808
1814
973
1000
1011
1010
787
791
775
2022
1845
1822
1813
1813
1814
995
999
998
1015
1012
1013
785
787
789
773
2022
1832
1851
1850
1822
997
856
1013
860
784
786
779
781
2046
2019
1832
1833
1836
1832
1827
1838
1803
853
857
859
895
779
779
778
773
2047
1839
1839
1837
1807
1807
1801
1803
848
853
863
858
894
894
780
776
777
1234
1089
1089
23
21
333
335
1239
1094
1090
1109
27
1236
1233
1099
17
1222
1274
1113
1105
15
350
326
1275
1274
1112
53
53
55
13
344
351
1218
1164
1160
1273
65
4
314
311
1170
1164
1164
1273
1277
66
79
312
313
310
1173
1152
1198
1258
1257
98
77
77
303
309
1258
1199
1248
109
101
291
294
294
1971
1198
1250
1249
99
98
291
288
289
1967
1250
964
898
285
1975
1867
1882
960
970
965
102
909
817
817
1973
1972
1883
1880
960
1881
970
898
899
820
821
2008
1880
966
970
971
1010
902
790
816
2009
2002
1810
1810
1811
1808
994
1010
790
2022
1847
992
994
787
784
784
789
775
2023
1835
1821
849
1015
860
2023
1838
1822
1805
1802
863
779
777
2046
1839
1836
1837
1807
1805
848
862
861
895
1237
1127
373
1236
1088
0
0
327
1224
1269
1094
19
346
327
1268
1112
1
347
1274
4
313
64
305
1155
1199
65
76
313
1171
67
101
72
79
295
1173
1198
1196
1259
1158
1157
1976
1252
102
291
293
285
1883
818
1970
1979
1882
909
819
2015
1968
1881
908
902
821
2002
791
2009
973
995
1009
788
1847
1823
1821
1820
1803
993
2021
2022
1851
1822
1821
992
863
1014
784
1832
1835
1804
860
1837
1805
850
1237
1235
1092
1126
20
3
333
1234
1095
1104
1109
1109
1217
1116
1107
1105
18
14
1
350
1217
1274
1113
9
314
1154
1165
9
1155
1153
1154
78
315
311
1153
1272
1257
303
1197
103
98
77
308
1251
102
301
290
293
911
900
1971
1883
970
2015
1880
964
961
971
819
2009
1884
1808
793
2003
1885
1808
994
1008
792
789
992
790
772
999
774
2045
2045
1805
848
781
2047
851
861
780
1089
23
1232
18
2
2
1222
1270
1108
14
1217
1268
1268
5
345
1155
1272
1279
1279
52
350
351
311
1279
79
314
1153
1199
315
311
1248
295
1157
1253
103
1251
964
1966
1970
1969
1883
901
819
1969
1969
903
903
2003
1885
966
994
902
819
1011
788
775
2021
2021
1846
1819
993
1821
1014
781
2045
1834
862
781
1806
1817
863
782
1234
1235
1088
1111
21
373
332
1095
374
333
324
1269
18
2
1219
1117
1116
19
5
1275
8
1278
65
1153
78
315
310
1152
1259
312
1157
1197
1251
103
101
302
303
293
1158
292
1197
1254
1251
964
911
911
907
1971
965
909
2003
1886
901
793
1880
793
2021
2002
1884
1009
1846
1823
1014
785
1833
1819
992
1014
2044
1834
1835
1817
849
860
783
1834
851
850
783
1111
372
1271
1270
1111
1110
2
1219
1270
1117
374
1067
1119
1071
1119
5
365
1070
1154
1267
1119
4
1267
1279
100
79
1064
101
306
303
308
1196
904
293
1159
1970
913
818
1159
1886
1879
1887
911
906
907
2014
1887
1887
967
902
795
1887
1819
919
1008
2020
1009
792
2045
1816
783
774
1817
869
782
1271
726
1062
1111
1344
373
1270
6
373
1070
1118
374
366
1070
1071
1067
1067
1056
1071
1066
1118
362
365
1267
306
365
1266
1266
1065
1064
360
364
1266
1065
1156
1065
915
904
1879
915
1159
1879
913
913
912
907
1526
1427
912
1526
1339
967
919
1877
1887
919
795
1597
920
1877
1816
870
922
923
233
1877
1877
869
869
2044
2044
1818
1818
870
870
869
782
1439
1439
1062
1061
1617
6
1060
1059
1616
1069
1057
1056
1037
1118
1057
1057
1056
1037
1068
1068
1066
1063
1063
362
360
975
1066
1062
1063
362
361
364
975
712
1879
914
907
1427
917
1427
358
795
1527
794
799
1527
371
371
371
918
918
794
726
1430
1876
919
922
923
1430
920
799
923
233
760
920
923
799
232
1084
1060
1061
1058
1058
1617
1084
1060
1060
1059
1434
1036
1069
1434
1438
1037
1069
1434
1068
1075
1893
1435
1075
1892
1901
1900
1063
1892
361
1901
914
24
361
1426
917
916
379
379
1743
353
799
1427
379
407
359
358
356
359
359
356
233
1431
235
233
1431
1431
232
1084
1432
1899
1903
1903
1432
1617
1087
1087
1433
1433
1617
1087
1438
1896
1318
1073
1074
1597
1435
921
1073
1075
921
1072
1077
1892
1435
25
1893
1435
914
914
1901
916
363
1893
1743
363
378
407
1743
307
378
1907
357
353
1429
356
353
1101
356
1429
1100
1910
234
1428
1100
1102
1102
355
235
1339
355
1339
1351
1102
235
1899
324
1899
1899
1903
1903
1898
1896
1897
1897
1596
1074
1079
1596
1086
1740
1073
1074
1079
1086
1740
1597
25
1073
1077
713
1908
1076
1894
1894
713
910
1901
1904
1742
423
1907
1904
352
357
353
1907
1905
1905
1101
354
1428
1429
1101
1910
234
354
354
423
2034
2034
1912
225
225
1789
714
1715
1715
1712
1712
1789
1788
1789
355
1715
1713
1713
1740
1719
1740
1079
1890
1078
1891
982
2040
2042
370
1077
1076
1076
1894
1888
1774
751
25
1904
1337
917
1909
1902
1337
1914
983
1906
1909
231
1906
1910
1911
1909
230
983
1914
1911
230
1759
2034
1913
1911
1759
1913
1915
225
1758
1338
1912
1913
1318
1712
1265
375
1265
1788
1715
1713
559
1714
1719
2043
1079
1078
1890
2040
370
1891
2041
2042
1085
1891
1891
1716
1774
1889
1889
2041
1774
1083
1889
1618
1888
1618
559
983
307
231
2033
231
1487
2033
1915
224
1759
2035
1586
2035
905
927
1265
1753
1754
1754
1753
1714
925
2038
975
798
925
1718
2043
2039
2039
558
743
1718
2039
1716
1716
1085
1716
2041
1083
1083
1083
715
1895
1895
1619
1917
1618
1619
1080
1337
678
1619
1080
1337
224
1487
1487
751
2032
676
226
224
2033
229
2035
229
1752
1755
727
1753
1755
1755
727
1775
307
1775
1775
1753
1598
1727
1873
1717
2039
2038
798
1717
743
2036
2037
2037
1916
1916
1917
1081
7
1895
689
689
1618
1081
1081
1487
2032
226
1641
2032
228
927
1643
1643
17
1585
1643
227
229
759
229
663
1908
759
737
558
1564
929
929
1598
678
759
927
1727
369
712
1873
1873
2037
1327
1425
1351
1727
1727
2036
1425
1917
1916
1082
1918
1587
1918
1641
1640
1918
926
1593
1643
1626
227
663
1594
1626
1642
1642
714
1565
1565
679
679
1599
1564
737
1598
1875
1875
375
1875
1874
369
368
1872
905
369
1424
926
369
1425
1424
366
1424
924
924
1082
7
910
275
1919
925
1919
796
926
796
1592
1641
974
982
367
367
16
1594
1593
1595
550
367
1595
1437
1594
1437
370
1565
1564
679
1613
1599
1599
1878
1878
1874
1613
1878
1874
797
1613
375
797
1613
363
905
1872
1586
366
1403
924
1424
1919
1587
1531
1338
1587
1592
1595
1437
1593
1436
1327
1615
1436
1612
