4096
3943
3956
3599
3598
404
405
475
470
539
3631
3625
433
531
543
541
573
575
573
3852
3859
3858
3615
426
417
419
3865
3635
3634
3633
429
421
529
882
3841
3613
3647
3645
431
284
420
877
879
881
4018
3699
3646
3642
285
278
878
869
3702
3697
3703
3643
266
267
268
279
277
871
870
895
4021
3701
2585
2707
2706
265
277
861
837
3995
2573
2575
2574
2589
2710
291
293
317
318
861
839
2669
2671
2562
2563
2709
1229
290
1231
2665
2679
2720
2725
1229
1231
1111
2676
2766
2721
1206
1115
2662
2675
2767
2767
2731
2730
2729
1165
1140
1115
1089
2847
2842
2823
2823
2946
1453
1455
1454
1179
1141
1101
1099
1097
1091
2845
2847
2816
2967
2967
1454
1455
1447
1139
1381
1099
1381
2837
2839
2947
1445
1383
2819
2931
2975
2971
1421
1387
1311
1311
1391
1383
1407
1405
2923
2923
2934
2933
2969
1419
1291
1399
2927
2915
2914
3007
3007
3000
1434
1435
1416
1306
1290
1399
1403
3945
3947
3946
3945
3951
3939
3957
3959
3959
3965
3597
3599
3627
3626
403
401
404
469
471
471
543
579
543
536
537
557
3946
3938
3938
3953
3957
3608
3954
3625
3626
403
405
425
435
427
469
470
530
537
539
536
570
3853
3853
3852
3857
3955
3609
3611
3634
3631
3629
3628
435
445
433
427
426
416
416
530
535
534
575
573
575
3843
3843
3867
3859
3612
3611
3615
3637
3636
447
436
431
423
417
874
529
877
887
883
3843
3841
3867
3867
3865
3868
3612
3613
3635
3646
3636
445
3641
429
285
420
878
879
885
887
883
3997
3981
4019
3699
3697
3705
3705
3647
3645
265
281
283
283
284
275
875
870
869
885
882
895
893
3999
4023
4021
4017
4019
4017
3699
3709
3642
267
266
283
279
274
273
311
867
307
871
836
889
892
3993
3995
4026
4031
3703
3701
2705
2713
3643
271
269
271
269
309
305
306
858
835
832
836
3995
3993
3993
2573
2574
2587
2586
2586
2711
2706
2707
262
261
257
294
289
293
319
313
315
312
833
835
833
837
2671
2666
2575
2591
2711
2709
2727
2725
2726
1222
1226
291
319
318
317
312
313
1117
832
839
1105
2667
2665
2561
2563
2562
2765
2564
2763
2723
2761
2721
2723
2726
2725
1229
1225
1231
1227
1227
1243
1117
1167
1241
1118
1117
1104
1109
2667
2661
2677
2677
2565
2760
2765
2720
2733
2732
2732
1202
1205
1163
1161
1164
1115
1167
1119
1107
1094
1109
2663
2676
2661
2674
2766
2755
2754
2759
2733
1207
1207
1163
1164
1165
1113
1103
1113
1100
1095
1089
2663
2843
2821
2957
2754
2964
2731
2730
1453
1176
1177
1138
1141
1100
1093
1103
1091
2842
2847
2841
2817
2828
2817
2820
2820
2946
2945
2962
2965
1443
1447
1179
1138
1137
1099
2845
2845
2833
2819
2816
2947
2974
2961
2963
1449
1451
1441
1443
1443
1447
1309
1385
1387
1387
1388
1383
1377
1379
2839
2837
2835
2834
2929
2935
2949
2969
2973
2961
1439
1450
1451
1441
1420
1445
1309
1309
1389
1379
1404
2881
2925
2930
2930
2929
2935
2975
2971
1433
1435
1421
1417
1417
1307
1305
1289
1391
1290
1396
1397
1404
2923
2926
2926
2931
2919
2934
2933
2913
2997
2995
2994
1434
1419
1416
1283
1291
1397
1407
1401
1403
1401
1403
2927
3964
578
3949
3947
3943
3941
3956
3962
3594
3595
3627
385
401
387
395
394
466
467
579
577
541
541
523
556
557
3949
3850
3937
3937
3939
3953
3955
3609
3963
3598
3603
3595
3593
3628
3629
403
394
439
465
467
581
533
527
569
569
571
3855
3851
3861
3858
3954
3608
3605
3601
3623
447
441
447
443
442
435
437
425
510
581
531
583
566
571
570
3845
3855
3844
3862
3844
3863
3605
3623
3637
442
445
437
423
419
535
535
517
561
565
567
3847
3847
3871
3869
3869
3868
3663
3663
3605
3682
3683
3639
3639
380
281
287
421
325
874
875
873
891
881
3980
4023
4018
3663
3697
3707
3710
3685
378
287
275
867
865
891
892
3998
3998
4029
3661
3711
3709
381
268
274
311
309
311
859
864
864
3997
3999
3987
4030
4030
4029
4031
2587
2579
3702
3707
263
259
259
278
301
303
305
850
859
851
857
849
847
846
2633
2573
2569
2571
2585
2581
2578
2589
2715
2714
2714
263
261
262
257
295
295
297
301
307
851
849
842
843
2638
2567
2591
2583
2710
2715
2703
1221
290
294
1226
303
315
1087
841
1082
2669
2635
2637
2679
2565
2582
2763
2760
2699
2727
1223
1217
1225
1243
1247
1241
1239
1235
1234
1104
1119
1105
2659
2666
2657
2683
2673
2564
2761
2759
2735
2735
1203
1209
1161
1243
1153
1233
1118
1107
1055
1111
2656
2659
2656
2683
2674
2684
2675
2685
2779
2770
2755
2757
1203
1206
1163
1169
1157
1140
1151
1113
1095
1093
2662
2860
2829
2821
2771
2753
2759
1469
1205
1177
1176
1170
1139
1147
1097
1094
2843
2831
2831
2958
2955
2959
2955
2965
1470
1459
1173
1171
1149
1146
1101
1359
1091
2853
2854
2853
2834
2827
2826
2951
2950
2949
2964
2963
2962
1449
1457
1464
1463
1445
1301
1385
1389
1357
1381
1347
2855
2855
2835
2833
2943
2938
2939
2974
2950
2971
1467
1429
1461
1460
1303
1311
1388
1395
1379
1377
1361
2883
2884
2937
2998
2997
2993
1436
1423
1423
1413
1307
1415
1300
1287
1394
1393
1405
2880
2880
2881
2885
2925
2917
2918
2919
2915
2914
2938
2999
2999
2995
1437
1437
1423
1414
1306
1409
1297
1281
1282
1282
1295
1293
1292
1394
1396
1401
1281
1295
3940
3951
3929
3940
3933
3941
3967
3964
3965
3961
3585
3591
3587
3590
387
391
389
395
465
466
589
578
524
525
521
525
523
521
553
553
3849
3932
3962
3913
3587
3594
3589
3618
387
385
399
393
398
511
581
524
523
551
3849
3851
3861
3875
3863
3893
3963
3607
3603
3603
3619
3617
443
397
439
509
511
583
533
527
545
567
565
3850
3886
3875
3862
3887
3893
3607
3607
3601
3623
3621
441
436
503
505
507
504
599
597
517
563
566
565
3845
3871
3881
3659
3657
3681
3685
3690
383
502
322
324
598
563
825
561
634
3980
3981
3974
3679
3660
3656
3682
3683
381
380
321
324
323
323
325
327
831
824
825
891
809
893
3979
3990
4027
3971
4025
4027
3665
3670
3661
3707
3711
3685
379
377
322
327
865
830
827
889
3991
3986
3985
4026
3667
3671
2719
3710
2717
359
2717
356
361
351
301
309
850
853
858
843
845
847
3989
2639
3987
2639
2571
2580
2577
2578
2579
2695
2713
2691
355
259
299
303
855
853
842
846
2638
2633
2569
2637
2581
2621
2698
2703
1223
1219
299
1219
299
297
1245
1239
855
1087
1087
1074
1083
2635
2635
2681
2567
2583
2697
2699
2701
1222
1221
1219
1217
1244
1247
1244
1234
1063
1085
1083
1085
1081
2629
2647
2683
2687
2687
2778
2775
2757
2813
1202
1213
1211
1208
1155
1245
1159
1235
1061
1060
1085
1053
1055
2657
2629
2777
2773
2769
2773
2815
1212
2757
1212
1201
1208
1155
1155
1157
1150
1145
1043
1043
1050
2861
2685
2873
2829
2778
2771
2769
2811
2801
1457
1175
1172
1150
1151
1146
1049
1034
2863
2858
2875
2861
2828
2959
2957
2954
2953
3051
1471
1469
1172
1173
1459
1171
1149
1147
1359
1346
1345
2854
2863
2849
2825
2875
2826
2827
2951
2958
3068
2954
3053
1471
1460
1459
1335
1359
1333
1346
2849
2867
2942
2941
2942
2941
3010
1429
1465
1431
1431
1461
1331
1300
1301
1343
1395
1347
2890
2887
2887
2943
2939
3011
2998
3030
1439
1426
1427
1413
1414
1299
1299
1303
1292
1329
1361
1363
2883
2885
2884
2909
2917
3014
2997
3015
2994
1436
1411
1411
1415
1299
1283
1297
1285
1284
1284
1287
1293
1365
1367
1363
2917
1367
3921
3929
3932
3933
3909
3967
3908
3587
3837
3590
3809
390
390
389
391
483
482
481
588
591
588
515
513
514
555
3931
3931
3913
3915
3935
3915
3585
3839
3589
3591
3619
3811
409
398
487
485
482
481
504
587
519
549
548
3878
3879
3877
3891
3777
3783
3781
3781
3618
399
397
509
510
499
484
595
592
583
585
544
544
551
3873
3873
3877
3885
3893
3783
3621
3621
497
501
505
499
593
598
625
545
547
3983
3983
3887
3975
3886
3883
3655
3659
3656
3691
3691
3695
3694
3689
501
369
502
503
330
331
507
335
599
597
824
637
635
633
3978
3977
3970
3969
3973
3975
3677
3654
3657
3651
3687
3693
383
378
321
334
343
829
821
830
827
811
811
3979
3971
3974
3679
3675
3676
3671
3669
3687
379
357
369
367
337
333
339
351
829
831
823
801
809
3990
3986
3667
3665
3670
2603
2719
357
361
351
349
349
823
803
805
3989
2626
2599
2592
2593
2602
2577
2693
2692
2688
359
354
363
346
349
779
853
802
806
807
2627
2631
2625
2595
2623
2601
2695
2689
2691
353
1259
1274
1279
1277
1278
1271
855
1070
778
781
807
1075
2631
2629
2655
2619
2618
2622
2698
2701
2701
2703
1250
1251
1273
1275
1275
1269
1271
1060
1067
1069
1082
1073
2641
2641
2645
2681
2618
2780
2775
2786
2813
2791
1213
1211
1273
1059
1063
1065
1064
1047
1053
1046
1051
2644
2647
2644
2681
2684
2613
2779
2781
2783
2781
2810
2815
2813
1215
1209
1189
1153
1157
1061
1045
1046
1045
1051
1055
2859
2878
2860
2873
2783
2770
2809
2809
2815
2803
1486
1189
1185
1175
1169
1131
1132
1040
1133
1041
1050
1035
2857
2879
2871
3064
3050
3050
1487
1465
1483
1170
1474
1195
1129
1131
1129
1352
1034
1348
1349
2859
2851
2875
2867
2869
3071
3069
3054
3051
3055
1470
1485
1475
1463
1473
1495
1335
1330
1335
1357
1351
1349
1351
2851
2851
2867
2906
2901
3009
3069
3053
3055
1467
1464
1475
1491
1330
1329
1333
1357
1372
1371
1369
1369
2891
2895
2907
2903
2902
3011
3013
3015
3031
1425
1427
1525
1431
1531
1331
1312
1343
1373
1375
1363
2894
2895
2905
2911
2910
2898
3013
3014
3029
3031
1426
1411
1409
1321
1285
1319
1317
1365
1367
2909
3907
555
3923
3923
3926
3935
3908
3909
3837
3833
3835
3834
3834
3811
3813
3815
3809
414
415
413
483
589
591
717
514
515
703
513
700
555
3931
3923
3927
3906
3919
3778
3837
3839
3835
411
415
495
487
484
485
493
587
587
519
548
549
3879
3458
3925
3915
3917
3779
3779
3783
3791
3839
3811
3789
411
494
495
595
593
592
606
629
547
3878
3255
3877
3247
3885
3881
3890
3889
3777
3787
3781
3791
3791
3789
3753
411
407
497
490
491
603
626
635
3253
3873
3875
3883
3890
3653
3655
3690
3763
375
499
489
329
491
607
627
625
634
612
3970
3973
3883
3676
3649
3654
3694
3775
3693
373
374
374
334
335
331
817
817
821
637
815
3978
3259
3263
3674
3669
3695
3687
373
364
365
371
339
341
340
340
341
823
821
801
815
811
3991
3285
3673
3234
3677
2607
3669
3650
3769
2689
367
365
356
363
339
347
777
769
803
806
812
793
2627
3286
2599
2597
2593
2605
2692
2688
354
363
345
347
346
1278
778
779
781
795
805
2626
2652
2592
2617
2607
2622
2602
2621
2693
132
355
1259
1258
1279
1277
1277
1269
1071
795
1078
2651
2653
2653
2595
2619
2623
2787
2785
2787
2789
1255
1257
1261
1274
1266
1271
1071
1070
1069
1065
1066
1075
1074
2643
2643
2652
2655
2614
2615
2613
2798
2799
2797
2791
2791
1251
1250
1215
1267
1159
1057
1067
1077
1079
2643
2641
2645
2611
2610
2793
2806
2801
1191
1187
1187
1159
1135
1059
1041
1047
1025
1026
1027
1025
2877
2609
2609
2780
2810
2805
2811
2803
1191
1189
1185
1195
1193
1133
1040
1033
1027
2858
2877
2879
2878
2870
3065
3067
3046
3045
1487
1485
1486
1493
1131
1125
1127
1126
1031
1035
2553
2559
2865
2870
2865
2869
2871
3067
3065
3057
3071
3068
3054
3049
1480
1474
1495
1495
1333
1355
1353
1353
1348
2559
2546
2889
2865
2533
2901
2902
3059
3058
3041
3043
1527
1477
1527
1490
1491
1315
1355
1371
1375
1371
2891
2890
2906
2542
2903
3019
3021
3023
3010
3030
3027
1519
1527
1531
1323
1313
1313
1316
1373
1372
2894
2541
2907
2539
2910
2541
2899
2911
2897
3016
3021
3025
3027
3025
3027
1525
1522
1523
1521
1521
1531
1323
1327
1319
1316
1567
1566
1565
3921
3478
3927
3906
3907
3905
3911
3827
3833
3830
3812
3812
3815
413
79
73
79
717
718
719
701
701
699
697
696
3459
3463
3925
3918
3918
3911
3826
3831
3829
3819
3818
3813
3725
414
79
713
733
717
719
699
681
681
3463
3457
3459
3469
3917
3778
3919
3829
3807
3817
3715
3714
407
409
91
91
89
605
721
585
631
638
681
3253
3247
3891
3245
3786
3785
3805
3806
3755
3755
111
95
494
490
84
87
601
607
606
630
630
629
617
619
3255
3240
3241
3243
3241
3245
3245
3786
3218
3799
3796
3795
3797
3805
3758
3755
375
330
85
85
603
627
626
620
613
3258
3261
3240
3674
3219
3799
3797
3796
3773
3775
371
147
371
105
189
343
191
601
636
621
613
612
3260
3263
3260
3235
3675
3651
3650
3767
3762
3775
153
364
155
337
165
819
818
789
788
815
3287
3287
3286
3289
3234
3210
3211
2237
3769
3769
135
130
155
155
167
770
771
769
791
771
791
785
2596
3285
2596
2605
2607
2603
2238
2234
2235
2239
2233
133
135
141
163
775
772
773
797
2631
2650
2147
2597
2221
2223
2219
2235
133
132
1258
131
1263
1263
1265
1717
781
796
795
1078
2649
2175
2158
2615
2217
2219
2799
2228
2789
1253
1252
1255
1261
1263
1725
1079
2650
2651
2141
2124
2157
2614
2798
2786
2788
1252
2025
1253
1261
1267
1266
1057
1726
1721
1713
1077
1028
1029
1029
2143
2122
2610
2125
2795
2793
2793
2807
1249
1191
1187
1192
1192
1059
1031
1028
1026
2143
2138
2123
2121
2471
2611
2794
2794
2795
2807
2806
2805
2027
2037
1185
1135
1132
1569
1573
2555
2554
2475
2479
3064
3063
3047
2037
1481
1483
1193
1907
1123
1125
1126
1574
2553
2557
2477
2479
2476
2467
3062
3062
3061
3043
3047
3043
1481
1480
1493
1493
1831
1123
1127
1352
1580
1579
1578
1583
2559
2547
2557
2545
2534
2535
2466
3019
3059
3057
3038
3041
1513
1517
1477
1490
1315
1545
1547
1540
1581
1541
1581
2547
2546
2535
2534
2899
3023
3039
3037
3039
1525
1515
1516
1519
1855
1853
1852
1546
1317
1543
1565
1565
1562
2551
2539
2543
2542
2543
2529
2898
3017
3017
3021
3034
3035
1507
1523
1508
1522
1528
1323
1312
1539
1538
1541
1567
3016
1321
3482
3721
3478
3485
3926
3556
3557
3825
3831
3818
3821
3821
3823
3726
3727
75
74
77
715
715
711
718
700
696
691
697
3478
3487
3483
3486
3559
3826
3827
3830
3819
3823
3713
75
77
713
722
727
703
693
673
672
675
3463
3458
3461
3470
3801
3801
3806
3713
3714
94
93
93
91
89
733
81
723
725
727
677
672
679
3461
3467
3466
3471
3469
3787
3805
3807
3759
108
94
87
721
725
631
3250
3249
3243
3247
3217
3217
3794
3793
3763
3757
3753
109
111
105
84
603
618
621
619
611
3251
3258
3237
3233
3219
3218
3794
3764
3765
3762
3761
3773
3773
145
187
186
190
190
819
751
620
615
610
3261
3259
3235
3214
3215
3209
3765
3764
3771
147
145
164
164
899
770
615
3280
3281
3283
3273
3213
3215
3211
3097
3767
3771
129
153
159
157
162
773
772
787
788
787
787
785
3283
3281
3280
3275
2221
2223
2237
2233
2231
130
137
143
141
161
167
775
799
793
935
2145
2173
2172
2147
2155
2147
2221
2223
2215
2239
2238
2234
2229
2229
131
2031
141
1975
163
1719
1709
796
797
930
935
2161
2145
2159
2172
2159
2158
2154
2217
2219
2213
2191
2030
2029
1973
2030
1974
1719
1974
1727
1717
1699
1715
1696
1695
1690
1691
2141
2127
2163
2127
2157
2176
2179
2031
1963
1973
1961
1725
1723
1727
1715
1692
2143
2141
2137
2125
2115
2177
2177
2187
2186
2026
2025
1967
1961
1722
1722
1723
1712
1712
1713
1681
1693
2139
2139
2138
2123
2122
2469
2181
2180
2039
2032
1966
1965
1966
1721
1686
1683
1575
1575
1574
1573
2135
2554
2474
2470
2470
2465
2364
3045
2361
2360
3046
2038
2038
2035
1907
1918
1919
1577
1569
1578
1569
1571
2555
2473
2479
2477
2466
2467
2355
3063
2367
3061
1514
2363
2039
1871
1869
1827
1826
1917
1831
1595
1579
1583
2509
2557
2481
2489
2380
3023
2378
3037
1515
1513
1868
1825
1831
1546
1547
1545
1580
1586
2549
2501
2533
2550
2530
2381
2383
2379
3038
1507
1517
1855
1853
1549
1551
1538
1540
1563
2550
2537
2531
2531
2490
2493
2492
3033
3035
1511
1505
1509
1516
1844
1845
1849
1851
1851
1550
1539
1543
1561
1563
2551
3034
1562
3727
3485
3477
3477
3482
3557
3553
3555
3554
3823
3723
3725
3726
67
73
77
709
710
692
690
692
693
691
3479
3486
3483
3559
3556
3554
3583
3821
3721
3719
3715
3718
3737
66
65
70
709
83
711
709
695
695
3487
3465
3471
3567
3560
3801
3717
3717
3718
3742
95
71
69
723
722
725
727
765
766
678
673
3517
3461
3514
3466
3470
3561
3561
3175
3759
3803
3751
3750
3743
107
107
109
83
83
747
745
750
761
738
677
678
3251
3515
3467
3239
3226
3227
3225
3222
3793
3795
3173
3758
3749
3750
107
98
99
189
183
747
617
609
3250
3249
3238
3221
3223
3221
3223
3222
3172
3747
3746
3746
3745
3745
108
149
185
182
186
181
181
917
749
749
611
739
3257
3270
3269
3237
3203
3210
3201
3099
3195
3194
148
147
187
177
191
899
179
896
919
789
610
3271
3271
3273
3275
3214
3203
3201
3100
3194
3771
158
158
171
175
165
897
949
3266
3279
3213
3101
3103
3103
2214
3199
159
139
143
157
162
170
173
911
910
931
905
929
935
2173
2145
2154
2210
2211
2214
2225
2228
139
2231
139
137
143
1711
1710
909
799
933
2175
2153
2155
2209
2211
2213
2227
2227
2023
1963
1971
1983
1983
1711
1697
1699
1697
1696
1691
1690
2161
2163
2163
2116
2117
2179
2183
2189
2188
2022
2019
2018
1959
1963
1975
1726
1703
1677
1693
1695
2124
2131
2114
2119
2176
2183
2180
2186
2027
2018
1958
1957
1955
1967
1981
1687
1682
1681
1692
2134
2137
2113
2471
2365
2181
2187
2363
2043
2033
2033
1965
1915
1978
1683
1571
1675
2133
2134
2505
2507
2474
2475
2469
2314
2360
2042
2037
2032
2041
2035
1914
1913
1919
1685
1687
1594
1594
1571
1599
1591
2511
2505
2483
2482
2367
2358
2361
2315
1868
1869
1917
1918
1595
1629
1587
1589
2511
2507
2491
2355
2383
2377
2379
2398
1865
1865
1867
1867
1855
1826
1829
1829
1549
1593
1559
1586
2509
2503
2500
2549
2530
2489
2491
2490
2381
2380
2378
2391
1505
1509
1845
1847
1847
1851
1829
1550
1551
1554
1557
2537
2502
2529
2495
2495
2493
2373
2375
2373
2373
2371
1507
1511
1505
1508
1844
1843
1841
1849
1659
1657
1656
1537
1656
1555
1553
1555
1553
3729
667
3505
3521
3523
3553
3555
3582
3581
3581
3723
3399
3730
3731
3731
55
52
57
57
57
710
666
646
690
689
3477
3481
3504
3521
3565
3563
3582
3719
3739
3739
3730
67
66
53
58
767
705
647
675
649
3519
3507
3565
3511
3567
3560
3583
3417
3741
3739
3743
114
71
69
70
81
59
58
767
765
679
651
3517
3509
3510
3563
3417
3742
115
99
31
745
762
763
3517
3325
3513
3514
3238
3231
3230
3227
3229
3177
3175
3169
3749
3751
97
119
98
100
31
750
747
751
737
739
3324
3322
3205
3239
3206
3226
3180
3172
3173
3186
3747
151
125
178
177
178
182
917
741
738
947
743
3323
3269
3318
3207
3207
3107
3206
3099
3193
3195
3188
3187
3185
195
3187
151
148
149
215
171
174
183
913
919
944
945
3270
3275
3277
3276
3203
3101
3097
3197
3198
3189
238
231
245
173
175
174
897
896
931
949
3267
3276
3091
3100
3198
3199
239
235
228
231
246
247
247
1011
903
910
900
911
905
941
933
943
2171
2170
2087
2081
3279
3095
237
239
238
234
229
229
170
1709
907
930
940
940
933
2169
2171
2166
2080
2083
2210
2215
2227
2225
2202
2021
228
2022
1969
1970
1970
1707
1706
1701
1702
1667
1671
1689
2165
2167
2094
2117
2105
2194
2191
2188
2021
2023
1988
1969
1971
1979
1706
1702
1701
1670
1671
2165
2166
2130
2119
2116
2105
2115
2197
2198
2189
2017
2185
2019
1958
1959
1957
1977
1977
1981
1705
1677
1678
1673
1679
1679
1669
2135
2130
2114
2347
2365
2316
2042
2047
2046
2045
2046
2045
1954
1953
1909
1979
1686
1678
1673
2133
2131
2487
2486
2485
2364
2346
2355
2346
2043
2319
2047
1863
1954
1905
1911
1914
1915
1629
1597
1598
1598
1597
1591
2507
2505
2438
2483
2434
2486
2353
2350
2359
2313
2315
1857
1859
1871
1861
1863
1904
1913
1599
1589
1591
1587
2499
2437
2439
2481
2445
2447
2353
2357
2359
2399
2397
2397
2399
1859
1867
1827
1834
1652
1653
1558
1585
1557
2497
2497
2498
2442
2443
2441
2446
2375
2370
2387
2398
2389
1797
1798
1799
1797
1842
1835
1833
1661
1558
1559
1615
2503
2501
2513
2517
2455
2451
2492
2375
2369
2371
2391
2388
2388
1799
1798
1842
1841
1843
1659
1662
1663
1663
1657
1612
1554
1609
3499
3525
3527
3526
3523
3574
3573
3575
3398
3397
3729
3732
55
52
61
665
667
645
643
3526
3507
3521
3523
3579
3397
3398
3737
3733
39
53
62
63
666
647
646
642
3519
3504
3550
3551
3545
3578
3577
3417
3393
3393
113
17
59
22
3
766
763
651
649
3519
3515
3493
3510
3509
3545
3549
3176
3419
3423
117
118
115
103
23
25
757
755
762
742
652
3495
3319
3511
3230
3183
3176
3171
3171
119
125
103
121
101
741
761
743
3325
3319
3231
3183
3181
3177
3169
3186
125
193
198
213
199
101
210
100
25
27
915
959
3321
3313
3205
3105
3107
3181
3191
3191
3189
192
197
199
209
179
169
914
913
945
3323
3265
3305
3306
3109
3107
3099
3197
3188
3139
205
215
211
901
903
901
900
921
950
949
951
3266
2086
3307
3277
3090
3094
3093
3094
3138
233
241
245
1010
907
936
951
937
3267
2085
2086
2083
2110
3090
3095
3151
235
226
246
1009
1017
907
943
939
2167
2170
2080
2087
2105
2081
2106
2195
2203
1987
1991
1951
227
225
1951
1947
1021
1703
1773
1018
941
1665
2095
2093
2107
2107
2195
2193
2201
2202
1986
1989
1950
1949
1946
1707
1775
1677
1666
1669
1666
2075
2094
2061
2199
2199
2197
1999
1989
1997
1986
1996
1936
1949
1945
1978
1766
1667
1669
2129
2077
2060
2063
2198
2345
2317
2317
1999
1996
1909
1955
1903
1901
1755
1753
1759
1759
1675
2079
2077
2487
2435
2347
2349
2314
2316
1909
1905
1895
1911
1903
1901
1631
1627
1756
2069
2439
2433
2435
2351
2357
2351
2332
2333
1859
1882
1911
1893
1894
1894
1629
1626
1631
1625
1621
2498
2499
2438
2447
2350
2358
2393
2395
2392
1857
1861
1882
1837
1861
1837
1642
1653
1626
1620
2519
2519
2519
2437
2443
2446
2414
2386
2385
2392
1795
1801
1793
1839
1835
1834
1652
1655
1613
1609
2512
2515
2442
2454
2451
2415
2370
2387
2389
1792
1795
1839
1837
1662
1651
1661
1613
1612
3498
3525
3525
3533
3532
3569
3571
3399
3733
51
60
61
660
641
642
3505
3527
3547
3575
3574
3577
3578
3395
3395
3732
39
39
50
62
5
645
643
3494
3503
3543
3419
3410
114
33
37
18
19
2
753
655
653
3494
3493
3545
3579
3419
3421
3422
3422
3423
117
118
37
21
22
21
755
758
3491
3327
3327
3317
3315
3229
3179
3421
3159
127
120
30
27
759
758
757
742
3327
3495
3315
3118
3180
3179
3171
3155
123
192
121
218
914
731
3322
3318
3111
3105
3167
3137
195
193
197
211
219
915
923
947
944
3108
3108
3074
3142
3139
207
207
210
219
1010
923
957
950
3311
3307
3085
3091
3075
3149
3143
3141
251
243
1011
1015
1017
936
3299
3089
3079
3077
3151
3148
234
225
1013
1019
1017
1019
937
2085
2194
2205
3076
1987
227
226
1951
1771
1021
1774
939
2091
2095
2089
2101
2103
2111
2106
2206
2207
1985
1988
1993
1951
1946
1771
1773
1747
1665
2073
2060
2102
2063
2206
2203
1994
1997
1939
1941
1945
1767
1752
2079
2059
2061
2309
2305
1937
1936
1941
1766
1752
1755
1757
2079
2077
2069
2341
2349
2335
2310
2319
1876
1863
1889
1891
1643
1765
1757
2071
2338
2327
2333
2332
2328
1875
1875
1883
1889
1893
1895
1643
1641
1627
1619
2523
2434
2445
2325
2327
1875
1817
1893
1635
1634
1631
1611
1617
2515
2517
2453
2461
2450
2460
2413
2457
2395
1792
1817
1839
1650
1655
1607
1615
1611
2513
2455
2453
2450
2410
2411
2411
2386
1806
1793
1819
1649
1650
1651
1633
1605
1611
3535
3570
3402
47
49
661
641
3529
3541
3573
3395
63
3503
3551
3413
37
3502
3165
3413
3410
19
730
652
3162
3167
3159
127
127
120
23
759
729
3491
3315
3317
3163
201
9
925
956
3309
3313
3119
3167
3154
198
223
923
927
959
3310
3305
3109
3143
3138
243
221
209
997
955
3074
3075
3148
250
253
1023
1007
921
2110
3079
3145
3147
241
243
1012
1023
1018
2091
3145
2015
1771
1002
2101
2207
2205
1991
1943
2014
249
1947
1751
1749
2102
2103
2251
2311
1995
2307
1943
1762
1765
1753
1747
2072
2342
1993
1939
1937
1899
1763
1730
1748
2070
2057
2309
2335
2309
2329
1877
1903
1647
2071
2339
1876
1887
1642
1645
1644
1617
1620
2067
2463
2331
1803
1883
1821
2521
2460
2325
2401
2393
1818
1606
1605
2515
2453
2414
2415
2410
2403
1803
1817
1637
1639
3499
3735
660
3497
3403
1
1
655
3550
3537
3540
35
753
653
3543
3163
3
755
3119
9
925
200
927
3297
3111
200
217
927
3310
205
252
213
218
1003
3311
3087
3081
3142
3299
3299
2109
3076
251
1023
1007
953
2254
1745
2099
2255
2254
1923
1751
2075
2048
2249
1941
1767
1729
2059
1731
2070
1879
1877
1899
1756
2341
2326
2329
2331
2405
1873
2523
2523
2338
2327
2327
1873
1818
1891
1645
2461
2457
2402
1635
2449
2403
1806
3498
3532
3569
3735
50
5
663
3535
3571
3411
3403
3405
3489
3413
3393
3411
35
17
2
735
3489
3165
3409
29
925
3301
3118
27
3303
3309
3302
223
999
954
3306
3105
3141
999
3083
255
252
221
955
3144
249
1015
1013
1002
1921
1774
2111
2255
1921
2072
2249
1995
1994
1943
1748
2073
2049
2305
1729
2059
2342
2310
1886
1779
1777
1731
1879
1644
1621
1881
1619
2521
2527
2401
1801
1606
2517
1807
1639
1607
3401
47
3537
35
7
5
3502
3537
3405
18
3488
3165
3117
11
735
3303
3162
3153
3157
123
731
730
956
3155
222
995
3297
3113
996
954
3149
996
3087
3077
250
3144
2014
2091
2097
2097
2251
1775
1746
2049
2048
1763
1762
2051
2343
2013
1886
1778
1749
1898
1623
1623
2065
2067
2339
2328
1885
2323
1885
1634
2527
2459
1821
1603
2409
2401
1819
1637
3529
3533
3402
3451
51
659
663
3540
659
661
657
3541
33
7
3491
3415
3415
43
11
3161
29
3154
201
3302
223
995
957
3113
3073
1003
3085
3081
3083
255
253
1012
997
1005
2089
1007
3087
3083
3147
2015
1927
1923
1769
2099
2013
1923
2051
2251
1769
1729
2311
1730
2065
2057
2343
1898
2337
2323
1887
1647
2463
2405
1873
1891
2525
2459
2457
2406
1803
1639
1603
2459
1805
1807
1601
3450
659
3531
3531
3451
3449
7
3501
3539
3415
657
3134
3407
3426
3407
11
671
3431
3301
3115
3407
9
3115
3157
203
223
3157
203
994
994
1005
3081
1789
1005
2055
2099
1927
1745
2053
2253
2253
2241
1921
1761
1769
2053
2240
2241
2013
1777
1733
2249
2307
2001
1779
2067
1897
1782
2527
2321
1603
1619
2406
1823
1601
3531
1142
3391
3450
3454
669
3539
13
669
3430
3453
657
671
3431
3426
3427
3134
3383
3427
3367
3453
967
671
3124
684
965
3125
3124
3365
3365
963
965
3125
3364
3085
3364
1925
1789
2243
1925
2055
2243
1933
1933
2005
1789
4015
4005
2005
4015
3369
2007
2001
2245
2245
2001
1733
3353
1743
2245
2321
1815
1810
1811
478
2247
2247
1815
1823
2525
2525
2407
2407
1813
1813
1823
1637
3133
3133
3391
3379
2271
13
3391
3381
2269
3425
3377
3381
3359
3453
3383
3383
3381
3355
3429
3429
3367
3361
3363
967
962
1533
3361
3363
3363
966
963
965
1533
1326
2243
1935
1790
4007
1931
4005
982
1739
4014
1739
1737
4014
863
863
863
2003
2003
1739
1327
4011
2246
2006
1810
1809
4011
1743
1181
1811
478
1340
1743
1814
1181
477
3437
3376
3379
3389
3389
2271
3439
3376
3377
3389
4075
3359
3439
4075
4077
3359
3425
4077
3429
3355
2297
4073
3355
2301
2150
2151
3361
2301
962
2150
1935
44
961
4007
1931
1930
989
989
3131
969
1737
4007
989
559
983
982
979
983
981
981
479
4009
473
479
4008
4009
477
3437
4079
4094
4085
4085
4079
2271
3439
3434
4078
4078
2270
3434
4077
4083
3455
3351
3345
4012
4073
1501
3351
3352
1501
3349
3349
2297
4073
41
2297
4074
1929
1935
2150
1929
969
2299
3131
969
991
559
3129
686
991
2983
977
975
4001
979
975
3121
979
4001
3127
2989
457
4003
3127
3123
3123
687
473
2921
687
2920
3294
3123
473
4095
971
4095
4094
4085
4081
4093
4083
4082
4081
4013
3345
3339
4013
3435
2431
3347
3347
3339
3435
2431
4012
45
3350
3349
1781
3295
3341
2299
2299
1781
1786
2149
2979
3131
990
2982
2979
970
977
975
2983
2977
2977
3121
973
4003
4002
3121
2989
457
973
973
734
3895
3895
2991
453
453
2265
1342
4055
4055
4054
4053
2265
2267
2267
993
4046
4045
4045
2429
4041
2429
3337
2303
3336
2295
1479
2745
2751
623
3340
3340
3341
2295
2289
3447
1497
46
2979
3473
1038
2987
3357
3473
4087
1791
2981
2987
459
2981
2977
2985
2987
459
1500
4087
2985
454
2417
3895
2990
2985
2417
3005
3004
453
2418
3455
2991
3005
3292
4054
4051
1001
4051
2267
4046
4045
1496
4047
4041
2747
3338
3337
2303
2745
623
2295
2749
2751
3343
2302
2302
4033
3447
2293
2293
2749
3447
3333
2289
3443
2289
3443
1341
1791
639
459
3903
463
3445
3903
3004
454
2417
3903
2893
3901
1237
1529
4051
2263
2257
2257
2262
4047
1199
2741
1182
1037
1199
4043
2747
2742
2742
1183
1535
4043
2743
4035
4035
3343
4033
2749
3333
3335
3333
1478
2291
2291
4091
4071
3441
4091
3334
3475
1120
4091
3334
3475
455
3444
3445
1143
3899
1196
451
455
3899
463
3901
461
2261
2259
1325
2263
2258
2259
1325
4089
683
4089
4088
2262
2425
4039
4061
4039
2743
2741
1037
4034
1535
2739
2737
2737
4069
4069
4071
3335
15
2291
1337
1337
3441
3331
3331
3444
3897
451
3003
3897
462
1534
2287
2285
40
3291
2287
449
461
2011
461
1783
3128
2009
1787
1122
3385
1785
1785
2425
2008
2010
2007
4039
987
1197
4061
4063
2739
3114
2421
3371
4037
4037
2739
2421
4071
4069
3329
4065
3433
4065
3003
3001
4065
1741
2279
2287
3135
449
1783
2277
3135
2285
2285
1121
3387
3387
1499
1499
2427
3385
1787
2424
4057
4057
707
4057
4059
987
986
4062
1502
985
2422
1503
985
2419
2421
813
2423
1735
1735
3329
15
1503
685
4067
1489
4067
1039
1741
1039
2279
3003
1238
1479
783
783
42
2277
2277
2283
1338
782
2282
3375
2281
3375
704
3387
3385
1499
2275
2427
2427
4049
4049
4059
2275
4048
4059
1339
2273
707
1339
2273
682
1236
4063
3288
813
3357
1735
2423
4067
3370
3291
3368
3356
2278
2283
3375
2282
3373
3295
3293
3373
3290
