256
132
132
133
133
18
18
16
16
34
144
144
18
35
35
35
34
34
34
131
132
132
133
21
21
21
129
144
144
144
20
21
34
40
129
191
180
180
20
21
21
41
41
40
191
182
180
180
25
25
41
41
186
182
183
180
29
25
25
25
25
41
41
40
191
186
186
183
183
25
24
42
43
219
219
191
186
186
183
24
24
27
27
42
43
219
219
216
216
208
70
24
70
216
216
208
208
70
70
91
216
211
208
71
95
217
217
211
211
209
209
209
67
67
95
94
232
217
233
211
211
78
78
78
67
67
94
94
94
94
232
233
233
250
250
78
78
78
78
81
94
81
232
232
236
73
81
236
237
250
251
74
83
83
83
81
81
80
80
238
238
237
237
251
73
83
80
238
237
237
237
251
251
75
75
73
82
83
83
80
131
131
131
131
131
131
132
132
133
132
133
133
144
144
18
18
18
16
16
16
35
35
35
34
34
34
131
131
132
132
132
133
132
144
144
18
18
18
16
16
16
16
35
34
34
34
34
131
129
129
129
132
133
133
144
144
144
144
18
20
18
20
20
21
21
35
34
34
34
34
34
129
129
129
132
133
133
133
144
144
20
20
20
21
21
41
35
41
40
40
129
129
129
129
129
191
191
182
180
180
180
20
180
20
25
21
41
41
40
40
40
189
189
191
182
191
182
182
180
180
25
25
25
25
25
25
41
41
41
40
40
40
40
189
189
189
191
191
191
182
183
180
29
25
25
25
25
25
27
41
27
41
40
40
40
189
189
191
191
186
186
183
183
183
29
25
24
24
27
27
27
42
42
42
43
219
219
219
191
190
186
186
186
183
183
183
29
29
24
24
24
24
27
27
27
27
42
42
43
43
219
219
216
186
208
183
208
208
208
70
70
24
27
27
27
27
27
89
43
43
91
219
216
216
216
216
208
216
208
208
208
208
208
208
208
70
71
71
70
70
65
65
65
65
65
89
91
91
217
217
216
216
216
211
211
208
209
209
209
71
71
67
67
67
67
67
95
95
94
91
217
217
217
211
211
211
211
209
209
71
71
67
67
67
95
95
95
94
94
94
217
233
211
211
209
209
209
209
78
67
67
67
67
94
94
94
94
232
232
233
233
233
233
233
233
236
250
250
250
78
78
78
67
81
94
232
232
232
236
236
236
250
250
250
74
74
74
74
78
78
78
81
81
81
81
80
80
80
232
238
238
237
236
236
236
250
250
250
74
74
74
73
73
73
73
73
81
80
80
238
238
237
237
237
237
251
251
75
75
74
73
73
82
82
83
83
83
83
80
80
238
238
238
237
239
237
237
237
251
251
251
75
73
73
82
83
83
80
80
80
80
80
238
132
35
131
131
131
132
132
133
133
144
144
19
18
19
19
19
16
16
35
35
35
35
34
34
33
131
131
131
131
131
132
132
133
132
133
133
133
145
144
144
18
19
18
16
16
35
35
35
34
33
33
131
130
128
132
132
133
133
144
144
18
18
18
18
18
20
18
21
21
39
35
39
34
33
33
129
129
129
128
129
129
134
144
144
20
20
20
21
21
39
34
39
33
33
33
129
129
129
129
191
133
191
182
182
182
180
180
180
20
20
20
21
21
39
41
41
40
40
189
191
191
191
182
182
180
180
31
25
26
41
41
40
40
189
189
191
182
183
183
29
25
25
27
26
27
42
41
41
189
189
189
191
190
190
190
186
186
182
182
29
29
24
24
26
24
27
42
42
42
42
42
43
43
219
218
218
190
186
186
186
186
183
183
183
29
29
29
24
24
24
24
27
27
42
42
42
43
218
216
186
186
208
178
208
70
24
24
70
24
27
89
43
91
219
219
218
216
216
210
210
208
208
208
70
70
71
65
65
65
65
65
65
89
89
91
219
219
219
217
216
210
211
208
209
209
71
71
65
65
67
65
89
95
91
91
217
219
217
217
217
217
211
217
211
211
211
209
71
71
67
66
66
67
95
95
94
94
217
233
233
211
211
209
209
79
71
78
78
66
67
95
94
94
232
233
233
211
209
250
209
209
74
78
78
77
95
95
94
81
94
232
232
232
232
233
236
236
236
250
250
250
250
74
78
74
78
78
77
81
81
81
81
80
232
232
232
232
236
236
236
250
250
250
74
74
74
73
73
82
81
81
80
80
80
238
238
236
237
251
251
75
75
73
73
73
72
82
82
83
81
80
238
238
238
238
238
239
237
239
237
237
237
251
251
251
75
75
72
72
82
72
82
82
83
82
83
83
83
83
80
80
82
83
130
131
130
130
130
131
135
132
132
135
135
145
145
145
19
19
19
19
16
16
38
35
35
35
32
32
33
33
33
33
130
130
135
135
135
133
145
145
19
19
19
19
19
16
38
39
33
33
130
130
131
128
128
134
134
134
134
145
145
145
18
18
18
20
21
39
39
34
39
33
33
130
128
128
128
128
134
134
134
134
180
180
18
20
23
21
21
21
39
39
39
39
33
33
129
128
188
182
182
181
180
181
20
20
22
21
39
39
44
36
36
188
188
188
191
182
182
181
180
31
31
20
22
22
22
26
22
46
46
46
40
44
40
189
189
189
188
191
190
190
179
182
182
180
180
31
31
31
26
41
46
44
40
189
189
189
190
190
179
178
182
178
29
178
31
31
26
26
26
42
42
42
43
43
43
219
218
218
218
190
186
186
186
178
178
178
178
30
29
26
26
42
42
43
43
218
218
218
218
186
215
214
214
70
70
30
70
30
24
65
65
42
88
89
91
91
218
218
216
216
210
214
214
214
70
70
70
71
65
65
65
65
89
89
91
89
91
219
219
217
216
210
210
214
214
214
71
71
71
71
65
65
64
65
89
89
89
89
91
217
219
210
211
210
209
212
71
213
71
71
71
71
66
66
66
95
89
89
94
234
217
234
233
210
210
210
212
213
79
66
66
66
95
95
93
93
234
234
234
234
233
233
211
249
250
249
79
79
79
78
77
77
77
95
93
93
93
234
234
232
232
235
233
233
236
249
249
250
250
74
79
79
77
81
82
84
232
232
235
236
236
236
249
74
74
75
74
73
77
77
82
82
81
81
234
232
238
236
236
236
251
248
75
75
75
72
72
72
72
82
83
82
80
87
238
238
238
239
239
248
251
248
251
75
72
72
72
72
82
82
82
82
83
83
87
87
87
87
237
87
130
130
130
130
135
135
135
135
135
145
145
19
19
19
17
17
16
16
38
38
38
32
32
32
33
130
130
135
128
130
135
145
145
145
145
145
145
19
19
17
17
16
16
16
38
32
32
33
130
130
128
134
134
134
134
145
145
19
19
17
23
23
17
38
39
39
39
38
33
33
128
128
128
128
134
134
145
147
23
23
23
23
39
39
37
36
36
188
188
128
188
128
188
179
181
181
181
181
181
181
181
23
22
23
22
22
22
22
22
39
39
46
36
36
36
188
188
188
188
188
188
190
179
181
179
181
181
31
31
22
22
22
46
46
46
44
44
44
189
188
188
190
190
179
179
179
179
31
31
31
31
30
31
30
26
46
46
46
44
44
189
189
190
190
179
178
178
31
30
26
26
26
46
44
45
218
218
218
190
190
178
178
178
178
178
30
30
30
26
26
47
47
45
45
45
218
218
221
190
215
178
178
178
178
30
68
68
68
68
64
64
47
88
47
47
45
91
218
218
223
221
210
215
215
214
214
214
69
69
68
68
68
64
64
64
88
88
91
91
223
223
222
216
210
210
210
214
214
214
69
69
69
64
88
88
88
88
89
89
90
219
217
223
217
217
222
210
210
210
210
212
212
213
69
69
69
64
66
88
89
89
89
90
89
234
234
234
235
210
210
212
212
212
213
79
69
69
79
66
66
92
92
92
93
93
93
234
234
235
235
249
249
79
79
79
77
76
76
77
77
92
92
93
93
93
234
234
235
235
235
235
254
249
249
249
79
79
79
79
79
77
77
77
77
84
84
84
84
234
234
235
235
235
249
249
249
249
74
74
76
77
77
77
86
84
84
84
84
84
225
234
239
239
239
248
248
248
248
75
75
75
72
72
77
86
86
87
87
87
225
238
239
239
239
239
248
248
248
248
75
72
72
72
82
86
86
87
87
239
138
33
136
130
136
130
138
138
135
145
148
149
149
149
149
149
149
17
17
17
17
38
38
38
32
32
32
32
32
32
130
136
136
138
138
135
148
145
149
17
17
17
17
17
17
16
38
38
32
32
32
137
137
137
138
138
134
134
134
147
147
147
147
17
23
23
38
38
39
38
37
36
128
137
128
137
128
128
128
134
134
134
134
147
147
147
147
17
23
23
23
23
37
37
36
188
188
188
164
164
164
179
181
181
23
23
23
22
23
37
37
37
36
36
167
164
164
179
179
179
181
177
181
23
31
22
22
22
22
46
46
46
37
44
188
167
167
164
179
179
177
31
31
31
31
30
26
26
26
26
46
46
44
44
44
188
167
190
190
190
177
179
179
177
178
30
30
30
30
30
26
46
47
44
45
44
45
218
166
190
221
221
221
178
178
30
30
30
26
26
68
47
47
47
45
45
218
221
221
221
221
215
176
215
178
11
30
68
68
68
68
68
64
64
45
90
223
223
221
221
221
221
215
215
215
214
124
69
68
68
68
64
64
88
88
88
88
91
91
223
223
223
222
222
221
221
215
215
215
215
212
69
69
69
68
64
64
88
88
90
223
223
222
222
222
215
212
213
69
69
69
64
64
88
88
88
90
90
90
90
234
222
222
210
212
212
212
212
127
69
76
76
64
92
92
93
90
234
234
235
235
235
254
254
249
255
79
127
79
76
76
92
92
92
92
93
224
224
235
235
235
235
235
254
254
254
254
249
249
249
79
76
76
76
77
84
84
84
84
224
224
225
235
226
235
235
254
249
249
249
75
79
107
77
76
86
84
84
84
84
225
225
225
226
239
252
248
248
248
248
248
107
75
72
86
86
86
86
85
84
225
225
225
225
239
226
239
239
239
248
248
248
248
248
248
107
72
106
72
72
72
86
86
86
86
85
85
85
136
136
136
138
138
138
138
148
149
148
149
149
149
17
5
5
5
38
32
58
32
32
32
32
59
137
137
136
138
138
138
138
148
148
149
149
149
150
17
5
38
61
61
58
32
59
59
137
137
137
137
139
139
138
148
147
149
150
150
17
17
5
5
4
38
61
38
37
36
59
167
137
139
139
139
134
168
151
151
151
4
4
23
23
4
4
37
37
37
37
37
36
36
59
167
164
164
164
164
164
164
164
164
168
181
168
168
181
181
181
23
22
4
4
37
37
37
36
36
167
167
164
164
164
171
179
179
177
177
31
9
22
4
15
22
15
37
37
36
36
36
167
167
167
164
179
179
177
177
177
177
9
30
9
30
8
46
46
44
44
44
166
166
166
166
165
165
177
176
177
177
11
11
8
8
8
47
47
47
47
47
44
44
221
166
221
177
221
177
176
176
176
176
176
11
11
8
8
47
47
47
47
223
223
221
221
220
220
220
176
11
11
68
11
68
68
68
116
47
48
45
90
223
223
223
221
220
220
215
176
215
124
124
124
124
68
116
90
223
223
223
222
220
222
215
215
215
124
124
124
68
68
64
64
116
116
116
88
90
90
90
222
222
222
222
215
215
212
212
124
127
124
69
64
64
92
90
90
223
227
227
227
227
222
215
215
212
212
212
212
127
127
69
64
92
92
90
224
224
227
227
254
255
212
127
127
125
76
110
76
92
92
97
224
227
227
227
227
254
254
255
255
249
255
249
107
111
110
76
110
92
92
92
84
92
84
85
224
224
224
224
226
226
227
254
254
255
253
255
107
106
106
106
86
98
98
85
85
85
85
225
225
226
226
239
252
253
253
253
107
107
106
107
106
106
98
98
86
85
85
85
85
225
225
226
226
226
226
239
252
252
252
253
253
107
106
107
106
106
86
86
98
86
85
85
252
86
138
149
136
136
136
138
138
138
148
149
148
149
149
150
150
5
5
5
58
58
58
58
58
59
59
59
136
136
136
136
138
139
148
148
149
149
150
5
5
61
61
61
59
58
59
59
59
137
137
137
139
148
148
151
150
151
5
5
4
4
4
61
4
61
61
61
59
59
59
137
137
137
139
139
139
168
168
151
4
4
4
61
61
61
167
167
164
139
170
171
168
168
168
169
151
4
4
4
4
37
63
36
36
63
167
167
167
164
164
171
168
168
168
169
168
169
177
9
9
15
15
15
46
63
37
36
63
167
167
165
165
165
171
168
168
177
9
9
8
15
46
47
44
166
166
166
166
165
165
171
177
176
177
11
9
11
8
8
47
48
44
48
48
48
48
166
166
166
165
220
177
176
176
176
11
11
8
8
8
8
47
48
48
48
223
223
201
220
220
220
220
220
192
176
176
176
176
176
11
124
11
124
8
117
117
47
48
48
48
200
223
222
201
220
220
220
220
220
192
192
124
124
124
124
124
117
117
116
116
117
115
117
115
115
115
200
222
200
222
220
192
192
126
124
124
125
117
116
116
116
115
200
200
200
222
222
220
192
193
193
127
124
125
125
116
116
116
116
116
116
114
114
224
224
224
222
227
254
192
193
127
127
125
125
125
116
116
116
114
114
114
90
224
224
227
254
254
254
255
255
255
255
255
127
127
127
111
110
110
97
97
97
97
97
224
227
227
227
254
254
255
255
255
255
107
255
127
109
111
110
110
110
110
98
96
97
224
224
226
226
252
252
253
253
107
107
111
110
110
98
98
98
96
96
225
225
226
225
226
252
252
253
253
107
106
106
106
98
98
98
85
96
225
225
226
226
252
252
252
252
253
107
107
106
106
106
106
106
106
98
98
98
98
85
85
225
253
85
150
136
136
136
136
138
139
148
148
149
150
150
150
5
5
5
58
58
58
58
58
59
59
136
136
136
139
139
148
148
149
150
150
150
150
150
5
5
5
58
4
58
58
58
59
136
137
139
139
139
151
151
151
151
150
5
7
5
61
61
61
61
60
60
59
59
143
137
143
137
139
139
139
168
151
168
151
151
151
7
7
7
4
4
61
60
61
60
63
59
62
167
143
143
164
164
170
170
170
168
168
168
169
169
151
7
7
7
15
15
60
63
63
167
167
167
171
171
171
171
171
169
169
169
169
169
169
6
9
15
15
15
15
15
63
63
63
63
63
167
166
166
165
165
171
171
171
168
169
9
9
9
15
15
54
15
54
63
63
63
166
166
166
166
165
165
171
171
168
169
9
9
9
8
8
54
49
166
165
165
172
220
172
176
176
11
11
11
10
8
8
8
54
54
48
48
48
48
201
201
220
220
192
176
176
176
11
176
11
11
8
117
117
54
48
48
201
201
220
192
192
192
192
192
126
124
124
117
117
117
117
117
117
115
115
115
200
200
200
203
203
192
192
192
192
126
126
126
125
125
125
116
117
115
115
115
200
200
203
203
192
193
193
193
127
126
125
125
125
125
116
116
114
114
114
200
200
228
254
240
193
193
255
127
127
125
118
110
118
114
114
114
228
224
231
228
227
227
254
255
255
127
127
127
127
111
110
110
110
99
99
99
97
97
97
97
231
231
228
227
254
240
255
244
109
111
110
110
99
99
97
97
231
228
241
241
252
252
255
244
109
107
109
109
106
110
110
99
98
96
96
97
231
231
231
225
226
226
252
242
241
252
244
244
107
107
106
106
105
99
99
98
98
96
96
225
230
226
226
252
252
252
252
252
253
253
107
107
107
107
105
105
105
105
99
98
99
98
99
96
96
96
96
156
57
141
141
141
148
148
148
148
150
150
153
156
156
156
3
2
2
2
2
58
58
56
56
56
141
141
141
141
139
154
154
150
150
156
156
5
5
2
2
60
58
56
59
56
143
141
139
143
139
148
151
151
151
156
150
7
7
7
7
7
2
2
60
60
59
56
143
143
143
155
152
151
7
7
1
60
60
62
143
163
143
143
143
170
170
170
170
170
169
169
151
151
6
6
7
7
1
63
60
63
62
63
163
163
165
163
171
170
170
170
169
169
169
9
6
15
15
15
15
63
62
63
63
62
163
166
163
165
163
171
171
171
171
169
174
169
169
12
169
9
9
9
12
9
15
15
54
63
49
49
162
166
165
165
165
172
172
174
174
174
10
10
9
8
14
15
54
54
49
49
162
165
172
172
172
174
11
10
10
10
10
10
8
53
54
54
54
54
54
48
49
49
201
201
201
201
165
172
11
10
10
10
10
10
8
117
54
48
49
48
49
201
201
201
201
203
192
192
192
192
193
126
10
126
120
120
120
117
117
117
117
115
115
115
200
200
200
203
203
203
192
193
126
126
125
125
120
118
117
118
115
115
115
200
200
200
202
203
203
203
193
193
193
126
193
126
125
125
125
118
118
118
118
114
114
114
114
114
114
228
200
228
240
240
247
126
126
126
126
126
126
125
125
111
118
118
114
114
228
228
240
228
240
240
240
240
240
127
247
126
126
125
111
111
111
110
99
97
97
97
97
103
231
231
228
228
228
241
240
240
240
244
244
109
109
109
109
111
111
110
97
97
97
97
231
228
228
228
242
241
241
240
240
244
244
244
244
109
109
110
110
99
98
96
97
96
231
231
231
230
242
242
242
242
240
244
244
244
105
105
105
109
105
105
99
99
96
96
96
230
230
230
230
242
242
242
242
242
245
244
244
245
105
105
105
105
105
99
99
99
99
98
96
96
96
141
141
141
141
141
154
154
154
153
153
156
156
3
2
2
58
57
56
56
141
141
141
141
154
153
153
153
156
3
2
2
2
57
56
56
56
142
143
143
143
155
152
154
152
153
153
7
1
2
1
0
60
60
56
56
142
143
142
143
143
143
143
152
152
152
6
6
7
7
1
1
60
60
62
62
56
142
163
143
163
170
152
152
152
6
6
6
6
7
62
60
62
163
163
170
170
170
170
169
174
6
12
12
12
12
7
14
7
1
1
55
62
163
162
162
170
171
171
174
174
174
12
12
12
14
14
14
54
55
51
162
162
162
162
173
171
172
174
174
174
12
12
14
54
54
54
54
54
49
49
49
162
201
162
162
173
172
172
172
174
10
13
14
53
54
49
55
49
162
201
201
203
203
172
172
172
10
10
10
53
52
52
49
49
200
201
201
201
203
203
203
203
193
126
123
120
10
10
120
118
52
117
113
52
48
113
201
202
202
203
203
193
193
193
126
123
120
120
120
118
118
115
115
115
115
200
202
202
203
193
193
123
126
123
123
122
122
120
120
118
118
114
113
228
202
228
203
193
240
247
247
122
122
122
120
118
111
112
114
114
103
114
229
228
240
241
240
240
247
247
111
111
111
111
111
111
100
103
103
229
228
228
241
241
240
240
244
244
109
109
111
108
108
99
99
97
97
103
103
231
231
228
242
241
240
244
244
244
109
109
109
104
109
104
100
101
102
102
230
230
230
230
242
242
242
244
244
244
105
105
104
104
104
99
101
101
102
102
230
230
242
242
242
242
245
245
245
105
105
104
104
101
101
101
102
102
141
141
141
140
154
154
154
154
156
3
2
2
57
56
56
141
141
155
154
154
154
154
153
153
156
3
3
3
2
0
57
56
142
140
155
152
153
6
3
3
1
1
0
60
56
56
142
142
155
155
152
152
152
152
153
6
6
3
1
1
1
60
60
142
163
163
163
161
170
152
152
152
6
6
1
1
60
60
62
62
163
142
163
170
170
174
152
175
6
12
6
14
62
62
163
163
162
173
174
174
12
12
12
14
14
55
55
55
49
173
173
172
174
174
12
12
14
14
53
55
55
49
162
162
161
173
172
175
174
175
13
13
53
53
52
49
162
203
172
172
175
175
10
13
53
52
52
52
49
202
203
193
172
123
10
10
120
118
53
113
49
201
202
202
202
202
204
204
193
194
123
123
123
123
120
118
113
113
115
202
202
202
204
194
194
123
123
122
120
118
118
113
229
202
229
247
247
122
122
118
118
112
112
112
229
229
229
241
241
247
247
247
122
109
122
108
100
112
103
229
241
246
246
247
247
108
108
108
108
108
108
100
100
103
103
229
243
243
243
245
109
104
108
100
100
100
102
102
230
230
243
243
243
243
242
243
245
105
104
104
101
101
102
102
102
230
242
242
243
245
245
245
245
105
105
104
101
101
101
101
102
102
140
154
154
3
3
57
56
140
155
154
153
2
142
155
152
3
142
155
152
153
1
62
56
155
170
152
6
6
6
1
60
62
142
163
163
174
12
0
55
55
162
163
161
174
174
12
14
55
55
55
162
162
173
174
174
13
14
14
53
55
172
173
175
13
13
53
52
52
204
173
175
175
13
13
53
52
52
201
175
123
119
49
204
194
194
123
122
123
13
120
113
113
202
204
194
247
123
247
122
119
118
112
113
202
241
123
122
122
119
119
112
113
229
229
247
246
247
247
108
111
100
229
241
108
108
100
100
100
103
103
229
243
245
104
108
100
230
243
246
245
245
104
102
102
230
243
243
243
245
245
104
104
101
101
140
156
57
140
154
0
0
56
143
155
155
3
60
56
155
152
0
60
161
0
55
12
55
160
173
13
14
55
162
12
13
12
14
52
162
173
173
175
161
161
204
173
13
52
52
49
194
113
204
204
194
120
113
202
204
194
119
119
113
204
112
229
122
122
119
112
241
246
246
246
245
108
229
229
243
246
246
108
104
108
100
243
243
245
101
243
245
104
140
155
154
156
3
0
57
140
154
153
153
153
142
153
153
153
3
1
0
62
142
155
152
1
55
161
161
1
163
162
161
14
53
55
161
173
175
53
173
13
13
14
52
175
13
53
53
52
120
113
204
194
122
202
194
123
123
122
113
202
204
247
112
229
241
247
122
119
112
112
108
100
103
109
102
230
230
245
104
102
230
104
101
102
154
3
155
3
0
0
142
140
156
1
142
155
155
0
62
160
175
175
175
6
62
62
55
175
14
55
161
173
53
55
175
53
161
172
13
175
123
202
202
204
194
113
113
204
204
119
119
204
241
122
122
119
113
122
103
103
229
229
241
247
108
246
108
100
230
243
100
102
245
245
104
101
140
140
154
156
3
57
57
155
57
57
57
155
3
0
142
153
153
3
0
155
1
175
12
161
14
53
55
161
173
52
161
173
173
13
13
53
53
52
204
52
173
173
175
123
120
120
119
204
123
120
204
194
113
112
247
112
229
229
241
119
241
246
108
100
243
246
108
108
230
243
243
246
104
100
102
243
104
104
102
156
57
140
140
156
156
0
142
140
153
57
157
156
160
156
0
57
160
160
161
156
0
161
175
13
14
157
13
53
53
52
173
119
52
204
204
121
113
204
194
194
194
120
119
113
204
194
194
123
119
112
194
247
121
119
229
119
112
230
246
102
102
246
100
102
140
76
187
156
227
57
140
0
57
160
157
57
57
160
160
157
157
187
157
157
157
50
50
161
38
50
161
161
157
157
50
50
161
157
161
157
121
119
194
121
204
194
121
121
121
119
157
146
121
157
159
121
121
195
194
121
112
227
88
195
246
101
103
103
29
195
195
100
100
231
231
246
246
101
101
100
101
159
159
187
187
159
0
187
185
159
160
187
187
185
157
187
187
187
185
160
160
157
187
187
50
50
92
187
187
187
50
50
50
92
67
194
121
119
146
121
146
51
112
157
112
112
157
51
51
51
121
121
112
76
146
195
121
103
103
146
88
85
103
29
66
88
103
85
29
160
187
187
185
185
159
160
187
187
185
198
185
160
198
198
185
160
198
160
185
205
198
185
205
213
213
187
205
50
213
121
2
50
146
121
121
45
45
213
50
112
146
45
51
51
51
51
51
51
51
29
146
29
29
146
146
29
160
198
207
207
207
198
159
160
160
198
198
159
160
198
207
187
185
185
142
198
95
185
185
95
185
185
205
198
3
205
198
121
121
213
121
50
205
213
50
45
51
213
51
45
206
51
50
146
51
50
253
51
146
253
206
28
146
253
253
253
62
29
159
62
251
251
253
29
207
45
207
207
207
207
207
207
207
207
142
185
184
142
160
135
185
185
184
160
135
142
3
185
185
95
135
184
205
205
95
93
213
206
213
45
206
206
50
51
50
206
206
206
253
50
146
146
253
206
28
50
50
38
196
196
207
28
28
231
93
158
158
158
158
231
231
231
51
158
158
159
135
158
135
184
205
184
205
66
198
198
51
184
184
184
205
205
146
86
2
206
214
87
206
227
214
239
76
206
206
28
206
206
206
206
28
87
239
206
28
212
196
207
206
212
207
207
28
212
226
207
207
227
158
214
45
214
231
158
159
76
158
158
198
184
184
205
198
51
205
198
198
184
205
205
158
146
205
205
198
146
184
205
140
205
140
77
76
37
28
196
28
213
196
207
28
212
196
159
196
87
76
214
195
195
195
195
158
79
196
87
73
79
158
198
196
196
87
87
158
196
158
158
184
158
198
184
184
184
76
205
205
157
147
140
157
184
214
95
157
184
214
28
213
213
66
196
66
28
28
196
28
196
28
195
195
87
195
195
195
87
159
58
159
159
195
199
158
197
158
196
196
73
158
87
196
196
196
147
147
147
184
0
205
87
87
140
184
184
213
196
28
246
196
28
86
195
195
2
224
195
28
28
66
28
91
251
76
70
93
183
93
93
199
85
75
70
158
43
66
197
197
196
135
197
187
158
158
196
197
147
147
184
147
224
147
246
246
147
66
199
195
140
28
91
199
140
195
195
66
183
183
93
93
199
183
70
199
197
197
43
197
197
43
43
197
91
43
197
91
43
197
197
45
197
90
90
184
0
90
57
147
66
147
73
66
73
199
246
75
84
61
61
2
199
199
199
93
61
199
159
199
159
51
183
183
93
146
199
199
197
197
197
146
197
197
74
146
43
74
146
45
95
197
199
45
199
90
197
147
213
199
199
213
199
199
159
199
159
206
251
159
199
