1024
808
565
565
573
573
589
584
808
787
601
601
584
815
815
815
786
791
791
546
568
571
802
803
813
789
551
569
611
610
610
802
803
852
551
568
609
609
875
872
892
850
851
853
525
608
609
612
875
873
850
851
538
538
616
613
613
879
879
879
873
851
851
855
525
538
543
617
617
613
877
870
860
527
527
525
543
543
617
877
869
869
868
858
860
526
527
494
494
233
232
877
254
487
495
233
232
241
254
223
495
492
493
232
241
196
486
491
493
493
347
240
241
199
197
196
220
352
486
359
346
242
137
137
249
197
219
218
218
218
353
352
358
335
335
136
136
144
197
184
219
191
353
353
333
139
184
368
368
332
331
131
185
157
157
185
189
189
188
375
380
368
372
329
128
189
375
372
372
330
330
329
329
128
128
156
180
180
180
181
560
561
560
561
561
562
565
564
573
564
573
601
585
589
584
588
588
808
808
808
814
814
810
787
787
786
786
561
561
565
565
571
570
571
600
585
584
588
800
809
800
809
808
814
787
789
787
791
561
546
546
568
571
570
601
611
600
585
600
587
587
800
800
801
803
812
815
789
789
791
791
791
551
546
551
568
568
569
611
611
610
587
801
802
802
803
813
813
850
852
853
550
550
550
548
548
548
535
608
609
610
612
612
612
874
803
850
850
852
852
853
524
550
539
538
538
608
609
609
612
613
874
874
875
875
872
873
850
851
848
852
853
853
855
523
524
524
525
539
539
537
616
613
613
879
875
878
873
873
871
851
870
848
855
855
855
524
524
525
541
537
536
616
616
618
619
879
878
878
871
871
870
859
859
859
860
526
526
527
525
512
542
543
543
617
617
617
619
876
877
877
865
865
869
868
870
868
858
858
861
861
526
526
512
543
457
617
233
233
235
235
254
865
869
869
869
868
868
221
858
860
223
484
484
495
495
492
494
492
494
456
457
457
233
457
232
232
254
255
254
254
255
201
198
199
201
198
221
223
222
487
487
495
491
492
492
233
240
240
241
241
248
249
249
199
199
199
221
220
222
223
486
487
486
493
493
346
346
347
240
241
248
249
249
199
198
219
196
219
220
220
486
356
493
358
346
346
335
240
240
137
248
249
197
197
196
218
219
216
352
353
352
359
356
358
358
358
333
333
335
136
137
139
250
197
196
218
353
353
352
359
359
333
333
335
334
130
136
139
139
139
144
144
185
185
184
184
189
191
191
354
369
369
369
368
368
332
331
332
334
130
131
130
139
131
158
158
157
185
188
190
380
375
369
369
368
368
330
329
329
130
131
128
158
156
157
157
185
182
183
188
188
380
381
375
374
374
372
372
373
330
330
329
128
128
156
156
180
180
181
181
181
181
181
375
564
810
560
560
562
567
564
564
603
601
585
589
585
589
589
588
809
809
811
814
787
784
786
786
560
545
562
562
562
571
567
570
570
573
603
601
602
600
585
584
588
801
809
811
810
814
784
788
785
790
545
545
569
569
571
570
602
600
600
587
586
587
586
587
801
801
800
805
812
812
789
790
790
547
546
547
544
547
548
569
611
610
586
874
801
802
813
813
789
788
793
790
793
547
550
549
548
549
548
535
535
608
608
614
614
615
874
872
872
892
813
849
848
854
853
550
549
539
534
636
535
637
615
615
887
875
873
849
848
855
854
523
523
539
537
616
618
615
879
872
871
867
871
857
849
848
523
522
522
521
541
541
539
542
536
537
537
619
876
878
878
866
866
871
856
857
857
859
859
861
861
526
527
513
541
542
542
536
543
617
618
619
619
876
876
877
865
864
864
866
856
858
859
861
513
494
542
456
457
618
235
234
864
865
255
865
868
221
858
213
480
480
495
494
456
456
456
449
235
235
255
255
255
253
201
200
200
200
221
221
223
484
484
480
487
491
489
457
448
232
243
246
248
253
201
194
198
198
220
222
222
487
482
482
482
491
491
491
490
490
461
347
243
242
246
251
250
194
198
193
216
223
217
486
360
356
358
344
347
242
242
248
250
250
250
192
192
217
217
355
357
357
345
347
345
344
348
134
146
146
145
192
192
219
187
216
354
354
365
354
356
357
333
345
333
335
334
334
136
138
134
138
144
145
186
184
187
191
190
381
354
354
355
371
371
371
331
332
328
134
135
135
159
159
157
186
191
191
190
190
381
381
371
331
330
328
130
129
131
158
158
159
155
155
183
183
188
381
380
380
381
375
374
374
374
373
373
373
321
321
328
328
129
129
129
156
153
154
154
154
155
182
183
183
179
179
154
182
183
563
566
810
563
563
563
563
563
562
567
567
567
605
603
604
607
577
591
591
591
809
811
811
814
784
784
784
785
784
785
785
545
544
567
553
605
603
606
607
591
591
590
591
590
805
811
830
785
790
545
544
544
544
552
552
570
602
602
602
606
586
586
590
806
805
805
812
830
812
788
788
788
790
545
552
556
552
555
552
569
602
611
614
614
586
806
806
804
804
829
828
830
830
793
792
793
547
549
555
534
636
636
614
625
882
804
882
892
828
793
832
793
795
547
549
549
534
534
636
637
614
615
882
883
895
883
883
895
895
849
849
854
854
854
523
522
521
521
521
521
534
534
637
637
637
615
887
878
883
894
849
833
832
863
522
522
522
512
537
530
621
620
620
623
620
886
867
867
866
866
857
857
857
863
863
862
527
513
513
517
512
542
531
536
536
621
621
623
623
876
867
866
870
856
856
862
862
513
517
512
513
458
459
459
449
235
234
864
252
864
864
201
200
202
207
213
212
213
480
481
488
489
458
448
449
448
234
234
252
252
253
253
201
200
202
209
213
213
222
480
482
488
489
490
461
448
448
246
246
247
247
247
253
202
194
200
193
209
209
209
208
482
483
460
461
461
347
350
246
243
247
244
246
251
251
194
194
193
210
211
217
360
490
361
357
461
461
344
348
243
137
251
251
192
193
216
217
217
365
365
361
360
356
345
344
344
348
348
137
141
147
146
145
145
148
193
187
160
160
365
365
355
355
362
357
357
339
345
345
332
334
141
138
146
145
187
186
160
355
366
355
370
371
370
370
320
134
134
135
135
138
150
159
152
186
186
190
383
376
376
370
370
320
320
325
328
132
133
135
159
153
159
152
182
152
178
179
383
383
383
376
373
321
320
321
328
324
129
129
133
153
154
155
155
155
182
182
176
178
179
179
373
176
718
716
566
566
566
597
604
605
604
577
577
577
577
577
822
811
817
817
810
816
781
781
781
782
719
719
566
553
716
596
605
607
607
607
579
576
578
590
821
821
821
821
817
831
781
782
785
557
557
553
553
596
605
599
606
606
590
590
805
805
807
821
829
831
830
778
783
792
792
556
557
557
553
555
598
606
625
807
807
829
807
829
831
794
792
792
556
559
559
559
555
555
532
598
636
639
624
639
624
625
806
806
804
880
880
829
895
828
828
832
795
795
795
558
558
559
558
559
533
532
532
636
637
630
631
625
882
882
883
894
894
895
833
833
832
832
839
839
523
520
521
533
533
529
530
637
630
631
887
887
887
883
894
891
835
833
835
839
863
520
518
531
531
530
530
620
622
890
890
891
835
863
862
517
517
519
519
531
530
530
621
620
623
623
886
886
886
890
890
834
856
863
862
862
517
516
517
512
458
458
459
621
622
623
622
225
227
227
227
227
206
206
206
206
206
837
212
481
481
481
489
458
458
459
449
449
234
236
247
252
225
253
203
202
202
207
207
213
212
483
481
488
489
462
462
463
451
448
449
244
247
252
202
205
205
210
210
208
209
208
483
482
483
488
490
497
460
462
460
460
451
351
244
245
245
245
251
195
205
211
211
211
208
208
364
361
360
361
460
460
350
350
348
243
143
244
147
147
195
195
193
210
172
211
211
171
364
361
363
349
349
141
141
142
147
147
149
148
148
172
175
161
161
161
367
366
362
362
363
338
339
349
349
349
141
141
140
138
140
146
145
150
148
187
160
161
163
366
366
376
378
338
339
325
325
134
135
140
151
150
150
176
187
163
163
163
160
382
383
377
378
378
323
320
320
324
132
132
133
133
151
150
152
176
178
178
178
382
383
376
377
379
379
322
322
324
324
324
132
133
153
153
152
177
176
178
179
379
716
771
718
718
716
714
597
597
604
594
595
604
607
580
576
576
576
576
822
822
816
780
780
781
781
783
782
782
719
719
717
714
597
597
594
605
595
579
578
820
821
820
817
817
816
780
783
783
771
719
705
717
553
596
596
599
598
599
593
592
579
578
820
820
831
831
830
831
778
792
557
705
557
705
554
555
554
554
598
598
599
599
592
627
627
579
626
807
829
824
826
826
794
794
556
556
558
559
554
554
532
624
627
625
807
824
880
824
828
799
794
795
798
558
533
554
532
529
638
624
631
624
625
881
881
880
880
894
895
888
833
799
839
520
756
518
533
630
630
630
631
631
887
884
881
885
891
889
891
888
835
833
838
839
839
520
518
533
528
529
528
529
628
629
622
884
884
886
884
885
891
834
834
835
837
837
836
836
516
516
518
519
519
621
622
622
228
890
891
890
226
834
834
837
837
836
516
502
519
479
479
459
478
450
228
228
225
227
226
227
226
206
902
214
507
507
502
502
479
459
450
450
450
450
236
229
225
225
224
204
204
204
207
207
207
212
212
481
506
507
506
497
489
497
462
463
463
451
451
451
236
237
245
224
203
204
205
209
214
483
483
497
462
452
351
351
244
245
245
195
195
205
210
210
170
170
170
171
506
361
497
497
462
350
351
350
351
143
142
142
147
195
172
174
171
171
364
364
363
361
363
337
336
336
341
340
143
143
143
149
149
173
172
174
174
161
364
367
366
363
362
363
337
338
337
339
339
339
341
349
140
140
151
149
148
175
175
162
161
367
367
367
362
313
377
338
338
339
341
325
132
140
85
151
151
150
162
162
162
163
382
382
377
317
378
323
322
323
325
325
327
86
86
85
17
177
177
166
166
163
382
309
377
309
377
317
379
379
379
322
323
322
327
327
86
87
87
133
87
17
153
177
177
166
165
165
165
718
718
716
717
717
714
712
714
713
594
595
595
580
581
576
823
822
823
816
816
780
779
780
780
779
783
782
775
775
704
719
717
715
715
597
594
594
593
593
595
580
578
823
819
817
819
777
783
769
769
704
704
705
704
715
596
715
592
593
583
583
579
578
822
820
819
825
777
778
778
769
769
759
705
705
708
681
681
599
592
592
626
626
626
967
820
825
824
825
826
777
778
794
769
798
769
756
757
756
757
757
757
681
681
681
680
638
697
698
627
627
626
881
880
824
824
826
777
798
798
797
756
756
757
532
683
682
638
638
627
631
881
932
881
967
889
889
889
826
799
798
797
797
755
755
755
763
529
529
628
629
629
933
884
885
894
888
888
835
838
838
839
752
752
752
753
763
763
528
528
628
628
629
629
933
884
885
888
891
834
896
838
836
836
752
519
519
528
479
528
478
466
466
466
628
465
228
231
226
897
897
897
896
516
507
503
502
476
479
479
467
467
470
228
229
229
228
229
226
226
124
897
902
902
505
505
503
502
472
463
467
470
470
236
229
229
224
124
214
902
507
507
504
499
503
496
472
472
450
470
236
470
237
225
224
203
204
126
126
56
56
214
214
214
170
506
499
496
452
452
451
469
237
142
237
224
203
205
173
170
170
506
511
498
498
498
496
452
452
452
469
351
343
469
90
142
173
173
174
168
364
364
312
337
336
343
90
143
113
149
108
149
173
172
169
305
367
313
313
312
313
337
337
340
340
341
343
343
91
91
108
151
29
173
175
175
175
174
174
167
308
308
308
313
314
315
338
336
341
326
341
84
84
84
85
162
29
30
166
167
167
167
309
308
319
319
317
323
327
326
326
81
86
85
84
16
17
16
30
166
166
165
165
309
309
317
317
317
316
322
264
323
327
327
81
87
86
87
17
17
16
30
166
165
164
164
264
17
712
581
718
717
712
713
713
713
657
595
656
581
581
582
582
823
823
818
818
818
779
779
772
774
775
775
707
706
706
715
706
713
715
594
656
580
580
583
975
974
818
819
819
776
773
772
773
768
774
707
704
704
708
708
709
659
593
593
583
583
975
975
966
974
819
960
776
776
777
773
768
768
711
708
708
709
709
680
697
697
661
967
966
966
825
777
768
759
759
710
681
682
697
697
698
701
626
964
967
967
963
963
826
796
798
797
758
758
757
761
681
682
698
699
698
699
699
701
629
932
962
962
963
963
888
1007
799
796
796
758
755
758
763
763
763
682
698
702
700
932
932
930
931
1004
896
797
753
752
753
765
762
762
672
672
702
700
933
932
933
930
896
896
898
898
903
903
903
753
752
753
765
476
478
466
466
465
230
230
230
231
931
931
897
899
902
505
505
753
501
501
501
476
478
478
466
467
467
465
230
470
231
231
125
125
124
897
899
901
903
902
504
503
500
505
501
503
501
476
472
473
468
471
471
231
471
119
125
125
124
57
57
58
57
901
901
504
504
504
500
500
473
475
471
115
115
115
115
126
126
57
57
511
509
511
499
499
496
472
475
468
469
469
112
114
115
126
127
127
56
56
56
56
168
511
511
511
499
498
263
474
474
415
112
113
113
113
127
127
52
168
168
168
168
510
304
312
312
315
263
263
263
342
342
342
342
343
91
113
108
109
109
52
169
169
169
169
305
313
312
314
315
315
257
340
342
340
343
342
90
91
91
109
108
109
29
29
48
169
305
305
314
257
256
326
90
81
83
84
108
16
31
31
31
31
26
308
311
319
308
319
265
256
326
81
84
18
19
19
30
30
167
26
309
310
319
319
318
316
316
264
264
265
80
81
82
85
82
18
16
19
19
30
25
25
164
164
310
265
164
582
707
707
712
712
712
732
713
657
656
581
581
665
582
973
972
972
972
995
779
772
774
772
772
774
707
706
732
657
659
656
582
662
583
664
971
975
975
970
974
818
974
776
773
774
711
706
709
709
659
663
662
663
660
969
970
975
974
994
776
1001
1001
776
773
1023
773
768
711
711
710
709
680
659
696
663
696
663
661
661
966
966
964
966
960
1007
1001
1023
1021
768
771
759
710
710
710
761
683
680
683
696
697
696
696
701
661
967
964
962
1005
1007
1007
796
796
796
759
758
759
761
683
683
682
682
685
699
703
701
701
700
964
935
962
963
962
1004
1004
1004
1006
1006
797
754
755
762
762
760
683
685
685
702
702
700
935
934
934
943
1004
942
942
916
1006
898
908
754
754
755
762
767
762
672
672
702
700
933
934
930
930
930
931
898
909
754
765
767
767
673
672
478
695
465
933
230
928
931
929
929
931
913
898
903
903
428
765
501
476
477
477
477
464
464
465
465
464
471
389
119
125
915
915
899
899
901
505
501
500
473
473
473
467
468
471
405
119
119
125
124
58
899
58
58
899
901
509
509
500
500
475
475
475
468
404
404
405
405
116
114
115
121
126
59
59
61
60
61
509
508
508
499
508
474
443
475
404
415
414
112
114
114
127
52
56
60
60
510
508
508
498
262
442
442
415
415
112
112
113
127
110
120
53
53
53
53
51
510
510
305
304
304
312
262
258
258
415
90
91
89
106
110
110
110
52
52
29
52
48
50
306
305
304
314
263
258
89
88
88
109
109
28
110
28
48
50
307
307
304
314
314
260
257
256
256
259
93
89
88
83
85
18
29
23
28
28
24
50
311
311
311
318
318
257
316
264
257
257
256
94
81
83
82
83
18
77
23
23
31
25
26
26
310
310
318
318
318
316
264
265
265
265
265
80
95
80
80
80
82
82
18
19
19
22
31
22
25
22
27
27
26
27
27
973
973
1010
1011
729
734
735
732
732
657
657
656
656
665
664
665
664
973
972
972
995
995
995
993
993
772
1010
1011
734
734
733
732
658
658
665
662
660
971
971
971
974
994
995
994
993
993
1008
774
1009
728
734
733
733
733
659
659
662
662
969
969
969
969
971
970
970
960
994
994
1023
771
1009
711
728
728
731
684
658
663
660
969
965
960
1001
1001
1001
1023
1020
737
737
711
736
710
761
761
687
684
684
696
703
640
661
965
965
965
961
961
1007
1006
1000
1021
1020
1020
737
737
760
760
684
684
699
703
703
701
935
939
1004
1005
1005
1006
1021
1021
908
908
737
754
736
760
685
766
673
685
702
694
703
693
693
692
935
935
939
934
942
943
1005
916
909
909
908
754
764
767
767
673
674
695
695
692
934
934
929
942
942
913
909
910
910
909
764
764
767
766
767
673
673
695
695
692
464
692
389
389
389
389
929
928
929
912
913
915
913
915
913
910
900
910
764
428
431
477
464
388
389
118
118
915
914
901
914
900
428
428
429
428
430
424
446
473
477
402
404
388
405
118
118
118
121
915
59
58
63
61
61
429
429
429
431
430
430
446
446
441
441
441
402
404
405
405
117
117
120
121
59
59
63
61
61
509
429
509
416
444
444
496
443
443
441
406
414
413
112
116
114
120
120
121
121
59
63
60
62
60
510
510
416
444
443
263
442
409
414
414
414
412
412
116
114
107
116
120
111
54
55
306
288
290
262
290
262
262
261
261
261
415
414
412
106
106
107
106
107
111
111
111
5
53
53
48
49
51
306
288
303
260
261
261
260
259
260
259
258
93
89
88
89
106
105
5
48
49
50
306
307
307
303
303
301
301
260
257
259
259
92
92
93
93
88
77
20
20
28
24
48
50
24
307
307
296
303
301
301
301
267
256
94
94
95
83
77
77
21
23
23
24
25
24
310
311
298
300
300
267
267
267
95
95
95
83
77
76
21
22
23
22
22
25
27
27
723
723
735
723
726
733
657
670
664
973
973
976
995
992
992
1010
1010
1011
1011
729
734
732
670
670
665
664
968
971
976
999
993
993
1010
1011
1008
729
728
733
731
652
658
658
663
660
968
971
991
998
999
1023
1022
1009
1009
1009
729
736
728
731
652
642
642
640
968
968
990
960
960
1000
1000
1022
1022
1020
1016
1020
738
736
687
652
642
679
642
640
965
965
961
961
1000
1021
1021
737
736
761
684
684
679
694
703
693
640
693
951
964
939
938
961
961
1005
1003
1005
905
908
746
746
744
744
760
678
673
674
679
694
693
693
951
935
951
938
939
937
943
916
916
905
746
746
744
766
674
675
675
695
694
694
949
928
939
929
943
942
912
917
917
917
911
910
909
764
747
745
744
766
674
675
692
388
928
912
913
911
911
747
431
764
431
424
424
447
447
398
397
397
388
388
118
912
914
914
900
910
914
900
431
430
431
430
424
446
398
397
397
407
388
391
117
122
927
914
923
62
429
430
421
426
446
446
441
406
406
406
401
117
123
123
121
47
63
63
62
62
418
418
416
445
440
441
412
407
413
413
116
117
123
120
98
47
54
63
62
417
416
444
444
443
409
409
412
413
107
104
111
54
55
55
51
288
290
445
284
261
284
258
283
107
104
104
104
5
54
54
49
51
288
290
290
284
284
280
280
92
89
68
68
107
105
5
5
49
9
49
49
51
288
296
303
301
281
259
92
92
92
93
79
78
77
20
105
6
4
13
14
14
298
296
298
296
297
303
300
274
274
275
94
94
93
79
78
79
76
20
20
6
13
13
14
15
14
298
298
299
300
300
275
276
276
95
66
76
79
21
21
21
7
13
12
13
15
66
722
723
726
727
726
726
671
670
665
668
666
982
982
978
979
979
976
992
992
1013
1008
1011
723
720
723
726
726
671
671
671
670
670
666
667
667
667
982
979
979
976
999
996
1010
1008
729
728
720
724
653
671
671
667
641
667
968
976
991
991
999
999
1023
1008
1015
1009
738
731
731
652
652
643
643
643
641
641
989
990
991
991
1003
1003
998
998
1017
1022
1017
1017
738
736
739
741
679
643
640
641
989
989
989
990
986
1003
1002
1022
1016
1016
1016
738
746
740
740
740
679
679
647
642
688
989
951
938
937
1003
1002
940
918
905
905
751
678
688
688
951
948
938
939
937
941
916
918
905
904
746
745
745
745
744
751
675
688
689
689
949
949
936
936
941
919
917
919
918
904
911
747
745
425
674
675
399
689
396
689
949
391
929
912
925
926
926
917
911
911
424
439
439
398
399
397
399
399
396
396
391
391
925
927
927
926
923
923
427
447
398
397
391
391
385
384
122
122
122
927
926
927
923
900
418
427
421
421
447
447
447
440
440
398
407
407
407
122
123
98
98
47
46
35
35
417
418
421
421
445
445
445
432
440
406
407
413
413
101
123
100
98
47
55
35
417
416
445
433
443
409
410
101
101
111
41
41
41
55
289
417
417
290
435
281
280
408
408
408
411
69
68
101
105
104
41
32
289
289
291
284
281
280
282
283
283
283
69
69
68
75
105
75
105
4
5
32
32
289
302
274
280
283
69
78
75
75
75
4
11
9
9
8
295
299
302
302
302
275
275
274
274
66
66
78
72
21
72
6
4
13
12
14
15
8
298
299
299
300
297
275
275
276
276
276
66
67
79
76
78
76
7
12
12
15
15
14
722
722
727
727
668
668
666
982
982
978
992
996
1012
1013
722
724
724
653
668
666
979
999
977
999
996
1013
1015
729
722
725
653
653
669
667
641
983
977
991
997
1014
1015
738
720
725
653
652
643
643
988
998
997
1017
739
741
648
649
647
647
641
989
988
986
990
1003
1017
1016
740
678
648
647
950
951
948
938
1002
1002
1016
906
746
748
749
740
748
678
677
676
688
690
948
937
941
937
941
918
907
905
904
907
747
748
677
677
675
691
691
949
936
944
936
919
919
904
904
745
439
677
689
691
689
948
949
944
936
925
924
926
924
920
920
427
427
426
438
399
393
396
393
385
384
927
925
926
921
921
427
426
438
398
396
385
386
385
98
922
923
419
420
420
420
437
432
432
432
395
394
387
387
384
97
46
34
418
420
421
432
433
410
410
387
410
101
100
47
47
46
46
35
35
35
417
423
434
434
435
433
408
408
411
70
100
43
41
40
32
289
416
291
435
409
408
68
101
100
43
41
32
33
289
293
291
285
281
281
282
282
69
69
71
68
74
74
1
1
9
33
295
302
272
274
281
283
64
64
74
4
8
295
297
302
273
279
277
67
78
72
6
7
6
11
11
8
295
299
297
273
273
277
277
277
67
79
72
7
12
10
15
8
669
978
977
1012
1012
1014
1008
721
725
983
996
1014
1015
720
724
669
983
977
1015
648
650
646
646
980
997
741
648
646
988
986
1002
1019
749
740
678
649
647
950
986
918
751
948
950
945
940
940
677
691
948
945
941
919
425
439
691
946
924
925
921
921
438
399
922
921
920
420
437
438
394
394
385
384
96
922
34
422
437
394
387
97
97
922
419
436
409
395
387
98
96
42
46
433
411
410
100
43
291
435
100
43
43
40
293
282
411
32
295
273
273
282
64
64
75
74
3
9
33
295
272
278
64
3
8
277
277
73
72
7
2
10
10
722
724
666
978
977
1012
725
979
1013
725
1017
1019
741
648
649
986
739
651
647
907
648
677
906
749
748
690
691
747
393
426
393
394
944
925
427
386
385
436
432
395
46
422
437
433
40
423
420
390
70
435
282
70
70
43
33
293
291
65
74
272
279
64
0
273
65
74
2
294
67
73
7
10
668
650
669
720
653
983
980
741
646
990
997
739
646
950
988
987
743
741
940
748
676
945
940
919
907
906
676
947
946
944
924
906
438
921
392
392
384
922
422
386
97
434
103
96
45
423
423
291
71
285
71
65
65
3
3
33
297
2
299
278
72
669
978
978
1012
983
977
981
1013
725
1015
721
988
1002
742
1019
742
649
950
690
690
947
749
944
920
393
384
97
924
436
386
437
392
395
34
423
437
70
70
103
40
34
435
434
71
103
40
33
293
3
0
0
293
9
279
278
11
294
67
10
10
721
655
981
996
1013
721
655
983
1014
721
721
650
997
650
650
646
649
987
649
907
748
906
749
749
676
947
425
392
946
920
394
920
436
386
96
96
34
422
433
423
42
285
103
42
42
293
272
272
278
294
73
0
294
278
2
727
654
287
981
981
650
980
980
1014
742
980
997
1019
1019
742
987
1000
743
651
945
907
690
957
957
676
1
946
946
425
1
426
392
96
306
436
390
436
395
42
45
401
42
44
285
44
292
285
65
3
36
44
294
285
73
0
65
2
279
654
639
955
654
654
981
654
981
743
743
730
730
945
1018
742
730
743
739
945
957
239
956
956
425
425
488
390
97
395
45
239
474
45
45
827
402
401
401
400
36
292
401
841
403
44
633
841
841
403
38
215
403
38
238
99
955
955
955
455
99
99
99
242
954
955
955
730
954
1018
632
1018
956
574
956
633
633
634
574
575
237
957
956
632
635
651
651
893
390
943
400
943
985
402
400
36
985
402
400
442
827
401
38
750
400
750
403
403
38
750
485
403
955
455
411
99
959
442
893
959
954
984
419
632
239
574
575
957
632
952
215
633
635
574
215
847
635
686
635
686
239
825
419
36
840
36
572
840
216
38
750
841
841
514
730
455
270
270
270
271
959
984
958
843
644
954
419
958
958
287
987
952
958
952
952
515
952
574
847
847
847
439
635
635
751
540
686
751
846
825
634
751
846
39
572
572
845
840
215
39
39
840
37
841
37
270
842
844
270
842
842
844
845
803
845
845
271
102
953
953
958
958
644
953
987
959
959
540
540
540
846
804
635
847
847
686
846
846
572
840
39
840
37
845
770
770
735
846
770
39
37
633
37
985
455
632
292
735
269
238
238
102
845
453
892
266
953
286
266
959
893
269
287
953
953
189
454
540
540
515
454
474
454
687
454
842
687
770
238
39
985
238
771
770
454
271
271
269
292
102
639
266
266
286
639
266
634
286
735
286
269
269
268
893
844
660
669
634
827
1018
687
1018
842
687
455
984
645
644
575
645
985
645
645
985
485
271
269
453
453
453
102
655
655
102
514
947
267
514
485
1
514
485
286
239
378
239
515
268
485
515
844
268
268
844
893
827
287
287
575
655
655
842
573
984
515
645
644
843
984
645
279
572
843
514
102
947
947
267
1
575
477
440
575
843
