2048
1673
1281
1282
1475
1474
1687
1689
1673
1732
1481
1487
1689
1767
1767
1766
1730
1731
1730
1374
1286
1285
1667
1666
1764
1729
1374
1477
1480
1482
1483
1665
1667
1543
1375
1512
1515
1506
1607
1607
1639
1550
1548
1543
1365
1514
1505
1505
1606
1603
1550
1545
1450
1514
1432
1504
1608
1609
1610
1601
1601
1545
1544
1539
1445
1451
1451
1433
1438
1609
1602
1553
1536
1347
1440
1444
1444
1447
1438
1618
1617
1557
1558
1564
1537
1344
1344
983
981
414
402
1619
406
977
977
415
412
402
406
356
976
968
969
413
403
347
987
978
971
969
997
409
408
427
343
347
358
650
986
657
999
477
497
497
499
342
348
349
349
350
649
651
730
714
717
478
479
503
500
264
349
264
649
648
731
473
266
729
729
718
710
475
286
287
286
267
267
257
256
647
647
721
722
711
462
256
644
721
723
723
706
711
711
463
461
281
277
277
276
261
1301
1301
1297
1296
1300
1281
1280
1282
1474
1283
1475
1473
1487
1486
1690
1687
1687
1672
1673
1675
1760
1761
1761
1735
1735
1732
1733
1303
1302
1281
1281
1285
1474
1283
1485
1487
1690
1688
1671
1675
1674
1675
1673
1766
1734
1728
1732
1730
1303
1371
1303
1286
1287
1478
1477
1481
1481
1487
1483
1689
1691
1670
1671
1671
1667
1675
1767
1729
1729
1731
1730
1737
1374
1370
1370
1366
1479
1477
1477
1482
1483
1693
1668
1669
1667
1666
1764
1764
1549
1549
1543
1373
1368
1372
1365
1364
1366
1513
1513
1515
1506
1507
1691
1507
1691
1664
1551
1550
1549
1542
1541
1373
1373
1453
1512
1453
1514
1515
1506
1505
1609
1605
1604
1607
1600
1607
1603
1550
1546
1548
1540
1541
1541
1540
1350
1372
1347
1452
1455
1453
1434
1439
1505
1609
1611
1604
1601
1603
1601
1555
1546
1552
1545
1538
1538
1539
1346
1347
1440
1449
1450
1433
1433
1438
1439
1608
1611
1610
1611
1555
1555
1553
1564
1545
1561
1537
1345
1345
1347
1445
1440
1444
1448
1446
1432
1437
1436
1613
1615
1619
1616
1619
1616
1557
1559
1553
1559
1561
1560
1561
1536
1344
1345
1444
1447
1013
1436
414
414
412
400
406
1617
1557
1557
1558
1559
1559
353
1561
1537
357
988
991
982
982
980
983
981
981
1012
1013
1013
414
1014
412
412
404
405
405
406
407
426
353
427
431
352
353
356
356
989
988
977
979
980
980
415
409
411
408
405
405
424
425
427
346
427
355
359
359
356
989
978
987
978
968
998
998
996
410
403
498
498
498
505
346
347
347
345
359
358
986
657
971
970
999
998
715
409
410
478
498
505
500
342
345
351
349
350
650
649
650
656
657
658
657
730
730
714
717
477
496
499
503
342
340
348
649
650
651
728
730
731
718
719
716
476
477
473
472
473
502
503
265
266
265
270
256
259
259
653
652
654
655
729
729
732
718
718
719
475
474
475
472
473
459
456
459
267
257
258
646
645
642
642
720
720
706
705
710
474
475
460
461
281
280
287
287
277
278
256
261
647
645
641
641
640
723
722
723
706
706
711
462
463
461
281
277
279
260
261
261
263
262
644
1282
1761
1297
1297
1298
1293
1282
1473
1473
1472
1484
1684
1690
1680
1685
1686
1677
1678
1762
1760
1734
1734
1733
1733
1301
1300
1302
1296
1287
1285
1284
1478
1284
1474
1491
1473
1491
1485
1484
1689
1687
1670
1676
1678
1762
1766
1734
1728
1739
1737
1303
1308
1287
1288
1285
1478
1478
1481
1485
1695
1694
1692
1694
1693
1669
1668
1671
1665
1765
1787
1743
1736
1737
1370
1371
1370
1308
1369
1286
1479
1480
1483
1695
1693
1669
1665
1764
1786
1743
1742
1741
1737
1741
1368
1368
1365
1367
1367
1366
1517
1516
1513
1519
1506
1510
1605
1605
1637
1639
1639
1786
1551
1549
1542
1542
1373
1365
1453
1517
1518
1517
1519
1508
1511
1604
1606
1644
1546
1547
1538
1541
1351
1355
1455
1416
1434
1439
1615
1611
1645
1645
1644
1554
1554
1547
1547
1351
1350
1349
1454
1455
1449
1455
1449
1449
1434
1435
1614
1615
1623
1602
1647
1620
1554
1553
1565
1567
1565
1566
1538
1563
1345
1440
1441
1443
1448
1446
1435
1447
1437
1436
1436
1613
1612
1613
1618
1616
1622
1621
1621
1567
1567
1563
1562
1441
982
1446
1019
1015
1428
400
401
1619
1616
407
1621
1556
354
1563
365
990
991
977
982
1018
1019
1014
1014
400
401
386
404
429
428
429
430
430
353
354
354
357
989
991
990
984
979
967
1012
1014
413
411
395
395
424
426
425
431
355
355
365
364
987
985
984
984
979
974
971
973
972
992
998
410
394
394
504
505
418
343
337
344
359
344
987
667
658
971
993
997
410
477
497
509
497
505
342
341
351
351
661
663
658
992
714
713
712
715
464
511
510
510
341
340
345
271
350
666
653
664
655
661
733
732
733
713
714
717
717
478
479
465
511
503
502
265
266
271
271
259
653
653
655
655
734
734
735
704
732
705
464
467
466
457
457
286
268
269
270
259
258
687
645
720
725
705
705
470
460
455
457
456
454
284
285
278
269
262
647
686
687
687
640
640
642
640
720
725
727
724
707
707
708
448
462
455
281
454
282
283
273
283
279
272
278
262
263
283
273
279
1298
1292
1763
1300
1307
1297
1305
1307
1295
1292
1293
1292
1497
1502
1497
1503
1683
1682
1681
1685
1677
1676
1771
1763
1759
1756
1759
1757
1757
1757
1739
1306
1305
1294
1294
1496
1497
1502
1501
1683
1684
1680
1680
1681
1677
1762
1785
1758
1739
1309
1308
1311
1310
1295
1289
1294
1489
1491
1491
1500
1501
1694
1692
1727
1669
1713
1765
1789
1785
1743
1746
1738
1739
1309
1310
1363
1367
1401
1288
1489
1488
1476
1510
1510
1694
1693
1715
1714
1664
1713
1786
1787
1784
1742
1740
1741
1368
1363
1360
1516
1519
1519
1510
1530
1662
1714
1637
1638
1786
1742
1568
1741
1595
1369
1362
1361
1422
1517
1518
1509
1511
1658
1659
1637
1638
1633
1636
1645
1638
1575
1570
1568
1594
1595
1352
1355
1354
1355
1361
1410
1423
1423
1417
1417
1509
1508
1659
1602
1637
1646
1574
1573
1569
1585
1349
1348
1355
1443
1415
1416
1431
1430
1429
1615
1427
1630
1623
1647
1642
1645
1573
1572
1565
1563
1584
1584
1348
1348
1349
1384
1442
1443
1415
1435
1430
1431
1429
1613
1631
1631
1622
1621
1552
1567
1566
1586
1587
1385
1385
1443
1442
1020
1023
1015
1008
400
386
1622
386
1622
1620
429
416
383
381
381
361
360
923
923
965
966
1019
1010
1009
1011
387
387
384
385
429
428
430
383
380
381
366
366
365
922
985
975
973
972
1018
1011
1011
388
387
385
385
396
425
421
423
430
382
380
366
367
367
984
925
995
994
995
996
1001
393
393
395
392
395
396
507
506
339
337
370
370
322
667
975
671
658
972
994
993
1000
393
508
507
507
341
336
337
323
322
667
665
660
667
662
757
993
757
712
765
465
489
509
510
510
506
338
337
311
302
302
664
666
661
661
662
663
662
733
757
759
713
765
465
466
508
318
311
318
302
654
679
643
643
734
734
735
749
470
464
469
467
466
480
284
284
285
268
259
697
684
685
643
727
727
727
739
709
468
449
450
453
452
453
284
272
315
262
297
686
687
685
685
683
725
704
749
709
708
449
454
451
453
283
282
274
274
274
273
299
298
297
296
725
297
1307
1304
1305
1335
1292
1333
1497
1499
1503
1242
1682
1683
1683
1682
1711
1699
1699
1697
1762
1771
1759
1756
1758
1745
1306
1307
1294
1339
1334
1337
1499
1498
1503
1502
1501
1243
1723
1680
1727
1710
1699
1697
1712
1788
1759
1747
1745
1309
1311
1310
1336
1337
1489
1495
1492
1501
1726
1722
1726
1714
1727
1713
1791
1789
1789
1785
1746
1746
1747
1397
1397
1310
1289
1289
1489
1494
1500
1727
1724
1713
1715
1791
1789
1777
1749
1750
1362
1363
1401
1360
1400
1406
1490
1494
1529
1529
1528
1529
1192
1193
1724
1724
1714
1634
1633
1790
1632
1790
1785
1571
1594
1751
1593
1352
1352
1363
1358
1403
1361
1423
1418
1529
1419
1509
1530
1658
1662
1659
1633
1632
1641
1575
1575
1571
1568
1568
1595
1592
1353
1353
1361
1422
1421
1420
1417
1425
1426
1659
1657
1657
1653
1646
1640
1640
1575
1570
1581
1569
1584
1353
1354
1410
1423
1414
1413
1426
1656
1642
1643
1581
1573
1584
1587
1386
1387
1411
1411
1415
1415
1431
1431
1429
1629
1630
1631
1653
1652
1643
1642
1581
1573
1586
1587
1587
1385
1387
1384
1411
1020
1023
1022
1428
1628
1629
1628
440
441
442
443
417
417
377
377
376
379
1591
361
922
923
921
965
966
1022
1023
1008
1011
388
388
385
441
440
421
417
416
383
379
381
361
361
925
923
964
965
966
1018
1017
1010
1003
1009
399
384
420
374
382
382
368
369
366
369
362
925
975
926
975
974
960
967
962
995
995
1002
1000
393
399
397
398
420
418
371
370
369
320
320
365
668
670
670
662
972
992
1001
1001
1001
489
490
399
494
509
506
339
339
370
326
327
322
321
670
671
659
764
767
489
488
495
509
485
484
319
338
310
311
323
322
303
665
665
677
678
674
756
757
765
765
766
489
491
482
481
483
485
484
485
319
309
303
303
301
696
679
679
675
751
759
739
738
469
466
482
480
316
318
314
311
298
300
301
301
697
696
681
681
751
747
749
749
737
468
469
451
451
450
480
315
314
298
299
298
699
698
684
682
681
682
747
746
737
737
737
448
449
454
452
275
275
315
289
297
683
1335
1744
1315
1305
1335
1333
1332
1333
1498
1247
1246
1246
1242
1242
1243
1242
1710
1707
1711
1698
1698
1771
1768
1752
1753
1753
1753
1745
1313
1313
1314
1329
1337
1337
1499
1499
1246
1723
1710
1709
1708
1696
1697
1697
1769
1782
1755
1747
1745
1312
1323
1322
1339
1338
1336
1493
1495
1493
1493
1241
1240
1723
1725
1717
1782
1791
1788
1783
1749
1748
1323
1399
1323
1399
1322
1401
1339
1343
1343
1495
1495
1208
1492
1186
1187
1722
1721
1725
1718
1719
1779
1778
1779
1751
1396
1397
1397
1401
1407
1407
1490
1193
1193
1662
1724
1718
1634
1791
1777
1779
1777
1751
1593
1403
1407
1407
1421
1419
1418
1192
1195
1194
1661
1660
1661
1633
1635
1635
1577
1579
1571
1598
1598
1358
1381
1383
1421
1425
1424
1426
1657
1656
1657
1649
1649
1648
1641
1579
1580
1578
1579
1571
1598
1585
1592
1391
1391
1410
1408
1420
1413
1419
1425
1426
1427
1654
1655
1655
1653
1651
1580
1581
1582
1583
1589
1590
1590
1590
1387
1390
1409
1408
1408
1425
1629
1630
439
1653
1643
1643
442
1582
1583
1588
1591
1590
1386
921
1409
906
1021
1020
775
775
434
435
441
441
443
445
445
377
1984
363
920
920
921
907
1021
1023
1017
773
1009
773
434
433
446
421
446
417
377
378
378
379
379
360
363
924
927
921
927
965
966
961
961
1016
1017
1017
1002
1002
390
391
397
421
423
374
375
373
362
925
927
961
963
1005
1002
1003
398
399
397
423
339
374
371
368
335
334
334
320
926
670
960
963
962
1005
1007
1007
1006
492
495
495
487
487
324
327
320
332
668
669
677
659
673
753
752
753
767
1005
491
490
491
487
325
325
305
304
329
321
669
702
679
676
677
674
673
755
753
754
758
759
767
766
491
482
481
317
318
309
304
305
300
703
702
697
678
688
674
674
754
759
763
738
468
482
182
480
483
317
309
306
288
301
699
699
695
693
675
746
747
744
739
739
742
183
180
185
35
312
314
308
290
288
698
695
694
699
695
695
682
680
680
747
745
745
743
743
180
180
180
451
181
34
275
315
313
313
290
289
289
1315
1315
1334
1314
1329
1335
1331
1331
1333
1235
1244
1247
1246
1227
1227
1711
1709
1707
1698
1768
1768
1768
1753
1752
1755
1754
1754
1754
1967
1313
1313
1329
1329
1338
1338
1233
1233
1245
1241
1244
1240
1231
1709
1700
1701
1703
1769
1755
1966
1966
1321
1321
1322
1327
1341
1341
1340
1203
1241
1229
1229
1721
1723
1709
1708
1700
1703
1783
1782
1749
1750
1963
1395
1325
1326
1343
1342
1341
1210
1209
1203
1187
1187
1720
1721
1717
1716
1718
1718
1781
1783
1779
1776
1749
1937
1963
1398
1399
1399
1393
1398
1405
1405
1343
1091
1211
1208
1211
1209
1208
1186
1195
1660
1634
1717
1719
1781
1778
1777
1938
1751
1392
1393
1404
1406
1091
1089
1214
1215
1195
1194
1661
1858
1649
1859
1635
1635
1577
1577
1599
1599
1593
1943
1381
1380
1382
1405
1421
1419
1198
1197
1197
1863
1654
1651
1649
1578
1579
1576
1599
1988
1599
1381
1390
1382
1382
1383
1098
1412
1102
1198
1199
1196
1655
1863
1655
1651
1651
1582
1582
2005
1588
1589
1990
1390
1391
1408
1413
906
1413
770
771
771
771
1198
774
434
438
445
2004
2006
2006
2007
1389
917
911
907
906
906
839
771
774
774
434
435
432
436
438
444
445
197
2007
1984
1984
917
918
916
905
839
1021
772
779
778
433
433
432
447
197
373
1985
917
917
912
897
899
899
904
838
773
779
433
779
391
446
446
422
375
193
193
89
89
372
373
373
335
913
897
960
833
834
1004
788
390
492
391
422
422
374
326
333
333
913
524
611
610
611
963
963
833
1005
791
1007
1006
789
162
494
325
326
329
333
669
668
609
753
752
1007
163
495
237
487
228
317
324
326
330
702
688
677
673
609
672
755
754
762
763
763
761
767
163
161
228
316
57
307
304
304
307
329
306
295
702
688
689
691
691
673
751
754
763
741
760
183
187
186
185
309
57
62
306
294
294
306
703
701
690
691
680
744
743
741
740
179
183
187
183
33
33
32
62
312
291
295
291
701
700
692
693
692
682
745
549
745
742
743
177
181
182
184
34
35
35
61
290
290
293
293
549
34
1330
1224
1318
1318
1330
1234
1234
1235
1234
1244
1239
1244
1224
1230
1230
1707
1707
1701
1701
1806
1806
1955
1954
1966
1964
1964
1315
1316
1316
1331
1317
1331
1232
1233
1233
1245
1227
1228
1793
1793
1701
1702
1703
1933
1962
1955
1967
1966
1964
1320
1321
1321
1325
1328
1327
1239
1202
1203
1229
1185
1795
1795
1717
1798
1702
1797
1932
1933
1933
1962
1963
1961
1324
1327
1326
1341
1327
1210
1210
1203
1184
1799
1799
1882
1703
1935
1939
1394
1395
1324
1090
1089
1211
1209
1213
1190
1187
1859
1721
1883
1884
1887
1781
1939
1939
1936
1395
1392
1393
1405
1091
1090
1214
1214
1215
1213
1212
1191
1195
1859
1858
1886
1887
1887
1577
1949
1938
1937
1943
1378
1380
1381
1097
1096
1099
1088
1214
1197
1197
1860
1865
1867
1877
1949
2005
1942
1377
1378
1377
1382
1096
1096
1101
1102
1198
1199
1862
1861
1863
1867
2005
2006
1990
1989
1991
1988
1990
1376
1389
1377
1139
910
843
770
768
769
437
436
439
438
1866
1867
2004
2001
1990
919
919
1389
908
908
911
910
843
839
769
768
769
774
437
776
438
447
201
196
197
2006
2001
1987
1987
1985
915
918
902
919
909
905
909
904
838
839
773
779
777
436
778
206
198
206
197
93
91
92
91
1985
1987
914
915
915
898
905
836
834
795
207
207
194
206
199
194
91
91
912
915
900
896
899
898
832
835
790
788
789
239
235
207
192
195
193
89
88
90
90
333
525
525
524
897
611
615
833
833
789
238
237
237
234
194
226
88
330
331
331
332
525
525
611
609
614
615
615
623
791
787
786
791
787
161
237
229
231
230
108
328
330
329
330
520
567
609
613
614
613
620
762
761
761
760
761
163
160
161
229
228
231
56
57
110
294
521
688
545
630
631
741
163
179
187
186
228
33
63
62
63
51
51
513
513
690
689
691
627
628
741
177
187
39
37
36
61
62
294
55
701
512
693
551
551
548
549
549
626
626
176
178
190
185
190
39
33
38
36
61
52
52
292
293
701
626
293
1230
1319
1318
1318
1317
1058
1058
1234
1237
1237
1226
1227
1225
1231
1230
1792
1793
1801
1807
1807
1955
1954
1952
1954
1964
1319
1316
1056
1236
1239
1238
1225
1225
1229
1223
1223
1792
1794
1794
1793
1801
1797
1933
1952
1965
1048
1316
1060
1061
1232
1201
1201
1200
1222
1220
1795
1795
1796
1803
1932
1802
1934
1934
1935
1930
1961
1960
1049
1051
1325
1060
1061
1063
1206
1202
1205
1201
1185
1184
1799
1882
1883
1798
1797
1885
1928
1928
1939
1961
1946
1395
1325
1052
1053
1094
1093
1093
1092
1211
1206
1205
1204
1189
1189
1859
1880
1881
1875
1929
1928
1938
1936
1940
1394
1378
1053
1095
1094
1091
1089
1089
1092
1213
1213
1191
1190
1191
1857
1856
1881
1885
1887
1884
1874
1948
1951
1950
1942
1378
1379
1130
1099
1099
1099
1095
1102
1175
1172
1191
1857
1860
1886
1876
1876
1877
1876
1949
1949
1942
1942
1379
1140
1377
1097
1096
1098
1101
1103
1174
1169
1863
1861
1864
1865
1864
1876
2013
1999
1141
1138
1137
1100
1101
1101
843
1170
780
1862
436
1871
1867
1869
1866
2011
2010
2000
1989
1991
948
1139
908
910
910
842
843
846
769
777
781
781
777
782
201
200
2011
2009
2001
2001
1986
919
902
909
836
837
837
844
845
776
794
203
203
201
199
93
2003
93
92
2003
1986
914
902
903
898
835
836
835
845
845
795
795
793
233
232
207
198
193
95
66
67
66
67
901
903
901
897
903
836
858
834
797
788
797
238
232
234
194
88
90
69
69
901
900
561
610
617
857
856
787
797
239
238
238
225
226
227
109
71
111
70
68
527
526
527
527
566
608
615
786
784
787
162
161
165
236
225
224
225
109
109
58
108
110
110
521
520
567
567
623
621
165
167
166
231
231
58
230
58
100
102
516
516
566
567
547
621
630
629
631
628
173
164
167
189
185
37
57
44
58
59
51
102
513
517
513
550
544
544
545
624
630
630
628
178
178
191
189
188
39
129
45
44
60
60
50
50
515
514
550
551
551
548
624
624
624
626
627
177
170
177
178
190
190
189
39
37
38
47
60
46
53
46
53
54
55
55
55
1219
1218
1953
1958
1069
1067
1067
1058
1066
1237
1237
1271
1239
1265
1216
1216
1218
1219
1809
1800
1807
1804
1800
1805
1805
1952
1952
1953
1066
1065
1057
1059
1271
1270
1265
1222
1223
1220
1218
1821
1820
1801
1806
1803
1804
1931
1959
1965
1976
1048
1065
1057
1056
1060
1061
1271
1268
1201
1221
1220
1220
1823
1823
1822
1820
1797
1803
1802
1931
1961
1959
1049
1049
1051
1062
1063
1270
1205
1185
1221
1913
1880
1803
1931
1928
1931
1947
1049
1054
1050
1040
1051
1052
1094
1062
1118
1093
1153
1205
1188
1189
1856
1915
1913
1881
1881
1885
1926
1929
1951
1946
1940
1054
1041
1095
1114
1093
1117
1175
1173
1173
1189
1857
1873
1874
1872
1874
1951
1950
1941
1941
1940
1054
1131
1131
1113
1117
1113
1103
1103
1175
1173
1173
1169
1168
1169
1860
1860
1905
1865
1878
1878
1874
2013
1951
1998
1998
1141
1140
1138
1137
1106
1107
1174
1171
1170
1871
1870
1869
1879
1879
2012
2014
1999
1999
1997
1143
1139
1137
1136
1112
1106
1106
1171
1171
1170
780
1169
781
783
783
783
1868
1871
1869
2009
2010
2010
2013
2011
2015
2014
1995
1995
1142
949
958
841
844
783
782
202
201
2008
2008
1994
2002
1986
948
948
950
948
957
959
842
841
841
861
794
793
792
215
203
202
199
2009
94
95
65
65
67
951
950
950
950
955
957
956
859
858
860
860
861
795
793
793
203
214
210
199
95
95
64
66
65
947
947
946
936
937
936
937
858
856
857
796
797
799
233
232
232
227
241
195
210
77
70
69
70
69
526
946
946
616
617
617
856
784
785
798
798
799
798
241
235
247
241
226
226
105
71
527
560
566
618
561
619
619
619
621
617
785
784
798
246
247
246
247
247
253
225
255
12
106
111
106
107
103
522
565
564
619
618
598
621
597
599
601
784
173
165
167
166
245
245
13
110
101
102
522
519
517
565
565
546
547
599
599
620
601
172
169
173
173
167
128
42
42
59
49
100
102
50
516
516
518
557
547
547
546
629
629
171
169
169
189
128
129
41
44
44
49
48
49
514
515
514
558
558
545
625
625
170
170
168
191
131
131
40
46
47
46
45
49
53
54
1071
1071
1067
1064
1084
1067
1266
1264
1257
1217
1218
1809
1808
1805
1842
1958
1981
1982
1982
1069
1065
1059
1267
1268
1265
1223
1217
1821
1808
1819
1805
1842
1959
1981
1983
1070
1065
1057
1062
1059
1268
1271
1268
1258
1258
1823
1818
1850
1847
1930
1924
1977
1979
1977
1048
1042
1051
1037
1062
1153
1152
1157
1156
1914
1913
1818
1818
1851
1926
1925
1927
1946
1945
1946
1045
1043
1036
1033
1155
1153
1153
1157
1915
1915
1917
1913
1922
1927
1947
1041
1041
1114
1118
1119
1116
1177
1172
1176
1156
1176
1911
1905
1907
1906
1907
1872
1875
1873
2020
2026
1940
1131
1129
1131
1115
1115
1115
1113
1117
1175
1177
1179
1178
1910
1904
1905
1905
1907
1893
1873
2020
2021
1998
1129
1129
1130
1113
1105
1105
1183
1183
1178
1179
1902
1890
1870
1869
1878
1878
2044
2013
2045
2021
1997
2014
1996
1142
1135
1134
1134
1137
1106
1107
1178
818
1871
2045
2014
1997
1996
1143
949
1143
953
958
959
891
840
841
846
820
817
816
214
2047
2035
2015
1994
1995
2002
1995
953
957
953
957
958
959
862
862
807
806
817
816
215
214
2034
2003
2002
78
951
955
943
942
943
875
863
861
807
806
803
213
213
211
209
94
77
78
65
75
945
945
938
936
859
856
800
806
801
801
241
213
211
255
208
76
77
79
74
946
928
561
937
858
811
810
810
801
243
254
254
105
70
104
79
531
560
616
563
594
594
603
811
244
253
253
255
13
105
106
101
107
560
565
562
562
594
598
601
174
165
150
151
245
245
13
12
100
18
106
101
103
530
519
564
556
599
597
175
174
174
174
143
142
128
43
252
8
15
25
28
29
519
519
542
518
559
557
556
590
591
591
171
169
175
142
142
130
131
43
43
9
25
24
29
30
29
514
542
559
558
558
591
591
582
170
141
131
141
41
41
40
10
25
27
27
31
141
1073
1071
1085
1085
1084
1086
1273
1267
1257
1267
1262
1217
1263
1815
1813
1809
1811
1841
1843
1980
1983
1980
1071
1077
1085
1084
1083
1273
1266
1273
1267
1265
1257
1251
1256
1259
1262
1813
1810
1811
1842
1842
1979
1982
1077
1045
1076
1082
1275
1274
1269
1259
1250
1258
1823
1817
1819
1816
1850
1846
1969
1979
1979
1976
1044
1042
1082
1037
1275
1275
1269
1154
1159
1258
1914
1817
1818
1816
1848
1849
1850
1851
1924
1925
1969
1968
1045
1040
1042
1038
1119
1155
1159
1157
1915
1918
1917
1912
1916
1848
1922
1926
1927
1945
1944
1047
1128
1043
1038
1114
1119
1117
1160
1155
1162
1917
1911
1907
1892
1849
1927
2023
2023
2027
2027
1115
1109
1176
1176
1911
1911
1891
1893
1893
1894
2021
2022
2027
2026
1129
1135
1133
1132
1133
1127
1182
1182
1180
1178
1910
1903
1890
1890
1895
2045
2020
2016
2022
2024
1997
1125
1134
892
1104
1105
884
1182
885
1181
1902
819
1890
2045
2047
2044
2035
2016
1992
1993
952
891
890
886
885
887
885
886
820
820
818
819
2046
2035
2046
2034
2039
1993
952
891
886
804
818
817
831
830
214
212
209
2046
2035
2033
2033
1993
944
932
940
942
874
874
873
863
863
862
805
806
805
212
210
209
209
119
78
74
75
945
945
940
942
943
943
875
872
849
805
805
802
803
242
212
211
216
116
77
74
930
939
939
872
849
850
800
242
240
255
116
105
115
79
531
531
571
573
593
594
603
811
811
810
808
157
151
242
251
250
112
99
530
529
569
595
595
600
605
603
603
602
157
157
159
147
243
145
253
15
14
99
98
529
563
585
601
602
159
143
128
147
145
15
23
18
18
17
528
543
557
552
552
590
589
584
585
137
142
130
135
43
135
8
10
25
26
28
31
16
540
542
555
555
554
589
588
589
582
582
140
137
141
134
134
135
11
27
27
30
31
29
1072
1074
1075
1086
1276
1277
1261
1262
1262
1814
1841
1841
1972
1980
1073
1087
1086
1272
1272
1260
1813
1847
1811
1847
1843
1980
1983
1045
1076
1082
1083
1275
1274
1250
1248
1263
1810
1817
1844
1969
1977
1046
1046
1079
1082
1033
1161
1250
1919
1846
1847
1970
1046
1043
1033
1032
1160
1160
1154
1918
1918
1835
1917
1849
1920
1945
1039
1109
1038
1163
1908
1909
1909
1906
1833
1923
1945
2030
1132
1133
1133
1120
1121
1108
1110
1109
1162
1164
1903
1892
1895
1893
1895
2023
2028
2027
2024
2028
1125
1120
1111
1110
1105
1167
1181
1902
1891
1889
1895
2042
2019
2024
2031
1134
893
1111
1182
1180
1165
1902
1901
1888
1889
2041
2041
2043
2019
2037
2017
935
952
893
890
884
880
820
821
819
829
2043
2046
2032
2039
1992
932
933
891
886
887
821
825
831
219
2033
2038
934
932
940
941
874
873
872
851
850
804
802
825
830
218
118
72
928
929
940
877
851
813
802
824
802
249
217
118
117
119
118
74
73
73
930
928
938
872
878
849
809
808
815
148
251
116
115
115
99
571
568
568
593
849
808
156
242
251
113
115
99
98
531
575
573
586
592
605
604
606
159
156
158
150
145
144
2
2
18
96
528
575
586
585
605
604
139
159
147
15
17
543
553
555
584
581
583
137
139
133
8
8
9
22
23
17
542
543
554
555
589
581
583
583
137
138
135
10
26
20
31
16
1257
1814
1811
1973
1972
1971
1983
1072
1079
1260
1845
1972
1971
1078
1080
1251
1249
1845
1968
1033
1279
1279
1161
1255
1844
1037
1037
1161
1255
1834
1922
1920
1121
1031
1109
1035
1163
1909
1835
2023
1122
1901
1897
1888
1832
1894
1110
1164
1900
1896
2040
2018
892
889
1165
1899
2042
2043
2017
2025
889
882
2033
2039
2039
933
888
883
822
823
831
829
219
2038
73
931
874
812
825
218
216
2036
930
878
850
815
825
216
216
116
117
876
808
815
251
113
569
572
250
123
112
114
529
605
809
114
529
586
584
604
154
158
147
144
5
19
97
534
574
577
153
6
16
580
581
139
133
11
6
21
20
1073
1087
1261
1815
1841
1972
1080
1813
1978
1081
1969
1970
1031
1034
1035
1835
1047
1163
1162
2029
1039
1110
2031
1124
1121
1167
1167
1125
882
932
822
822
1889
2041
935
827
831
877
877
815
118
929
879
850
125
569
941
813
149
593
606
148
148
123
97
533
575
154
144
587
576
153
1
553
155
145
7
540
136
133
11
21
1277
1278
1248
1077
1272
1248
1854
1030
1250
1816
1844
1046
1163
1908
1918
1835
1031
1038
1833
1121
1123
1897
1832
2019
2028
2031
1123
1901
1899
2041
2019
2031
889
2025
883
880
829
2036
934
829
218
878
249
217
127
930
532
573
156
587
152
154
154
5
5
96
553
7
543
581
132
1261
1814
1814
1973
1249
1812
1853
1975
1081
1971
1078
1919
1923
1031
1920
1030
1035
1909
1167
1166
1897
1125
1896
2017
882
828
219
2043
888
823
879
881
814
72
929
879
149
148
248
125
125
593
572
152
249
114
97
533
5
1
0
574
19
579
577
22
541
139
21
20
1075
1087
1852
1840
1974
1075
1276
1249
1975
1078
1078
1278
1845
1081
1279
1255
1034
1834
1034
2028
1122
2030
1126
1126
1123
1901
895
883
1899
2037
822
2037
877
827
220
220
127
931
876
532
121
578
249
123
123
533
587
574
576
541
133
1
541
577
6
1075
1253
854
1852
1853
1278
1254
1854
1975
1028
1254
1836
1921
1970
1028
1836
1923
1027
1166
1837
2029
1166
1832
1832
1123
3
1898
1899
895
3
893
883
221
748
888
827
879
812
120
127
867
121
125
578
124
535
578
152
4
122
124
534
578
146
1
155
7
579
1252
1775
1521
1252
1253
1854
1253
1854
1027
1027
1468
1469
1837
1921
1028
1468
1027
1025
1837
1826
458
1827
1827
895
895
535
826
221
869
126
458
538
120
127
1290
869
867
867
864
84
535
866
1467
871
124
1851
1467
1467
871
82
471
871
82
459
204
1521
1523
1523
607
204
205
205
463
1522
1523
1523
1469
1522
1825
1460
1824
1825
1151
1825
1461
1461
1705
1151
1150
501
1826
1827
1461
1458
1828
1029
1957
826
1388
865
1388
1291
868
865
85
1291
868
865
570
1290
866
84
1625
864
1625
870
870
82
1624
523
870
1523
607
622
205
1521
855
1663
1520
1526
1359
539
1460
486
1151
1150
1827
1461
1527
501
1463
1463
1151
501
1147
1463
1535
1458
1535
493
1024
570
85
1464
85
1679
1464
479
83
1625
1466
1466
1053
1074
607
853
855
855
852
1520
1359
1456
1029
1532
1526
539
1457
1457
539
1299
1526
1456
1527
1527
1829
1527
1151
1147
1147
1147
894
1462
1462
1830
1356
1535
1830
1144
1024
1663
1830
1144
83
1679
1679
1821
1465
458
81
83
1464
87
1466
86
853
1158
1829
853
1158
1158
1829
1055
1775
1055
1055
852
223
1525
1525
1456
1456
1532
1525
1299
1459
1459
1357
1357
1356
1145
1838
1462
1402
1402
1535
1145
1145
1679
1465
81
1465
87
1650
1627
1626
1838
1704
1627
80
87
1704
87
1471
848
1773
847
1773
637
389
389
223
1773
750
1828
634
1524
537
634
1459
1855
638
847
1524
1524
471
854
1356
1357
1026
612
881
612
1597
612
1839
1596
1627
419
80
1471
419
1626
1626
523
639
636
637
847
223
1855
635
635
537
1780
634
1853
536
1534
536
638
638
632
1026
1774
1705
1780
1706
1956
1127
1597
1127
1839
1597
854
1531
1148
1146
1824
1149
1403
1148
1149
1403
571
639
636
596
596
596
222
1533
1533
222
1470
1831
635
1470
538
3
1470
750
537
493
726
493
1207
632
954
1207
1774
633
633
1774
1207
1956
523
622
1025
1957
1957
1839
1025
1531
1772
1148
1146
1068
1531
1149
954
1770
1068
1470
222
1831
1831
635
3
1772
913
736
1775
1068
