2048
870
479
476
465
465
851
849
871
653
15
14
848
876
697
652
649
649
651
490
459
456
875
874
878
964
501
463
13
8
8
873
874
966
498
399
10
11
880
880
879
981
980
967
441
398
2
3
823
817
981
961
395
395
392
3
798
830
799
819
818
976
979
963
416
393
402
415
414
798
819
1005
973
417
417
446
403
401
413
784
1006
1005
1007
993
972
420
420
1726
413
787
786
903
1725
1724
1721
783
783
782
902
1524
1725
1722
1697
782
1502
1719
1704
1697
1697
1374
1375
1375
1501
1490
1489
1533
1711
1710
1704
1687
1369
1369
1367
1491
1531
1530
1528
1530
1709
1708
1699
1347
1347
1355
1354
1306
1306
1488
1531
1529
1785
1784
1683
1357
1435
1770
1771
1683
1340
1333
1305
1304
1304
1435
1432
1427
1428
1765
1765
1774
1774
1340
1334
1438
1766
1762
1773
1737
1737
1341
1341
1335
1311
1297
1437
1437
1438
1431
493
494
492
494
495
478
478
476
464
464
464
467
25
25
849
850
851
870
870
866
697
865
867
653
653
653
649
494
495
479
476
477
461
464
26
27
848
850
868
869
869
871
870
696
652
651
654
649
490
485
485
459
458
463
462
14
15
14
14
858
856
869
873
872
874
877
876
650
964
651
651
645
501
498
500
459
456
463
13
9
8
857
859
873
874
878
878
876
982
964
967
499
498
501
503
501
503
397
399
11
10
9
857
1
857
879
982
980
965
965
966
418
499
441
394
395
398
398
1
1
829
829
828
821
818
820
817
981
979
977
961
967
963
963
418
419
419
440
443
441
395
411
3
798
830
823
818
816
817
1000
978
1002
977
960
961
975
419
417
416
447
393
393
414
410
411
797
798
785
799
1001
1004
1005
995
961
994
973
422
423
422
446
446
402
403
401
412
415
414
797
796
785
784
785
898
1006
1005
993
1007
994
996
1023
973
422
421
446
400
413
412
781
780
781
776
903
897
1006
897
1007
999
997
997
997
972
1017
1717
1716
1725
1724
1721
1720
1723
1721
1669
1671
1671
780
1671
783
783
787
787
903
902
903
896
999
911
910
998
999
1527
1525
1718
1718
1725
1714
1722
1723
1688
1374
1373
1373
1371
1371
1370
1370
1365
1500
1503
1500
1526
1527
1525
1525
1718
1719
1714
1722
1697
1687
1686
1686
1375
1368
1369
1365
1364
1501
1502
1527
1489
1535
1527
1533
1711
1704
1698
1698
1685
1686
1346
1375
1355
1373
1355
1366
1365
1491
1491
1489
1530
1531
1528
1710
1711
1709
1706
1707
1701
1699
1700
1682
1682
1346
1345
1366
1367
1366
1490
1488
1528
1786
1708
1709
1701
1700
1682
1683
1347
1350
1351
1355
1357
1356
1357
1307
1306
1306
1434
1435
1434
1426
1529
1425
1784
1785
1788
1771
1771
1770
1775
1350
1350
1350
1333
1354
1351
1357
1311
1310
1308
1305
1432
1426
1426
1783
1767
1767
1767
1771
1774
1737
1336
1336
1335
1333
1311
1311
1297
1296
1303
1438
1436
1438
1427
1429
1765
1764
1766
1762
1762
1773
1774
1772
1737
1341
1337
1335
1334
1297
1297
1437
1436
1429
1431
1430
1429
1431
1765
473
697
493
493
478
473
476
466
467
25
25
855
849
855
842
850
866
866
867
697
654
655
654
648
492
487
495
495
478
477
475
460
469
467
461
467
28
26
27
849
850
859
865
864
698
699
655
655
655
647
487
486
458
456
460
461
463
12
26
862
863
863
862
859
873
859
868
885
865
876
877
642
645
646
496
485
484
485
497
459
457
13
8
863
856
858
875
878
983
964
643
641
645
645
496
496
502
503
503
457
397
396
397
5
1
6
829
821
821
881
881
883
982
982
962
967
499
443
441
397
387
398
386
2
0
822
822
817
978
976
962
962
425
430
442
386
410
411
829
822
820
1000
1001
1000
1002
979
977
418
425
424
443
447
445
442
402
405
392
391
797
793
795
819
1001
898
1003
1003
995
992
994
994
975
1023
422
421
444
445
402
405
404
401
414
410
781
797
792
793
785
786
794
899
897
993
993
1023
1023
421
1726
401
407
413
777
777
778
786
898
900
897
910
1010
1017
1017
1559
1716
1727
1721
1669
1669
1670
777
776
779
789
901
901
901
910
909
908
999
996
1521
1521
1718
1717
1712
1713
1722
1667
1670
1689
1688
1396
1399
1392
1370
911
1484
1503
1503
1521
1522
1524
1715
1715
1712
1714
1704
1727
1698
1696
1672
1674
1686
1372
1373
1371
1365
1484
1484
1503
1493
1502
1526
1535
1715
1705
1706
1698
1685
1684
1344
1345
1369
1362
1366
1361
1491
1492
1535
1534
1707
1702
1702
1673
1685
1680
1685
1344
1345
1362
1360
1361
1493
1494
1495
1495
1528
1786
1786
1787
1789
1706
1701
1681
1681
1681
1347
1349
1349
1353
1358
1353
1358
1361
1307
1494
1435
1433
1424
1425
1782
1789
1789
1789
1769
1769
1768
1738
1753
1339
1348
1329
1359
1309
1309
1305
1433
1433
1426
1425
1425
1782
1783
1769
1739
1736
1336
1332
1330
1329
1309
1308
1298
1302
1302
1419
1419
1428
1783
1783
1781
1781
1766
1760
1763
1763
1773
1773
1775
1739
1739
1337
1336
1330
1331
1330
1299
1298
1298
1303
1301
1301
1437
1417
1419
1418
1431
1299
1417
1416
472
473
493
488
491
491
475
473
469
469
468
29
31
24
853
853
843
842
842
866
698
698
699
701
702
701
703
703
702
647
481
481
475
450
469
466
29
26
854
855
861
855
843
885
865
663
703
647
487
486
483
482
450
450
448
448
29
29
18
863
861
860
887
885
663
642
661
642
643
641
646
487
482
510
457
504
449
449
452
13
7
6
860
860
886
887
883
884
883
661
642
641
644
496
504
507
385
385
7
7
6
811
887
803
881
983
986
987
671
670
497
506
438
439
384
387
4
5
812
813
820
802
802
803
978
802
985
987
986
974
974
431
431
430
431
443
438
439
390
387
386
4
4
812
822
801
801
984
990
988
974
425
425
431
445
390
390
391
409
770
792
770
793
794
800
924
1003
1003
1013
1022
1022
1022
974
423
427
426
427
445
406
406
405
405
408
409
772
769
795
918
921
1002
1014
1013
1021
1021
1558
1559
444
1558
406
2005
408
773
779
779
794
899
918
898
910
909
1015
1010
1016
1018
1019
1559
1558
1726
1666
1669
1689
775
1689
779
778
912
901
900
904
909
908
1010
1504
1522
1017
1522
1562
1712
1713
1727
1674
1691
1691
1397
1397
1397
1398
1393
1394
905
1483
909
1498
1498
1521
1523
1522
1712
1562
1672
1675
1670
1695
1690
1690
1397
1396
1398
1401
1399
1394
1482
1483
1480
1499
1498
1506
1523
1569
1705
1570
1703
1672
1674
1694
1695
1401
1362
1394
1363
1485
1485
1492
1535
1532
1787
1572
1790
1569
1707
1673
1680
1693
1349
1379
1352
1379
1391
1363
1361
1485
1477
1493
1495
1532
1532
1787
1787
1791
1790
1790
1761
1702
1749
1753
1754
1752
1349
1353
1358
1362
1285
1495
1420
1408
1788
1791
1761
1761
1769
1749
1332
1353
1328
1359
1358
1285
1309
1302
1423
1423
1424
1780
1779
1777
1760
1744
1747
1738
1754
1339
1328
1329
1329
1280
1286
1309
1286
1417
1287
1418
1415
1781
1781
1777
1779
1763
1743
1741
1741
1338
1338
1330
1331
1312
1288
1299
1302
1300
1301
1292
1301
1417
1413
1414
1414
1744
1418
489
489
488
474
378
474
471
471
470
30
30
852
853
853
841
841
842
847
847
698
693
701
700
703
684
489
489
474
451
369
455
28
31
30
19
19
17
837
836
839
845
846
847
885
662
701
685
685
480
481
483
451
454
455
453
21
19
16
839
837
838
886
838
844
889
663
660
661
695
641
647
509
509
482
505
449
452
23
18
839
894
888
895
888
660
667
665
670
510
511
504
506
504
437
437
385
22
23
7
86
80
83
860
895
887
893
895
883
889
940
661
987
671
670
669
510
511
511
511
507
438
437
385
122
121
4
80
812
811
813
801
802
938
985
941
984
987
989
969
671
429
429
433
439
436
388
388
391
125
812
815
814
800
807
801
807
925
985
989
990
989
968
428
426
435
433
388
389
124
771
927
924
925
990
988
1020
427
426
434
435
435
389
407
409
773
771
768
769
794
919
926
924
1015
1012
1013
1021
1021
1557
1557
1554
434
1667
2005
407
772
773
773
769
919
918
918
921
921
920
1015
1015
1014
1009
1019
1019
1564
1556
1552
1553
1667
2004
2005
775
1691
775
769
1393
916
916
905
907
907
907
1009
1011
1018
1509
1562
1560
1561
1666
1667
1678
1668
1870
1691
1869
1403
1392
904
1483
1497
1496
1497
1497
1505
1504
1509
1562
1560
1560
1571
1677
1677
1677
1676
1674
1679
1695
1400
1393
1394
1395
1482
1483
1498
1507
1506
1506
1505
1505
1573
1570
1569
1703
1673
1675
1694
1693
1692
1379
1401
1378
1403
1388
1391
1481
1481
1474
1499
1475
1506
1513
1513
1572
1568
1703
1693
1379
1379
1386
1390
1360
1391
1478
1477
1476
1477
1421
1514
1512
1409
1572
1572
1581
1790
1751
1749
1757
1754
1376
1377
1377
1378
1385
1385
1384
1284
1285
1285
1477
1421
1408
1408
1411
1579
1778
1579
1779
1751
1749
1753
1753
1754
1325
1377
1385
1281
1281
1287
1287
1466
1421
1411
1410
1411
1408
1578
1778
1779
1746
1747
1742
1743
1743
1339
1325
1324
1313
1313
1281
1286
1289
1420
1413
1412
1414
1607
1776
1777
1777
1746
1745
1743
1741
1338
1741
1327
1312
1314
1315
1291
1288
1289
1471
1413
1415
1745
379
684
357
357
376
378
378
471
31
42
43
42
17
43
39
39
836
833
840
846
693
692
691
689
688
688
689
682
684
481
359
369
370
371
471
46
16
42
836
833
832
845
845
847
844
693
695
688
685
685
359
360
368
370
370
455
455
453
20
20
17
18
839
834
891
662
657
663
658
665
640
508
363
482
363
362
505
451
374
454
453
22
23
23
23
82
837
835
895
890
891
657
659
664
665
509
509
510
307
310
310
122
83
80
811
894
890
892
889
666
667
667
669
669
300
311
310
437
121
122
87
81
80
810
814
811
805
806
893
941
942
941
666
989
429
301
303
311
126
125
124
814
814
815
806
807
939
939
939
937
943
990
991
969
668
429
302
433
432
433
389
120
126
125
770
804
944
768
927
927
936
937
931
991
970
971
968
971
1557
293
435
1555
2001
2000
126
774
771
946
927
925
926
922
934
1013
1008
970
1020
1557
1555
1555
2001
2004
96
2005
774
951
947
916
916
923
923
921
1011
1009
1510
1567
1552
1552
1553
2006
1871
1871
1871
774
950
912
917
917
1220
1222
907
1218
1011
1496
1009
1509
1511
1564
1565
1565
1560
1561
1666
1665
1665
2007
2007
1871
1868
1869
1407
1405
1393
1220
1223
1218
1497
1508
1510
1563
1563
1599
1679
1897
1865
1401
1403
1403
1395
1481
1480
1474
1474
1507
1515
1517
1516
1513
1570
1569
1571
1676
1678
1695
1902
1693
1381
1381
1389
1389
1391
1481
1473
1514
1514
1516
1574
1573
1583
1570
1582
1676
1756
1757
1903
1903
1380
1381
1386
1390
1479
1473
1461
1461
1514
1513
1575
1576
1581
1583
1580
1582
1751
1759
1757
1758
1757
1756
1376
1377
1386
1387
1283
1478
1479
1467
1460
1410
1409
1577
1578
1579
1581
1628
1751
1759
1755
1755
1326
1325
1385
1319
1280
1282
1466
1470
1463
1470
1411
1606
1606
1603
1602
1746
1732
1734
1735
1742
1327
1729
1325
1317
1313
1290
1469
1469
1470
1452
1413
1607
1603
1603
1606
1602
1601
1745
1600
1746
1733
1734
1734
1740
1321
1317
1315
1316
1315
1314
1290
1288
1289
1468
1471
1451
1415
1451
357
357
377
377
376
379
380
378
382
47
41
40
43
38
39
841
841
745
751
693
690
690
691
683
681
683
680
358
358
369
369
370
371
46
45
45
44
40
34
39
833
750
751
738
737
690
681
673
678
361
361
363
360
372
375
375
21
35
34
59
59
835
834
834
739
738
737
688
676
677
678
299
361
363
375
374
374
79
79
34
59
82
61
834
891
891
579
579
659
659
658
665
676
678
296
307
306
307
305
309
308
69
78
78
76
87
82
83
808
893
578
579
940
659
667
676
560
669
296
306
300
307
310
308
65
77
86
84
81
809
809
805
809
892
938
943
943
564
565
562
563
303
300
300
309
121
121
114
114
85
84
957
804
958
807
939
943
942
565
565
562
302
293
292
294
319
316
115
98
98
104
949
944
959
959
936
937
930
931
931
971
547
295
1554
2002
2003
2000
96
97
99
101
101
98
949
951
949
945
922
933
934
930
931
928
1567
1566
1540
1555
2002
2002
2000
2008
100
951
951
947
947
945
946
923
923
934
928
928
971
1567
1541
1540
1553
2009
2006
101
1869
1406
1407
947
1243
1221
1219
1511
1510
1565
1567
1539
1537
1536
1599
2010
2008
1870
1865
1407
1407
1405
1220
1221
1222
1218
1218
1217
1217
1258
1508
1508
1510
1517
1539
1596
1598
1897
1896
1868
1865
1404
1405
1242
1223
1216
1216
1515
1516
1516
1574
1590
1597
1596
1598
1599
1897
1899
1898
1901
1901
1402
1381
1388
1473
1474
1458
1519
1574
1574
1594
1593
1750
1893
1903
1383
1387
1390
1226
1046
1478
1473
1475
1457
1577
1577
1583
1583
1593
1629
1750
1759
1895
1894
1894
1903
1382
1383
1387
1283
1282
1047
1467
1461
1461
1462
1459
1450
1609
1576
1604
1581
1628
1628
1628
1748
1759
1758
1728
1894
1326
1318
1318
1282
1467
1465
1465
1470
1463
1453
1463
1606
1605
1603
1625
1625
1735
1321
1729
1326
1323
1319
1318
1318
1282
1067
1466
1469
1468
1453
1453
1451
1451
1605
1605
1600
1624
1625
1733
1733
1732
1734
1729
1321
1321
1317
1317
1315
1290
1290
1469
1455
1454
1449
1449
1733
1291
380
36
353
354
377
383
383
382
47
41
40
37
38
58
833
745
751
751
748
749
690
682
674
680
683
358
355
355
381
355
380
373
47
45
34
37
56
746
747
750
747
737
743
673
741
673
672
675
358
360
361
364
373
366
69
45
35
57
63
59
581
581
580
738
739
742
743
740
673
677
679
364
365
365
373
367
69
78
79
89
61
582
582
738
743
676
297
298
305
65
68
64
79
76
85
88
89
808
582
589
576
577
579
561
566
560
561
561
297
298
297
304
305
309
65
75
77
85
95
77
93
93
590
589
588
589
578
597
566
566
562
561
301
296
313
318
317
64
114
85
92
957
585
584
596
597
564
562
294
293
294
289
319
318
115
114
98
109
956
957
953
957
933
935
929
554
553
547
547
546
295
293
294
289
2003
97
99
103
102
948
959
959
932
935
929
554
546
545
1541
1545
1545
1999
1540
1998
2015
2000
2013
103
101
103
100
108
949
950
953
1241
933
935
1255
928
1250
1249
545
546
1549
1540
1537
1545
1543
2002
1998
2014
2014
2008
2009
1867
1864
1863
945
1406
1241
1231
1227
1219
1251
1249
1250
1248
1271
1249
1538
1549
1539
1536
2014
2011
2008
1861
1242
1243
1240
1228
1220
1256
1257
1591
1539
1589
1537
1596
1598
2010
2011
1865
1856
1405
1245
1246
1227
1242
1217
1225
1217
1258
1259
1259
1258
1519
1590
1590
1589
1597
1594
1917
1897
1917
1898
1901
1245
1245
1043
1226
1226
1262
1258
1518
1519
1519
1518
1591
1590
1594
1592
1916
1893
1892
1899
1889
1898
1902
1901
1383
1050
1042
1043
1047
1458
1457
1458
1456
1457
1575
1630
1593
1631
1631
1593
1895
1893
1893
1894
1326
1891
1382
1054
1052
1045
1044
1046
1047
1462
1458
1459
1457
1610
1611
1629
1621
1728
1890
1383
1323
1059
1042
1045
1044
1464
1465
1465
1462
1441
1609
1609
1627
1604
1625
1731
1890
1322
1323
1061
1066
1067
1094
1455
1455
1452
1446
1614
1612
1601
1626
1626
1622
1622
1622
1730
1731
1322
1323
1062
1061
1060
1065
1065
1093
1093
1455
1454
1448
1449
1614
1731
1449
50
49
353
353
381
380
383
383
142
143
40
37
37
36
57
49
48
745
748
748
749
741
675
704
674
675
352
353
355
320
138
139
32
33
33
57
56
54
746
54
746
748
747
741
735
675
336
354
367
372
71
72
33
73
62
63
53
53
581
581
736
743
737
742
740
730
731
679
336
339
364
366
71
71
74
73
73
88
89
61
583
591
60
582
576
576
730
730
730
574
731
679
729
299
364
305
314
356
69
66
76
75
75
94
91
91
590
591
576
633
632
568
298
298
315
313
65
67
66
94
95
93
92
90
590
586
590
577
589
597
599
598
597
574
566
569
563
291
290
315
317
313
317
312
112
117
116
93
587
586
585
603
596
598
559
567
567
569
290
291
291
319
318
316
113
113
117
104
587
958
584
603
594
552
553
291
290
288
1997
1997
2013
97
104
108
954
952
953
933
605
600
594
553
545
1547
1544
1999
1998
1997
2012
2013
102
103
109
108
108
955
953
1230
1230
1255
1251
1250
1250
1271
1545
1543
1998
2014
2015
2013
1866
1867
1862
1241
1241
1228
1230
1231
1254
1254
1249
1271
1549
1548
1536
1993
2011
1992
1931
1867
1867
1861
1860
1862
1246
1247
1242
1229
1225
1253
1261
1257
1266
1266
1267
1549
1537
1585
1596
1585
2011
1992
1914
1914
1857
1857
1858
1245
1246
1247
1227
1262
1256
1278
1267
1587
1588
1585
1917
1919
1919
1915
1915
1898
1859
1051
1051
1224
1037
1225
1263
1278
1279
1279
1278
1586
1589
1586
1584
1589
1594
1918
1917
1909
1889
1888
1900
1055
1050
1051
1048
1043
1041
1041
1040
1263
1262
1097
1145
1144
1144
1610
1610
1630
1631
1910
1889
1907
1891
1055
1052
1041
1047
1099
1097
1440
1441
1609
1610
1611
1630
1619
1905
1620
1890
1905
1890
1841
1055
1054
1059
1067
1045
1099
1095
1440
1442
1441
1613
1613
1612
1627
1619
1621
1617
1620
1621
1904
1844
1840
1056
1063
1061
1058
1067
1066
1088
1088
1095
1442
1447
1447
1614
1615
1626
1626
1617
1622
1623
1623
1730
1731
1845
1320
1063
1056
1063
1062
1062
1061
1064
1065
1065
1093
1095
1092
1444
1092
1445
1445
1447
1447
1446
51
705
332
327
327
324
320
142
142
139
143
143
224
225
50
51
49
764
766
765
766
766
761
741
705
707
706
707
321
320
322
323
137
138
139
32
50
225
55
51
54
765
764
766
767
761
734
723
723
720
337
321
323
323
323
137
136
139
62
63
55
54
52
53
52
53
637
765
767
734
722
723
336
338
337
339
345
71
181
137
72
62
61
198
583
637
734
517
633
732
728
336
286
339
286
339
314
261
314
345
181
70
74
94
91
90
199
199
199
638
637
635
516
571
729
568
287
286
315
260
313
66
67
183
66
94
116
221
91
220
221
602
599
634
632
559
571
569
569
287
290
257
180
257
119
116
119
117
223
221
220
587
204
623
585
598
603
598
558
552
550
550
275
274
289
273
113
256
112
117
111
605
586
604
606
601
595
595
595
559
553
550
544
275
289
1996
257
1921
118
119
111
111
110
110
955
954
605
607
601
594
600
593
593
557
557
545
549
1546
1547
1985
1990
1997
1921
111
1970
955
955
605
1255
1255
1269
1252
1270
1547
1547
1550
1546
1989
1995
1994
1930
1920
1920
1928
1861
1971
1863
1235
1233
1233
1230
1253
1253
1265
1268
1271
1551
1551
1551
1985
1989
1988
1995
1994
1931
1931
1866
1861
1862
1862
1234
1234
1237
1229
1261
1253
1276
1267
1264
1550
1551
2038
2037
1993
1993
1914
1914
1877
1859
1858
1246
1234
1239
1237
1237
1225
1260
1261
1277
1266
1278
1265
1587
1586
1587
1585
2037
2036
1919
1913
1912
1856
1859
1858
1874
1051
1874
1049
1048
1035
1037
1262
1274
1272
1639
1632
1635
1633
1919
1911
1909
1908
1859
1875
1874
1049
1049
1048
1036
1037
1037
1038
1096
1146
1144
1145
1144
1149
1637
1639
1634
1634
1911
1910
1908
1906
1906
1889
1850
1851
1055
1053
1053
1053
1033
1041
1097
1147
1149
1148
1637
1636
1637
1634
1635
1618
1618
1911
1905
1905
1844
1849
1842
1841
1059
1053
1071
1071
1098
1097
1443
1147
1149
1443
1608
1613
1661
1650
1616
1619
1619
1798
1844
1844
1840
1841
1057
1059
1068
1069
1088
1094
1442
1445
1442
1615
1613
1651
1617
1617
1798
1845
1847
1846
1847
1843
1057
1057
1069
1069
1092
1089
1089
1089
1095
1444
1445
1615
335
326
325
327
324
320
141
141
129
225
224
49
229
246
765
763
760
704
705
706
332
327
155
141
134
129
129
226
227
243
243
243
762
761
761
735
706
706
721
333
341
322
344
137
135
133
132
133
227
227
242
243
631
629
753
734
733
721
721
343
338
345
182
133
219
197
242
196
639
637
635
516
733
728
512
729
340
340
285
261
181
183
182
183
217
219
197
198
195
639
639
633
635
635
517
516
516
513
286
285
261
261
180
177
222
222
218
218
206
199
194
638
636
634
540
568
274
277
279
263
258
258
257
176
179
178
222
222
221
205
207
205
622
623
603
622
621
621
535
541
541
274
279
273
258
259
119
223
209
204
619
607
601
592
559
593
532
551
556
551
1986
275
273
272
273
1945
1923
1922
1922
1983
1972
606
607
593
557
551
548
1987
1987
1986
1984
1991
1990
1945
1923
1921
1920
1981
1971
1970
1232
1159
1157
1184
1269
549
1269
549
1985
1989
1985
1989
1990
1995
1929
1929
1928
1879
1971
1969
1233
1233
1157
1252
1185
1268
2019
2046
2043
2046
2042
1995
1931
1929
1876
1877
1876
1879
1234
1235
1239
1229
1210
1277
1277
1265
1265
2016
2017
2039
2037
1930
1912
1877
1878
1872
1873
1238
1238
1239
1237
1211
1261
1275
1277
1264
1638
2038
2038
1913
1912
1875
1874
1873
1035
1239
1039
1275
1273
1274
1273
1639
1632
2037
1814
1909
1909
1906
1853
1034
1033
1032
1039
1038
1039
1116
1146
1275
1147
1273
1632
1633
1652
1911
1906
1852
1850
1850
1035
1035
1033
1099
1117
1146
1151
1151
1149
1639
1661
1637
1634
1653
1652
1796
1907
1849
1848
1849
1851
1087
1085
1084
1070
1070
1071
1068
1117
1100
1151
1142
1660
1663
1658
1650
1653
1797
1799
1799
1847
1842
1842
1849
1056
1085
1080
1074
1068
1071
1099
1101
1128
1101
1131
1130
1129
1129
1663
1662
1650
1663
1650
1651
1799
1798
1847
1846
1842
1057
1080
1074
1077
1091
1090
1090
1090
1128
1129
1843
228
335
331
330
325
158
158
148
141
128
128
229
229
245
246
247
757
246
763
763
763
711
708
708
709
333
330
325
154
140
134
134
131
129
130
230
228
241
756
762
716
710
710
342
333
341
330
155
154
147
134
130
226
230
241
240
630
241
630
753
732
723
710
720
727
340
343
343
346
345
346
181
135
189
132
133
217
167
216
217
227
196
631
631
629
628
629
629
733
733
727
726
284
340
265
177
165
219
219
197
193
195
194
625
625
519
518
512
513
512
285
265
264
260
180
176
178
164
217
214
195
206
207
195
623
620
519
609
534
540
543
276
278
262
263
187
179
177
209
208
206
205
619
622
620
621
608
535
535
541
541
276
279
279
262
259
259
1922
178
1983
209
206
205
200
618
619
614
621
592
535
532
533
539
551
1987
1991
1944
1922
1944
1927
1925
1982
1981
1975
1974
1159
607
1156
531
533
557
549
1987
1991
1944
1927
1925
1980
1980
1982
1924
1981
1973
1972
1971
1969
1968
1159
1158
1158
1157
1157
1184
1184
1188
548
2019
1926
1927
1979
1969
1969
1161
1161
1162
1158
1184
1186
1185
1199
1198
2017
2019
2047
2042
2047
2041
2040
1935
1935
1933
1929
1933
1933
1878
1878
1959
1162
1182
1162
1210
1210
1186
1198
2017
2024
2046
2044
2040
2043
2041
1934
1935
1877
1878
1873
1180
1180
1182
1183
1169
1210
1276
1197
1196
1196
2016
2031
2031
2038
2039
1883
1912
1882
1884
1872
1031
1837
1183
1213
1213
1275
1200
1272
1641
1632
1641
2033
2033
1815
1811
1854
1838
1830
1838
1839
1837
1836
1030
1030
1029
1039
1212
1139
1138
1640
1642
1641
1646
1815
1815
1821
1855
1854
1852
1853
1839
1837
1086
1028
1029
1029
1033
1117
1117
1136
1137
1137
1643
1643
1652
1821
1855
1852
1852
1850
1086
1084
1077
1079
1078
1119
1126
1151
1123
1131
1142
1660
1654
1654
1654
1653
1655
1797
1799
1820
1796
1802
1848
1074
1079
1076
1079
1077
1091
1077
1119
1100
1131
1130
1131
1142
1663
1659
1660
1648
1648
1794
1795
1795
1795
1801
1803
1080
1091
1104
1101
1134
1134
1135
1129
1133
1648
329
331
159
158
157
148
148
149
229
231
244
245
245
244
247
759
759
718
713
708
709
335
328
330
153
154
153
145
145
149
131
230
246
756
757
757
718
717
711
708
715
351
347
346
154
152
152
144
130
130
234
241
630
753
753
717
710
727
349
347
346
190
165
166
167
167
235
255
193
253
521
725
727
726
285
283
267
267
265
189
188
165
165
166
215
214
193
193
192
626
627
625
625
520
518
512
283
265
190
215
215
213
201
617
624
611
519
542
518
543
277
282
271
262
187
187
178
175
211
201
616
610
617
609
539
543
542
276
262
187
1949
173
209
1983
210
202
201
202
617
614
608
615
532
529
538
538
539
276
278
1945
1946
1977
1983
200
1975
619
1165
1155
614
1154
531
533
537
2023
2022
2022
1947
1947
1927
1948
1925
1981
1978
1975
1973
1974
1958
1160
1155
1155
1187
1190
1188
2023
2047
2045
1947
1925
1932
1978
1979
1973
1956
1958
1959
1958
1162
1154
1186
1188
1186
1188
2018
2024
2047
2044
1936
1937
1942
1933
1953
1959
1161
1163
1208
1208
1197
1198
2025
2040
2044
2040
2045
1935
1883
1882
1881
1880
1884
1181
1180
1178
1182
1169
1211
1209
1214
1209
1200
1197
2026
2025
2034
2034
2033
1810
1883
1830
1880
1839
1031
1180
1183
1215
1213
1200
1202
1201
1641
2029
2032
1810
1810
1830
1838
1837
1833
1030
1030
1026
1116
1215
1213
1201
1139
1200
1138
1643
1643
1646
1813
1821
1810
1811
1831
1825
1833
1832
1086
1833
1029
1028
1027
1118
1118
1139
1136
1647
1647
1822
1821
1823
1820
1807
1826
1087
1078
1086
1079
1024
1118
1118
1122
1142
1662
1660
1822
1822
1807
1803
1825
1085
1105
1122
1135
1133
1649
1649
1648
1794
1795
1801
1801
1802
1801
1803
1803
1081
1074
1075
1075
1104
1104
1104
1121
1134
1135
1132
1073
329
159
151
245
249
758
718
719
712
713
329
328
158
153
151
233
230
248
248
758
759
718
715
715
351
146
144
145
162
235
254
752
755
716
724
351
153
163
234
235
626
523
266
266
191
161
167
164
214
626
520
520
271
283
186
188
160
172
175
161
211
611
522
523
271
184
185
175
211
203
611
534
528
543
281
281
270
173
173
1977
202
613
539
2023
281
2022
1949
1977
1977
1976
1975
1967
616
614
1152
615
1190
537
537
1946
1951
1948
1941
1967
1966
1967
1165
1155
1153
1191
2018
2018
2020
1947
1938
1937
1941
1940
1954
1956
1161
1164
1164
1187
1189
1189
1194
2026
2044
1939
1936
1942
1954
1955
1957
1956
1959
1166
1163
1168
1208
1198
1199
2026
2024
2024
2035
2035
1936
1881
1829
1955
1835
1953
1178
1179
1204
1204
2029
2029
2033
1808
1883
1181
1179
1176
1215
1207
1203
1642
2028
1808
1830
1829
1835
1834
1835
1027
1024
1215
1113
1644
2029
1814
1817
1827
1833
1024
1109
1113
1125
1139
1137
1644
1646
1813
1813
1816
1823
1817
1806
1826
1083
1113
1123
1122
1137
1656
1659
1655
1792
1806
1806
1082
1073
1107
1105
1120
1122
1143
1657
1657
1655
1795
1800
1805
1072
1073
1106
1106
1120
1133
1133
151
231
250
759
713
334
249
350
249
255
755
725
266
163
235
255
521
725
191
254
627
609
283
174
203
610
174
526
280
185
211
202
269
1949
1978
1967
2021
1978
1191
1941
1167
2026
1939
1953
1957
1167
1169
1936
1955
1206
1835
1178
1178
1169
1202
1809
1828
1110
1214
1202
1646
1808
1831
1827
1109
1113
1139
1645
1816
1826
1083
1109
1120
1125
1806
1804
1073
1107
1106
1819
149
334
350
149
162
755
233
754
349
349
213
253
253
523
191
213
281
185
610
613
612
529
1194
2020
2020
1164
1956
1153
1954
1195
1943
1204
1195
2034
1829
1834
1644
1025
1143
1659
1822
1819
1804
1120
1792
1805
1121
329
713
157
147
145
714
717
724
351
146
161
163
255
191
520
270
530
184
168
174
612
613
529
529
1938
1153
2027
1941
1953
2035
1166
1208
2027
1808
1829
1177
1205
1828
1026
1027
1111
1207
1202
2030
1027
1125
1644
1818
1083
1109
1659
1082
1082
1126
1656
1819
1805
151
232
250
719
156
163
266
161
212
526
522
270
210
613
269
1965
1964
528
2021
269
1165
1951
1951
1965
1194
1166
1938
1166
1203
1809
1176
1207
1812
1817
1083
1108
1645
1818
1793
150
714
232
754
754
156
233
253
724
348
627
191
212
523
172
526
168
169
530
168
169
1965
1152
1192
1194
2021
1938
1950
1952
1177
1943
1205
2030
1881
2030
1112
826
826
1813
1818
1025
1110
1124
1827
1125
1793
1107
1127
573
790
1422
573
573
790
790
791
573
791
791
572
524
239
525
525
525
524
348
268
169
1192
1950
1960
1193
1950
1943
1114
1177
1141
1205
826
1111
1824
1111
1140
1439
1963
1127
1236
1127
1292
1422
1102
1102
1170
1293
1141
1170
239
694
656
514
1175
268
238
656
656
251
1150
1961
1960
1961
1961
251
914
882
1114
914
1193
1193
1824
1244
1824
1963
1294
251
1963
1963
1542
1664
1962
1664
1472
1595
1170
1479
1343
236
1343
239
687
555
694
694
252
238
915
1175
1175
831
1343
555
1294
515
575
575
914
127
1115
575
514
1115
237
1542
1887
237
1962
515
1103
1103
913
1171
527
1595
170
1244
825
825
687
687
1172
686
1173
686
1173
906
1173
831
1487
1486
915
1486
1295
127
1295
536
788
788
536
1887
1886
1885
236
789
1885
1293
1887
1293
237
1487
527
913
913
827
1171
170
1171
570
570
827
570
824
827
1439
171
827
1423
1103
107
1103
107
106
123
831
1173
1520
107
1342
1295
1342
1885
1174
1886
106
105
123
824
171
127
1342
1174
