886
16
0
251
252
259
259
0
0
0
16
16
16
16
17
23
23
0
0
16
23
23
0
0
0
16
16
16
16
23
23
23
23
0
1
16
16
16
16
24
24
1
1
16
16
19
24
24
24
2
2
19
19
19
19
24
25
8
63
10
12
63
72
19
79
63
63
63
63
63
63
71
73
72
76
81
81
81
63
63
63
63
63
73
76
63
63
63
63
63
73
73
83
99
95
103
104
64
107
73
76
108
103
103
104
107
108
108
108
108
96
103
250
104
107
107
107
108
245
245
108
251
250
253
253
253
253
253
253
254
252
254
260
253
253
253
253
258
260
252
259
260
260
259
260
256
286
259
286
305
259
261
259
287
286
290
286
305
319
324
325
327
287
287
294
305
319
316
325
326
0
0
15
17
16
23
23
0
0
16
16
17
39
0
0
16
16
16
17
23
23
0
1
1
0
16
19
23
23
2
2
1
16
19
19
4
2
6
19
19
19
25
24
5
63
21
72
19
72
25
63
63
63
63
63
63
63
63
63
73
73
76
76
63
63
63
73
73
76
76
85
81
63
64
64
109
76
83
99
99
103
107
107
107
108
108
108
97
253
242
244
108
108
252
252
252
238
253
253
253
253
251
252
254
262
253
258
253
256
259
259
262
259
259
260
255
260
259
261
259
261
324
259
261
287
318
320
287
290
290
302
320
321
325
327
0
0
0
47
48
17
23
49
0
0
16
16
16
23
0
0
0
0
0
0
23
23
1
0
16
16
17
55
55
3
1
3
3
3
16
19
18
24
24
43
3
6
19
19
63
6
63
72
19
72
75
75
27
79
63
68
63
63
63
63
73
72
73
75
75
76
81
63
73
76
63
63
63
64
63
73
76
76
65
64
64
63
63
104
109
73
76
83
101
105
105
116
110
110
110
103
105
104
105
110
110
110
252
240
253
253
251
245
253
254
252
253
255
257
262
261
262
255
259
264
262
262
262
259
262
319
325
264
286
287
286
304
305
319
324
325
287
305
320
321
325
31
0
0
0
52
52
49
49
23
33
32
0
47
47
50
23
23
23
23
43
40
0
16
55
17
17
23
55
55
55
17
55
58
44
55
19
20
16
55
24
43
19
19
20
56
24
63
72
21
29
80
26
67
63
63
71
72
75
76
82
68
63
68
63
73
73
76
76
82
63
63
68
68
73
76
85
85
64
105
106
105
73
73
73
109
86
99
100
105
106
110
109
110
110
110
246
110
253
110
252
253
266
251
253
253
253
245
266
252
254
266
253
253
264
264
253
253
262
262
260
266
262
262
262
263
265
262
266
262
262
264
264
266
264
286
262
305
306
320
322
332
325
328
287
287
287
290
295
308
309
324
325
325
32
31
48
47
53
49
50
23
49
33
0
48
48
50
17
50
55
55
55
55
55
59
57
44
55
55
24
43
1
43
44
55
55
55
55
55
55
55
43
43
43
56
55
20
26
26
55
24
58
43
63
56
72
22
87
68
63
74
74
75
82
67
69
68
69
63
69
73
73
77
82
76
91
63
68
64
73
109
73
73
85
112
105
112
116
115
117
246
106
110
266
266
266
118
246
110
266
246
246
266
266
266
253
271
266
253
266
266
262
262
262
266
263
266
265
262
332
266
286
286
286
296
307
330
332
329
287
291
298
321
321
330
334
31
36
52
48
52
54
52
49
49
49
49
50
32
35
34
48
52
50
52
50
52
50
39
55
55
55
55
50
57
43
43
55
55
59
43
44
55
55
55
58
24
43
44
60
60
60
55
56
55
69
68
69
56
60
72
72
77
56
87
67
67
69
68
69
69
69
77
77
77
63
67
69
69
77
77
77
91
69
68
68
68
68
68
74
74
77
69
68
74
74
115
77
117
109
91
101
112
105
113
111
115
116
109
118
266
101
112
266
115
110
266
118
266
266
266
266
266
266
266
266
266
253
266
266
266
266
266
272
266
266
262
266
266
266
266
288
266
263
265
266
288
291
308
310
333
336
275
287
287
287
288
291
292
308
332
330
334
33
48
53
51
52
52
41
34
52
53
50
45
40
59
52
52
52
59
43
43
55
55
55
55
61
55
59
59
58
43
55
59
59
43
43
55
60
60
55
58
69
43
70
60
69
60
69
69
69
69
69
68
72
77
87
92
69
69
74
77
77
92
69
69
74
77
91
92
69
69
69
118
77
91
113
116
117
118
112
266
113
116
116
116
119
118
118
266
266
266
266
266
266
266
266
266
266
266
266
266
266
266
266
266
266
266
266
266
266
273
266
266
266
266
333
333
266
288
288
333
333
337
288
292
310
310
309
338
337
334
341
33
34
36
53
53
53
53
33
37
52
53
53
52
53
53
53
43
45
61
61
53
59
53
43
59
62
62
59
62
59
46
46
46
62
62
59
62
46
44
62
62
62
62
60
62
60
60
69
69
69
71
62
72
62
78
70
69
72
72
88
69
69
74
74
74
78
92
69
69
69
69
74
74
78
77
92
69
69
113
69
69
120
116
74
78
118
92
120
120
120
118
120
121
119
112
119
114
119
120
116
120
266
118
122
266
266
266
266
266
266
266
266
278
266
266
266
266
266
266
266
266
266
266
266
266
266
266
266
289
266
266
289
266
266
282
289
288
310
336
336
336
341
310
340
341
341
341
33
34
38
54
54
54
53
54
54
54
53
54
54
54
54
42
45
61
61
54
54
61
61
61
46
46
62
61
62
62
62
46
46
62
62
62
62
62
62
62
62
46
46
46
62
62
62
70
70
70
62
62
89
70
70
70
70
74
90
88
70
70
70
70
70
78
78
93
70
70
70
74
74
74
78
93
70
124
120
70
74
121
94
123
121
121
121
121
124
123
124
122
266
266
123
123
122
266
125
266
266
266
266
266
266
266
266
266
266
266
266
266
280
266
266
266
266
266
266
266
266
284
289
266
266
266
266
266
266
266
289
289
300
313
313
342
345
343
343
289
289
289
293
313
342
342
342
346
127
143
143
209
178
180
222
222
54
226
208
208
208
226
226
222
230
230
61
230
230
230
230
230
62
230
62
230
230
62
62
62
230
230
230
230
230
230
230
230
70
230
230
230
230
230
230
230
230
70
230
230
70
230
230
230
78
230
230
230
230
230
230
230
230
93
231
230
230
230
230
230
230
93
124
70
233
233
233
231
233
78
233
94
232
232
232
232
233
233
233
125
125
232
266
348
364
233
233
233
266
348
348
349
364
364
364
266
266
365
349
266
364
266
365
369
350
266
351
266
364
266
266
344
266
364
266
289
356
313
345
372
372
373
289
293
356
313
356
372
373
175
129
206
208
143
143
176
179
143
143
207
222
226
208
226
226
226
230
230
230
226
230
230
230
230
230
230
230
230
230
230
230
230
230
230
230
230
230
230
230
230
230
230
230
230
230
230
230
230
230
230
230
230
230
230
230
230
230
230
230
230
230
230
230
230
230
230
230
230
230
230
230
230
230
230
231
230
230
230
232
232
231
233
233
231
233
233
233
233
233
233
233
233
233
233
232
232
233
348
233
233
368
349
348
348
349
348
364
364
385
349
351
349
351
364
364
364
365
357
356
350
351
357
351
356
364
388
357
357
364
372
373
357
356
357
374
357
356
357
372
372
372
375
380
174
210
131
175
133
213
143
213
182
213
181
210
227
226
226
227
226
226
213
209
230
230
230
230
222
230
230
230
230
230
230
230
230
230
230
230
230
230
230
230
230
230
230
230
230
230
230
230
230
230
230
230
230
230
230
230
230
230
230
230
230
230
230
230
230
230
230
230
230
230
230
230
230
230
230
230
230
231
230
231
230
230
230
231
231
230
230
231
232
232
231
233
231
233
233
233
231
233
232
233
233
233
233
233
352
232
348
348
233
233
364
233
233
349
349
349
364
364
364
364
349
352
349
349
364
364
365
370
350
354
351
354
364
364
364
364
365
369
357
358
357
357
357
359
364
364
376
369
357
358
357
359
357
357
357
374
376
376
357
358
357
375
377
376
135
139
183
143
213
213
213
210
222
227
212
213
227
227
213
227
230
222
230
230
227
227
230
230
230
230
230
230
230
230
230
230
230
230
230
230
230
230
230
230
230
230
230
230
230
230
230
230
230
230
230
230
230
230
230
230
230
230
230
230
230
230
230
230
230
230
230
230
230
230
230
230
230
230
230
230
231
230
230
230
231
230
231
230
232
232
232
232
231
231
231
233
233
231
232
233
233
233
233
233
232
232
233
354
233
233
352
352
354
354
354
364
365
391
352
354
354
354
364
364
353
352
354
360
364
364
365
365
370
358
358
359
362
362
364
364
362
362
358
362
362
359
376
378
376
379
358
363
359
359
359
376
379
211
137
184
211
148
141
186
143
143
213
143
223
227
212
227
213
213
228
213
230
230
230
230
230
230
230
230
230
230
230
230
230
230
230
230
230
230
230
230
230
230
230
230
230
230
230
230
230
230
230
230
230
230
230
230
230
230
230
230
230
230
230
230
230
230
230
230
230
230
230
230
230
230
230
230
230
230
230
230
231
231
232
232
231
232
231
233
231
233
233
232
232
232
233
233
233
233
233
233
232
352
233
233
354
354
364
233
233
233
352
352
355
354
364
364
364
366
355
355
355
355
364
364
371
353
352
355
364
364
360
362
362
362
361
364
365
367
363
362
362
362
378
379
379
363
363
378
379
379
154
214
160
215
188
158
216
190
151
192
214
223
214
228
228
228
230
230
234
228
230
230
234
230
234
234
230
234
230
230
234
230
234
234
230
234
234
230
230
230
234
230
230
234
230
230
234
234
234
234
234
230
230
230
234
230
230
230
234
230
234
230
234
230
234
230
230
234
234
230
230
234
234
232
234
233
233
234
234
234
234
235
234
234
233
233
236
233
235
233
397
355
401
355
364
443
398
398
401
355
401
401
450
442
365
355
403
404
364
450
394
403
362
362
364
365
363
362
403
362
378
450
379
416
363
418
452
452
452
378
155
160
215
215
216
216
191
194
193
224
223
228
228
228
228
217
228
234
223
234
234
234
234
234
234
234
234
234
234
234
234
234
234
234
234
234
234
234
234
234
234
234
234
234
234
234
234
234
234
234
234
234
234
234
234
234
234
234
234
234
234
234
234
234
234
234
234
234
234
234
234
234
234
234
234
234
234
234
234
234
234
234
234
234
234
234
234
234
234
234
234
234
234
234
234
234
234
234
236
402
235
236
431
433
428
397
402
401
402
402
444
432
402
402
443
450
443
398
398
403
401
404
403
404
404
404
450
450
450
450
399
400
403
403
404
404
450
450
450
451
450
403
403
404
404
450
450
413
417
403
450
452
453
156
161
219
162
217
196
219
224
218
214
214
229
219
228
234
234
224
224
234
228
234
234
234
234
234
234
234
234
234
234
234
234
234
234
234
234
234
234
234
234
234
234
234
234
234
234
234
234
234
234
234
234
234
234
234
234
234
234
234
234
234
234
234
234
234
234
234
234
234
234
234
234
234
234
234
234
234
234
234
234
234
234
405
409
237
235
237
235
402
409
446
446
446
446
448
405
405
409
409
409
409
445
446
398
405
451
451
451
451
405
409
409
411
411
451
451
451
406
411
411
404
411
451
451
451
451
451
420
411
422
411
424
419
425
452
452
218
170
164
166
168
198
219
202
224
225
225
229
219
229
219
220
229
234
234
234
234
234
234
234
229
234
234
234
234
234
234
234
234
234
234
234
234
234
234
234
234
234
234
234
234
234
234
234
234
234
234
234
234
234
234
234
234
234
234
234
234
234
234
234
234
234
234
234
234
234
234
234
234
234
234
234
234
234
234
234
234
234
234
234
234
234
234
234
234
234
234
234
234
234
409
235
236
237
435
235
237
409
409
409
410
434
437
439
405
409
409
454
446
455
446
405
405
409
409
409
451
456
456
455
405
411
409
409
456
457
457
456
406
411
411
412
412
411
457
457
457
407
422
411
426
411
457
457
452
457
457
200
170
220
170
202
204
220
221
220
229
229
221
221
225
234
234
234
234
229
234
229
234
234
234
234
234
234
234
234
234
234
234
234
234
234
234
234
234
234
234
234
234
234
234
234
234
234
234
234
234
234
234
234
234
234
234
234
234
234
234
234
234
234
234
234
234
234
234
234
234
234
234
234
234
234
234
234
234
234
234
234
234
235
234
234
234
234
234
234
234
234
236
236
410
237
237
235
235
405
405
410
410
446
446
435
449
405
410
410
410
410
446
446
446
405
410
410
410
454
456
456
455
455
405
412
412
456
457
456
457
457
405
405
412
412
457
457
457
457
408
420
421
412
412
427
457
457
509
221
170
170
525
529
530
530
531
203
225
527
527
527
532
532
229
532
234
234
509
527
527
234
532
234
459
527
532
532
532
532
541
234
527
234
532
532
532
234
511
528
234
528
532
234
234
511
234
234
532
532
234
528
234
528
532
532
587
528
528
528
532
532
234
532
635
234
587
595
234
234
587
572
587
595
597
603
234
234
234
587
234
587
587
597
598
234
405
235
598
436
611
438
657
587
587
587
410
598
598
446
587
587
587
598
598
661
587
587
587
598
456
587
412
412
598
457
457
457
661
406
587
587
412
598
457
615
589
423
587
598
457
598
598
661
460
509
527
525
531
531
509
527
527
532
532
532
532
532
532
527
527
532
458
509
527
527
527
527
532
532
459
510
527
532
532
542
462
512
528
528
528
528
532
532
532
532
532
543
466
528
528
532
532
532
544
468
511
528
528
528
532
532
532
470
587
528
532
532
532
636
587
587
587
587
587
587
595
603
604
637
587
587
587
587
595
597
595
595
605
587
587
587
598
597
598
597
604
587
587
587
587
587
587
598
587
587
598
612
661
587
587
587
598
598
598
661
661
587
587
587
598
598
615
661
587
587
587
598
598
598
661
587
587
587
587
598
598
616
587
587
587
598
598
615
661
661
473
527
525
529
531
530
545
474
509
509
527
527
527
527
532
532
461
527
527
527
532
532
532
477
527
527
532
532
532
532
548
478
477
510
527
528
528
527
532
532
532
464
528
528
528
532
532
532
532
512
528
528
528
528
532
532
532
513
512
512
528
528
532
532
532
481
587
528
532
532
532
587
587
595
587
595
595
595
605
587
597
638
641
587
587
587
651
587
587
587
598
598
598
611
657
587
587
587
598
598
598
612
661
587
587
587
587
587
587
598
598
598
598
598
661
587
587
587
587
598
598
661
616
587
587
587
598
598
616
661
587
587
587
587
598
598
661
587
587
587
589
587
598
598
616
661
661
473
513
513
527
525
526
529
530
531
532
530
527
527
532
532
532
532
474
527
527
527
532
532
532
532
532
532
478
513
527
527
532
532
532
550
479
527
527
527
528
532
532
532
532
513
528
528
528
532
532
481
513
528
528
528
532
532
532
532
532
481
528
528
532
532
532
532
532
514
513
528
528
595
532
587
587
587
605
639
643
587
587
587
587
595
597
596
605
596
654
641
642
587
587
587
587
598
597
597
605
658
574
587
587
587
598
611
663
587
587
587
587
598
598
613
663
587
587
587
587
587
587
598
612
664
664
587
587
587
598
598
664
587
587
587
587
598
598
598
617
664
587
587
587
598
598
598
616
617
587
589
587
598
598
598
617
514
515
526
526
531
530
514
527
527
532
532
558
479
527
527
532
532
532
532
552
480
514
527
527
532
532
528
527
527
532
532
532
514
515
528
528
532
532
532
532
554
483
483
514
514
528
528
532
532
532
484
516
528
528
528
528
528
532
532
485
587
528
528
528
596
596
532
532
647
587
587
587
596
596
607
645
587
587
587
587
596
609
649
587
587
587
587
597
597
660
587
587
598
598
598
598
659
587
587
598
598
598
663
663
587
587
587
598
598
613
614
663
587
587
598
598
598
664
587
587
587
587
587
598
598
617
664
576
587
587
598
598
598
617
664
587
587
587
587
587
587
598
598
598
618
664
664
556
475
517
527
526
537
529
531
537
530
527
527
535
527
532
518
518
535
527
532
532
532
488
518
527
535
537
532
532
480
527
532
537
532
532
532
532
515
528
528
528
532
559
488
519
519
528
528
537
532
532
532
528
536
532
532
519
528
528
532
532
587
591
591
587
587
596
596
599
619
608
648
592
587
596
597
596
650
592
592
587
592
599
597
598
598
599
610
621
578
587
587
598
599
622
660
678
587
587
592
587
598
598
598
598
622
614
587
587
592
598
600
663
587
587
587
587
587
598
600
600
618
580
598
598
618
664
587
587
587
598
627
618
587
587
598
601
598
628
664
517
533
537
537
539
518
533
533
537
537
537
537
537
537
539
488
535
537
537
537
540
488
518
537
537
519
536
536
536
537
537
537
540
540
488
519
536
536
536
537
537
540
536
536
537
537
537
537
540
488
519
519
536
538
538
538
538
538
538
540
540
488
488
536
536
538
619
591
591
591
591
599
599
582
592
592
592
599
599
619
679
677
679
677
592
592
592
592
599
599
622
621
592
592
592
599
599
599
678
592
592
592
599
599
599
622
678
678
592
592
592
592
600
600
600
622
685
592
592
592
592
600
600
685
592
592
592
592
592
600
600
600
600
629
592
592
592
592
592
592
600
600
600
629
627
685
592
592
592
592
592
601
600
601
601
628
630
488
488
533
533
533
533
537
537
537
537
539
537
537
537
539
488
518
535
535
537
537
537
537
540
540
499
518
535
537
537
537
537
540
488
520
536
537
537
537
537
537
499
499
521
520
520
536
536
537
537
540
520
536
537
537
537
540
488
500
536
536
536
536
537
560
536
536
536
599
538
538
538
540
591
591
592
599
599
623
665
679
592
592
592
599
623
679
679
584
592
592
599
623
680
592
592
592
592
599
680
680
592
599
624
680
592
592
592
600
600
622
592
592
592
600
600
600
600
625
685
592
592
592
600
600
600
600
631
685
592
592
592
592
592
600
600
600
600
629
686
687
592
592
601
600
687
493
534
534
534
537
537
537
537
539
539
495
521
521
535
534
537
539
497
535
535
537
537
537
540
566
521
536
535
537
537
537
537
499
499
521
536
536
536
537
537
540
562
521
536
536
536
536
537
537
540
540
564
500
521
536
536
536
536
537
537
540
500
521
536
538
538
538
540
591
536
536
538
538
540
540
593
591
593
591
599
599
599
599
681
668
593
593
592
599
599
683
683
592
592
592
592
599
599
623
684
684
592
593
599
599
623
623
592
592
593
593
592
593
592
599
599
600
599
624
684
593
592
592
593
593
600
600
625
624
686
593
593
593
593
600
600
592
592
593
592
600
600
632
592
593
600
600
600
600
688
593
592
592
593
600
602
602
631
688
521
521
534
534
537
537
537
537
521
521
523
534
537
537
539
567
501
521
535
535
535
537
537
502
503
536
535
536
535
540
521
536
537
537
537
537
537
536
537
537
537
537
540
505
524
536
536
537
537
537
540
568
504
524
522
536
538
538
538
540
593
593
536
538
538
538
623
671
593
599
599
682
593
593
593
599
599
623
684
683
593
593
593
593
599
599
593
593
593
593
599
599
599
599
684
593
593
684
684
593
593
593
626
593
593
593
593
600
600
626
689
593
593
593
593
593
593
600
600
600
600
689
690
593
600
632
633
593
593
593
593
593
602
600
602
633
691
507
523
693
693
693
693
693
539
693
523
693
535
693
693
539
693
693
523
535
535
537
693
693
537
540
570
693
693
693
693
693
537
540
693
693
693
693
693
693
540
693
536
693
537
693
693
537
693
693
693
536
693
536
693
538
693
693
693
593
693
693
693
538
693
540
674
693
693
693
693
693
693
693
593
693
593
693
599
599
599
623
693
593
593
593
693
693
693
623
684
593
693
693
593
693
693
693
593
593
693
599
693
693
599
599
624
693
684
695
695
593
695
600
600
690
695
695
695
697
600
696
697
701
701
697
600
703
634
703
709
711
701
731
701
703
600
735
716
703
736
731
751
754
763
634
802
799
692
693
693
693
693
693
693
693
693
693
693
693
693
693
693
693
693
693
693
693
693
693
693
693
693
693
693
693
693
693
693
693
693
693
693
693
693
693
693
693
693
693
693
693
693
693
693
693
693
693
693
693
693
693
693
693
693
693
693
693
693
693
693
693
693
693
693
693
693
693
693
693
693
693
693
693
693
693
693
693
693
693
693
693
693
693
693
693
693
693
693
693
693
693
693
693
693
693
693
693
693
693
693
693
693
693
693
693
693
694
693
693
693
693
693
693
693
693
693
695
695
695
695
695
695
695
696
696
696
696
697
695
695
695
695
696
696
701
703
703
703
703
703
701
711
701
717
732
736
716
724
804
757
731
731
806
769
809
693
693
693
693
693
693
693
693
693
693
693
693
693
693
693
693
693
693
693
693
693
693
693
693
693
693
693
693
693
693
693
693
693
693
693
693
693
693
693
693
693
693
693
693
693
693
693
693
693
693
693
693
693
693
693
693
693
693
693
693
693
693
693
693
693
693
693
693
693
693
693
693
693
693
693
693
693
693
693
693
693
693
693
693
693
693
693
693
693
693
693
693
693
693
693
693
693
693
693
693
693
693
693
694
695
695
695
695
695
695
696
696
695
695
698
698
695
695
696
696
702
698
697
698
698
702
701
702
703
698
703
711
725
733
732
717
735
736
736
812
825
814
760
816
819
735
822
693
693
693
693
693
693
693
693
693
693
693
693
693
693
693
693
693
693
693
693
693
693
693
693
693
693
693
693
693
693
693
693
693
693
693
693
693
693
693
693
693
693
693
693
693
693
693
693
693
693
693
693
693
693
693
693
693
693
693
693
693
693
693
693
693
693
693
693
693
693
693
693
693
693
693
693
693
693
693
693
693
693
693
693
693
693
693
693
693
693
693
693
693
693
693
693
693
693
693
693
693
693
693
693
693
693
693
694
694
693
693
693
695
695
694
695
695
696
696
696
696
696
696
696
695
695
695
695
695
695
695
698
696
696
698
704
704
704
704
726
710
702
733
733
719
736
717
828
831
834
837
837
693
693
693
693
693
693
693
693
693
693
693
693
693
693
693
693
693
693
693
693
693
693
693
693
693
693
693
693
693
693
693
693
693
693
693
693
693
693
693
693
693
693
693
693
693
693
693
693
693
693
693
693
693
693
693
693
693
693
693
693
693
693
693
693
693
693
693
693
693
693
693
693
693
693
693
693
693
693
693
693
693
693
693
693
693
693
693
693
693
693
693
693
693
693
693
693
693
693
693
693
693
693
693
693
693
693
693
693
693
693
693
693
694
693
694
693
694
695
695
695
694
696
696
695
695
695
698
696
702
698
702
702
699
698
704
699
702
728
712
712
733
718
737
738
719
842
844
846
733
766
775
837
863
772
693
693
693
693
693
693
693
693
693
693
693
693
693
693
693
693
693
693
693
693
693
693
693
693
693
693
693
693
693
693
693
693
693
693
693
693
693
693
693
693
693
693
693
693
693
693
693
693
693
693
693
693
693
693
693
693
693
693
693
693
693
693
693
693
693
693
693
693
693
693
693
693
693
693
693
693
693
693
693
693
693
693
693
693
693
693
693
693
693
693
693
693
693
693
693
694
693
693
694
693
693
695
695
695
695
695
695
695
695
694
696
696
699
695
695
699
695
695
696
696
705
699
702
702
705
704
704
707
704
707
704
728
734
734
712
704
737
737
728
778
848
864
739
737
867
865
738
738
693
693
693
693
693
693
693
693
693
693
693
693
693
693
693
693
693
693
693
693
693
693
693
693
693
693
693
693
693
693
693
693
693
693
693
693
693
693
693
693
693
693
693
693
693
693
693
693
693
693
693
693
693
693
693
693
693
693
693
693
693
693
693
693
693
693
693
693
693
693
693
693
693
693
693
693
693
693
693
693
693
693
693
693
693
693
693
693
693
693
693
693
693
693
693
693
693
693
693
693
693
693
693
693
693
694
694
693
693
693
693
694
695
696
696
696
696
695
695
695
695
699
696
699
705
699
705
699
705
707
739
720
739
739
721
707
739
850
854
739
870
781
693
693
693
693
693
693
693
693
693
693
693
693
693
693
693
693
693
693
693
693
693
693
693
693
693
693
693
693
693
693
693
693
693
693
693
693
693
693
693
693
693
693
693
693
693
693
693
693
693
693
693
693
693
693
693
693
693
693
693
693
693
693
693
693
693
693
693
693
693
693
693
693
693
693
693
693
693
693
693
693
693
693
693
693
693
693
693
693
693
693
693
693
693
693
694
693
693
693
693
693
695
695
695
695
696
696
696
696
696
696
700
695
695
700
696
696
700
696
705
705
705
705
705
705
707
700
713
741
713
713
740
713
720
741
741
721
743
852
858
856
787
784
874
880
693
693
693
693
693
693
693
693
693
693
693
693
693
693
693
693
693
693
693
693
693
693
693
693
693
693
693
693
693
693
693
693
693
693
693
693
693
693
693
693
693
693
693
693
693
693
693
693
693
693
693
693
693
693
693
693
693
693
693
693
693
693
693
693
693
693
693
693
693
693
693
693
693
693
693
693
693
693
693
693
693
693
693
693
693
693
693
693
693
693
693
693
693
693
693
693
693
693
693
693
693
693
694
693
693
693
693
695
695
694
694
696
696
695
695
695
695
695
695
695
695
695
700
696
700
696
705
705
700
700
705
708
713
741
705
722
723
722
708
858
858
790
741
745
744
747
693
693
693
693
693
693
693
693
693
693
693
693
693
693
693
693
693
693
693
693
693
693
693
693
693
693
693
693
693
693
693
693
693
693
693
693
693
693
693
693
693
693
693
693
693
693
693
693
693
693
693
693
693
693
693
693
693
693
693
693
693
693
693
693
693
693
693
693
693
693
693
693
693
693
693
693
693
693
694
693
693
695
695
695
695
694
696
694
696
695
696
705
705
705
705
705
708
708
713
713
741
741
723
706
741
793
741
858
858
796
877
883
746
