790
0
0
0
0
0
0
0
0
0
0
0
0
0
0
0
0
0
0
0
0
0
0
0
0
0
0
0
0
0
0
0
0
0
0
0
0
0
0
0
0
0
0
0
0
0
0
0
0
0
0
0
0
0
0
0
0
0
0
0
0
0
0
0
0
0
0
0
0
0
0
0
0
0
0
0
0
0
0
0
0
0
0
0
0
0
0
0
0
0
0
0
0
0
0
0
0
0
0
0
0
0
0
0
0
0
0
0
0
0
0
0
0
0
0
0
0
0
0
0
0
0
0
0
0
0
0
0
0
0
0
0
0
0
0
0
0
0
0
0
2
2
2
2
3
4
16
19
19
19
5
19
19
5
19
19
19
61
61
61
61
77
77
96
156
205
202
204
206
203
181
205
77
233
96
235
97
259
0
0
0
0
0
0
0
0
0
0
0
0
0
0
0
0
0
0
0
0
0
0
0
0
0
0
0
0
0
0
0
0
0
0
0
0
0
0
0
0
0
0
0
0
0
0
0
0
0
0
0
0
0
0
0
0
0
0
0
0
0
0
0
0
0
0
0
0
0
0
0
0
0
0
0
0
0
0
0
0
0
0
0
0
0
0
0
0
0
0
0
0
0
0
0
0
0
0
0
0
0
0
0
0
0
0
0
0
0
0
0
0
0
0
0
0
0
0
0
0
0
0
0
0
0
0
0
0
0
0
0
0
0
0
0
0
0
0
0
0
0
0
0
0
0
0
0
0
0
0
0
0
0
0
0
0
0
0
0
0
0
0
0
0
0
0
0
0
0
0
0
0
0
0
0
0
0
0
0
0
0
0
0
0
0
0
0
0
0
0
0
0
0
0
0
0
0
0
0
0
0
0
0
0
0
0
0
0
0
0
0
0
0
0
0
0
0
0
0
0
0
0
0
0
0
0
0
0
0
0
0
0
0
0
0
0
0
0
0
0
0
0
0
0
0
0
0
0
0
0
0
0
0
0
0
0
0
0
0
0
0
0
0
0
0
0
0
0
0
0
0
0
0
0
0
0
0
0
0
0
0
0
0
0
0
0
0
0
0
0
0
0
0
0
0
0
0
0
0
0
0
0
0
0
0
0
0
0
0
0
0
0
0
0
0
0
0
0
0
0
0
0
0
0
0
0
0
0
0
1
0
1
2
0
1
2
0
1
1
0
2
1
1
2
0
1
5
0
3
3
0
3
4
16
17
17
4
16
18
19
5
5
19
5
5
5
19
11
11
19
19
5
19
32
61
61
61
33
61
63
78
77
77
39
81
39
81
83
83
47
93
100
49
99
124
128
205
61
210
181
181
215
215
181
182
183
230
234
189
263
267
98
291
296
197
99
208
0
0
0
0
0
0
0
0
0
0
0
0
0
0
0
0
0
0
0
0
0
0
0
0
0
0
0
0
0
0
0
0
0
0
0
0
0
0
0
0
0
0
0
0
0
0
0
0
0
0
0
0
0
0
0
0
0
0
0
0
0
0
0
0
0
0
0
0
0
0
0
0
0
0
0
0
0
0
0
0
0
0
0
0
0
0
0
0
0
0
0
0
0
0
0
0
0
0
0
0
0
0
0
0
0
0
0
0
0
0
0
0
0
0
0
0
0
0
0
0
0
0
0
0
0
0
0
0
0
0
0
0
0
0
0
0
0
0
0
0
0
0
0
0
0
0
0
0
0
0
0
0
0
0
0
0
0
0
0
0
0
0
0
0
0
0
0
0
0
0
0
0
0
0
0
0
0
0
0
0
0
0
0
0
0
0
0
0
0
0
0
0
0
0
0
0
0
0
0
0
0
0
0
0
0
0
0
0
0
0
0
0
0
0
0
0
0
0
0
0
0
0
0
0
0
0
0
0
0
0
0
0
0
0
0
0
0
0
0
0
0
0
0
0
0
0
0
0
0
0
0
0
0
0
0
0
0
0
0
0
0
0
0
0
0
0
0
0
0
0
0
0
0
0
0
0
0
0
0
0
0
0
0
0
0
0
0
0
0
0
0
0
0
0
0
0
0
0
0
0
0
0
0
0
0
0
0
2
0
2
0
2
2
0
2
0
2
0
0
0
1
2
0
2
0
0
3
0
0
20
20
17
4
17
17
21
19
5
21
5
21
5
5
21
19
5
21
5
5
21
62
61
62
63
65
78
78
79
39
41
81
81
82
100
101
102
104
61
212
132
136
211
158
61
213
183
214
62
215
216
215
183
216
183
79
189
240
82
83
242
189
236
100
103
191
301
242
242
271
0
0
0
0
0
0
0
0
0
0
0
0
0
0
0
0
0
0
0
0
0
0
0
0
0
0
0
0
0
0
0
0
0
0
0
0
0
0
0
0
0
0
0
0
0
0
0
0
0
0
0
0
0
0
0
0
0
0
0
0
0
0
0
0
0
0
0
0
0
0
0
0
0
0
0
0
0
0
0
0
0
0
0
0
0
0
0
0
0
0
0
0
0
0
0
0
0
0
0
0
0
0
0
0
0
0
0
0
0
0
0
0
0
0
0
0
0
0
0
0
0
0
0
0
0
0
0
0
0
0
0
0
0
0
0
0
0
0
0
0
0
0
0
0
0
0
0
0
0
0
0
0
0
0
0
0
0
0
0
0
0
0
0
0
0
0
0
0
0
0
0
0
0
0
0
0
0
0
0
0
0
0
0
0
0
0
0
0
0
0
0
0
0
0
0
0
0
0
0
0
0
0
0
0
0
0
0
0
0
0
0
0
0
0
0
0
0
0
0
0
0
0
0
0
0
0
0
0
0
0
0
0
0
0
0
0
0
0
0
0
0
0
0
0
0
0
0
0
0
0
0
0
0
0
0
0
0
0
0
0
0
0
0
0
0
0
0
0
0
0
0
0
0
0
0
0
0
0
0
0
0
0
0
0
0
0
0
0
0
0
0
0
0
0
0
0
0
0
0
0
0
0
0
0
0
0
0
0
0
0
0
0
0
0
0
0
0
2
0
2
0
0
2
0
5
0
2
2
2
1
2
0
0
0
5
3
20
4
8
4
20
21
22
21
5
21
21
10
6
21
21
21
21
5
62
32
62
33
62
21
64
34
79
80
80
42
21
81
81
84
109
108
51
106
218
62
218
160
185
185
186
218
184
186
237
241
86
244
243
190
84
243
243
191
275
112
191
306
217
279
0
0
0
0
0
0
0
0
0
0
0
0
0
0
0
0
0
0
0
0
0
0
0
0
0
0
0
0
0
0
0
0
0
0
0
0
0
0
0
0
0
0
0
0
0
0
0
0
0
0
0
0
0
0
0
0
0
0
0
0
0
0
0
0
0
0
0
0
0
0
0
0
0
0
0
0
0
0
0
0
0
0
0
0
0
0
0
0
0
0
0
0
0
0
0
0
0
0
0
0
0
0
0
0
0
0
0
0
0
0
0
0
0
0
0
0
0
0
0
0
0
0
0
0
0
0
0
0
0
0
0
0
0
0
0
0
0
0
0
0
0
0
0
0
0
0
0
0
0
0
0
0
0
0
0
0
0
0
0
0
0
0
0
0
0
0
0
0
0
0
0
0
0
0
0
0
0
0
0
0
0
0
0
0
0
0
0
0
0
0
0
0
0
0
0
0
0
0
0
0
0
0
0
0
0
0
0
0
0
0
0
0
0
0
0
0
0
0
0
0
0
0
0
0
0
0
0
0
0
0
0
0
0
0
0
0
0
0
0
0
0
0
0
0
0
0
0
0
0
0
0
0
0
0
0
0
0
0
0
0
0
0
0
0
0
0
0
0
0
0
0
0
0
0
0
0
0
0
0
0
0
0
0
0
0
0
0
0
0
0
0
0
0
0
0
0
0
0
0
0
0
0
0
0
0
0
0
0
0
0
0
0
0
0
0
0
0
0
0
0
0
0
0
0
0
0
1
1
0
2
2
2
0
2
0
2
0
1
1
2
1
1
0
2
0
3
1
0
3
24
23
24
24
24
24
6
24
24
6
6
24
24
24
6
25
6
27
11
26
6
69
62
62
62
73
73
64
67
85
85
85
86
86
86
43
87
54
113
109
114
140
144
163
218
166
185
185
185
222
218
224
186
248
190
248
246
248
192
192
311
218
0
0
0
0
0
0
0
0
0
0
0
0
0
0
0
0
0
0
0
0
0
0
0
0
0
0
0
0
0
0
0
0
0
0
0
0
0
0
0
0
0
0
0
0
0
0
0
0
0
0
0
0
0
0
0
0
0
0
0
0
0
0
0
0
0
0
0
0
0
0
0
0
0
0
0
0
0
0
0
0
0
0
0
0
0
0
0
0
0
0
0
0
0
0
0
0
0
0
0
0
0
0
0
0
0
0
0
0
0
0
0
0
0
0
0
0
0
0
0
0
0
0
0
0
0
0
0
0
0
0
0
0
0
0
0
0
0
0
0
0
0
0
0
0
0
0
0
0
0
0
0
0
0
0
0
0
0
0
0
0
0
0
0
0
0
0
0
0
0
0
0
0
0
0
0
0
0
0
0
0
0
0
0
0
0
0
0
0
0
0
0
0
0
0
0
0
0
0
0
0
0
0
0
0
0
0
0
0
0
0
0
0
0
0
0
0
0
0
0
0
0
0
0
0
0
0
0
0
0
0
0
0
0
0
0
0
0
0
0
0
0
0
0
0
0
0
0
0
0
0
0
0
0
0
0
0
0
0
0
0
0
0
0
0
0
0
0
0
0
0
0
0
0
0
0
0
0
0
0
0
0
0
0
0
0
0
0
0
0
0
0
0
0
0
0
0
0
0
0
0
0
0
0
0
0
0
0
0
0
0
0
0
0
0
0
0
2
6
0
1
2
1
7
0
2
2
0
2
2
0
0
2
1
0
3
3
1
0
7
28
24
6
24
24
24
12
24
24
24
6
29
24
7
30
12
7
27
6
70
69
74
74
73
74
74
35
34
87
74
88
87
44
88
116
110
111
120
56
218
70
169
148
173
171
218
175
185
218
185
218
218
186
186
248
187
87
251
193
248
255
255
195
195
316
115
256
0
0
0
0
0
0
0
0
0
0
0
0
0
0
0
0
0
0
0
0
0
0
0
0
0
0
0
0
0
0
0
0
0
0
0
0
0
0
0
0
0
0
0
0
0
0
0
0
0
0
0
0
0
0
0
0
0
0
0
0
0
0
0
0
0
0
0
0
0
0
0
0
0
0
0
0
0
0
0
0
0
0
0
0
0
0
0
0
0
0
0
0
0
0
0
0
0
0
0
0
0
0
0
0
0
0
0
0
0
0
0
0
0
0
0
0
0
0
0
0
0
0
0
0
0
0
0
0
0
0
0
0
0
0
0
0
0
0
0
0
0
0
0
0
0
0
0
0
0
0
0
0
0
0
0
0
0
0
0
0
0
0
0
0
0
0
0
0
0
0
0
0
0
0
0
0
0
0
0
0
0
0
0
0
0
0
0
0
0
0
0
0
0
0
0
0
0
0
0
0
0
0
0
0
0
0
0
0
0
0
0
0
0
0
0
0
0
0
0
0
0
0
0
0
0
0
0
0
0
0
0
0
0
0
0
0
0
0
0
0
0
0
0
0
0
0
0
0
0
0
0
0
0
0
0
0
0
0
0
0
0
0
0
0
0
0
0
0
0
0
0
0
0
0
0
0
0
0
0
0
0
0
0
0
0
0
0
0
0
0
0
0
0
0
0
0
0
0
0
0
0
0
0
0
0
0
0
0
0
0
0
0
0
0
0
0
0
0
7
1
1
0
0
2
1
0
0
2
2
0
1
2
1
1
7
2
1
0
0
3
1
7
28
28
28
28
28
28
7
28
7
7
29
7
29
7
7
29
30
30
30
30
14
31
7
71
71
75
75
74
35
89
76
36
89
89
89
45
29
90
91
116
117
118
121
31
122
218
218
218
218
75
218
218
76
75
218
226
186
252
188
253
194
257
195
196
283
123
321
218
331
566
331
331
0
331
331
0
566
0
0
566
0
0
0
0
0
0
566
566
573
0
0
0
574
344
0
344
0
345
342
0
0
566
566
0
0
566
566
0
0
0
0
0
573
575
581
574
345
0
345
345
345
566
0
0
566
624
566
566
0
566
0
566
566
569
0
575
0
626
345
345
345
0
345
345
0
596
0
620
624
624
0
0
626
0
0
345
345
0
345
345
0
598
0
620
624
624
0
624
626
626
0
626
0
0
626
345
345
0
345
345
345
345
0
600
0
613
598
620
0
625
0
625
0
0
0
626
627
0
0
0
345
345
345
0
601
613
620
625
625
627
627
627
0
0
0
345
0
345
345
345
345
628
0
628
632
0
636
625
636
644
644
0
645
645
627
652
345
0
345
345
345
0
0
628
628
632
0
0
637
640
644
645
0
652
0
345
345
345
345
345
345
345
629
628
0
629
0
634
0
640
640
640
0
646
0
646
646
652
0
345
0
345
345
345
0
345
345
345
0
629
629
629
634
640
0
641
640
0
646
0
0
646
646
653
653
391
345
349
346
345
629
629
641
0
641
641
0
646
0
0
392
0
0
0
399
0
660
0
660
661
661
661
661
668
0
676
676
0
0
676
676
0
0
0
395
403
0
405
0
0
399
660
661
661
0
668
0
0
676
676
680
0
0
396
0
0
405
0
406
0
664
0
666
666
0
0
0
666
669
668
0
676
677
685
680
0
403
0
457
2
406
664
1
666
666
7
666
0
666
666
672
2
672
2
684
0
685
458
7
28
29
29
667
7
667
667
666
12
30
688
30
688
688
688
458
460
28
72
76
667
667
89
89
46
673
673
688
688
119
58
688
152
476
177
476
476
477
218
480
218
667
228
667
667
89
667
673
92
673
258
688
287
688
196
688
476
667
326
566
566
334
331
331
331
331
336
566
566
566
566
566
566
566
566
566
566
566
566
569
573
574
573
574
581
345
342
345
344
338
566
566
566
566
566
566
566
566
566
566
566
566
566
569
573
574
345
345
345
345
345
566
566
612
566
566
624
566
566
566
566
566
626
626
576
575
576
581
345
345
345
345
345
345
597
612
612
613
620
624
624
624
624
624
626
626
626
626
626
626
626
626
345
345
345
345
345
345
345
598
596
598
613
620
620
624
624
624
626
626
626
626
626
345
345
345
345
345
345
600
599
613
620
621
624
624
625
624
626
627
626
627
627
627
627
627
345
345
345
345
345
345
345
601
602
613
625
625
625
625
627
627
627
627
627
627
627
627
345
345
345
345
345
345
628
628
628
620
636
636
625
637
637
644
627
345
345
345
345
345
345
628
628
632
632
640
636
636
636
637
644
644
645
345
345
345
345
345
345
628
628
629
629
628
634
634
634
640
640
647
644
647
645
644
652
345
345
345
345
345
629
629
629
634
641
641
640
646
647
646
647
652
351
345
401
401
660
353
629
660
629
634
661
634
661
661
641
641
676
646
676
647
647
680
653
391
400
402
400
402
401
402
660
660
660
661
661
661
668
668
676
676
680
680
392
402
406
406
660
660
660
660
661
661
661
668
668
676
676
681
677
677
680
681
397
395
396
404
403
405
406
406
666
666
666
666
666
666
666
668
669
669
676
676
676
684
685
685
681
454
454
455
456
406
666
664
666
666
666
672
672
684
684
685
685
685
459
459
455
460
460
457
664
667
664
666
667
666
666
667
673
672
688
689
688
689
688
689
478
466
478
476
460
461
479
664
468
664
667
667
667
667
667
667
673
673
689
688
689
688
688
689
470
478
478
479
479
481
482
664
664
667
667
667
667
667
667
667
667
673
673
673
673
688
689
689
689
689
688
689
688
689
689
566
573
334
340
335
335
339
337
566
566
566
566
566
566
566
566
566
566
566
566
566
572
573
573
574
590
584
343
344
345
344
345
566
566
566
566
566
566
566
566
566
566
566
566
571
576
578
585
588
345
345
345
345
345
345
566
566
616
566
566
566
624
566
624
566
624
566
566
576
586
578
345
345
345
345
345
345
345
345
604
597
621
624
624
624
626
626
626
626
626
626
626
345
345
345
345
345
345
345
345
599
605
614
622
624
624
624
624
624
626
626
626
626
626
626
345
345
345
345
345
345
345
345
608
599
599
615
616
622
625
625
625
627
627
626
627
627
626
627
627
345
345
345
345
345
603
602
602
618
622
622
625
625
625
625
625
627
627
627
627
627
627
627
345
345
345
345
345
345
630
628
630
632
638
636
636
639
637
639
644
627
648
648
645
648
652
345
345
345
628
628
630
628
628
632
640
633
640
639
639
648
640
648
650
644
650
650
652
345
345
345
345
345
630
634
635
640
640
640
647
647
645
650
652
345
345
345
345
345
345
345
345
631
629
629
631
629
640
634
642
641
640
641
650
650
647
650
653
653
345
408
345
345
411
401
345
345
662
631
660
662
634
642
641
642
668
641
678
650
682
654
655
393
407
411
402
413
413
662
662
662
661
662
661
662
668
668
670
676
678
679
677
681
679
683
415
398
415
415
404
405
416
416
663
663
661
661
663
663
661
663
663
668
671
668
679
679
683
417
415
404
406
418
406
416
664
416
666
663
666
666
663
669
671
671
676
679
679
679
677
685
683
686
462
417
484
468
406
665
666
664
666
666
666
666
666
666
674
684
687
685
687
685
687
462
498
463
498
466
468
502
486
664
666
667
666
667
667
667
666
673
674
690
689
689
689
689
464
465
498
467
479
508
509
664
667
667
667
667
667
667
675
673
689
689
689
690
689
690
473
498
478
498
498
508
483
664
667
667
667
667
667
667
675
675
689
689
691
691
689
689
691
334
334
335
340
335
566
566
566
566
566
566
566
566
566
566
572
577
579
591
345
361
345
341
343
566
566
566
566
566
566
566
566
566
566
566
566
580
578
580
594
345
345
362
345
345
566
604
566
566
566
624
566
566
566
626
566
578
626
580
626
345
345
605
606
622
624
624
624
624
626
626
626
626
626
626
626
626
626
345
345
365
345
365
345
607
606
616
623
624
624
624
624
626
626
626
626
626
626
626
345
345
345
345
345
345
609
616
616
624
623
625
625
625
624
627
627
627
627
345
345
367
345
345
367
608
608
610
610
618
625
625
625
625
625
625
625
627
627
627
627
627
627
345
345
345
345
345
345
371
630
630
633
638
639
649
627
648
649
627
649
649
656
345
345
345
371
345
371
630
345
630
630
633
638
639
651
649
651
656
656
345
373
345
345
345
373
345
630
630
630
635
642
642
643
651
651
650
651
651
656
345
374
345
374
374
630
631
631
635
642
642
642
642
651
651
651
651
374
345
345
412
356
345
631
662
631
631
662
642
642
642
670
651
651
678
678
682
658
408
409
419
416
413
662
662
662
662
663
662
662
670
670
670
678
678
679
682
683
419
419
415
663
663
663
663
663
670
670
671
679
679
679
683
419
419
416
419
416
665
663
666
666
666
671
671
686
679
679
686
679
686
679
683
492
420
417
421
488
422
665
666
666
666
666
674
674
687
687
687
687
687
687
513
490
495
504
498
524
665
666
667
667
666
666
666
667
667
674
674
674
674
690
690
690
690
498
514
498
498
526
509
506
509
526
665
665
667
667
667
667
667
667
675
675
675
674
675
690
691
691
690
690
691
690
498
498
526
498
507
509
665
667
667
667
667
667
667
667
675
675
691
691
691
691
691
667
729
359
361
361
362
361
362
362
698
566
698
698
729
566
729
566
729
759
732
566
759
759
760
592
579
761
361
362
362
362
566
566
566
566
698
743
566
729
566
774
566
775
580
775
580
359
361
361
362
362
362
362
698
698
566
743
743
566
566
624
774
774
580
580
775
595
363
360
361
365
366
366
607
698
698
616
698
616
623
623
624
745
751
624
774
626
774
774
775
626
626
775
775
365
363
365
366
700
698
616
623
624
624
751
751
751
774
626
775
626
626
626
775
626
775
364
365
366
366
609
610
700
616
700
625
625
752
752
752
625
627
776
626
777
777
777
369
369
369
367
369
370
369
619
700
755
625
755
625
625
627
627
776
777
627
777
777
627
371
371
371
371
369
700
630
700
630
700
630
638
755
638
639
755
776
649
627
649
777
777
656
371
372
630
371
700
630
700
757
700
755
638
778
639
778
651
778
778
651
372
373
373
372
630
702
630
714
630
706
635
635
757
757
642
642
757
778
778
778
778
651
778
778
778
656
374
373
374
707
630
721
758
642
758
642
780
778
651
778
780
657
410
374
374
374
412
374
374
431
414
721
631
725
725
662
635
635
758
643
642
780
780
780
780
682
780
430
419
431
431
414
433
725
662
662
758
662
662
663
670
670
670
780
781
678
781
780
432
432
419
419
725
663
725
725
758
758
679
781
781
683
781
781
434
419
435
419
435
435
436
437
665
725
666
725
725
758
666
758
666
666
758
671
781
781
679
679
781
683
510
434
435
436
525
727
727
725
666
666
758
666
758
674
781
674
781
781
781
781
781
520
524
525
524
524
727
667
727
667
666
758
758
667
666
674
758
781
781
781
781
690
781
781
781
526
526
527
524
527
527
524
727
667
667
758
781
758
781
690
781
781
690
691
781
515
516
526
528
526
529
727
727
727
667
758
758
667
758
781
675
781
691
781
691
691
781
781
532
375
763
375
361
375
375
698
698
698
699
735
735
729
736
737
729
738
763
759
765
765
762
766
359
361
375
375
375
362
699
698
698
699
698
743
744
743
744
763
774
774
763
775
765
775
375
375
362
366
375
362
698
699
698
698
699
746
744
743
774
774
774
775
775
775
365
375
375
698
698
698
699
745
746
745
774
775
775
775
775
775
375
365
365
375
366
375
698
698
698
751
751
752
751
774
774
775
375
365
375
375
366
375
700
700
752
752
752
776
776
777
777
777
777
777
370
375
375
375
375
375
375
700
700
700
755
756
776
776
776
777
777
777
777
375
371
375
375
700
700
755
756
756
756
755
756
756
776
778
776
777
777
777
777
777
777
777
371
375
375
375
700
700
700
756
757
757
755
757
755
778
778
778
778
778
778
375
372
376
375
704
708
757
757
778
778
778
778
778
778
778
374
379
378
374
378
721
716
758
758
758
758
758
758
778
778
778
778
780
778
780
779
374
423
425
379
380
427
725
725
758
758
758
758
780
780
780
780
780
780
430
432
433
431
431
431
725
725
725
758
758
758
758
758
781
781
780
780
780
780
781
780
438
438
433
433
433
725
725
725
758
758
758
758
781
781
781
781
781
438
438
436
435
437
437
725
726
725
725
758
758
758
758
758
758
758
781
781
781
781
781
781
781
781
781
517
435
525
437
437
725
727
727
758
758
758
758
781
758
781
781
781
781
781
525
525
536
553
525
555
525
525
727
727
758
758
758
758
781
781
781
781
781
781
781
522
527
525
553
527
527
727
727
758
758
758
758
758
781
781
781
781
781
781
540
527
527
527
530
727
727
727
727
727
727
758
758
758
781
781
781
781
781
781
781
758
692
383
375
739
736
739
741
740
770
770
770
763
764
765
766
766
375
383
375
699
375
699
699
744
742
747
774
763
782
782
775
775
375
383
375
375
375
699
699
746
749
746
747
782
775
782
782
375
375
375
375
383
375
699
699
749
746
751
782
774
775
775
383
375
375
375
375
700
699
699
751
751
753
774
776
775
782
775
775
383
383
375
375
375
700
700
701
752
753
777
782
782
777
777
375
383
383
375
375
383
700
700
700
701
752
752
756
752
782
782
782
777
383
375
383
700
701
756
756
756
783
776
782
777
375
384
700
384
700
701
757
756
778
778
783
778
783
778
384
376
375
375
385
712
718
757
757
757
757
783
783
785
778
785
783
377
381
378
378
722
722
722
758
757
758
758
784
784
785
785
778
785
438
386
381
726
726
758
758
758
784
785
780
785
780
785
443
438
439
440
440
443
447
446
450
758
758
758
758
758
784
781
785
785
785
443
443
440
447
448
726
726
726
758
758
758
758
758
786
781
786
788
788
788
441
441
440
448
726
758
758
758
758
786
781
786
786
788
788
788
543
550
554
728
726
758
758
758
758
787
786
781
788
788
537
548
552
555
728
728
728
728
758
758
758
758
787
781
781
781
788
788
538
728
556
728
728
758
758
758
758
758
787
781
781
788
781
788
543
553
553
555
728
758
758
758
781
787
787
781
788
781
781
728
383
383
699
699
771
772
387
741
770
782
375
389
383
699
782
699
750
748
782
782
782
387
383
699
753
782
782
782
383
753
753
782
782
383
389
701
701
756
782
782
782
782
389
389
701
701
701
756
756
756
782
782
782
384
384
389
701
757
783
385
386
757
783
785
783
388
389
726
723
757
784
785
784
381
448
451
726
726
726
758
758
785
785
442
758
758
786
786
785
785
785
785
443
726
726
758
789
789
443
726
726
758
786
786
788
543
450
728
758
758
786
786
788
546
559
557
728
758
758
787
787
788
789
547
728
758
758
787
788
559
728
787
789
387
782
782
770
749
383
389
699
782
753
782
782
388
390
701
701
782
701
783
783
389
785
386
444
726
758
785
758
785
452
789
786
443
726
787
786
787
789
728
728
767
772
742
770
387
389
782
750
782
699
389
701
782
390
782
783
783
710
757
758
785
444
451
785
786
443
758
786
726
758
789
726
758
758
559
728
758
787
788
788
389
770
699
782
782
782
387
754
753
782
389
782
782
388
701
757
756
757
757
713
758
758
758
758
558
758
562
787
789
563
758
787
699
699
750
742
782
699
753
390
782
388
390
756
782
783
388
390
757
784
785
785
445
726
758
444
452
726
444
445
726
786
559
548
559
728
758
787
390
699
770
770
773
390
390
782
390
701
782
754
782
701
390
701
390
783
390
757
390
723
758
785
726
785
758
758
453
758
789
789
786
549
561
564
787
789
560
728
758
390
771
750
782
782
390
390
699
750
699
754
782
754
782
756
701
756
724
785
445
453
789
728
561
758
758
565
782
