936
95
0
0
63
63
95
95
95
114
65
63
96
111
111
111
114
114
114
12
14
65
103
97
115
117
14
72
72
105
106
115
117
32
79
315
81
106
338
115
115
342
118
226
283
316
331
338
338
342
342
342
287
283
287
317
331
331
338
338
338
342
342
236
238
238
424
317
331
338
342
342
408
408
424
424
424
424
426
426
426
426
426
432
346
376
428
428
424
429
426
408
430
430
430
430
429
430
432
431
431
431
431
431
392
431
431
431
431
431
431
431
431
431
436
400
416
431
431
431
431
431
431
431
436
436
436
436
416
416
431
431
431
431
431
431
431
436
438
401
416
431
431
431
431
431
431
431
431
431
431
431
431
431
438
438
418
401
431
431
431
431
431
438
418
431
431
431
431
431
431
431
431
431
431
431
438
4
2
4
1
4
5
6
64
63
64
64
64
64
95
95
95
95
95
111
112
112
112
111
114
114
114
8
14
14
7
14
63
64
64
95
96
95
96
95
96
95
111
112
113
114
114
114
8
9
13
14
15
74
72
71
72
74
96
98
98
105
96
97
103
112
115
112
117
117
114
118
40
36
44
46
73
74
74
72
105
105
106
106
103
106
116
115
116
117
117
118
34
41
226
226
44
226
83
80
82
105
105
105
330
106
338
116
116
342
117
117
118
224
230
227
284
227
284
317
315
316
331
330
338
338
338
338
338
342
342
342
342
342
342
228
226
232
236
227
285
317
317
331
331
338
338
338
338
338
342
338
342
342
342
342
232
232
234
236
289
288
290
318
317
424
331
338
338
338
338
338
342
342
342
342
376
377
408
424
424
424
424
424
424
424
424
424
426
426
426
426
426
426
426
426
426
426
432
432
432
376
378
424
424
428
424
428
424
428
429
429
426
426
426
429
426
426
429
432
432
432
392
393
408
430
430
430
430
428
428
430
430
430
430
430
430
429
430
430
429
429
430
429
430
429
430
429
432
432
392
409
409
431
430
431
431
431
431
431
431
431
431
431
431
431
431
431
431
433
433
432
393
416
416
431
431
431
431
431
431
431
431
431
431
431
431
436
431
436
436
436
400
416
431
431
431
431
431
431
431
431
431
431
431
431
431
436
436
436
400
400
416
431
431
431
431
431
431
431
431
431
431
431
431
431
431
431
436
400
416
416
431
431
431
431
431
431
431
431
431
431
431
431
431
431
431
431
431
431
438
438
438
401
418
418
431
431
431
431
431
431
431
431
431
431
431
431
431
431
431
431
438
438
401
418
431
431
431
431
431
431
431
431
431
431
431
431
431
431
431
431
431
438
438
401
418
431
431
431
431
431
431
431
431
431
431
431
431
431
431
438
438
438
438
438
438
418
64
119
16
4
5
20
64
67
69
64
95
95
95
99
101
95
95
95
119
112
112
113
120
114
121
16
18
15
15
15
64
20
65
68
64
68
64
69
96
95
95
96
101
119
119
119
120
120
122
122
8
24
25
75
66
77
77
66
100
98
96
107
100
107
98
98
98
102
119
112
125
117
114
122
42
10
24
25
48
15
75
74
105
107
105
107
106
116
125
117
125
125
118
125
38
230
45
52
240
47
87
88
85
91
105
107
332
107
339
106
339
116
342
125
125
118
229
230
231
240
292
285
291
318
319
339
338
339
339
342
342
342
232
242
231
239
286
318
321
332
338
339
338
339
339
343
342
342
232
244
244
237
237
246
239
289
290
295
332
332
339
338
339
339
339
342
342
343
342
342
342
343
380
408
410
424
424
424
424
424
424
424
424
424
426
426
426
426
426
426
426
426
426
426
432
432
408
428
424
424
428
424
424
429
426
426
429
426
426
429
432
432
394
411
430
430
428
430
430
430
428
430
430
430
429
430
429
429
430
429
432
430
432
349
395
395
409
431
431
431
431
431
431
431
431
431
431
430
431
431
431
433
433
432
393
395
411
417
431
431
431
431
431
431
431
431
431
431
431
431
431
431
431
431
436
436
400
417
431
431
431
431
431
431
431
431
431
431
431
431
436
436
402
416
431
431
431
431
431
431
431
431
431
431
431
431
431
431
431
431
436
402
401
368
416
431
431
431
431
431
431
431
431
431
431
431
431
431
431
431
438
438
363
402
416
431
431
431
431
431
431
431
431
431
431
431
431
431
431
438
438
438
438
419
431
431
431
431
431
431
431
431
431
431
431
431
431
438
438
401
401
402
419
418
431
431
431
431
431
431
431
431
431
431
431
431
431
431
431
431
431
431
431
431
431
431
431
438
438
431
431
20
21
16
16
16
17
20
67
67
67
67
69
70
69
99
99
101
101
101
101
101
119
119
119
119
120
119
121
120
121
121
16
17
67
68
67
69
69
100
99
99
100
99
101
101
119
119
120
122
18
24
22
25
25
76
21
68
77
69
78
78
100
107
101
102
107
102
119
125
125
120
122
126
24
25
61
28
62
75
76
77
78
78
107
108
107
108
109
110
123
125
125
125
125
125
125
50
54
62
87
88
92
320
108
107
107
339
124
125
125
343
125
343
240
240
241
240
292
294
320
319
332
333
339
339
339
339
339
339
343
343
343
343
343
240
242
242
242
240
242
243
297
293
295
319
320
333
339
339
339
343
343
343
343
245
248
244
244
242
246
296
296
322
321
332
333
339
339
339
339
343
343
343
343
343
343
380
410
410
410
424
424
424
424
424
424
424
424
426
426
426
426
426
426
432
432
411
381
424
411
424
428
428
428
429
429
426
429
426
426
426
429
426
429
432
432
432
394
394
430
430
430
430
428
430
430
430
430
430
429
430
430
430
430
432
432
432
432
395
411
431
431
431
431
431
431
430
431
431
431
430
431
431
431
431
432
433
433
395
395
431
431
431
431
431
431
431
431
431
431
431
431
431
431
431
431
431
431
436
436
403
431
417
431
431
431
431
431
431
431
431
431
431
431
436
436
403
417
417
431
431
431
431
431
431
431
431
431
431
431
431
431
431
436
438
438
402
402
417
431
431
431
431
431
431
431
431
431
431
431
431
431
431
431
438
419
431
431
431
431
431
431
431
431
431
431
431
431
431
431
431
431
438
402
403
419
419
431
431
431
431
431
431
431
431
431
431
431
431
431
431
431
438
438
402
419
419
431
431
431
431
431
431
431
431
431
431
431
431
431
431
431
431
431
431
438
438
438
431
438
129
17
17
21
135
21
67
67
67
70
99
99
99
99
101
101
101
119
119
119
119
190
120
121
17
17
21
21
135
68
70
70
70
100
100
160
99
218
198
101
101
119
119
120
122
122
26
19
23
143
76
68
77
78
70
102
100
102
108
218
102
123
125
125
218
125
218
125
122
56
143
27
30
76
77
78
108
218
108
109
218
125
125
125
125
125
59
61
147
61
62
255
255
89
93
170
94
326
326
172
108
340
108
110
218
340
124
340
125
125
343
344
125
344
241
252
241
241
241
241
294
299
299
320
328
335
339
339
340
340
339
345
343
343
343
343
345
242
267
242
243
275
299
297
298
328
333
335
335
339
339
340
339
339
343
345
345
343
245
245
247
247
303
303
328
322
335
340
340
343
343
343
382
412
410
424
425
424
424
424
424
424
427
426
426
427
426
426
426
426
426
432
432
383
384
412
424
428
424
424
424
424
425
426
426
426
427
429
427
426
429
427
427
432
432
352
394
411
430
430
430
430
428
430
428
429
430
429
430
430
430
429
430
434
429
432
432
355
413
411
431
431
431
431
431
431
430
431
431
431
431
431
431
431
431
432
434
434
395
417
413
431
431
431
431
431
431
431
431
431
431
431
431
431
431
431
431
437
433
437
437
436
404
420
417
431
431
431
431
431
431
431
431
431
431
431
431
431
431
431
431
436
437
437
403
417
431
431
431
431
431
431
431
431
431
431
431
431
431
437
436
439
406
417
420
417
431
431
431
431
431
431
431
431
431
431
431
431
431
431
431
431
438
439
438
406
419
422
431
431
431
431
431
431
431
431
431
431
431
431
431
438
438
439
438
439
406
419
431
431
431
431
431
431
431
431
431
431
431
431
431
431
431
438
438
438
406
419
419
431
431
431
431
431
431
431
431
431
431
431
431
431
431
439
438
431
137
190
127
129
136
137
162
162
158
162
164
158
165
164
164
165
192
191
196
191
192
197
197
192
197
193
197
193
142
128
129
138
162
159
162
159
165
160
218
194
218
198
218
198
218
192
198
198
218
198
144
144
144
143
145
162
162
160
162
165
165
165
165
218
218
218
218
218
218
218
218
143
148
149
145
146
143
166
162
171
161
165
161
165
172
161
218
218
218
218
218
218
218
148
147
147
149
149
168
299
170
218
218
218
218
218
218
218
218
218
344
254
256
255
256
255
299
301
328
328
335
334
340
340
340
340
340
340
340
344
345
345
268
268
269
276
328
328
335
335
335
335
340
340
340
340
340
340
340
345
345
345
345
345
267
268
269
270
277
305
303
328
328
425
340
340
427
340
340
340
340
345
345
345
345
345
345
358
386
425
425
425
425
425
425
427
427
427
427
427
427
427
427
434
434
434
385
414
425
428
425
428
425
425
427
427
427
427
429
427
429
427
429
434
434
396
412
412
428
430
430
428
430
428
430
430
429
430
430
430
430
430
430
430
429
430
429
434
434
434
398
399
412
413
431
431
431
431
430
431
431
431
431
431
431
431
431
431
431
434
398
398
420
431
431
431
431
431
431
431
431
431
431
431
431
437
437
434
437
420
431
431
431
431
431
431
431
431
431
431
431
431
431
437
437
437
437
404
420
431
431
431
431
431
431
431
431
431
431
431
431
431
431
437
437
437
372
406
422
431
422
431
431
431
431
431
431
431
431
431
431
431
431
431
431
431
431
439
439
406
406
422
431
431
431
431
431
431
431
431
431
431
431
431
431
431
439
439
439
406
406
422
431
431
431
431
431
431
431
431
431
431
431
431
431
431
439
439
406
422
422
422
431
422
431
431
431
431
431
431
431
431
431
431
431
431
431
431
431
431
431
431
431
439
439
439
431
129
130
131
138
139
139
162
162
164
174
164
164
164
194
195
196
204
196
197
197
212
210
197
197
197
197
214
132
144
144
145
145
139
162
162
186
165
165
165
165
218
198
198
198
218
198
218
198
218
218
144
144
144
154
154
162
162
182
165
165
189
218
218
218
218
218
218
218
218
218
218
156
156
144
145
184
163
163
165
165
165
218
218
218
218
218
218
218
218
218
218
218
218
218
218
218
256
149
256
156
157
157
256
171
185
171
187
327
171
323
189
173
218
218
218
218
218
218
218
344
218
256
256
256
256
259
301
301
328
336
336
340
341
341
341
341
341
341
344
344
345
345
271
268
271
271
281
302
302
305
329
328
336
336
340
341
340
341
345
345
345
345
268
272
271
272
269
306
329
329
336
337
341
341
341
341
341
345
427
345
345
345
345
414
415
425
425
425
425
425
425
425
425
427
427
427
427
427
427
434
434
387
414
415
428
425
428
428
425
425
428
427
429
427
429
427
429
429
427
434
434
396
414
430
430
430
428
430
430
430
429
430
430
430
434
396
399
399
431
431
431
430
431
431
431
431
431
431
431
431
431
431
431
431
434
434
434
421
431
431
431
431
431
431
431
431
431
431
431
431
431
431
431
437
434
437
404
421
431
431
431
431
431
431
431
431
431
431
431
431
431
437
437
405
404
420
431
431
431
431
431
431
431
431
431
431
431
431
439
420
423
431
431
431
431
431
431
431
431
431
431
431
431
431
431
431
431
431
439
431
439
439
406
406
422
422
431
431
431
431
431
431
431
431
431
431
431
431
431
431
431
439
439
439
439
422
406
423
431
431
431
431
431
431
431
431
431
431
431
431
431
431
431
431
439
439
439
439
407
423
431
431
431
431
431
431
431
431
431
431
431
431
431
431
431
431
431
439
439
439
431
139
179
133
134
139
174
440
176
175
176
178
179
440
179
205
204
202
206
205
208
207
211
212
214
215
216
150
151
139
155
139
183
176
189
180
189
188
456
205
205
209
218
218
213
464
218
217
152
154
156
155
184
185
186
186
189
218
218
218
218
218
218
464
218
218
218
218
218
155
444
157
157
157
157
184
185
187
187
189
458
218
218
218
218
218
218
218
261
156
157
263
260
187
307
187
327
189
189
341
218
218
218
218
218
218
265
262
263
263
452
309
308
329
329
329
454
336
336
341
341
341
341
341
345
468
345
345
344
344
271
271
273
279
310
311
329
336
341
341
341
341
345
345
345
272
273
274
273
425
282
476
312
313
329
329
337
341
341
488
341
427
345
345
345
492
492
492
345
388
389
472
425
425
425
425
425
425
427
427
427
427
427
427
494
427
435
435
390
397
415
425
425
482
425
428
425
425
425
427
429
429
427
427
429
427
435
495
435
435
397
397
415
430
428
430
483
430
430
428
428
430
430
429
565
430
430
429
430
430
435
429
596
435
435
399
415
415
431
431
431
431
565
431
431
431
431
431
430
431
431
435
399
566
421
421
431
431
431
431
431
431
431
431
598
431
431
431
431
431
437
437
405
405
421
421
431
431
431
431
431
431
431
431
600
431
431
600
431
437
437
437
405
421
431
431
431
575
431
431
575
576
431
431
431
431
431
431
431
431
437
437
437
406
423
431
431
431
431
431
431
431
431
431
578
431
431
604
604
431
431
431
431
610
439
406
423
423
589
431
431
431
589
431
431
431
431
431
431
431
431
431
439
439
439
406
423
423
431
589
431
589
431
431
431
431
431
431
623
431
439
439
406
423
431
431
431
431
431
431
431
431
589
431
431
612
431
431
431
431
624
431
439
439
439
407
431
439
457
440
440
440
440
440
440
440
456
440
456
456
457
456
457
465
465
464
464
465
464
464
440
441
441
441
440
440
440
440
457
457
456
456
457
464
465
464
464
465
465
441
442
442
441
441
443
441
443
457
459
458
459
457
457
466
464
465
464
465
464
442
444
445
442
447
443
447
447
458
459
459
458
459
458
466
466
466
466
467
467
467
444
444
452
454
447
454
445
454
446
446
454
446
454
458
460
459
460
470
470
466
469
467
471
448
454
454
454
454
460
460
461
460
460
460
468
470
471
471
471
469
450
449
473
451
453
474
452
454
454
454
478
454
455
479
461
488
461
462
470
493
468
471
471
469
471
472
474
473
477
476
478
478
490
488
491
488
493
492
495
493
493
480
473
475
477
478
477
478
478
479
479
489
491
489
489
495
493
495
495
486
486
486
487
486
486
486
482
484
489
496
498
494
495
500
495
495
487
483
487
565
487
565
565
565
487
565
565
597
496
596
498
596
596
596
596
501
502
565
565
566
565
566
566
566
565
565
565
565
565
598
596
599
599
596
596
599
596
567
566
567
567
566
568
568
568
568
600
598
600
600
598
600
599
600
599
600
599
569
567
567
567
568
568
571
568
572
600
600
600
600
602
600
569
573
574
575
576
576
571
576
604
604
604
605
605
600
600
606
600
608
608
608
579
573
577
574
580
578
575
575
576
604
604
605
605
607
610
609
589
577
589
589
580
589
589
578
589
578
592
580
604
604
605
605
605
605
610
625
610
581
589
589
589
589
589
589
589
589
589
589
589
589
612
612
615
619
619
623
625
625
625
585
589
589
589
589
589
589
589
589
589
589
589
589
589
589
589
589
589
612
616
612
617
621
620
620
624
624
625
624
625
626
626
440
504
440
504
440
504
440
504
504
504
533
457
504
457
457
504
504
504
465
504
504
504
465
440
504
504
533
441
441
440
457
504
504
457
457
465
504
504
465
504
533
441
442
504
442
442
443
505
504
459
533
457
505
504
505
465
466
504
465
444
505
505
447
505
507
505
505
533
507
505
505
466
466
505
444
506
444
445
506
509
454
459
460
509
533
460
509
510
510
466
467
467
453
453
508
533
508
508
454
508
454
509
461
460
512
461
509
470
510
510
511
471
511
471
512
512
454
512
454
512
454
512
512
490
512
491
463
512
470
512
471
512
515
473
518
518
475
512
512
521
512
478
479
512
525
537
529
493
512
512
531
531
518
518
478
478
525
479
490
527
490
527
529
491
493
494
529
531
531
495
531
485
518
549
518
523
526
487
525
527
528
496
529
494
529
503
532
532
495
532
553
487
565
627
549
526
565
526
643
528
565
530
597
499
660
597
661
661
597
565
565
627
627
565
643
565
643
643
566
643
643
598
597
659
597
660
661
661
597
566
628
567
628
567
568
643
568
643
600
659
600
599
660
660
599
661
628
567
569
570
570
654
568
572
643
568
659
600
659
600
660
600
600
600
661
569
631
575
633
575
575
576
576
576
600
674
676
659
600
676
579
574
637
580
650
580
651
655
656
656
576
604
674
604
676
605
678
679
609
583
635
637
580
637
636
580
651
655
656
656
657
675
604
676
605
682
611
678
682
639
639
639
589
641
641
651
650
589
656
594
618
682
682
682
682
625
625
625
587
589
642
589
651
651
655
589
656
656
657
684
684
622
684
683
682
685
625
685
533
533
533
533
533
504
533
533
504
533
533
533
533
533
504
504
533
504
533
504
504
504
533
533
504
533
533
533
504
533
533
533
533
533
505
533
505
533
533
533
533
505
533
533
533
505
533
533
506
506
533
533
533
533
533
533
533
510
533
507
533
533
508
508
533
533
533
508
533
533
533
533
509
533
533
533
533
511
533
533
534
537
534
533
536
534
512
536
512
512
533
533
533
512
536
533
537
537
537
537
537
527
536
539
539
540
540
541
541
535
541
537
541
542
529
537
539
529
541
543
540
545
549
518
549
549
550
550
542
551
552
555
532
554
627
549
549
560
549
643
646
658
666
530
660
532
561
627
627
627
627
627
646
643
643
643
643
666
659
662
661
663
661
662
628
628
627
628
643
648
643
648
666
664
659
666
665
670
661
628
629
628
630
651
654
656
643
656
649
657
659
659
660
660
661
672
672
629
630
630
634
652
655
656
656
657
659
660
676
676
661
661
661
635
631
637
636
651
652
656
674
674
676
676
677
680
681
679
679
637
640
637
641
652
655
656
656
656
682
676
676
686
686
640
642
655
656
656
682
686
686
686
682
686
682
686
682
639
642
652
655
656
657
688
683
686
688
688
686
533
533
690
533
533
533
504
533
533
533
533
533
533
533
533
690
533
533
533
533
533
533
533
690
690
690
533
533
533
533
690
690
533
533
533
533
533
533
690
533
533
533
534
533
533
533
534
541
537
537
538
536
538
537
536
540
540
690
690
690
542
690
540
547
557
559
690
690
551
690
552
555
627
627
646
561
666
562
670
556
690
690
646
646
646
646
666
690
668
671
661
628
628
691
691
691
663
691
670
670
628
628
691
691
666
666
691
668
670
692
631
632
652
692
676
680
681
638
638
634
656
656
674
681
638
657
676
676
686
677
642
652
657
686
686
686
686
639
656
656
689
533
690
690
533
690
533
690
690
533
533
533
533
533
533
533
690
533
690
533
533
690
533
533
533
533
533
690
690
536
536
690
690
690
538
690
690
690
690
542
690
690
690
690
690
690
556
627
690
690
562
690
690
628
691
691
691
691
653
673
632
633
634
676
634
695
717
695
695
638
640
638
721
653
655
656
656
686
719
681
686
639
640
642
763
779
656
688
795
799
533
690
533
690
690
533
690
690
690
690
690
533
690
690
690
690
533
690
533
533
690
690
690
690
690
533
690
690
690
533
690
690
534
690
690
539
690
690
690
690
690
690
544
690
690
690
563
690
690
690
690
690
690
627
627
690
691
690
628
691
691
691
691
692
692
692
692
691
691
691
691
653
695
669
692
705
719
703
719
737
741
728
737
783
656
657
785
739
690
690
533
690
690
690
690
690
690
690
690
690
690
533
690
690
690
690
690
690
690
690
690
690
690
690
690
690
690
690
690
690
690
690
690
690
690
690
690
690
690
690
690
690
690
690
690
691
691
690
666
691
691
691
691
691
692
692
691
692
692
694
692
692
692
692
692
694
706
692
728
713
728
743
701
719
743
727
723
725
738
686
739
739
743
753
763
765
782
780
797
800
690
690
690
690
690
690
690
690
690
533
690
690
690
690
690
690
690
690
690
690
690
690
690
690
690
690
690
690
690
690
690
690
690
690
690
690
690
690
690
690
690
690
690
690
690
690
690
690
690
690
690
690
691
690
690
691
691
691
690
691
691
691
692
691
692
691
657
691
691
691
691
692
695
692
692
707
717
719
741
728
728
801
744
755
760
764
781
784
785
690
690
690
690
690
690
690
690
690
690
690
690
690
690
690
690
690
690
690
690
690
690
690
690
690
690
690
690
690
690
690
690
690
690
690
690
690
690
690
690
690
690
690
690
690
690
690
690
690
690
690
690
690
691
690
690
691
690
691
691
691
691
691
692
691
692
692
692
692
692
694
694
695
698
692
703
704
695
714
717
742
742
719
728
764
729
744
782
788
757
766
782
786
690
690
690
690
690
690
690
690
690
690
690
690
690
690
690
690
690
690
690
690
690
690
690
690
690
690
690
690
690
690
690
690
690
690
690
690
690
690
690
690
690
691
690
690
691
691
691
691
691
691
691
691
693
691
692
692
692
692
692
692
692
718
717
695
709
715
718
745
718
749
719
719
767
746
751
803
767
789
787
788
690
690
690
690
690
690
690
690
690
690
690
690
690
690
690
690
690
690
690
690
690
690
690
690
690
690
690
690
690
690
690
690
690
690
690
690
690
690
690
690
690
690
690
690
690
690
690
690
690
690
690
690
690
690
690
690
690
690
690
690
690
690
690
691
691
691
691
691
691
693
691
693
691
693
693
693
693
693
693
693
693
693
697
697
697
697
697
710
749
751
771
730
729
791
751
767
790
793
804
690
690
690
690
690
690
690
690
690
690
690
690
690
690
690
690
690
690
690
690
690
690
690
690
690
690
690
690
690
690
690
690
690
690
690
690
690
690
690
690
690
691
691
690
691
690
691
691
691
691
691
691
691
693
691
691
693
693
693
693
697
696
697
697
697
720
718
720
720
730
747
750
751
791
791
805
690
690
690
690
690
690
690
690
690
690
690
690
690
690
690
690
690
690
690
690
690
690
690
690
690
690
690
690
690
690
690
690
690
690
690
690
690
690
690
690
690
690
690
690
690
690
690
690
690
690
690
691
690
691
691
691
691
691
693
693
691
693
693
693
693
693
697
718
697
720
711
718
720
720
731
773
731
732
748
750
752
752
775
777
791
791
807
812
690
812
812
690
690
812
690
812
690
812
690
690
812
812
812
690
690
690
690
812
690
690
690
690
690
812
690
690
690
812
815
690
690
690
872
690
690
872
690
876
876
876
872
690
876
690
691
691
872
691
691
878
690
691
874
691
691
691
878
874
691
693
889
889
892
693
888
888
892
693
733
735
752
720
889
892
889
794
892
809
812
812
811
811
811
812
812
812
812
812
812
812
812
812
812
812
812
812
812
812
812
812
812
812
819
815
828
813
816
827
828
834
834
873
873
876
873
873
872
876
874
874
878
878
878
878
874
874
878
878
888
874
892
892
896
889
889
889
889
892
892
892
899
888
889
892
888
888
889
892
892
892
811
811
811
811
812
812
812
812
812
812
812
812
812
812
812
812
812
812
812
812
812
812
812
812
812
812
812
814
823
817
812
828
877
829
834
837
873
873
877
877
873
873
877
873
874
878
875
878
878
874
878
878
888
889
890
890
892
889
893
897
898
891
889
893
893
895
900
891
893
892
899
889
889
892
889
895
899
811
811
812
811
812
811
812
812
812
812
812
812
812
812
812
812
812
812
812
812
812
812
812
812
812
812
821
818
812
829
825
830
873
873
880
877
881
880
873
881
875
875
885
885
879
879
875
875
875
890
893
879
879
890
893
893
894
891
891
891
891
891
893
893
900
891
891
891
893
811
812
812
811
811
812
812
812
812
812
812
812
812
812
812
812
812
812
812
812
812
812
812
812
812
812
812
812
812
812
812
812
812
839
830
882
880
880
831
882
882
880
882
881
883
884
885
882
883
884
885
885
887
885
887
887
887
885
901
890
902
891
891
893
893
893
901
891
891
893
895
903
891
891
891
893
902
891
841
841
850
850
859
850
841
850
850
812
850
812
841
812
812
812
860
851
851
860
860
883
882
883
883
904
886
886
904
887
887
890
908
908
887
915
922
915
893
893
915
894
903
891
909
893
893
923
891
893
891
891
915
915
909
891
891
915
895
841
849
849
857
850
850
850
861
850
859
860
850
850
850
850
860
850
860
863
841
850
850
842
851
851
851
851
850
860
863
843
844
913
904
914
922
904
914
914
904
915
915
904
909
923
909
909
909
915
915
915
909
909
909
915
909
909
849
861
850
850
850
862
850
850
841
850
850
863
841
841
850
850
850
850
863
842
850
863
852
852
864
905
905
912
924
904
913
924
920
905
905
905
905
905
915
914
915
905
925
908
909
905
926
922
909
915
915
909
909
909
909
909
915
915
923
915
923
909
915
923
849
865
845
850
865
865
845
850
856
865
850
850
850
864
865
856
846
850
850
865
865
846
850
868
852
856
869
928
906
916
914
914
924
932
905
906
906
915
932
916
909
909
915
910
915
915
932
909
915
916
909
909
915
916
933
909
933
933
845
865
856
856
865
856
856
856
865
846
856
856
856
865
846
856
856
865
846
856
856
856
916
916
907
907
906
916
916
929
907
907
916
916
916
906
906
916
910
910
910
916
910
916
910
916
934
910
910
910
918
917
919
855
853
855
853
865
865
856
847
856
865
847
856
856
856
865
856
865
865
856
856
870
847
856
907
871
907
916
916
907
907
916
930
907
916
916
916
907
916
911
916
934
934
916
910
910
910
911
916
935
910
910
910
911
917
917
854
865
856
865
865
847
847
856
856
856
856
856
865
865
856
856
856
907
935
907
907
935
911
911
916
916
