937
62
4
6
31
31
62
66
66
93
31
31
69
100
92
101
96
104
105
8
10
12
75
76
100
101
356
39
39
372
71
380
384
384
240
358
358
372
380
380
384
384
384
420
357
358
372
388
380
390
384
392
388
388
388
388
388
388
388
388
390
392
392
420
404
388
405
405
408
388
410
411
420
404
412
405
412
405
412
410
411
411
414
411
421
294
412
412
412
412
414
414
416
416
412
416
416
416
414
424
418
418
418
416
418
418
419
419
418
419
419
419
418
419
419
445
419
419
419
419
419
419
419
419
419
419
419
447
419
419
419
419
419
419
419
419
419
419
419
419
328
419
419
419
419
419
419
419
419
419
419
419
419
419
419
419
419
419
330
419
419
419
419
419
419
419
419
419
419
419
419
419
419
419
419
419
419
419
8
8
0
1
8
2
5
6
7
7
31
31
31
63
61
63
62
63
62
64
94
94
64
94
95
93
96
8
8
8
9
10
31
14
31
65
69
66
73
68
75
66
66
102
94
104
95
97
8
8
8
8
11
37
31
34
40
69
69
70
72
74
69
73
75
76
101
102
101
105
106
105
356
244
356
356
13
43
39
372
71
373
72
380
380
76
384
103
384
384
420
244
356
357
356
356
356
359
358
358
372
372
372
372
373
384
384
384
384
384
427
242
388
358
358
388
359
388
372
372
388
373
373
380
388
380
384
384
392
384
384
427
420
427
244
388
388
388
388
388
388
388
388
388
388
388
388
390
390
390
390
390
393
392
393
431
247
404
404
405
388
405
405
408
410
410
410
410
410
411
390
411
411
411
411
411
294
296
404
412
404
405
405
412
405
408
410
412
410
412
410
414
411
411
411
411
414
411
411
414
431
295
412
412
412
412
412
412
412
412
412
414
414
414
414
414
414
414
414
414
422
414
412
324
412
416
416
412
416
412
412
416
416
416
416
416
416
414
416
416
414
414
414
414
417
414
417
414
417
432
324
418
418
418
416
416
418
418
418
418
418
418
418
418
418
418
418
418
418
418
446
445
324
418
419
418
418
419
418
418
419
419
419
419
419
419
418
418
419
419
418
445
325
419
419
419
419
419
419
419
419
419
419
419
419
419
419
419
419
419
447
419
326
419
419
419
419
419
419
419
419
419
419
419
419
419
419
419
419
329
419
419
419
419
419
419
419
419
419
419
419
419
419
419
419
419
419
419
419
419
448
460
419
419
419
419
419
419
419
419
419
419
419
419
419
419
419
419
419
419
419
460
460
330
419
419
419
419
419
419
419
419
419
419
419
419
419
419
419
419
419
419
419
461
331
419
419
419
419
419
419
419
419
419
419
419
419
419
419
419
419
419
419
462
463
419
419
16
94
16
16
16
16
16
31
31
31
77
77
68
78
78
63
67
85
85
94
94
95
98
99
17
18
18
16
8
15
19
31
17
31
31
31
47
31
77
68
78
82
82
85
108
110
117
106
121
121
18
20
20
20
19
41
44
31
53
70
78
78
77
78
74
82
75
88
85
102
110
106
107
107
356
20
360
20
360
9
362
374
72
374
373
82
380
76
384
384
117
384
107
121
244
361
356
356
361
356
362
362
359
362
374
374
374
375
381
380
384
384
384
384
384
428
244
357
388
362
362
359
389
388
374
389
388
390
390
394
394
428
250
389
388
389
388
389
389
388
390
390
391
390
391
393
394
388
301
404
388
404
405
389
405
405
405
405
410
410
410
410
411
411
411
411
411
411
411
411
394
411
298
412
404
405
405
412
405
412
408
410
412
410
410
412
410
410
410
414
411
411
414
411
414
412
412
412
412
412
412
412
412
414
414
414
414
414
414
414
431
305
412
416
416
412
416
416
412
412
416
416
416
414
417
414
414
417
414
414
417
417
324
324
418
418
418
416
418
418
418
418
418
418
418
417
418
418
418
418
449
446
418
333
418
419
419
418
419
418
418
419
419
419
419
418
419
419
418
419
419
419
418
419
333
419
419
419
419
419
419
419
419
419
419
419
419
419
419
450
419
419
419
419
419
419
419
419
419
419
419
419
419
419
419
419
447
419
336
336
419
419
419
419
419
419
419
419
419
419
419
419
419
419
419
419
419
419
419
464
338
419
419
419
419
419
419
419
419
419
419
419
419
419
419
419
419
419
419
460
464
419
419
419
419
419
419
419
419
419
419
419
419
419
419
419
419
461
419
331
338
419
419
419
419
419
419
419
419
419
419
419
419
419
419
419
419
419
419
419
419
419
419
419
419
419
466
419
419
419
23
23
16
23
16
23
16
16
16
23
49
45
49
54
78
79
78
83
81
82
85
108
109
116
118
118
120
116
122
120
24
23
23
24
49
46
50
55
77
78
79
78
83
82
85
114
118
121
25
29
19
25
26
30
26
47
51
47
79
78
78
84
82
83
112
110
114
117
118
121
121
27
29
360
360
360
362
30
363
362
374
374
79
374
381
82
385
90
385
118
118
121
429
257
360
360
362
362
362
374
374
374
381
381
385
385
385
385
385
429
258
361
361
361
362
362
389
374
374
389
381
381
381
391
391
385
391
385
385
395
430
261
263
389
389
389
389
389
389
389
389
389
389
389
389
389
391
394
395
395
395
303
404
404
404
405
406
406
408
410
410
410
410
410
410
411
411
411
411
411
411
411
431
306
412
404
412
406
405
406
405
405
412
408
412
412
410
410
414
411
411
414
414
433
412
307
412
412
412
412
412
412
412
412
414
414
415
414
414
414
414
415
415
433
415
334
416
416
412
416
416
412
416
416
412
414
416
414
417
417
417
417
417
417
414
432
332
418
418
418
418
418
418
416
418
416
418
418
418
417
418
417
418
418
417
418
449
419
333
418
419
418
419
419
419
418
419
418
419
419
418
419
419
419
419
418
419
450
335
419
419
419
419
419
419
419
419
419
419
419
419
419
419
419
451
333
337
419
419
419
419
419
419
419
419
419
419
419
419
419
419
419
419
419
419
451
336
419
419
419
419
419
419
419
419
419
419
419
419
419
419
419
419
419
465
419
419
419
419
419
419
419
419
419
419
419
419
419
419
419
419
419
339
419
419
419
419
419
419
419
419
419
419
419
419
419
419
419
419
419
419
466
338
419
419
419
419
419
419
419
419
419
419
419
419
419
419
419
419
419
419
419
419
419
466
466
419
419
124
23
124
23
140
23
177
179
179
185
79
79
216
216
216
220
83
220
226
115
224
119
228
123
122
132
124
23
142
136
192
50
196
57
209
79
209
216
216
220
220
83
220
85
227
229
229
229
133
138
138
192
192
52
193
193
59
197
216
216
220
84
221
220
227
227
227
227
229
123
229
253
364
138
138
363
192
363
376
217
382
221
382
386
386
387
229
435
259
361
368
361
360
370
371
363
363
371
374
371
377
377
374
382
381
382
382
385
386
386
385
386
387
435
435
361
260
361
396
368
396
397
363
371
400
374
377
374
377
389
402
382
402
385
402
385
385
395
430
387
262
396
396
389
396
397
397
400
402
389
402
402
402
402
391
402
402
391
402
402
402
435
264
406
406
397
406
406
408
410
411
411
411
411
395
434
309
406
413
406
406
413
406
408
410
410
410
413
410
415
411
411
411
411
411
411
435
413
310
413
412
413
413
413
412
413
412
413
415
415
415
415
415
415
415
415
415
415
415
435
334
413
416
416
412
416
416
413
416
412
413
416
415
416
417
417
415
417
415
415
415
439
335
418
418
418
418
418
418
418
418
416
418
416
418
418
418
417
417
418
417
418
453
418
419
418
419
418
418
418
419
418
419
419
418
418
418
419
418
419
418
419
418
419
455
418
335
419
419
419
419
419
419
419
419
419
419
419
419
419
419
419
419
419
419
419
419
419
452
419
419
419
419
419
419
419
419
419
419
419
419
419
419
419
419
452
456
337
419
419
419
419
419
419
419
419
419
419
419
419
419
419
419
419
419
419
419
419
468
468
337
419
419
419
419
419
419
419
419
419
419
419
419
419
419
419
419
419
419
419
467
468
339
419
419
419
419
419
419
419
419
419
419
419
419
419
419
419
419
419
419
469
339
419
419
419
419
419
419
419
419
419
419
419
419
419
419
419
419
419
419
472
419
128
228
125
124
126
177
177
180
185
185
188
185
185
208
210
216
216
218
220
220
224
224
225
228
225
229
229
228
228
132
125
125
136
194
193
195
193
195
218
216
222
220
222
220
227
226
227
229
229
229
133
133
139
144
194
192
193
194
193
195
196
209
216
222
221
227
227
227
227
229
229
133
365
139
368
368
370
147
370
194
371
371
371
197
377
377
217
376
383
227
386
386
386
386
387
268
265
364
368
370
371
371
377
377
377
383
386
383
386
386
386
387
435
435
398
399
370
399
399
371
377
403
377
377
403
383
382
383
386
386
403
386
386
403
279
283
399
399
400
400
403
403
403
403
403
403
403
403
403
403
403
403
403
402
435
281
406
396
406
397
406
399
409
410
410
410
410
410
410
411
411
411
411
411
411
411
435
435
311
315
406
413
413
413
409
413
410
410
411
411
411
415
411
411
411
411
435
413
413
413
413
413
413
413
413
413
413
415
415
415
415
415
415
415
435
416
413
416
413
413
416
413
416
413
413
416
415
417
417
417
417
417
415
417
415
415
435
340
418
416
418
418
416
418
416
418
416
418
418
418
416
418
418
418
418
418
418
417
453
340
419
418
418
419
419
419
419
419
419
419
419
418
419
418
419
454
455
456
419
419
419
419
419
419
419
419
419
419
419
419
419
419
419
419
419
456
344
419
419
419
419
419
419
419
419
419
419
419
419
419
419
419
419
419
419
456
344
348
419
419
419
419
419
419
419
419
419
419
419
419
419
419
419
419
419
419
419
419
470
419
348
419
419
419
419
419
419
419
419
419
419
419
419
419
419
419
419
419
470
419
353
419
419
419
419
419
419
419
419
419
419
419
419
419
419
419
419
419
469
352
419
419
419
419
419
419
419
419
419
419
419
419
419
419
419
419
419
419
419
419
419
419
419
419
472
471
125
153
127
162
129
130
161
182
181
183
190
190
189
213
218
218
222
223
222
232
232
232
232
232
230
234
234
135
134
137
137
194
194
202
202
202
202
202
211
218
218
222
232
232
232
232
232
232
235
135
139
139
169
204
204
200
198
206
215
218
219
218
222
222
232
232
232
232
232
235
235
272
366
368
150
370
371
206
371
214
219
378
378
219
383
383
386
223
386
236
237
387
232
435
365
368
367
368
369
370
371
371
371
371
371
378
378
379
379
383
383
386
386
386
387
387
387
435
270
368
398
368
370
399
371
401
371
379
403
403
403
403
383
383
403
386
386
386
387
435
435
398
398
399
399
399
399
400
401
400
403
403
403
403
403
403
403
403
403
403
435
285
313
407
407
399
399
407
409
403
403
410
410
410
411
411
411
411
411
411
411
435
407
413
407
407
413
407
413
409
413
413
410
413
413
410
415
415
411
415
411
411
411
316
413
413
413
413
413
413
413
413
413
413
415
415
415
415
415
415
415
415
415
435
342
416
416
416
416
416
413
416
416
416
413
416
417
417
417
435
341
416
343
418
416
418
416
418
418
416
416
418
418
418
417
418
417
418
418
418
418
417
418
457
457
419
419
419
419
419
419
418
418
419
418
419
419
418
419
419
457
345
419
419
419
419
419
419
419
419
419
419
419
419
419
419
419
419
457
345
419
419
419
419
419
419
419
419
419
419
419
419
419
419
457
349
419
419
419
419
419
419
419
419
419
419
419
419
419
419
419
419
419
419
419
419
419
419
470
350
419
419
419
419
419
419
419
419
419
419
419
419
419
419
419
419
419
419
419
419
419
419
353
419
419
419
419
419
419
419
419
419
419
419
419
419
419
419
419
419
419
419
470
471
354
419
419
419
419
419
419
419
419
419
419
419
419
419
419
419
419
419
419
419
471
473
419
419
165
212
167
163
162
182
561
183
184
190
190
191
218
218
218
223
223
232
232
232
232
232
232
234
234
157
162
488
164
174
201
202
202
202
203
213
218
223
223
232
223
232
232
232
563
566
235
234
173
171
174
490
174
175
204
207
207
215
219
218
223
223
223
232
232
232
232
232
232
235
569
687
369
369
204
370
204
371
378
378
746
561
383
238
239
387
274
366
369
371
371
371
371
371
379
379
378
379
383
383
386
746
386
387
387
748
435
748
287
276
367
369
369
370
371
371
401
401
379
735
403
403
746
403
383
403
386
403
748
387
387
435
398
289
718
399
399
399
401
403
403
403
403
403
403
816
403
435
407
291
407
407
407
399
407
407
410
410
410
403
410
816
411
411
816
411
816
816
816
435
317
319
827
407
413
407
407
409
413
410
410
411
828
829
415
411
411
833
413
321
827
413
413
827
827
413
413
828
413
413
413
828
413
413
415
415
415
415
829
415
830
835
835
435
342
413
416
827
416
413
827
416
416
416
827
416
416
828
415
416
828
415
417
417
417
417
830
835
442
417
343
827
418
418
418
827
418
828
418
416
828
417
418
830
418
346
841
419
418
418
419
418
418
418
841
418
418
841
841
418
418
843
419
419
845
418
419
457
419
419
419
419
841
419
419
419
419
419
419
419
841
419
419
845
419
419
457
849
457
346
419
419
419
861
419
841
419
862
841
419
419
419
419
419
419
419
419
419
419
863
457
347
419
419
419
419
419
862
419
419
419
419
862
419
419
862
863
419
863
419
419
419
863
419
350
419
419
419
419
419
419
865
865
419
419
419
419
419
863
419
470
351
865
419
419
419
419
865
419
419
419
419
419
419
867
419
419
471
354
866
419
419
419
419
419
419
419
419
419
866
419
419
419
419
419
419
867
419
419
419
474
355
419
475
561
561
476
476
492
496
546
561
561
561
561
561
561
561
561
561
561
561
561
561
562
563
566
566
566
566
480
476
494
496
561
561
561
561
561
561
561
561
561
561
561
561
561
562
565
566
484
482
496
530
561
561
561
561
561
561
561
561
561
561
561
562
561
562
563
563
566
566
695
486
719
719
561
561
736
561
735
742
742
561
561
746
746
561
561
748
748
563
748
748
748
566
748
691
689
719
719
719
734
734
734
735
735
735
742
742
746
746
746
748
748
748
696
693
697
719
718
722
734
737
735
742
743
742
746
746
746
748
746
748
748
748
748
748
748
748
748
809
811
812
813
814
815
815
815
816
816
743
816
816
746
816
816
816
816
816
816
816
809
810
812
811
813
814
815
815
816
816
816
816
816
816
816
816
816
827
812
827
827
827
827
827
828
828
828
828
828
828
828
828
830
830
833
827
827
827
827
827
827
827
828
828
828
828
828
828
828
828
829
830
830
830
830
835
827
827
827
827
827
828
828
828
828
828
828
828
829
829
830
830
835
835
827
827
827
827
827
827
827
828
828
828
828
828
828
828
828
828
829
830
830
830
835
849
835
841
841
841
841
841
841
841
841
841
841
841
841
841
841
841
843
846
845
849
849
841
841
841
841
841
841
841
841
841
841
841
841
843
843
843
846
850
849
850
852
841
841
857
858
858
861
861
861
861
862
862
841
862
862
862
863
863
863
863
863
845
846
863
863
863
863
857
858
858
861
861
862
862
862
862
863
863
863
863
863
863
863
865
865
858
865
865
861
865
865
865
862
865
862
862
865
865
863
863
867
863
867
863
865
865
865
865
865
865
865
866
865
865
865
865
865
865
865
865
865
865
865
865
867
867
867
867
866
866
866
866
866
866
866
866
866
866
866
866
866
866
866
866
866
866
866
866
866
867
867
868
867
868
867
868
867
868
868
561
563
500
500
515
534
522
561
561
561
561
561
561
561
561
561
561
561
561
561
561
562
562
563
567
567
567
569
496
522
523
548
561
561
561
561
561
561
561
561
561
561
561
561
561
562
564
567
566
571
502
502
526
496
538
550
561
561
561
561
561
561
561
561
561
561
561
561
562
563
569
568
504
699
502
526
527
720
552
561
736
742
561
747
746
561
562
748
749
564
568
699
704
699
702
719
719
727
719
719
730
736
736
736
742
742
746
747
747
746
747
749
749
748
748
748
705
706
719
727
719
721
737
737
737
737
737
744
742
743
742
746
748
749
748
749
749
749
748
708
812
817
724
817
817
737
816
821
821
816
816
816
821
823
816
824
824
748
824
816
824
824
817
817
812
817
815
817
817
816
821
823
816
823
823
816
816
824
824
824
816
824
824
827
827
827
827
827
827
828
828
828
821
828
828
828
828
828
828
831
829
824
831
830
834
835
834
827
827
827
827
827
827
828
828
828
828
828
830
832
836
832
836
825
827
827
827
827
827
827
827
827
828
828
828
828
828
828
828
828
832
832
830
836
836
835
827
827
827
827
827
827
827
827
841
827
828
828
828
828
828
828
844
832
832
832
836
836
836
841
841
841
841
841
841
841
841
841
841
841
841
841
841
844
841
843
847
846
846
851
852
851
841
841
841
841
841
841
841
841
841
841
841
841
841
841
841
841
841
841
844
846
848
852
857
841
858
861
841
861
862
861
862
841
841
862
841
864
841
864
863
844
864
864
852
863
864
864
858
858
858
860
861
861
861
862
862
862
862
862
862
862
862
864
864
863
864
863
864
863
857
869
858
869
858
869
869
861
869
862
869
862
869
869
870
862
870
871
871
871
871
864
864
872
869
869
869
869
869
869
869
869
869
869
869
869
865
870
870
870
871
871
871
868
871
869
869
869
869
869
869
869
869
866
869
869
870
870
870
870
868
871
871
871
871
871
872
869
509
501
517
509
524
524
561
561
561
561
561
561
561
561
561
561
562
564
567
567
502
503
554
561
561
561
561
561
561
561
561
561
561
561
564
567
567
573
568
502
528
528
542
561
561
561
561
561
561
561
561
561
561
561
562
564
568
568
575
502
726
726
740
741
744
745
561
747
747
747
749
749
564
749
749
749
710
714
711
729
732
740
741
740
741
744
747
747
747
747
747
749
749
749
749
749
749
749
712
716
727
731
738
740
741
744
745
744
745
747
747
747
747
749
749
749
817
819
819
818
817
819
817
818
817
822
822
821
821
822
747
823
823
747
823
824
824
824
749
824
824
818
820
817
818
820
821
821
822
822
823
824
824
824
824
824
824
824
824
824
827
827
827
820
827
827
827
827
827
828
828
828
828
831
831
837
837
827
827
827
827
827
827
827
827
827
828
828
828
828
828
828
831
831
838
837
838
838
827
827
827
827
827
827
827
828
828
828
828
828
828
828
832
832
832
839
827
827
841
827
827
827
827
828
828
828
828
828
828
828
828
832
832
832
839
839
840
841
841
841
841
841
841
841
841
841
841
841
841
841
844
847
847
848
853
853
841
841
841
841
841
841
841
841
841
841
844
848
853
854
855
859
859
841
861
862
841
862
862
864
864
864
864
848
844
864
864
855
864
855
859
860
861
861
862
862
862
862
862
864
864
864
864
864
864
864
864
860
869
860
860
869
869
862
862
869
869
862
862
862
870
870
864
870
864
871
864
871
871
872
869
869
869
869
869
869
869
869
869
869
869
869
870
870
870
870
870
871
871
871
871
871
871
871
871
872
869
869
869
869
869
869
869
869
869
869
869
870
870
870
870
871
871
871
871
871
871
869
579
579
507
584
519
577
561
590
561
577
580
561
561
578
561
561
591
592
561
595
562
599
574
567
599
510
587
525
556
561
561
561
561
561
590
590
561
561
561
562
597
564
567
511
584
512
513
558
590
561
561
561
561
590
590
561
561
561
561
598
564
568
599
576
599
752
750
584
728
529
758
758
561
758
590
561
741
770
561
744
561
772
747
774
749
774
561
776
749
749
568
599
750
752
758
758
766
744
745
745
772
772
772
774
749
776
749
778
749
779
751
753
759
729
733
740
741
768
741
772
747
745
772
772
747
749
749
777
779
778
779
873
873
875
875
760
875
761
877
877
772
879
879
879
880
879
880
824
891
892
892
905
905
905
873
905
905
822
907
907
913
877
913
913
913
913
913
824
913
889
913
913
913
915
827
921
827
827
907
923
907
828
913
913
828
924
828
924
831
913
831
924
921
921
923
923
923
828
923
923
923
923
828
923
923
924
923
924
924
924
924
832
924
924
924
837
921
827
923
923
828
923
924
924
924
924
832
924
924
840
924
921
921
921
921
923
923
923
923
923
828
827
923
923
923
828
923
924
844
924
924
924
924
924
921
921
921
921
923
923
841
923
923
923
923
923
923
924
924
924
924
924
924
924
924
924
921
925
925
927
841
928
928
928
928
923
928
928
841
928
928
928
928
854
925
925
927
927
927
927
928
862
928
928
928
862
928
862
928
928
928
928
928
928
928
926
926
926
927
927
927
928
928
928
928
928
928
928
928
928
928
928
928
928
928
928
928
928
926
926
927
869
869
928
928
862
928
928
870
928
928
928
928
864
928
928
928
869
869
927
927
927
927
869
927
927
928
928
928
928
928
870
928
928
871
928
928
871
928
928
928
928
926
927
926
869
869
927
928
928
928
928
928
928
928
928
928
928
928
928
928
928
927
603
579
580
611
587
612
580
613
590
615
590
580
581
592
618
591
595
596
618
599
619
584
584
587
611
587
589
590
612
590
590
590
592
592
593
597
618
620
599
599
646
603
607
588
588
588
590
590
590
590
615
593
594
620
598
598
599
622
755
752
762
762
767
771
614
770
590
773
772
773
776
598
780
780
752
756
753
756
758
758
768
762
766
771
773
772
773
772
775
775
774
776
777
780
779
780
754
764
759
773
773
773
773
775
777
775
779
781
780
781
873
881
873
876
764
876
877
878
878
880
883
880
880
897
891
892
893
905
906
876
907
883
878
913
917
917
880
917
913
918
918
918
913
918
918
892
918
905
905
923
907
907
907
913
917
913
924
924
918
924
918
913
924
921
921
921
923
923
923
923
923
923
923
923
923
923
924
924
924
924
924
924
924
921
921
921
923
923
923
923
923
923
923
923
923
923
924
924
924
924
924
924
921
921
921
921
923
923
923
923
923
923
924
924
924
924
924
924
921
923
921
923
923
923
923
923
923
923
923
923
924
924
924
924
924
924
924
924
924
924
921
925
921
927
927
928
928
928
928
928
928
928
928
924
928
928
928
928
925
927
927
927
928
928
928
928
928
928
928
928
928
928
928
928
928
928
928
926
926
927
927
927
928
928
928
928
928
928
928
928
928
928
928
928
928
928
928
926
927
927
928
927
928
928
928
928
928
928
928
928
928
928
928
928
926
926
927
928
928
928
928
928
928
928
928
928
927
927
927
927
928
928
928
928
928
928
928
928
928
928
928
928
928
928
928
928
928
928
928
655
671
672
633
675
633
635
676
637
679
603
644
626
646
628
645
630
621
621
676
634
676
642
676
659
648
613
613
646
650
623
624
676
646
680
755
649
675
651
773
774
780
757
762
762
784
767
767
773
775
777
780
881
790
764
765
790
769
771
790
773
775
781
781
881
883
883
883
773
883
883
895
898
897
881
909
906
908
911
917
919
897
918
921
906
921
908
923
911
923
917
924
917
918
918
919
924
918
918
923
923
929
929
923
929
924
929
924
924
924
922
922
929
923
929
923
929
923
929
923
924
929
929
924
924
924
924
922
922
929
923
923
923
929
923
929
924
929
924
924
929
924
924
929
922
922
922
923
923
929
928
923
923
929
924
929
929
929
929
929
927
927
928
928
924
928
929
929
930
925
927
928
928
928
928
928
928
928
928
928
928
926
929
927
928
928
928
928
929
928
929
928
928
926
927
927
927
928
928
928
928
929
928
928
928
928
928
926
926
927
934
928
928
928
928
929
928
928
928
928
926
926
927
928
934
928
928
928
928
934
928
928
928
672
615
675
676
676
657
675
660
675
675
676
676
784
672
785
652
789
652
784
773
787
777
790
790
793
793
883
796
882
911
919
919
911
908
929
929
929
923
929
929
929
929
929
929
929
929
929
929
929
929
929
929
929
924
929
929
928
929
929
929
927
929
929
929
929
929
929
929
929
929
928
929
934
929
929
934
934
934
934
927
613
663
665
640
675
676
675
677
661
782
790
785
786
788
765
773
882
790
793
884
919
919
930
922
929
929
929
929
929
930
929
931
930
927
929
929
929
929
928
927
929
933
934
929
933
934
934
664
676
671
672
647
676
652
676
662
672
672
785
675
784
787
790
899
912
911
884
884
883
919
919
929
929
929
929
931
929
929
924
929
929
929
931
929
929
929
929
931
929
928
927
929
929
929
929
929
929
933
934
928
931
933
933
934
672
675
675
676
666
677
790
784
790
795
796
882
884
884
912
919
920
919
909
911
919
929
931
929
929
929
929
929
930
929
929
929
929
929
929
931
931
931
934
673
676
677
677
677
797
677
801
681
797
789
790
797
803
884
901
912
912
901
929
931
931
929
931
931
931
931
931
931
931
931
931
931
931
929
931
931
931
931
929
931
931
929
931
931
934
935
934
677
677
667
677
677
677
677
673
677
797
673
677
803
797
802
803
804
804
797
885
885
931
931
931
931
931
931
931
931
931
931
931
931
931
931
935
931
931
931
935
935
678
668
678
678
678
682
797
804
797
797
886
902
910
912
920
920
920
932
932
932
932
932
932
932
932
932
932
932
932
932
931
932
932
932
932
932
932
932
932
932
935
935
669
678
678
673
678
797
797
797
806
887
886
887
912
887
932
932
932
932
932
932
932
932
932
932
932
932
932
932
932
932
935
932
936
935
936
935
673
673
678
683
678
678
670
805
797
797
806
806
888
903
932
920
932
932
932
932
932
932
932
932
932
932
932
932
932
932
932
932
932
932
932
932
932
936
936
936
936
674
674
678
678
678
684
674
685
797
797
678
797
797
807
808
797
807
808
887
912
912
920
912
920
932
932
932
932
932
932
932
932
932
932
932
936
936
797
797
904
932
936
